                                 _____________________________

                                        SaTScan v9.4.2
                                 _____________________________


Program run on: Tue Jun 14 15:52:06 2016

Retrospective Space-Time analysis
scanning for clusters with low rates
using the Space-Time Permutation model.
_______________________________________________________________________________________________

SUMMARY OF DATA

Study period.......................: 2011/10/1 to 2011/10/31
Number of locations................: 3874
Total number of cases..............: 19534084
_______________________________________________________________________________________________

CLUSTERS DETECTED

1.Location IDs included.: 3464, 1988, 2618, 2616, 2620, 2613, 2621, 487, 431, 2612, 2688, 2323,
                          1184, 1188, 1185, 3463, 3173, 2081, 2094, 1392, 2746, 1486, 1169,
                          1353, 3465, 1327, 1989, 1174, 3744, 3249, 1179, 654, 3254, 966, 3074,
                          2055, 2611, 3190, 1333, 430, 1199, 432, 2744, 1173, 3347, 1786, 357,
                          3476, 2082, 2624, 1391, 427, 2095, 3296, 2747, 3831, 2745, 3720,
                          1190, 1314, 1393, 2625, 637, 1166, 3191, 3189, 1207, 1780, 3375,
                          1075, 1164, 689, 2609, 1073, 3452, 2092, 1959, 2042, 3033, 1168,
                          3032, 3758, 3198, 1193, 3352, 292, 136, 2963, 3467, 3760, 2964, 1515,
                          1990, 688, 2970, 2834, 2627, 1679, 1204, 433, 1559, 2959, 3187, 3199,
                          2973, 489, 1158, 769, 3197, 2749, 2958, 3533, 1560, 2607, 2654, 3434,
                          1081, 3192, 1394, 3439, 1080, 2981, 1203, 2957, 1973, 2606, 2402,
                          2655, 2985, 2096, 2653, 2039, 1205, 814, 690, 3530, 2605, 1981, 422,
                          3519, 1554, 2038, 3200, 2954, 3572, 671, 423, 3355, 3868, 1116, 2986,
                          3763, 421, 1117, 1214, 3354, 2657, 299, 2604, 1274, 1145, 1114, 719,
                          3468, 2883, 3250, 974, 2882, 2885, 1991, 3677, 3723, 1115, 2887,
                          2880, 181, 434, 2879, 2405, 133, 2889, 2784, 3674, 3678, 2950, 648,
                          1794, 1146, 490, 2537, 2751, 3100, 2772, 2877, 3673, 3872, 1113,
                          3211, 3193, 466, 2876, 424, 2947, 1209, 1212, 2536, 1112, 3679, 2875,
                          2773, 2603, 3670, 1111, 3034, 742, 2874, 2501, 2538, 1985, 2943, 998,
                          691, 3680, 1211, 2872, 729, 888, 3353, 1110, 2602, 3201, 2870, 2630,
                          1147, 701, 882, 720, 3205, 3669, 614, 2067, 3681, 2869, 2779, 2601,
                          855, 3764, 2774, 2939, 546, 2658, 2867, 2777, 3597, 457, 3609, 1685,
                          2406, 547, 2864, 2988, 38, 3090, 2539, 3664, 1630, 2633, 545, 425,
                          37, 736, 3235, 1225, 2780, 1792, 2938, 539, 1109, 2446, 977, 1627,
                          39, 1379, 925, 732, 3662, 548, 1911, 3515, 1148, 2858, 926, 1108,
                          2598, 3722, 3356, 924, 2635, 3365, 1609, 2775, 2937, 2993, 1229, 450,
                          1107, 3661, 2597, 521, 2856
  Coordinates...........: (3.1624e+08,4.03512e+08)
  Semiminor axis........: 23804.36
  Semimajor axis........: 71413.09
  Angle (degrees).......: -60.00
  Shape.................: 3.00
  Time frame............: 2011/10/29 to 2011/10/30
  Number of cases.......: 175503
  Expected cases........: 243989.09
  Observed / expected...: 0.72
  Test statistic........: 9340.089569

2.Location IDs included.: 1265, 788, 1433, 1953, 289, 2881, 3269, 3267, 634, 3270, 665, 2640,
                          953, 3593, 2639, 601, 600, 636, 602, 1120, 666, 1447, 599, 712, 514,
                          1805, 76, 3265, 101, 417, 426, 518, 942, 596, 2686, 939, 2288, 62,
                          603, 2638, 1436, 54, 2690, 2289, 60, 3799, 2684, 3277, 3289, 3288,
                          57, 3287, 3801, 525, 595, 2637, 3085, 604, 2692, 64, 3272, 1809,
                          1808, 1807, 3286, 1810, 3273, 3290, 3783, 543, 2207, 2683, 801, 789,
                          1811, 2636, 3419, 219, 2695, 2475, 66, 594, 3420, 326, 1812, 2007,
                          98, 1431, 1382, 3784, 667, 3045, 1813, 960, 3047, 306, 384, 14, 3284,
                          216, 324, 3627, 672, 221, 2031, 605, 519, 3798, 5, 721, 236, 722,
                          799, 790, 2634, 2077, 3276, 923, 1707, 803, 67, 2291, 2006, 3306,
                          1399, 592, 948, 3780, 723, 1429, 3803, 1049, 75, 1711, 385, 2517,
                          3283, 77, 2803, 1814, 1704, 724, 964, 2807, 3274, 2523, 3741, 1710,
                          714, 3549, 3212, 798, 1668, 2764, 791, 1624, 727, 3044, 1377, 3422,
                          3305, 1449, 1450, 718, 558, 590, 585, 3499, 1714, 793, 559, 212,
                          1427, 59, 1482, 3112, 3049, 3282, 1815, 13, 764, 792, 794, 796, 2037,
                          797, 1709, 3742, 1542, 1448, 753, 949, 452, 3797, 1443, 3275, 3335,
                          994, 2766, 2519, 1715, 1023, 3304, 1816, 3651, 1558, 540, 3336, 3649,
                          2742, 3510, 2740, 3721, 657, 3332, 3652, 233, 2960, 2808, 589, 3128,
                          2743, 3337, 3647, 1906, 3654, 3350, 557, 3796, 1451, 1585, 275, 597,
                          2024, 640, 3743, 3655, 274, 668, 560, 716, 586, 2114, 2704, 3779,
                          870, 3127, 2040, 2767, 273, 276, 511, 157, 1905, 2023, 483, 1442,
                          1085, 175, 156, 3157, 2292, 3417, 158, 869, 159, 3328, 1022, 3805,
                          746, 748, 3281, 3509, 2116, 161, 3131, 809, 3042, 2022, 745, 155,
                          277, 3656, 976, 3302, 1406, 3156, 2917, 407, 1034, 342, 0, 3423,
                          3638, 1064, 749, 2278, 1548, 1065, 3745, 2021, 2494, 2770, 2496,
                          1058, 2017, 2117, 3266, 3327, 3052, 3268, 3111, 271, 154, 2493, 2498,
                          1397, 1670, 484, 1729, 3873, 2, 2800
  Coordinates...........: (3.16194e+08,4.03667e+08)
  Semiminor axis........: 24513.62
  Semimajor axis........: 49027.24
  Angle (degrees).......: -60.00
  Shape.................: 2.00
  Time frame............: 2011/10/3 to 2011/10/6
  Number of cases.......: 180679
  Expected cases........: 238461.65
  Observed / expected...: 0.76
  Test statistic........: 7290.830959

3.Location IDs included.: 1721, 2891, 2375, 3084, 2377, 248, 570, 1722, 569, 2809, 1927, 3094,
                          2978, 2374, 573, 1926, 2378, 2857, 3095, 308, 3093, 1716, 1928, 1723,
                          309, 1550, 1592, 2956, 114, 2373, 1648, 113, 115, 1924, 3096, 3091,
                          574, 3579, 2379, 2929, 112, 1713, 1930, 3576, 1092, 2936, 2372, 3263,
                          1567, 1923, 1463, 111, 1613, 3097, 3089, 2380, 2931, 1712, 1579,
                          1725, 3142, 1568, 2932, 2371, 3152, 583, 3002, 3098, 3087, 3137,
                          2381, 2892, 311, 584, 3608, 1570, 2915, 2370, 1512, 903, 1614, 3099,
                          3086, 2382, 2901, 1934, 904, 3342, 1325, 409, 1728, 929, 587, 110,
                          2945, 905, 2920, 2198, 813, 1616, 907, 3101, 1635, 2656, 438, 3790,
                          820, 2383, 827, 2961, 2280, 815, 2335, 3615, 3785, 439, 2904, 2556,
                          731, 2965, 1902, 1529, 2368, 1249, 1256, 1326, 1247, 1617, 3786,
                          3343, 3791, 1243, 2927, 3102, 411, 2558, 3083, 116, 3711, 440, 1254,
                          2384, 754, 2967, 2344, 3457, 3787, 2663, 3004, 1232, 3006, 2282,
                          1730, 2559, 771, 1032, 1252, 2429, 2902, 3792, 2219, 441, 2367, 817,
                          1540, 1620, 1236, 1921, 2547, 755, 2201, 1572, 627, 3082, 117, 3103,
                          2667, 1282
  Coordinates...........: (3.16244e+08,4.03389e+08)
  Semiminor axis........: 24320.98
  Semimajor axis........: 72962.94
  Angle (degrees).......: 40.00
  Shape.................: 3.00
  Time frame............: 2011/10/8 to 2011/10/9
  Number of cases.......: 48711
  Expected cases........: 60810.00
  Observed / expected...: 0.80
  Test statistic........: 1122.587952

4.Location IDs included.: 504, 2729, 2466, 3645, 3648, 934, 2731, 3486, 2730, 1006, 503, 3643,
                          3650, 2726, 1007, 2465, 2933, 2235, 2732, 2728, 456, 2934, 3733,
                          2453, 505, 2930, 1824, 1823, 2935, 1825, 1822, 3339, 41, 1827, 455,
                          2733, 42, 3730, 1828, 1821, 2928, 1359, 3653, 1829
  Coordinates...........: (3.16216e+08,4.03589e+08)
  Semiminor axis........: 10255.92
  Semimajor axis........: 20511.84
  Angle (degrees).......: -60.00
  Shape.................: 2.00
  Time frame............: 2011/10/24 to 2011/10/27
  Number of cases.......: 49989
  Expected cases........: 58580.95
  Observed / expected...: 0.85
  Test statistic........: 627.213225

5.Location IDs included.: 3773, 252, 2608, 1664, 253, 254, 3255, 1161, 1160, 3493, 249, 3494,
                          3825, 293, 255, 3495, 3496, 1162, 247, 3497, 3139, 3709, 3498, 1651,
                          3500, 256, 1163, 1547, 1165, 3490, 246, 879, 3708, 497, 2449, 1239,
                          3138, 1240, 1237, 15, 2066, 1241, 257, 3489, 1004, 864, 2898, 2628,
                          1292, 258, 625, 1644, 2063, 3812, 3663, 3849, 3488, 3772, 2675, 2062,
                          3503, 259, 245, 3810, 296, 1235, 1551, 3487, 2061, 260, 244, 2000,
                          880, 1242, 2300, 1293, 2651, 1234, 3814, 3504, 2086, 3329, 2060,
                          2676, 3481, 1505, 3485, 3480, 3331, 3482, 3704, 3808, 243, 3479,
                          1233, 3188, 1295, 3484, 1656, 3478, 1244, 1523, 3828, 3506, 3477,
                          2134, 1772, 911, 50, 2702, 261, 1980, 291, 3507, 3556, 1167, 3333,
                          1005, 2135, 1680, 242, 262, 3826, 1671, 3508, 1738, 2977, 1245, 498,
                          2673, 2398, 1756, 2136, 3453, 530, 1758, 532, 3292, 1755, 3058, 346,
                          1059, 1754, 1003, 529, 3829, 241, 534, 881, 1297, 263, 1562, 3319,
                          623, 3120, 1760, 3706, 1313, 1753, 535, 2137, 1761, 2886, 3121, 2753,
                          1684, 2709, 3320, 3511, 1281, 1762, 3224, 240, 65, 1752, 3552, 3824,
                          3113, 1312, 1246, 3322, 3732, 3119, 3767, 633, 282, 264, 536, 866,
                          2680, 2710, 1566, 808, 631, 1299, 3550, 69, 878, 2138, 265, 239,
                          1311, 1178, 1419, 2641, 1763, 2865, 1646, 1751, 1172, 537, 3056,
                          1978, 1795, 1213, 3604, 1248, 1300, 3636, 266, 984, 862, 238, 3703,
                          3512, 358, 1555, 1764, 2525, 3076, 806, 294, 2711, 619, 3726, 3513,
                          1310, 267, 3252, 1766, 237, 2615, 1191, 1657, 3234, 3768, 3053, 1659,
                          3514, 3446, 872, 1309, 3807, 1002, 268, 295, 3122, 871, 3713, 1660,
                          3516, 1767, 626, 2926, 867, 376, 538, 1257, 269, 235, 3517, 1768,
                          1194, 499, 1748, 3837, 3518, 1681, 1307, 2072, 1259, 3403, 675, 3402,
                          3404, 3149, 3401, 3520, 3405, 3400, 3248, 3454, 83, 234, 164, 1747,
                          3406, 2430, 2431, 2509, 2678, 2428, 3398, 3407, 2427, 2432, 1773,
                          2426, 3397, 2433, 1775, 3408, 1649, 1306, 3051, 1061, 2424, 1195,
                          3521, 231, 2434, 3396, 630, 1083, 2423, 137, 1745, 2863, 2435, 3345,
                          622, 288, 3349, 3671, 3625, 3395, 3409, 1360, 1945, 1744, 1121, 1776,
                          1864, 471, 2422, 283, 1586, 2436, 3522, 123, 1305, 3394, 3410, 3823,
                          1197, 74, 3123, 2583, 3348, 1373, 3646, 3449, 58, 2437, 650, 270,
                          3757, 3393, 3411, 134, 122, 2214, 661, 2438, 1490, 61, 1357, 1743,
                          1594, 3412, 3392, 1198, 629, 1260, 2419, 2724, 2668, 2439, 635, 12,
                          1676, 461, 3391, 3413, 1777, 2418, 31, 2440, 1663, 121, 131, 1588,
                          986, 1778, 1950, 660, 1335, 961, 3390, 1375
  Coordinates...........: (3.16314e+08,4.03303e+08)
  Semiminor axis........: 24719.02
  Semimajor axis........: 98876.07
  Angle (degrees).......: -75.00
  Shape.................: 4.00
  Time frame............: 2011/10/17 to 2011/10/21
  Number of cases.......: 25930
  Expected cases........: 29990.28
  Observed / expected...: 0.86
  Test statistic........: 230.875347

6.Location IDs included.: 3557, 3555, 3179, 3551, 1545, 2534, 124, 3606, 2361, 146, 2097, 2363,
                          147, 1501, 784, 178, 1402, 2483, 1014, 2098, 152, 3546, 3548, 3545,
                          1700, 3725, 3544, 943, 646, 3543, 332, 944, 1013, 1400, 946, 1942,
                          3542, 1797, 1619, 365, 3541, 3424, 2529, 2099, 2944, 3586, 1896,
                          1796, 1894, 932, 354, 3540, 2543, 2544, 2816, 1618, 845, 2983, 1658,
                          3134, 3130, 3539, 6, 320, 3580, 1084, 3455, 1949, 3610, 740, 1643,
                          1612, 1947, 854, 1948, 364, 2815, 1615, 995, 3578, 1788, 3538, 2472,
                          2476, 1954, 2469, 2479, 1418, 2467, 1793, 850, 2481, 2132, 3537,
                          3781, 3114, 2530, 1750, 2311, 632, 2131, 2195, 1791, 795, 3367, 2192,
                          2080, 763, 3577, 2485, 3564, 2128, 2463, 2545, 2076, 1790, 2309,
                          3536, 3575, 844, 2461, 3057, 1955, 3456, 366, 1105, 3, 2489, 2127,
                          2460, 3574, 1263, 2458, 3535, 2191, 2741, 2456, 2664, 1976, 2319,
                          526, 3241, 3728, 780, 3534, 1126, 1789, 1972, 958, 2100, 779, 1969,
                          2126, 2454, 1224, 2310, 1687, 2739, 2492, 1979, 1968, 1957, 1625,
                          3864, 1726, 1598, 889, 1966, 3129, 2420, 2763, 1035, 3736, 2199,
                          3846, 1860, 2056, 2719, 1964, 3532, 1759, 1983, 2524, 2190, 367, 993,
                          2526, 2522, 1217, 2202, 2452, 2125, 2587, 1068, 645, 778, 2527, 2101,
                          3531, 3619, 524, 1787, 2721, 2588, 528, 2665, 1961, 2200, 51, 2123,
                          3359, 2520, 2450
  Coordinates...........: (3.16387e+08,4.03131e+08)
  Semiminor axis........: 20509.32
  Semimajor axis........: 82037.28
  Angle (degrees).......: -45.00
  Shape.................: 4.00
  Time frame............: 2011/10/17 to 2011/10/21
  Number of cases.......: 3059
  Expected cases........: 3888.86
  Observed / expected...: 0.79
  Test statistic........: 76.505538

Note: As the number of Monte Carlo replications was set to zero, no hypothesis testing was done
and no p-values are reported.
_______________________________________________________________________________________________

PARAMETER SETTINGS

Input
-----
  Case File        : /home/ferdinand/Documents/NYU/satscan/xp_roads/Casgraph1110_d.cas
  Time Precision   : Day
  Start Time       : 2011/10/1
  End Time         : 2011/10/31
  Coordinates File : /home/ferdinand/Documents/NYU/satscan/xp_roads_elp/Coordgraph1110_utm.geo
  Coordinates      : Cartesian

Analysis
--------
  Type of Analysis        : Retrospective Space-Time
  Probability Model       : Space-Time Permutation
  Scan for Areas with     : Low Rates
  Time Aggregation Units  : Day
  Time Aggregation Length : 1

Output
------
  Main Results File       : /home/ferdinand/Documents/NYU/satscan/xp_roads_elp/resg1110_d_elp_25k
  Cluster File            : /home/ferdinand/Documents/NYU/satscan/xp_roads_elp/resg1110_d_elp_25k.col.txt
  Stratified Cluster File : /home/ferdinand/Documents/NYU/satscan/xp_roads_elp/resg1110_d_elp_25k.sci.txt
  Location File           : /home/ferdinand/Documents/NYU/satscan/xp_roads_elp/resg1110_d_elp_25k.gis.txt
  Simulated LLRs File     : /home/ferdinand/Documents/NYU/satscan/xp_roads_elp/resg1110_d_elp_25k.llr.txt

Data Checking
-------------
  Temporal Data Check     : Check to ensure that all cases and controls are within the specified temporal study period.
  Geographical Data Check : Check to ensure that all observations (cases, controls and populations) are within the specified geographical area.

Spatial Neighbors
-----------------
  Use Non-Euclidian Neighbors file : No
  Use Meta Locations File          : No
  Multiple Coordinates Type        : Allow only one set of coordinates per location ID.

Spatial Window
--------------
  Maximum Spatial Cluster Size : 50 percent of population at risk
  Maximum Spatial Cluster Size : 25000 Cartesian units
  Window Shape                 : Elliptic
  Non-Compactness Penalty      : Meduim

Temporal Window
---------------
  Minimum Temporal Cluster Size : 1 Day
  Maximum Temporal Cluster Size : 50 percent of study period

Space And Time Adjustments
--------------------------
  Adjust for Weekly Trends, Nonparametric : No

Inference
---------
  P-Value Reporting                  : Default Combination
  Number of Replications             : 0
  Adjusting for More Likely Clusters : No

Spatial Output
--------------
  Report Hierarchical Clusters              : Yes
  Criteria for Reporting Secondary Clusters : No Geographical Overlap
  Restrict Reporting to Smaller Clusters    : No

Temporal Graphs
---------------
  Produce Temporal Graphs : No

Other Output
------------
  Report Critical Values     : No
  Report Monte Carlo Rank    : No
  Print ASCII Column Headers : No

Elliptic Scan
-------------
  Ellipse Shapes                          : 1.5, 2, 3, 4, 5
  Number of Angles for Each Ellipse Shape : 4, 6, 9, 12, 15

Run Options
-----------
  Processer Usage   : All Available Proccessors
  Suppress Warnings : No
  Logging Analysis  : Yes
_______________________________________________________________________________________________

Program completed  : Tue Jun 14 16:16:39 2016
Total Running Time : 24 minutes 33 seconds
Processor Usage    : 4 processors