1                   1                   1                   46939               76725.79            0.61                
2                   1                   1                   40999               59783.94            0.69                
3                   1                   1                   55660               82494.23            0.67                
4                   1                   1                   45680               60581.74            0.75                
5                   1                   1                   114991              137816.77           0.83                
6                   1                   1                   353                 2115.55             0.17                
7                   1                   1                   1791                4546.75             0.39                
8                   1                   1                   1586                4184.23             0.38                
9                   1                   1                   4091                7263.59             0.56                
10                  1                   1                   17738               23809.83            0.74                
