13.Location IDs included.: 3827, 450, 1229, 1216, 1097, 926, 3231, 3515, 1238, 1792, 1332, 1944,
                          1225, 547, 1686, 1250, 3609, 2779, 2552, 272, 771, 1904, 1236, 614,
                          2558, 163, 888, 2780, 548, 439, 2988, 2993, 762, 755, 2774, 1232,
                          1211, 2280, 930, 1147, 2773, 1096, 2996, 820, 2559, 1985, 3711, 1212,
                          2635, 1098, 1146, 2656, 424, 440, 925, 1247, 3761, 133, 827, 2405,
                          299, 2927, 1340, 2633, 1249, 1214, 2335, 2657, 423, 3000, 546, 1326,
                          3791, 1325, 2986, 2920, 3342, 1256, 438, 3572, 409, 2556, 2198, 2553,
                          2630, 3530, 977, 754, 425, 1148, 3343, 3790, 2406, 3200, 2775, 2663,
                          2658, 1243, 2547, 3684, 1205, 1902, 3681, 3003, 742, 2781, 1606,
                          2655, 3201, 690, 3457, 411, 2667, 549, 1254, 691, 162, 1203, 627,
                          1572, 3686, 2772, 2985, 1081, 3034, 3228, 2344, 2670
  Coordinates...........: (3.16279e+08,4.03451e+08)
  Semiminor axis........: 9978.61
  Semimajor axis........: 49893.04
  Angle (degrees).......: -72.00
  Shape.................: 5.00
  Time frame............: 2011-10-9_0 to 2011-10-9_2
  Number of cases.......: 2076
  Expected cases........: 6861.67
  Observed / expected...: 0.30
  Test statistic........: 2304.383243
