9.Location IDs included.: 2684, 2683, 57, 543, 2638, 54, 2077, 5, 426, 3627, 923, 417, 939,
                          2686, 942, 2764, 62, 3305, 3304, 2690, 2040, 2766, 3306, 60, 3302,
                          2692, 2017, 14, 326, 721, 64, 2767, 1965, 3290, 596, 2695, 599, 595,
                          600, 594, 601, 66, 602, 2637, 2770, 1668, 592, 712, 3298, 236, 2771,
                          590, 2007, 3289
  Coordinates...........: (3.16181e+08,4.03679e+08)
  Semiminor axis........: 4985.44
  Semimajor axis........: 24927.21
  Angle (degrees).......: 12.00
  Shape.................: 5.00
  Time frame............: 2011-10-1_0 to 2011-10-1_5
  Number of cases.......: 7147
  Expected cases........: 1912.07
  Observed / expected...: 3.74
  Test statistic........: 4189.145863
