22.Location IDs included.: 3780, 1814, 3798, 3044, 1813, 796, 1815, 1812, 1811, 1816, 2207, 557,
                          1810, 1442, 3797, 1906, 2037, 1809, 3156, 1808, 3157, 1807, 3155,
                          525, 3499, 2743, 2960, 3779, 1710, 3796, 1905, 1709, 3417, 1704,
                          3721, 2742, 1711, 3112, 3042, 101, 1034, 727, 3419, 3128, 3272, 3741,
                          452, 3799, 724, 3045, 3638, 1038, 2740, 2288, 1399, 1707, 109, 723,
                          2800, 514, 2803, 1847, 1120, 2914, 3127, 558, 556, 3277, 3131, 653,
                          2640, 665, 672, 1443, 3276, 1439, 3265, 3742
  Coordinates...........: (3.16194e+08,4.03644e+08)
  Semiminor axis........: 9879.44
  Semimajor axis........: 29638.31
  Angle (degrees).......: -60.00
  Shape.................: 3.00
  Time frame............: 2011-10-2_1 to 2011-10-2_3
  Number of cases.......: 8255
  Expected cases........: 3151.12
  Observed / expected...: 2.62
  Test statistic........: 2846.860788
