74.Location IDs included.: 2280, 820, 439, 2656, 2558, 771, 827, 2335, 272, 1250, 1944, 3791,
                          1236, 1904, 1238, 3790, 2198, 1232, 1902, 409, 1216, 1686, 2552,
                          1332, 3457, 3342, 3711, 755, 3231, 2663, 163, 3827, 627, 1325, 2559,
                          1097, 1247, 1229, 440, 2920, 450, 2667, 762, 1249, 2927, 3515, 926,
                          438, 1256, 2670, 1096, 1326, 1015, 2556, 1792, 1225, 1243, 3343,
                          2390, 2411, 2635, 754, 547, 3609, 1254, 411, 31, 2779, 2547, 731,
                          925, 614, 1252, 2996, 930, 1098, 2993, 2344, 3761, 461, 548, 888,
                          1340, 1606, 1016, 1211, 2780, 3000, 2633, 1282, 3792, 2988, 2553,
                          1357, 2773, 162, 1212, 2774, 2908, 3003, 546, 3724, 1536, 1147, 3757,
                          1146, 1572, 3228
  Coordinates...........: (3.16286e+08,4.03428e+08)
  Semiminor axis........: 9951.40
  Semimajor axis........: 49756.99
  Angle (degrees).......: -72.00
  Shape.................: 5.00
  Time frame............: 2011-10-23_1 to 2011-10-23_3
  Number of cases.......: 893
  Expected cases........: 3931.46
  Observed / expected...: 0.23
  Test statistic........: 1715.111457
