31.Location IDs included.: 603, 604, 712, 14, 3269, 3267, 289, 721, 3627, 923, 5, 2764, 2077,
                          3270, 2639, 3304, 602, 543, 3305, 2766, 2040, 601, 953, 1668, 2683,
                          384, 76, 3593, 605, 1447, 1433, 3265, 3302, 3491, 1058, 2684, 3085,
                          600, 2490, 3306, 156, 2767, 2017, 57, 1265, 3784, 3335, 667, 1436,
                          3277, 1382, 636, 1155, 3332, 1156, 209, 1965, 788, 599, 2016, 2638,
                          2881, 324, 2770, 2285, 3421, 2284, 54, 960, 722, 2015, 326, 2283,
                          212, 1049, 3273, 2771, 157, 1953, 2640, 1457, 2521, 586, 511, 1455,
                          2281, 426, 2286, 596, 666, 1157, 3298, 3418, 939, 417, 3290, 668,
                          672, 2292, 519, 3276, 3039, 2860, 764, 682, 2686, 385, 155, 1624,
                          2788, 2014, 3038, 306, 1458, 2279, 2488, 101, 942, 2787, 3805, 595,
                          640, 1670, 1428, 1459, 2789
  Coordinates...........: (3.16183e+08,4.03674e+08)
  Semiminor axis........: 9060.37
  Semimajor axis........: 45301.87
  Angle (degrees).......: -12.00
  Shape.................: 5.00
  Time frame............: 2011-10-9_1 to 2011-10-9_3
  Number of cases.......: 7446
  Expected cases........: 2915.40
  Observed / expected...: 2.55
  Test statistic........: 2451.822967
