86.Location IDs included.: 2633, 546, 925, 2630, 2635, 742, 1096, 2772, 762, 1145, 163, 3868,
                          1904, 422, 272, 2402, 771, 3515, 1225, 1229, 2654, 2558, 3609, 3827,
                          545, 2777, 614, 1379, 924, 882, 1216, 2814, 1211, 2501, 1238, 1095,
                          2627, 439, 3211, 1212, 1944, 926, 1792, 450, 3228, 547, 974, 1097,
                          133, 2779, 3231, 1250, 162, 3198, 2280, 888, 1332, 421, 1214, 2773,
                          1686, 1236, 1606, 3519, 3572, 1146, 689, 820, 2552, 1232, 2547, 2653,
                          299, 755, 1205, 3711, 754, 2625, 2656, 1080, 423, 2559, 1203, 1247,
                          2556, 3530, 3197, 440, 2624, 827, 3533, 1249, 438, 2655, 2927, 688,
                          1204, 3190, 2335, 1256, 2920, 1081, 1326, 3032, 1193, 3199, 1325,
                          1794, 1243, 2746, 3343, 3791, 1073, 3452, 136, 3342, 411, 1254, 3189,
                          2688, 2663
  Coordinates...........: (3.1627e+08,4.03456e+08)
  Semiminor axis........: 9872.33
  Semimajor axis........: 49361.67
  Angle (degrees).......: -60.00
  Shape.................: 5.00
  Time frame............: 2011-10-27_23 to 2011-10-28_1
  Number of cases.......: 1236
  Expected cases........: 4341.59
  Observed / expected...: 0.28
  Test statistic........: 1552.982957
