                                 _____________________________

                                        SaTScan v9.4.2
                                 _____________________________


Program run on: Wed Jun 15 15:54:23 2016

Retrospective Space-Time analysis
scanning for clusters with low rates
using the Space-Time Permutation model.
_______________________________________________________________________________________________

SUMMARY OF DATA

Study period.......................: 2011/10/1 to 2011/10/31
Number of locations................: 3874
Total number of cases..............: 19534084
_______________________________________________________________________________________________

CLUSTERS DETECTED

1.Location IDs included.: 1803, 1104, 445, 2769, 3060, 1502, 996, 182, 180, 2708, 1500, 2762,
                          179, 1106, 1799, 1181, 708, 2707, 230, 177, 1441, 1182, 3279, 3635,
                          2706, 2088, 641, 1389, 2089, 2535, 1387, 1925, 2528, 3740, 670, 2705,
                          2321, 176, 2324, 1025, 3280, 2091, 2295, 2022, 3660, 2021, 2023,
                          2020, 3659, 512, 229, 2093, 2019, 2024, 589, 640, 2294, 2704, 1046,
                          3275, 175, 2018, 668, 3281, 764, 3258, 3806, 590, 586, 328, 1186,
                          1542, 3274, 3259, 818, 511, 1049, 3657, 281, 23, 1027, 1717, 1718,
                          592, 3260, 752, 714, 306, 1377, 2292, 22, 567, 936, 3282, 77, 1382,
                          3425, 565, 704, 3805, 3784, 540, 594, 1818, 236, 3273, 67, 937, 1819,
                          2006, 667, 3283, 2031, 1153, 938, 976, 3085, 960, 3656, 585, 279,
                          595, 519, 751, 2695, 66, 1436, 2007, 857, 3423, 3284, 76, 2291, 703,
                          75, 596, 2692, 859, 64, 1447, 3052, 3803, 2475, 2811, 3655, 1390,
                          953, 3593, 277, 221, 636, 964, 750, 599, 950, 2690, 666, 60, 3270,
                          3654, 3286, 1805, 2523, 1433, 3422, 1431, 518, 600, 1514, 942, 62,
                          289, 3049, 1448, 3287, 3652, 2289, 1429, 276, 1265, 749, 601, 219,
                          417, 2686, 3269, 3801, 3288, 602, 702, 561, 426, 3267, 939, 949, 700,
                          3289, 789, 1427, 803, 788, 447, 3783, 801, 1953, 2065, 2881, 634,
                          790, 2808, 712, 2638, 54, 665, 3420, 1580, 2639, 1444, 1449, 799,
                          2637, 1120, 2640, 13, 2636, 3047, 791, 514, 560, 798, 792, 603, 3651,
                          2288, 2684, 2634, 57, 3265, 1585, 793, 794, 3290, 748, 948, 1558,
                          275, 101, 3799, 3268, 797, 98, 3649, 746, 1022, 3549, 699, 3266,
                          3509, 604, 543, 3272, 2683, 698, 3277, 2807, 3623, 326, 2090, 525,
                          2087, 216, 3419, 274, 753, 1807, 1808, 1809, 233, 1450, 994, 559,
                          1810, 2117, 2116, 2517, 3045, 2114, 2207, 3212, 1811, 3627, 14, 5,
                          3647, 2077, 384, 1714, 3306, 273, 923, 721, 657, 605, 324, 1707,
                          1812, 59, 385, 745, 1023, 672, 722, 1397, 3510, 3276, 1813, 757, 718,
                          1399, 697, 2803, 3798, 723, 343, 2764, 1711, 3305, 1668, 212, 724,
                          3780, 1704, 1641, 1624, 1715, 3741, 558, 1710, 727, 1814, 2519, 3591,
                          1482, 3499, 2766, 3304, 3335, 3112, 716, 3332, 3044, 1443, 870, 3742,
                          3336, 1451, 1709, 2037, 452, 597, 869, 1815, 3337, 796, 3469, 3797,
                          2742, 2740, 3721, 1406, 271, 2040, 3350, 2767, 2278, 1056, 607, 157,
                          3743, 342, 1771, 156, 2960, 3598, 3128, 809, 3328, 1770, 0, 1816,
                          2743, 158, 486, 608, 1769, 159, 3796, 900, 1960, 155, 483, 1548, 161,
                          1906, 3302, 610, 1729, 1085, 3127, 2, 557, 3779, 407, 2478, 3257,
                          2770, 2017, 3327, 1058, 1905, 2494, 1670, 3745, 154, 828, 2493, 3417,
                          10, 2496, 68, 1, 3131, 3111, 2771, 3325, 1731, 2917, 3326, 3157,
                          2521, 2862, 1442, 2498, 3491, 3746, 3042, 1965, 1480, 1064, 3360,
                          1065, 1611, 485, 153, 3601, 744, 1452, 917, 484, 2649, 3040, 3638,
                          2016, 2652, 3873
  Coordinates / radius..: (40.716170 N, 73.975730 W) / 2.01 km
  Time frame............: 2011/10/3 to 2011/10/6
  Number of cases.......: 198868
  Expected cases........: 258332.12
  Observed / expected...: 0.77
  Test statistic........: 7530.933155

2.Location IDs included.: 2156, 2133, 2110, 2157, 2154, 3035, 1078, 693, 2158, 2152, 3195,
                          3203, 2150, 2160, 1082, 2754, 3809, 1175, 2660, 2161, 2149, 2491,
                          1849, 1938, 1848, 3547, 436, 692, 85, 3194, 3202, 1509, 2162, 2752,
                          1850, 967, 826, 428, 1846, 2659, 3251, 3626, 3839, 435, 669, 1851,
                          1939, 1998, 877, 2163, 980, 1398, 2682, 3034, 3679, 691, 1176, 3193,
                          3201, 1150, 2751, 3681, 1396, 3473, 978, 2164, 3678, 1267, 2658,
                          3472, 2778, 434, 2406, 1845, 1149, 1415, 1266, 3677, 2165, 2985,
                          2981, 690, 425, 3192, 3200, 1992, 890, 3470, 2749, 2986, 2776, 3250,
                          977, 2973, 2657, 1414, 1409, 2166, 433, 2405, 3261, 719, 2782, 1844,
                          1852, 1148, 2970, 424, 3033, 1075, 136, 1413, 2167, 3191, 3199, 3059,
                          494, 3468, 3452, 1207, 1193, 2964, 2747, 1081, 2775, 1154, 1285,
                          1190, 551, 1204, 1985, 1407, 1853, 3476, 1786, 3533, 2655, 1199,
                          1203, 2963, 432, 3530, 1991, 1147, 493, 3684, 1179, 2194, 1205, 1842,
                          492, 550, 966, 423, 1089, 1180, 3467, 1169, 3572, 2774, 181, 3249,
                          2781, 299, 1185, 2625, 2624, 689, 491, 1214, 3190, 3198, 429, 2168,
                          1990, 1327, 1854, 2746, 2627, 2988, 1146, 1184, 933, 935, 3674, 2688,
                          2654, 549, 133, 431, 2402, 3465, 2834, 2773, 1841, 2780, 2323, 2621,
                          1395, 1212, 2169, 422, 931, 490, 130, 2425, 3686, 1989, 2620, 888,
                          2959, 3868, 1188, 548, 1211, 3032, 2975, 688, 1073, 488, 3189, 1607,
                          2618, 3197, 2745, 1145, 418, 1080, 3254, 3673, 1855, 2170, 2779,
                          2081, 357, 2653, 489, 1603, 1102, 1103, 614, 3464, 2993, 430, 3519,
                          2772, 1333, 1840, 654, 547, 1142, 421, 1209, 1174, 1001, 3609, 1101,
                          1988, 2208, 2958, 742, 1353, 2474, 974, 3237, 3238, 930, 3347, 3720,
                          2094, 1792, 2055, 2616, 1000, 3211, 2630, 3670, 1225, 3831, 1794,
                          1394, 1856, 1384, 1099, 3463, 2172, 1554, 427, 2996, 2501, 3872,
                          2613, 2095, 1352, 170, 1173, 546, 926, 1839, 3515, 3173, 998, 882,
                          2957, 3723, 729, 487, 3804, 1393, 3233, 1098, 1141, 701, 2173, 2633,
                          3296, 1486, 450, 2777, 1183, 135, 1229, 3353, 2096, 2612, 232, 527,
                          1780, 3744, 925, 545, 1166, 3761, 3441, 1857, 3766, 1097, 3813, 3827,
                          1392, 2555, 2557, 3074, 1981, 3765, 3669, 2092, 1379, 2635, 1164,
                          1340, 2889, 2477, 3231, 2075, 297, 2744, 1216, 2611, 2887, 924, 2174,
                          2954, 1096, 3352, 3764, 139, 756, 1837, 1168, 2885, 3000, 1391, 1332,
                          3235, 2082, 2554, 1238, 464, 2814, 1858, 2883, 3064, 762, 3763, 1559,
                          2176, 1685, 1515, 1314, 2564, 2566, 224, 2882, 1686, 637, 2553, 1095,
                          1944, 2042, 3689, 163, 1859, 2880, 1560, 1274, 3375, 1158, 3664,
                          2177, 2609, 3228, 1835, 446, 444, 2552, 2879, 3361, 3760, 3003, 1250,
                          1904, 2562, 1959, 443, 2950, 1140, 1296, 1294, 648, 162, 539, 3758,
                          2178, 1289, 755, 2946, 769, 1834, 1572, 1236, 292, 272, 2877, 442,
                          1288, 1666, 2050, 2947, 1861, 3822, 1606, 1679, 3174, 3662, 1302,
                          2179, 2559, 2876, 3439, 3187, 1187, 441, 1290, 1232, 3358, 771, 1286,
                          2940, 2547, 2607, 1862, 2943, 3357, 2875, 3870, 2949, 2039, 3434,
                          440, 3356, 2180, 2632, 3711, 2282, 2558, 3346, 1833, 1284, 3620, 91,
                          89, 1453, 88, 2874, 975, 341, 1133, 754, 1117, 87, 93, 2606, 3832,
                          2248, 1116, 2249, 86, 95, 467, 1863, 1882, 3205, 2247, 1973, 897,
                          1283, 96, 2542, 2927, 84, 2038, 2246, 3612, 3661, 1422, 97, 1247,
                          2541, 439, 1584, 2872, 3004, 412, 1832, 2556, 2245, 3369, 3865, 228,
                          3602, 3344, 1115, 2605, 227, 1114, 102, 814, 2939, 205, 2326, 1865,
                          2244, 3859, 36, 226, 2870, 730, 1326, 2327, 1280, 185, 104, 2540,
                          2280, 1958, 1249, 3006, 728, 438, 2243, 3175, 1831, 2204, 105, 898,
                          466, 3690, 1113, 3355, 2859, 3100, 3378, 671, 2869, 225, 2539, 726,
                          1112, 1421, 1866, 2242, 2328, 3343, 3600, 1901, 820, 1076, 1571,
                          1256, 187, 3658, 2798, 2920, 2219, 3599, 1279, 2331, 2241, 1830,
                          3330, 2538, 2867, 2604, 2203, 1111
  Coordinates / radius..: (40.763040 N, 73.956520 W) / 2.38 km
  Time frame............: 2011/10/8 to 2011/10/9
  Number of cases.......: 318512
  Expected cases........: 390979.47
  Observed / expected...: 0.81
  Test statistic........: 7311.127078

3.Location IDs included.: 766, 2571, 1675, 3065, 2570, 3501, 785, 382, 1544, 1079, 223, 2578,
                          1077, 3448, 2648, 2577, 3109, 2647, 1039, 3108, 572, 802, 2314, 2313,
                          2312, 2316, 416, 2576, 1074, 2034, 2032, 1018, 2033, 2497, 743, 2059,
                          3106, 2646, 2574, 340, 2748, 647, 1303, 3164, 2318, 2738, 413, 2008,
                          3163, 1066, 1426, 902, 3162, 3820, 2573, 338, 2894, 410, 63, 2457,
                          3177, 1524, 3161, 190, 772, 2084, 191, 189, 2572, 3316, 3160, 3819,
                          192, 2948, 188, 408, 186, 389, 2645, 1488, 598, 184, 337, 406, 193,
                          2569, 2053, 770, 3232, 1037, 251, 2030, 2078, 405, 1483, 3229, 3315,
                          3368, 1485, 1645, 2054, 643, 2052, 339, 1481, 2951, 2074, 404, 3818,
                          3313, 3437, 3227, 3589, 3440, 3125, 3644, 3433, 2952, 3442, 3312,
                          1897, 1221, 403, 1220, 1223, 1537, 1430, 3226, 2568, 1072, 3588,
                          2410, 2644, 2322, 1506, 2143, 1653, 20, 1476, 2421, 1226, 916, 3031,
                          2953, 402, 2071, 2765, 2027, 3853, 356, 3587, 305, 196, 353, 1227,
                          3025, 55, 21, 957, 3311, 3710, 401, 3022, 336, 3817, 3223, 3585,
                          1552, 198, 956, 1546, 1999, 767, 3020, 591, 1903, 513, 959, 2112,
                          399, 2237, 3584, 2069, 3847, 318, 542, 2041, 3018, 2109, 544, 2827,
                          2826, 568, 2829, 502, 1929, 2272, 2567, 2113, 2830, 3718, 3222, 398,
                          3592, 951, 1987, 3583
  Coordinates / radius..: (40.743080 N, 74.008740 W) / 1.21 km
  Time frame............: 2011/10/24 to 2011/10/27
  Number of cases.......: 188588
  Expected cases........: 211873.96
  Observed / expected...: 0.89
  Test statistic........: 1343.282567

4.Location IDs included.: 2972, 1338, 2971, 2974, 884, 394
  Coordinates / radius..: (40.757020 N, 74.000960 W) / 0.23 km
  Time frame............: 2011/10/17 to 2011/10/18
  Number of cases.......: 308
  Expected cases........: 2008.76
  Observed / expected...: 0.15
  Test statistic........: 1123.277051

5.Location IDs included.: 2220, 1062, 765, 2218, 642, 2221, 3816, 2217, 453, 2589, 2591, 2723,
                          2222, 2005, 2215, 2725, 17, 2025, 2223, 2593, 1470, 2213, 2837, 454,
                          3338, 2838, 1321, 2835, 1356, 941, 2840, 800, 2727, 2224, 2833, 553,
                          571, 2212, 2841, 836, 2026, 1057, 2102, 2642, 846, 500, 2103, 2842,
                          1070, 2211, 455, 2928, 2831, 1316, 2930, 1358, 985, 2728, 737, 1071
  Coordinates / radius..: (40.741950 N, 73.989300 W) / 0.51 km
  Time frame............: 2011/10/1 to 2011/10/2
  Number of cases.......: 37568
  Expected cases........: 44884.75
  Observed / expected...: 0.84
  Test statistic........: 633.068414

6.Location IDs included.: 506, 566, 2734, 2468, 2470, 505, 2737, 1823, 1824, 2735, 1067, 1573,
                          1822, 1825, 2991, 1315, 522, 1132, 1006, 2733, 1827, 1007, 999, 1899,
                          3054, 1416, 2732, 1821, 1828, 460, 3738, 1900, 3739, 2455, 504, 2729,
                          2466, 458, 1829, 3645, 3648, 3340, 45, 954, 2731, 3486, 44, 934,
                          3363, 1820, 1569, 43, 3643, 3650, 2730, 2453, 1136, 3445, 3140, 3341,
                          829, 456, 3733, 2839, 503, 3262, 2726, 2465, 42, 1361, 3675, 1100,
                          2933, 2235, 3204, 1642
  Coordinates / radius..: (40.740640 N, 73.975800 W) / 0.64 km
  Time frame............: 2011/10/24 to 2011/10/27
  Number of cases.......: 57683
  Expected cases........: 65629.60
  Observed / expected...: 0.88
  Test statistic........: 503.404772

Note: The number of Monte Carlo replications was set too low, and a meaningful hypothesis test
cannot be done. Consequently, no p-values are reported.
_______________________________________________________________________________________________

PARAMETER SETTINGS

Input
-----
  Case File        : /home/ferdinand/Documents/NYU/satscan/xp_roads/Casgraph1110_d.cas
  Time Precision   : Day
  Start Time       : 2011/10/1
  End Time         : 2011/10/31
  Coordinates File : /home/ferdinand/Documents/NYU/satscan/xp_roads/Coordgraph.geo
  Coordinates      : Latitude/Longitude

Analysis
--------
  Type of Analysis        : Retrospective Space-Time
  Probability Model       : Space-Time Permutation
  Scan for Areas with     : Low Rates
  Time Aggregation Units  : Day
  Time Aggregation Length : 1

Output
------
  Main Results File       : /home/ferdinand/Documents/NYU/satscan/xp_roads/resg1110_d_r9
  Cluster File            : /home/ferdinand/Documents/NYU/satscan/xp_roads/resg1110_d_r9.col.txt
  Google Earth File       : /home/ferdinand/Documents/NYU/satscan/xp_roads/resg1110_d_r9.kml
  Stratified Cluster File : /home/ferdinand/Documents/NYU/satscan/xp_roads/resg1110_d_r9.sci.txt
  Location File           : /home/ferdinand/Documents/NYU/satscan/xp_roads/resg1110_d_r9.gis.txt
  Simulated LLRs File     : /home/ferdinand/Documents/NYU/satscan/xp_roads/resg1110_d_r9.llr.txt

Data Checking
-------------
  Temporal Data Check     : Check to ensure that all cases and controls are within the specified temporal study period.
  Geographical Data Check : Check to ensure that all observations (cases, controls and populations) are within the specified geographical area.

Spatial Neighbors
-----------------
  Use Non-Euclidian Neighbors file : No
  Use Meta Locations File          : No
  Multiple Coordinates Type        : Allow only one set of coordinates per location ID.

Spatial Window
--------------
  Maximum Spatial Cluster Size : 50 percent of population at risk
  Window Shape                 : Circular

Temporal Window
---------------
  Minimum Temporal Cluster Size : 1 Day
  Maximum Temporal Cluster Size : 50 percent of study period

Space And Time Adjustments
--------------------------
  Adjust for Weekly Trends, Nonparametric : No

Inference
---------
  P-Value Reporting                  : Default Combination
  Number of Replications             : 9
  Adjusting for More Likely Clusters : No

Spatial Output
--------------
  Automatically Launch Google Earth         : No
  Compress KML File into KMZ File           : No
  Include All Location IDs in the Clusters  : Yes
  Cluster Location Threshold - Separate KML : 1000
  Report Hierarchical Clusters              : Yes
  Criteria for Reporting Secondary Clusters : No Geographical Overlap
  Restrict Reporting to Smaller Clusters    : No

Temporal Graphs
---------------
  Produce Temporal Graphs : No

Other Output
------------
  Report Critical Values     : No
  Report Monte Carlo Rank    : No
  Print ASCII Column Headers : No

Run Options
-----------
  Processer Usage   : All Available Proccessors
  Suppress Warnings : No
  Logging Analysis  : Yes
_______________________________________________________________________________________________

Program completed  : Wed Jun 15 16:10:10 2016
Total Running Time : 15 minutes 47 seconds
Processor Usage    : 4 processors