1                   1                   1                   10446               20738.97            0.50                
2                   1                   1                   12219               22011.30            0.56                
3                   1                   1                   21544               33641.84            0.64                
4                   1                   1                   14991               23773.13            0.63                
5                   1                   1                   16086               24282.47            0.66                
6                   1                   1                   8523                14402.75            0.59                
7                   1                   1                   10740               17056.84            0.63                
8                   1                   1                   33753               44088.94            0.77                
9                   1                   1                   24639               33458.77            0.74                
10                  1                   1                   16155               23100.20            0.70                
11                  1                   1                   353                 2115.55             0.17                
12                  1                   1                   10915               16555.66            0.66                
13                  1                   1                   1791                4546.75             0.39                
14                  1                   1                   197                 1537.98             0.13                
15                  1                   1                   32863               41120.91            0.80                
16                  1                   1                   5376                9021.34             0.60                
17                  1                   1                   4751                8006.34             0.59                
18                  1                   1                   1897                4126.14             0.46                
19                  1                   1                   9860                14150.20            0.70                
20                  1                   1                   12314               16829.25            0.73                
21                  1                   1                   8148                11709.24            0.70                
22                  1                   1                   10244               14012.30            0.73                
23                  1                   1                   8343                11758.35            0.71                
24                  1                   1                   898                 2177.51             0.41                
25                  1                   1                   23053               27885.15            0.83                
26                  1                   1                   4001                6195.84             0.65                
27                  1                   1                   3658                5770.44             0.63                
28                  1                   1                   7125                9937.01             0.72                
29                  1                   1                   2611                4319.23             0.60                
30                  1                   1                   29599               34671.63            0.85                
31                  1                   1                   653                 1597.76             0.41                
32                  1                   1                   12475               15699.40            0.79                
33                  1                   1                   436                 1248.55             0.35                
34                  1                   1                   2412                3933.30             0.61                
35                  1                   1                   5959                8170.06             0.73                
36                  1                   1                   14589               17898.78            0.82                
37                  1                   1                   7978                10402.58            0.77                
38                  1                   1                   852                 1791.33             0.48                
39                  1                   1                   2297                3658.17             0.63                
40                  1                   1                   15232               18333.46            0.83                
41                  1                   1                   13820               16752.47            0.82                
42                  1                   1                   1019                1947.71             0.52                
43                  1                   1                   3189                4623.06             0.69                
44                  1                   1                   1443                2456.28             0.59                
45                  1                   1                   594                 1301.28             0.46                
46                  1                   1                   1030                1878.85             0.55                
47                  1                   1                   21001               24248.86            0.87                
48                  1                   1                   13610               16228.36            0.84                
49                  1                   1                   8974                10969.20            0.82                
50                  1                   1                   2506                3600.90             0.70                
51                  1                   1                   1238                2045.73             0.61                
52                  1                   1                   19618               22388.63            0.88                
53                  1                   1                   7918                9716.65             0.81                
54                  1                   1                   28341               31555.12            0.90                
55                  1                   1                   3453                4646.82             0.74                
56                  1                   1                   518                 1042.98             0.50                
57                  1                   1                   22438               25241.52            0.89                
58                  1                   1                   24726               27661.94            0.89                
59                  1                   1                   7223                8859.94             0.82                
60                  1                   1                   4210                5473.95             0.77                
61                  1                   1                   4494                5787.88             0.78                
62                  1                   1                   930                 1576.56             0.59                
63                  1                   1                   2415                3384.97             0.71                
64                  1                   1                   3819                5010.12             0.76                
65                  1                   1                   14903               17128.69            0.87                
66                  1                   1                   6425                7876.89             0.82                
67                  1                   1                   6376                7817.58             0.82                
68                  1                   1                   14215               16253.80            0.87                
69                  1                   1                   4133                5264.45             0.79                
70                  1                   1                   1381                2074.01             0.67                
71                  1                   1                   263                 619.45              0.42                
72                  1                   1                   5230                6458.60             0.81                
73                  1                   1                   3988                5034.62             0.79                
74                  1                   1                   3124                4056.04             0.77                
75                  1                   1                   1580                2261.31             0.70                
76                  1                   1                   11756               13458.88            0.87                
77                  1                   1                   2555                3382.60             0.76                
78                  1                   1                   11026               12587.41            0.88                
79                  1                   1                   29006               31439.44            0.92                
80                  1                   1                   12542               14142.30            0.89                
81                  1                   1                   2538                3289.15             0.77                
82                  1                   1                   372                 698.09              0.53                
83                  1                   1                   1928                2582.54             0.75                
84                  1                   1                   4473                5436.62             0.82                
85                  1                   1                   9339                10699.76            0.87                
86                  1                   1                   484                 841.80              0.57                
87                  1                   1                   1849                2484.32             0.74                
88                  1                   1                   1254                1782.35             0.70                
89                  1                   1                   3868                4736.48             0.82                
90                  1                   1                   2959                3700.60             0.80                
91                  1                   1                   7672                8827.76             0.87                
92                  1                   1                   4520                5415.30             0.83                
93                  1                   1                   2162                2794.62             0.77                
94                  1                   1                   707                 1070.47             0.66                
95                  1                   1                   1842                2395.79             0.77                
96                  1                   1                   10596               11840.12            0.89                
97                  1                   1                   1345                1812.50             0.74                
98                  1                   1                   462                 751.69              0.61                
99                  1                   1                   344                 598.06              0.58                
100                 1                   1                   745                 1096.02             0.68                
101                 1                   1                   1122                1538.98             0.73                
102                 1                   1                   113                 273.21              0.41                
103                 1                   1                   1274                1697.64             0.75                
104                 1                   1                   5851                6712.39             0.87                
105                 1                   1                   842                 1192.57             0.71                
106                 1                   1                   1221                1632.11             0.75                
107                 1                   1                   5794                6640.28             0.87                
108                 1                   1                   2549                3108.84             0.82                
109                 1                   1                   1220                1602.33             0.76                
110                 1                   1                   1442                1843.09             0.78                
111                 1                   1                   9050                10001.95            0.90                
112                 1                   1                   326                 531.81              0.61                
113                 1                   1                   45                  142.38              0.32                
114                 1                   1                   7581                8436.92             0.90                
115                 1                   1                   16174               17358.00            0.93                
116                 1                   1                   1111                1441.98             0.77                
117                 1                   1                   229                 392.94              0.58                
118                 1                   1                   90                  200.51              0.45                
119                 1                   1                   1148                1468.25             0.78                
120                 1                   1                   748                 1007.33             0.74                
121                 1                   1                   43                  125.44              0.34                
122                 1                   1                   942                 1223.19             0.77                
123                 1                   1                   8235                9014.59             0.91                
124                 1                   1                   186                 321.97              0.58                
125                 1                   1                   1057                1344.62             0.79                
126                 1                   1                   763                 1008.10             0.76                
127                 1                   1                   2882                3333.11             0.86                
128                 1                   1                   5714                6336.68             0.90                
129                 1                   1                   110                 215.63              0.51                
130                 1                   1                   795                 1037.93             0.77                
131                 1                   1                   4220                4744.95             0.89                
132                 1                   1                   482                 669.22              0.72                
133                 1                   1                   351                 511.77              0.69                
134                 1                   1                   1374                1666.23             0.82                
135                 1                   1                   532                 717.43              0.74                
136                 1                   1                   242                 371.76              0.65                
137                 1                   1                   6                   43.59               0.14                
138                 1                   1                   520                 699.77              0.74                
139                 1                   1                   1750                2062.00             0.85                
140                 1                   1                   2042                2375.84             0.86                
141                 1                   1                   71                  146.11              0.49                
142                 1                   1                   20                  68.01               0.29                
143                 1                   1                   38                  95.46               0.40                
144                 1                   1                   635                 815.42              0.78                
145                 1                   1                   1952                2255.32             0.87                
146                 1                   1                   682                 866.17              0.79                
147                 1                   1                   219                 329.38              0.66                
148                 1                   1                   5582                6071.19             0.92                
149                 1                   1                   32                  82.03               0.39                
150                 1                   1                   326                 453.33              0.72                
151                 1                   1                   668                 842.10              0.79                
152                 1                   1                   868                 1062.83             0.82                
153                 1                   1                   61                  122.24              0.50                
154                 1                   1                   693                 865.82              0.80                
155                 1                   1                   882                 1071.77             0.82                
156                 1                   1                   76                  138.94              0.55                
157                 1                   1                   445                 577.28              0.77                
158                 1                   1                   101                 169.80              0.59                
159                 1                   1                   77                  138.51              0.56                
160                 1                   1                   413                 539.24              0.77                
161                 1                   1                   3079                3398.78             0.91                
162                 1                   1                   2501                2778.66             0.90                
163                 1                   1                   741                 896.33              0.83                
164                 1                   1                   375                 487.14              0.77                
165                 1                   1                   92                  150.06              0.61                
166                 1                   1                   4                   23.75               0.17                
167                 1                   1                   31                  67.71               0.46                
168                 1                   1                   295                 388.06              0.76                
169                 1                   1                   0                   11.71               0                   
170                 1                   1                   723                 860.98              0.84                
171                 1                   1                   49                  90.18               0.54                
