4.53648
3.90107
8.23892
0.00683939
1.69094
7.00858
0
6.01537
0.577197
4.41152
14.0895
0.0555764
4.07098e-07
1.96799
7.23589
0
4.68405
9.32446
12.2299
41.274
5.41956
0.47893
0
7.45082e-08
1.17021
1.98379
0.640047
1.8811
7.02311
0.0354803
0.372021
3.20102
0.323347
0.331227
7.88427
0
1.62483
15.0862
11.3355
11.0046
8.45504
17.4043
1.06546
15.2677
2.03488
8.01171
7.21352
0
2.56426e-07
0
12.4086
0.112148
2.89149
1.51885
0.484424
4.9886e-07
21.9364
0.00936289
0
0.33683
2.16015
1.3921e-05
12.2623
6.70299
9.62425
0.796025
2.82068
3.25377
5.85235
2.05521
16.9824
0.910821
0
0
0.0384511
5.44663
2.79712
3.22306
8.84165e-08
0.542313
1.14573
2.01057
0.00159971
0.66681
29.8657
2.12714
13.9283
15.1361
14.6896
9.9819
18.8509
12.5044
1.70449
9.5105
5.59802
11.1864
19.5741
30.3301
0.644959
0.737399
5.95072
6.88243
8.6926
11.0419
12.5502
9.34349
17.3606
7.01931
3.58688
8.8071
9.3541
7.01148
9.78413
10.3039
8.21685
6.01493
11.3474
3.06725
3.61837
4.36967
3.0887
3.69568
3.03737
2.95456
0
4.33711
9.23393
4.11707e-09
0
0.00517621
9.41441
1.50542e-05
0.293476
10.1784
1.27773e-05
7.14107
6.50582
2.31407
0.000100047
5.33772
0.0538145
0.0522977
0
3.0178
0.00147451
0.0521661
0
0
22.8925
142.451
0.743378
0.197511
0
0.00551119
3.01338
1.27529
4.17497
5.33995
4.21372
0.340727
50.4074
6.88876
11.6453
10.0616
3.23357
7.65377
13.0003
6.42581
47.8435
11.8817
8.53752
3.16003
9.35934
9.77781
18.2764
0.00717201
0.0048644
0.968829
0.022994
2.27082e-07
0.0554645
10.4722
0.796114
0
11.335
3.46364
12.67
2.74806
12.4334
22.0939
15.2902
19.3372
12.2113
18.7882
2.3583
0
10.0126
4.67223
10.6052
12.3586
41.0592
134.967
6.70437
52.0921
16.2068
2.45598
8.83032
5.4027
86.996
4.39388
26.0141
23.9664
1.84486
17.6265
17.1942
21.6201
3.52278
16.305
12.9678
3.28336
2.66879
7.00625
14.9002
2.17853
22.86
9.63331
14.8178
21.2334
19.7308
0.963011
1.39001
4.85593
20.3975
2.15215
5.2573
4.66624
4.59291
5.06193
5.31167
6.82886
4.55323
6.78655
1.9007
0.539442
1.23862
3.52015
1.62147
0.0540081
3.01335
0.724436
0.0723988
2.91732
0.310045
0.570175
0.147941
0.886335
0.0629175
3.54866e-07
0.000212536
0
0.062181
0.504406
1.04972e-05
0.0066612
0.802278
0.0853234
0.00602101
1.02191e-05
0
0.134374
4.19313
1.32318
14.5725
1.13647
0.167516
0.989284
0.0375021
0.0712051
9.60999
0.0176268
28.5096
0.00291536
2.73866
0.012287
2.25729e-07
0.241737
1.02295
1.42246
3.51208
1.20084
0.0194177
14.3861
8.03558
0.183075
0.0683727
0.371711
0.830015
18.4335
16.9964
5.94731
4.48035
0.723995
10.1545
9.97449
0.521068
13.126
0.86934
2.16166
0.511934
0.237719
2.78023
4.84882
4.2756
6.02855
8.96664
11.0227
22.5548
4.5674
4.83341
0.759445
0
1.91161
2.1377
1.58776
5.69986
3.19867
0.365888
0.262219
0.479301
0.0838263
0.381188
3.02648
0
0.31069
1.55255
6.06048
5.52966
3.47707
3.596
0.832855
17.8366
4.88852
5.07466
0
0.255406
1.65787
1.04579
2.82491
2.52839
1.91747
0.464273
0
10.1791
3.26305
0
0.0719884
9.18759
9.24469
1.43017
1.33446
1.98724
0.56124
3.70567e-05
2.56728
0.222588
0
3.15981e-06
0
1.8851
0.334646
0.454308
0.00106096
6.79361
0.597597
4.09672
6.37123
0
8.09561
6.25048
5.62067
16.492
6.49937
2.11167
6.45801
10.6685
5.87476
2.68488
3.3762
1.82705
3.08247
9.40862
2.31172
2.88887
5.86138
91.2253
8.3003
10.5869
10.1469
9.20067
20.3961
3.13913
10.7319
5.26446
9.41702
12.9071
15.0498
6.88336
6.61827
2.94985
4.15238
7.18025
14.4816
10.057
3.3914
4.60516
2.94253
21.6676
12.3541
8.51544
5.48243
0.178536
43.0935
15.662
15.546
13.1634
18.1073
7.53401
9.66255
21.0346
18.0544
10.4325
12.4186
22.8462
20.7818
13.7233
11.512
21.5135
1.06853
34.273
13.6698
12.5031
11.6657
10.4953
25.5285
25.559
0.11001
4.39707
0
2.1857
3.49887
9.10946
3.61356
14.7555
2.08849
9.84435
5.54871
20.8501
11.8084
11.4178
9.36406
4.80879
1.31904
1.49824e-07
2.18605
5.3409
1.6029
6.66957
1.07906
8.52586e-09
5.45825
0
0.248069
0.986511
0
1.4563
0.226682
7.92815
2.47562
0.14509
5.41477
9.24078
3.01393
9.14711
29.2548
19.2789
13.365
10.1421
11.941
0.240757
8.44881
10.8955
16.9982
19.3934
2.23812
1.07987
5.93658
0.0486025
0.848328
0.000291604
0.00664148
12.7074
22.9228
2.66779
5.22253
24.0851
8.03473
5.85315
4.8072
0
1.92756
9.75404
1.83599
0.69725
3.73474
8.20231
7.85941
12.7523
3.01329
5.61762
4.20527
3.52418
9.52869
6.60275
0
0
7.53905
0
2.35925
0
1.68657
4.39928
1.70749
1.02335
1.53322
1.80861
5.07659
3.01586
0.559711
1.95905
23.2506
4.50754
2.94572
4.53132
2.29121
1.97529
4.58024
6.59472
9.12522
16.7653
15.7246
18.1576
17.2198
0.00829077
21.0825
0
11.002
15.1009
12.5661
11.045
7.37462
0.771406
2.43413
0
8.07907
0
0
3.33734
0.000680382
12.9039
6.76269
3.89429
12.5919
2.79241
2.24084
0.169336
2.44227
5.45899
11.1672
24.9826
5.25154
0.808563
6.10205
0
11.0684
9.29816
1.66243
4.78966
1.84007
9.97766
0
0.018236
0.0519075
3.99824
0
4.34135
1.08636
9.21255
0.0202616
2.53957
6.19909
3.63315
7.95724
5.89444
3.25158
14.5626
10.3263
0.0442262
0.138337
0
3.54548
0.938885
0
8.39555
11.3496
9.55266
0
0.367292
0.0108381
11.2993
1.13217
17.1048
7.6564
4.04082
6.11801
11.1451
0.510621
1.29496
8.21725
0.063988
1.84393e-06
0
0.0100028
0.374014
2.15051
5.7377
0.946952
6.90442
5.69518
10.4434
1.95539
7.28325
4.46197
9.9411
5.91976
0
0.0164074
0
0.402946
13.6548
15.022
0.672508
15.0503
0.972552
6.5803
24.8976
14.2241
18.1883
0.73845
0.356495
4.09106e-08
0
0
0
0.95932
0
10.6852
9.11949
9.75992
4.67085
4.804
1.90423
15.9999
4.53149
16.5531
24.7098
0.0147388
12.0568
1.27044
11.2389
26.9814
0.383841
5.58957e-05
6.21068
17.4174
0.0279308
4.83359
0.429824
1.31012
6.1042
4.25104
7.69916
15.6858
10.3931
13.3871
12.929
1.06948
3.26876
0
0
0.00697076
0
0
0
1.35693
0.931712
26.5966
1.06551
0.952705
2.72331
0.00611992
9.04371
4.53291
1.01885
7.20343
5.66921
21.8441
5.81812
8.48234
7.39138
14.4414
21.6157
7.06352
5.97221
10.5528
10.9821
0
0.856948
18.0514
1.88744
0
9.00491
5.07476e-06
36.3067
100.152
9.04026
24.9361
15.5337
8.9435
7.2866
0.825591
0
21.1409
21.1915
0.506305
0.00318985
0.953876
0.802473
35.4124
1.22359
0.00761736
0.0947561
0.676515
0
0.49536
10.5875
15.1235
9.1245
4.20771
0
0
0.878563
6.61334
9.83108
0.00758699
1.91651
20.8558
0.0460059
23.4597
0.657161
8.6449
11.5558
14.7882
12.1001
1.00888
5.91318
0.887942
1.1515
0
0
0.0420446
0.0073677
2.19111
0
0
0
9.25158
14.2212
2.23012
15.1302
9.58847
2.04369
6.14993
4.54528
3.64917
4.31086
0
5.1559
2.90481
5.23141
1.71715
5.89484
5.81233
17.7009
0.377279
0
12.4872
4.20846e-07
10.0872
0.0391778
0.0868705
0.0340114
12.653
15.7188
8.16377
14.207
9.23543
18.9427
0.720214
0
0.983783
5.81007
0.598436
0.00659978
0.846671
0
0
1.0952
10.1024
6.82386
0.627604
2.70594
10.789
8.99709
3.08484
7.56171
3.55344
5.86832
0
0
12.7828
11.2487
18.3672
6.22503
0.0447794
0
0
2.26072
9.55527
14.1869
12.7093
0.00144621
6.65081
14.0446
12.7453
0
12.3546
0.961963
0.963863
8.28827
0.0371047
0.197343
10.591
0.621819
0
1.29818
5.24718
0
0.111463
0.0487009
4.85144
6.43798
3.56395e-05
0.00670313
9.19345
0
20.8274
0
5.74355
0
0
7.39334e-06
0.0992898
10.8361
0
62.1467
11.3781
6.07832
7.7158
6.5056
0.83899
17.5537
14.0824
3.21077
1.85619
1.42119
10.2109
1.84355
15.4768
10.926
3.59496
10.3125
8.74516
13.7463
9.70311
6.96969
18.3348
0.0119139
14.799
1.2568
1.29157
2.99545
1.60073
5.10237
2.02343
8.3163
5.31332
0.342993
13.9707
0.980344
0.643857
0.13358
0.0394043
0.071148
6.31672
10.3308
13.4904
11.1117
0.085604
0.695652
0.70065
18.7275
23.816
0
12.8737
4.44794
4.90005
0.159776
0.104444
0
6.73589
2.37595
9.19198
11.5453
1.11562e-07
0
12.0459
0
5.30205e-05
12.6909
6.28683
0.423342
0.059107
5.47985
9.12293
8.68521
2.29961
2.89805
5.16707
0.00046334
0
6.77235
0.993149
0.0343871
0.660507
2.97264
5.21389
18.8742
13.9482
1.02366
2.09455
0.0476719
3.95283e-08
20.5661
12.015
15.1108
8.54773
6.82462
17.4684
10.1974
0
0.00507982
2.59191
0.1241
1.76349
0
6.89568
5.90216e-08
0.0342828
23.3817
0
24.0004
4.72226
0.419909
0
0.491149
0.12522
0
13.1692
14.8435
3.57655
14.4927
12.4016
0
1.27934
0.0487702
0.0239844
3.15435
2.23463
2.03157
0.264614
0
0.0204992
7.74938
0
0
5.91364
1.31181
3.69604
15.1628
1.5067
0.117262
0.0338267
19.7071
22.9329
4.69101
0.161404
1.34595
0.0541939
0.75792
8.19265
0
0
12.7019
1.26095
0.086746
0.574197
11.0366
8.31533
0.164424
5.2976
0.00183071
5.53187
9.81464e-05
0
1.65325
20.3889
0
16.1823
0.00843337
3.84366
0
15.3692
15.7372
7.32893
24.9174
3.99015
5.81418
19.7777
3.61875
0.00869675
0
1.19243e-05
10.6545
12.6018
5.21557
6.13442
0.724764
0.298135
0.423018
14.9825
12.2544
9.41973
17.9149
14.8604
5.81224
8.4433
6.6011
11.6086
19.5548
2.42759
4.52101
23.4757
13.9321
1.52333
0.0781378
32.9539
8.17145
2.45107
9.17854
6.34516
0
27.2557
9.25479
15.1098
0.001433
29.9071
8.54925
9.3618
11.9763
12.5951
7.04456
22.362
8.33826
18.1471
0.00387308
0
4.14573
9.61833
21.8679
14.174
24.0225
12.1392
8.25501
7.48783
18.9221
20.6222
69.5736
79.9424
23.2044
8.39056
8.0181
0.836983
0.013498
1.06661e-07
0.819405
0.760428
1.52298
2.46193
0.967418
16.1025
0.165576
0.892489
9.05215
17.5779
5.40072
4.72138
2.36244
12.2653
0.412223
1.17134
2.7824
3.822
12.3706
8.14
0.0329194
9.59549
9.38654
8.58731
14.924
22.3868
20.7057
0.0279525
0.00210236
0.400344
23.1745
7.8177
1.42688
1.55146
3.67731
0.364163
0.94975
0.0206593
0.000855467
0
28.6221
0
23.1756
4.25235e-07
35.0142
24.9138
0
0
0
9.39196
10.2226
13.2884
8.74625
0.413854
0.000293359
27.4865
28.2214
0.616918
0.154849
8.38294
15.0939
16.1124
0
20.7717
10.9771
4.31463
10.1322
2.27907e-05
0.263144
6.41988
0
0
0.0851734
0
0
21.6186
0
0.870481
15.2366
7.69716
17.8391
11.0857
3.16209
6.65253
0.0832039
15.1039
0
7.28994
10.2921
0
6.68511
10.5974
22.6669
0
2.21738
0.417406
24.7327
12.7215
2.52105
17.4071
1.3224e-07
17.0765
9.35849
14.236
0.512977
11.0768
4.60547
18.8838
8.83189
1.15097
0.0377137
3.84421e-07
18.0316
2.56446
22.8087
2.03284
1.74202
1.68028
2.17993
16.3183
11.7389
0.953801
0.00360522
11.9777
0
26.9105
14.8682
0.0438038
7.16226
1.87149
8.89958
4.8354
21.7735
0
0
0.00208694
0
0
0
0
0.306918
4.90937
1.93778
0.776527
10.8564
10.462
1.08009
9.51784
14.5783
0.00309588
5.51574
9.10328
16.5467
29.9596
33.7307
23.105
11.0318
0.501595
10.5546
29.3531
40.7768
23.5236
26.3988
2.36783
16.8593
13.8918
0
14.983
8.02763e-07
0.511999
23.4371
0.204457
0.749726
0.0253177
0
0.0163055
0
0
0.962785
7.53659
3.37285
1.65108e-06
0
3.43862e-07
0
0.055881
1.09842
0.126225
2.27926
0.0156198
27.135
3.01896
14.7594
10.5707
0.560028
0.0022577
12.3967
8.02731
5.40284e-05
0
11.0948
3.75096
19.8458
11.8246
0.582909
1.85027
1.70927e-05
0.0372939
15.6795
7.72992
0.811298
0.909608
0.0010732
0
56.1779
11.9646
14.3414
7.8066
0
3.90666
2.07092
0.554509
0.019551
0
24.0231
0
0
2.94814
14.8591
44.9424
2.80109
0
16.4721
5.36787
9.59119
25.5168
1.81908
18.4895
0.631659
0.696136
8.34377e-06
2.21231
2.59914
0.338676
8.18234
0.00427718
3.11945
10.3519
1.12805e-05
0.248336
0.236024
0
0.00886883
1.47299
0.916711
17.6606
27.1708
0.710392
20.5564
0
6.76531
6.44687
5.97329
2.55758
3.68187e-05
0.00503649
0
33.3631
13.2188
27.5366
26.2366
14.6819
5.91922
0.017038
8.83839
12.1898
0
14.2128
0
1.96
0.0815254
4.83792
4.19598
0.0218595
2.1155
0.0414805
0.536832
3.72848
8.07432
3.96053
3.32305
3.59917
0.0411693
1.06374
0.00877405
0.00119458
1.63592
13.6412
0.00341089
0
3.84824
3.62269
17.1569
1.38167
0.929945
0.372853
7.64005
2.03291
0
11.1413
0.131865
16.8405
0.777622
0.450613
18.9524
22.7876
0.263857
1.1293
7.9515
30.6942
3.10956
10.9728
0.977934
4.62061
0.715294
2.4468
0.0023011
6.855
3.14936
18.6243
7.94256
6.05525
3.84295
4.89718
5.14693
4.85382
8.05808
3.26323
0.0054174
0.000178228
0
0.218361
0.318053
0.0124911
11.8237
0.109114
28.5173
0
0.940361
0.844682
1.37152
0.387824
11.3256
1.85014
3.52372
23.4464
7.89389
3.80603
13.2061
3.28392
1.09548
0.077677
33.6581
20.7389
12.043
13.8755
0
1.45327e-05
12.7177
3.18339
0.0273365
0.00305958
2.93758
1.30817
0.000218854
0.826997
3.7941
0
0.00635183
2.74806
7.66199
0.25501
4.66534
1.58028
88.7808
1.32783
1.57239
2.5562
7.80781
0.968966
0.620759
15.2024
0.411418
7.25367
36.9482
3.02132
0
100.535
1.03522
3.10426
3.31051
0.12946
5.85702e-09
0.0467943
2.26031e-06
1.02076
6.10745
1.16657
2.783
0.047993
1.09847
2.56609
8.90275
1.00038
1.26415
0
0.841328
2.58991
0.0501418
0
5.6557
0
5.92589
0
0.0545148
15.1608
0.291171
1.89851e-07
3.60665
1.33911
0.980008
0.000197304
15.8912
4.74068
4.68206
13.514
3.18057
3.59707
0.000939653
0.187304
0.993446
0.0387777
0.607866
0.811879
2.90159
1.40182
4.55931
15.3946
10.0586
0
2.55474
0.638959
0.0548797
0.000218264
0.0285207
15.7271
0
1.70202
1.3785
1.31237
0.806283
1.25275
1.92411
0.930233
0.0307735
0.0021724
0
0.39266
1.01486
0.0895492
4.61736e-06
6.45069e-06
0
0
3.34304e-08
0
4.14242e-06
0
0.875028
21.1189
1.92608e-06
1.96354
7.06949
0.0004053
4.73426e-08
34.6504
3.61454
4.68854
0
0.139767
0.828372
0
2.10718
2.60625
0
0
1.57668
1.56359
1.02035
0.984203
1.0058
0
0.0877236
9.02747
0.20714
0.0122135
14.0813
9.14949e-06
0
0
1.65967e-08
21.4925
5.0182e-07
3.91289e-05
9.10612e-05
0.0377207
0
0
2.48502
0
4.43898
0.955311
1.75246
0
0.206805
2.21396
0
1.53309
0
8.77517
0.00450128
14.168
0
0.0325391
0.17333
0
2.65291e-08
0.0117251
0
0
0.825204
11.324
0
20.627
0.819997
18.5463
13.4268
0.0969922
18.0689
7.62182
13.3187
0.23254
0
2.37281
0.00258769
28.4418
2.90879
0.0562124
0.967148
0
0
13.6772
13.3778
0.159594
0
10.8085
0.385073
3.56698
5.29173
6.07998
19.5341
16.7011
33.3146
0
0.977817
14.4044
6.457e-07
22.9072
26.24
26.2432
13.6652
2.62774
9.96153
9.68694
17.3678
14.8915
19.8962
11.4481
15.3773
11.0395
0.0948205
10.7092
6.27504
0.00818314
0.000944032
0.622842
0.112651
5.63902
12.857
7.5201
0
4.66341
0.000338722
0.0385727
10.5498
10.0459
2.11434
2.4232
3.56245
11.6105
4.20078
8.85025
6.21708
7.28932
1.21041
6.83583e-07
1.91667
1.65952
4.82821
2.99978
0.0184312
3.31678e-05
10.0314
0.0181119
1.88927
0
0
0
0.0920527
0
0.830097
0.175003
0.0580511
0.781233
0.942536
0.0410628
6.6695e-05
0.607487
0.223106
0
1.77472e-05
0.705037
0.00020879
0
0
0.484294
0.144271
0
11.4752
0
5.70378
0
0
0
0
0.00677773
20.378
5.03366e-06
4.95978
0
0
0
16.8224
0.088795
0
0
0.00179557
5.04655e-06
13.4388
0.000655619
0.118109
4.78351
0
0
8.46185
0.0887245
7.9573
0
0.473451
0.0604187
9.39205
8.58362
0.995848
9.21666
8.22138
8.36109
5.20225
10.6872
8.36227
5.69806
17.0478
8.14289
5.68534
7.88552
3.51487e-05
0.00491403
17.5461
13.3994
13.649
8.87231
7.19558
11.1227
7.38358
11.1849
8.40184
18.2381
5.34722
15.2301
25.5627
16.5856
13.6603
13.2401
0
23.9878
0
13.5651
24.5655
16.0362
23.3937
11.7445
18.9002
15.9846
3.66666
0.273993
20.5648
13.2844
16.492
11.1039
21.032
27.3983
24.6834
20.8348
14.4286
11.8498
19.3942
14.2302
0
13.1867
15.6494
20.0373
0
23.8243
9.69185
4.14035
0.404221
2.42099
0.827611
4.515
1.74762
5.50032
4.63965
12.6883
0.459968
1.87093
2.3464
0.349287
1.69274
1.02145
10.3213
1.00791
0.654285
1.44014
14.049
0
0.0966523
1.04181
0.229381
1.77396
0
0.543914
0
2.18481
0
1.68674
1.62871
3.93882
0.359863
1.5318
22.4514
7.08382
20.5409
18.5496
4.66963
16.4743
13.3807
4.6086
18.0116
14.911
25.2639
14.5469
35.122
13.9503
0
19.7005
10.9135
12.0348
0
19.3471
0
9.95779
5.16529
3.08786e-06
7.76174
13.2822
22.1466
0.842396
29.8432
0
1.03947e-05
7.0519
10.4359
2.7264
0.000372516
1.46733
0.127869
0.355254
3.5015
0.252911
0.00629071
1.67536
15.2064
1.88468
0
0
0
1.13067e-05
0.00179463
2.53442e-05
0.000109349
14.3327
0
0
0.00546714
0
12.6381
11.5606
0.217989
0.423788
6.06055
5.37043
0
2.84865
0
1.48005
0
0
38.7938
2.07778
0.227686
14.5029
2.10829
14.8702
0.0206046
6.0619
0.0400779
0
1.37287
11.8555
0.0985592
0
0.000257852
7.13275
1.62256e-08
4.73734
5.93736
8.95536
5.01599
6.03346
14.6847
2.57332
2.67652
2.67536
0.307933
3.05163
17.0948
0.0773157
0.0558796
5.49714
0.0952752
9.8125
0.644075
7.77224
2.39168
1.68022
3.48179
17.3796
3.00131
0.197427
1.42905
3.03762
9.70629
4.81701
2.20374
4.46241
0.311348
0.649984
0.547351
0.567973
0
0.821807
7.4791
8.46601
16.8832
13.7562
1.98816
19.8195
13.0114
1.47828
12.9663
6.30487
14.7083
8.99555
3.88394
2.00955
73.5158
45.4061
0.878481
16.5664
9.91237
4.26467
0.000299705
0.694861
0.124327
1.31775
0
2.24921e-06
4.26621e-07
13.2591
7.26307
7.74411
0.87664
11.9853
0
0
0.381639
0.224151
0
0
0
0
1.04371
0
4.1167
17.1777
0.255146
9.68465
15.1028
1.47435
0
0
7.47169
2.72033
0
6.64183
6.01519
9.85015
0.00394737
6.78968
5.59307
0.194381
2.13913
9.66058
0
0
0.00226636
0.0405633
0
0
23.2739
0
33.7495
11.0983
14.4223
0
0.311608
0.000396493
0.342045
0.136995
23.8643
8.8686
11.1771
0
7.73529
9.76036
15.1218
2.47192
2.51097
0.731699
1.5538
0.119579
0.318701
0.835396
0.0633079
0.00408064
5.07023
0
0
0
0
0
2.38979
0
0
0
0
9.22437
0.022261
0.00581592
0.00643482
5.40486
0.018472
4.65093e-05
1.34381e-06
0
4.35386e-05
3.97654
22.5785
0.781077
1.58238
0.645296
0
0
0.00398814
0
4.56002
1.60146
12.2475
6.9024
9.86528
1.98461
4.17256
0.70915
1.27447
11.0943
4.61854
1.37055
15.2477
8.69575
24.9357
12.5255
6.41274
13.0571
19.3289
10.7248
20.0451
19.9906
13.5289
12.7436
11.4898
12.4978
11.0276
3.96509
16.4291
19.1278
21.6722
19.404
10.5701
9.96715
11.3093
8.65237
7.20835
2.25732
2.09192
5.05516
1.5879
0
0.0137815
0.0025287
0
29.7876
24.9726
0.00448751
4.13085
0.920848
3.12951
0.29561
0.00616048
6.58903
0
14.7325
7.31621
0.353805
0
5.21467
18.0438
1.37301
11.7694
11.6944
11.351
8.10458
1.21903
8.59227
0
6.87768
10.9611
7.95915
15.1646
5.89203
4.21726
5.73151
6.97365
1.80039
5.66098
28.3012
11.0486
3.67984
0.671148
2.57177
2.75395
4.04875
3.09736
12.5917
8.5654
9.42676
23.9104
26.3725
26.4787
13.7482
10.4238
15.8324
18.5412
13.5304
5.96587
9.86458
9.47121
3.03994
0
0
0
2.9865
6.51971
8.02741
5.64917
7.5337
11.7379
10.9957
16.4899
16.295
14.7644
5.70161
12.7491
7.63796
4.09657
1.50032
7.02673
6.26321
30.072
1.26266
12.0503
1.52008
1.55353
2.8605
2.33253
0.828299
9.77639
5.95415
13.4983
4.48457
10.9228
9.76452
17.7737
11.3588
9.19972
29.1197
11.3224
9.92797
19.6204
6.05296
4.28262
0
0.248523
3.51879
5.71046
7.35413
4.14565
3.01446
1.87102
12.2024
17.126
8.85235
8.92634
7.18341
11.6595
12.6078
21.5191
0
0
0
24.2794
25.9868
27.5218
2.12665
17.781
2.49029
8.48925
0.968788
2.19019
1.46897
9.86777
8.55408
0.00273047
10.7607
55.7699
27.4718
15.7478
13.0673
1.72456
22.8009
8.86787
18.801
13.0998
8.21554
22.3055
22.4577
23.3394
29.8614
16.5103
12.3389
16.7371
22.3405
6.44305
14.7232
28.6061
15.1112
15.7173
10.6831
29.2674
8.71136
67.2212
11.494
27.182
15.8331
5.74897
16.7732
23.1745
21.8243
17.8874
0
18.3932
0
3.06138
15.2099
16.7198
26.3
16.0788
6.28071
13.2272
13.1204
18.3586
22.4592
22.695
19.7828
4.27637
25.7165
18.4878
11.6865
15.7986
8.55227
11.076
6.82424
9.6655
11.4843
0.064168
11.0069
9.18975
18.6275
10.1514
20.2424
0
0
0.135486
16.9062
17.7414
14.7564
1.77044
14.9588
21.3067
5.40201
15.9502
7.05096
12.3761
6.0804
22.6641
8.28505
1.88771
0.00590326
10.9688
5.55681
0.380713
0.984713
7.30951
4.53023
0.788248
3.38937
1.03551
1.53517
0
0.29987
0.0274178
0.766246
3.95754
12.5381
1.37523
2.84727
1.10992
1.05713
1.61009
0.0362755
0.245024
2.17074
3.67977
5.14993
0.869335
0.856521
0.0947945
0.0288745
1.90122
7.35002
2.41847
0.00351829
2.53261
0.0290576
6.4819
0
0
0.86926
0
0.0234292
1.0937e-07
4.61147
0
4.83772
0
11.2081
0.565406
12.3303
0.906062
0.939296
10.2335
0.00594622
5.20813
9.4359
20.989
0.0732167
9.2517
0.165987
0
0.0105892
1.90192
16.0634
16.1639
2.91679
0.0332091
17.4029
0.996798
2.22405e-06
5.07555
0
3.26708
0
0.336519
0
0.759544
2.50233
2.09307
0.00360978
5.28553
5.91472
0.0486642
3.0186
9.41488
6.84987
6.49743
0.759721
9.86749
12.7902
3.45178
2.85077
0
0.0461859
0
5.34896
6.24153
0
0.940613
2.23947
0.862929
0
0
0
0.000808115
0.856046
0.228859
2.29313
0
0.0563444
0.136283
0.157774
0.00352139
0.0199474
0.98953
0.0582365
0.000764756
0.0642483
0
0
0
0.00473721
0
0
0
3.89401e-07
9.60181
6.92555
12.2978
13.2124
15.9682
2.61053
1.86805
0
0.529244
0.0348309
2.88585
9.35172
0.103732
5.56888
0.0466292
0.487106
16.036
36.0742
39.8663
14.7876
13.0593
5.76208
14.8392
8.16649
0.200789
5.7373
4.35928
1.77586
8.46354
6.00537
4.14032
23.4314
12.5425
4.37049
9.21888
0.185342
10.678
0.20615
11.5988
0.0916154
13.7474
25.8115
0.020848
0.0498139
1.22229
0.561535
0
1.60871
1.10327e-05
2.26327
0.837759
1.22874e-06
0
7.03045
0
3.0606
0.980448
4.43599
2.26682
3.28258
15.8634
7.93579
6.80959
3.89292
0
13.7145
10.4774
16.1502
4.90494
42.7231
12.5811
15.1976
0.124519
6.97297
0.0549823
20.9138
11.5204
9.26929
4.06328
0.943938
7.83736
16.8393
11.6061
4.40707
11.2379
11.1579
4.22315
0.929728
7.77914
10.5928
3.82077
8.38748
0
5.57121
17.9568
4.71573
0.519194
17.3758
0.0119877
10.5539
0.696222
0.0207941
0.664409
0.0251062
8.68573
1.57627e-05
14.9067
24.5573
14.5203
9.06398
3.73521
4.41033
6.51701
1.35625
0
0
1.74157
8.42005
7.92735
5.80854
21.7891
8.02681
15.6983
9.57748
12.8484
19.9173
2.77715
18.6949
0
0.00157503
9.21336e-06
7.43646
0.00404002
6.2134
3.90535
3.01249
2.65916
0.200182
6.03118e-05
0.512731
0.0680058
1.10263
3.37738
0.9983
0.0419195
0.0114974
17.0192
2.22388
0.0163264
5.76064
11.8595
0.133064
4.39609
0.491982
2.42864
0.00560799
11.6098
0.776365
0.0773951
3.23594
0.230024
0
0
0
0
0.662806
0.415359
0.00813402
0.088606
0.000283915
0.00924081
1.04043
0
0.14388
1.00388
0.164004
0.851575
3.2394
6.5384
3.72996
5.36961e-05
0.604251
4.72598
0.664896
0
0.209649
0.995293
7.37188
0
7.98523
10.2331
9.84359
6.51131
19.5672
6.16147
21.5763
0.358234
9.12401
3.33771
0.264255
11.8084
2.40999
0.805441
0
12.0509
0.00018679
12.8493
9.72466
18.2041
9.40113
10.6049
12.8473
1.00531
34.1001
9.45671
18.9278
13.2111
1.2625e-07
16.2367
0.0307152
22.0523
10.2067
16.831
12.7063
2.8995
2.8184
2.74153
0
1.28314
0.184747
1.03803
2.72058
8.27389
0.032408
3.08773
1.27939
18.4851
10.7397
10.0885
17.1154
29.5906
7.432
19.7975
8.16221
25.3787
13.9579
14.6554
13.2603
14.1427
0.00625391
5.31067
7.36835
7.38235
2.02097
9.22395
13.509
7.19465
5.25864
9.93551
10.9389
6.53533
11.1655
19.2482
7.08719
12.3994
21.637
6.60799
8.73655
8.87466
0
8.23756
11.8216
3.2152
12.2392
13.9811
0
18.0712
33.0576
14.9082
0.77526
0
22.2426
16.0171
20.1591
13.5655
5.60725
12.9487
9.09267
4.92909
26.7351
21.3736
24.0892
4.09463
19.6642
22.1193
15.6438
25.0504
29.3876
6.2621
19.672
17.7586
30.6341
26.1486
0.324789
22.2123
16.6238
13.6644
3.78732
13.897
28.3184
56.9989
23.0175
0
32.2232
31.8418
22.0208
0.274182
11.1981
7.3812
71.4746
16.2279
18.8726
13.7569
12.5801
0.899227
0
2.53595
1.86423
11.3983
1.79901
16.9558
17.4601
26.341
12.9872
16.4439
0.144211
15.2625
0
8.67402
14.251
13.5774
9.4046
18.436
46.6956
45.3809
17.4503
19.4852
15.1136
27.0705
18.7907
0.999492
15.7062
12.6803
27.2383
0.0115863
18.4987
9.62337
14.9128
14.3548
5.828
17.8908
14.5824
0.0334135
15.2079
16.1988
10.6616
23.79
21.6367
0.00312536
4.10022
5.4553
3.86558
0.503965
6.6639
0.401714
5.29789
2.2995
11.8097
1.5281
12.3509
8.97661
10.39
15.6382
2.20176
18.1608
23.6211
0
3.39551
6.62144
11.3292
2.50739e-05
9.9343
10.5437
11.5572
4.19114
15.8847
13.6732
11.4581
6.5471
12.3791
16.9583
10.0008
10.4435
4.17944
14.0965
7.89111
35.3871
30.6335
0
18.9598
17.7021
3.02577
3.9908
1.22989
0.823021
1.20062
4.46376
1.03852
5.32496
25.0277
22.9173
22.2669
6.97349
8.18567
12.9471
6.33648
8.76994
11.8307
19.2871
15.7003
3.04248
11.4008
30.5748
20.5219
18.1921
54.8231
8.63247
19.0753
48.6493
11.8944
15.028
0.923431
23.5387
51.9825
13.3744
4.58885
10.3212
0
3.68604
5.6625
27.6436
13.6657
13.2302
5.67251
7.07392
0.0471813
5.67985
19.515
9.56665
5.38356
11.1017
1.92528
11.0696
6.5767
22.9961
6.02635
1.49804
24.3045
15.4754
1.5658
26.2053
3.2178
17.7484
0
8.8579
0.0382246
4.12899
6.57993
1.99185
5.72669
1.5923
0.659553
14.1762
1.93349
9.01005
0.149361
5.56142
2.94596
0.0351045
10.4061
1.13124
0.937002
0.00963039
0
0
13.5864
5.83711
11.1232
19.1091
14.1459
10.867
6.1968
1.83616
2.11979
1.94673
6.76432
13.1426
0.211581
15.8318
15.0608
3.6096
9.4343
2.60564
3.58181
5.08902
3.88749e-06
2.90348
1.95878
5.74164
10.5374
0.986822
0.000469833
6.30857e-06
0.00744885
1.27068e-05
16.1232
20.2878
9.9086
0.069119
0.934945
15.0163
7.74854
21.8848
6.02642
6.0552
10.5034
12.0056
15.7494
35.2336
8.34521
0.00111238
6.96965
11.4258
16.2545
5.41801
0.948736
8.50529
12.5942
30.1711
5.58829
8.85179
8.1367
168.411
10.9515
16.2911
10.0206
169.874
6.76254
6.82046
15.535
6.13429
9.35648
13.2703
9.2981
9.03501
6.1613
12.1744
13.5285
8.36894
9.95059
25.6477
19.0791
4.35624
0.00313864
0.0268122
5.36337
17.0443
2.14173
0
0
0
7.22616
0.680027
2.67637e-06
0.0302719
1.24504
2.518
0.009004
2.42776e-05
12.5228
0
4.2948
14.9897
0
0
4.32766
5.9506
4.12585
0
2.53354
0.778921
0.869427
2.34435
0.992007
6.47269
0
0.734023
28.0313
4.99117
0.432481
0.541169
0.47485
1.12552e-08
0
5.53582e-07
0
12.0403
5.52647
20.442
1.14247
8.40072
1.41606
10.2816
1.814
7.07784
5.65224
2.39274
1.49297
14.7995
3.7052
0.842188
1.85041
2.45313
3.76522
1.6601
1.17608
7.90286
17.2134
32.5543
12.5619
15.6848
2.29211
7.08054
0
1.11351
5.89247
16.7926
4.85294
6.86983
2.43554
3.36017
9.20501
0
14.4217
8.79746
10.6503
21.485
13.6591
14.5413
18.3194
7.88905
8.38252
8.15982
19.3353
25.7215
19.4593
17.9298
10.8318
1.57151
6.83481
4.92667
1.84709
0
0
2.18283
7.88004
0.731716
3.77206
1.24959
14.3984
25.9186
3.82755
0.502014
9.50819
5.40351
6.543
6.78262
3.21347
0.00641522
0.91381
4.56698
4.47739
43.69
10.8412
51.5422
22.0489
13.7272
19.6676
0.687816
0.0497103
1.3486
18.9994
12.3601
1.34755
0.848867
1.2512
15.7612
1.24841
3.74601
3.45567
4.97901
1.97462
1.39136
13.4055
21.1856
7.12049
0.52802
9.57398
4.90636
0.0103924
0.0680682
0.96972
0
3.5314e-05
1.25272e-05
17.006
2.52944
3.45657
0
0.0407638
2.91942
5.25507
1.78291
6.20564
6.58755
0.000380869
13.0726
0.922435
0.872564
0.0682504
4.3496
3.52394
1.58913
0.0384102
0.0188298
0.00128459
0.000179767
0.0952662
0.0375217
1.53352
3.72107
1.8779
4.65039
3.11001
0.00239522
6.58578
3.9216
8.46612
5.05647
4.68524
29.558
3.37043
2.2561
6.66616
12.2214
6.81922
3.08213
18.1681
2.65807
1.89475
6.738
6.59772
9.15132
15.0786
4.76434
3.65446
7.21392
7.20661
0.969286
3.01294
15.4385
0
0
0.000889935
0
0.00127016
3.06446e-08
0.050603
7.76402
0.00100135
0.0795944
1.05512
10.2514
0.173487
5.09273
5.51675e-07
2.66189
0.357932
14.4907
2.54116
2.42155
9.69798
18.3953
22.866
17.1148
2.13271
2.98151
18.4438
22.7261
6.00308
14.583
9.02712
4.3733
4.07488
21.467
1.52435
34.0436
10.7281
11.6929
12.4484
6.56324
1.00691
11.1794
0.00818374
2.18105
0
12.6561
2.71642
0.0217106
12.4406
24.17
0
12.121
13.3001
13.5576
23.186
4.32976
13.0618
21.3955
23.2483
11.0725
23.0715
11.5949
7.41992
11.5357
11.9791
3.82869
2.51689
0.870302
12.252
0.806452
1.47248
2.04786
0.906419
1.32668
2.62867
0.79035
1.3104
1.1891
1.40545
0.0171791
0.212057
0.576809
7.56989
1.2543
2.09951
0.948601
1.55333
0.0334738
0.588922
1.90857
3.45677
4.00989
0.659132
0.868726
0.132814
0.0350377
1.69053
2.19772
0.00258634
1.86714
16.4994
0.178523
15.9525
4.45544
3.7575
2.75954
7.53617
0
1.4859
0.0342451
6.69846
0
2.88366
14.4331
15.598
0.373459
6.19953
12.4155
18.8107
15.4576
4.97533
12.2563
60.5061
1.01168
20.0385
31.3656
0.657556
0.125194
18.9716
3.95283e-08
4.40697
6.93568
0
5.71419
0.742943
13.9511
0.425129
0
0
0
16.886
0
3.82216e-07
0
0
6.33297
20.069
9.90708
9.32904
0.0225435
16.7412
19.0022
4.84029
22.6836
11.9733
13.6718
1.12016
0
0
12.8198
11.2048
1.24308
0.476474
0.662875
0.474899
0.304144
17.3274
0.562823
4.69188
18.0706
0.0198294
0.00024447
3.99542e-06
0.00545833
8.35101
8.8393
0.023214
0.99832
0.0170956
0.0428473
0.987467
0.0193104
19.2206
0
2.16638
13.6001
0.259245
0
2.29152
0.73672
0.0262332
0.0286529
18.4323
20.2488
0.551658
0.735444
0.174069
0.722216
12.8478
0
0
0
11.2984
0
0
0
0.1011
6.48123e-06
0.732275
0.251937
0
1.77299
0.0220592
10.3231
0.0116549
0
21.2754
0
0
0
0
0
0
0
4.48709e-06
0
0
0
0
1.1112
14.9191
1.18744
2.41164
1.2694
0
0.779655
0.973826
8.47324
0
2.04309
0
0.00236363
5.0028
12.9454
3.3829
1.06535
0.150876
0
0.403589
9.6335
11.0314
3.01048
0.479318
0.0581187
0.377485
18.3193
2.71202
3.66916e-05
5.84677e-07
1.8554
0
8.69366e-05
0.304554
0.000245295
0.371843
1.63897
3.70325
2.44668
5.99143
0
11.0854
4.17842
1.48432
5.54702
0
3.33004
9.8351
0.16018
1.10419
4.41503
11.3183
0.00443787
0.430742
0.211253
0.787699
41.1404
0.979381
0
11.0257
2.4307e-06
0.0086588
10.2877
14.5996
0
11.4681
18.3871
8.24008e-09
5.32645e-09
3.5777
2.45872
2.06334
0.0326855
0
1.97271
0.00475554
1.91844
6.44114
1.96883
0.117308
18.3803
7.12022
0
0.010005
1.48404
0.556851
0.579438
15.4359
2.77251
4.02486
1.58757
6.2348
17.8693
13.2862
14.935
0
13.6013
18.9778
9.76123
17.6092
1.58667
2.99176
17.6696
4.14676
24.3735
5.41546
0.986386
13.2963
0.379592
1.39557
0.182828
0.215146
16.4789
0.368804
0.358298
5.77603
21.0155
1.19913
16.1683
19.5021
7.2346
11.7322
2.02999e-06
12.3914
16.9054
0.208874
1.4928
14.4239
6.52014
0.794965
2.79567
24.3762
15.6547
14.8904
7.23203
24.4226
9.75303
9.26879
15.7045
2.81564
13.1683
0.0132563
8.51072
25.8549
13.7507
8.70071
0.327729
0.120186
0.614951
0
0.770409
5.8443e-07
0.014336
0
0.00031032
2.09156
7.17951
3.7433
2.74907
4.92508
1.96577
6.11385
0
0
1.6019
13.5239
0.152733
0.930066
1.88297
10.701
0.0181277
2.35099
10.0211
2.56083
12.4917
15.6259
19.8711
0.299574
1.35645
0
0.0643898
31.4231
0
1.35103
11.659
9.02111
0.85329
31.2304
3.0696
0.1268
0
12.9147
17.1667
6.06931
0.335936
13.0127
0.338506
0.927132
25.2287
9.50185
5.22472
12.9833
5.11481
11.3193
2.51828
8.50772
6.94678
3.63568
4.5396
5.34974
4.67957
5.43094
6.27996
0.925825
5.09172
15.7717
0.0440238
4.59615
7.86742
22.9115
2.72727
0.0123926
0.801391
0.0224332
0.0184529
1.04533
0.995183
3.20763
0.351631
0.84863
1.13441
0.00550835
0
16.7138
11.2583
0.98454
38.7268
6.76877
9.76514
11.3712
7.35705
11.9606
1.73219
13.2907
5.06324
5.90313
5.35136
15.5687
12.6605
9.29989
10.2634
4.22501
15.1657
17.9051
56.2475
7.43455
8.0183
5.694
13.9398
9.79349
0.632043
0.804085
1.03322
0.0254747
0.00148042
12.5395
0.991504
19.8755
0.497932
0
12.0553
14.7694
18.0471
9.92392
6.56811
3.27042
0
0
0.86133
0.916068
0.364405
9.40132
0.00930075
0.0153828
9.78385e-07
23.6524
23.7748
3.51218
1.4579
5.21107
4.08142
0.236933
0.00431143
0.666662
0.0176503
1.61138e-06
3.02298
0.109701
3.66749
0.880188
0
9.06343
0.721133
2.47976
2.77519
4.86263
1.48328
5.73824
3.06083
4.37031
7.91265
0.298278
0.402919
1.08921
0.465457
10.4448
8.4029
0.325877
0
14.4597
2.62763
0.0289952
16.8673
0.738079
18.5051
0
3.58485e-06
23.5602
