4.58035
4.16039
5.84178
0
1.45018
12.3946
0
19.2723
0.732608
29.2203
28.7803
0.650315
0
2.23685
12.2703
0
4.22228
13.8725
20.6201
36.0474
12.3162
1.77206
0.000925276
0.00461145
1.92941
2.01336
4.54729
2.32898
14.644
0.0013647
0.052287
1.13064
1.45031
0.834179
2.60025
0.000164755
2.64526
23.0811
17.7265
14.7005
12.158
24.8347
2.55278
13.5488
1.01402
14.5656
6.9024
0
0.0582226
0
0
0
7.44375
1.97708
2.04692
4.13029e-06
18.1296
1.72189
0.245864
0.37029
7.34899
0.0180826
11.8426
6.7657
10.3485
0
2.84997
1.56339
6.18603
1.1162
31.0147
6.09571e-06
0
0
1.33224
2.42488
5.70857
1.25774
0.487482
0.838765
1.02969
2.45028
0
0.881257
40.9898
2.85973
11.7016
17.7378
12.7273
14.0018
25.4048
15.8337
2.96808
11.3418
10.6959
9.38445
12.6432
32.5708
1.84696
1.67557
9.65637
8.19514
6.82448
12.5205
6.76906
9.6465
9.80164
9.84291
15.6464
6.82068
14.9102
11.6198
12.0274
10.3789
7.75381
11.4897
5.4492
1.95779
3.80908
1.88233
3.87184
5.48833
1.28697
1.68404
0
3.00701
3.0438
3.5595e-05
0.00345916
0.819822
9.93148
1.08054
0.758505
13.563
0.744459
7.61908
25.4441
0.0426467
0.17531
4.63181
0.00216102
0.0639554
0.297758
5.35366
2.5157
0.540987
0
0
22.1283
66.9407
2.36559
1.66829
0
3.74784e-06
19.2391
3.55277
6.18554
2.43581
19.9587
0.997859
36.5696
16.1893
16.5624
19.4527
0.672532
2.04954
7.86689
15.3676
20.5656
9.23245
11.443
3.30204
7.69301
9.30917
7.00544
0.390507
0.0289556
0.806162
0
4.28613e-07
1.62355e-07
13.3991
0.042577
0
17.2223
7.8488
17.2398
6.38779
19.3625
30.3552
18.2115
20.2897
18.86
19.6229
5.45516
0.00389139
7.65255
3.59119
20.6728
11.966
65.8446
101.691
20.2688
42.517
20.9765
2.10921
13.6355
15.9339
58.7914
11.0209
24.5889
31.945
4.29785
31.7395
15.5836
18.3042
5.94363
27.0922
20.1019
8.22118
0.481145
3.59965
15.4791
11.544
19.4756
15.0792
16.3444
26.0005
37.7016
1.95391
1.0498
4.27813
17.717
2.92866
2.81461
0.324111
3.42408
2.1545
6.80053
5.68253
2.89163
0.955279
1.88441
1.05039
0.988366
0.400052
0.284823
0.0196476
1.33344
0
0
11.3863
0.0459348
0.951942
0.00357379
0.0529637
0.0319062
0.104452
0.104596
0
1.71895
0.00338675
0.809775
0.208303
3.93815e-06
0
0
0
1.70207e-07
0.0554981
2.20991
1.91588
20.372
1.21063
0.826907
0.999713
0.806642
0.129581
10.0568
0.386678
33.6568
0.133654
1.67392
0.0897997
0.0279577
0.308092
1.70127
0
0.00622038
3.98143
1.21885
0
22.2166
1.09373e-06
1.22095
0.0207841
0
23.0097
7.84623
8.35937
11.3646
0.134083
7.26486
10.7801
2.76721
17.8468
0.251346
4.11985
0.654116
1.34608
2.94013
3.38587
4.7085
3.55014
10.2041
8.95623
19.2545
8.94551
10.0476
8.81388
0
2.38496
1.01132
0.777654
17.7206
6.51113
1.13762
1.0599
0.150758
0.166602
0.000225152
2.56244
0
1.66161
6.72044
8.95771
8.88619
5.47784
4.80911
4.22198
45.2696
4.43674
4.28078
1.66052
0.464207
1.57304
0.902984
5.40287
10.8248
9.70455
3.19265
4.81762e-08
21.8661
6.66161
0
0.155271
3.81723
9.45958
0.0933922
2.97595
5.89344
4.71035
0.175411
2.76392
0
0
0.376917
0.00360753
1.82579
1.15436
5.06064
0.983913
7.78018
3.86585
3.98656
3.93495
0
8.72793
11.3716
9.11443
9.37824
9.88026
1.65055
11.1577
13.6263
5.46993
4.52872
9.18802
1.67955
3.36172
7.38862
8.11412
2.9193
4.28414
8.56449
8.92001
6.72808
7.31759
9.33762
25.3831
9.48881
20.3865
8.91939
17.8208
27.6701
14.9795
12.712
11.8951
9.31461
4.44672
14.8422
11.3722
8.02436
14.1611
4.18135
6.46206
47.5578
17.0864
14.7122
3.74121
2.26627
45.9445
25.6503
12.2754
16.8577
36.9034
15.624
8.69229
23.1577
15.2708
42.0608
50.0837
32.4798
44.0913
24.4184
12.4141
31.7669
0.597172
26.4172
16.8397
11.0211
15.7735
12.5652
10.8192
12.1778
0.0936364
1.62224
0.0892758
1.77327
6.49004
11.096
3.03709
14.1485
7.31789
17.615
8.86068
15.9821
20.3588
6.28819
13.1745
5.47932
3.803
2.90586
0.207365
4.8927
2.9872
13.6715
2.61166
1.83996
3.96735
0.649033
2.06163
0.128322
0.064242
1.31018
0.0256148
4.99056
3.70789
1.38303
5.41707
5.84124
4.07495
2.86754
14.4604
12.7033
13.534
9.7701
21.3478
2.31186
11.2696
15.3908
17.3269
17.1855
3.24823
1.20278
22.4582
0.452474
4.5996e-05
0.0197813
0.00234364
16.3775
24.8861
10.8043
10.5662
21.4825
11.3436
7.18816
6.64637
0
4.85393
10.3516
2.12209
0.000546214
10.2359
9.36042
16.8729
24.0349
13.5394
15.8568
1.43796
8.66402
14.5124
8.34285
0
0
9.36808
9.41104e-07
5.81252
0
0.0701625
0.00723066
2.17641
1.56361
3.13827
0.656335
1.00667
0.51912
0.00737959
1.01452
23.2552
2.12035
1.81121
10.5649
5.16814
5.37029
11.0594
19.8858
13.0434
15.1086
13.5055
30.1519
18.9814
0
31.0294
2.38518e-05
27.63
22.2601
12.3185
17.1668
13.747
2.71901
1.28337
0.703223
4.92087
0
0.00226412
7.80538
0.0479251
18.9134
9.7751
2.71636
18.2105
10.4005
2.32768
2.21683
7.42353
9.00936
27.8283
49.1609
5.92681
1.36787
2.12194
0.867401
11.4794
6.44847
0.0322451
3.16778
2.37091
11.0769
0.981949
0.0607759
1.00263
3.55188
0.749856
2.99233
3.01531
24.0796
0.155532
0.826882
8.93298
5.15565
16.6902
13.5137
1.01059
2.9491
12.7239
0
1.35011
0
4.58445
1.85601
0.0252186
7.58727
6.91668
18.2305
0.00232818
0.639676
0.676661
11.9236
0.211669
10.8219
19.7707
1.01218
0.562994
6.43854
0.576398
0.0924174
5.46492
0.780516
0.926967
0.954123
0.748335
0
0.0313875
12.5032
0.447459
14.3723
16.5248
4.35121
2.47123
7.32688
1.70327
14.4715
28.8833
0
0
0
0.586472
18.4771
48.5093
0.672968
17.2907
0
6.11907
53.9528
12.4295
19.2766
0.796483
0.894465
4.44662
0
0
2.31505e-08
0.443162
0
8.28357
15.8055
21.8298
2.41224
10.3286
1.56259
15.895
14.0782
13.839
18.302
8.10554e-06
7.95758
0.500568
15.1436
23.5422
1.13581
0.00336486
17.767
27.4162
0.40524
8.20715
0.0339826
0.75446
11.2905
17.5173
9.96039
21.6456
13.1134
10.2102
11.1659
1.67417
4.66237
1.69129
0
0
0.0761805
2.10286e-06
0.0452004
0.422459
0.371113
29.3525
0.69694
2.19485
4.5227
0.14387
5.84652
7.86704
1.57785
13.5147
3.13377
10.1573
4.44156
15.708
4.25397
31.3009
16.4933
11.6057
19.0754
20.9749
24.3027
0.000961227
1.27436
26.0694
3.14708
1.9968e-06
9.91396
1.29499e-06
48.9088
99.5229
5.60065
17.8786
21.9818
12.9459
12.9888
1.12157
0
19.8475
58.235
0.802611
0.141579
0.980907
0.237303
29.5916
0.857088
0.463683
0.218061
0.118637
0.49398
0.520447
6.03618
14.4302
10.7172
2.60296
0
0
1.36783
11.1399
19.1844
0
0.773698
56.5636
1.81703
24.5374
0.833106
14.5981
20.6684
13.5659
55.3335
0.210596
2.13644
5.01173
1.63058
0
4.03082e-07
0
5.87563e-05
1.43603
1.01737e-05
1.95778e-06
0
13.4601
16.0136
3.30654
30.6317
11.0847
4.0263
4.62335
3.46837
1.72337
3.26527
3.12959e-05
5.37602
2.14614
3.43213
4.24149
30.838
7.35052
19.6778
0.558568
0.222827
10.935
0.0109074
26.0597
0.0264453
1.24401
0.0274903
20.4418
15.8602
2.81716
20.7606
5.81746
18.8612
3.1254
0.151139
0.955497
16.4929
1.91657
0.39704
0.544981
0
0
2.326
12.2477
7.83025
0.37232
4.8823
24.2004
4.13931
3.90393
8.15916
8.23993
16.2216
0
0
9.08826
12.9808
25.4806
4.02514
0.021447
0.000267307
0.0121186
2.35338
10.0728
7.74261
11.516
2.57171e-07
9.71814
17.2647
7.92698
0
16.4393
1.55341
1.95671
16.8323
0.214794
0.0059654
15.0841
0.00648472
0
0.0158997
8.50371
0
0
1.80467
4.45077
4.75868
0
0.00609168
23.1634
0.376201
12.6735
0.495885
6.62021
0.82289
1.28754e-07
0.000157107
0.10213
16.7378
0
4.22481
11.0905
6.76177
13.3437
10.6229
0
22.1924
10.3911
5.25564
3.44282
4.05399
9.82453
2.00862
14.6037
15.2211
11.0662
10.6909
3.86935
15.2445
16.9036
11.6103
15.9501
0.338341
7.15246
2.21686
1.2429
9.66636
1.70059
10.8384
1.12919
8.61299
6.64155
6.35072
15.1236
0.701993
0.0963935
0.477379
0.506112
1.10958
12.0645
13.0703
18.8465
13.0984
2.52877
2.00103
2.90708
10.8443
23.3404
0
16.1109
6.77558
11.4062
0.371874
0.666977
0.0367911
14.9952
2.37137
16.7691
11.9654
0
0
30.4308
0
0.000149693
12.8661
6.87562
3.92337
0.0276551
9.6101
21.4753
4.12554
2.0713
5.96265
16.7047
0
1.07043
6.17668
0.000495548
0.861999
1.7698
1.11764
10.0318
39.1972
19.7197
0.00335704
1.97456
1.09733
1.34604e-06
11.6197
6.05313
10.1547
12.2497
8.14916
30.9301
8.96114
0.465794
0.0214728
3.59764
1.66642
4.24275
0.0199999
3.54762
0
2.14049e-07
24.7828
0
13.7729
4.58678
1.73407
0
0.565281
0
0
8.90689
19.5245
1.93211
28.7421
14.9116
0.00161273
0.0111529
0.041915
0.625095
2.8959
1.58369
2.32053
0.0764987
0
1.93832
1.43981
0
0
4.34378
0.903028
1.50541
21.5677
1.131
0.00627602
0.909479
11.0831
17.811
3.09199
0.0819461
1.36937
1.33209
0.781092
9.66413
0
0
17.4134
4.48011
0.144124
0
21.5403
6.17871
1.01294
18.8619
8.62677e-07
10.6867
0.0363549
0
0.427257
21.6844
0
36.584
0.10248
5.2042
0
12.7429
8.71137
5.431
21.714
7.92636
4.05071
31.837
3.37317
0
0
0
22.9392
11.8645
8.62729
9.61033
0.655531
2.44363
0
13.4171
13.6925
24.2981
26.6036
23.4825
19.21
20.1213
8.42679
19.962
14.2803
12.0347
11.6421
9.21427
11.6479
0.00786998
0
17.2885
9.32696
1.33412
5.61177
2.01596
0
16.1743
15.5524
19.3129
0.0246519
115.114
18.6205
11.7225
12.1613
18.7918
8.45063
20.2967
16.2786
19.9999
0
0
1.43692
14.2254
21.7908
15.1542
14.264
16.1681
12.9079
14.0309
21.2383
18.9327
50.1011
44.7241
29.7963
5.91545
10.5199
0.897366
1.26729
0.368497
0.889684
1.10872
1.82656
0.16309
0.0630037
5.54342
0.0820088
2.26765
9.85363
12.2253
22.4073
4.4569
6.95274
16.2994
3.71873
2.49874
4.67537
7.44721
15.0789
11.2377
0.416614
15.9788
12.807
16.0415
27.2134
29.0868
13.8539
0.0402599
0.00194497
1.8605
21.5944
3.45415
1.1252
3.53179
3.05281
0.957071
0.0780657
0.145369
0
0.000602838
23.5673
7.50184e-06
21.2938
0
15.7068
47.518
0
0
0.127167
8.6318
13.6779
22.3216
13.9587
0.586933
0.808783
42.3434
27.7956
2.36858
0
9.9194
28.0921
40.9488
0.00147211
11.3413
15.891
2.93965
17.623
0
0.0334179
27.7707
0
0
0.268479
0
0
25.6565
0
3.8049
8.60296
12.7111
8.07098
14.7196
7.80275
20.1964
0.0491114
14.7876
0
11.0699
10.6507
0.00331856
9.39899
14.681
17.532
1.1214
4.87696
0.53897
22.0291
16.7852
4.16498
20.9093
0
14.2977
14.471
22.8966
0.0253735
14.5168
1.88632
27.2667
11.5612
0.00864433
0.863898
0.895452
13.2353
0.417958
15.6824
0.0105835
0
0
0
11.0589
0
0
0.0571354
12.77
0.917748
12.7288
18.5334
1.01289
7.78157
0.95424
9.6391
6.30685
11.2765
0.0891503
0
0
0.91108
0.0096855
0
0
0.630498
24.6055
3.91084
3.6199
17.4089
9.90852
0.849004
9.50963
11.3444
0.557913
14.6728
10.1315
19.1248
21.1717
26.2941
18.0695
18.9455
0.44815
10.7912
21.0335
32.1033
22.1362
23.6308
8.75482
24.9431
24.6916
1.50953
15.6832
0.000822084
2.33554e-07
30.469
0.859359
0.366814
0
9.8254e-07
0
0
0
1.22831
18.6457
3.54884
0.0534371
7.44382e-05
1.91947e-06
0
8.68319e-07
3.19134e-07
0.983611
0.0162429
1.47669e-05
72.7928
5.77109
32.6186
14.2556
1.98276
1.54624
7.69521
15.6583
0
0
15.4211
4.29005
9.15207
29.2336
0.67426
1.21422
0
0.349824
11.6896
12.1189
2.13776
1.3769
0.478832
0.85418
36.3886
11.4572
14.7966
28.2527
0.22103
8.72949
1.98913
1.42862
0.00402341
0
16.2767
0.0134374
0
1.36879
16.6854
81.6028
1.44128
9.80301
27.9041
2.92765
18.056
18.1279
1.38254
4.28594
0.538401
2.44562
0.791299
2.03799
3.79949
8.72173
9.72389
0.414456
5.92426
7.96126
0.8884
0.00204741
4.35314
0.150931
0.94869
0.732598
0.000699426
23.8322
20.1431
1.04067
19.5678
0.165452
10.1921
2.81358
7.24115
2.95418
0.014265
0.000618531
0.29332
47.3135
24.3439
16.4446
22.5785
11.6607
7.16252
0.0357727
13.9487
21.9482
0
10.4747
0
0.94424
0.246229
4.74189
4.7145
0
1.74196
0.121197
0.867468
6.10164
15.3301
7.42038
10.1196
5.21704
0.068609
0.346039
0.0090516
0.0350174
3.51175
25.022
0.0344554
0
3.93704
5.10575
8.18023
0.340012
0.684828
0.890636
3.76501
0.970613
0
26.1193
1.04204
17.0386
3.06507
1.7736
21.0585
26.7613
1.06966
0.955011
19.0348
27.7112
4.56153
34.0987
6.85729
9.76393
3.79438
3.69801
0.861221
4.89292
9.1104
21.1389
8.56483
9.14127
3.43723
9.76366
8.47426
8.85574
18.45
3.89406
9.62233e-06
0.197403
0.763573
0.165844
0.707156
0.000813447
13.6741
0.0383436
27.3791
0
1.30516
0.749228
4.82063
0.871371
9.29027
0.591177
3.94392
21.5488
17.1239
4.32378
24.0096
6.79623
2.35482
0.968483
27.7333
18.7903
18.2471
7.8522
0
0
9.36703
6.46302
1.67442
0.714106
5.85007
0.00230799
0.255703
2.46541
1.78274
0
0.990159
1.47307
8.3636
0.737231
13.9857
1.71502
64.6296
4.03737
0.990351
5.64636
4.1957
1.30617
5.31197
7.90588
2.05333
9.41764
28.1256
6.54564
0
66.9397
0.27619
0.881851
3.49498
0.613676
1.54786e-08
0
4.47069e-05
0.726409
13.5313
0.372473
1.70633
0.311737
2.75403
2.89628
10.7812
0.084477
1.59134
0
0.746534
2.79528
3.26948
0
22.7134
0
12.1649
1.29176
0.0945371
11.0296
1.02409
1.25673e-05
10.8838
1.46722
0.867152
1.57825e-05
13.4692
6.52829
4.23014
9.32654
3.22502
9.91339
0
0.355865
0.425374
1.63164
0.00432928
2.61981
2.73423
2.28365
3.4589
37.0313
14.0526
0.000131491
2.99025
0.0133622
0.492814
1.6914
0.772916
8.01262
0.212557
1.16358
0.163005
1.78864
0.718949
1.06686
0.43355
2.08343
1.61273
1.66773e-06
8.96206e-05
0.0847182
1.47861
1.93629
0
0.528705
0
0
0
1.72389e-06
0
0
0.0254758
19.5389
0.00322875
1.75668
10.8071
0.00481406
0
48.6225
1.33848
13.2244
0
2.84435
2.09177
0
0.555847
2.3196
0
0.423321
0.916355
1.4803
3.01574e-06
0.142925
13.0769
0
1.64881
10.5606
0.896932
0.000593213
16.4058
0.433874
0
0.0944722
0.853739
12.2464
1.27921
0.100406
1.23928
0.688639
0
0.0376283
4.5702
0.118079
0.432884
13.3943
0.00547441
2.75216e-06
0.512627
0.0463736
0
0.997999
0.0067082
3.50903
1.40196
13.7529
0.0510493
0
0
0
0.266868
0.0541988
0
0
0
17.8911
0.000837214
14.0186
3.97945
17.504
24.8099
0
12.5902
15.0728
35.1271
1.69071
0
1.77027
0.00465838
26.9526
0
0.0728476
0.532692
0
1.25207e-07
9.52473
7.25801
0
0
13.0963
6.84886
3.39797
17.2157
7.2012
17.8639
8.9329
38.1248
0
1.79897
16.7422
0
11.4568
14.4489
22.706
25.8962
5.37118
9.83155
16.9187
16.1369
14.2095
27.3455
25.2705
7.7977
3.8644
0.120691
8.7783
5.21968
0.166833
0.0373392
0
0
4.98744
10.1906
4.11653
0
3.64196
0
0.106491
2.78953
6.12285
0.486366
3.21237
0.444385
3.80098
4.91094
3.94657
5.53918
7.36095
0.000211138
1.22544
2.02696
5.12159
2.60975
0.107641
0
0
4.49691
0
0
0
0.672763
0
0.265613
0.0682242
0.927599
0.0097228
1.69652e-06
1.43568
6.38228e-07
0.886055
0.821699
0.113097
0.000220872
0.915
0.827528
0.00146998
0.369552
0.908504
0.0805537
2.3367
0.462975
0
0
0.383257
0.8102
0.537985
0.20171
0
0
0
20.0394
0
4.39558
0
0
0
19.8611
0
0
0
0
0
10.4737
0
0.224283
1.68743
0
0
7.10516
1.36319
7.89828
2.72911e-07
0.297811
0
7.81757
10.336
0.29523
12.1903
8.29291
7.36636
4.87299
6.36027
9.56335
8.43375
24.9531
24.4548
13.5003
7.75373
0.00817854
0.0218047
18.2999
10.8697
17.0529
19.2649
12.3703
11.0215
12.8121
20.1315
19.5955
21.7244
4.08018
14.0325
20.1064
22.6792
13.0991
11.125
0
11.0141
0
14.9968
17.1915
22.011
18.0761
6.07866
12.761
24.6718
9.13775
0.732138
21.8584
16.9184
10.2103
15.0355
26.5017
25.9315
25.1056
17.832
9.48215
14.584
12.3207
16.9187
0.0581493
12.9876
14.2904
11.1884
0
15.4841
8.19142
8.87022
1.09075
2.30436
0
1.08871
0.0194933
1.70499
1.98636
13.7359
1.59447
1.29667
1.25231
0.00701627
0
0.94749
15.9331
2.36236
0
3.35808
10.589
0
0.752539
1.11254
2.79662
0.73429
0
0.002
0
1.27896
0
4.95826
2.23448
2.63141
1.29733
1.83057
7.42075
8.39425
21.3295
19.0985
8.63067
24.9545
11.5291
12.7205
25.8662
15.7853
39.8084
22.4044
28.7532
10.8926
0
22.2534
19.997
16.7291
0
22.0433
0
6.1857
5.66604
0.993814
8.90274
4.01378
17.7989
5.4004
26.5156
0.896456
0
4.94317
7.59281
2.1998
0.000903433
4.0146
0.372824
0.719658
4.21959
3.07826
0
1.46522
9.87455
0.00337925
0
0
0
0
0.000299407
0.000297832
0.00135098
21.7465
0
0
0.168044
0
17.4611
17.0242
0.477511
0
14.0725
4.07472
0
12.0522
0
1.19877
1.53669e-07
0
23.1837
2.19359
0
24.7357
3.9892
19.2944
0
2.61672
0
1.39723
8.28204e-07
22.5024
0.292419
0.124554
0.623768
19.5189
0.307086
11.0883
21.2582
15.5259
15.8462
14.5583
11.8139
2.46462
6.52004
7.9777
2.57598
2.42013
16.8391
0.303792
4.79376e-07
12.4069
2.71787
9.08022
0.318908
20.8585
0.892919
1.22179
14.5262
23.3984
8.65112
2.8733
4.12394
7.3488
16.5224
11.6389
8.83106
12.9895
0.89988
0.034555
1.75697
1.6482
0.0378248
0.00783171
6.91754
28.4228
5.77794
23.5767
0.349988
10.3729
10.939
0.575976
26.078
9.93845
42.5828
8.77417
5.06439
1.78568
30.3857
32.9105
4.93126
25.8771
8.99115
0.00163201
0.572236
0.750504
0.0447211
0.24239
1.97854
0
9.46446e-06
5.89706
14.2905
29.3647
4.52807
16.5806
0
0
0.0177878
0.549982
0
0.00573453
0.00137289
5.06437e-06
1.46369
0.217199
1.28923
27.1133
0.184232
5.56689
3.85087
4.5986
0.00733113
0
6.54436
5.93525
0
9.1281
2.5255
3.85827
0.0155371
25.0828
24.7238
0.9221
7.52525
5.07033
4.86897e-07
0.504842
2.1485
0.336298
0.881623
0.0373889
22.6046
0
87.2281
43.1037
30.0966
0
0
0
0
0
14.6051
6.25989
20.4069
0
7.78545
17.5132
18.6605
2.81593
5.19927
6.29767
9.13951
0.0434428
2.01792
0.0456144
0.505484
0.00661456
6.23688
0
0
0.00568937
4.23964e-06
0
3.65167
0
0
0
0.672384
8.98356
1.93755
0
0.398474
8.12749
0
0
0
8.93905e-06
0.452101
4.58951
31.4296
0
1.26712
0.0383278
0
0
0.157764
0
5.29093
1.5624
12.0358
7.54106
6.06783
2.16807
8.81782
1.64374
3.66334
12.7467
5.16561
2.28614
10.6625
13.2106
29.9243
18.8792
7.636
21.9098
32.5257
16.4474
14.1322
14.5804
17.0819
12.9331
10.5176
11.0074
19.5116
6.75163
13.5399
11.888
16.1739
11.1859
7.18751
16.9788
13.128
16.7936
6.56512
3.35026
0.772911
6.19703
0.740515
0
0
5.02838e-06
0.86618
40.9615
23.0657
0.0472909
5.00418
3.20797
5.83656
4.299e-06
1.40035e-08
7.86309
0
18.1112
4.37133
0.00024769
0.618499
7.741
19.4764
1.57151
21.4063
33.1738
29.6323
12.755
0.225099
11.4235
0
11.7976
34.3288
11.9284
46.6775
6.42037
4.88201
9.1856
9.04741
6.46719
9.70214
24.8677
25.6851
3.90547
0.695301
4.44786
6.41265
11.8101
10.5096
22.6969
10.9652
9.75978
23.9386
31.1202
28.1374
19.4509
15.382
10.5099
13.7017
12.2543
9.9179
12.7872
8.35257
10.4464
0
0.000145228
0.558471
4.43557
1.1345
6.56364
2.45717
3.42773
5.03209
29.4196
28.2117
25.8626
28.1113
3.25631
22.6471
19.875
7.98465
4.67352
2.1264
4.1571
24.1589
4.76591
26.1221
3.42415
1.77499
4.08507
5.43389
9.05727
0.488606
7.42807
11.6363
6.29782
10.7374
14.4861
18.003
13.1096
18.2215
21.563
13.2898
13.851
46.9899
6.69087
4.40406
0
0.140498
3.11224
1.16703
5.88739
9.39104
11.3655
0
12.0744
21.1621
8.46349
8.80275
10.284
13.9032
18.5836
18.0779
0
0
1.99275e-05
48.2715
49.1842
38.2593
3.87448
40.5905
3.0665
6.54913
0
1.668
0.715669
7.12453
24.4603
2.8458
8.83197
86.9575
37.4171
21.5357
11.1011
1.83864
43.1945
13.5649
37.6908
11.3075
5.54588
40.0936
36.4171
42.5781
46.0702
16.4617
12.7559
9.60692
18.7694
9.11016
19.1353
18.4877
22.3635
11.2137
11.0269
22.9019
17.1429
27.4413
11.9344
25.3575
27.7979
17.0848
28.0178
19.6767
26.7471
21.4633
0
22.8004
0
6.92324
13.4758
26.5589
15.4373
11.637
10.2468
13.9958
11.6283
13.5167
16.0619
14.4002
9.68076
5.22526
7.93741
10.7967
6.35748
6.45247
8.53198
6.56909
9.82467
10.622
12.9145
0
12.6356
18.1631
16.4959
5.72714
12.9981
7.91452e-06
3.27496
1.39633
17.211
17.5803
15.9423
0.257334
16.9994
25.4116
12.2457
17.231
8.02964
9.4226
13.9361
25.4051
2.88782
3.18872
0.146311
19.5965
0.878281
0.978895
1.86546
1.13644
1.03403
1.50013
1.40563
0.697686
1.87208
1.00817
8.93503
0.721088
0.17292
0.562519
13.5694
0.208075
1.58738
0.211713
0.810579
0
0
0
0.00297087
1.18109
0.69044
0.923855
0.502843
0.88894
0.131368
1.54135
6.78776
0.0124588
0
3.41204
0.0822722
12.0959
0
1.55504
0.142998
0.321466
0.398279
3.08805e-07
10.4105
0.47749
2.13481
0
12.6053
0
11.6611
0
0.0010928
6.61137
0.660002
17.3654
15.3089
19.2658
0.210064
9.26432
0
0.00366414
1.31354
0
17.1968
20.1331
1.76969
0
26.2557
1.02811
0.0122354
2.29538
0.711867
3.64328
0
1.49736
0
2.03072
3.31288
4.1822
0
12.7486
1.86832
0
6.1238
22.7292
1.53411
14.4516
1.03873
7.76313
13.6849
7.28683
7.80763
0
0
0.00521792
4.96889
7.9762
0
0
0.837528
1.60836
0.811358
0.79828
0.940505
0.340403
0.959711
0.234181
4.2208
0.0477838
1.37836
2.42415e-06
2.19188
0
1.78911
0
1.15811
0
0
0.969254
0.601021
0.00714298
0
0
0
0
1.28789
54.0691
11.3352
18.3494
12.7022
19.9205
6.63416
8.32846
0
0
0.000895619
1.07319
13.3036
1.03075
6.01532
0.0277193
2.75847
15.9056
62.3668
48.6097
16.9956
8.90921
6.70187
12.333
11.7218
5.31601
4.56064
18.1634
2.08074
11.3833
10.5123
3.47109
26.0936
15.8322
5.79256
16.1729
1.86167
16.5604
1.52718
32.3359
0.130218
41.5649
55.893
1.72796
0.885372
1.09035
0.974667
0
1.5507
0
1.02444
0.0214334
2.49541e-06
0
8.12956
0
6.90031
3.80574
7.91975
1.91418
2.24595
15.5113
16.1595
11.7959
3.31947
0
15.3424
16.8042
10.3675
8.91451
15.3775
22.4186
21.5768
1.12989
13.0478
0.0300295
24.7185
20.6392
15.8528
3.07304
0.00573212
14.1934
16.6536
49.1398
1.06253
41.7661
56.6179
8.90593
4.28528
23.5631
23.0937
5.9637
26.6166
0.0614665
5.60792
32.0609
2.79432
1.0692
38.0863
0.0953686
14.038
1.45538
0.320994
2.28782
0.649831
11.5148
0.419748
22.6919
8.35268
27.2829
23.5425
17.8487
26.735
19.7956
2.38891
0
0.00769779
5.671
18.9424
26.5373
13.6552
21.2226
14.1458
16.2014
9.55184
10.2905
16.8598
8.79765
10.2197
0
0
0.00537606
6.49613
0.231871
13.2206
10.7003
2.95462
0.681004
0
0
0.069272
0.163784
4.593
2.46342
0.764138
0.456932
3.7463
16.4554
3.66599
2.42492
3.22217
15.9714
0.531931
14.9945
7.65781e-06
8.87925
0.450037
11.0688
3.87386
1.52494
4.00244
0
0.713145
0
0
0.0846991
0.0053327
0.315222
0.0203544
0.235693
0.00437558
0
0.0948733
0
0.544806
0.357597
1.01473
1.10761
5.12017
11.4724
4.90632
0.000170139
0.537619
8.52266
0
0
0
0.305195
11.8736
0.716819
5.75543
24.1054
9.4391
8.35669
19.8819
10.5132
22.4113
0.793543
7.16186
9.7205
0.165527
12.2292
5.13723
0.960533
0.0170695
10.5273
0
9.71596
10.3646
23.563
11.8481
15.4667
18.6692
0.964506
39.3665
13.0168
14.5274
17.1637
0.64607
24.8819
0.0127611
27.4089
11.7758
27.5991
24.8174
13.6444
3.24262
1.3867
0
3.24077
5.31866e-07
3.56192
2.71823
16.2713
1.72127e-05
12.848
7.15834
38.6874
9.83105
19.3865
28.602
23.5033
12.207
18.5027
16.2214
21.0013
17.9133
17.981
14.1891
16.5442
0.814169
7.18942
11.9651
20.9964
7.68841
9.77257
10.9953
9.21001
9.72873
16.8716
14.0939
4.07758
22.5025
15.2322
10.4272
24.4939
35.5078
8.9771
11.1489
14.787
0
13.8415
10.7289
5.3356
3.73416
3.17867
0.00686676
12.0257
15.9202
17.7955
0
0
20.0692
16.7181
12.8669
15.094
2.00913
7.91882
15.7038
5.67618
13.7715
17.9754
2.55965
4.97192
7.72739
7.83436
10.397
20.7199
9.06361
21.4999
4.55332
29.0927
23.3229
19.9846
0.019496
18.835
15.6153
19.0895
3.19424
17.5695
26.0768
36.2825
26.1322
0.0290625
43.9625
34.5768
41.1288
0.414681
11.2133
9.30035
28.7518
14.0465
9.45119
12.7665
29.6257
2.10406
0
3.3519
2.30763
13.2273
0.0728527
26.1197
22.8227
48.3435
21.6404
18.5206
0.467857
21.5181
0
20.0899
21.28
20.0891
20.6384
24.5268
29.1685
48.2702
24.2912
30.3664
22.6003
27.2655
28.7192
0.149934
21.0482
11.9733
36.0737
0.0184754
9.71172
7.04348
12.4645
13.2287
5.29233
29.1689
11.4873
0.930734
11.5417
13.1036
6.96046
15.1569
25.5658
0.20449
7.719
25.4738
6.42628
1.77596
0.0504382
0.0684885
6.64133
1.17239
15.3275
0.617253
13.1429
14.1245
9.08556
28.0265
6.02863
7.66214
47.4793
5.20638e-06
1.44511
4.71726
5.12542
1.07029e-06
10.145
14.0154
4.98477
6.76391
5.91817
11.6785
16.5782
11.5505
20.5054
12.5928
12.7108
12.8644
11.7716
20.2387
5.34334
27.4544
29.7204
0.769319
14.3364
8.01649
44.6132
8.74646
3.80145
33.2443
10.2695
6.05356
8.94919
11.4982
47.0557
15.0474
18.47
11.5241
12.9273
8.51059
9.14113
16.0819
27.5315
56.6446
11.0336
1.0169
9.47341
29.3885
20.5025
114.85
11.6902
6.53447
30.704
33.6565
14.9844
14.4316
0.103737
14.6302
3.21197
19.9644
17.0548
11.1433
0
5.72569
19.6212
12.0662
11.3153
13.1071
3.01097
3.52746
1.87988
4.48673
16.5925
7.12483
5.2213
13.1895
2.13408
16.7502
6.63825
24.2062
8.0978
2.34821
38.2058
8.26298
5.94362
13.2742
8.34042
14.6856
0
5.95001
1.39148
10.4542
4.83041
1.76181
15.7269
3.53333
0.88183
29.0812
0.0130452
18.4526
9.47475e-08
17.9791
2.51297
0.992462
20.4782
1.87799
0.0894286
0.540637
0
0
25.0893
10.2021
23.0534
19.5232
16.1836
21.3903
15.0088
1.52351
1.32613
5.71224
13.2302
20.9791
0.396381
21.8877
22.4784
0.28206
14.4286
1.36794
6.09931
7.0137
0.646661
9.11112
1.19028
2.66914
7.94745
1.3671
0.00842806
0.00110641
0.00188205
1.93774
10.7828
15.3643
13.4568
0
3.39612
16.4989
12.2979
12.6186
8.26405
6.43115
6.31165
7.66774
8.08459
27.1329
7.33086
0
7.83829
7.32308
10.2593
10.3163
0
4.62747
11.4285
7.52801
4.3912
4.75423
7.94788
94.8497
5.84502
14.4662
6.33359
181.024
9.3239
6.25323
10.084
8.01072
10.0616
11.5293
9.13386
12.4362
9.08417
7.46989
6.83734
6.78762
5.15048
53.434
17.7255
25.5482
2.69285
7.09263e-05
12.8929
19.8951
0.221042
0
0.00468082
0
4.57518
1.2208
0.118888
0.915784
1.63645
1.69823
2.86401
0
11.5917
0
4.77876
10.3269
0.0153579
0
14.5346
1.81668
9.73236
0
3.51393
0.717308
4.48548e-06
1.53729
1.20023
0.651063
0
1.86481
21.2074
2.64711
0.00145934
0.00735776
0.563597
1.22137e-07
0
0
0
13.4179
6.98532
18.1642
0.449195
8.94243
1.93085
22.2481
7.46403
13.1755
11.4399
9.14767
10.4717
10.064
13.7352
3.37019
5.71555
10.1493
7.72554
3.79711
2.28137
16.742
48.4462
36.8404
18.6077
14.7654
0.615861
3.08068
0
1.91872
9.02777
8.95561
4.42433
7.40111
10.0904
10.1868
23.3372
0
23.432
15.9175
15.1304
27.5292
21.6736
19.4946
19.9074
13.1424
8.16825
16.2262
8.07145
16.109
19.8882
12.3014
7.53554
1.51321
7.38653
13.4723
4.53372
0
0
5.59773
5.72636
1.18835
0
1.97735
17.7682
33.8522
11.86
7.01299
3.91722
10.7891
28.0264
11.9671
14.1388
0.684845
0.0291409
10.4071
15.8659
72.7532
12.2155
54.7316
14.5114
18.9084
16.9522
0.842001
1.38563
2.61369
10.4964
14.9592
4.84237
5.54991
0
16.3288
4.3456
6.50456
9.20051
4.35353
2.81442
0.461391
35.1576
51.1033
7.05829
0.542465
5.34392
20.7243
0.00179998
1.00563
1.30986
0.941011
2.30879e-05
0.00217997
13.5386
2.7849
4.69951
0.00552008
0.276155
0.0012904
8.00746
0.0266517
8.5505
12.6852
1.39255
20.5712
5.35801
0.256771
1.04856
14.633
5.44727
1.84184
0.937285
0.00036819
0.0130428
0.691009
0.00778019
0.848964
1.28245
3.35256
3.4794
5.76012
5.22926
0.0295925
7.09999
0.0685305
17.1579
5.33499
4.01175
19.0221
6.89203
4.86069
18.2685
34.747
21.8448
5.18245
29.9381
2.76487
1.43007
6.50509
3.50717
18.4887
5.52211
6.2135
8.22772
9.59693
7.0521
1.26241
5.07519
27.1363
0
0
0.174585
0.00839469
0
0
0.00808208
0.466059
0.799681
1.91844
0.167393
7.95455
0.125602
1.15341
0.808391
2.78136
0
35.1124
14.8697
9.8857
18.5158
36.5318
22.1415
17.8922
2.23999
6.92949
9.62692
18.0081
3.93567
15.6343
18.6223
4.39489
1.80447
13.2454
2.69345
15.6266
12.8753
14.667
14.6273
10.9147
1.42292
8.7459
0
4.26492
0
6.27225
2.38074
0.249174
17.6435
21.9363
0
10.0799
13.9899
12.7539
28.4633
5.44884
11.4455
16.3307
32.4691
34.363
23.3255
17.9372
7.63289
7.99633
10.8922
7.27785
3.29486
0.658556
21.0724
0.451224
0.627599
0.928865
1.69837
0.0583977
1.45479
0.928804
1.6111
0.1596
1.60125
1.0358
1.83948
0.213043
5.56446
0.412606
1.87311
0.137154
0
0
0
0
1.02601
0.392694
1.24276
0.325616
0.888163
0.147592
1.65008
0.00651055
0
2.36868
17.3871
0.63526
23.3151
20.157
10.7171
6.13686
8.44417
0
1.14341
0
13.2748
0
2.70547
3.983
13.025
0.0842398
5.43095
26.3016
20.611
23.789
8.32896
11.464
29.8245
1.45295
18.0868
24.4519
0.224082
0.0583574
11.9826
0
4.70825
28.6169
0.922302
6.5323
1.70196
22.7003
3.25844e-06
0
0
0
8.22154
1.64123e-06
0.035352
0
1.77838e-05
32.7327
65.396
26.8595
25.1082
1.6211
31.8814
21.3289
3.18272
24.8466
17.336
17.3711
5.40391
0
0
22.7743
0
1.60843e-05
0.00691816
0.0588088
0.984864
0.375624
13.8397
1.09949
1.24495
17.7908
0.00136622
2.1223e-05
0
0
11.8542
25.3051
0.000351144
0.0387678
0.000137625
0.00324754
0
0
20.7023
0.0469763
1.4857
8.18385
0.00154115
0
1.99171
0
0
0
10.5832
15.7104
0.0180615
3.10961e-06
8.51827e-05
9.98884e-08
14.4746
0.0905746
0.00977472
0
13.99
0.000517087
0.00315095
0
0.811456
0
0.931589
0.802899
0
0.101643
0.000338105
12.7797
0.573968
0.00494165
9.63941
0
0
0.0376127
0.00415882
0.598906
0
0
0
0
0
0
0
0
21.6088
0
0.724001
0.0546685
0
0.682219
0.564353
8.19014
0
0
0
0.0446087
7.24532
26.9848
11.3333
3.29398
2.75069
0.0228772
4.55965
13.7407
11.5286
4.94014
0.0509902
3.41672
3.87835
13.6992
4.0354
0
0
2.29369
0.00446153
0.000180806
1.78024
0
1.78559
0.440148
1.67971
3.16743
15.4303
0
16.2955
3.11363
0.74691
10.183
3.01461e-05
5.40298
21.4592
2.49315
1.0265
12.8391
14.44
0.0340929
0.166641
1.79036
5.92442
73.6115
1.90087
0.31391
4.68234
0
9.96227e-06
4.16585
14.0812
0
1.69669
23.5685
0
0
0.0161513
0.236743
0.335806
0
0
2.51442
1.18694e-05
2.63921
5.78266
2.83074
1.85866
16.972
14.1303
0.407485
0.0280987
0.0620547
0.334059
4.29194
24.9469
5.80853
2.10764
0.0306926
10.5261
28.5004
15.3022
18.3527
0.212571
12.1959
23.0698
16.4027
25.942
1.57136
1.8157
20.0095
3.22914
24.3993
3.6611
2.0368
11.2376
0.522198
1.43511
1.68427
0.839753
23.4142
1.3829
2.06064
20.6825
16.446
0.0116703
14.2386
11.342
9.39869
9.79367
0.232954
10.0379
18.3987
2.42031
6.99583
21.1085
11.3069
0.499516
2.68601
77.4515
18.6776
27.604
25.1022
18.1054
8.83105
17.6693
23.6484
1.65489
19.6206
4.28154e-06
11.4827
30.201
15.534
9.22358
1.11295
1.16638
0.71528
1.59216
0.0991531
2.27092
1.77939
0.927353
0.0175761
1.7566
4.26849
0.466992
0
0.344373
0
2.33839
5.95601e-05
0
20.9626
13.4508
1.2895
0
0.903119
12.316
0
2.62242
19.3999
7.60433
23.5462
10.8881
21.2148
0.184127
2.28492
0
0.87719
30.6861
0
2.30172
16.2334
6.8727
1.00283e-06
32.7115
5.82558
0.1941
0.270102
15.7076
22.2883
5.2946
0.153772
25.1098
7.09501
1.02812
31.55
17.2895
11.1931
18.7847
13.1241
10.5963
10.1169
7.08785
6.54615
2.76225
7.92344
5.79089
4.47477
7.65942
21.2576
0.14148
6.68273
14.7485
2.77193
11.6381
10.5906
11.5951
5.73073
0
0.012882
0.00720164
0.00577188
0.635762
0.0110182
0.511699
0.327924
0.0325279
2.22941
0.00414781
0
22.7318
20.07
1.72156
58.5623
12.5453
12.8641
7.27756
10.0663
9.709
0.594444
29.675
4.23348
7.13459
7.23625
4.83602
15.6048
8.55393
18.8679
4.93329
10.005
19.72
58.7076
18.0993
11.3685
5.59328
13.166
14.2364
1.02903
0.760754
0.57598
0.00117248
0.257948
1.18949
0.804886
18.7789
0.000192633
1.07252
18.6861
15.7784
18.0426
13.3665
15.6222
7.80275
1.43438
0.0512969
0.000378971
0
0
11.862
0
0.00329737
0.278225
65.7753
18.6951
8.82135
3.56431
11.6529
2.86079
0.194883
0.000520342
1.0286
0.238805
0.00013863
1.40471
1.63914
6.34427
1.29824
1.15742
11.1086
0.223637
0.00315015
0.497996
7.43435
4.89869
12.3526
8.03539
5.72293
3.10177
2.11356
0.622065
0.944056
0.606014
10.653
0.129858
1.90252
0
20.0547
3.93825
0.895243
15.0093
0.294515
24.4114
0
1.09883e-05
16.374
