3.95469
4.72519
3.35079
4.64658e-05
1.35304
9.40264
0
12.4961
0.189599
12.8345
25.9182
0.837831
0
1.64075
3.63132
0
0.486895
27.7103
21.929
9.81552
18.4102
1.37962
0.00563599
0.00161759
1.37874
1.09836
3.20601
3.45771
36.39
0.186327
0.504872
3.07369
1.77654
0.89915
0.935246
0
2.9389
14.5554
16.1933
12.9237
10.5742
17.1583
5.20865
11.5948
2.07006
8.36719
0.830749
0.080337
1.31643
0.000412196
0.478846
0.121231
22.622
3.34417
3.39305
1.18584
32.9494
1.77381
0.535002
2.77415
5.00908
1.90046e-05
6.09221
3.9358
5.72913
0.000228481
0.646621
1.06721
3.96803
3.44773
16.4166
0
0.000776744
0.774413
2.50078
2.9065
4.07412
0.975843
1.34622e-05
1.58216
0.0116588
2.45227
0.0139057
0
39.9246
3.02232
11.8718
15.0143
20.3932
15.5597
19.649
16.6743
4.63744
7.96691
8.22527
5.60348
11.9101
24.7972
1.34669
1.15861
6.43264
5.71537
10.111
14.9841
15.5992
8.36611
9.65926
4.01145
3.76031
11.5001
14.1722
13.6121
15.1873
8.79959
13.72
11.9859
5.15958
2.40038
4.78231
4.62162
5.12369
1.04959
4.70565
3.79411
0.913931
4.07236
5.91163
4.71216e-07
0
1.55803e-05
6.69899
0.164783
0.00653099
15.6469
8.76446e-07
10.5607
9.35191
0.600818
0.698444
4.9739
0.0231736
0.589518
0.141645
2.74827
1.61375
0.482948
0
0.00869506
30.9536
77.9716
2.2619
0.62507
1.79736e-06
0.590021
14.9213
5.30794
15.4281
11.495
13.9968
1.09719
9.89346
11.3384
5.53727
14.5201
0.721741
2.54695
5.97521
2.87429
0.00925561
0.0629572
19.8242
2.83527
1.73901
1.26984
0.0624719
0.468957
0.638624
0.00980215
0
0.579833
0.326811
22.3083
1.61666
0
23.9877
7.41314
14.0189
6.50501
13.9395
30.0605
25.0402
27.2417
16.7336
12.2771
4.95495
0
9.07831
4.83656
13.5649
10.3296
37.1567
104.907
15.7509
43.4995
23.6006
11.1619
13.4801
6.46676
53.7259
16.695
23.2404
16.8838
0.99854
26.068
27.7704
41.284
8.73164
34.4703
13.7594
6.66696
0.0130808
6.77143
18.7219
5.32519
16.0129
14.2975
27.35
19.4547
31.4084
0.818597
2.13961
6.62484
17.7787
2.20316
5.76163
1.47974
2.26549
4.47745
2.85579
5.63782
3.52311
1.34619
0.884678
1.66644
1.09927
0.7836
0.181159
1.13045
3.54396
0.314746
0.352509
3.80696
2.75217e-05
0
9.9171e-06
0.00717479
0.922143
0
0
0
0
1.79554
0.683385
0.000997845
0.000443861
0.0388023
0.988154
0.137596
0
0
3.94974
0.970281
25.887
0.00333987
0.225801
1.18961
0.770457
0.0616639
6.77726
0.0640822
18.7339
0.0264179
0.60778
0.000394201
0.0277423
0.191214
0.56858
2.40978
0.392402
4.57086
0.00900962
0.590872
19.4112
6.24271e-07
0.934254
0.370953
1.11909
21.5592
6.18057
10.3697
12.8407
9.55588
18.1727
19.5949
2.34883
16.4048
3.98008
9.46245
1.15252
1.07393
0.305951
1.76561
2.64131
2.67552
10.9904
13.5862
29.1021
10.7434
12.6498
12.3649
0
6.94384
3.80043
5.28419
9.88059
6.44297
3.87346
0.0894166
1.15523
0.221647
0.00452714
3.57732
0
2.58693
3.10592
8.91432
2.24599
8.02672
6.92934
1.01023
31.9661
5.86724
4.0089
0.0923351
1.67236e-07
0.156652
0.746157
5.73694
6.74813
5.26171
0.00449236
0
18.5542
5.95071
0
0.339171
4.55815
11.8649
0.000527912
1.36902
8.41108
3.05551
0
5.26662
0
0
0
0
3.1701
0.78352
4.44453
1.03932
10.634
7.78081
4.77193
5.65737
0.151461
8.37426
14.8546
15.3787
14.5834
10.3533
0.709679
7.63109
9.18862
4.8104
5.15942
15.6328
4.73887
4.35999
10.5838
8.61502
7.30294
4.06616
0.00308432
24.2282
24.172
15.7842
8.89645
18.1291
10.9943
18.1004
17.1093
12.7496
17.139
11.0721
15.2513
13.7213
14.9478
9.15034
11.5497
13.999
11.9125
9.91972
6.3322
6.40883
55.0364
9.51462
11.9376
2.0813
4.61815
30.9613
28.0971
17.5767
18.1085
30.2638
6.47937
21.2558
27.9791
21.0826
25.8583
22.8743
32.5639
23.9408
18.9325
9.48334
38.1213
0.870289
6.91743
13.4898
13.2805
11.2592
16.4996
9.07915
21.0882
0.0168592
3.38864
0
3.00967
6.68251
12.81
1.44162
13.3469
9.97401
25.5022
8.94471
24.8198
19.9619
11.7511
10.3112
7.09053
2.84127
0.94409
0.0445299
9.77817
1.42532
29.508
9.68574
0.0391247
3.50114
2.7502
1.02891
1.41436
1.03253
0
0.0821445
1.71129
2.94961
0.0169618
5.48401
10.0798
3.84232
4.09115
14.5618
15.6209
14.2566
9.15705
18.2849
4.33787
25.2767
23.1327
21.5312
26.0038
1.54441
2.78862
6.80076
1.57241
0.00726887
0.0151595
0.018687
11.253
31.1281
9.31268
13.8372
23.5676
10.5274
9.09602
15.9085
0.393362
5.26126
5.77566
0.347013
1.48526
6.14926
5.7095
7.55609
20.7493
9.85511
16.5348
3.95263
4.34525
15.1176
10.7769
0
0
15.6462
0.000352634
3.48462
0
1.71516
1.17225
4.08672
0.980604
4.23253
0.338412
2.14764
1.20539
0.384283
0.355098
26.1604
5.30505
0.119505
6.05201
3.83545
1.97783
9.70861
19.9362
13.8458
19.4144
24.7774
19.56
23.0362
0
22.5391
0.0627662
20.2149
28.1714
12.5187
10.196
7.95946
2.99602
3.10517
0.128831
7.26947
0
0.526341
10.5496
0.130624
14.8277
7.94392
3.27158
18.2289
6.91065
2.64197
2.78293
0.25285
1.9237
24.0512
49.8698
5.45354
1.83549
2.76792
0.00320947
11.6369
9.5861
2.53836
0.275436
1.14937
18.328
0.9366
0.5101
1.96775
4.011
0
1.78368
2.32658
14.3559
1.75575
1.90312
12.3993
3.77764
6.61469
3.97159
0.189345
2.57175
8.3032
0.261123
0.461015
1.42986
1.26448
0.406347
0.0236945
15.4194
19.2478
20.5192
0.000707543
1.41286
2.96644
20.0165
0.746856
2.30171
2.34271
0.121607
3.26236
0.443743
0.734444
1.74921
10.6468
2.29939
0.00387683
1.05224
0.640571
0.746895
1.36315
8.97331
0.000446262
8.70434
21.2204
4.52496
0.880113
6.66021
0.991367
10.0812
13.9799
0
0
0
0
18.5952
41.5788
0.445004
13.13
0.060032
17.0405
39.8457
17.5621
19.1924
0.159458
1.52526
0.735775
0
0
0
0.459419
4.10282e-05
4.84958
13.8403
10.246
4.31735
16.7444
0.0466314
20.202
6.11477
19.5386
29.3316
0
9.45701
0.169164
16.3013
23.575
1.72966
1.86616e-05
15.1378
13.3343
0.0747103
8.06456
0.000181277
2.62762
5.62277
13.3159
10.5937
17.005
13.9932
13.5907
16.5294
1.48306
3.98012
0
0
0
0
0.218632
0
0
0
19.5322
1.95456
5.01446
3.35575
0
4.68809
8.44402
0.620877
11.5047
2.07682
15.636
3.46605
13.8818
4.99057
15.3488
24.1747
3.20249
9.54218
27.0542
19.8825
0
5.74917
22.7027
6.21588
0.192451
10.2571
0.0201041
37.7176
77.6836
9.058
28.4723
18.7561
12.5024
4.78779
0.0227882
0
15.8317
39.259
2.22786e-07
0.161351
0.00942372
0.474304
35.8283
0.334194
1.29968
0.0505372
0.0249315
0.000803462
0.696974
9.00981
21.051
10.6441
4.11725
0
0
1.75017
11.1472
14.6575
0.121769
3.52328
38.7537
0.336062
24.1505
1.15148
16.7
28.8216
16.9486
37.7323
0.102218
3.88284
2.98447
0.0251212
0
0
0
0
1.00428
0.157895
0.0251328
0.902307
6.88798
21.182
1.23793
19.1448
6.54592
7.72257
5.33608
2.70148
1.706
2.71486
0.110245
8.25076
2.48657
3.57158
7.41144
29.2652
4.7475
15.4305
2.08287
0
10.4956
0
14.4342
0.288664
0.313633
0.0160001
19.3428
25.2955
5.5743
11.993
8.79614
25.4484
3.49273
0.163518
2.06975
8.82532
1.97256
0.0421229
0.1871
7.63334e-05
0
2.37503
9.64729
2.71229
1.19083
2.06295
18.4434
5.01868
5.11736
10.0288
5.37654
32.6869
0.00165219
0.736792
17.3294
16.3726
15.5559
7.36197
0.582205
7.90975e-07
0
7.31066
16.7846
9.18619
13.2507
8.06195e-08
9.23513
14.5861
10.0156
0.00140627
18.6478
2.30218
2.8443
7.09354
0.0795079
0
9.1183
0.930588
0.0154332
0.00550539
6.21404
1.63897e-07
0.38596
2.40631
6.3914
4.30214
5.23937e-05
0.00797286
20.3493
0.000301963
35.0318
0.00290928
8.21679
0
0
0.00384098
0
5.98596
0
0.0722718
8.8424
7.60772
20.0398
17.8195
0.287292
19.4554
6.53141
0.315797
5.21916
2.37806
7.01853
1.80454
12.4331
16.129
11.4975
9.15117
5.96433
15.0693
7.08755
14.5317
17.8241
0.583646
10.1724
2.35606
3.46887
10.3031
2.07793
4.39587
1.40277
4.15849
1.23205
11.8813
15.4786
0.906723
0.000363332
0.376601
7.47823e-05
0.00331422
8.31475
5.08352
21.5297
13.3662
2.54394
1.06468
1.47853
10.7101
15.3697
0.866259
20.0412
8.17124
12.8854
1.13666e-05
0.0280349
0.15046
6.20991
1.97588
13.8627
6.41182
0
0
22.0531
0
0
5.61429
4.49866
2.94497
1.18415
10.6973
9.67328
7.30227
1.60037
4.85973
5.6752
0.0185408
0.244735
10.1791
1.37769
1.03244
1.90955
4.78048
9.12265
25.7249
18.6195
0.0242628
0.311616
0.567122
1.7913e-07
33.0792
10.6219
8.88999
11.1372
6.75783
24.7825
10.5202
0
0.0059593
5.88019
2.19112
5.67717
0.0758336
6.27525
0
2.06069e-06
27.2528
1.32005e-08
19.1826
5.98123
0.726888
1.81472e-06
0.411611
0
0.72078
7.61055
25.183
2.83136
29.0197
16.9982
0.0670993
0.710763
1.34748
1.85045e-06
2.35431
2.73418
2.0592
0.0683056
0
0.657319
3.60766
0
0.0436719
15.5396
2.37898
6.3009
17.3399
7.80839
0
0
19.8373
19.401
3.64468
1.45663
0.802027
1.22134
0.533065
8.1015
0.225785
0.00185502
18.0087
4.35122
0.153622
3.68271e-06
10.0474
8.97642
0.560803
5.65211
0.00235051
10.1441
0.000168576
0
2.26177
26.3171
5.49847e-05
67.5831
0.518602
2.50892
0
18.9772
10.615
5.90432
14.3439
5.83364
3.03102
25.6568
8.43879
0.00779079
0.0065273
0.96864
11.3665
16.7401
11.334
12.5912
0.196729
0.444664
2.38581e-07
17.9408
22.885
28.2389
14.8149
4.36742
15.8733
10.3903
14.7976
15.2643
21.4758
8.76696
11.1646
17.3412
10.1942
0.00090751
0
17.4103
17.9468
0.0721461
2.35891
6.9629
0
22.4572
13.9583
11.1404
0.0071175
11.9222
11.2479
10.9825
7.76999
23.7374
8.65657
27.7287
15.6653
14.4904
0.667434
0
1.97966
15.5954
14.6838
11.2694
24.0172
22.7583
30.9599
29.9026
27.1024
31.8133
58.497
61.7556
62.6036
9.83431
5.62442
0.689716
2.48197
0.00511946
0.959629
1.25522
0.795338
0.140013
0.213853
11.2142
0.585179
2.37189
6.42625
10.6898
13.992
12.5016
9.71151
16.7203
6.12857
4.10018
9.63379
7.86701
16.4828
15.5051
0.0239842
12.4858
14.0145
12.7625
31.2058
17.9533
20.1806
0.135883
0.00143676
1.99347
19.6714
7.4105
4.43823
1.43881
8.84383
0.589645
0.013751
0.0318848
3.16772e-06
0
32.293
0
20.9907
0
29.4211
28.8592
1.83937e-08
0.000596392
0
16.3307
19.843
20.648
17.1984
1.0537
0.00043392
37.1339
30.4295
3.44063
0.390033
17.0422
23.8959
33.8827
0.712514
14.2658
20.0694
3.78653
16.8308
0.000531032
0.00228175
12.573
0
0
0.994339
0
0
15.4803
0
4.86414
16.0527
13.0063
8.55508
18.4261
5.53748
13.498
0.000135051
19.1579
0.411725
16.2628
16.047
0
9.43373
18.7801
9.54828
0.0116131
4.52666
0.47896
27.5501
21.3268
3.37166
17.7855
0
10.6885
13.8825
23.8957
0
13.0894
2.50904
38.5974
15.6912
0.785091
0.0041459
0.00441768
20.1649
0.440027
11.4758
0.531812
0.141185
0.900859
0.0267684
18.4352
0.125703
0.224438
0
17.9696
0
12.627
15.9427
2.82169
7.28372
0.155245
17.1967
14.5587
13.8262
0
0
0.0114603
1.73806e-05
0
0
0.591836
0.0412436
7.87563
7.46561
4.43808
12.6647
11.9756
0.0474935
17.1225
17.9471
1.35201
23.023
18.5819
19.9389
24.608
32.2325
20.2694
19.7612
1.63055e-07
15.3569
26.5135
29.206
15.3289
28.4029
4.68361
39.2466
21.9835
9.62246e-08
21.025
0
0.00321384
20.4933
0.00233439
0.780952
6.68422e-08
8.53549e-07
0
0
0
7.40166
10.7579
2.46645
0.87802
1.3384
0.0292778
0.152349
0.709425
0
0
2.87908e-07
0
30.2562
2.75747
28.7831
17.906
1.04159
1.32482
9.33138
14.6248
0
0.120861
16.0961
1.39566
12.6959
28.2978
2.59209e-05
1.31754
1.13592e-06
0.784987
11.8329
18.4768
0.985033
1.89133
1.2768
0
1.95315
0.054595
14.8161
10.9329
0
3.31391
1.40661
2.45694
0.0343053
0
20.3319
0
0
1.33284
27.2645
78.8896
3.63879
8.91319
26.7577
3.22095
16.1038
17.5895
0.449062
11.435
0.0199005
2.46495
0
4.86017
4.46964
4.65289
11.0634
0.259536
5.8801
0.561286
0.000448174
0.0100611
0.856216
0.152484
0
0.481603
0
11.406
23.4925
1.87844
15.4001
0.161673
7.8518
3.03336
0.947408
0.813288
0.00194985
0.0744469
0
18.7779
18.2053
20.1088
28.2472
24.5528
14.999
0.000267899
13.3931
29.7598
0
12.3553
0
0.698294
0.014679
0.434544
4.6921
1.95538
1.96375
0.227604
0.131449
2.69764
6.71441
8.05833
8.72749
7.89146
0.892613
0.127593
1.67904e-08
0
3.23409
6.63638
0.00341231
0
2.09876
4.30089
5.89278
1.46424
1.11522
0.0414324
8.978
1.43586
0.215622
12.0718
0.106432
27.115
1.36696
3.13659
30.3418
22.7076
1.82326
0.839272
19.3692
26.5386
3.28803
7.63385
5.09643
6.33632
4.6668
3.53093
0.387226
5.88341
3.15972
16.1541
16.8053
9.48787
7.44163
5.03557
8.22192
8.96526
14.7957
3.4249
0
0.000441139
0.0877623
0.802788
1.65925
0.0215788
5.42786
0.134076
25.2543
0
0.000770155
0.54942
0.0923018
2.12266
11.1217
4.10718
0.874058
12.9864
20.5179
4.93906
18.9674
4.93181
0.89652
1.97793
21.7421
11.0563
15.0141
5.0805
0
8.1998e-07
13.4119
12.1314
0.260817
0.617361
5.45245
0.214046
0
1.1128
2.29912
0
0.272659
0.0137606
9.49171
1.07357
3.00653
0.0174772
65.0412
1.33882
0.868987
3.05379
5.02073
0.891165
6.68681
18.3439
0.00296455
10.077
22.2244
3.31745
0.624811
47.5221
0.162564
0.00768435
3.91685
0.185317
1.24934e-08
0.00982598
4.40714e-06
3.52711
12.8554
0.521573
2.63864
5.42596e-07
0.0077098
0.13677
15.9833
2.02025
1.02129
0.0320629
1.50128
2.1802
2.46718
0
22.1499
0
16.2558
0
0.124316
15.0751
1.0637
2.65635e-06
6.03419
2.19783
0.795514
7.23427e-06
10.9304
7.12647
3.98665
19.0841
9.70444
14.5724
0.873399
1.82692
0.0333695
0.220874
0.814944
5.5512
0.798564
1.20849
1.2694
40.7045
10.1829
0.727624
3.2973
4.77025
0.398739
1.40656
0.983317
9.57973
0
2.2615
0.0564369
0.57765
1.31913
1.32833
0.825789
0.157206
0.703927
0.0016512
0
2.25163e-07
2.68992
0.572421
0
0.146878
0.0608904
0.899208
7.09495e-07
0
2.51808e-07
0.0129282
0.402232
24.025
0.00936504
1.45612
6.23482
0.371353
0
33.1232
0.918743
15.5079
0
1.06579
0.332097
0
0.975495
0.300701
0
0
1.57038
0.858398
0.347785
2.69775
7.49249
0.0590081
0.171783
14.6759
0.000388642
0.0441803
15.6673
0.0128374
0.00666674
0
0.0628714
6.50104
0.101294
8.52537e-05
1.88016
0.138854
0
0.981011
6.06089
0
0.245839
10.1488
0.917152
6.15081e-07
0.0867617
0.517151
0.000164516
0.774227
0
4.75081
0.257664
7.5544
0.188387
0.00357655
0
0
0.00653151
0.160549
0
0
0
18.2784
0
17.3208
3.27932
13.2409
26.0324
0.0771802
15.2105
5.83782
12.1205
1.30009
0
3.57826
0.00508326
40.5009
0.0693492
0.132252
0.969268
0.00839726
2.20604e-05
23.1416
15.4497
0.00045813
3.59763e-05
13.0631
3.75569
4.81151
10.5398
4.38664
28.119
13.4477
36.6954
0.0783712
1.85497
27.4824
0
21.0578
27.0056
29.3292
20.6656
5.36944
15.2108
13.5308
19.8265
13.3671
23.8699
22.1736
5.57441
5.81196
2.37076
8.16792
4.14155
0.0282925
0.00274224
0
0
6.64364
9.76023
6.53619
0
6.57013
0.976251
0.00128952
2.15208
2.97638
2.88605
4.73912
2.75569
2.01002
4.19435
6.89336
3.3519
11.0443
0.619316
0.773816
5.95371
7.29921
4.21637
0.665178
0.0584425
0
5.70017
0.0760007
1.19119
0
0
0.636736
1.71303
0.152657
0
0.137448
0.0554617
0.215803
0.880238
0.861115
1.68599
0.0107851
2.5542e-07
2.84474e-07
0.000343089
1.96049
0.050936
0.00269932
0.749476
0.111412
1.18029
1.71532
0.925499
0.000112253
6.09206
4.8789e-05
0
0
0
0
19.0118
0.00591419
2.0046
0
0
0.0144334
12.5312
0.0282839
0
0
0.298488
0
8.66382
0
0.321811
2.10084
0
0
2.02928
0.889658
11.2075
0.111581
0.757158
0.295086
9.86011
9.00688
2.08507
16.415
12.2136
6.45657
4.86734
15.4838
10.755
14.9114
18.5647
10.7142
14.3481
13.7527
0.000216768
0.0259672
18.9143
14.008
15.1515
13.5357
12.2116
24.9805
5.20864
20.2922
15.1561
20.401
8.06089
15.7162
16.632
14.1014
19.0396
12.8106
0
19.3401
0
20.622
22.2293
14.5818
21.3333
4.09447
18.8474
21.0834
11.6816
0.772817
21.0753
25.3342
11.02
19.1334
19.6999
21.4857
23.7302
12.5803
13.1432
17.7323
13.6261
14.0262
0
12.1748
7.17976
7.39976
0
11.5883
8.67323
0.396468
0.573409
0.704427
0
3.33859
1.18791
7.20332
4.56795
12.8302
3.10734
0.133744
3.33831
0
2.72153e-07
0.768884
16.9054
0.911543
0
1.79241
15.6579
0
0.278296
1.20529
1.45383
1.32304
0
0.00512347
0
3.48257
0.0497566
2.73715
5.02215
3.71579
2.67737
4.59859
9.18097
7.81722
22.4816
24.39
9.32411
14.9857
18.3601
12.6033
48.6697
13.2345
60.0176
19.4946
28.9997
19.2062
0
15.1791
19.8002
13.6942
0
24.9508
0
7.51166
3.59099
1.42215
2.76631
5.97806
17.1419
1.66552
24.7746
0
0
8.61641
4.48202
3.07654
0.00243539
3.82041
1.16794
0.530461
0.847424
6.07281
0
1.07115
15.7845
0
0.0486056
7.83718e-06
0.000302218
1.56168e-07
0
1.05832e-06
4.18485e-07
12.4912
0
0.24491
0
0.619488
19.1888
12.7787
1.4083
0
17.1549
14.2797
0
6.79063
0
0.554072
0
0.94851
0.00397582
1.04579
1.04686
24.3917
3.33378
25.3619
0.959241
1.81721
0.154704
0.492035
2.65808e-06
21.6037
0.0652794
0.912082
9.97219e-05
12.139
0.277225
7.03636
11.3185
17.16
15.9486
10.6895
20.5784
0.182366
3.26496
7.72089
5.43706
2.26775
24.6372
1.55909
0.000759766
8.31073
1.15897
8.45895
1.99573
20.3896
0.615649
0.542522
5.6529
21.7064
6.19842
2.93705
0.702816
5.99631
12.1344
9.45714
10.2782
23.7145
3.66942
0.00789676
0.322615
1.35728
1.07316
0.473972
5.59689
25.8946
28.3982
21.1864
1.38489
17.6882
13.3587
0.388152
18.0324
9.88759
47.6447
8.34719
3.22703
2.05408
57.6829
40.5918
9.14917
23.2316
17.7401
0.0835378
0
0.783517
0.104468
0.0766563
0.0017864
0
1.02188e-05
7.66437
19.5706
17.5798
2.08015
27.7025
0
0
0.000158736
0
0.119613
0.173826
1.53578
0.0155073
4.64786
0
0.00319851
14.7089
1.07015
9.90653
4.30322
4.34837
4.65453e-06
0
10.3618
4.26744
0.868777
10.6289
6.43957
6.74949
0.889179
15.3489
24.4372
0
3.98757
3.86216
4.97718e-05
0.499021
3.4903
0.440718
0.214332
0
31.926
1.21755e-05
58.1685
18.7907
29.2031
0.00797914
0.229643
0.100548
0.557428
0.000250401
17.0519
9.66598
32.0021
0
9.05002
19.9472
16.6822
4.71946
3.19496
2.13594
9.32442
1.78494
0.0638452
0.70587
6.73313e-05
0
8.04459
0
0
0
0
0
0.817597
0
0
0
0
7.83773
1.82879
0
0
12.4091
0
0
0
0.00615425
8.69198e-05
2.50168
20.7072
0
5.02061
2.08889
0
0
0.196762
0
4.99109
6.40448
11.0956
5.64426
7.30806
2.19868
7.10867
2.67617
15.2149
25.0875
14.7087
2.56061
19.2524
24.8541
22.4497
12.1523
6.03255
14.0513
14.2536
9.43522
14.4516
11.3084
16.5711
8.43772
10.9621
8.88612
15.8134
4.73068
15.9604
14.3612
18.0817
14.5518
10.4744
14.3412
7.90236
11.8793
5.31267
4.56457
1.84145
4.46587
0.0488877
0.523274
0
0.525959
0.000153186
42.1151
16.8627
0
4.52908
0.926674
6.24366
0.000672262
6.94879e-05
8.92191
0.00875127
24.5471
3.23236
0.76493
0.300442
11.3011
14.0897
0.629944
18.3385
17.0678
22.7904
16.0368
2.58408e-05
17.3747
0
16.1503
26.692
9.18016
28.6072
6.13104
15.1495
10.4357
12.2912
7.29181
10.8034
44.1838
19.6917
11.5021
3.42744
4.38386
1.59797
8.59869
13.0513
12.4563
15.6839
11.2284
22.4475
25.2486
19.6522
17.609
14.7952
12.4318
18.4098
16.1544
19.6351
19.0814
26.6754
25.8717
0
0
0.0182054
0.263364
0.642956
0.0977583
1.38312
0.994818
2.63454
23.2509
28.7694
26.5631
12.6307
3.11959
19.7034
11.2045
4.062
2.97405
1.96357
4.29937
19.6115
2.35702
27.4373
4.10817
1.13245
1.10364
3.11579
5.17045
0.688045
6.72292
9.66159
7.45174
11.9883
12.378
16.0693
7.11654
17.548
22.9353
12.833
16.9421
50.0735
3.52362
6.78874
0
1.37286
0.336077
11.4507
13.5837
7.17239
13.621
0.00222472
13.7679
22.3154
19.1889
14.9017
11.6123
19.4239
20.6752
35.9951
0
0
0.0673521
54.8908
37.31
41.2341
0.146797
60.0982
0.0248088
12.0898
0.0336207
3.8013
0.0294826
6.90276
23.9268
2.13154
11.6645
75.5278
39.923
30.9835
9.97863
0.109348
53.2535
13.8404
76.0485
11.5455
8.74638
85.2609
52.5917
47.6748
30.7263
15.2035
25.6812
9.16493
35.806
11.9743
19.6751
30.0856
23.7534
15.8331
17.2849
17.5502
14.9339
25.7206
12.0656
18.7787
15.5489
11.8412
14.804
24.3979
20.6909
18.6762
0
21.4671
0
8.7242
15.1791
31.1918
15.9162
20.741
15.2807
15.0474
21.5247
14.9213
10.5727
15.7095
12.0679
7.35359
13.7842
17.4812
13.6292
13.7468
13.4912
9.22345
8.63603
13.5559
11.295
0.0260888
10.6434
3.24749
18.3005
7.16348
15.6448
0.0001049
3.01523
3.02399
12.5034
13.4343
14.0064
1.04745
18.5021
18.5399
10.755
18.408
4.80418
13.9306
14.2023
19.8152
6.36241
3.41863
0.878085
14.7208
5.17437
4.04843
0.445672
5.76872
2.08959
0.424645
0.992404
0.0160824
4.65281e-07
0
17.2198
1.26146
1.70891
0.561464
17.0565
0.288305
3.34352
2.63623
0.999909
2.88685
0.591371
0
0.106656
2.38702
0.933993
0
0.254977
0.449343
0.384331
0.298764
10.9314
0.742035
0.0311821
2.42682
0.918099
17.6333
0.000261844
0
0.415077
0.197789
1.03585
0.655779
10.8309
0
10.1328
0.776696
15.4848
0.156832
13.5586
0.0421053
5.16814e-05
17.1144
0.0989977
18.205
14.2695
14.7236
0.113786
8.13893
1.19706
0.783031
0.00508971
0.608165
9.05026
19.9795
0.930844
0.0151543
26.3845
0.215494
0.0472377
1.09603
8.89241e-06
0.676685
0
0.0865522
0.535861
1.00267
2.48629
2.09428
1.4915e-05
12.03
4.52949
1.32842
4.75097
15.1886
1.88638
9.32334
4.11352e-06
22.6285
18.8251
24.2556
10.5592
0
0.757951
9.11543e-08
6.09324
12.4339
0
0.995897
0.824637
0.404329
0.119766
0
0
0
0
0.134161
8.09147
0
0.123622
0
0.857028
0
1.8219
0
1.76241
0
0
1.07599
0
0
0
0
0
0.225232
1.58511
12.1997
11.4291
25.474
8.01395
29.3157
8.33702
3.86589
0
0
0.613133
1.14594
15.0252
1.7328
4.06171
0.0908922
1.84493
20.1892
52.7356
45.8451
18.0715
6.00836
5.11835
17.3075
14.1769
2.81071
2.1645
15.894
3.74303
11.3461
9.9765
4.73487
20.6198
17.04
12.2798
22.9051
0.79156
10.9448
3.21848
26.395
0.0581491
48.4547
69.7364
0.948169
0
3.70686e-08
2.00807
0
2.99986
0
1.17685
1.10359e-05
0.54149
0
12.731
0
14.9966
0.750625
12.8729
2.49609
2.99565
14.7237
13.2901
12.5331
3.29495
0
14.2244
18.4838
18.1799
17.6823
45.3307
19.859
32.6397
0.100812
12.9708
0.0088458
23.9565
19.8984
13.9113
7.96822
0.241309
15.5785
13.3667
28.4985
7.88708
19.9156
32.7012
10.3956
2.80748
8.77445
15.9109
9.83724
8.56343
0.0247096
5.34525
35.0908
3.49642
4.68907
24.7365
0.056796
16.2175
1.40694
0.170198
3.90953
0.199846
12.0769
2.63241e-05
33.312
69.4599
13.2351
13.8479
8.24249
15.8468
6.5411
12.2263
0
1.20426e-05
8.10997
6.61654
12.5316
12.7286
13.0584
15.518
24.77
22.1677
16.2558
29.3246
7.49298
14.425
0
0
0
11.0906
0.00860234
11.3804
13.7261
2.22802
0.136677
2.65896
4.02043e-07
0.0562071
0.136582
2.38276
3.48501
1.10378
0.00230239
1.98805
25.122
2.6647
1.50617
13.433
9.05724
1.92003
17.2118
0.265761
5.41091
0.984017
7.51454
0.0730796
0.145722
0.572233
0
0.0484198
2.75586e-06
8.26899e-07
0
0
0
0
2.61838
0.0678585
0.885053
0.0294614
0.355373
3.89763
0
0.0120046
1.54596
4.40094
7.94635
5.76136
0.00940578
0.840474
3.03727
0
0
0
0.0226755
18.2135
8.97452e-07
19.3001
18.0249
19.2052
5.51782
24.3509
11.5439
15.9906
5.73692
7.73364
11.8219
2.18101
21.8393
2.79066
0.0917287
0
10.6986
0
8.71434
8.45662
14.4731
7.89167
14.7777
29.9404
1.82841e-05
22.2543
12.176
20.3982
12.8613
1.8582
18.7285
0.841864
23.7755
13.6625
0.371519
9.75255
4.77009
6.62884
1.54976
0.0952697
3.00616
2.54455
3.05161
3.87975
2.92597
0.371681
24.0672
17.1253
24.16
15.0196
17.285
31.4416
18.2377
7.63151
18.7514
20.3751
29.7761
25.0032
18.1222
12.6486
17.8153
0.00138246
4.05115
6.98758
25.2147
10.3968
5.97641
12.5822
4.36005
3.32888
14.9409
20.9156
8.04543
16.2317
12.5554
6.0276
23.5346
32.7844
9.54496
17.0318
22.5971
0
10.6064
11.8731
4.6673
6.4998
17.042
0.325892
15.5083
23.022
7.92788
0
0
29.7961
17.3045
23.0495
22.9315
3.92502
20.8313
10.9093
1.31371
22.2555
24.9543
14.7061
2.0402
18.9372
35.0342
47.2619
22.7025
49.48
14.1521
24.9489
18.6593
47.6253
40.0714
1.23123
29.1462
30.2394
14.0099
12.9486
40.7015
36.4947
53.3368
25.9827
0.0993556
42.2844
32.1449
34.3082
0.667649
10.1757
11.692
30.3398
17.3568
17.7265
19.4322
40.2692
1.10133
0
4.31239
0.74013
22.3284
0.976069
18.2456
26.0796
32.0395
25.7336
23.9622
0.565382
19.1085
0
19.8538
19.7262
15.33
14.9703
23.6333
18.0394
40.6303
17.9235
22.3557
18.6352
18.2198
21.9406
0.0129072
24.1201
12.272
25.3985
1.67152
10.9397
13.9118
29.2201
13.9222
4.27523
27.9031
23.4545
0.771421
8.49646
10.0262
9.85156
17.473
22.151
0.151194
21.2961
8.85391
6.00223
1.79602
0.879731
0.300398
2.15984
1.70457
22.221
5.0079
15.7047
16.9089
11.781
16.0641
7.75183
4.40497
57.1994
0
4.6902
7.62023
12.5531
0.00096879
17.6639
10.5586
12.5134
10.9
11.5324
22.5391
17.6978
7.77463
7.80893
12.5486
8.45929
13.8137
9.21973
18.7752
10.0133
20.2861
35.5386
0
17.3706
16.299
28.9286
7.18231
2.62503
30.1301
9.33067
29.8474
10.6292
18.6891
38.6077
11.6364
21.7184
22.7812
24.0967
10.5957
7.37002
12.4372
40.3052
60.6026
20.9657
1.58564
13.2811
40.2822
20.2697
44.5178
0.390518
0.730718
15.7372
0.845095
14.8732
15.4353
3.77583e-05
15.624
0.252307
20.9425
8.67687
13.1792
0
5.94733
6.46579
8.97341
13.4429
15.7219
5.41814
4.16794
0.144535
4.19388
22.349
6.50085
7.9106
8.82613
0.357684
11.1737
3.88803
11.8937
4.82722
3.62865
17.9689
8.94373
6.24385
27.0794
6.32279
16.7606
0
7.96652
0.0844512
7.1017
0.324143
2.89317
8.97403
0.366846
0.112715
38.8892
3.56012
20.3437
1.25092
12.5066
2.63233
0.180069
16.1959
0.526389
0.216997
0.00553137
0.218344
0
15.642
9.69763
16.5091
29.6345
23.0325
16.3089
9.5329
1.44734
0.64087
1.62595
9.52138
16.8056
0.462577
23.2004
21.3598
0.000272222
8.60167
0.0198421
4.21117
6.3908
1.73747
2.18935
0.422152
5.12449
15.7824
1.07829
0.0114449
0.0119172
0.0476861
0.393891
10.5246
12.6343
13.3004
0
2.57219
13.9202
11.2489
14.296
3.98578
4.47804
6.42307
9.53098
10.4858
17.5734
9.01462
0
9.72603
11.446
10.7819
10.9734
0
12.4796
12.6068
14.4956
4.8553
10.8584
8.63594
124.836
7.80176
16.0384
8.5342
144.019
6.66754
7.63742
8.05418
10.0035
10.2177
12.0605
8.10903
27.8423
7.15583
11.6562
12.3828
4.2008
9.14148
36.7984
14.4729
18.6679
0.543442
4.17075e-07
14.4208
17.5189
0.224121
0
0.0687545
0
6.82831
1.41557
1.71513
0.0144891
0.129551
2.4982
0.0599624
0
9.30305
0
5.83486
11.26
0
0
13.8689
4.64277
18.0707
0
3.41574
2.31601
1.42383
2.20229
0.915181
3.63832
0
1.74224
36.3975
2.94317
0.647832
0.207714
2.9044
0
0
0
0.919236
16.7743
9.85763
17.96
1.06237
7.86933
1.37987
17.9936
4.4161
10.1831
7.56992
5.33389
9.78816
17.4027
3.38154
2.05044
5.84448
4.78914
8.4014
3.07302
6.57148
18.2722
30.1383
36.3668
34.0965
12.8326
2.30478
3.75595
0
0.76245
12.6545
14.2201
8.65431
8.66473
13.0873
11.7749
15.3863
0.00872368
6.14151
22.102
10.6738
17.2311
18.0004
18.9862
28.399
8.98425
2.733
11.4439
8.85794
14.2932
17.9485
14.781
16.1887
0.325549
13.6098
0.413068
3.30346
0
0
1.13013
12.6401
4.98688
0
1.36088
20.8685
33.9527
8.23047
4.81272
6.17292
11.3889
21.6067
9.28841
8.31335
0.0195824
1.02981
17.1484
13.7834
7.81237
15.5727
51.698
9.61653
21.4348
17.7509
1.60528
2.22338
2.04526
12.7443
13.9368
5.34824
5.29679
6.94859e-07
21.7782
4.85543
1.17364
14.455
2.20049
5.77115
0.0431819
32.9253
31.9961
5.32922
8.17964e-06
5.80079
13.5325
0.865022
1.02219
0.000870125
0
0
0.0255739
14.9607
0.898259
4.69169
0
0.0643163
0
12.5266
0
14.5973
12.7296
0.74183
17.0887
2.9713
0.996279
4.15756
6.18797
4.43387
2.37647
8.92774e-06
0.0638089
0.296354
0.000476311
1.36889e-07
0.0216322
1.74585
0.877704
2.646
4.84748
3.46353
0.566973
0.885883
9.33424e-05
17.8507
3.29192
5.60289
19.9457
5.97785
5.7362
16.953
23.2659
13.6772
15.9866
26.3479
4.0171
3.35542
11.7072
2.64174
18.9949
4.47442
3.44315
11.5183
8.87341
8.11144
3.73974
8.34527
17.5896
0
0
0.375042
1.43814
5.81107e-07
0.0221205
0.193967
0.0185953
1.97089
0.700671
2.31835
10.1985
0.00102117
1.72717
0.585941
5.12876
0
23.6609
14.8386
13.1964
22.8385
30.6805
26.4282
20.4655
1.92985
0.385215
14.9703
12.9191
1.5831
10.9477
23.554
2.61246
0.339653
10.7888
1.41603
29.8282
15.1172
12.2438
22.9781
18.5736
6.4943
17.2032
0
3.54513
0
13.0337
1.90367
1.09339
16.703
40.1551
2.43306e-06
16.5986
5.58152
19.5976
15.7622
0.142786
10.2525
19.9911
18.4712
9.16918
18.3971
21.327
5.28604
12.7627
10.4115
4.587
2.16463
2.5927
15.8974
0.658459
0.60992
0.577742
0.267436
0.0421245
0.759952
0.00766133
4.70812e-07
0.000557914
0
1.58732
0.743318
1.22994
13.8107
0.279451
3.23802
2.93799
2.44544
0.373901
0
0.203992
2.11519
0.6451
0
0.357603
0.401139
0.766727
0.275264
0.275738
0.0508882
2.63203
22.9521
0.404636
10.867
11.1959
6.4834
3.82471
5.3632
0
1.6421
0
12.8983
0
3.75661
5.02321
10.1454
0.587562
7.68636
20.3887
19.7227
24.7123
15.2461
8.84429
36.5113
0.96869
24.021
22.8939
1.372
0.0923932
10.2546
0.292956
2.3466
16.9641
0
2.94637
0.797856
18.5983
0.604332
8.44373e-08
0
0
10.1862
0
1.38933e-07
0.0583807
2.52308
16.465
49.2221
20.1844
24.1196
0.505276
32.2174
11.5153
2.75167
18.7693
14.8378
19.6917
8.62746
0
0
32.6948
0.798764
0.104547
0.024069
0.23347
1.44263
1.93175
21.1278
0.0911704
1.56274
18.1303
0.759115
1.89702
0.175446
0.612091
14.2643
17.2417
0.950582
0.0053102
0.386499
0
0
0
19.1973
0
0.56155
7.69307
0.0484699
0.278356
3.68559
0
0
0.0861115
17.403
16.6539
0.319651
0.66594
1.51042
0.920822
13.457
0.066224
0.285823
0.557438
6.67123
0.180183
0.0790831
0
6.47254e-08
0
1.63098
0.00377283
0.0461178
0.985256
0
17.0383
0.00477619
0
18.8961
1.36391
0.107738
0.00187234
1.49401e-06
0
0
0
0
0
0.0248571
0.990929
0.0318932
0.0222374
25.0476
0.00209572
2.79639
0.779543
0
1.61997
0.926717
6.74999
0
0.100393
0
2.34192
5.15812
25.2367
5.54572
1.25351
1.20711
0
4.59075
9.8074
11.8173
5.36582
2.04672
1.31676
3.97309
19.7965
3.88469
0.000232705
0.00111709
2.73943
0.5664
0
0.216496
3.78015e-05
1.84836
9.29142
10.3418
6.52928
12.9485
6.60382e-06
13.621
2.79647
3.43042
6.97644
0.598673
8.80788
10.6859
3.68453
2.65648
10.1912
21.7112
1.32346
3.17585
0.668251
1.30507
65.099
2.99081
2.72143e-08
10.4712
0
0
3.44162
14.5825
0
4.35303
30.0731
0
0
3.27385
0.0624434
0.00869862
0
0.811958
2.46469
0.00602328
2.5663
1.7779
1.10212
0
15.3975
8.84955
0.015651
1.92546e-07
0.0351195
0
2.96112
35.8799
6.59346
0.883176
0
10.6057
14.3782
16.6251
22.8825
0
24.1097
14.733
16.3179
18.2712
9.43635e-05
0.818048
14.0027
3.71161
25.4496
3.38336
3.92653
16.0308
0.315869
0.44581
1.03277
0.545486
23.6062
1.38309
2.27682
32.3207
32.6743
1.05306
18.9803
17.0593
8.77085
10.1436
4.07216
17.0786
24.5573
0.78651
2.49787
18.8441
12.8099
1.76938
4.49158
43.1964
16.9317
23.0637
11.9721
22.2447
12.0462
23.4236
24.06
0.990166
23.0228
0.0164947
9.17943
24.4762
10.4568
7.27234
0.269991
2.44353
3.62926
1.66072
0.122105
7.74283
0.231303
0.00407125
0.929663
1.80304
3.97933
0.0178556
0.736051
0.91108
0
3.30024
0.191651
0
3.20552
13.8059
1.51763
5.21646e-08
6.87593
11.0082
9.00145e-06
6.35057
29.2137
10.8232
15.6655
10.1867
14.0381
0.407133
4.35334
1.25032e-06
0.0534391
29.5278
0.00699887
1.12511
14.3347
4.24123
0.458922
25.2583
6.27638
0.221516
0
0.780201
19.675
5.2097
0.00538329
19.4534
1.97078
2.75169
20.6824
20.0489
13.5767
23.3882
7.11207
7.65641
15.1313
8.16718
15.6208
9.40574
10.1649
9.3843
7.17941
2.9535
22.1858
0.0385688
10.0997
17.7027
1.75134
14.0169
25.1785
20.2647
2.71996
0.510833
0.0933521
0.000178211
0.00945851
0.485525
1.42052
0.784467
0.269912
0.436022
0.952653
0
0
27.2146
23.3412
0.00937737
39.3737
5.3551
9.8856
17.1538
10.578
8.9035
3.03044
19.3284
7.9915
5.03776
7.25561
5.23573
14.4415
4.47717
11.2819
5.44361
13.8059
11.1241
53.665
12.2716
12.7476
9.33369
15.522
8.51037
1.97996
0.821016
0.130307
0.121056
1.7554e-05
0.00911238
0.000938433
16.3064
5.00424e-06
2.63528
19.8203
18.0769
16.6171
10.1801
12.6374
9.64761
0.000578784
0.0489791
0
0.492683
0
12.9935
0
0.156742
0.708464
41.6216
34.4655
8.79239
6.03486
10.7603
4.79572
0.114598
8.20748e-05
0.82316
1.2798
2.336e-06
3.07522
1.0594
2.84151
1.80561
0.0148093
13.026
0
1.3171
1.40465
0.980818
1.5228
10.509
2.64768
1.52736
1.17712
0.663107
0.263871
0.0257686
2.31152
9.24819
0.468486
0.530041
3.80667e-08
21.9523
4.40225
0.0221271
12.1494
0.298657
26.9795
0
0.115921
16.6014
