0
0.00150344
0
0
0
1.41151
0
0.0925547
0.68352
0.172656
0.558678
0
0
0.370146
2.01614
0.00992077
0.00595166
1.33385
2.32083
0.134887
3.52451
0
0
0
0.000124094
1.47483e-06
0.579218
0.000833431
0.108712
0
0.843106
0
0
1.10371
0
0
0.00476715
0.81662
0.0418023
1.20572
1.47367
2.91795
0.067438
1.48661
0.247774
0.0959951
0
0.00425235
1.09897e-08
0
0.157976
0
0.99679
0.0197792
0.00324672
0
4.48551
0.239151
0.260592
0.610399
3.64478
0
1.69009
0
3.72743
0
2.35268
1.40591
0.0109847
0.510199
0.000511449
0
0.00633882
0.927267
0.000660951
0.143179
0.933195
0.506981
0
0
0
1.59101
0
0.0445802
0.897278
0.000862623
0.618794
2.04698
0.791503
0.0172908
1.65264e-05
0
0.000136941
2.62869e-06
1.55543
0.00614522
0.908731
0.0385247
0.0108634
0
0.848194
1.17786
0.541364
1.90966
0.663729
0
1.28437
0.000232996
0
2.59283
0.0223929
0.543809
0.731881
2.43659
1.16483
0.0227145
0.307306
1.5419
0.793642
0.00299369
0.0412004
0.423928
0.699109
0.948594
0
0
1.71436e-05
0
0
0
0
0
0
0.863758
0
0.559279
4.40806e-09
0
0
0.130742
0
0.0312443
0.105424
0.0240839
1.06332
0.00164943
0
0
2.09118
6.59165
0
0
0
0
2.13129
0.95648
1.33153e-06
2.24553
0.0369688
0.247171
1.35852
0.757576
0
0.121497
0.390266
0.00132191
0.039009
0
4.02378
0.203574
0.108065
1.13851
0.882302
0
0.368175
1.12595e-08
0.625987
0
0
0
0
2.3917
0
0
1.92175
0.302425
1.62826
0.591599
2.98031
15.373
1.43777
2.33767
1.18365
2.40634
0
0
1.51819
0
1.82307
0.961619
4.60156
17.9561
0.962704
7.00154
3.53424
0.0146665
1.94831
4.94887e-09
14.8303
0.0916382
4.95663
5.64473
0.000625708
1.90177
9.22287
2.58759
0.0682008
2.38386
6.33761
0.498908
1.43415
0.655018
5.79286
0
2.70857
6.75404
2.94719
2.22806
2.85257
0
0
0.0980532
3.45764
0.0045305
0.0438519
0.604067
2.73552
0.0167138
0
1.17237
1.39403
0.748859
0.021794
0.0499587
0
0
0.00427196
0.0324298
0.0264315
0.886898
0.84436
0.00254003
0.0235158
0.741963
0.0042564
0
0
0
0.366439
0.398798
0.0154611
0.0567288
0.957822
0.0101938
0
0
0
0
0.00829766
0.932248
0.221056
0.550984
0
0
0
0
0.0293956
0.0385988
1.46065
0
0.00135148
0
0.904412
0.214803
0
0
0
0.109218
0.751789
0.0388683
7.96364e-06
0
0.611062
0
0
0
0
1.01177
0.57703
0.0935076
0.0210172
1.49365
0.798789
1.17809
0
0.578446
0.784936
0.301049
0
0
0
0
0.0376523
0.539567
1.1961
0.126948
0.917204
0
0.148672
0.592495
0
0.975363
0.765995
0.32639
0.34863
1.91698
0.0630453
1.87417e-06
0
1.89765e-06
0
0.976406
0
1.06458
0.0639479
0.000487308
0.0513459
0.0309181
1.28566
0
3.93192
0.16936
0
0
1.12558e-06
0.309733
0.903769
0.107581
0.0604456
0.0178431
1.72893e-05
0
0.0328059
0.681955
0
0
8.41271e-05
0.973781
0.514335
2.63958e-06
0.161587
4.20638
0.432608
1.46346
0
0
0
0
0
0
0
0
0.725124
0.758748
0
0
0
0
0
0.0362494
0.794171
3.37769e-07
0.358462
0.0774189
1.94344
0.766013
0.657135
3.42533
1.31239
0.238335
1.2327
0.603484
0.929799
0.529697
0.921076
1.61215
1.2854
2.45821
0.789387
6.23563
0.159362
4.31316
3.99808
0.952663
1.73783
1.72629
1.59702
4.1791e-06
0.196921
0
0.0166847
1.67911
0.53912
0.654743
0
0.0743827
4.56686
1.632
0.084757
0.915651
0.569811
0.0970504
0
0
0.00924261
0.606538
1.26202
2.59794
3.4224
0.675091
1.64461
5.20275e-07
0.549301
0.715159
0
0.472921
1.87243
0.0512487
4.12479e-07
1.50594
0.161985
0.175447
0.931575
4.14136
1.84939
0
0.0169124
0.100886
0.341838
0
0.372926
0.0130832
2.9809
0.0131487
1.89857
1.68083
3.1439
0.0685583
3.82065
0.501445
1.32051
0
0.0433302
0
0.000214067
0.0115575
1.45178
6.08787e-05
0.081316
0.454653
1.64675
0.0723088
0.000819795
3.31209e-06
0.811583
0
1.04141
3.46869e-05
1.74562
0
3.53435
0
0.031708
0.000861444
2.883
0.441447
1.64779
2.39126
0
2.20286
2.22255
1.8276
1.28882
0
0
0.0591132
5.61263e-05
0
0.00179334
0.00489531
1.31234
0.588203
0.023865
0.492645
2.57588
1.66039
0.276004
0.144196
1.65886e-07
0.0718644
2.85757e-07
0.617652
0
0.856019
1.78209
1.08103
1.80541
0.620171
4.27618
0.225404
0.000433355
0.432373
0.790942
0
0
1.03563
0.0053224
9.5016e-06
0
0.0207796
0.0656327
1.12346
0
0.0298702
0.0853557
2.28322
2.14788
0.41789
0
0.527129
0.000244381
0.337073
0
1.58604
0
0
0.00587052
0
0.0320899
0.607578
4.51543
2.03914
0
1.07509
0
0.0515476
3.6627
0.0227004
0.301366
5.3487
1.24048
0.727197
0
2.89398
0.0069464
0
0.910191
0
0.256582
0.0231615
0.0125778
0.998018
0
0.111707
0.00303534
0.000616278
0.526395
1.16085
0.309915
0.132701
0.5309
0.058259
0.482063
2.01485
1.11215
0.55065
0.284119
0
1.23241
5.88716e-08
0.0378514
0
2.16932
0
0.166493
1.83695
11.6268
0.0199462
0.00118947
3.50877
1.47682
2.48941
1.47569
0
0.000192063
1.63532
0.763912
0.0299109
0
0
0
0.127056
0.553077
0
0
0
0.0141274
0
0
0
0.872826
3.76719e-06
0.000145867
0.00187141
0.236682
0.311819
0.0691386
0
0.00872039
0
0
0.000519662
0
0.000111718
0.932904
0.630756
3.58726
1.52582
0.255062
0
2.39552
0.49832
0
0.810132
0.000344226
0.551218
0
0
0.267315
2.81276
9.4331e-08
1.79726
0
0.810618
1.1766
0.301775
2.96003
0
0
0
0
0
4.13935e-07
0.00011377
0
1.1632
4.37962
0.860923
0.654779
1.84246
0.992246
0.820664
0.946034
3.33605
3.99379
0.00969776
0.593528
0.000260763
1.45306
2.38231
0.01274
0.000228996
2.57096e-06
0.770111
1.66756e-06
1.60791
0
0.0276254
0.00262984
0
0.893691
1.76477
0.943397
1.89882
1.08732
9.68701e-06
0.000132846
0
0
0
0.0680354
0
0.0378501
0
0
3.23323
0.0347517
0.00245457
0
0
1.79981
0
0.00184479
1.49272
0.861739
1.67765
0
2.55181
0.0414526
2.67921
0.711187
2.0066
0.334304
2.77811
1.5782
0
0.00148589
0.180822
0.0772573
0
0.176628
0
0.00559241
6.60803
0.699081
0.753435
1.40618
0.0259875
1.40656
0
0
0.876599
0.503986
0
0.301599
0
0.233762
1.79447
0.483683
0.0236201
0.00782126
0
0
0.00659254
0
0.0210405
1.45578
1.79026
0.02368
0
0.000851972
0.264416
0
0.80985
0.279129
0.391721
0.0226198
1.44173
0
0.476121
4.39781
0
3.44241
2.62613e-06
0.85142
0.52505
5.02914e-07
0
0
0
0.0221205
0
0
0
0
0
0.168333
2.94133e-05
5.84165
0.0100496
2.23177
1.77545
1.54619
0.688042
1.76233
0.00120551
0.597703
1.48001
1.51807
1.7881
0.997046
0.0066927
1.88439
0.895116
0
6.38828
0.00199856
0.000388152
4.77128e-07
0
0
0.00813894
0.00812465
0.29414
0.365339
0.00366083
3.96107
0
0
0.0214226
0.903897
0
0
0
0.548942
0.0322492
0.021765
0.107817
0.0820339
0.0176937
0.919494
1.1395
0.938307
0.00856427
1.45541
0.0797226
0.253298
0.0896347
0
0.129763
1.04531
0.738831
0.0203079
0
0
0
0.00470704
0.00811488
0.786682
0.353142
0
1.67964
0.94343
0.244382
0
1.56614
0
0.868698
1.24393
0.0114476
0
1.74153
0
0.00483425
0
1.9868
5.70815e-07
0.143352
0.00202464
0
0
2.77625e-05
0.0114986
0.552656
0
4.89922
0
0
0
0.930066
0.255671
0.131459
4.43346e-06
0
0
0.373895
0.677475
1.81087
0.797878
0
2.4403
1.96508
1.6969
0.341908
0.715681
2.10923
0.558393
0.745229
0.833993
0.0705595
1.84423
0.863224
0.518538
0.0714305
0.434418
0.23551
0
0.73167
0.00449394
6.9529e-06
0.256305
0.504593
0.316399
1.27351e-05
0.00959078
0.424164
0
0.568323
0
0
0.010281
0
0
1.43417
0.583008
0.724667
0.659495
0.005273
0.0375962
0.152708
0.0907524
3.00646
0
2.04512
0.237301
0.00137772
0
0
0
0.950173
0
0.116103
1.66002
0
0
2.02607
0
1.76253e-06
0.914271
1.86407
1.61055
0
1.98271e-05
4.44241
0.00352592
0
0.518245
3.26907
0
0
2.79181
0.0827354
0.543011
0.000908986
1.62639
1.41086
0.526433
2.03106
0
2.59819e-07
0
0
5.96391
1.09561
0.695917
0
2.61747
0.207637
0.233802
0
0
0.00198164
0.00130428
0.0269008
0
0.0324641
1.74072e-06
0
0.708712
0
1.08981
0.671839
0
0
0.000492766
0
0
0.025554
1.22155
0
2.25541
1.63806
0
0
0
0
0.820672
0.0827943
0.33561
0
0
8.65538e-08
1.56576
0
0
0.457464
0.0148131
0.167764
0.00170119
0
0
0.0860094
1.98876
7.19505
0.014721
0.177421
0
1.38285
0
2.18606
0
0
1.79101
0
0.0307027
0.0193623
0.0700053
0.129263
0.0244954
0
0
1.64597
0
0
0
5.24796
0
0.219372
0
1.95046
0
0.822652
2.24801
1.49788
4.36386
1.38117e-07
0.523989
3.00545
0.0643152
0.0366902
0
0.0156932
0.150438
0.91345
0.23929
0.239773
0
0.0501954
0.615141
2.35899
0.689334
1.12366
7.08429
4.4076e-06
2.65772
4.7034e-06
2.63955
6.91519
3.27793
7.85038e-08
0.844314
0
1.95052
0.03056
0
5.70248e-05
1.37281
0.00964991
1.83832
0.284508
0
2.79886
1.78695
1.51526
0
0
0
0.00636825
0.577174
4.31714
0.29521
2.93387
2.07297
0.00298229
0
0
0.0146253
0.449517
0.889289
1.08547
1.14124
0.755213
1.38357
1.60831
0.0792128
0.0222244
1.03453
1.16338
3.80831
0.0640286
1.49237
0.0023465
0
0
0.00124555
0.455401
0.148034
0.131424
0
3.01856
0
0.0390218
0.0441239
1.13546
1.45614
1.98059
0.328254
1.91479
2.23973
0.317359
0.769833
8.38795e-07
1.17525
0.0352968
0
0.0156493
0.675223
0.617887
0.965074
2.64403
1.66254
0
0.000353711
0.416032
3.27892
0.0909076
0.0308675
0.233404
0.0247874
0.159127
3.01649e-05
0
0
0.0236061
3.28376
0.87099
2.53549
6.77195e-07
1.12958
0.959367
0
0
0
2.46051
1.37033
2.82781
0.312718
0.00102562
0
0.712479
1.98955
0
0
2.74688
0.887497
0.0333744
0
2.92474
0.19523
0.940535
1.636e-08
0.000794652
0
0
0
0
1.93644
0
0
1.80009
0
0.55818
0.0958568
0.0675639
0
0.13727
0
0.000224704
0
1.32368
0.0610758
0.449644
0.032205
5.13398e-08
0.0661413
0.0124428
0
0
0.500256
5.33784e-06
5.6801
1.08899
4.09135e-05
0.188569
0
1.78287
0.824894
2.12801
0
0.867047
0
0.738101
0
0
0
0
0.00090185
0
0
0
0
0
0
1.61454
0
0
0.410918
1.55535
0
0.00913493
1.29863e-06
0.012672
0.0942873
0.111416
0.0208893
0.267427
0.0655972
0.269697
0
0.963652
0
0
0
0
0.158704
4.49852
0.035566
0.0742817
1.1165
0.558734
0
2.84888
1.52158
9.84459e-05
1.71376
1.97893
3.73292
4.49508
5.28413
2.58777
2.07491
0.379715
1.78429
6.68694
6.39658
1.38367
3.36665
0
3.77667
0.0826924
0.130249
2.34029
0.000349354
0.627328
0.609681
0.919175
0
0
1.29314e-07
0
4.95645e-07
0.000391524
0
2.55185
0.00290251
0.000303353
0.062667
0
0
0
0
0
2.35996e-05
0
1.258
0.000135681
3.26022
2.7782
0
0
3.37319
0.0275409
9.13269e-06
0.0087098
0.858245
9.65861e-08
0.0088717
0.950274
0.00123281
0.0113062
0
0
0
1.17346
0
0.010452
4.52541e-07
0
0.717774
0.221732
1.16008
0.89275
0
4.05116e-06
0.000125989
0.193522
0
0
1.5859
0
0
0
0.13284
5.56225
0.0957644
2.41155e-08
1.10056
1.36756e-08
0.000775473
1.17582
1.18588
0.875606
0
0.175736
0
0.234897
0.48268
0.0442552
0.99838
0
0.0402312
0.46433
0
0.126844
0.06567
0
0
0.100804
0
0.505772
0.00945174
3.04726e-05
2.45906
0
0.329757
0.0441518
0.690268
0.0789755
0
0.00223995
0
2.47245
0.908822
0.276869
1.67043
3.78096
0.175191
0
0.787074
3.02432
0
0.985248
0
0.510557
0.0416614
0.0108986
0
2.1233e-05
0.0434969
0
0.970324
0.252855
0.00454574
0.00407125
0.815926
0.105617
0.00141467
0
0.0584764
0.0279585
0.879975
0
0
0
0
0.134718
0.934448
0.0254574
0.100864
0.256944
6.62595e-05
1.33325
0
0.551792
2.80564e-07
2.17737
0.0467071
0
2.50121
5.99738
0
0
1.68081
5.06728
1.02698
0.924781
0.000141954
2.35138
2.49261
0.286371
0.389902
1.71506
0.576794
0
0.195812
9.11429
2.58297
0.552062
1.0088
1.73332
1.33564
0.000236859
0
0
0
0.0797707
0.00193373
2.84109e-07
0.0340716
0
4.48579
0.116198
0
0.073564
0.00195778
0.0200022
2.25371
0.0132579
0.0285569
2.06402
4.92162
0.923483
0.0732634
0
0
0
0.998435
3.26393
2.15598
1.08088
0
0
0.485689
0.0645812
0
0
0.428675
0
0
0.00600864
0.235746
0
0
0
1.47251
0
0.0230089
0
6.75854
0
0
0.939413
1.05178
0
0.0990273
1.63995
0
0.981917
5.31425
0.287407
0.00663859
4.79209
0.02121
0.0770234
0
0.0373238
0
0
3.12668e-07
0
0.0840025
0.0132901
0
0
0
0
1.18055
0.00031411
0.572288
1.2221e-05
0
0
0.0177827
0
0.308952
0
4.37122
5.61188e-06
0
1.27771
0
1.32643
0
0.000566335
0
0
3.0032
0.000856377
1.10952
1.65252
0.0207406
1.57331
0.0124941
2.6932e-06
0
0.412732
0.00368409
0.000137951
6.45689e-06
0
0
1.00682
0.905393
0
0
0
0
0
0
0.0277688
0.177186
0
0
0
0
0
0.000121747
0.105081
1.3245e-05
0
0
2.43362e-07
0.25832
0
0
0.0101863
0
0
0
0
6.65215e-07
2.78171e-07
0
3.94228
2.11159e-07
0.0276895
0
0
0
0.838272
4.4563e-05
0.0373782
0
0
0
0
0
1.51896e-08
0
0
0
0.629008
1.40918e-06
5.61482e-05
0.972413
0
0.00102007
1.17583
0
0
1.79048
0.427045
0
0
8.16663e-08
0
1.2902e-07
1.34686e-05
8.44409e-05
0
0
0
0.72886
0
0.01648
0.305378
0.264881
3.16489e-05
0.000353658
0
0
1.17947e-05
0
0.000153022
0
0.576658
0
0
0
0
0
0.804074
0
0
0.133703
2.19478
0
1.1969
0.535475
1.21777
2.57933
0.00120578
0.00464381
0.00131461
0.764159
0
0
0.14407
9.09468e-07
0.0202014
0.00509976
0.00273931
0
0
0
0.0169685
0
0
0
0.660746
0.125092
0
0
0.0117155
0.361246
1.88636e-06
2.96296
0
0.257482
0.0590077
0
0.236844
3.95621
0.00791749
1.34785
0.0620118
1.66734
0.779896
1.95952
3.10837
0.245922
1.85808
0.101105
8.07131e-08
0.964327
1.48666
0
0
0
0
0
1.7744
1.29655
0.366421
0
0.00290498
0.0056404
0
3.85475e-06
0
0.00293741
0
0.789144
0.0803968
0.99489
2.75565
0.0666868
0
0
2.82979e-05
0
0.319133
0.0458626
1.31722
0.0014426
0
0.0178508
0.00219472
0.743453
0
0
0
0.778379
0.00592727
0.934248
1.80729
0.121235
0.00762281
0.857846
3.65386e-07
0.0189167
1.35609e-06
0
0
3.51423e-05
0.00266124
0.001458
0
0
0
0
0
0.562951
0
3.54736
0
0
0
0
0
2.01328
0.116885
0.0596352
0
0
0
1.10397
0
0
0
0
0
2.00482
0
4.01429e-06
0
0
0
0.741255
0.175165
1.90166
0
0.0359236
0
0.0665569
2.74414
0
1.56306
2.48782
4.68902
7.57613
6.4247
6.96945
3.03055
4.1166
0.212186
1.75879
0.891297
1.50448e-06
0.000641775
2.58306
1.66642
2.07322
0.642545
0.732333
0.960811
1.30189e-05
3.75297
0.964711
3.96605
1.77231
2.97052
4.3439
2.24875
1.43794
4.37994
0
0.67716
0
0.475047
4.70121
0.194042
1.04354
0.0541925
0.340573
4.90844
1.09382
0.0610995
2.692
2.01156
0.250905
0.994295
3.64669
2.10101
1.77056
1.4479
0.338795
1.85064
0.722738
1.8184
0.00993138
4.58799
4.82216
4.11645
0
1.83352
2.135
0.0537307
0.0085775
1.62636
0
1.70291
3.04617
0.019946
1.96846
0.829853
0.101696
1.03594
0
0.00942696
0
6.43211e-09
0.357484
0.497128
0
0.0274995
1.48766
0
1.34137e-05
0
0
0.0463713
0
0
0
0.0359795
0
0.0499625
0.336185
0.0972119
0.189833
0.33782
0
2.45465
0.688244
1.47873
0.161303
2.29984
0.95118
0.0154311
0.865605
0.0220652
2.74057
0.0808869
0.968938
1.67565
0
0.112116
0.69844
0.385918
0
0.978179
0
1.40554
0.93252
0
0.0434454
4.72167e-05
0.00122427
0
0.263248
0
0
0
1.51791
1.43997
0
0.407451
0
0
0.422274
1.22912e-06
0
0.112968
1.44518e-07
0.0206237
0
0
0
0
0
0
0
4.96205
0
0
0.00230736
0
0.889946
0.221195
0
0
2.57249
3.53976
1.29447
1.3622
0.0220948
5.85116e-07
0
0
2.66993
0.813198
2.12469e-08
2.2209
1.80881
2.85002
0
0.00582451
0
0
0.000988515
1.60935
0
0.00400462
0
0.192733
0.644458
0.00729238
1.08637
0.218471
1.5513
1.30235
0.207373
0.911513
0.65368
0.419924
0.20519
0.000700139
2.04629
0
0.559261
0
0
1.02739
0.551445
1.75229
0.875014
1.54619
0.770769
1.63083
0
0.00134347
0
1.12757
6.13376
0.231471
0.0108542
5.75757
0
0.00531924
0.0217004
0
0
0.0129675
2.63015
1.1822
2.72861
0.994239
0.0511367
1.6449
3.14901
1.05294
0.159003
0.123831
6.04605
0.301903
4.16368e-05
1.46941
1.10061
1.04776
9.00964
2.1199
1.90106
0
0
0
0
0
0.785227
0
0
0.134653
0.939496
0.882093
0
2.07902
0
0
9.91778e-06
0
0.0122875
0.0161218
0
0
0.000697699
0.0549445
0.66864
0.939413
0.000224542
0.00463196
0.0938111
0.922079
0
5.02635e-05
0.0594223
1.72859e-06
0.115011
0.5921
0.0482854
0.229231
0.000646438
1.11624
0.189906
0
0.0548939
0.23199
0
0
0
0
0
0
3.43604
0
1.01872
0.530888
2.73922
0
0
0
0.862102
0.00137747
8.90583e-07
0.747741
4.01798
0
0.961914
1.44476
1.45368
0.272603
0.000433732
0.902029
0.197736
0
0
0.0185363
1.36107e-07
6.69801e-06
0.00510759
0
0
0
5.75774e-05
0.442084
0.0130091
0.0871167
0
0
0
0
0
0
0
0
0.193098
0.00192024
0.185909
0.586768
0
0.995952
0.684353
0
0.096097
0
0
0
0.206711
0.000271581
0.707382
0.216096
0.28886
0.0209382
1.01048
0.0672816
0.30877
0.00980582
2.04147e-07
0.19931
1.56631
1.74593e-05
0.338873
1.05827
0.0372615
1.00299
0.976615
1.72533
1.82536
0.0427931
0.937876
1.03515
4.23956
0.545782
0.586894
0.905898
0.781306
0.841912
0.669205
0.723999
0.0158311
0.17954
0.647358
0.00256626
0.00663242
1.46
0.00339595
0
0
0.00163215
0.058702
0
0
0
6.1574e-06
1.80026
2.02834
0.00157066
0
0.065267
0
0
0
0.683933
2.17749e-07
1.78355
0
0
0
2.68373
2.80442
0.968555
0.705812
2.01518e-06
0.850944
0.123416
1.2512
0.0259149
0
0.0332573
0.308799
1.38035
0.810316
2.1848e-05
0.00160682
0.000872411
1.09377
0.816445
1.58067
6.15479
0.693555
0.210054
0.0294912
0.0756419
2.69178
0.387224
0.728057
2.61813
2.09973
2.86622
1.82751
2.09144
1.30664
1.08473
1.00497
1.45111
12.9494
6.88614
1.98612
0.661826
0.295074
0.534449
0
0
0
0.335402
1.1231
0.975398
1.9806
2.033
1.31302
0.866413
0.193979
0.0882955
0.223069
0.0626268
1.04688
0.775483
0.14377
2.52078e-08
0.130903
0.389495
0.14071
0.138161
6.16174
0.840336
0.0426036
0.0234002
0.581555
0.496282
0.0205718
1.25825
0.299556
1.04523
0.501927
0.109935
0.088847
0.00830114
0.989203
0.148703
2.23912
9.99514
3.02228
1.72976
0.297112
0
0
0
0.0401984
2.66532
0.296357
2.35604
0.0196212
3.60168
1.09747
1.13056
1.8642
1.1772
0.723183
1.84665
3.20574
0
0
0
4.67083
1.2825
2.06587
0.193759
5.48196
0.293013
0.979318
0.000646912
0.0958959
0
1.32324
1.31785
0
0.286473
1.29806
0.235249
1.31847
0.295393
0.541679
0.536106
1.59659
0.411531
0.514063
0
1.27149
1.64143
0.329003
1.54487
1.28341
0.532296
0.685983
0.606792
0.0123526
0.638749
4.84774
10.5054
1.88683
2.7708
0.146184
0.756463
1.3487
9.57067
2.16794
3.39472
2.63717
0.136444
2.26208
1.53674
0.237471
0
0.0103503
0
2.83478e-09
0.0514442
1.12088
1.48345
0.233368
0.260781
3.15564
1.78927
1.87611
1.06806
0.415843
0.806871
0.439519
3.51823
0.869407
1.08112
1.42154
1.54954
1.56632
0.186262
2.53416
2.93359
0
2.83989
3.58353e-08
1.77022
0.315316
1.36683
0
8.08787e-06
1.62845
1.29402
1.70155
0.914846
0
0.810906
3.29224
1.81208
0
0.0570731
0
0.989005
0.0738894
0.793186
0.0139883
0
0.708726
1.291
0
0.00829245
3.98772
0.000144823
2.18219
0.0800735
1.6614
0.367858
0
0
1.23032
1.53884
0.547508
0.528811
0.234562
0.101
0.925449
2.06688e-07
0.0605211
0
0
0
0.00470296
0.372297
0
0
0
0
0
1.12142
0.0150487
0.697528
0
0
0.134327
0.011433
0.632468
0
0.0488653
2.94726e-08
0.964707
0.404082
0
0.761514
0
1.61559
3.96801e-07
0.498319
0.06431
1.32179
0.260522
0.00230962
0.922949
2.77802
2.91741
0.0704127
1.08558
0.00124355
0
0.0151084
0.00117333
1.39143
1.00234
1.86051e-05
1.18158e-06
0.937492
0.915995
0
0.0324477
0
0.410656
0
0.982038
0.0138371
0.0298596
0.152421
3.33143
0
0.773388
0.0310705
0.0840153
2.17579
2.9557
0.752226
0.0368783
0
1.98931
0.67286
0.985655
0
0
0
0
0.00100183
26.0469
0
0.995485
0.00259205
1.52836
0
0
0
0
0
0
0.0804867
0.808818
7.49697e-08
1.42189e-06
0.00434167
0.00881544
0.00837854
0
0.879041
0
0
0
0
0
0.0687545
0
0.942035
0
0
0.982225
0.0653215
0.968162
0.330293
1.28417
1.10221
2.18337e-05
0
0
0
0
0
0.137619
2.02124e-06
0
0.0189327
9.46994e-05
2.31377
2.5612
3.06121
0
0.0846017
0.160358
1.37325e-07
0.186285
1.41236
1.9085
0.137377
2.16764
1.61984
7.9468e-05
1.36532
2.19023
1.09252
8.80152e-08
0.0820086
2.4214
0.0319708
1.99579
0
7.2104
10.027
0.000561425
0.0291748
0.969471
0
0
1.02207
0.552429
0.00207492
0.000115258
0.787075
0
0.987652
0
0.00511099
0.00177904
0.409036
0.0890734
0.0603949
0.00102718
0.00887942
0.60422
0
0
0.781947
0.471195
1.90261
0.576886
2.7938
0.67788
0.785136
1.64176
0.0419168
0
0.00423415
1.78227
0.678646
0.0353168
0
0.443279
1.8366
0.198283
0.00232311
1.34746
0.204121
1.23473
0.301947
0.88874
0.0347144
1.00709
0
0
2.18341e-07
0.00434999
2.62864e-08
0.348553
1.78112
0.0161864
0.018052
0.945894
1.49988e-07
0.00726325
5.15297e-06
1.70812
0
0.36525
0.932002
4.0881
1.69196
1.1802
2.94722
0
0.0108337
3.5231e-07
0
0.905204
0.00351301
0
0.269333
1.75388
0.526446
0.619371
1.71571
2.81108
8.6749
0.00239397
1.38403
0
0
0
1.44939
0
2.35558
0.0492991
0.00473633
0
0
3.81699e-05
0
1.37799
0.543968
0.197567
0
0
0.959439
1.01722
1.77298
0.259625
0.403583
1.46857
0.129944
5.66242e-08
0
3.38802
0
5.26386
0
0
2.50123
0
0.248174
2.13854e-05
0.00932407
0.942795
0.824559
0.037725
0.0136327
1.22233e-08
0.00696453
6.71578e-06
0
0
0.0665004
1.42964e-06
0
0.484565
0.0972563
0
0
0
3.0334e-05
0.119541
0
0
0
0
0.589944
0
1.32827
0.815379
0.43961
0.165926
3.34126
0.63356
2.88547
0.376153
3.27004
0.66333
0.0009077
0.993128
1.0355
0
0
1.23231
0
0.569651
1.28034
0.981437
0.0738436
0.0557474
0.0208375
0
4.38427
2.0674
0.933393
2.83138
2.60387e-08
3.58735
0
2.81155
0.966765
0.992052
2.26174
4.2653
0.00478524
0.951367
0
0.115501
0
3.4098
3.51119
2.86294e-08
0
6.9822
4.12957
0.0259663
0.0889098
0.00493347
2.17254
1.28731
0
0.471405
1.21638e-07
1.07201
4.70021
1.85327
0.454101
0.958073
0
0.0730896
0.00934507
0.0197662
1.81902
1.1925
1.54823
0.688705
1.40545
0.0182159
0.0613768
3.63604e-07
0.835071
2.00025
0.100745
1.17388
1.8632
0.984085
2.02116
1.57916
0
0.508824
1.6871
0.486025
5.32034e-05
4.1377
0.99005
5.96484
14.4888
0.000352689
0
0
10.1321
3.11512
2.29672
2.39145
0.901222
2.17466
1.87113
0.109398
0.933025
7.93311
2.91198
0.000273447
1.78923
5.76603
1.96568
2.02892
0.254483
0.563932
3.78515
0.116616
1.98912
4.66254
0.00049743
3.04936
4.16843
3.28174
0.152068
1.09371
2.90613
10.133
5.66403
0
5.4104
2.50269
1.33117
0
2.95305
0.468105
1.09301
1.76655
0.479517
0.657808
1.59994
0.11735
0
0.000723616
0
0.0350931
0.109829
0.825607
1.16785
1.23666
3.75594
1.45991
0.351125
4.64195
0
2.34297
3.80437
0.0880622
0.852379
0.016623
3.17964
2.82192
4.88019
2.26628
0.2356
1.67361
1.45232
0
0.24118
2.81892
0.219823
0
1.04647
1.53271
0.307521
3.3808
9.9159e-07
1.1697
0.785504
0
0.31956
0.106357
1.88291
1.19178
1.28948
0.578695
0
2.18194
0.988764
0
1.36938
0.00601175
0
0.137341
0.298069
0.463015
3.35692
3.48724
0.0640647
3.551
1.38498
2.92027e-05
0.617751
0
0
0
0.258068
5.84241e-05
1.64028
0.812623
1.05065
0.798158
1.94165
1.78826
0.804845
1.03334
1.09039
1.50487
0.095229
1.36144
0.864676
2.80137
0
0.407469
1.18772
0
0.308351
2.61158
1.2746
0
0
0.217814
0.543646
0.0345895
0.0158477
2.60107
2.11608
0.923086
3.81148
0.947751
2.00559
1.3404
0.277899
0.869493
0.121689
0.405591
0.441697
0
2.94805
0.0426414
0.137758
1.18087
0
0.00925492
0.136652
0.118676
2.15631
0.0470915
0.00638236
0.402039
0.684116
0.939161
0.135134
1.92686
0
0.0947036
1.50336
0.241129
0.514113
0.91421
0
0.0319221
0.656829
0.992447
2.84509e-07
0.0274055
0.226977
1.74595
0.000546214
0.423956
0.0661222
0.140273
0.377112
0
1.0586
0.0188798
0.596971
0.834088
0.611924
1.58017
0
2.15958
6.60541e-07
0.859665
2.0548
1.04311
0.00255573
0.424635
0.283474
15.0781
1.04443
15.0703
2.73159
7.45909
3.39552
1.95262
1.48583
0.0836702
0.0171089
0.0190182
0.443922
0
0.000292616
0
2.76279e-07
0.889088
0.16498
4.0689
0
0.133458
0.00785704
0.25659
0.728766
0.326778
4.46596e-06
2.27449
2.30605
0.0296845
0.177454
0.133279
0.982335
1.4802
0.794593
1.11073
1.86374
0.0750116
0.730321
0.00344242
0.358953
0
0.841853
0
1.52949
1.87395
0.99653
0
0
0.707893
0.0330445
1.80297
0.517372
0.278216
0.628732
0.199803
4.23757e-05
0.397792
0
0.708439
1.00314
0.145072
1.1108
0
0.94978
0.0918919
2.1129
2.85749
0.452256
0.417644
0.623163
29.7192
0.0254329
1.94404
0.19269
18.5327
0.640855
3.16235e-07
2.20709e-05
1.44435e-06
2.40722e-08
5.45927e-07
4.11854e-07
1.87088
0.0216385
0.962407
0.928699
2.22647
0.959318
4.43407
1.73312
0.609472
0.000118291
0
1.14584
1.11875
1.088
0
1.3409e-07
0
0.532259
0
0
0
0
0.35023
0.162383
0.000720344
3.20261
0.122499
0.772239
0.840084
0
0
1.0588
0.000941575
0.618162
0
0.0451862
0.0145092
0
0
0
0
0
0.0920117
0.339798
0.455864
0
0
0.0804942
1.92169e-06
0
0
0
1.9938
0.289786
0.646039
0.0278918
1.38
0.00745554
2.73158
0.0765431
2.54513
1.48375
0.00538924
1.06041
1.40437e-06
0.573205
3.69648e-05
0.00643593
0.119742
0.639728
0.00142898
0.02911
2.67049
1.73508
3.76763
3.03865
0.111818
0.000373066
0.133768
0
0
1.27284
1.57054
0.781937
0.923203
0.10921
0.0661173
0.517341
0.018434
1.47293e-08
1.5358
0
0.168043
1.0443
1.16039
1.51633
0.000823204
0.427222
2.31196e-05
0
0.0101292
0.162318
0.127809
0.901125
0
0.954488
0.00992466
0.00637338
0
0.0053102
0.0640812
0
0.805444
1.95534e-07
0.0108108
8.70927
1.54796
0.00286871
1.9975e-05
0.893234
0.00231127
0.218523
0.232927
1.9304
0
0.000337026
0.0720099
0.0164484
0
1.4135
1.03558
2.46325e-07
3.0147
3.38738
0
1.63289e-08
0.00022348
4.75379
0.735789
0.0496885
0.0518972
0.0563407
3.19851
0.0881471
0.135698
0.972182
0.568095
0.878171
0.299747
0.0270872
0.348165
0
0.0304797
0.0040882
0.956468
0
0.000383122
0.000358922
0
0
0
0.835063
0
0.474354
0
0
0.26163
7.51639e-07
0.43238
3.16337e-05
2.70476
0
6.2104
0.414781
0.00922297
0.896792
0.983892
4.51606e-07
0.00203421
0
0.487276
0
0
0
0.00972971
0.00037846
0.053355
0.00122586
0.000164679
0.00109418
0
0.671902
0
0.66013
0.0330011
1.20085e-08
0.290197
0.0085922
0.680134
1.02245
0.811857
3.19718
8.66045
2.66484
0.633834
0.348545
1.74662
0.0526942
1.33507
1.89128
0.0894596
0.132195
0.455452
0.660404
0.66906
0.0345638
4.41424
0
0
0.00541729
0.745607
0
0.0203728
0.000701203
0
0
0
4.12706e-09
0.245189
0.00574718
0.0132676
1.83827e-05
0
0
1.81486
0.805155
0.0156919
1.12034
2.37629
3.73264
1.77655
0
3.70291e-08
0.121348
1.59544
0.0781218
3.74789
2.42428
0.107243
1.28334
0.910497
0.00759846
0.964386
1.30049
0.800532
0.0298536
0.000500619
0.164794
2.86271
0
1.33844
0
0.6638
0.000839671
0
0.824134
0
0
3.60375
0.347886
0.00362499
0.89847
0
0.889903
1.80309
1.07815
1.30545
2.4127
4.75245
0.0320682
0
1.01649
2.33871
0.00883613
0
4.70587
3.06906
0.501635
0.65392
3.52066
1.92118
0.171866
2.07996
0.407628
1.74513
0.910896
1.39132
0.286707
1.75458
0
0.614044
0.0691425
0.790604
0.0325733
0
0
0
0.0158266
0.788153
0
0
0
0
0
0.0331666
0.925462
0
1.03431
0.0449335
7.66436
1.60504
0.673894
0.128502
3.94522
0
0.432956
0
0.0042531
0
0.123136
1.09704
0.401745
0.0107314
0.0279063
2.0181
0.998396
3.45094
0
2.99551
0.0591028
0
2.40124
3.34509
0.121289
0.908782
0.912485
0
0.00210095
0.401538
0
0
0.212118
7.69442e-07
1.73751
0
0
0
7.08371e-06
0
0
0
0
3.05651
1.86803
0.899784
1.21143
0.358796
2.58586
2.15607
0.807722
1.53256
1.39742
1.22569
0
0
0
0.0505303
0.621691
0
0
0
0.0688501
0
0.0222643
0
1.80213
2.88868
0.0102523
0.959215
0.949641
0.0073106
0.79023
2.28592
9.50055e-08
8.51692e-06
0
0
0
0
1.29788
0
0.847528
2.39648
0.773661
0.193822
0.312852
0.858189
0.036038
0.00516939
1.77724
4.78881
0.335719
0.204261
0.832184
0.904244
1.06576
0
0
0
0
0
0
0
0.000145844
0.0252492
0
0.358719
0
0
0.00287271
0.301441
0
0
1.72503e-05
0.00151104
4.87529e-06
0
0.004398
0
0
0
0
0
0
0
0
0
2.28904
0
0.00966998
0.836352
0
0.0234542
0.0240868
0.0624423
0
0.02277
0
0
0.00605208
2.42678
0.718302
0.0055962
0.00875778
0
2.97115e-06
0.0489542
0.696723
0
0
0.00136847
3.92173e-07
0
0
0.534416
0.0290365
0.862256
0
0.000865779
0
0
0
0.0341945
0.113503
0.229172
2.11913
0
1.1197
0.0904553
0.0346672
1.79763e-07
0
1.43656
4.75736
0.952172
0.0143133
0.792055
1.43246
0
0.0141216
0.000108591
0.519035
1.37729
0.0165698
0
0.00315013
0
0
1.99335e-07
0.0051566
0
0.00128656
1.35994
0
0
0
0.0144176
0
0.0119261
0
0.0992879
0
0.0108156
0
0.89045
0
0.0195891
1.86506
2.08553e-06
0
1.58201
0
0
2.3924
0.170387
0.13731
0
0
2.9081
1.53577
2.0403
0
3.79832
1.88266
0.383918
2.02279
1.0254
7.28188e-07
2.41014
1.2088
4.5782
0.666783
1.21311
4.02936
0.341385
0.00339054
0
0
0.679907
0
0
0.0156646
0.58242
0
0.970442
5.23217
1.52597
3.93597
0
2.76863
0.442135
0.231804
0.00180558
1.07197
0.949777
0.0718701
0.619956
3.45166e-06
0.0107801
0.970257
0.0497874
0.118147
1.74721
0.564516
0.380709
0
1.22881
0
0.746329
0.868054
0.0450523
1.99644
0.356784
4.33532e-07
0
0.512573
1.34304
0.663975
0
0.424752
0
0
0.000833793
1.35235
0
0
0.328288
0.0220147
0
0
1.48355
0.0803549
0
0.824816
0
1.90682
0.0435125
2.27713
8.28597
0.333233
0.147973
0.902536
1.34349
0
1.14972
0
0
11.4451
0.855003
0.50243
1.28509
0.0303639
0
5.06338
0.348337
0
0.032731
1.14059
2.66109
0.201468
0
1.14025
0.00555392
0
1.65017
1.93741e-05
0.00371049
1.57379
0.0291128
2.21715
12.7257
6.64461
2.70541
4.20703
5.28167
1.45865
0.0302594
0.799254
7.0722e-05
0.670178
0.168097
1.32975
0.662867
2.37942
0.621147
1.26708
3.04805e-05
0.836765
0.0172583
0.0055273
0
0.0319516
0.438419
0.0489742
0.00701344
0
4.87948e-07
0.00146903
0
3.41809
4.49777
0.855661
1.59866
5.60888
0.139489
1.55314
0.0570465
0.848172
0
0.197354
0
0.169445
0.0858349
1.57947
5.83492
2.92278
1.0091
0.233163
2.40434
3.62662
1.42962
11.6689
0.1259
5.45506
1.54824
3.01827
0.00655051
0.424994
0.821312
8.60716e-05
1.0614
0
0.494336
0.797222
0.841697
6.67447e-07
1.14229
1.76588
3.83791
1.24842
2.23322
0.00215308
0.187321
0
0
0
0
0.0291717
2.3012e-06
0.998039
4.93308e-05
0.88293
0.123941
1.59336
0.00102102
2.21192e-05
0.86249
0.0236542
0
4.07099e-05
0.71541
0
0.492243
0.27397
0.56489
0.652533
0
2.08298
0
0.55567
2.28575e-05
0.0874447
0.000464738
0.843378
0.164609
1.81772e-05
0.579687
0.685245
0.0171287
1.95736e-07
0.0312736
0.739859
0
0.788308
0
2.70958
0
8.579e-06
0.735039
0
4.33544
0
0
3.47986
