3.06469
2.66251
3.1876
0
5.22271
15.1345
0
20.3339
1.04133
17.2966
33.4764
0.00254481
7.73855e-07
3.28343
17.9253
0
2.09623
30.6584
32.669
7.69326
22.3122
0.54221
0.0186092
0.122419
4.78204
4.74246
9.919
7.52959
33.3256
0.793193
2.67061
0.314301
0.00872585
1.12086
2.13029
0.144864
3.79467
21.3368
7.99359
14.811
15.36
26.0958
3.81285
19.5393
0.781714
14.5178
2.47186
0
6.16772e-06
0
0.556064
1.65527
25.2507
1.31862
4.44939
3.56809
34.7456
9.13141
0.0887985
1.1051
14.0388
0.0031693
12.0703
6.78418
12.5595
0.66987
6.26566
7.08329
3.62334
1.97423
13.4178
0.00280059
0
0
1.88706
1.11874
6.81652
3.43332
0.163213
0.914561
0.154299
1.50537
0.0116465
0.155058
36.2887
9.26709
15.2044
14.0088
14.6776
12.5172
15.1801
21.4289
0.887513
14.5424
6.98579
16.3153
13.032
19.1364
4.9823
0.389924
9.66254
14.9271
9.52877
15.142
6.25512
9.46091
18.7745
6.20976
5.03028
11.739
17.3326
17.7477
17.8275
12.132
6.54735
10.9025
9.85303
6.38481
1.6064
7.30848
1.56305
4.51964
3.02896
4.70357
0
6.52737
6.96604
0.652427
1.34339e-07
0.0242748
14.4138
0.442732
0
18.2648
1.7122
10.8435
14.1651
0.294618
1.7317
8.6755
0.903282
0.170857
1.09701
2.30795
1.10728
0.886457
0
0
33.6686
105.838
2.03843
0.635972
0
0.94748
12.4921
11.7262
26.5306
18.4818
27.2486
1.27707
8.26466
25.5921
19.2679
16.1333
0
0.037775
11.586
3.25522
1.02857
2.23755
23.483
4.49804
1.28328
0.0920405
0.947934
0.334897
0.00136094
0.0080558
0.00123639
0
4.13493e-07
20.9971
0.0100221
0
23.9227
9.95991
29.9269
7.62678
30.8893
51.6448
38.6649
32.9096
26.4653
37.8542
4.04789
0
16.0023
7.8562
16.7596
13.577
59.9789
82.7434
28.7331
31.6082
16.6433
2.56041
9.03151
6.20996
66.3407
15.3391
43.3369
51.6512
2.90141
45.7173
41.8005
38.8425
9.81436
49.2247
43.9914
13.6426
3.49296
4.88809
48.6562
5.53611
24.1045
18.1023
31.1826
42.3863
52.506
3.17453
2.10471
6.48571
21.9124
0.012437
5.90123
6.47213
10.9247
6.21213
7.06041
7.02274
5.39974
2.49601
1.57283
1.52017
1.25048
1.69236
0.320747
0
2.55049
6.36157e-05
0.911739
3.44989
0.079791
0.799668
0.132356
0.751854
0.00580401
4.53061e-08
0
0
0.744472
0.225377
0.000130715
0.0200217
0
0
0.694767
0.156006
0
0.616725
5.00827
0.589648
26.1767
0.0366868
0.00312558
0.563468
0.377405
0.0669281
8.06135
0.599256
26.2664
1.00698
0.870701
0.0817891
0.0483684
1.47497
3.49554
0.00863009
0.981956
13.7916
0.000109931
0
18.9662
0.0354736
0.0533299
1.23828
0.0913866
37.8317
18.2996
11.2362
8.04647
8.10311
14.6833
19.12
2.76292
21.5626
10.2318
12.5728
1.68241
3.18579
0.815036
2.26063
2.03018
9.94872
19.5723
33.224
45.0563
17.2091
8.68469
14.1055
0.3702
5.98479
9.38639
3.77483
22.9977
16.3068
4.55132
0.0433354
0.083099
0.051836
0.608101
1.34302
0.0866909
3.89004
6.85321
13.9174
9.88473
12.1289
12.3551
1.21313
44.1967
3.78795
3.38425
0.000178093
0.482672
1.22795
0.443841
4.85724
6.65084
4.59869
0.574763
0.000497256
14.0605
12.9349
0
0.0140353
10.0759
17.8547
0.398369
2.36585
4.07345
14.2159
0.163567
6.20974
0
0
0.429874
0.00430613
7.10417
2.25326
2.8349
1.94482
23.5367
7.74782
3.729
8.88437
0.0177338
19.7384
27.1379
27.6614
26.5647
8.96372
1.49419
15.4161
21.6309
11.1499
9.7768
18.4805
7.15129
15.7682
13.4513
7.16027
6.34325
6.02209
1.3888
36.3578
25.1067
20.717
7.56651
37.0662
19.2514
35.6626
25.943
25.729
30.705
20.5109
12.5632
14.9134
12.3256
3.04465
25.5141
15.7768
7.41051
19.648
8.19238
7.22564
77.7164
17.6513
19.9135
2.01649
1.927
15.2136
21.1847
14.9991
24.2441
37.5678
14.414
15.3696
30.3683
29.4766
49.8353
22.3467
33.6554
35.7754
27.7451
14.914
29.5163
2.00948
11.5017
21.7482
25.099
18.9561
20.7072
20.9257
18.0874
0.128553
4.51139
0.0378363
5.02922
3.19341
18.1563
5.77077
40.6916
13.0283
19.6704
11.551
34.1562
33.7389
18.8975
13.6571
5.16704
4.39076
0.0388829
2.39793e-06
14.9322
6.19824
24.0769
1.59258
3.06717
4.98921
0.61832
3.77135
0.384389
0.000564843
1.3605
0.0107146
2.6059
7.00362
1.60027
9.26648
20.1096
8.49816
2.2683
22.2982
28.201
12.9687
11.1717
10.9062
5.26689
14.7352
22.7492
35.2307
18.8028
3.89112
8.6723
14.3245
0.59833
0.860177
0.892721
0.05227
24.5673
55.9275
20.6133
19.2112
39.5887
12.6677
16.3883
9.47744
0.177063
11.8427
7.11581
5.29221
1.66746
9.73992
12.3607
30.2728
33.6386
6.39262
21.1835
8.46437
16.7859
15.5485
9.44378
0
4.82145e-05
19.7764
5.3507e-05
9.94898
0.286505
2.79069
2.37313
9.14524
2.35177
3.06055
5.238
10.6357
2.46147
1.9847
0.90317
18.7318
3.38053
0
9.98665
9.39441
2.39777
15.1492
15.532
13.0205
22.6621
22.1953
53.8945
32.9163
7.43909e-06
53.8113
0.802499
33.5731
35.9525
33.0997
25.2355
19.1783
4.83919
2.88691
0.274705
18.7023
0
0.301428
16.5578
0.975253
5.562
12.0425
9.48385
26.1854
7.13413
5.88892
4.30965
1.90403
7.53166
28.5038
56.1321
7.70274
0
4.24778
0.00216558
15.9415
10.4691
1.82079
6.27164
3.87765
16.3578
5.22982
4.28909
3.34742
9.4265
0
15.8014
9.62638
34.4661
3.52743
0.166569
27.061
10.7717
18.8574
14.2882
0.0791027
5.59905
22.7509
0.978061
0
0.644709
1.99204
1.05721
0.0124992
24.8201
14.0294
19.7514
4.72969e-09
0.635236
1.92653
15.5507
1.00462
1.41146
2.13917
3.72201
5.83235
0.722155
0.0215334
2.42042
12.5354
0.771657
5.93797e-06
1.23866
0.0297019
0.000426835
1.11175
20.6955
0.000943792
25.2134
7.45177
4.22003
1.1296
14.0438
4.86162
14.036
26.835
0.011848
0.88793
0.0392166
0.72329
26.2356
59.835
0.0985234
24.8031
1.97309
25.433
45.2537
20.9469
25.3163
0.147339
1.65398
0.998216
0
0
0
0.0826424
0
15.7826
30.988
25.8135
6.7236
21.2729
2.24148
14.2531
13.6859
38.3144
32.9072
5.08391e-05
6.57382
0.219929
30.1763
23.3469
6.4619
0.000730366
36.0757
14.2899
1.60007
9.40173
0.840485
1.91005
8.41937
13.409
14.4913
22.3322
22.1809
22.338
20.189
0.978577
7.51926
0
0.757202
0.405301
0.0698792
0.0072624
0.183096
0.0349762
0.91438
23.0754
1.33934
2.64873
1.5777
0.0235612
9.29417
11.9562
2.44629
2.62997
3.13879
3.71082
4.62724
10.7945
6.54072
20.679
20.9739
18.9744
24.3441
30.822
36.5312
0.296795
0.221122
48.7506
4.32615
0.00364172
12.5809
0.74682
30.1165
102.496
13.6156
30.7505
24.688
14.2503
9.98578
0
0
25.8364
57.1006
0.370895
0.109937
0.035673
0.0969049
47.1503
0.14854
0.650691
5.14109e-07
0.321718
0.723239
0.00137091
5.93636
18.5686
15.5015
5.46386
0
0
2.10211
12.144
15.6635
0.570899
3.36454
38.2978
4.50963
26.5931
0.38699
15.4783
31.6698
18.0547
43.3168
2.76626
9.66937
7.17988
0.0567032
1.05264
0.0110597
0
0
1.55262
0.000609442
0
0.167594
6.2045
20.5094
4.05865
26.6943
18.6005
2.77323
13.9142
2.91632
1.62808
1.66622
0.00118487
19.3876
0.610346
9.71082
2.88711
35.4095
13.2764
27.0978
0.566341
0
7.41316
1.61987e-05
27.5943
0
0.650603
0.82364
12.0415
29.5675
9.42723
24.4674
12.167
39.6218
2.72012
0
4.80244
17.0051
2.72223
1.76535
2.39281
0
0.00995182
0.409287
12.9645
4.40663
2.53906
4.80033
33.0396
11.3945
7.49982
19.6021
9.00558
52.3341
0.00307139
0.0575544
1.96909
23.0246
26.3801
8.8474
0.910276
0.000138739
0
12.5761
21.6521
15.7891
21.6796
0.229782
10.3114
32.7747
10.1204
0.00112909
17.7983
5.69319
0.0762303
8.68936
0.000426725
0.0416621
13.6553
0.0647125
0
0.926656
18.2285
0.117315
0.433959
3.27853
6.21691
5.0862
1.90415e-07
0.00413495
24.0583
0
37.7415
0.000308755
7.12116
2.8413e-06
0.0119727
0.894216
0.651087
9.66118
0
0.252833
16.6515
15.438
19.8285
14.4026
0
30.9243
16.5549
3.30115
9.83473
0.886612
12.6125
1.17552
16.264
22.6052
12.2827
11.8766
8.27517
34.3489
14.7582
11.6526
20.607
1.63253
7.83821
0.829805
0.314443
19.3653
2.91483
0.696082
1.41815
8.7997
5.56239
1.12994
14.4835
1.56799
1.16321
0.019764
0.63196
0.0148269
14.563
5.47776
17.6471
8.35598
1.81224
0.233149
0.426281
16.6718
20.6462
0
33.2949
13.2053
9.32008
0.0273422
0.438101
0.0357176
14.7961
3.18687
34.876
13.2599
1.21291e-05
1.56567e-07
16.3138
1.00713e-06
0.00820407
22.9514
18.5021
15.8237
0
15.3614
27.4502
5.63174
5.9421
7.16151
12.8641
0
0
20.2419
0.528869
0.0240833
2.79092
9.66886
6.76546
31.5162
34.6235
0.301821
0.0599383
0.789241
9.54257e-07
28.1702
19.337
5.73161
13.1599
21.3105
31.2671
18.8443
0
0.0395358
5.3669
1.37494
9.13195
1.69397e-07
13.0922
0.00116707
0.238768
31.4536
0
17.6548
7.54044
2.1695
0
0.00705043
0.0463052
0
10.6702
23.7271
5.12558
28.391
22.5406
0.884591
1.83854
1.73944
0.887493
3.90675
2.11678
5.87995
0.0257647
0
0.829776
3.09142
0
0.633996
24.3948
2.39497
2.77614
14.2887
2.37525
2.87552e-07
0.229316
31.5118
31.254
2.8091
2.59478
3.10304
2.41363
2.45686
18.2067
0.877985
0.655156
23.5219
9.75459
1.00956
0.124666
21.0554
15.5555
0.667911
14.2455
0
8.03913
0.0466162
0
3.80366
42.3186
0
57.0741
0.836414
7.03622
0
31.4941
14.8194
11.214
27.7648
6.49827
4.5025
62.9857
10.8235
0
0.386555
0.85603
19.5954
33.423
17.7377
19.3254
0.847418
1.83609
0.232905
21.3657
37.8905
29.1684
22.736
6.84202
38.3128
21.195
9.81195
36.6843
38.1683
4.89267
7.94422
15.6466
14.948
0.456493
0.104881
28.0074
26.096
0.931511
9.54548
8.41059
0
21.5462
7.49222
24.3439
0.00231029
56.8054
12.5486
17.5187
19.5391
32.1113
11.6867
35.2018
25.0164
30.296
0.00458367
0
0.52777
15.7898
17.8626
16.8702
24.3501
17.583
21.6787
25.2241
30.7092
32.7922
72.1909
64.5269
46.8805
13.2803
20.0074
1.09586
0.985362
0.421855
0.873206
1.83602
0.734298
2.0349
0.895878
16.6681
1.23752
0.657523
13.2848
11.9967
8.54707
16.9417
11.7661
36.3159
14.0373
8.67665
7.86179
9.75772
22.5653
14.2516
3.83716e-07
19.7923
13.6451
17.9298
33.5901
36.1023
29.9677
0.348921
0.000250061
1.32021
18.3574
12.4038
4.25548
1.8015
6.66897
0.267696
0.046943
0.238565
0.264898
0.867339
19.1824
0.0348333
29.3672
0
11.1021
36.4536
0.739995
0
0
11.7901
21.98
41.9716
22.7747
0.754545
0.15307
45.663
35.6267
6.3661
1.881
23.2578
33.9085
35.5308
0
25.6228
14.9255
2.0842
27.3458
1.87915e-05
0.0170717
20.7967
0.00288621
0.0916886
2.70305
1.59967
0
43.5421
0
5.33704
15.5452
28.0379
19.3414
14.366
6.36286
28.5946
0.30994
20.6541
0
16.6004
16.5366
0
12.1284
18.0104
19.0519
0.927137
3.14904
0.33544
27.8662
20.4451
3.37837
22.9195
0
21.6081
27.4954
33.135
1.20825
20.075
5.62205
28.7214
31.4935
1.78878
4.14627
1.34401
20.4988
0.125652
27.1666
0.0668285
0
0.0174275
0.692355
16.8632
0
0.0343825
0.000830381
23.1999
0
20.9542
16.3289
1.00654
11.2945
0.879749
17.3545
15.6662
24.718
0
0
0.00650165
2.04054e-05
0
0
0.000430473
6.44281e-06
25.5904
9.37528
5.78715
12.6143
15.0733
3.01732
13.7559
21.8818
0.00592876
17.9675
31.5189
47.4189
39.4991
55.6954
32.7035
35.3496
0.203194
25.2421
47.8628
39.4244
22.2972
50.3447
7.8515
68.0401
38.2632
1.91778
18.9114
0.0029602
0.045609
31.6389
0
0.163749
0.00662212
0.633945
0.0458136
3.33251e-08
0.876472
2.02573
16.5356
1.68193
8.80671e-07
1.89024e-06
1.38368e-05
0.0123518
0.995759
0.896622
0.461874
0.436432
0.00596567
16.117
6.00816
65.1669
39.9244
4.53909
1.1521
16.2416
18.5885
0.9707
0
18.022
6.96087
14.8237
27.6156
0.0057443
0.310572
0
1.5485
25.3445
19.3036
4.72984
1.47884
1.17029
0.54034
6.14151
2.22798
18.1077
16.4463
0.903656
6.0423
2.24137
2.8622
2.02375e-05
3.56122e-06
4.78628
0.0231895
1.73084e-06
0.766466
29.6385
43.8316
4.24852
5.45393
48.4871
3.7796
36.1525
39.7504
5.30676
20.292
0
0.689599
2.083e-05
1.30164
7.70812
8.6714
18.9248
0.216413
5.28784
0.738294
0.429428
0.0124553
2.44826
0.0385726
0
1.05843
0
10.2994
23.9135
2.47992
22.7293
0.107132
8.18562
1.56796
1.58069
3.34612
1.51959e-06
0.174844
0.396578
26.6075
12.7915
19.9287
39.6663
24.7825
18.7913
0.107007
25.3734
30.85
3.30625e-07
12.6258
0
0.791302
0.178818
1.96073
4.46427
2.88667
1.92428
0
1.41463
5.96467
15.311
14.0422
12.149
15.9467
2.27503
0.237732
0.737628
0.0486254
4.86266
5.74962
0.0283379
0
4.28869
4.57763
23.1295
3.74078
2.36491
2.74597
11.5895
3.96027
0
40.8375
2.56817e-05
20.3419
3.07795
6.24773
36.2456
50.2211
3.69924
5.42498
24.2495
30.3383
5.68001
15.04
8.89314
28.2753
2.63086
7.57447
1.13732
5.37797
4.84525
15.8327
16.7317
16.8499
10.0339
3.98789
3.554
6.01798
22.3981
3.81377
0.1308
0.0120739
0.689626
1.32404
0.36621
1.00396
12.1333
0.983268
32.5017
0.384918
1.8658
3.89217
1.34731
4.46609
18.1555
1.6284
2.8532
34.2375
24.6685
8.62905
29.9405
11.689
1.80788
0.699549
22.4185
25.6086
29.6674
11.5917
0
0
11.6481
17.0967
0.884974
0.689544
5.40337
0.00161289
0.303941
1.70759
1.86382
0
0.117659
0.00545082
12.2066
2.01124
8.71027
5.53251e-07
35.3501
12.1676
0.00865534
1.2453
8.07158
0.949697
11.1193
7.95364
0.0163346
20.1222
22.0133
1.8446
0
57.9999
3.68538
0.314037
4.17317
0.142442
0.0277629
0.101357
6.64697e-06
0.224252
11.8404
2.75437
1.54259
1.70548e-05
0.432737
1.25267
19.4537
0.13794
1.29921
0
2.03187
2.69529
1.77337
0
37.4466
0
41.9603
0.010698
0.668569
0.0173832
2.23015
1.4478
10.1808
1.18623
0.941296
7.79002e-05
25.2564
8.61484
2.14026
8.57952
5.3658
2.94719
0.129978
1.00572
3.30001
0.0345933
0.00211202
4.07373
2.35115
2.33702
1.64364
71.5343
16.4717
0.304893
2.16926
1.01663
0.000887853
7.56854e-06
0.920394
8.86352
0.376603
0.94219
1.88874
1.14264
1.31271
0.865421
0.876352
0.293451
0.298011
0.0701458
0.94104
1.59221
4.22419
0
6.28006e-06
0.809481
0
0
0
0.872221
1.26466e-05
3.11055e-05
0
33.0516
2.77539e-06
6.87616
12.0221
0.0376604
4.43659e-06
26.2458
2.94705
13.4949
0.784889
0.701215
0.172177
0.0440816
2.50398
4.98306
0.0435449
0
2.71933
1.83192
0.361634
0.931383
15.7072
1.48358
0.753802
8.74361
0.0227304
1.02964
16.4396
0.274726
0
0.00426841
0.815069
7.60295
0.759838
1.08392
0.804662
0.597496
0
0.00102793
10.2439
0
1.99948
4.23131
0.924838
0
0.14976
1.9225
0
1.78794e-07
0.00132923
10.13
1.43013
19.0529
0
0.221714
1.54712e-06
0.751082
1.13924
0.0175705
3.66091e-05
0
0
21.5304
0
18.4118
20.1242
19.0639
43.9563
1.58515
19.1244
6.99665
14.1869
1.93959
0
8.04729
1.00866
12.2585
0.000696073
0.484345
0.896302
0
0.0229401
19.7673
14.9106
0.00701999
2.80752e-05
21.6332
3.73542
9.06167
24.1156
5.12824
29.1938
14.1606
37.1425
5.08363e-05
1.27665
18.978
0.000116031
25.0326
24.8348
42.413
42.8573
2.86933
10.0224
22.6611
25.9366
40.1606
45.9257
34.4523
10.2765
9.9868
1.50315
9.06214
10.7903
1.03562
0.965183
0.0263059
0
18.5898
15.4454
10.3475
0
6.2485
0.850651
0.0200714
6.9033
3.75322
0.949765
2.23425
2.21331
4.18248
8.08888
8.43124
4.75319
15.4589
0.00936056
0.0994444
6.42891
12.0153
9.26541
2.8655
1.39712
0.156041
9.68542
0.379652
0.694009
0
0
0.156985
0.103941
0.190301
0.211198
0.927087
0.0236911
1.22307
0
0.74243
0.129762
0.00191583
6.64238e-07
0
0.815264
0.000236021
0.0573499
0.387939
0.0223031
0.817489
2.23909
1.27161
0.559179
0.977751
3.49687
0.97714
0.0099001
0
0
1.19642e-07
26.2652
0
1.87196
0.395232
0
0
28.3211
0
0.000829065
0
3.19755e-06
0
18.943
0
0.0490064
4.39283
0
0
5.43461
2.91503
19.8237
0.0393507
1.29532
0.173413
4.66679
33.3401
0.898501
22.1555
17.2143
14.6334
13.5043
16.9613
23.2564
38.1624
36.1275
34.3329
43.1284
30.459
0.0375603
0.0283911
23.5259
15.1803
21.6215
32.2297
17.4449
20.7458
8.58005
39.0737
38.4527
41.1997
13.4494
14.0229
24.007
21.2386
23.2882
18.8479
0
17.4781
0
27.3551
27.3331
45.4823
31.9913
10.6285
26.0521
35.1566
18.1527
2.30409
21.4435
22.532
28.9482
25.8518
29.9466
37.2125
47.911
29.5813
24.1739
27.9316
13.9144
24.3246
0
26.7162
18.2338
17.739
0.00742938
25.4472
18.5524
2.5746
0.896164
4.37089
0.502976
5.52932
2.84861
15.8696
1.84769
16.989
2.252
0.26552
4.90163
0
0.145174
0.708081
19.3099
0.655509
0.0318741
0.301141
12.7911
0
0.00590999
0.381195
3.15507
2.03594
2.92828e-07
0.681197
0
2.1297
0
10.344
2.27946
5.27791
2.08232
2.67705
16.3488
6.74042
18.9698
35.2663
12.7925
32.3598
22.8511
24.1426
80.3271
11.8053
79.8749
29.8618
44.4561
21.9989
0.0641452
19.0402
18.349
19.8597
0
32.3273
0
6.79332
8.61154
1.95222
8.73506
9.97452
14.7975
1.32459
30.7027
0
0
23.0503
10.9548
1.24872
0.00424753
2.88671
0.539947
1.8743
3.73582
4.6594
0.152757
1.06627
17.3305
0.356987
0.0664537
0
0
0.0416974
0
1.48038e-07
0.000992353
29.2322
0
0
0.0450639
9.1139e-05
26.5538
16.6539
1.64465
0.596398
25.8063
15.7598
0
8.06612
0
3.11633
0.00154744
0.856833
0.75059
2.81886
2.18051
33.1514
4.86369
30.1557
0.041311
0.00430354
0
0.550567
0
34.4049
0.985576
0
0.990874
15.7232
0.362217
18.8446
10.7979
12.9314
18.6397
15.2467
25.951
4.28701
9.47584
20.915
5.57275
0.864269
29.1754
2.20846
0.556645
11.9243
3.84869
9.24766
5.44864
20.3055
5.04611
3.16
9.58468
29.7148
10.3629
5.07488
3.08558
7.70881
14.0496
7.28529
7.2397
19.167
3.77559
0.0146071
0.179766
1.21602
0.26814
0.249643
8.97848
24.7732
47.6284
35.147
1.29431
37.3328
29.9536
3.26826
31.8611
8.76087
69.9077
9.60328
3.55567
4.89685
44.4274
43.6297
16.9827
21.7758
8.87173
1.42662
0.000135571
1.36237
0.0187287
0.804996
0.442019
0
9.42981e-06
13.1072
27.0603
37.2016
2.03218
22.3976
0
0
0.0226058
0.218774
0.926121
0.0263819
0.0284043
0.00582879
7.66277
0.197343
1.49877
23.6312
0.393157
18.6667
2.42308
6.89522
7.64663e-07
0
19.6895
4.62496
0
10.0672
14.5551
7.18464
0.0390115
23.3862
8.88717
0.0326075
9.64531
22.052
0.0664051
0.4388
0.657212
0.0528026
0.790996
0
20.0924
0
33.8788
20.3315
50.4238
0
0.0162944
0.000673137
0.932132
0.00664834
13.4482
23.0567
29.7162
0
19.8795
17.1882
23.8288
7.55874
4.63569
3.72929
9.31886
0
0.00371482
1.00741
8.38402e-05
2.7455e-05
3.2415
0
0
0
0
0
0.991761
0
0
0.544806
2.2705e-05
3.30367
1.45435
0.177298
0
4.65182
0
0.51287
0.325428
0.000562396
0.0194996
6.9138
20.558
0
3.94695
4.39261
0
0
1.20474
0
10.652
11.2109
13.3167
1.83617
9.32768
1.46113
11.8267
2.51019
3.82716
35.186
15.0103
4.4026
31.162
30.8724
45.5901
18.3337
15.4508
22.1663
27.7638
29.0756
29.2212
19.7899
22.6971
20.5662
15.6736
24.85
16.8353
9.69213
20.3569
24.3834
32.8943
16.6099
8.59004
26.8108
16.3789
18.5487
7.19896
3.63784
2.60365
3.61111
0.800049
0.282063
0
0
0
48.8055
29.8397
1.04184
1.59018
2.13883
4.90911
0.000835492
0.05387
16.2333
0.0528875
24.8419
5.95281
0.975664
0.00476749
10.6415
20.1041
0.114084
30.2183
18.8194
25.6991
24.847
1.8811
22.7272
0
14.8365
16.7971
13.3445
33.9814
12.605
11.057
5.24288
7.78029
8.26128
8.68735
28.3834
8.55327
3.79052
9.75914
1.24246
4.63597
22.5549
7.25024
23.5317
24.3335
28.2163
34.3301
56.44
30.6702
41.6723
30.1504
32.9535
33.1551
34.8559
13.3883
20.7433
22.3318
17.38
0
0.00690899
1.86881
0.0152679
0.26429
2.5029
0.00075147
0.000333663
0.00143496
0.0876413
0.0574354
0.14874
2.10443
2.90258
8.91768
22.5329
2.35071
0.0378204
0.623984
12.8314
18.6674
18.7521
44.1916
5.0694
5.8345
7.13924
5.96171
3.2972
2.61641
6.93127
20.4719
11.948
15.3475
10.8168
12.3965
5.8547
12.9975
31.9016
29.0718
31.273
34.4028
13.8231
7.03187
0
2.14978
0.000345381
14.3693
19.2944
4.93699
12.9646
7.58129e-07
22.3023
29.4634
24.1473
16.9734
17.4641
17.8648
27.3364
33.3903
0
0
0.0230203
83.8912
54.1459
50.3927
1.78415
66.3763
0.222752
24.2767
2.02781
5.056
1.78452e-06
9.45818
17.0882
3.20575
16.6535
123.256
62.736
34.4426
12.6798
0.000810011
98.5172
15.6119
82.4247
17.4566
10.4696
112.407
85.9575
49.9657
54.3635
16.9085
25.009
23.5749
32.6258
11.4984
23.5852
41.7039
39.2887
23.7768
31.0773
20.9979
16.3062
50.6066
35.0441
22.5378
26.7562
24.2677
21.8298
38.3322
20.2586
18.5427
0
22.5133
0
7.14875
28.447
32.8353
22.3206
20.4547
12.3802
24.6091
30.2867
24.5637
20.3256
26.7695
21.4598
5.28661
25.7971
12.6778
15.1583
14.1491
12.7939
16.784
18.9795
17.7383
19.0259
0.698807
16.2388
3.51479
29.5613
6.05399
17.6514
0.00875997
2.07296
2.08729
19.5873
10.1065
31.3046
1.69845
15.0735
32.8387
9.84431
8.07492
6.61362
11.2232
16.7332
22.6374
3.71113
4.57581
1.26494
18.6501
3.53576
0.871531
1.27844
4.4224
3.11617
2.39563
3.04048
3.08759
1.27453
0.14698
1.9158
1.53361
0.484874
0
24.9142
0
1.79554e-06
0
1.51293
0.0614423
0.941735
0.0344405
1.8662
1.94416
0.203684
0
0.169693
0.493852
0
0.00510387
16.8836
0.667723
0.671944
3.70914
0.458555
6.91737
1.44822
0.842491
0.0286772
0.176442
0.800893
0
10.0889
0
6.59418
0.00023774
23.599
4.86831e-05
22.8354
2.63438e-05
0.986333
15.7471
0.35793
30.476
23.4538
33.4202
1.67313
12.1308
1.01019
0.195982
0.936739
0.913141
11.1052
41.3836
0.304083
0.118143
29.157
0.296565
0
1.98924
0.000524003
2.37591
0
2.19237
0.000708716
0.372591
3.99791
9.5916
0
13.9873
3.51274
0.261562
8.72791
29.5521
3.71021
19.364
0.471675
24.7172
32.7533
24.2143
6.33372
0
0.682754
0
4.56391
20.6611
0
0.0172093
1.10906
1.21768
0
0.261213
0.704762
4.44652e-05
0.0598699
0
3.2102
0
1.83316
0.000431988
2.34871
0.0001533
1.48496
0
2.24216
0
0.000756317
3.63316
0
0.000244117
0.000112481
0
0.00168524
0
3.27529
15.5855
15.6757
19.7058
29.087
19.1348
7.84434
4.91549
0
0
0.0217855
0.410389
13.2912
5.97059
4.5548
0.000325359
0.764254
16.3812
51.6427
50.6276
27.8639
4.24862
7.85126
16.5789
24.7521
6.83897
4.98164
14.2653
1.9629
17.7868
22.2983
8.25772
43.366
12.1969
11.5167
28.139
4.12408
29.7725
4.81682
53.5888
0.41599
78.0964
94.3817
0.0280108
1.25809e-06
1.05743
1.12214
0.31738
0.976766
0
1.00332
0
0
0.996793
13.9878
0
3.84065
1.86021
15.1701
3.73483
2.56131
14.9572
9.45347
4.29717
8.57435
0.0780285
14.9344
24.6411
22.1115
14.4462
12.2799
19.92
17.3516
0
4.52901
0.018289
8.67571
19.2901
8.4287
2.53862
1.89597
17.3867
19.954
24.4732
10.7883
17.266
13.5363
6.35967
8.85574
19.6732
17.2066
3.24552
9.83705
0.0270696
12.5917
48.1954
5.59234
1.42367
25.2682
0.600068
14.8865
3.9075
0.347417
5.08035
0.292624
32.8222
0.0697483
38.0551
51.0975
16.9091
41.9695
21.76
20.9193
12.1965
15.3168
0
1.78304
13.8818
5.52142
7.17182
24.1349
26.9623
20.1402
19.1929
26.873
26.5595
50.9096
12.8963
26.4808
0
0
0.0162557
7.51722
1.84474
12.4627
9.24117
0.133119
2.47706e-05
0.865388
0.053366
2.20283
0.592388
4.0516
2.42798
0.886603
1.70948
0.981926
30.653
8.83113
9.65539
7.12655
16.5114
0.381246
12.2262
0.18906
16.3109
0
18.1255
1.58226
2.68486
7.28999
0.953493
0
0
0
0.00134007
0.0241154
0
0
2.52411
0.180021
2.74877
0.112106
0
3.18001
1.35029
0.129832
2.65833
11.9431
19.2352
5.59322
2.42925e-06
0.000321362
9.22714
0
0
8.23247e-06
0.0195349
20.4851
0
28.4723
25.6075
40.19
20.3677
42.7599
13.7975
26.5781
5.79241
14.394
19.1132
1.24364
9.91409
7.58508
1.70624
1.8195e-07
23.9968
0
20.5736
17.8346
19.9135
10.7808
16.5563
41.2499
1.02966
36.4468
24.1708
29.696
28.4803
0.864487
33.877
0.83778
34.3651
8.30324
1.20002
25.3427
9.3892
3.74319
2.28982
0.0633742
6.33802
3.89297
7.79015
13.341
3.05888
0.00154048
26.8367
16.6347
19.8297
12.1803
19.48
36.4451
43.0664
9.09284
32.1648
16.5445
33.8705
27.0034
30.1335
10.07
10.5342
0.064444
9.95701
16.2025
36.5662
15.2222
13.209
26.4271
9.53077
7.537
26.9139
16.8828
12.9995
18.3047
20.0863
14.0792
36.4175
14.2462
4.63001
40.7346
21.4733
0.00160211
15.8653
28.8391
11.8578
7.73349
29.0702
0
26.3365
45.1521
11.4096
0.147264
0.0347726
56.3301
33.3306
30.5036
37.1138
2.01056
36.4204
25.8015
2.6518
40.031
38.4899
19.513
8.63922
33.489
39.1591
34.2661
21.3939
32.7773
17.8489
25.9674
24.3874
36.1801
27.888
2.6606
39.351
26.549
18.3417
17.7898
23.8404
30.9022
49.2401
24.1978
0.00030487
27.313
35.6913
19.6439
0.0131668
17.1253
15.0589
53.702
13.957
12.1262
13.2135
33.9343
0.349681
0
2.33151
2.10127
40.0002
0.675592
23.0395
40.4565
50.6375
27.6208
23.3423
0.0746852
19.0088
0
21.7409
24.4952
15.7624
18.6526
24.7154
49.6744
59.9618
31.5211
33.1841
25.3988
19.4881
36.8421
0.0115624
30.5676
15.0465
21.3269
0
19.0253
11.9054
21.1558
20.8329
12.2984
31.7727
23.7519
0.0209786
13.9927
14.3378
15.0263
21.5438
19.0092
1.04569
10.2026
17.3678
6.28257
1.62352
5.90179
0.388591
3.35228
1.3291
25.6708
2.5315
25.8543
16.0141
15.2305
26.382
14.2722
3.72476
54.1974
0
5.55353
9.59187
13.7648
0.000340352
17.9038
25.8336
15.5791
17.0644
12.2928
28.181
31.0639
12.2164
21.5242
22.9739
12.8674
21.0711
19.8125
26.928
12.637
26.2537
24.7193
0
21.3601
17.4519
33.6391
9.15343
2.05559
38.0899
5.42439
30.6747
31.6642
13.2916
48.7318
20.0779
34.2691
26.0896
20.1261
16.9178
16.5099
16.9569
12.4823
29.2347
20.0555
1.07765
15.8921
23.8746
18.1392
41.408
1.26232
1.52235
31.5467
4.86288
38.3368
27.0846
0.0351186
23.6069
1.90901
21.3617
12.7753
18.7703
0.278813
7.64686
15.4479
22.5658
27.8724
16.8928
6.86183
12.6302
2.21695
8.00736
21.93
8.2358
13.7283
15.3312
11.163
13.4659
6.37832
22.0864
11.0489
0.971608
19.1084
15.1799
9.90188
20.9812
20.7526
16.1134
0
13.3581
0.0577633
12.8463
1.22989
4.03825
25.7378
1.62094
0.829067
65.4729
4.1854
57.5948
0.218946
29.1813
4.18126
0.994564
30.6162
1.67931
0.97953
0
0
0
24.6171
9.12143
23.4304
20.6494
36.3286
21.7396
16.5889
3.36879
8.47167
3.00235
17.1845
29.1379
0.345543
44.81
35.6035
1.53462
15.7338
2.7537
11.1821
14.1491
0.616197
14.1807
1.00729
7.67673
13.7427
3.80134
0.00113518
0.115651
0.0685241
0.0776981
15.2502
30.4901
19.3332
2.86754e-06
3.20095
20.784
13.6273
24.444
17.9633
17.4577
18.1439
12.4418
11.8632
15.9059
11.1896
1.87323e-07
11.9653
11.3191
16.5247
17.9945
0.21256
9.72865
10.0635
24.4654
4.82209
15.9381
10.1353
85.6747
4.48907
18.9342
9.93269
175.23
19.2788
10.4274
10.5957
9.59043
13.9801
13.8271
10.1703
24.9939
8.44538
11.8276
9.06971
7.88973
9.24398
60.1393
10.4767
20.8689
0.0259124
0.105196
39.4448
34.5798
0.208439
7.06251e-05
0
0
5.18944
0.975092
2.93721e-06
1.3652
0.111901
3.92525
0.000745137
1.38211e-05
16.7787
0
10.1033
20.3518
0
0
22.5951
2.9551
19.5798
0.0817195
12.3145
8.54501
0.0474226
1.24408
0.00253693
3.31569
0
2.18477
29.0731
5.80647
0.468159
1.40766
2.37405
0
0
0
0
18.5539
25.2883
32.0964
4.37062
9.61575
1.0092
22.48
6.89924
32.5221
21.4353
34.6503
15.3833
31.2088
9.21839
14.6284
21.2736
17.1902
17.3279
11.8155
5.09704
27.8701
21.9885
65.9069
30.7685
23.1313
2.38628
20.8292
0
1.81229
16.7501
17.2683
16.5856
8.12924
6.77322
7.73846
17.2383
0
3.97641
13.6381
19.6342
31.3485
25.2379
29.2025
34.4922
13.0448
5.91351
10.9458
17.3281
23.221
24.3153
26.9165
27.6934
1.17749
11.9717
3.13817
3.2734
0
0
2.18897
7.56288
2.90535
0
2.48586
33.9233
40.2135
12.1019
13.1153
12.6647
18.7454
37.8986
11.098
16.5621
0
2.5947e-06
7.84799
14.7039
47.6741
11.4345
48.6568
12.449
15.5511
28.8465
0.568715
0.000190745
0.0464766
22.926
25.0433
4.50769
6.01039
4.69174
31.5543
4.55055
1.03506
16.9992
0.646536
1.81901
2.24024
30.5207
24.6344
10.4371
0.321433
21.3409
19.0924
0
0.00950612
2.46373e-05
0.974202
0.20186
0.53247
25.4049
1.51617
2.94998
0.00631891
0.416829
0
26.4745
0
32.3662
32.1982
1.71374e-06
45.5379
4.87181
0.587382
1.11249
14.4567
2.36301
0.146823
0.0376086
2.13335e-06
0.892079
0.120111
0.73659
0.0695863
0.291838
4.6738
9.59279
10.2724
7.68976
1.81758
1.33595
0
7.57896
3.0689
3.27979
17.3365
5.07689
4.58847
28.1476
36.5882
10.7952
17.6242
33.0143
6.18798
6.20103
9.28408
0.529723
29.2608
5.88124
7.61862
9.37076
14.101
9.05134
1.92461
9.66113
39.2032
0
0
0.0872
1.13843
0.492376
0.273393
0.0384281
1.61693
4.15831
4.15984
2.94111
8.17286
0.000170753
2.2994
8.7423e-05
4.0382
0.158492
35.1491
15.2718
28.9223
23.7599
40.4498
40.6079
34.7708
2.36377
5.85141
19.7178
21.6452
4.24205
21.9828
21.5777
2.57004
5.13709
24.3603
3.04882
14.0754
16.7617
2.67751
9.29497
10.5227
2.48569
14.8693
0
8.30434
0
13.2666
2.50446
0.0851828
18.0183
37.3188
0.0245235
35.8779
12.6182
17.9949
29.9325
0.980432
13.6686
29.2169
12.5962
15.3312
30.0167
42.2018
6.6015
8.67581
13.0851
15.1884
3.12337
0.543907
28.7164
0.312823
1.53872
1.85888
2.30738
2.49094
3.34267
3.55895
1.10189
1.41051
1.09793
1.48234
0.344893
0.310938
6.3215
0
5.52902e-05
0
0.0695798
0.680855
0.0483038
2.38112
1.44311
0.34011
0
0.313616
0.811844
0.0293192
0.0122237
0.926116
0.648079
2.55216
33.6902
0.404173
21.1276
18.2579
2.5147
8.74655
12.5313
0
1.70398
0.376418
17.3006
0.00174076
3.33247
4.78839
16.3679
5.12504
7.40395
22.9637
38.0303
36.3343
16.7943
23.9378
44.0113
1.07661
23.986
34.4548
0.715264
1.36664
29.9813
0.0161988
3.17371
23.1197
0
6.49948
1.51675
31.3943
1.62606
0.00141285
0.597822
0.00290595
6.8107
0
0.0805272
0
7.75459e-06
31.4786
20.8317
16.5555
19.1899
0.0812918
21.9898
10.5133
3.42666
21.2572
20.8273
36.0132
9.95353
0
7.09038e-07
47.0905
0.847008
0.506345
0.277633
0.982553
1.19818
1.28079
22.7027
0.174578
2.34357
29.5187
0.518921
0.0424876
0.194077
0.556048
18.7331
33.4567
0.00029922
0.0232616
0.0194847
0.954803
0.209115
1.46495
33.8605
0.0423966
2.15751
12.4631
1.13356
0.0222385
8.63613
8.23671e-05
0.148221
1.26328
27.9763
26.0973
0
0.59114
0.558052
0.0423295
8.85131
0.652117
0.0192421
0.00436942
4.7039
0.0224548
0.0477589
0.926695
0.405695
0.00529028
0.990395
1.62836
0.868239
0.0607866
7.58114e-05
11.2158
0
0.070837
17.6709
0.0390915
0
0
2.33851e-07
0
0
0
0
0
0
0
2.404e-07
0.51521
26.1138
0.818685
3.16381
0.588068
0
0.803581
1.30891
14.5081
0
5.20787e-07
0
0.0553063
5.33653
23.5167
4.51361
1.25435
0.925282
0
2.45221
17.375
12.9039
4.31293
1.33078
1.3492
2.84211
19.4127
4.32952
0
7.88111e-05
4.24127
1.38559e-06
0.0259965
3.83253
0.000178926
1.72659
5.02463
9.39603
16.6414
20.611
0
24.7785
2.94263
7.27878
18.3669
0.045311
11.3417
25.801
2.16527
3.67278
7.32979
17.6513
0
3.12189
0.666435
0.813129
84.695
2.06012
0.0792567
25.088
2.05829e-08
0.0702656
4.11985
15.5476
0.523372
6.20405
34.9608
0
1.69469e-06
3.19692
0.00686803
0.011549
0.0510708
0.282555
1.25287
1.25961
0.331372
6.43966
0.635161
0.12907
22.1517
16.9014
2.29023
0.749602
3.1902
0.000991195
4.23344
22.6149
3.40444
4.09798
0.0683921
6.71374
48.906
22.1009
33.2754
0
14.1358
30.8731
19.8004
43.7854
0.929046
0.630076
24.8986
1.41857
34.2286
2.78006
3.78127
22.4826
0.275967
0.887015
2.9807
0.142287
20.0043
1.28526
1.98438
24.8894
12.136
0.409736
18.4864
24.693
7.83086
11.8176
1.52524
22.2297
28.6352
0.35712
2.84734
21.4106
15.6569
3.54629
4.85097
37.4908
10.7343
23.9995
15.0187
29.9103
10.5908
15.1089
23.9719
1.26062
27.7781
1.1316
9.72382
32.0756
16.2894
20.1184
0.465465
0.13657
1.756
0.561593
2.10225
2.11488
2.33652
0.637341
0.00412019
3.1467
4.44817
1.6182
9.12451e-07
0.30222
0.023102
4.78463
0
0.0253932
12.006
30.5569
0.705812
2.45974e-06
1.99902
31.2965
0.0396268
6.30391
45.7334
11.1414
15.0771
20.9612
15.7457
0.205135
6.38121
0
9.23934e-07
57.6972
0.573251
1.99138
18.0201
1.1504
0
46.9785
9.25456
0.700604
0
1.21627
39.4169
5.84448
0.239588
48.4741
9.52366
3.31226
17.6066
21.6003
16.3324
9.02881
7.83555
18.7432
11.0119
26.3026
17.2537
29.2375
41.7909
15.1294
5.38996
0.954606
10.8048
0.0004049
8.75738
16.911
0.0389258
18.9599
21.0885
22.3575
8.0888
0.0120208
0.880332
0.0225485
0.369596
1.38415
0
0
0.0468146
0.0747417
0.75077
0
0
43.1402
31.6281
2.52122
40.668
27.8032
17.6749
14.0413
9.40488
17.9937
2.52884
21.8137
6.37684
10.106
10.5873
12.582
25.0223
8.25902
27.0599
5.81776
34.5116
34.9094
49.8202
26.9381
22.2082
20.5595
32.2927
23.8009
2.29382
0
1.22699
0.490289
0.911971
0.887276
0.327323
27.5233
0.0719687
0.460849
19.0283
23.8732
28.7379
18.4396
22.0568
12.8923
3.72911
0.0748468
0
0
0
22.6107
0
0
0.110625
22.3421
25.9956
11.49
16.9522
22.272
6.5583
0.48937
0.779381
2.97972
1.43326
0.985284
2.42154
3.21595
5.03272
3.82309
1.04583
17.6373
0.00031477
2.30307
0.184729
0.982797
1.5973
14.2936
4.94044
2.43113
9.52703
0.986591
1.95773
1.56396
1.18022
13.3909
0.0788019
1.16597
0
38.4358
7.68924
0.255653
13.0458
0.553189
34.9861
0
0.54002
35.905
