1.86968
2.94878
3.77027
0
0.11865
7.04053
0
9.85784
1.25452
8.27408
24.4372
0.463817
0.0017975
1.15647
5.94142
2.66686e-05
0.931696
17.8757
21.3904
9.31263
9.40025
0.919433
0.116423
0.789267
1.92446
1.60774
5.75663
4.38877
19.649
0.912467
0.883157
8.52786
0.237887
1.32694
2.45536
0
2.23792
19.1793
10.6373
10.0548
11.6071
15.6297
1.31851
8.67239
0.822082
11.692
0.914544
0
0
0
0.615039
0.00384931
18.1434
0.314975
1.04472
0.129509
26.9917
0.151718
0.163895
1.99957
1.64047
0.00605615
4.21877
7.40262
5.92967
0
2.36487
1.79089
2.64495
0.324746
7.83649
0.0169392
0
0
1.21331
0.0670564
4.07795
1.68744
0.0027781
0.965521
1.42338
0.374519
0.62987
0
38.5474
4.32279
9.7894
18.5643
12.9122
14.8576
13.4886
22.4625
3.47908
9.65015
5.21821
9.06839
15.7458
23.2299
2.9519
1.32834
6.09643
1.27393
14.1576
13.7758
21.4772
7.62178
9.91075
3.96155
4.54142
8.45633
14.6211
14.7601
14.0376
22.3908
10.4083
13.1169
7.14695
1.32096
4.75506
4.21611
9.12241
1.16396
2.1934
2.40232
0
3.06898
6.30337
1.30129
0
0.00112975
15.0976
0.0233326
1.02563
17.6561
1.68689
16.3249
12.821
0.785356
0.0210896
7.98522
0.0467801
0.962227
0.00525709
1.96068
1.10309
0.0404138
0
0
30.3419
82.4563
0.771755
0.352684
0.00236992
0.0193127
6.16928
1.63871
6.89491
3.3551
6.95257
0.51076
10.7092
6.06988
21.1332
19.9268
0.00101778
8.05274
10.0763
3.80637
0.343515
5.02636
25.2268
1.99404
4.40833
1.69239
0.0471622
0.97093
0.00162633
0.296124
0
1.45439e-07
0.000372954
8.24925
0.182114
0
9.22026
9.36228
14.1569
7.43481
12.9651
35.7981
31.0054
25.6423
12.5789
12.8142
3.43542
0
11.2673
7.9006
16.0041
7.72152
40.0059
87.5925
20.8226
38.5859
24.2219
6.21498
15.9899
3.79164
46.0292
9.8077
30.001
27.7181
1.24768
23.2543
18.8321
35.0008
3.66829
41.6015
24.6169
5.57853
1.29294
3.9752
21.4471
8.09109
25.8722
23.6012
23.9055
21.7519
29.3727
0.388999
1.088
2.66445
25.8993
1.56589
2.45347
3.41745
3.55179
5.36412
2.2731
0.0575978
2.48559
0.828007
3.45087
0.046089
0.228293
2.15526
0.192993
0
3.58053
0
0.998027
3.53923
0.773164
0
0
0.113103
0.445544
0
0.0458971
0.850933
0.0987557
1.36369
4.12238
1.02882
0.314169
0.00840167
0
0
0.00151088
1.44802e-06
1.6241
0.153175
20.3013
0.01428
0.11648
1.46919
0.70858
0.0190451
3.59994
0.115851
19.9285
0.354798
0
0.00182476
0.900054
0.0037132
0.18413
2.19562
0.011188
2.77664
0.420752
4.53264e-06
18.6359
7.13828e-06
0
0.0398814
0.908708
21.1744
7.58441
16.3713
6.28477
1.70653
10.4426
10.5828
1.21331
8.57553
2.47108
5.9414
1.37301
5.06415
3.91051
1.31626
1.85267
3.61181
5.87484
7.06627
26.0042
7.34952
11.8664
3.97353
0.240321
0.240348
0.565383
0.94096
2.60971
3.5929
1.50649
0.168809
2.01408
0.325084
0.0773407
1.02261
0
0.363562
1.9331
5.83381
10.371
4.67671
5.54473
1.71374
17.5462
4.44855
1.81054
0.77443
1.93346e-06
0.0629983
0.831059
1.18512
1.35709
1.22699
0.224471
0
24.3506
3.15281
0
0.0291161
7.92022
21.7528
0.00251118
0.324186
4.66253
2.40879
0.0338495
0.951848
0
0
0.095131
0.0102421
8.08404
0.634735
0.517261
0.926625
3.62635
9.208
5.60409
5.90481
1.7188e-06
10.8935
15.7736
13.5985
13.4254
10.3989
2.23741
9.73314
5.11698
2.34158
3.22197
9.40908
3.80533
6.4962
13.9374
5.79381
9.91865
2.04156
1.23677
15.0238
11.2749
16.7041
5.97133
18.0921
5.67242
18.7771
10.0214
10.4818
16.6527
12.8122
7.85284
8.3442
5.90718
8.54944
13.028
20.3803
6.45592
6.50447
6.88224
6.73944
43.1519
6.82596
14.13
2.42424
0.185034
10.8778
23.3999
25.9068
23.2037
38.206
5.43866
15.495
28.8059
14.1091
26.3428
29.213
50.7679
26.2739
24.6392
12.3028
19.4274
1.11921
16.8241
40.5962
27.468
18.4239
15.3743
10.1791
16.0963
0.0555798
5.17969
0
2.71515
5.92873
26.8717
1.99384
15.3066
7.13939
37.406
8.70959
20.0947
11.3577
9.33149
7.69881
15.1673
3.4863
0.559993
1.71845
14.6096
0.293882
34.9731
3.36304
0.154732
1.8136
0.804371
2.63024
0.364519
0
0.132634
1.32172
0.996332
2.23251
3.78355e-05
1.90627
12.4848
2.92845
2.84714
9.73218
11.1677
8.13956
11.0051
12.4344
2.59927
27.6731
18.2299
23.3656
15.5716
4.74897
1.21204
13.4376
0.782465
0
0.0024746
0.0066133
14.664
35.6157
6.12731
9.48682
10.5405
5.25974
5.38865
4.93987
0
1.57948
7.54103
0.238523
2.70055
1.7761
4.96837
3.96847
14.1634
9.16915
5.04426
2.44252
11.8178
21.1308
5.87455
0
0
7.42253
0
5.1399
0
1.91455
1.50248
1.87675
0.487962
4.16344
0.124543
1.35805
0
0.458194
6.20605e-08
21.2632
1.72665
0
2.39544
3.59021
0.42786
8.00481
19.7661
28.0559
27.2864
20.9726
11.5165
13.3353
0
25.2042
0
19.3053
16.4399
8.86264
11.0095
3.34977
2.53941
0.0135417
0
11.5981
0
0.00376917
8.75251
0.0193967
3.1981
11.3724
6.58228
25.1319
5.16912
2.46707
3.91458
1.17398
4.18911
23.3422
40.816
4.57924
0.348202
0.612434
0.97134
14.8938
9.91457
0.911997
3.51882
2.63756
10.9531
0.470913
0.673366
1.56574
2.60099
0
1.22838
1.02376
9.0116
0.989631
0.895417
8.65801
4.23121
4.8877
3.2754
1.13864
2.16896
4.77545
0.909991
0.66404
0.482001
1.21046
2.05039
0.0151425
4.87918
17.5606
33.6885
0.810473
0.609232
1.27732
13.9909
0.967875
5.45181
4.49727
1.30446
2.16709
0.693914
3.66416e-08
0.0198373
34.1808
1.16619
0.0859097
0.660451
5.36027e-07
0
1.68121
11.5968
0.000158421
6.65042
7.97199
4.08086
0.236651
6.92273
4.93354
11.2724
22.3716
0
0
0
0.310252
24.4796
39.223
1.0145
13.9169
0
9.13076
34.0674
17.899
8.38384
0.44545
1.36006
3.07059
0
0
0.0227492
0.219432
0.548126
9.47275
7.9033
3.43143
6.25091
8.62127
1.34413
23.3554
4.48246
14.3991
19.0954
0.931574
13.6776
1.17469
8.86258
22.0264
1.44542
4.89485e-05
14.2882
10.1665
0.0102229
7.75172
0.0292844
1.00507
10.7634
21.3312
18.3102
20.8958
9.97282
25.9211
13.7271
2.71732
4.5033
0.692496
0.0315177
0.00715223
0
0.75484
0
0
0
15.6906
3.02499
4.89098
1.69405
0.00613534
1.80223
9.73702
1.95759
9.115
4.62778
3.99656
5.1406
14.5203
4.40187
13.0562
26.4656
6.53694
2.59976
14.9849
11.6971
0
5.02498
12.6791
2.22747
0.345591
10.5232
0.000188405
32.5333
79.1937
4.04439
37.4465
29.3864
11.85
5.47147
0
0
16.4835
43.346
0.771662
0.935266
0.250324
0.365865
8.55743
0.191483
0.0315779
0.113773
0.00257654
0.651925
1.77532
8.65624
27.1988
11.9192
1.42365
0
0
2.50138
7.83743
17.9778
0
2.24924
25.5235
0.817761
17.8516
1.10233
12.4161
13.0983
19.7981
27.0242
0.894964
4.20593
1.00407
0.0875217
0
0
0
0
0.811356
0.0231314
0
0
4.04351
11.6029
0.256945
9.70354
6.6041
4.52621
4.0316
2.05579
1.11274
1.71147
2.66157e-07
4.70952
1.53302
3.4598
4.50396
31.3252
4.51497
11.2474
0.542597
0
13.944
0
10.7505
0
0.104225
0.0162201
11.5061
19.7932
11.6203
18.5233
7.7578
10.0492
4.6749
0.00433558
0.803887
26.2038
1.55307
0.000806863
0.590307
0
0
0.601399
13.4879
1.97099
0.429201
4.03882
15.0528
4.48702
2.22357
10.0586
5.00702
25.0773
0
0
5.74516
10.3539
20.0376
11.0403
0.154571
5.82917e-05
0
6.53732
16.3471
25.69
16.5466
0
12.6446
9.21439
11.5686
0.00033515
23.8145
3.39543
1.87563
6.34332
0.039986
0.00533932
18.5588
0.00832343
0
0.000650801
4.4471
4.31428e-06
0.37048
1.47064
4.15228
5.60949
0
0
13.9244
0
29.8626
0
7.7589
0.00568979
0.0553398
0.0651304
0.04586
7.7942
0.0237244
1.63167
12.7431
8.72247
11.048
26.481
0.000158492
17.9438
12.0158
1.11578
4.28785
5.97214
9.88104
4.55931
9.97267
15.8681
17.0353
11.7809
11.7848
12.0081
14.4158
14.4302
31.0254
0.300724
12.1549
0.313818
2.42965
10.7316
1.04301
5.66929
0.138283
5.51537
1.72814
3.82711
9.03338
1.09271
0.0956168
0.245972
0.179357
0.970296
6.8748
10.7555
16.2227
21.9214
1.54573
0.776235
0.0973664
14.1405
10.9342
0
16.0915
5.60018
14.5002
0
0
7.69631e-09
4.86768
0.651531
18.8426
4.27894
0
0
21.2283
0
0
6.41597
4.7069
6.88709
0
10.4994
10.0958
4.84018
0.0986325
9.13553
8.26148
0
0.888374
4.25872
0.287429
0.612622
5.94753
3.46563
4.42869
46.0602
16.9588
0.00073691
1.80954
1.5386
0.00306038
16.5591
8.60218
9.32882
14.4575
6.05496
17.7713
9.82602
0
0.00368051
4.29759
1.12694
3.20539
0
6.24788
1.78168e-06
6.88596e-06
27.3588
0
17.0587
8.41515
3.67511
0
1.88108
0
0.346443
11.0879
23.7456
1.44386
25.6438
22.2377
0
0.000502567
1.34452
0.0201839
1.00293
2.17058
2.26113
3.35698e-06
0
0.658683
2.57141
0
3.01228e-07
19.7449
1.80624
1.363
4.85532
3.36104
0.0942734
0.000346135
19.3301
9.70999
1.15908
0.324165
0.150753
0.110671
0.0311291
10.9119
0.346973
0.521398
26.7894
4.05575
0.0584293
0
16.4869
2.32884
0.106252
6.15771
0
13.348
2.79667e-08
0
1.79589
28.2297
0
35.4095
0.788765
2.42868
0
18.4553
9.80097
6.92413
9.45959
8.57209
5.74717
37.985
3.44052
0.865686
0
0.0943944
13.195
18.7753
5.44013
6.50394
0.0721608
1.06944
0.00631636
23.402
18.2993
34.235
17.5446
11.0775
16.7728
21.1532
16.2042
14.3845
15.8344
9.38011
6.20398
11.4851
22.6424
0.0382321
0
13.5252
8.46047
1.47746
4.77365
7.01212
0
24.2072
22.4627
11.0934
0.27089
48.3873
18.4387
17.5876
13.5089
15.9112
6.67816
19.8329
14.5765
17.7573
0
0
0.636023
18.4464
17.6984
8.38702
23.9763
27.9652
30.4624
33.1679
47.5846
69.8913
47.7981
53.6074
39.8182
12.1854
7.89926
1.26861
0.498127
0.272362
1.05117
0.349873
0.941627
1.88467
0.216483
7.93166
0.285879
0.583783
10.5447
12.3143
7.16016
4.4702
4.88654
12.0438
3.6149
5.81865
5.32288
7.84762
21.2058
15.5844
0
27.0788
17.961
23.0387
23.6313
14.3471
26.4555
0.682589
0.130318
1.81484
17.5847
7.64293
1.67176
3.32716
13.317
0.572663
0
0
0
0.00091369
32.7364
0.00524662
17.7409
0
27.4527
45.7217
0.0232417
0
0
12.0054
23.8366
19.6583
15.8847
3.15383
0
56.158
39.3564
3.1489
1.02865
11.3474
35.8755
38.3667
6.60717e-08
18.5463
21.1696
3.30091
22.2319
0
0
14.5829
0.00221296
0
0.070838
0
0
38.6861
0
0.245803
10.9917
20.25
15.2336
18.938
3.1253
24.9518
0.0249357
15.4653
0
26.2519
23.1541
0
18.0806
11.6267
18.1905
0.923647
0.811766
1.7016
24.3864
18.067
2.6382
10.8545
0
31.8732
16.3211
9.62791
0.482364
27.1456
3.56415
31.8654
23.3948
0.416842
1.3743
0.0195452
24.5304
0.227476
33.5448
0.233907
1.37471
0.00290761
0.0034376
24.5318
0.00120961
0
0.837502
25.9985
0
21.8917
27.4052
2.37112
17.5806
0.0685705
22.8596
6.81957
42.292
0.0874401
0
1.7946
0.0346256
0.96376
0.0196896
0
0.000176881
3.69672
5.5051
1.28461
20.8733
13.3752
4.99794
18.0324
13.5245
1.00976
12.1226
15.8683
21.2814
40.5561
36.7222
25.1331
31.8461
0.973898
21.2254
35.0603
42.704
25.8595
39.8761
9.27792
28.5845
25.2514
1.91128
23.6062
0
0.00102165
27.3619
0.00751649
0.147547
0
0.29033
0.0454991
0.895107
0
0.361955
8.80407
1.1056
0.505056
0.417281
0.0200118
0
2.82564e-06
0
3.39842e-06
6.80804e-06
0
21.8402
2.01734
36.8661
7.05952
0.978078
0.349653
10.0638
27.2146
9.23461e-07
1.82878e-06
20.6807
10.8163
21.5087
43.9336
0.0252748
0.506832
0.00961049
0.147664
29.7604
22.5345
0.836439
0.84035
2.42422
0
6.87285
3.53939
26.6703
5.35826
0
2.70124
1.50214
0.346694
9.27678e-05
0
16.6176
0
0
1.26137
12.845
45.6363
1.93177
1.47323
23.6526
5.95317
14.3399
14.0488
1.06107
7.56923
0
2.73255
5.76684e-08
1.82893
1.33578
2.64529
10.1749
0.0335507
2.51049
0.983402
0.0170347
1.20349e-06
3.49666
0
0
1.32826
0
18.5625
15.7065
4.0399
9.03605
0.402667
10.2567
0.183591
2.05113
5.30245
0.0374776
0.00260225
0
22.762
16.2162
15.8281
31.874
12.1373
8.31866
0.377326
7.55326
15.2518
0
15.6104
0
0.253779
0.0598539
0.945691
2.01368
1.10984e-05
1.11144
0.358638
1.30197
2.61253
5.07127
5.60421
7.81399
9.89161
3.60493
0.00333978
0.0449311
0.000710803
4.77123
13.5756
0.000903546
0
7.39347
5.48462
5.76327
0.234725
0.714977
0.134398
5.40771
2.52542
0
10.5613
0.382131
19.2467
0.711385
8.71826
28.7851
18.4896
4.86032
0
10.2189
19.2029
3.98749
15.8455
2.8107
5.8387
4.28902
1.24743
0.679067
2.48139
6.32932
14.7134
6.26631
8.84573
1.8242
2.67537
4.68547
5.38311
9.59445
4.71719
0.000203677
0.00405406
0.850016
0.0433967
4.85216
0.0223993
7.8793
0.00719784
24.1977
0
0.0670452
0.894352
2.05784
0.976716
8.99723
0.288515
1.05619
27.3387
14.3437
5.48067
6.86943
6.2317
0.844818
1.28893
19.5867
8.88644
11.7938
12.1839
0
0.00443424
10.4953
42.5549
0.337464
0.020196
2.66062
0.000165462
1.10422
1.23351
1.60034
0
0.0384604
0.00100339
7.08069
1.22624e-06
2.55696
2.1354e-08
54.2116
2.11717
1.83144
0.646633
11.901
0.44893
1.27911
22.6374
0.117982
14.3261
36.4039
3.17629
0
51.8245
1.18193
1.50066
4.41317
0.00639841
0.0598252
0
0
2.29187
15.6256
0.0330547
0.512833
0.152327
0.970995
3.89088
16.6449
1.06963
0.16621
1.695e-06
0.530454
2.77633
0.133355
0
14.3866
0
4.6414
0.31296
0.0729648
7.69626
3.47513
0
5.90328
0.0956987
1.42523e-06
5.73629e-05
18.0191
3.66063
3.02886
21.7199
14.2454
6.17947
0
0.000158111
0.88904
0.189746
0
1.15816
2.18144
3.44179
1.23049
39.016
11.2955
0.786903
4.23339
1.27483
9.93049e-09
0.00016716
0.88231
9.42907
1.13862e-07
1.70978
1.12893
0.932626
0.693371
0.97145
0.458405
0.226631
0.0161803
0
0
0.17904
2.24265
0
0.00758328
3.71085e-05
0
0.0199156
0
0
3.27133e-06
1.25257e-06
0
27.1323
0.0585218
3.08909
12.9838
0.0117921
4.52801e-07
29.1234
2.07981
8.87179
0.918369
3.5981
0.329717
0.152948
1.9633
4.74966
0.015654
0
1.17155
0.274721
0.539546
2.13888
1.03977
0
0.217264
11.0971
0.720473
2.9468e-05
17.7446
0.103796
0
0.855345
0.00513719
6.75683
0.166277
0.229874
1.30696
2.14193
0
0
6.47455
0
0.230122
6.24473
1.24226
0.00352755
0.0342301
0.499711
0.893597
0
0
7.38303
2.18268
5.55015
0.0149469
0
0
0
5.5747e-07
0.00107813
0
0
0.888139
24.2831
0.0178741
19.7584
3.61306
8.42733
19.4352
0
9.44633
9.39978
20.0398
0.890385
0
3.60284
0.0357092
28.5709
0.0795506
1.07439
1.9453
0
0.341663
31.4842
27.4822
0
0
16.4638
4.63185
4.75553
17.1589
3.95322
12.1265
16.6976
33.4772
0
1.21014
15.5
0
21.2791
21.7415
29.1041
10.049
3.3464
7.43476
13.7769
17.1554
14.7909
12.3132
11.9631
4.36043
7.6061
1.36064
3.92636
9.67936
0.346967
0.64331
0
0
8.77679
9.46607
6.59034
0
2.02095
0.00420353
0.0144291
1.56302
3.62023
3.25352
2.89098
0.92008
5.18323
0.748732
6.58001
5.7718
12.2128
0.00296714
0.723616
8.17256
10.875
5.68657
1.60549
2.4428e-05
3.95616e-08
7.44759
4.77073e-08
0.400634
0
0
0
0.339697
0.000636246
1.68234
0.149515
0
2.53102
0.0981386
0.0062322
0
0
0
0.306983
0
0.317605
0
1.29385e-05
0
1.48823
1.65797
0.715828
0.739497
0
1.7446
0
0
0
0
0
19.4836
0
4.79271
0
0
0
33.0956
0
0.00566241
0.735701
0
0
28.5447
0
0.0214267
0.721088
0
0
3.57563
4.93488
10.3795
2.66063e-07
0.388178
0
7.68667
5.18768
0.706986
7.6904
6.41328
4.99937
3.8961
8.42614
6.43305
7.29715
11.0038
8.21992
10.5636
10.7416
0.00201792
0.0971355
12.8415
9.48251
4.60552
16.5361
15.4201
9.24699
7.8412
11.6151
21.6414
26.7971
7.60988
15.0511
16.9994
13.8164
32.5828
31.6419
0
26.4203
0
19.1532
15.5521
20.3535
17.8728
7.90418
23.5014
17.6243
7.66851
0.285984
12.692
20.5067
10.9736
10.9789
11.7704
15.5548
32.518
11.5014
10.3447
9.37438
7.98041
10.7688
0.199017
9.73057
8.75453
5.83913
0
8.62172
10.6811
0.107396
2.71098
2.63631
0
2.05719
1.124
6.84886
3.0013
10.2715
1.35093
0.907156
0.573804
0.8811
0.00551667
0.714474
17.4789
1.13778
0
1.73625
13.6983
0
0.331768
0.0822372
5.31148
0.931755
0
0.0531066
0
2.08278
1.95526e-05
4.51197
3.28446
3.54233
3.72781
2.75066
11.2026
5.20457
22.1676
14.4152
3.48623
32.0045
22.2753
5.77874
40.8586
15.5903
32.4467
22.4315
27.8859
13.4264
0
15.5669
16.6051
17.0171
0
28.1213
0
22.2022
9.78951
2.17086
7.70511
12.2497
11.9828
0.294388
20.0845
0
4.03134e-08
5.67546
8.86603
1.70413
0.00251447
0.0787067
0.172207
0.381512
4.54105
6.92036
0
6.32109e-05
28.2163
0.00747676
0
0
0
0
0
0
0.000164618
10.1851
0
0
0.388099
0
18.6719
11.2196
2.48334
0.234309
8.72132
9.77328
0
8.4789
8.92879e-08
1.13793
0
0.372477
0.696706
1.82754
0.610207
23.1022
2.37856
13.3857
0.178257
4.9748
0.00277439
0.0410421
0
21.7716
0.833806
0.106089
7.2118e-08
16.0476
0.998998
5.87757
9.55386
21.2033
25.8726
11.1674
14.2363
0.00321542
0.699273
13.2638
5.24471
3.9736
13.1447
1.67973
6.3794e-07
16.1156
8.11719
8.89129
1.29641
25.3626
1.07811
1.05626
7.95169
12.9191
12.276
6.61015
1.80514
7.0871
9.63812
5.92144
5.33065
15.2354
3.24413
0.00200122
0.113418
0.999002
1.92823
0.00215777
5.12248
16.7213
32.043
15.4192
0.146939
11.9025
19.3007
0.827082
14.2182
3.20283
30.1055
1.1974
1.43114
2.01813
56.7685
30.4037
5.84297
20.7641
17.2778
1.3155
0
0.0116386
0.022042
0.974102
0.65093
1.02508e-07
2.46368e-06
2.89103
15.7171
20.5382
1.51518
22.9104
0
0
0.0207374
0.411572
0.00417379
1.33341
0.116873
0.653774
4.93487
0
2.43081
18.619
2.47816
12.2306
1.19711
5.04842
0
0
5.06027
9.33063
0
6.07781
4.49069
6.37813
1.86272e-07
30.5284
11.9846
1.04389
4.76074
17.2839
0.0677294
0.11749
1.05522
0.0201158
0.335534
0.853482
29.2656
0.164506
48.828
23.9108
20.2751
0
0
0
0
0
14.4616
3.23885
24.3145
0.0892395
12.7914
27.8372
18.4234
2.43792
2.27017
4.34623
6.5229
0
0.0737696
0.0821308
0.885893
0.0588239
9.21539
0
0
0
0
0
5.08984
0
0
0
0
1.0343
0.458637
0
0
13.8037
0
0
0
0
0
2.84592
29.4359
0
3.02307
0.109025
0
0
1.89423
0
1.24819
6.32482
12.2446
3.39898
12.8638
1.78778
6.4183
2.81048
4.3333
24.7465
9.90101
1.07771
22.0287
27.6086
52.1554
17.9084
21.2416
16.9796
20.7936
9.29337
13.2018
12.2572
13.7806
5.12902
15.1967
13.4385
9.59299
2.79865
16.487
13.5933
24.559
22.9032
10.5392
11.045
17.4022
18.5616
7.66218
5.99641
3.08105
4.59874
0.00860287
0
0
0
0
36.7755
24.1995
0.685968
5.14874
1.3333
5.04265
0.00019353
0
12.3882
0
14.9536
5.04301
0
0.244149
3.81552
12.7096
1.0352
16.3065
13.5567
18.0498
12.3495
0.00145197
12.1584
0
11.285
18.6488
11.7938
20.0722
4.02907
15.5869
13.3951
5.26639
4.15247
8.80392
30.4323
18.6478
6.88863
2.97345
7.19086
1.16414
4.03125
13.9402
9.9333
21.1412
12.0528
32.7071
26.3045
20.6629
19.2315
21.3938
16.2579
16.1341
12.881
15.4021
10.2262
19.8189
13.9767
0
0
0.0400934
2.7035
3.75883
10.5364
3.87672
3.50492
3.77786
7.42121
7.6831
8.02281
9.03287
1.83683
7.59036
16.0474
4.39412
5.70944
4.54302
5.91894
10.3829
2.68318
16.4407
2.60968
1.51412
7.6445
7.45264
3.98468
1.69845
3.51024
28.1432
6.24661
18.6903
6.86742
9.31649
8.80802
12.107
16.1706
14.6435
19.5954
36.1639
3.77125
3.62768
0
1.57005
0
6.52786
7.89377
7.12629
15.9758
0
12.916
17.0465
17.309
14.8426
17.4117
15.7381
18.816
24.8321
0
0
0.000691748
40.463
37.8409
37.2961
2.27906
44.4238
4.04368
6.45388
0
3.68697
0
3.68271
20.4924
1.48504
7.94234
80.8466
45.2762
15.5507
8.40869
0
48.784
10.777
39.5247
10.0212
10.7563
32.3973
33.1109
56.6683
46.2298
13.8406
19.4085
7.64534
24.1251
18.0573
20.4345
17.306
6.53628
9.33657
13.0593
23.03
8.2935
29.263
7.52183
24.9559
17.9098
5.88701
23.6299
31.5861
19.0068
15.5997
0
13.2839
0
12.7266
20.2932
17.0903
15.8916
10.6928
6.66879
24.8022
15.7983
13.9509
9.75011
12.8968
13.9878
11.9736
17.2827
12.1479
8.30263
18.1161
9.51487
6.35584
13.2512
9.6812
14.8801
0
8.30757
2.12688
26.2381
10.5835
18.8048
0.150616
1.29499
0.0715215
9.46462
19.9177
9.15366
2.45026
22.421
31.3977
14.7775
11.0692
3.90368
11.1871
20.0824
26.0798
4.42473
4.35759
1.27696
8.66346
7.48755
1.82447
3.22996
2.48067
2.35827
0.0239583
0.0531423
0
0
0.144652
4.90688
0.617074
0.832086
0.00279778
13.5723
0.19307
1.50797
0.750093
0.773403
1.29699
0.00873319
0
0.108762
0.828515
1.63218
0
0.0758569
0.588927
0.96115
0.0759236
8.98148
2.73735
0.404258
3.27925
0.832137
11.426
0.883367
0.507967
0.0623797
1.34365
0.805659
0.133547
8.19715
0.047045
8.81598
4.82056e-07
6.97959
1.74022e-07
11.1058
0.0323465
0.99688
14.6741
0.102931
22.2681
6.64476
13.2594
0.432118
19.6638
0.406039
0.248129
1.67777
0
10.5858
14.107
0.850487
0
23.8349
0.0471868
0
3.91913
1.17936e-07
2.24949
0
1.25804
0
0.651327
0.80751
2.92885
0
10.2612
1.36586
0
4.27042
15.3776
5.38892
14.5319
1.02499
22.452
12.795
18.8652
7.63955
0
0
0
7.16913
9.23086
0
2.075
0.953218
1.36992
0
0.0125082
0.0792823
0
0
0.771312
0.98949
0
0.0500446
0
0.170579
0
1.1845
0
1.44875
0
0
3.41396
0
0
0
0
0
0
3.40503
17.9317
14.4968
31.0407
13.9683
27.7629
3.32682
7.05084
0
0
0
0.442372
11.3844
2.33738
3.85187
0
1.29738
28.4038
70.2683
49.5487
13.1075
13.4072
5.95014
34.3621
20.1795
0.453734
3.33369
11.4874
1.36272
12.2366
15.322
9.6051
26.97
20.0446
4.2618
18.4239
0.695409
16.3862
2.81669
25.3663
1.47645
32.0381
36.7127
0.36121
1.28989e-06
1.64257
0.131163
0
2.40044
0
0.520352
0.0161227
0.130641
0
7.5687
0
6.55303
1.72711
21.8499
0.55963
0.762242
15.2042
15.9373
9.56638
1.61419
0
7.59711
16.1826
17.6815
20.3589
20.5538
15.4735
26.4856
0.106561
11.0612
0.00885059
13.9873
22.9426
11.5535
4.53839
0.0113458
13.0839
9.15741
17.8052
6.52575
24.6728
24.6436
4.10812
4.7237
13.8673
11.7912
5.83032
15.1896
0.170511
7.84607
38.0652
0.168396
0.356315
33.1995
0.026202
25.8186
0.41673
0.169704
1.19618
0.0212035
3.91904
0
34.1499
41.8002
19.0633
9.27592
8.7771
14.7557
7.9887
6.30285
0
2.08448
5.75586
12.1072
21.3564
21.0858
21.2392
19.8043
29.3226
12.249
27.7909
17.9869
2.39424
22.525
0
0
9.13256e-07
9.66954
0.971954
12.4123
14.5947
0.532354
0.270667
0.673963
0.685535
0.14423
0.751955
0.123464
2.77231
0.00572046
0.971489
0.00900934
16.8378
3.46429
0.158829
5.8651
5.90197
0.0888918
20.1669
0.492196
1.73154
0.837508
8.54819
2.2106
0.292953
2.93422
0
1.14469
1.57043e-08
0
0
6.07489e-07
0.00105117
0
0.517828
0.0104385
0.0295537
1.40742
0.000320486
1.44984
2.38252e-06
0
1.05674
5.87031
4.97843
4.8158
0.000362235
0.0772752
2.3784
0
0
0
0
21.1994
0
20.6542
9.11022
32.2847
8.23286
12.1215
5.14906
13.3681
2.62357
4.59573
12.7526
0.0468169
11.2539
5.29412
0.321643
0.0021273
11.1024
0
8.94775
11.4352
16.6556
10.0949
17.7212
24.0462
0.919603
23.8165
9.23384
14.2728
13.4822
0.62576
23.7327
0.0115293
31.4622
10.4817
3.25182
11.4648
5.92136
2.26545
2.32623
0.000538711
2.16394
0.0311388
1.90371
3.51384
1.74421
0.81606
6.00351
3.74828
27.1949
25.0008
20.9753
28.6344
16.5943
16.1216
25.8717
31.5627
32.8318
27.0798
14.7477
10.8337
14.9227
1.77404e-05
5.77516
7.82753
15.7602
9.19016
5.80429
7.34995
3.48258
5.7488
13.0812
19.1263
6.16356
17.568
16.3586
8.90744
14.6648
20.9533
6.90928
9.51509
9.1752
0
8.56031
5.40542
3.6629
8.96767
11.3635
0.909195
14.3076
19.7055
9.68563
0
0
21.8589
13.5956
21.1062
20.6657
3.12583
25.4398
20.2415
0.53744
23.283
19.4783
10.7999
4.56509
20.9245
29.0044
27.9059
18.6851
38.1597
18.0188
26.4865
24.0145
28.8282
29.979
0.320781
32.8895
25.2351
19.4043
12.349
29.2938
35.1814
38.4097
23.3892
0
36.5151
36.1598
36.0403
0
12.2868
16.2101
30.3534
22.9025
11.4696
13.3223
20.5993
1.15966
0
2.8244
1.13726
28.0019
0.0226611
19.2156
27.7409
40.0797
29.009
23.001
0.0455314
15.6026
0
26.775
30.0163
20.3306
23.9165
15.8284
55.7006
46.1401
7.13331
27.0437
21.0595
24.1135
26.4329
0.00910495
25.8222
7.5634
26.7606
9.04706e-07
14.152
9.8719
20.7693
9.31998
5.84916
17.6819
18.1102
0.431914
4.78874
4.8633
6.07496
14.959
19.5629
0.00264357
12.0156
7.39015
6.9946
0.0740665
0.952704
0.0303281
3.29949
1.26145
11.2735
1.83658
23.7378
10.0309
6.66127
18.403
1.85578
8.07885
60.1262
0
1.27755
3.92764
9.244
0.820842
23.2507
13.411
9.56635
12.0767
16.7437
18.4923
14.6203
13.0261
10.838
12.2627
12.2644
12.6805
15.6036
20.0727
4.25645
26.7003
25.1702
0
29.8291
12.9847
46.2624
6.50138
1.3577
21.4656
7.42682
35.6776
17.7113
19.5776
37.4398
10.2876
33.1484
12.6763
29.1203
10.0204
11.7383
16.7575
27.2494
34.8319
11.723
0.0414274
9.25561
20.9712
15.3909
55.8293
4.05517
0.920838
19.8944
8.9311
16.2179
19.4021
0.307617
12.8537
0.264844
10.8862
19.4321
4.12494
0.373381
5.32608
20.0635
21.5377
22.3401
20.6034
6.87461
8.65175
0.88434
8.96946
41.0764
7.4291
6.74914
10.9717
7.25627
25.8124
8.94889
18.0911
6.91492
2.37759
14.3718
16.9754
6.29618
28.1908
3.93869
13.322
0
6.29421
0.0351208
6.85816
0.305221
1.76186
5.87247
1.98864
1.61677
21.7749
2.00985
13.1397
0.995991
8.37999
0.740803
0
7.74288
0
1.89113
0.527451
0.274254
0
5.63493
6.61913
18.4009
22.3017
21.2272
11.5687
7.7314
2.87959
3.47835
4.10509
8.10094
6.79062
0.120715
10.0795
21.6057
0.173268
14.08
1.36867
5.62648
5.00737
0.89434
4.64925
0.502124
4.21148
20.5905
0.494822
0.00110555
0.615342
0.813375
0.941935
17.0241
18.8946
9.51655
0
1.80229
9.89756
10.8524
14.0436
13.9732
12.7537
9.83498
5.74418
4.95759
18.3685
10.135
0
12.6841
8.92404
19.0949
16.2545
1.35074
11.5092
17.6757
17.8796
4.51003
11.9005
16.2196
131.996
12.3735
13.7776
12.1205
115.21
8.57169
5.20123
8.70693
9.1221
14.6335
11.6986
3.86511
25.6639
7.97173
16.9893
8.36513
4.25817
7.22346
19.8877
19.9443
4.41443
1.23519
0.00154182
11.6878
16.1072
0.260078
0
0
0.742965
9.48662
2.17659
0
0
0.164689
2.91856
0.0150237
0
6.26003
0
4.81774
8.0074
0
0
5.1854
7.16216
12.8655
0.0288822
1.3874
2.29723
1.52653
1.71883
1.65121
11.374
0
2.4532
29.1382
2.10249
0
0
1.13838
0.000221011
0
0
0
25.9679
6.94419
10.4106
0.0774832
2.10093
0.139464
21.0942
2.94915
11.9243
8.68976
5.66625
10.243
7.93054
4.91352
2.84807
3.47817
2.19641
3.92725
1.62567
4.51468
12.9015
25.8965
43.8405
32.4866
9.4818
0.281377
3.74814
0
2.27425
6.86502
4.43052
8.12699
5.77289
3.49863
3.20692
22.0756
0
12.4221
17.5245
18.9121
21.319
26.0856
7.06043
24.609
16.0879
12.1658
14.238
14.8669
17.4368
23.6361
19.1523
27.9672
3.35087
10.9422
1.97555
0.244132
0
0
1.32558
10.9894
1.54817
0.128296
1.12594
32.5883
28.7559
3.66867
4.9561
9.5949
4.73869
12.5744
8.97111
4.78068
0
0.244725
6.04306
13.2725
33.4965
8.80191
45.7725
17.1536
12.3414
22.5411
1.03822
0.294342
1.93082
12.2319
26.1904
2.2409
2.29631
6.70243e-07
15.8189
3.42442
3.91137
13.8133
1.25088
6.72791
0.583971
42.9757
16.3132
8.99
0.16602
16.4716
28.2961
0
0
0.109223
7.76868e-05
0
0.217697
18.4987
6.08982
6.04829
0
0.0510877
0.0559567
4.43018
0.00786973
5.63904
7.36147
1.42885e-05
18.0054
0.789122
0.0286555
0.864331
4.26089
1.89565
0.000292873
0.000512944
1.96986e-06
0.949954
2.72498e-06
1.85432e-06
0.0131866
0.0138191
0.0662424
2.313
6.19209
5.84966
0.773786
0.972358
0.908095
11.3786
2.01151
8.08136
14.1552
6.76371
5.12272
12.9015
21.05
9.9322
8.36389
16.2475
1.26779
2.28574
5.48287
5.8421
17.967
3.86316
3.0787
3.54744
4.23248
1.68509
1.98365
4.55308
27.9365
0
0
0.010021
0.320796
9.85489e-08
0.0317677
0.238972
0.137817
0.382497
0.975168
0.841916
7.35481
0
0.89677
0
2.39329
0
28.9062
1.83659
7.27308
13.7607
39.2481
15.3217
26.5055
7.90615
12.433
36.0301
10.3473
1.04258
13.0589
22.0904
0.619115
0.775359
11.4522
1.60442
32.3892
23.6507
13.5002
18.4965
20.1244
6.12522
22.9049
0
3.58287
0
9.57952
1.59819
0.00967951
23.4423
31.9815
0
8.57609
11.077
15.8122
15.3062
0.691204
9.35683
26.5873
17.1898
14.9402
30.1726
19.5748
3.85629
10.6156
8.62156
3.61247
4.21823
1.26298
11.7662
0.31938
0.00289059
0.00210106
0.0386774
1.43307
0.0343008
0
0
0.00707274
1.25279
0.419006
0.130936
0.497476
6.71843
0.16443
0.931574
1.01704
1.19124
0.0042963
0
0.109184
0.638363
2.24945
0
0.151048
0.743791
0.904087
0.0859297
2.59008
0.303139
3.15405
14.7492
0.199534
11.1192
4.65654
3.72591
1.86341
5.57893
0
0.697281
0.00074823
9.67251
2.41111e-06
2.65174
2.84347
14.8813
0.503208
1.64395
21.5323
20.7757
13.0157
7.69105
17.9613
63.8777
1.96211
22.9799
23.2917
0.00613086
0.00235862
11.8511
0
0.500455
8.48609
0
1.60277
0.887005
17.6907
0
0
0.731959
0
22.2306
0.128077
0.48446
0.0583806
2.52308
13.2127
30.1885
20.3403
21.708
0
35.7624
12.8096
5.68299
31.6758
12.352
21.1541
7.01991
0
0
27.6757
0.855276
0.0234209
0.00280517
0.0026618
0.075044
0.173
21.2689
0.0323176
0.821406
8.97045
0
0
0.0110252
3.29735e-05
10.8088
27.41
9.77257e-06
0
0
0
0
0
15.3665
0
2.51698
10.5096
0
0
2.30688
0
0
0
15.7961
8.21972
0
0
0
0.00110347
26.1024
0.0501155
0
0
14.2005
0
0
0
5.92863e-05
0.00256925
1.82477
2.4684
0.187695
1.35689
0.000801258
18.0896
0.983033
0.0192718
12.3277
0
0
0
0.0777505
0.000479568
0
0
0
0
0
0.154178
0.798496
0
29.4961
0
1.73909
0.0599078
0
0.0143966
0.553355
6.12095
0
0.00753436
0
0.0774203
5.53555
23.0425
9.85768
0.809412
1.68221
0
3.34565
6.00124
6.92229
2.92446
0.734152
2.09868
3.24946
27.6119
3.45488
0
4.46999e-06
3.43725
0
0.00344595
3.02582
4.20017e-08
1.10345
1.04813
2.61093
0.91148
6.1866
1.38621e-07
6.25182
3.49218
0.570259
5.2653
2.48142e-06
3.01322
11.2349
0.806744
2.14375
7.86669
26.3936
0.892596
2.41667
3.15755
0.0469323
68.0341
3.15514
0.38329
5.85961
0
0.00161372
3.20497
29.9936
0.320169
1.05788
21.0686
0
2.55139e-07
0.271961
0.175551
0.0368997
0.00829864
0
1.55935
0.00161358
2.40659
2.4578
0
1.08038
20.0641
7.48014
0.00569001
0.514952
1.41235
0.897635
1.20916
26.53
6.15506
4.31785
0
13.6118
13.8779
9.02297
22.2178
0.00176284
20.533
11.9121
17.531
13.7094
0.898437
0.167441
10.9937
2.11867
25.5834
4.06252
2.31975
9.95143
0.128268
0.1765
1.38018
1.89077
13.6914
1.00984
0.707116
29.8891
32.9532
1.25807
17.8666
18.5511
16.3248
6.77624
3.6664
19.4669
21.1778
0.132533
3.5356
18.1428
12.5178
0.742725
6.78548
42.0933
11.7048
24.8818
18.6226
23.9397
16.8612
32.2615
29.2966
0.764005
22.8567
0.00157023
3.70143
25.7373
7.64387
9.19685
0.997016
1.40338
4.71813
0.160001
1.05941
1.49546
0.0154426
0.267367
0
0.496041
1.90784
0.093197
0
0.689243
0.0649212
6.81057
0.40389
0
18.7845
29.9945
3.47715
0.0122576
2.31476
3.16747
0
0.938536
15.1842
7.35454
7.46663
7.96544
19.6067
0
1.1381
0
0
23.2946
0
1.59793
13.4523
9.89509
0
18.5943
4.41258
0.156638
0.918834
2.10814
21.8638
2.29774
0
10.2219
5.34159
2.91771
27.9801
11.8019
8.84437
8.50896
10.9056
5.10682
5.27076
7.79179
1.36136
6.08081
8.15851
8.61703
6.77535
4.28554
18.584
0.00687666
5.66793
17.5339
2.14878
12.5554
25.1369
18.8399
6.83382
0.883512
0.00842249
0.0211644
0.868002
0.315782
0.0662973
0.235992
1.76757
0.0639645
0.680077
0.282584
0
17.2419
11.126
4.31499e-07
39.9381
3.39063
5.92017
10.1615
14.9814
12.6267
2.71791
20.5082
7.93725
7.25497
14.5661
6.77901
7.51707
3.43265
11.1765
2.80544
7.29344
10.6511
42.9822
12.8861
6.81176
8.13253
8.38538
7.53818
0.0413974
0
0.00761688
0.02835
0.00013787
0.0444787
0.75653
23.178
0
0.462597
19.7468
8.44573
10.7615
9.04802
14.725
2.18568
5.90571
0.824869
0.942441
0.267243
0.00103464
20.4926
3.18028e-05
0.0046008
4.61141e-07
33.3489
18.4354
8.65505
5.91511
5.52226
2.86526
0.0473263
0
1.92907
5.40384
0.197471
0.709276
1.60981
2.2149
0.914124
0.879809
11.7293
0.930067
0.0151992
0.244685
1.52127
1.54162
8.22262
2.78496
2.89805
1.07782
1.57871
0.294533
1.99858
0.51997
7.49967
0.282007
1.42508
0.216496
28.825
4.65724
0.00362966
34.2549
0.527865
37.5445
0
4.4006e-06
13.8215
