5.94281
4.61302
3.18029
0
0.61845
14.8279
0
16.1529
0.608128
18.9547
33.1532
0.00336168
0
2.2105
15.9403
1.0922
3.24156
36.8033
25.6041
9.14166
25.0507
0.415216
0.147553
0.642326
3.25992
4.78801
6.6068
12.0645
49.3798
0.00527703
0.101458
3.66233
0.124989
1.76365
3.23359
0
4.11694
13.8416
11.0217
20.0357
17.2541
18.2081
2.09074
13.8629
1.3429
12.4797
3.54815
1.23887e-06
0.740147
0
1.47857
0.471742
21.6608
1.27079
6.68539
1.14794
25.837
3.41619
1.88286
0.160722
9.49946
0.0451045
9.98652
3.85787
3.37522
0.296585
4.87153
3.02853
4.6735
1.50929
21.1814
0.99152
0.00379978
0.621712
0.908449
4.88606
6.83539
0.611949
0.0381956
0.802173
0.407758
2.13778
0.0224908
0
48.5033
7.44426
12.6789
11.0435
20.5952
13.1697
17.8715
11.3553
2.12096
17.2416
6.93985
15.7529
15.3191
23.9639
2.37307
2.95689
6.62069
22.3175
13.157
18.5086
14.9457
5.89988
15.105
5.52855
2.26541
15.3243
29.3091
15.5766
12.1034
17.2243
14.1596
12.6191
10.9657
6.10319
2.38972
9.55441
5.7605
6.88896
2.81657
1.34191
0
4.908
7.7971
1.02737
0
0.192331
12.2049
0.921614
0.00109012
24.7009
6.41356e-05
8.68639
28.808
1.29067
0.169624
8.87506
0.000264742
2.12908
0.0213675
1.73816
3.19474
1.32676
0
6.39099e-07
29.7298
87.4626
2.92944
0.924185
0
1.01922
6.48826
5.54211
19.6321
12.0836
27.8972
2.83596
9.56742
19.2134
9.01183
21.4624
1.22478
2.27309
9.97096
0.80664
1.04188
0.0407653
18.0596
3.06452
1.21734
0.7059
0.14561
0.134798
0.0193928
2.58146
0
0.508973
0.0276317
18.2714
0.0487318
0
15.5877
12.2624
22.1824
8.7366
18.658
40.2945
40.1341
31.1087
25.0118
36.112
4.83978
0
13.919
5.45413
11.0134
11.9811
43.1116
116.606
22.804
41.2076
18.4463
5.71734
26.647
5.32417
76.5524
18.7595
32.0518
44.6159
5.94582
34.888
49.694
43.9426
3.9895
48.1473
26.9546
12.5292
0.628421
12.1017
31.31
9.54353
32.866
20.6677
39.839
30.6653
44.8406
3.40735
2.204
3.70423
32.8904
0.44848
2.46245
3.19728
4.52362
4.39192
4.07931
7.97295
2.09648
3.58211
1.46186
2.94492
2.39082
0.770113
0.440877
0.00280651
1.34176
0
0.459448
3.2528
0.0805955
1.38643
0.0612779
0
1.01676
0.00545318
0.86638
0.175456
1.01063
0.00448288
0.00884903
0.187954
0.876314
0.115235
0.428019
0.353105
0
0
2.45699
0.0285901
40.2172
0.459952
0.232663
0.117047
0.311418
0.191065
6.79988
0.000535043
31.5791
0.451469
0.0142591
0.026582
0.710571
0.331014
1.70969
1.5051
0
7.21353
2.36819e-05
0
14.9409
0.00287267
0.139661
1.28896
1.29287
28.8412
9.07054
19.6229
13.4481
6.21014
11.8999
14.345
8.13485
25.236
9.31795
3.97368
0.245952
1.1493
2.78193
3.38934
4.49816
7.81366
21.1287
26.9988
51.7872
32.2934
19.41
13.2869
0.0631235
8.23233
6.69828
0.951458
25.997
17.8003
1.4962
0.110895
0.29874
0.360258
0.00113944
2.68272
0.901603
2.77693
3.22023
17.0633
5.61648
5.93616
9.64207
1.78009
30.8429
2.3555
6.10558
0.118634
5.67099e-06
1.23009
0.681383
2.08106
3.24489
4.01513
0.0956379
0
25.971
5.32892
0
0.457669
14.7739
21.1604
0.853444
0.696565
2.77062
8.13826
0.000551528
5.32619
0.472721
0
0.925923
0.426437
5.21441
3.69451
4.83289
1.1689
10.7698
7.91277
8.45435
7.68101
3.8903e-06
20.5924
40.4845
38.3095
36.0036
15.1938
2.10037
16.2265
26.0958
10.5439
8.49538
19.0797
9.415
6.1263
12.4117
7.62435
4.85537
3.29269
0.179798
26.4277
21.3674
16.6978
9.58361
29.2494
14.638
37.4573
25.2846
23.9949
28.5779
18.2889
16.1103
17.8766
14.3464
11.2478
15.691
22.2299
9.01449
12.3653
7.4434
10.9741
56.0557
11.7252
18.6854
3.16093
0.323471
11.5228
23.2961
20.7934
33.3352
51.8409
10.1052
9.44467
39.1006
17.0404
41.2163
26.426
43.3217
36.3539
32.1979
19.4938
37.0075
1.24328
14.9223
25.0572
17.7032
18.8914
18.4968
14.3213
15.669
0.0178372
4.27284
0.376796
6.0711
2.45575
15.8323
1.48147
25.7857
18.5079
29.6886
13.9415
19.6509
27.0201
20.3545
17.75
4.19301
9.76603
2.30734
0.0288535
14.7306
0.187495
15.754
6.15904
2.95138
4.87014
1.29992
2.55985
2.17805
0.196856
0.228036
0.418029
0.602028
4.6561
1.16395
9.56397
25.091
6.99514
4.5342
21.9411
14.3246
8.98933
10.1012
16.6907
3.03253
17.5257
33.3329
45.7553
18.0741
3.77536
1.49293
19.5612
2.37091
0.0278567
0.0812685
0.0388369
27.0375
78.9231
19.2523
22.274
32.2689
13.2981
20.9316
17.1197
0
8.66771
5.67792
3.01654
2.74959
6.25271
9.35316
14.595
16.8802
8.34323
19.0218
6.55155
5.08581
20.9777
16.722
2.92652e-05
0.582683
24.5158
0.0017595
11.5003
1.42703e-07
0.732017
3.04771
5.91553
0.92984
3.57614
1.00274
4.53087
0.209901
0.262568
1.30041
30.5253
2.7314
0.797101
16.3012
7.2688
2.7345
8.95695
22.3782
22.4802
24.4815
26.8129
36.7239
26.0695
0
48.7808
1.85861
16.941
27.8858
20.1003
17.2437
9.83172
3.94963
1.53595
0.413618
26.7842
0
0.976144
11.442
0.972215
6.16891
10.8149
8.79486
24.0396
14.7059
2.00336
3.19666
2.93983
3.68678
36.5497
66.5344
7.64625
0.388206
8.79328
0.00510678
13.973
10.0956
4.49723
4.88471
3.18802
15.2555
0.735188
1.44773
2.63371
5.45318
0
6.60041
8.11821
30.6745
3.07792
0.44557
16.2711
7.33181
14.3206
11.1458
2.78366
9.30465
25.0037
0.339205
0
0.232202
1.71008
0.231917
0
19.9931
26.3784
33.0635
0.981194
0.221056
4.38688
19.4732
0.274701
0.923591
0.37787
2.33516
3.03793
0.875153
0.862947
1.66808
18.7972
1.19486
1.27663
0.198775
1.82763
0
2.74127
9.13842
0.387739
12.585
13.3313
5.32047
1.60823
5.97375
5.72411
15.0062
30.6563
0
4.20631e-06
0.736419
0.493681
26.7806
57.6774
3.29431
21.9266
0.0360964
21.3996
72.3799
30.9177
30.9959
0.765761
1.72104
4.03164
0
2.36624e-06
0
0.313266
0.0194515
10.2737
12.2331
14.734
8.16581
18.8945
2.23382
11.3888
13.6971
39.8836
24.17
0.167531
4.39825
0.980381
26.8967
23.3344
3.05279
0.000287005
30.3152
9.36237
0.864301
8.46212
0.144047
1.50771
11.6957
15.1502
19.9933
40.4979
19.728
19.863
15.4648
2.93152
5.50343
0
0
0
0.260843
0
0.141128
0.972054
0.0274924
35.1591
3.75945
4.20479
4.24174
0.0338694
12.8425
9.94967
1.62901
3.71031
2.01625
4.744
3.11378
11.2583
7.78397
22.7661
23.6588
15.7819
24.7553
30.4106
32.8341
0
4.3708
43.1299
5.14077
3.65348e-08
17.0368
0.910952
21.1498
99.0114
12.2885
33.442
18.788
15.2171
7.4031
8.06395e-09
0.0848243
23.7433
50.0012
0.29096
0
0.18332
0.0389019
33.7202
0.260098
1.51835
7.92178e-05
0.735156
1.3136
0.18016
12.6702
23.4202
17.8965
2.89147
0
0
3.2959
12.1091
12.538
0.00464834
3.68075
31.0219
0.330642
40.6407
1.44644
15.9872
29.6181
16.6611
42.8665
2.0192
3.19096
3.64718
1.60428
0
0
0
0.000138859
1.4568
7.72494e-06
5.94642e-07
0.577417
4.13724
25.862
5.25954
21.6628
13.9176
4.61249
5.70296
5.40797
4.24173
4.56542
0
9.03842
2.52032
4.86677
3.77718
30.1527
9.32508
37.0309
1.59936
0
16.6128
0
23.0635
0.00433328
0.154244
0.144334
17.2394
21.3648
14.444
7.23413
13.0715
34.2785
2.25542
1.23066e-05
4.02275
24.9131
4.54195
0.984105
3.03337
0.00815148
1.25106e-05
3.9577
26.3981
3.72433
0.55291
5.5206
22.9383
0.963565
5.76198
8.81568
7.32186
47.1031
0
0.199205
8.49081
28.9052
18.8481
5.12388
1.23247
0.0243691
0
13.023
24.3313
18.1808
17.2804
0.0294251
12.71
22.2597
23.1732
0
21.4191
5.79354
1.17933
7.27646
0.0381415
0.384472
17.7231
3.2817
0.180764
0.0440123
5.91969
1.85804e-06
0.840969
1.52307
7.8743
3.29928
0.832061
0
35.154
0.907329
36.6357
0.910806
8.16129
0
0.00512889
0.720362
0.307119
12.8889
0
1.3295
17.2402
10.0228
15.6336
14.9846
2.7309e-05
27.2699
12.3841
1.30462
5.10705
2.86434
13.5198
2.2712
13.24
21.0715
13.7125
9.99346
8.52002
31.3446
19.8316
14.4423
15.9869
0.569558
15.826
2.45142
1.36778
14.1788
2.50115
4.19931
2.02857
2.84921
5.25751
1.36914
10.4042
0.39405
0.360738
0.297082
0.209105
0.907434
14.3837
15.9187
26.6759
15.2265
1.40839
1.03394
1.88117
15.1353
15.677
0
26.084
14.2039
15.9457
0.500581
1.15316
2.27927
9.57215
2.47311
26.1284
11.2303
0.000933489
5.53618e-06
26.0198
2.1233e-05
0
14.0534
18.469
12.7094
0
13.7119
18.8345
8.41793
0.966154
5.27286
10.152
0.00139211
0.0188902
11.3187
0.424913
1.65384
4.21563
4.84225
8.48045
43.9918
27.3
0.990357
0.639691
0.00981901
1.50386e-06
44.0445
21.9145
7.41218
9.56772
8.71488
35.1274
23.9261
4.59496e-09
0.0175624
7.03414
0.347822
2.59119
1.63277
3.24906
0
3.92372e-05
31.2345
0
26.3549
5.6434
2.42793
0.0257425
0.415892
0.433265
0.225453
10.4511
42.0777
4.653
39.4518
25.2491
0.129712
1.93501
1.48931
0.218071
6.70241
1.73601
9.01766
0.178865
0
0.237295
5.33699
0
0.580801
20.6782
0.1352
3.14925
12.0937
1.06034
0.0162197
0.0797721
19.7511
19.9703
6.55565
2.28465
1.92626
0.809595
0.979178
15.3522
0.102176
0.00788951
21.7136
4.77491
0.126618
0.0438299
25.9389
12.8511
1.00831
26.3895
0.801063
13.8358
0.0968702
0
3.59414
39.3318
0
64.3218
0.18851
3.90712
0.831967
28.0607
12.5839
11.1895
16.1858
15.1033
2.73879
74.7669
12.9815
0.020607
8.87034e-05
1.28965e-08
23.3312
37.7711
15.0323
17.1907
0.578327
1.72481
0.0282207
22.4072
44.8961
44.213
20.6578
11.7692
30.6484
35.391
7.90688
57.6616
26.4573
11.7558
11.2818
26.4016
21.787
0.0391816
0
27.5435
22.8306
1.70683
11.4354
5.09771
0
21.4669
9.67203
23.6775
2.60881
40.4846
15.3179
16.0901
12.6518
24.0766
10.5018
28.7093
21.4637
19.6556
0
0.00015588
2.91677
21.7875
16.619
17.3473
24.5786
17.6109
16.3824
16.3475
37.0206
40.9907
93.8236
79.2943
44.0858
6.00359
11.3168
0.0023225
1.3452
1.20746
0.864625
3.04303
0.0633303
1.72205
1.23843
7.32604
0.0114054
1.69945
16.3742
18.9309
12.6863
10.934
9.65574
18.0874
8.75787
3.16963
9.30296
14.4492
23.7817
15.5246
0.164507
20.7813
22.3195
25.1365
56.827
33.7414
29.8432
0.0091239
0.00129878
1.70857
27.9048
9.60132
7.46716
8.30743
9.18569
0.603408
0.56805
0.414438
6.43988e-06
0
23.1756
0.00100413
23.8929
0
17.3508
52.3616
2.14389
0.00363967
4.03394e-05
7.72812
18.8226
33.9119
26.7969
0.00446693
0.19727
47.218
40.6791
4.71186
0.641611
14.7088
74.9993
57.6051
0
17.3274
27.9429
0.427473
21.7239
0.00348519
0.510327
36.1252
0.0454462
0.439208
1.85642
0.161596
0
44.5568
0.120082
4.1739
14.4402
23.8104
18.0403
22.8003
9.64737
45.1871
1.66838
23.4246
0.0173139
20.029
21.0714
3.06024e-05
21.9098
21.5888
15.0995
0.580756
1.44621
1.12514
42.1298
19.2597
4.54514
23.6336
0
22.2621
26.0694
32.4026
0
16.4286
6.82808
34.4969
23.0343
1.88479
0.28721
0.219277
26.1052
1.36348
14.3131
0
0.00684414
0.246138
0.0944465
23.421
0.0946094
0.0120342
0.0268843
22.7416
0
28.1564
23.7271
1.4107
15.0031
1.72548
21.0495
9.5512
29.418
3.19782e-05
0
0
6.21313e-07
0
0
0
1.00757
15.2324
8.34297
1.24034
18.0227
16.6492
0.525436
17.3515
13.498
0.000753869
14.144
29.214
51.0895
26.3973
39.5798
30.1311
44.1038
0.73819
20.6377
59.8938
60.0693
39.1714
46.525
9.64896
53.9422
24.4114
0
13.6254
0.0992961
0.537182
36.6561
0.829755
0.593571
0
1.00615e-07
0.514867
2.8159e-07
0.00284708
1.52457
9.96477
1.26791
0.0631201
1.18656
0.076235
0.0128997
0
0
0.00394241
0.727758
0.0183627
23.4749
7.04195
64.4438
19.7194
4.7247
1.76037
21.5481
31.1314
0.968704
0.00147244
19.0613
7.46207
20.1496
75.6462
0.00420906
0.188563
3.14915e-07
0.672805
14.509
19.9906
6.04391
0.25566
0.014156
0
7.52922
0.0207419
23.4872
10.5639
0
4.2461
4.51124
0.688274
0.893297
0
10.1495
0
5.66453e-08
1.77587
14.8815
95.3453
4.31993
7.80101
43.203
3.5573
33.2299
23.154
4.92334
18.0789
0
1.20304
0.131033
1.5448
5.34232
7.6968
20.9307
3.06896
6.27779
0.439612
0.276993
0.107247
1.59503
0.329048
0.00964033
0.375951
0.156788
18.4556
21.1719
2.43924
22.8037
0.358779
10.2801
2.06293
0.586778
3.63073
0
0.0515577
1.04461
17.0192
12.2351
11.6218
46.3409
27.868
15.8895
0.87806
17.9156
29.7001
9.12533e-06
6.1485
0
2.49483
0.152535
3.43997
7.43649
1.18704
3.51775
0.135339
0.935908
5.47872
9.06193
6.52658
8.7764
5.53842
1.72375
1.67812
0
0.0205807
5.67522
5.27439
0.000925635
3.71241e-08
6.59632
6.4446
16.6993
2.07002
1.10899
1.38862
15.4137
1.27127
0.233643
17.2796
0.00157249
32.355
2.92035
3.69784
34.8895
35.3775
2.06239
2.57525
16.8537
35.0581
7.08338
19.4772
9.33476
22.9392
6.36835
3.21958
0.964715
2.35882
8.86721
14.5706
12.5485
5.36532
5.91717
7.63787
9.40508
8.13192
11.5678
4.99459
0.000236751
5.64514e-05
1.24423
0.33984
0.122907
0.726063
10.1079
0.430134
43.6675
0
0.229584
2.04297
3.2115
2.07468
14.5731
2.46779
0.805281
25.5962
18.6177
12.0917
23.2235
14.4921
1.05955
1.44165
35.9292
31.6797
22.8649
12.9531
0.887897
2.4046e-07
17.93
18.8452
0.94424
0
10.3992
0
0.101223
1.63689
3.66861
0
1.13899
0.483769
7.53676
3.38869
8.45949
0.607407
59.5802
1.12939
1.09018
0.518146
11.8331
3.37021
4.27862
8.46171
0.0734766
14.3872
38.4454
3.04885
0
76.3306
2.67148
1.32739
2.96942
0.0257814
0.523954
0.925463
0.000233271
1.11645
15.684
2.08755
4.24471
0.000137685
1.14681
2.86138
16.5859
1.17237
0.000214054
0
0.683766
3.44525
1.54057
0.218257
24.6162
0
34.585
0
0.427729
5.11338
0.934986
0.0102256
8.59458
2.21192
1.95623
7.05395e-05
21.0217
5.03199
3.74051
9.78602
8.67027
6.037
0.00036588
0.708598
2.8699
1.11399
0.104384
3.48902
2.76811
3.66542
3.53907
67.5816
17.4583
2.75256
7.05014
2.21718
0.0598636
0.000228128
1.7061
13.5
1.07864
0.421662
0.389358
0.62649
0.755498
0.163748
0.464493
1.86755
0.731683
0.00242608
9.12998e-05
9.04683e-07
0.134816
0.0776879
0
1.89516
0.0823116
1.51759
1.35368e-06
0
1.6611e-06
0.0117846
0.0751918
29.7281
3.29592e-06
1.76033
22.2286
0.00612554
0
25.6421
3.25797
13.5795
0.306309
0.718852
2.63061
0.0314168
3.08745
2.39784
0.00415513
0.585988
1.20074
0.00218399
0.653447
0.783628
10.6662
0
0.967559
10.1155
0.884641
2.53753
25.7094
0.00049752
0
0
0.00277262
6.76385
0.03202
1.1811
0.178142
0.880799
0
0.568808
8.20423
7.52657e-07
0.293592
4.03646
0.552583
4.17168e-08
1.4488e-07
0.687998
0.0882611
1.14428
0
17.7465
1.28368
16.6969
0.110113
0.000283595
0
0.00663726
0.697867
0.0734681
0
0.0172034
0.057351
22.5451
0
16.871
13.5397
17.7678
54.6315
0.0506209
24.3388
7.04563
19.2304
0.592363
0.282833
7.5811
0.585241
23.3097
1.8629
2.76306
2.2078
0
0.00922468
16.1208
18.472
0.61932
0
22.3471
2.94165
7.76368
11.2841
5.82218
26.5972
19.4103
33.4621
0.492043
5.541
15.6533
0.0161885
29.7627
37.7191
35.2847
36.8933
6.92527
14.5524
12.6727
22.9525
24.3411
41.4475
32.1156
14.2812
13.4841
0.0694066
3.70935
11.963
0.71
0.427805
0
0
7.24782
11.684
5.59271
0.0665019
2.08062
1.1017
0.0386325
6.03789
3.43627
1.41801
4.39144
2.89933
3.85193
2.23521
7.47748
4.01502
17.4137
0.0289934
0.682286
10.7883
4.44598
5.27587
1.44395
0.0252837
0.141132
6.81321
0.836533
1.95327
0
0
0.56548
0
0.319042
1.48981
0.886585
0.724186
2.1061
0.0326771
0.0825174
0.00186223
0.0258582
1.07234
0
0.967964
2.29268e-07
0.0285505
0
0.0110638
0.431446
1.0265
0.331875
2.3272
0
4.14098
0
0
0.000755821
0.00114961
0
19.2407
0.273812
7.39984
0
0
0.227
35.6058
0
0.000901985
0
0
0.177063
21.2989
0.681549
0.0571567
2.58114
0
0
4.3692
2.38589
8.74532
0.0017254
0.590456
0
10.1828
20.0715
0.843937
26.6293
17.4883
10.0115
6.13994
19.8958
18.3204
20.6569
29.4467
23.2669
25.5196
13.9301
9.55662e-05
0.0373533
20.3997
8.42252
16.9782
15.7745
18.4701
14.978
16.6902
15.4255
25.073
27.9328
9.75319
19.6158
28.2252
23.0169
27.8229
19.2933
0
39.4837
0
35.5701
56.2887
51.92
33.8341
8.40888
39.8507
35.4694
18.9157
1.66321
27.8022
32.5894
15.5862
31.087
39.3722
30.0975
24.5765
27.0164
16.1878
21.1867
12.7455
17.0392
0.259736
13.1686
10.8415
10.1424
0
11.0023
11.7941
2.96796
0.952223
2.39521
0
1.95145
0.757918
9.10035
3.81755
21.9727
1.00249
0.455407
1.56258
2.83775
1.36071
0.0737558
14.224
0.833942
0
1.80657
17.8708
1.97558e-06
1.51754
3.66289
4.20171
2.81179
0
0.576438
0.0177494
3.7871
0
7.3974
2.81202
5.25726
1.98517
4.1771
9.17182
5.06141
25.0014
25.6892
14.9551
35.735
22.9094
17.767
49.4998
14.3277
73.3827
23.0792
30.7009
17.9811
0.00167371
16.0948
18.0202
24.1308
0
28.8193
0
5.57523
5.06084
4.23837
12.8527
9.51619
21.8554
1.28241
28.9834
0
9.49599e-05
15.1196
8.90662
2.02379
5.95311e-07
0.0576915
0.810689
1.29826
1.08379
3.02346
0.974621
1.37583
20.189
0.0196381
0
0.0206863
0
2.89185e-06
0.0196422
0.122825
0.976332
17.9235
4.73705e-07
0
0.112781
0
25.0548
16.7092
0.648656
0.876802
21.3915
10.3739
0.743062
12.5736
1.17365
3.6978
0.511273
0.183094
0.626177
2.50825
1.75941
22.9328
2.44203
43.6535
0.736562
2.69286
0.0513595
1.83021
0
29.9525
0.245508
0.634093
0.256437
16.2194
1.21278
7.33364
12.3543
31.4953
25.1488
16.3004
26.1215
1.09565
8.46856
15.8904
6.43836
1.6029
33.9513
2.6785
0.861262
14.0544
3.85268
9.30881
0.913269
39.2587
2.3003
2.61477
8.74526
28.6164
8.61714
4.92835
1.62234
9.81773
16.3693
6.40613
3.89039
23.3878
4.20562
0.0141709
0.576049
0.591178
1.37337
2.18336
4.09635
32.1986
37.5648
25.699
0.877737
28.9792
20.5034
2.67035
19.957
11.0699
70.6642
9.24004
3.36423
3.67601
72.9788
58.059
6.88148
20.8627
7.28009
0.136171
0.00538512
0.643774
0.0408275
3.32865
0.331001
0.793037
0.599209
16.3784
21.7502
50.6986
1.4762
16.8148
0
0
0.025254
0.0906536
0
0.675187
1.10944
0.0126656
4.76931
0.511574
2.56586
18.3992
1.46684
12.385
3.59326
3.83461
1.39766e-05
0.00923914
21.969
13.0115
0
10.651
6.5837
8.01763
0.0204267
28.0594
7.59284
0.00439439
10.2699
17.4158
0
0
3.31289
1.91174
0
0
23.5757
0
76.5856
32.6852
30.2116
0.134078
0
0
0.00430765
0
26.6311
12.9068
26.896
0
12.386
16.3304
15.629
4.90933
5.81598
1.0897
8.62089
0
0.990198
0.235313
0.0182532
0.0153467
7.63678
0
0
0
0
0
0.980359
0
0
0
0
0.522752
1.63119
0
0
12.6104
0
0.0149182
0.892442
0.0266183
0.0489941
6.33509
24.7064
0.724187
4.77719
1.80979
2.63325e-05
0
0.0876761
0.0350331
5.05679
5.06583
14.6088
2.46928
8.91893
1.04955
9.4014
1.48093
21.1137
43.8903
31.3555
3.64273
48.2802
37.4146
69.032
20.5501
48.872
35.4507
21.8302
16.6556
21.6232
10.7616
15.958
18.886
18.5968
24.217
19.6728
10.3362
24.8218
15.3938
14.4258
15.9443
7.45777
25.1501
21.2544
17.3742
8.2955
5.06959
4.43848
1.3834
0.0035569
0
0
4.38899e-06
0.742705
36.3566
32.9225
0.000112436
1.92861
1.55573
6.22026
0.013785
0.870123
10.3247
0.00353452
22.3396
7.87844
1.16322
0.240758
11.373
29.5021
0.0004416
21.4087
21.9033
41.8427
24.316
0.669291
23.4471
0
13.7209
22.4066
13.9044
31.2335
11.9695
14.1782
9.87961
9.73794
7.53956
9.22093
20.8743
13.2853
11.9595
6.81671
3.07304
1.163
11.7092
8.73528
18.3509
21.4186
22.966
43.0194
43.8197
27.2875
26.085
34.6888
31.7345
29.1659
30.7393
33.1946
22.0645
25.9335
20.3061
0
0
0.0352226
2.12328
3.37449
11.8247
5.6972
5.24243
5.04641
9.06292
11.8643
10.8147
15.9613
3.53131
14.2885
18.9713
5.31568
8.78912
6.73489
12.8095
18.215
7.20405
30.6882
6.09932
3.61164
8.68589
7.98927
6.31191
1.57106
6.70645
22.3352
6.71655
17.7924
8.34812
11.1957
9.48496
25.8345
21.0458
25.6218
23.5293
40.5393
10.7673
7.39149
2.56251e-06
2.08644
1.33028
5.798
14.483
9.00302
12.6959
0.291935
19.3342
28.3079
20.3562
14.6777
21.7153
25.4086
30.4514
49.8448
0
0
1.33951e-05
61.1997
50.7081
47.2891
3.36751
73.9706
4.79831
16.3718
0.0389609
5.49679
0.278985
4.87719
49.9826
1.13092
10.0831
130.973
64.3141
30.8854
9.04592
0.24022
75.5119
11.9254
77.0417
23.7429
9.3403
84.9712
69.3298
55.557
50.1758
16.3799
16.6456
32.449
32.2868
18.5009
29.1417
35.5647
34.6861
23.5995
28.4661
24.6564
12.5918
31.9972
29.0325
23.5224
21.9446
16.1563
25.3822
44.7467
20.5828
20.0867
0
19.1318
0
9.45389
16.0412
33.7245
23.9623
18.5399
7.74247
30.9106
14.3182
19.0719
19.7325
17.6232
14.1578
8.19242
24.5986
23.1343
11.9816
17.6673
11.8324
14.3941
9.33569
10.7788
13.9456
1.28285
13.1083
0.775785
22.9937
4.98994
15.2616
5.75602e-06
3.40275
1.48699
18.2454
25.9038
21.7712
0.0629177
20.365
36.5862
13.5545
6.66022
4.85411
6.13924
24.5278
28.1518
4.72009
1.86687
0.36764
13.2537
8.66151
0.0923298
1.96579
4.38883
7.7944
0.0152022
1.78448
0.126291
0.821684
0.0152683
2.80152
2.75458
1.52845
1.56465
28.2394
0.393165
0.0791543
0.994686
0.0443376
0.952932
0.0594356
0.846271
1.43699
0.0787418
0.976862
0.297375
0.173035
0.0276087
0.807345
0.777827
11.4944
0.233632
0.0856306
4.21023
0.177429
7.97776
0
0.0340032
1.38187
0.757732
1.07406
1.19585e-06
9.23634
0.181303
5.43243
0.000546344
25.2303
1.37702e-05
20.6158
9.06357e-06
0.0602906
25.9715
0.252082
27.4679
17.2132
23.8283
0
19.841
0.127693
2.93881
2.02823
0.903707
11.9374
34.0207
1.08236
0.349065
24.8997
0.104311
1.7998
1.01973
0.00928469
0.481898
0.0366871
0.237818
0
0.69959
0.728392
0.581747
0
9.03747
7.48008
0.0277379
8.82514
23.7742
1.79984
18.7737
0.581775
24.992
39.5476
23.5007
13.5544
0
0.350266
0
4.13943
25.703
0
0.694675
0.0398282
1.0825e-08
0.000286741
0.702274
0.0393137
0
0
0.880416
4.43054
0
0.878149
0
1.05972
0
0.372304
0
1.19744
0
0.00413688
6.47144
0.524227
0
0
1.51076e-05
0
0.169775
6.49015
15.7473
13.5131
19.4436
23.6201
34.1209
5.18039
3.46057
0.749668
2.85726e-06
0.155526
0.873791
44.6367
3.19111
7.89035
0.772781
2.58979
22.2884
56.2187
51.7099
20.8461
10.6089
8.53652
24.6283
19.6742
4.0828
7.06105
18.2351
1.69082
18.0992
16.0277
7.28073
37.4978
31.7866
10.2491
27.4501
1.01753
14.5814
1.9407
41.7621
1.14141
79.7193
66.7713
1.25081
0.284998
0.796159
0.940161
0
2.32839
0.232967
1.45366
0.774847
0.0251751
0
11.5492
0
15.0218
2.01021
28.1941
5.02911
4.71085
16.1552
17.9992
13.6381
4.66023
0
16.9835
26.4708
27.2911
16.2035
25.4004
15.4394
21.5852
1.03845
4.03096
0.606337
16.6446
21.7228
28.175
8.19682
0.0981583
12.7966
11.0768
21.6858
7.46093
21.6945
27.6821
9.14055
5.4857
18.9747
21.6842
4.13021
14.8353
0
9.86762
51.8204
3.86926
2.85571
48.497
0.925841
24.8264
2.77093
0.993463
6.55947
2.25821
17.461
0.045676
41.8044
78.9768
22.0905
28.2422
19.2907
31.7979
37.8
8.08329
0.0158188
0.00087685
10.6016
9.67803
11.5103
18.1615
32.3836
18.7067
19.8494
23.3051
28.3217
41.8498
10.6555
30.1721
0
0.327794
0.862755
8.00353
0.495018
5.01846
7.45469
1.44312
2.14929
0.287196
0.0938334
0.50814
0.0847499
1.66271
1.79498
0.00563643
0.49013
1.02978
28.4681
6.0749
3.5083
3.62353
10.2993
1.22895
27.8876
0.00011748
10.3081
0.754378
4.34933
1.66972
0.0362547
5.95659
0.000994638
0.0761632
0.00212165
0.660595
0
0.887958
0.0371425
0.00615829
0.629195
0.00140136
0.0141658
1.0121
0.843655
5.05196
0.130006
0.000393647
2.30709
8.45531
15.8233
9.64747
0.000279099
0.240751
9.83363
0.0167549
0
0.747719
0.0132438
21.4142
1.22906
34.95
40.5959
42.2576
9.8427
36.7137
10.3801
22.2161
1.52964
13.6665
13.0743
1.55528
19.5042
7.65871
0.951832
0.832643
20.578
0
23.1519
18.6581
20.9229
12.5504
20.2744
32.787
1.18802
33.3686
18.5628
27.1876
21.1626
0.00411782
42.4919
0.383091
33.679
11.7751
0.730814
8.23837
3.65724
2.91816
4.48419
0.89123
6.01029
0.853691
7.04341
7.05618
0.787714
1.07563e-05
30.4562
21.4263
33.5495
17.7357
23.9462
39.0765
45.7636
11.6604
30.4746
28.3724
27.9531
31.1102
24.2624
16.0731
8.56769
6.16064e-08
10.7193
10.4177
40.7172
13.7727
8.86295
13.0854
6.26085
6.9084
25.7537
22.9213
14.5386
36.425
19.1744
15.9329
26.0681
26.7482
10.3987
23.0824
19.331
0
23.9159
16.3943
8.11644
5.24991
25.5363
0.0188706
22.075
40.5242
26.1464
0
0
49.9848
20.6546
33.6617
28.573
6.52076
27.6685
21.5018
2.34707
38.2936
31.5503
19.1637
3.57513
26.9541
37.4237
59.359
20.1716
47.8203
28.1144
39.0517
25.5242
53.2354
36.6329
0.194559
44.4115
22.9699
20.5792
17.9955
27.9934
30.8378
34.043
19.0651
0
28.9843
34.7726
20.1958
0.388706
12.3424
11.6795
31.005
17.5576
20.026
20.1863
39.4479
6.54449
0
4.32762
1.05764
22.9931
3.34972
18.9897
26.1622
51.2256
17.9397
30.3562
0.22334
20.8429
8.28998e-06
37.8995
30.1076
37.0881
21.2424
20.9894
41.3291
59.8755
18.4639
38.4512
23.9954
22.1566
52.6738
0.952313
25.442
14.4384
29.3718
0.856954
14.4269
12.8754
26.293
17.7496
9.65148
33.8391
16.8423
0.350567
13.0968
16.5086
16.5294
24.062
21.2941
0.279214
20.8463
13.1169
6.91788
0.82192
2.4062
8.00656e-07
1.18384
2.09311
22.0897
4.37048
30.312
27.7809
16.1268
22.5945
10.3405
9.22481
59.9376
0
2.55927
10.8567
8.63421
0.0142824
21.9528
27.6717
11.2793
12.6686
17.1702
16.3061
34.0571
8.60596
20.4533
19.6577
7.80125
17.7475
14.0401
28.3579
14.8423
23.1662
41.4755
0.447387
17.7836
19.3329
35.266
11.0927
2.97005
29.3197
4.57603
40.4644
18.7987
16.8958
36.1
19.8285
38.188
18.4472
22.5264
22.8783
9.08593
18.695
52.9104
68.9948
17.1483
0.516012
9.42679
29.7395
20.9678
87.6384
8.49043
3.58872
30.862
5.28419
52.4597
14.4046
0.12287
18.8764
1.31687
18.2041
18.6397
11.6591
0.0408883
6.75861
22.8356
19.3176
21.1336
29.648
12.3705
13.3735
1.60987
11.0801
33.093
9.15097
10.1903
17.3528
17.3959
26.0661
10.611
23.2994
9.57752
1.10286
30.7309
12.2597
12.6439
44.1816
13.3827
23.5946
0
14.0037
0.089954
7.72782
2.49537
2.72245
17.3404
1.85724
2.60138
47.7154
1.78544
41.4848
0.292264
18.2852
5.24246
0.740059
23.2441
1.15085
0.271973
0.0110859
0
0
22.2948
15.4219
34.4886
25.2954
23.5253
25.5022
12.1299
0.812058
4.93
5.49753
20.3466
27.7449
2.11559
33.6122
21.6537
0.987293
18.2315
1.05303
8.76561
11.9091
2.17544
13.3084
1.24077
7.61734
22.0092
2.59432
0.320733
2.00364e-05
2.71371
0.506247
15.7439
20.7842
9.76483
0
1.40402
11.301
13.2165
19.889
23.3867
16.8707
18.3029
10.9291
20.655
16.6065
11.1271
2.88576e-07
11.4634
16.9793
20.4578
13.8338
7.57701e-05
12.48
15.0941
22.8731
10.6722
9.13972
13.0452
95.5448
9.59105
26.206
12.3913
164.437
10.754
8.25504
8.47869
8.87057
8.80082
16.2308
9.36199
16.4012
7.75021
16.2752
13.0225
10.1777
5.09038
35.785
25.139
21.1957
1.60729
0.00146692
22.6647
37.9597
1.42275
0
0
0.460935
6.38489
1.67516
0.0975902
0.0257325
0.918186
5.11015
1.40209
0
14.2906
0
9.83697
32.6542
0
0
10.7041
4.40393
16.8259
0.0113202
14.2447
6.82752
0.488784
2.32939
0.777973
4.98977
0
2.74018
14.9014
5.15397
1.01987
3.85375
0.2672
0
0.000496998
8.10576e-08
0.597841
19.9252
17.9805
19.8205
3.10355
17.6882
0.305563
33.1405
4.6498
13.6695
8.81312
14.1865
11.1858
22.8401
4.59438
8.78354
13.4146
11.2389
8.85511
14.8053
3.79997
21.6932
45.9964
70.6781
42.2944
23.6195
1.4221
10.4901
0
0.336725
14.0423
14.9567
16.7923
6.68835
8.14971
10.3183
15.2593
5.02731e-06
8.26817
14.7892
18.5075
38.3246
25.6211
28.9724
43.9408
15.2824
8.92253
15.9606
16.3025
34.241
31.6058
23.4805
25.6314
1.48481
10.7708
4.54409
5.17799
0
0
3.00585
12.7607
1.14945
0.089627
1.47139
33.1573
39.6051
10.6792
11.0736
11.5431
17.7831
37.9154
15.3065
14.8199
0.0643403
0.0189681
7.12684
9.93026
26.5268
14.4788
45.1036
15.7812
20.4495
30.8127
0.997259
0.051743
2.32227
25.9293
14.4306
6.66387
9.25015
1.38141
27.6186
14.3469
1.16819
18.0217
2.25835
2.03614
1.15498
52.4534
30.5801
10.5196
0.786905
25.2922
28.4463
0.559307
4.77223e-06
0
0.451588
0.0207481
1.21866
30.4018
4.45472
2.61896
0
0.163548
9.03494e-08
16.878
8.38383e-06
18.7012
32.8161
0.000590919
25.5521
4.52244
0.354642
2.14452
13.8244
6.47655
0.627784
1.34029
0.723271
0.00042098
0.000942845
0.0472551
0.0108143
0.192968
2.66172
10.2844
10.1126
6.49852
1.76291
1.04487
0.973274
18.3042
4.88788
7.14076
13.5414
9.6882
8.54428
19.5345
23.8919
8.10809
14.5645
20.7676
3.3087
4.07748
10.7938
0.618575
24.158
18.718
2.69914
8.80141
9.26992
8.91319
1.1796
9.74351
26.8247
0.0501265
0.0678839
0.830368
4.06604e-06
2.24496e-07
8.80103e-08
0.333559
0.225611
1.8269
2.27001
3.23257
6.90225
7.72113e-05
2.2064
1.29226e-07
4.8239
3.53315e-07
27.626
13.3241
19.6972
22.9242
53.3279
32.4339
20.5307
6.86263
12.391
22.5132
12.6863
4.02597
19.9859
19.6196
4.4611
4.54503
16.0167
1.43429
18.8096
21.0626
5.34591
21.9962
25.1483
3.0754
17.0905
0.474653
4.09782
0
7.83648
4.22934
0.232326
21.7418
37.2851
0
19.2086
4.34478
21.0525
21.6182
0.372163
13.2719
27.2781
16.9136
20.8213
33.2946
42.9736
3.79162
4.88321
11.8378
5.54235
1.63191
0.0590349
26.6818
0.921485
3.23694
3.5339
0.0218738
2.93351
2.05672
0.114431
1.41978
0.955049
0.285406
2.74103
2.22653
1.33195
15.1245
0.277616
0.0519825
0.808366
0.83981
0.0334698
1.05273
1.56387
0.0477675
0.633134
0.5794
0.210186
0.057912
1.03627
0.407046
0.0553916
0.105616
3.97064
29.5337
1.05092
18.7425
8.32697
5.94718
5.22789
8.71747
0
0.310857
0.82247
12.4052
0.0364131
3.62669
7.1626
15.0463
1.79195
14.4144
23.8735
39.426
35.7828
18.2846
19.4178
54.8924
1.83776
31.3718
38.9669
1.5209
0.603442
13.6333
0.0370217
0.929056
16.9977
0
3.54969
0.04172
40.7587
0.808517
0.00652014
0.160227
0.0516037
8.93397
5.41834e-07
0.179431
0.00039635
0
23.7494
54.7532
13.5749
48.6346
0.107389
35.1185
19.1646
1.73642
27.0673
20.99
33.1229
7.07062
0.355962
0
42.404
2.47143
0.431296
2.03211
0.969872
2.55118
1.59896
23.005
0.294006
3.00151
32.3998
0.792155
0.0843239
0.00678146
5.83427e-05
19.1118
23.8172
0.00337949
0.395326
0.462784
0.985401
0.0222379
0
39.6089
0
2.85428
8.64437
1.256
0
2.89037
0
0.00142436
0.105924
16.4851
16.8467
0.00248389
0.646115
3.21412e-06
3.39027e-06
18.6604
0
0.13875
0.157914
6.70087
0.0271309
0
0
0.000506465
0
2.54928
1.71015
0
0.400936
0.0201982
21.4748
0.0145311
3.58017e-06
29.3958
0
0.000991857
0.38101
0
0
0.000275608
0
7.4771e-07
0
0
1.77153e-07
0.000101991
0
24.1917
0
1.97347
0.779832
0
0.595759
0.122523
8.18142
0
1.18905
0
0.921165
23.1079
36.1393
14.1476
4.73358
3.062
0.0304612
3.8683
9.73512
16.9675
4.93962
0.938666
4.03126
3.94391
17.1566
4.91566
0
0
3.35345
2.01874e-07
0
2.36047
5.73909e-05
2.49835
3.76174
5.60733
10.2543
15.1426
6.27858e-05
22.4283
9.54718
5.64772
10.4775
0.60313
6.40432
19.0518
1.21171
3.34724
12.6128
19.0613
0.186452
0.444303
1.74695
0.0172865
102.305
1.16806
0.0175655
13.0503
0
0.00099467
1.88609
27.4219
0.126956
2.46701
26.0003
0.168398
1.00076e-06
1.6733
0.156972
0.346924
0.0710432
0.0054886
0.836532
1.00273
2.86874
4.65972
1.08282
1.32637
29.1203
16.3547
0.0334739
0.855173
1.78243
0.0097354
0.975045
39.7833
5.9162
5.98163
0
10.6375
44.2403
20.7085
23.2521
0.23787
24.8964
25.8026
26.735
39.3177
0.166434
1.19682
27.961
1.99227
41.4362
5.07656
4.9114
24.0055
5.30375
3.7615
0.506534
1.07719
30.1629
2.66301
3.6635
33.0077
28.3126
0.800442
19.0105
30.563
8.79029
13.5999
0.473514
18.5575
32.588
2.14211
5.59149
30.714
18.4863
1.06713
8.25768
45.2587
12.5818
22.9208
9.87938
31.66
22.4503
28.3463
32.8734
2.48312
31.3976
0.786792
7.16058
31.7205
12.6712
13.8856
1.25647
0.0927442
1.76926
1.56136
1.18371
0.898487
1.86414
0.935259
0.0145566
1.83959
3.979
2.43161
0.955853
0.902933
0.000151095
4.12995
0.00548219
0
6.89997
20.6372
1.18351
1.99907e-05
0.77625
15.2995
0
4.33403
32.8821
8.74118
17.6641
33.3467
16.6526
0.18196
6.26942
0.0266491
0
49.4993
0.000186616
1.49152
25.3109
1.35117
0.856994
59.8168
6.59439
0.273775
0.842313
1.02094
31.9216
7.29054
0.313093
39.2716
7.07344
1.68103
38.6598
26.0041
14.2181
26.4339
12.1073
17.9601
12.3187
14.8399
8.92108
11.6426
16.5797
7.73388
4.82564
1.33805
8.10305
0.699024
8.59326
16.1831
2.43702
14.9203
20.6254
34.5153
10.7523
1.08702e-07
0.0023683
0.18677
0.0584238
0.341489
0.0309044
0.920397
1.56678
1.93531
0.936705
0
0
26.5588
48.6782
0
25.6621
13.4776
12.0494
17.1044
4.42466
18.2762
4.37768
16.767
6.98692
9.90266
16.5025
10.3751
12.5731
8.22859
21.4261
9.69969
15.0385
18.7932
48.368
25.1736
25.8919
12.3307
22.4138
13.9162
0.541463
0.0196888
1.27696
0.159813
2.22646
0.629064
1.92081
26.0767
0.000961107
0.914654
36.474
20.491
27.142
15.2464
15.4878
15.0235
7.22527e-09
0.000352554
0.802393
1.32839e-05
0.000258619
18.4626
0.790077
0.253782
0.0690992
52.7434
23.7467
9.03202
4.90413
27.7341
4.63513
0.973634
0.00971244
0.69051
0.0539192
2.34912e-05
4.9472
1.6756
1.01301
1.50337
0.389341
19.6125
0.0262712
0.373159
0.436127
3.25418
1.82254
10.9646
5.89985
1.97226
2.89292
1.29076
1.98205
1.6117
0.937213
13.8745
0.457912
1.11777
0
47.5522
6.22054
0.0338358
14.3284
1.0726
33.4626
0
9.49607e-07
18.2549
