4.37995
3.84548
3.26654
0
2.80684
3.80252
0
8.20586
0.810992
5.93315
24.4522
0.528796
1.21579e-05
2.0709
5.61176
0
4.01397
24.7193
38.5886
34.1033
6.74084
6.52053
0.441842
0.0709653
4.79964
5.67177
4.40955
3.69313
42.8553
0.00306793
1.53775
1.99477
0.32107
0.244962
4.38496
0
6.79169
30.3814
17.1346
34.9499
26.5941
4.23971
1.63491
12.3347
0.670286
15.4504
2.481
0
1.98527e-08
0
0
1.30646
22.2936
3.45848
1.7276
2.10988
29.3231
0.61368
0
0.00737657
1.32314
0
4.38839
1.66525
5.43006
0
4.11016
2.07558
3.82794
0
16.0094
0
0
0
0.79509
0.0905175
6.1954
1.02943
2.13088e-07
0.925512
0.953313
0.890809
0
0
18.5486
2.30863
14.6817
17.284
11.3258
20.1649
20.2218
19.4877
14.7186
13.5943
54.6621
10.3096
9.3804
14.274
1.15166
4.94128
15.7019
3.83989
13.7329
18.9293
7.00394
5.10326
8.87348
18.4867
8.63389
20.8806
6.195
9.79563
9.53181
7.31903
9.45446
7.52026
3.81259
1.17496
4.88117
1.99636
2.193
3.73166
1.03334
1.337
0.533428
4.44649
6.11048
1.85712e-05
0
0.92269
3.65442
0.00680762
8.25059e-07
10.3017
0.000175384
6.01104
45.9614
0.7251
0.616359
0.774505
0.0110302
0.980232
0.15584
0.0716494
0
0
0
0.200251
35.6376
81.3813
4.87753
3.62548
0
0.0421959
1.1089
1.17936e-05
0.101186
1.31382
7.36147
1.44514
51.6392
14.6386
14.7213
13.5878
0.552995
2.06516
12.8926
5.32651
20.5107
0.379687
7.12659
1.54274
6.65787
8.63758
15.2584
0.000380524
0.00652925
0.757455
0
0.0663103
0.000194062
21.9908
0
0
13.657
10.6892
9.70321
8.68868
11.0537
30.3763
36.8891
17.2371
13.0868
31.6256
1.40746
0
8.62882
18.2365
12.2318
11.9968
41.8245
93.7257
7.27281
45.5855
30.6667
5.07998
29.6083
10.0159
76.5269
9.85124
26.3421
14.3438
0.107034
10.8164
24.1521
20.0114
1.70878
18.4067
17.7409
7.0403
0.937263
1.32718
19.9651
4.56399
31.2097
19.6128
43.6082
28.6643
23.0226
0.596467
0.0222013
5.34702
27.6077
3.13415
2.16744
2.80254
3.43309
0.113581
1.1268
1.80899
1.17829
1.1792
0.508855
0.229167
0.571605
0
0.113052
0
1.52204
0
0.160894
1.95009
0.830455
0
0
0.0110489
0
0
0
0
0
0.492253
0.290758
0
0
0
0
0
0
0
3.61131
0.143599
14.5978
0.0529357
0.24445
1.69623
0.07565
0.0694547
4.42977
0.000860099
18.8008
0.777756
0.488669
1.38027e-06
0.618509
0.0917478
0.00102572
0.4659
0
3.09047
0.00364039
0
31.8835
0
0
0
0
6.31415
6.40789
12.1616
18.5594
3.59823
8.32037
7.83683
3.6918
10.0175
0.117666
2.99998
0.816307
0.0915836
0.000312289
0.145145
2.2669
12.3414
18.901
15.3051
42.0674
28.3684
6.0211
5.79056
0
4.84376
2.15166
4.63468
11.675
6.41152
0.0306275
1.1473
0.440205
1.3362
0.00139473
0.847849
0
2.61826
7.7116
22.0328
12.8193
3.96105
5.68009
2.15303
10.8066
7.54337
4.50467
0
0.00870567
0.652687
0.0141466
0.990773
2.04656
1.87246
1.01306
0
31.6456
0.30348
0
0
3.79826
5.8046
0
1.06178
8.31623
7.46309
0
6.7518
0.0166189
0
0
0
4.44032
0.73877
4.32664
2.09316
10.1299
25.5411
8.32155
8.86003
0
14.2125
17.0097
13.183
24.776
24.0166
5.77673
7.07536
9.08823
10.5784
16.8409
13.1829
11.3574
10.0507
21.3339
19.0578
22.7559
7.61822
7.76688
24.0873
16.1483
19.1594
18.1748
35.883
4.08103
26.2363
20.9116
18.0955
20.0063
13.5215
8.61462
20.6439
4.79897
8.67245
8.61988
9.71536
1.66862
9.86427
7.69006
11.0345
27.9408
14.1556
13.3117
1.85398
2.34969
21.2736
63.4016
17.9512
8.83257
23.211
8.70823
46.9731
46.8798
28.3137
18.4141
15.5337
45.809
14.9178
35.7184
12.3259
23.0026
0.714615
20.3529
15.8902
16.274
5.87774
6.7811
3.10921
3.03519
0
0
0
10.1838
4.20874
7.44504
2.4239
6.31461
24.4498
59.2773
28.3334
10.0841
30.238
11.6337
23.3343
12.551
0.0166111
0.717375
0.000101332
17.4491
0.892832
62.1772
5.50813
1.37496
1.04582
0.931588
0.0363693
0.864763
0
0.210451
0.333896
4.33067
6.13764
3.3302
11.1898
21.8998
7.42705
5.67838
4.71442
2.25933
5.19283
4.03612
32.6222
0.0710084
51.6552
41.205
18.3148
28.1562
3.40119
2.24464
7.30076
0
0.357413
0.8693
0.778945
26.2249
44.8272
6.55623
17.8858
10.1348
13.8261
9.84809
3.07457
0
1.25422
6.80198
0.532736
0.514939
7.42446
4.57189
4.75019
14.1695
10.8824
1.48939
1.08563
2.51289
51.4436
15.345
0.00746555
0
3.84195
0.000509665
15.6698
0
0.0143112
0.131045
0.554895
1.4443e-08
0.525774
0.944617
2.652
0.778952
0
0.267573
28.2436
0.536042
1.85331
2.49131
0.648876
0.974042
4.94396
24.8688
12.994
9.47131
5.29305
2.13008
12.242
0
43.165
0
19.5316
10.0736
6.05489
3.51943
2.79237
0.942344
0
0
17.5738
0
0.00564699
16.8651
0.062209
8.10128
2.53149
0.548681
35.2764
4.39163
0.93776
6.56856e-05
14.5578
38.8641
39.2729
50.0516
12.963
4.95131
8.31221
0
5.16426
3.40388
0.000227878
1.65294
0.181683
6.10378
1.14401e-07
0.0433146
1.37782
1.70129
0.867003
0.0100707
0.0652997
5.12821
0.0242936
2.31029
0.489484
3.15661
8.49999
6.08857
0.00150415
0.754191
8.71799
0.119834
1.80579
0.556476
1.63991
0.308293
0.0113412
3.91
14.6335
30.4292
0.926102
0.172193
0.00988334
13.4514
0
6.88663
4.36851
2.0248
0.575531
1.69706
0
0.000200683
9.02993
0.191832
4.65505e-09
0.286951
0
0
0
10.3282
1.85904e-06
6.62853
20.0878
3.54252
0.28311
7.6725
9.03314
15.5436
19.0633
0
0
0
0.33704
19.9747
60.5216
0.013927
5.09617
0
20.4781
25.8362
1.95412
6.47558
0.0137798
1.05106
0.395173
0
0
0.974198
0.0413708
0
7.58794
5.97301
3.64296
0.080317
13.9743
0.216937
44.0515
4.71853
34.8971
23.2316
2.12103e-05
10.5922
0.661678
5.67437
21.5884
3.64267
0
12.9149
8.70124
0.990899
12.0691
0.0337649
1.10991
4.26046
26.2664
6.0162
28.3055
8.17015
17.2172
16.3793
2.24149
6.29837
0
0.881109
1.18516
0
0.825797
0
0.0096762
0.656709
29.4093
0.768903
1.58624
1.3389
0
5.38723
7.2964
0.0210229
5.02508
0.851692
21.5356
0.916499
25.0076
2.26906
15.9114
45.7041
5.50336
10.9659
13.2391
13.085
0
2.52361
18.0396
8.19816
0.97699
36.2181
0.526964
52.1256
86.469
14.0242
25.3804
42.5897
16.1809
15.6446
0.0471787
0.867524
8.28019
21.782
1.22284
0.961021
0.562054
1.79614
58.645
3.17621
0.708412
0.000598576
0.0243138
0.000421702
1.06087
8.15518
13.1044
3.56356
2.91295
0
0
0.0191033
2.56416
7.1572
0
5.05772
45.3832
0.110574
19.5994
0.312134
15.2794
25.3416
11.7482
18.6466
0.172316
0.279593
0.00236243
0.999641
0.00764765
0.000273186
0
0
2.45521
2.37737e-05
4.57831e-06
0
8.15872
11.6943
0.881196
19.576
13.8202
3.50265
7.7614
4.35698
2.3586
2.49875
0
3.21061
0.806132
5.38158
3.61594
38.2023
8.01873
36.4651
1.44444
0
15.3809
0
4.90505
0.398412
0.262439
0.489438
6.66718
4.04492
2.32175
36.1832
2.09181
28.2781
0.92603
0.150291
0.343208
14.1345
2.10835
0.722076
0.000374236
0
0
6.31206
6.35315
3.22664
0.134787
4.39158
9.07654
2.64484
0.669943
9.16223
6.66572
55.2193
0
0
4.85427
5.18442
7.93038
4.23451
0.92388
0
0
4.07941
7.206
7.18014
2.62348
0
4.05503
3.4657
4.97491
0
26.7559
1.16642
0.0288202
15.5034
0.000175379
1.47137
22.1872
0
0
0
7.45706
0.110838
0
0.995059
2.38639
1.0863
0
0
26.134
0
19.8768
0.0262148
11.1408
0
3.03897e-05
0
0
5.96844
0
5.51559
3.99039
0.690447
0.351208
27.8497
0
25.8221
17.5055
3.8407
9.37658
10.8737
17.3831
8.60424
6.93571
12.1755
11.6234
4.98147
10.3471
19.3204
5.3439
5.22645
4.87221
0.524317
5.76549
7.39945
6.22684
20.8802
1.19601
5.70771
3.50445
13.2784
11.1295
17.1028
5.19713
0.213563
0.049733
0.342214
1.54344
2.69686
3.48237
6.72401
16.2995
9.91738
1.22011
1.37006
1.22895
5.62471
2.50394
0
6.21429
2.78069
3.43773
0.676346
0.53697
0.0224254
6.74585
1.96102
28.598
5.31487
0
0
31.9373
0
0
3.46329
0.338172
1.24112
0.291354
11.4728
9.31899
1.83398
5.51504
4.53613
8.47867
0
2.50887
2.88461
0.594147
0.871365
1.3994
1.98769
42.8528
46.9334
22.3019
8.76118e-06
0.166778
0.568005
6.10864e-06
29.2404
12.7226
7.2863
6.23095
0.948658
15.9502
2.53495
0
0.00414007
3.94475
0.318627
0.548794
0.31348
1.23463
1.99693e-05
0.000996328
7.14189
0
6.2193
7.42758
0.516451
4.02489e-07
0.740689
0.107732
0
11.7999
21.296
1.20685
24.5332
20.6997
0.172211
0.0104719
0
2.57407e-07
1.10547
0.47157
1.67973
0
0
1.09404
3.21502
0
0
11.7397
2.10528
2.06455
12.5399
0.278066
0
0
2.95738
1.9497
12.1191
0.576071
0.000730888
0
0.0118715
16.5995
0.00544188
0
7.72152
7.44052
1.07652
0
27.349
3.70215
0.347679
7.16539
0.936556
6.48704
0.0172567
0.00501019
3.07064
33.7946
0
20.2707
2.15769
6.20066
0
7.25218
17.4276
4.74112
7.44877
11.0027
5.42953
52.32
4.18234
0.0773874
0
0.310827
19.0009
21.9067
9.65039
12.1236
0.277777
1.05138
0
25.9918
49.8062
40.519
14.5238
17.1257
17.9926
22.394
21.5803
16.8007
19.3154
5.22958
6.72005
43.0968
23.4444
0.0148347
0
5.50626
11.6039
1.56188
14.4423
1.88978
0
22.5563
3.91063
18.1253
0.331471
16.4433
8.15585
9.08823
1.78428
11.3179
2.87508
4.69978
4.06621
8.27028
0
0
4.63156
50.9495
51.8571
38.5567
40.1479
67.3405
70.5801
66.3888
50.115
57.6544
55.6805
63.0324
18.1096
6.20934
8.8476
0.0343767
0.609373
0
0.43963
4.72793
0.703133
0.0695994
0
2.96295
0.280921
1.39913
12.8383
5.22653
5.94088
5.3792
7.299
9.89263
2.91392
2.53825
11.1263
9.60515
17.0079
16.6119
0.00905662
35.5034
11.8066
5.38115
11.9441
9.34097
18.1059
0.00669049
0.00063458
0
31.2364
9.21291
3.12487
2.14756
29.9631
0.410387
0.257957
0.0679879
0
0.00250546
53.8425
0.00102145
34.0745
0
80.1195
58.7959
0
0
0
47.2582
49.6051
21.1399
16.3148
1.50364
0
53.6606
18.4696
1.14398
0
4.20234
42.0159
56.733
4.52953e-05
4.93901
33.6885
5.58887
36.5685
0
1.73149e-06
42.0735
0
0
0.0345026
0
0
36.0072
0
0.257297
4.61272
32.1404
52.1393
30.5376
2.34795
23.7261
0.120178
32.7922
0
23.3984
17.9863
0
9.53624
16.4477
5.14991
0
3.38604
2.70948
18.2019
9.30625
6.33261
16.0833
0
16.644
23.2239
21.8026
0
7.49317
22.8157
31.3807
5.79575
0
0.0207124
0.99935
15.3972
1.97559e-05
12.1389
0.00546242
0
0
0
11.6985
0
0
0
19.9962
0
11.6552
14.3197
0.254789
8.03925
2.00315
13.0585
7.72637
12.9232
0.0224599
0
1.34245
0
0
0
0.796876
0.974698
3.6503
3.02971
0.357873
31.6758
27.8891
4.61582
33.3475
38.2829
0.171622
36.173
25.0971
16.6555
20.0133
24.5271
20.1766
18.2736
0
26.4905
34.1699
30.239
26.4111
21.1073
10.3766
32.8452
23.1483
1.78103
21.8833
0
0.000206386
19.5279
0.00165366
3.3126
0
1.02375e-08
0
0
0
1.70989
13.1677
4.4717
3.02985e-07
4.82094e-05
0
0
0
0
0.00333941
0.0501415
0.888372
22.4449
2.85489
51.2607
10.2978
1.78779
1.79629
9.72022
58.0536
1.73811e-07
0
47.8113
3.45357
12.9058
46.5569
0.838745
0.364517
1.86601e-05
0.642118
13.3174
49.5099
1.52042
1.53727
0.360563
0
29.3794
0.348815
7.66502
13.6389
0
3.16043
6.08727
1.5901
0.0404714
0
14.1847
0
0
1.29479
3.20587
53.1544
1.8173
8.44038
42.8934
0.42102
17.8206
9.0288
0.992168
12.9805
0.0218171
3.76658
0
2.19549
4.33945
5.38154
22.3797
0.250712
7.12795
4.24255
0
0
7.88057
0.968815
0
0.256041
0
13.1554
6.37793
1.67876
10.1151
0.611389
10.0284
0.000380127
3.17234
6.05971
0
0.0125567
0.447857
35.9658
28.6387
40.6734
35.1478
18.1445
9.30071
0.00117584
6.50731
13.7595
0
16.8246
0
1.91417
0
4.23647
3.88024
0
2.3567
0.0108215
1.25834
10.7003
4.98576
7.09495
12.7581
6.91312
0.00323295
0
0.000290183
0
3.49693
5.46796
0.000654036
0
8.03731
7.45058
11.7907
1.70153
1.58607
0.0326658
6.6421
1.80782
0.0516079
5.6567
0.000198115
32.2999
0.878776
3.49008
33.1832
7.09004
1.7711
0
12.9357
11.4097
2.57484
18.8529
5.19982
2.3846
0.0288341
1.8014
0.854491
0.697562
2.89202
17.2001
22.1077
9.61092
1.54245
8.51091
8.69669
7.22058
11.9923
5.70612
3.04249e-05
0.0111944
0
2.81315
1.00827
0.0294955
6.2249
0.877616
32.572
0
1.21365
2.10338
2.05477
0.579591
12.0688
0.267559
0.748425
25.1399
21.3351
1.0548
8.13728
4.57699
0.588357
1.59213
23.516
12.7214
8.9995
16.2855
0
1.75998e-05
13.7514
10.5327
4.37499
0
14.2708
0
0
1.61137
10.3139
0
0
0.728109
11.0488
0.645209
0.00927795
7.84122e-05
71.6006
3.18396
1.81712e-06
1.16022e-06
7.84263
0.00575427
0.00154248
74.0134
0.00154969
13.916
70.207
4.08811
0
85.335
2.97729
0.104286
2.25836
0
0.559537
0
0
0.406034
6.99189
1.20809
8.80511
9.23259e-07
1.20996
0.000490563
19.6434
0.0470785
0.641895
0
0.0103898
1.53923
0.00814968
0
23.1891
0
3.19249
0.547903
0.0688813
14.1318
0.093438
0
5.95061
4.26239
0.108594
5.85086e-07
18.7061
4.45027
2.74555
63.9595
29.7074
12.3282
0
1.21592
2.53264e-06
0.381445
0
1.27494e-05
0.0157801
1.49327
0.114879
19.1352
4.16949
0.0106869
0.00479356
0.532815
0
0
0.0021657
5.73044
0.00310047
0.82439
0.643372
1.03429
4.73369
2.60832
0.0313894
0
0.0154035
0
0
1.81627e-07
0.0203384
1.43422
3.86136e-05
3.03818e-06
0.00307845
0.0682242
0
0
1.2477e-05
0.00900517
0
7.37888
1.22336e-06
3.62874
6.39632
0.683676
2.40601e-07
51.356
2.94947
12.4118
0
0.000837608
0.00698758
0
1.25653e-06
2.49809e-06
0
0
0.0249935
0.695273
1.82473e-05
0.0206241
1.64462
0
0.000214251
17.8102
3.6949
0
25.8354
0
0
1.33172e-07
0
2.3126
1.45424e-05
7.21176e-05
1.44505
0.790212
0
0
2.35498
0
0.395007
10.147
0
0.722517
3.37248e-06
0.60546
0
0.00043913
0
4.52242
0.0149547
11.256
0
0.0150379
0
1.63026
0
0.0214154
0
0
0
18.9817
0
17.2027
1.2375
17.8642
52.2109
0
20.5323
11.0365
18.2338
2.71523
0
5.0399
0.0473029
27.8684
0
3.63656e-07
15.3109
0
0
36.8392
16.1289
0
0
17.346
6.03411
7.42622
13.9739
4.44349
8.61937
3.87643
23.2464
0
4.60129
11.5077
0
11.4869
14.1697
11.9657
15.9783
9.90299
6.20174
4.99758
8.08247
7.06363
17.1585
13.6924
2.58035
3.20868
0.0329181
1.57125
2.99422
0.588399
0.385739
0
0
3.96719
4.28477
0.291723
0
2.66279
0.00435554
0.0163787
0.0087381
3.80278
0.825058
3.69728
0.102997
0.918369
0.283408
3.45335
3.27841
9.41195
0
0.0333066
6.28531
3.47212
4.4773
0.579773
0.167905
0.489998
15.5842
0.29736
6.79118e-08
0
0
3.14812
0.0165604
0.217271
0
0.0471024
0
1.5301
0
0.945363
0.00609717
0
0
0.118172
0
0.400455
0
0
0
0.223846
0.950777
1.23322
0
0
2.48551
0
0
0
0
0
29.8129
0
3.01449
0
0
1.72707
29.1616
0
0
0.00354779
0.446992
0.569164
19.0492
1.4586
0.653882
1.60375
0
0
1.48963
1.28751
6.7627
1.5086e-06
1.04891
0
14.6162
2.69334
0.833967
3.06035
3.95705
3.27004
0.341138
3.5324
0.885626
1.31747
3.92685
7.10931
3.78104
8.24735
3.67469e-05
1.72852e-07
10.0146
8.81806
9.19286
10.2326
12.3909
6.5703
1.83858
11.6462
14.9422
26.9158
3.52967
15.0398
22.3767
16.6281
36.3262
19.3161
0
37.2889
0
24.0281
16.7909
13.3971
18.1202
12.681
23.6917
13.2113
11.8134
0.830545
10.6433
12.6233
5.04546
3.71834
4.22375
4.51166
3.89909
3.51023
3.44085
1.5803
5.01012
0.691755
0
4.47542
2.91049
3.77985
0
5.04491
9.06663
3.91427
1.11492
0.0632457
0
0.196254
1.86545
6.73931
3.87414
15.6396
0.34231
0.0391026
1.82879
1.77248
1.0322
0.795574
10.7019
1.25087
0
2.27377
20.8915
0
2.11556
0.958148
5.88866
0.156817
0
0
0
0.482276
0
5.89468
3.89115
0.3842
0.0955867
5.50804
18.3515
9.38899
22.6906
7.86583
1.98577
26.8037
10.4842
3.1129
13.6448
33.5071
20.8657
6.70581
11.4376
5.7589
0
7.30007
7.52171
6.13045
0.0403193
12.0465
0.0230682
8.53222
2.04315
0.00402965
3.7625
1.34301
7.2251
0.712389
10.7071
0
0
7.84714
4.20677
2.76031
0.017071
0.45882
0.423039
0.299701
2.30311
13.6785
0
4.65429
14.5185
0.0296162
0
0
0
0
0.0017293
0.0508098
0.00666533
20.7192
0
0
0.227038
0
10.9142
27.9902
0.560908
2.63135e-06
8.30001
14.2639
0
7.67473
0
3.49151
0
0.0441438
17.0497
2.23977
0.994833
37.9247
1.34132
7.66183
0
1.1238
0
0
0
25.7131
1.20807
0
0
5.53201
0.780506
7.66612
22.1089
32.1315
23.0731
13.3466
18.0299
3.57433
7.77303
25.3075
19.1883
14.5518
12.5639
2.12674
0
16.9929
4.25186
9.18678
0.136247
35.8545
1.5224
2.51956
1.49062
27.1889
30.1512
20.6585
2.75008
11.5487
16.6492
5.77581
6.8626
21.2076
2.05359
0.00648539
0.190194
0.970239
0
0.00453077
8.28369
38.1139
25.5631
22.4188
1.15256
8.44081
14.1783
2.22047
18.3409
1.6363
16.644
7.51783
10.6289
0.605499
61.7641
54.8391
2.34413
25.8532
44.7919
0
0
0.00891504
0.0374232
1.21625
1.31977
0
6.47472e-06
7.28602
7.9262
20.5824
2.51936
66.6925
0
0.138847
2.01763
0.505402
0.374628
1.41099
0.00640933
0.330512
13.8509
9.69185e-06
0.00576508
31.6923
0.0870173
18.7739
2.39977
9.37866
0
0
10.3915
16.8271
0
3.46724
9.03451
11.417
0.0227657
36.2048
19.8637
0.174118
2.39249
36.1399
1.80783e-05
0.537462
3.73666e-06
0
0.898174
0
45.0934
0
43.7949
19.1076
38.2298
0
0
0
0
0
26.3721
9.96297
27.2855
0
17.3862
22.1149
19.3548
3.34694
5.57535
26.0571
7.61573
0.839706
0.133406
1.17364
1.34668
0.0836284
24.6807
0
0
0
0
0
16.014
0
0
0
0
3.19584
2.47126
0
0
13.9421
0
0
0
0
0
6.91463
8.69159
0.37544
1.85384
0.516527
0.000905221
0
1.38037
0
8.30384
10.6858
11.5208
14.5174
11.0811
10.0576
7.54194
5.69881
13.697
25.5012
21.531
4.2068
68.6816
44.562
68.1906
17.0274
11.0525
20.2415
16.4009
8.26853
10.2792
4.55214
6.38994
10.7906
2.61317
2.97957
2.12738
11.116
2.42566
7.35068
8.7009
5.3271
8.00112
5.09017
6.67013
3.94414
2.57367
2.5745
0.815152
5.45103
0.636792
0
0
0
0.281053
21.7362
11.3884
0.262994
16.4073
6.95184
4.84403
0.0183224
0.80402
3.33104
0
6.95329
0.485577
0.000344762
0.0243987
3.74136
4.13223
1.59246e-08
16.4512
16.794
19.3022
18.6858
1.22574
20.039
0
12.1584
30.8723
7.30629
32.3741
11.6605
10.2065
16.0893
9.34285
3.33137
14.6081
25.8611
10.0409
5.70998
1.43511
11.7268
0.0012099
1.74789
16.5003
15.9551
21.52
6.25789
14.5979
24.3108
26.0304
28.7975
12.8146
26.2719
25.4689
23.2028
11.8365
20.1584
20.9139
15.242
0
0
5.46446e-09
10.387
11.7528
20.7573
17.0728
9.17198
9.66459
16.1913
11.3086
11.1954
13.3688
3.20384
15.5937
17.9854
5.9896
4.03997
7.14189
7.74535
5.83089
9.25021
6.21377
8.43519
6.76296
17.6341
12.8359
4.10999
1.11331
7.51119
12.214
10.4254
5.85438
8.96852
9.22275
5.50545
11.0061
30.6004
5.21657
3.16624
40.7817
3.10434
1.44285
0
0.571796
0.586677
17.6026
18.698
10.4953
20.2065
0
27.2553
39.8325
36.3635
31.3412
9.17189
20.7203
13.3922
29.313
0
0
0.00241127
24.2568
29.8883
37.3182
4.49487
44.0805
4.32624
9.79387
0
11.0753
0.0609909
5.66798
45.974
0.863373
15.1346
36.4131
32.5141
11.2872
5.91302
1.5754
24.765
8.61308
21.943
7.46624
9.71062
22.4191
21.3352
19.8992
25.9655
10.2034
10.231
9.10851
8.88213
12.0564
11.8317
11.8087
8.92445
25.5545
11.3831
4.79223
11.1883
5.19362
15.9293
6.29265
4.69621
5.0653
9.06666
13.4252
8.3887
4.04256
0
5.38419
0
7.51651
2.34962
9.79584
9.84548
3.5975
3.42965
2.79182
6.90745
8.92353
5.46972
4.12735
5.76693
11.209
13.0208
9.80516
4.34092
6.76209
4.74981
3.31826
4.32521
5.71024
7.55077
0
4.95077
19.0519
17.6145
4.90376
18.6344
5.75602e-06
4.448
0.420032
18.1899
11.3367
3.85146
0.376577
12.3949
17.151
5.79799
30.7144
3.57464
4.28831
6.14951
16.9341
5.90891
3.05113
2.4626
15.467
20.4106
2.41829
2.02726
3.06513
6.52578
0.192907
2.36501
0.368496
2.48095
0
29.9731
1.77662
1.69701
0.869388
4.63356
2.09337
4.3837
3.10256
0.0826511
0.0568449
0
0.715809
1.12014
0.0712743
1.3697
2.12534
1.42674
0.579053
1.57145
1.0617
10.8222
2.28921
0.942932
4.72169
0.126733
23.2986
0.0706645
0.861731
0.284151
0
0.512203
0
6.3865
0.694366
11.5672
0.168111
10.2332
0.405948
11.1484
0.744136
0.146988
30.3265
0
40.3902
11.6032
12.52
0
38.319
0
0.619548
0
0
18.5417
9.63988
0.773969
0
19.1797
0.209551
0
8.97808
0
4.78796
0
4.36109
0
8.86176
6.25926
2.74237
0
13.1196
3.48238
0
7.40184
27.0862
1.41926
9.9193
1.8926
16.7713
23.888
23.7861
11.7451
0
0
0
13.4041
15.1015
0
0.734558
0.00424221
0.0155443
0
0
0
0
2.63254e-08
0.939257
1.25934
0
0.56435
0
0.446439
0
0.0261889
0
1.56393
0
0
0.0631508
0
0
0
1.48332
0
0.233608
0.0107715
24.7058
23.0738
71.6246
24.3578
45.992
12.9671
6.59282
2.56208e-05
0
0
1.75347
7.15926
3.9048
9.44784
0.012931
7.79396
17.1657
19.3023
24.3715
8.10632
11.4018
0.248223
15.0622
5.00015
3.90742
10.113
5.34413
1.42144
3.84631
14.4815
0
25.7511
17.9328
3.14078
17.4867
0.401533
15.0175
2.15547
13.2232
4.78996
16.9703
17.423
0.728684
0.00141099
2.83059
1.89965e-07
0
1.53147
0
0.0463787
0
0
0
22.4994
0
17.4374
1.84869
31.6066
4.52628
6.4148
22.0256
27.9689
21.5571
3.91178
0
11.4117
20.2601
22.655
31.3329
56.341
31.5772
30.4089
0
45.7539
0.333281
30.0876
27.1805
24.8572
13.8382
0
27.5257
15.097
34.9341
11.6812
40.9585
33.5614
27.9871
8.28683
17.8254
23.6702
19.2113
23.6678
7.79887e-06
7.59029
35.6831
5.7279
2.1081
23.7988
0.0388779
10.6167
0.861417
0.031653
1.92658
0.0101574
5.38807
0
36.9009
27.6956
13.5913
13.5289
10.231
11.7298
9.32408
4.44256
0
0
6.38011
5.57027
28.9035
33.8982
16.5518
9.74758
16.1184
5.63116
25.8312
21.3823
1.74564
16.1059
0
0.0190907
0
22.1938
0.00349713
6.86434
29.335
5.21225
0.700736
1.17794
0.362211
0.0239802
0.0244123
6.81554
1.37495
0
0.0881228
0.598921
17.6139
0.629893
0.656064
13.8894
11.46
0.0595806
15.1042
0.522918
1.84613
0
7.30177
0.114712
3.92436e-06
4.69787
0
0.0827092
3.56381e-06
0
0
0
0
0
0.00699043
0.00798293
0.0277255
1.18643
2.28814e-06
2.02073
0.00369154
5.65206e-05
6.21107
12.9931
10.6128
8.49044
0.000270838
7.93643
8.66822
0
0.00222159
2.326e-06
0.81075
25.0339
0.026721
34.5993
18.2445
49.0287
18.9958
6.83643
8.27323
12.852
1.95362
5.06017
20.4443
2.41046
9.86786
22.8881
0.294655
0.0253397
3.52941
0
4.72757
5.37143
28.5917
7.22999
13.7673
39.0075
1.03998
12.7886
18.1485
33.5539
11.0135
1.57111
31.904
0
10.075
11.3819
1.37265
17.5161
16.5495
9.23844
5.22824
4.00831e-05
2.08124
0.626968
3.2027
3.841
17.3751
0
16.364
10.1249
23.4807
19.4597
6.28087
18.7065
7.39318
4.20231
19.6652
31.7358
20.4729
14.1314
13.7812
11.3218
30.4755
0.625097
6.847
8.84034
21.7303
10.1008
10.1074
14.6954
6.18308
8.19371
15.7369
19.5615
11.7265
17.4246
10.9008
8.42585
8.61645
23.1198
7.80769
4.87545
19.4791
0
12.6208
4.04131
0.00136669
4.30042
17.1415
0
19.1762
19.4114
10.2007
0
0
24.6865
10.9409
19.7311
23.2021
2.56701
17.0964
17.2125
3.83146
21.79
27.8224
18.9886
7.92805
19.3591
22.9699
29.2014
17.6844
36.3459
26.5202
38.4724
9.00983
50.5027
43.9013
0.564518
47.0186
45.6893
27.3016
19.1108
23.8481
25.8667
39.7021
27.5314
0
26.7416
26.2981
18.3936
0.00268495
4.98155
26.1937
4.48612
27.0926
7.33435
22.445
10.653
1.3027
0
3.91014
1.75912
29.8605
0.396927
7.59116
35.9492
22.7261
34.7975
33.5675
0.0052515
29.8903
5.29332e-07
20.7776
33.3332
42.1936
40.0963
6.49484
51.6256
41.2151
16.1677
30.8296
25.3432
5.45808
36.1699
0.00292426
17.6978
3.32008
22.3806
0
4.70736
4.19881
9.18867
9.92983
8.45532
8.98034
10.3063
0
11.352
14.7762
2.96753
9.79244
7.44305
1.0316
21.8857
11.9682
10.4035
5.01366
1.68584
0.309982
1.79072
0.108611
10.1285
1.07888
3.16946
30.43
5.29954
5.01021
3.46499
1.82091
22.0142
0
2.0774
6.33329
7.21841
0
21.079
20.6
3.74994
30.915
5.57192
7.36918
18.9959
30.2729
25.6018
7.58957
24.4266
31.0839
35.2804
10.1617
4.78938
6.08501
59.8141
0
5.46612
3.8132
74.9157
11.7144
3.79974
40.9927
14.7257
41.6675
54.7828
19.6001
21.3673
4.7085
32.3062
23.1707
43.4075
4.92407
4.0539
4.59804
23.9478
40.2079
3.49284
0.994738
4.47954
28.8705
3.85729
33.9834
17.2404
7.07853
24.1745
21.7964
17.5197
2.42978
0.996543
3.52524
0.740148
14.6675
11.2535
10.401
0
7.14217
4.3514
19.0125
25.6496
8.01565
15.7318
11.6094
0.210311
11.0622
9.98337
3.8567
14.9815
1.4555
6.18814
23.8305
8.2439
5.9285
12.9695
0.378901
13.938
16.3128
9.01814
26.0018
3.09591
6.52176
0
9.21644
1.89928e-07
2.45197
1.2733
2.59177
6.20278
1.39781
0.864187
8.53508
1.85465
2.8109
0.258356
6.34678
2.12301
1.81398
8.25123
0.00477092
0.357212
0.0169499
0
0
11.5606
10.0723
41.9436
22.8549
29.2888
20.9113
15.6345
2.04145
1.39045
2.34313
11.8149
9.27151
0.47674
7.38109
4.95512
0.776707
6.15689
0.538735
3.25305
7.36159
0
4.17833
1.15294
0.503136
19.1193
0.792948
0.000133628
0
0.0294
0.375104
16.8956
11.8505
7.5821
0.969833
4.90966
3.33639
5.5492
7.72854
4.55387
2.8991
0.517091
4.5443
2.74748
36.0435
2.60765
0
4.0851
3.08844
2.4712
2.20587
0.604162
5.66167
4.44191
12.2792
4.42803
5.18865
11.7384
139.208
7.08859
33.8594
3.75838
161.43
4.26463
4.8549
6.43299
5.08545
8.09456
4.46233
4.54945
70.3663
6.28273
8.25556
6.1369
5.43879
10.7465
13.082
10.4315
3.34975
0.473962
0.000246651
10.0134
9.81317
0.953542
0
0
0.272828
7.08133
0.557475
0
0
0
0.856127
4.47851e-07
0
7.8367
0.012364
3.10346
5.81526
0
0
5.64762
2.39979
14.3768
0
0.723676
1.74559
0.589352
0.702496
6.20202e-05
4.68407
0
0.801698
30.1899
5.25994
2.36706e-06
5.55286e-05
2.86085
0.247735
0
0.960905
0.181461
10.6716
9.26959
6.60789
0.313408
4.13531
0.0956987
34.2481
4.84143
10.8672
8.26217
9.7694
12.0107
38.4982
4.59986
0.867649
0.580118
1.1595
1.39665
1.33913
1.04564
8.29401
27.6809
34.1118
31.5524
11.2804
1.0401
1.53382
0
3.41001
6.26532
8.03081
7.99101
13.4595
7.23013
8.36257
37.037
0
6.61668
18.7798
34.2812
22.7211
29.4015
6.30201
15.9602
16.2022
9.55634
24.1645
51.1896
16.6427
20.8426
9.84161
28.2855
1.25758
40.5641
26.4676
3.08459
0
0
2.69708
4.14766
1.19642
0.0164289
4.93837
21.6496
14.5974
1.55333
5.31728
15.6324
3.71993
11.119
1.82879
3.83968
0
0.161488
3.47985
3.52447
18.2924
8.97302
10.5933
5.25956
15.3059
11.2366
0
0.236758
1.79952
2.80836
8.43302
11.8398
14.0581
3.44476e-06
22.0264
15.0101
0.794792
23.8046
0.502683
42.6692
0.0496155
61.2053
31.8008
6.65844
0.000209412
15.7621
34.018
0.000241885
0.929232
0.101992
2.42775e-05
0.000815829
0.0126193
27.4047
1.77841
2.48815
0
0.0418995
0.19799
8.2147
0.392466
11.3701
0.0487247
0
7.4828
2.66286
0.000749131
0.273662
4.7681
1.70843
3.4206
0.00634604
0.175286
2.0842e-07
2.88462e-08
0.0473848
1.6431
2.64068
0.0563829
2.97842
5.90065
3.84375
1.60218
1.473
0
11.3887
5.80412
11.3429
40.7653
4.30031
1.90134
5.77173
15.4274
3.78312
11.1512
14.1444
1.05257
0.162517
3.52784
1.02225
8.59474
13.787
6.07255
3.98318
4.50471
4.23687
3.07048
1.99682
21.1726
0
0
0.0352106
0
1.39659e-07
0.801672
0.147865
0.71243
0.0907486
0.365753
0.684339
1.71979
0
2.32453
0
0.922402
0
35.7019
2.4051
4.37217
6.95341
77.8527
20.5212
17.4566
2.61316
7.15943
16.1863
12.8363
1.45704
7.05976
63.5077
0.36065
0.248366
5.34073
2.07886
66.3649
18.939
24.236
31.8905
24.0576
13.9039
24.7561
0.00699811
3.6521
4.08779e-06
11.3834
1.7832
0
33.0701
26.6342
0
17.5263
5.8026
3.9021
13.8457
0.00781877
6.47801
16.9549
29.3021
17.3127
16.9254
14.7533
3.19196
2.75531
6.88889
4.88986
2.45992
2.0267
17.0131
0.568237
0.538511
0.768044
0.222222
1.35407
2.24288
0.239557
2.13009
0.8182
0.717448
1.76776
0.560905
1.24838
5.61782
2.05257
3.68289
2.1963
0.0308828
0
0.675217
0.800138
0.0436229
0.57434
2.04398
1.02509
0.404463
1.70922
0.834507
1.97367
1.27444
3.78066
9.13979
0.365716
2.67217
5.34431
3.45141
1.03282
2.89766
0
0
0
13.8595
0
0.663185
14.6774
17.0048
1.68221
0.323967
47.6796
15.2767
7.15642
6.83054
19.1703
55.5085
0.350896
17.6365
15.7156
0.00860462
0.144699
5.31195
0
1.85613
19.3307
0
0.0395023
0.170726
34.8295
0.877388
0
0
0
11.3193
0
0
0
0
16.6316
41.2984
44.2741
46.8154
0.0652749
26.3113
23.9469
2.93917
13.7691
0.834649
17.8513
11.9649
0
0
37.0649
0
0
0
1.67359e-07
0.239825
0.35242
70.0657
0.000550543
0.00533557
17.211
1.04674
0.0421676
0.00629495
9.13256e-07
13.6609
43.2509
0.443102
0.257184
1.36274e-05
0.000914805
0
0
10.1153
0
5.55908
11.4114
0
0
3.30775
0
0
0
1.89253
1.5495
0
0
0
0
11.868
0
0
0
4.21371
0
0
0
0.0142264
0.0899032
2.32482
0.680204
0
0
1.71663e-05
30.2857
0
0
41.998
0
0
0.425725
0
0
0
6.10424e-07
0
0
0
0
0
0
31.3817
0
0.132059
0.310495
0
0
2.00413
5.10587
0
0
0
0.211298
21.0654
14.2805
5.26562
3.34569
2.35166
0
0.875345
9.4454
12.942
2.50228
1.60158
2.68685
1.01445
17.6019
2.46851
1.69197e-05
1.51617e-07
1.42617
1.24106e-05
4.87956e-08
6.05017e-05
0
1.34642
0.403806
0.143019
0.920742
4.21112
0
8.68567
1.33507
1.88131
3.88795
0
0.861031
9.99716
2.67387
0.944693
12.445
24.0382
0.525402
1.63557
0.56076
1.00815
32.2605
1.92745
9.12485e-06
7.7145
0
0.0261741
0.111679
11.8596
0
1.31921
16.8806
0
0
0.00358151
1.09305
1.01478
0.436266
0
3.91779
0.00123678
5.70627
1.06236
1.76506
1.15031
33.2723
4.03928
0.0243779
0.649812
1.74685
0.926944
0.000953234
41.4008
11.1673
6.32607
1.2083e-05
9.43819
7.81278
4.32334
10.4208
0
32.598
8.98898
10.4368
7.51342
0.642399
0.155757
8.27018
1.12889
16.4181
4.30155
0.00683469
9.54724
0.10005
0.0103766
0
0.853419
23.8361
0.173413
0.447738
42.277
50.6529
0
27.6559
1.57185
11.4912
3.1799
0.103832
30.1571
20.5755
0.78836
1.56006
36.3807
17.541
0.298815
7.14757
58.1614
34.1326
26.5655
19.6931
15.5172
30.0087
32.5169
15.3869
2.00006
11.9941
0.0529748
11.6906
10.2026
10.2478
1.89827
0.613105
0.0247942
1.32937
0.467005
0.243977
0.192286
0.834793
0.0357484
0.0490446
5.87273
7.61379
5.63439e-07
0
0.460278
0
3.07154
0
0
21.4743
13.3748
3.33347
2.39019e-07
0.191795
11.4116
0
1.61177
7.34598
17.37
8.59918
5.58175
48.206
0
10.1255
0
0
32.5849
0
0.820946
28.9238
1.59121
0
13.2171
1.69994
0.385509
0
1.1693
23.7068
7.79674
0
16.4247
0.74691
1.34416
22.8458
28.1739
15.5072
19.4876
14.1615
18.7023
9.53777
0.569524
4.28668
0.3116
2.79652
2.18219
2.80033
1.82368
38.0949
0.464769
34.8257
5.71109
0.00146632
19.1925
24.8777
20.6785
16.2601
0.000601536
0.606819
0.00728142
0.00619814
0.0703063
0
0.103038
0.0112981
0.148364
1.5982
0.00218292
0
8.73117
3.76072
0.257142
51.3767
3.03982
5.96884
2.77347
3.84054
6.4171
0.770335
34.145
9.22543
5.0465
6.83932
1.14025
4.59374
6.58565
8.35611
2.45824
2.12962
3.35208
11.7646
7.25127
5.09425
2.66158
3.51259
0.592724
0.00176619
0
0
0.74128
0
0.628826
0
6.90448
7.87773e-07
1.4879e-07
28.9926
17.8384
11.7596
9.49354
9.80947
2.09951
1.08096
0
0
2.7314e-07
0
9.88634
1.45305e-07
0.889535
0.404543
33.9648
11.3606
19.5062
8.77186
5.46516
1.12302
1.29412
0
0.184393
0.260031
3.72055e-06
3.70866
1.6407
2.9987
0
0
3.54757
1.37139
0
8.77254
5.4931
1.70134
0.584542
8.366
15.111
3.50178
0.522193
0.815324
1.00176
0.0885968
4.55966
0.414173
0.451169
0
28.3796
10.6893
0.116915
29.7397
0.434375
29.9884
0.000597261
0.0847188
2.47371
