0.99673
0.721891
0.671939
0
0.981647
4.40118
0.00281312
1.99917
7.40581
3.51941
1.8978
0.2367
1.8986e-05
0.495496
2.1478
0
0.633314
6.4739
4.28037
3.52777
2.67705
0
0
0
0.0188981
0.00132995
1.09793
0.161619
8.23578
0
0.830534
0
0.0681301
0.264402
0.264041
0
2.38411e-05
0.566506
0.0102371
1.11278
0.00542193
1.60186
0.313123
1.12721
0.0484264
0.112779
0.180047
0
0
9.08546e-05
0
4.71335e-06
0.454035
0.40584
0.0489242
0
2.23899
0.8996
0
0.0207512
4.1568
0.000938661
3.7563
0.384698
5.69876
0.451288
0.0959938
0.000296042
0.722136
3.02419e-05
0.550156
0
0
0
0
0.336763
0.100902
0.0439026
0
0.000422693
0.00582305
0
0.0197599
0
0.880629
0.0242563
0.00546132
1.38008
0.144629
1.64229
1.28316
0.090278
0.000165927
0
0
0
0
0
0.0766363
0.000130831
0.179473
3.14296
0.127611
1.6409
1.32398
0.0130772
0.0335716
0.382516
4.70188e-05
0.951075
0
0.0976434
0.871927
0.00468542
0.40268
1.14141
0.00501307
1.58049
0.34624
0.00114992
0.00950672
1.31176
0.00999729
0.0771947
0
0.522392
0.489373
0
0
4.39676e-08
0.00124785
0
5.7105e-08
0.953819
0
0.0260672
0
1.21312
0.0129477
0.00539875
7.32661e-05
0.877646
0.2021
0
0.0864118
0.0226277
0
0.66365
0.934133
3.89003
8.60071e-05
4.14062e-07
0.299458
4.31007e-09
1.90598
1.85924
0.79079
5.27632
1.98499
0.152028
1.7516
3.2451
0.261882
0.991004
0.872719
0
0.00193297
0
1.82397
2.55308
0
0.00365728
0.00576147
0
0.117928
0
0
0
0
0.059543
9.16968e-05
3.64877
0.00641502
0
1.70203
1.22898
6.78746
0.574886
5.95896
15.4402
5.73686
1.99385
5.7939
1.61036
0.380144
0
0.912214
0.487253
0.406953
1.11399
3.63812
3.04986
2.48887
6.65878
2.07371
0.239112
3.99897
0.397026
6.7777
1.68924
5.27444
4.63463
0.709329
3.55815
9.62574
8.47138
1.87016
5.92778
5.26311
1.66111
1.37591e-05
0.213667
2.77558
0.822273
3.00634
2.22462
1.78314
6.79371
4.59729
0.00160653
0.901822
0.771063
1.90614
3.83063e-05
0.164126
0.954307
0.000796991
1.78765
0.07494
0.98648
0.816179
1.1091
0.876651
0.421734
0.341743
0.858776
0
0.015862
0.122708
5.14986e-05
0.000988077
0
9.78543e-05
9.29312e-08
0
0
0.00065886
1.13844
0.274989
0
0.038615
0.0159807
0.911379
0.0615223
0
0
0.000696791
4.70394e-05
0
0
0.0662016
0
0.00386123
0.204793
0.000149938
0.873666
0.0121667
6.56086e-05
1.07146
0.780362
1.05017
7.6893e-06
0.865363
0.0360685
0
0
0
0
0.00915036
4.33051
0
0
0.0684522
0
0.835899
0.58981
0.0699218
3.79419
2.65491
0.0169351
1.4843
0.045873
0.921591
2.33479
1.03917
1.31276
3.60199
0.0810062
0.00296529
0.145762
0
0
1.07807
5.04811e-07
0.908933
0.931918
6.82809
0.0672316
4.02778
0
0
0.00458254
0.0021004
0
5.4114
0.969828
2.09193
9.14246e-06
0.0323051
0.0477499
1.01731e-06
0.82765
0
1.72001
0.0407294
0.00117267
0.232466
0.0204999
0.00158413
0
21.9762
0.862334
0.791042
0
2.18565e-07
0.00714705
0
0.107584
0.121581
0.161066
0.0294649
3.30323e-08
0.08583
1.25502
0
0.0100697
0
0
0
0.000589126
0.0607688
0.148704
0
1.59059
0.798147
3.82146e-07
0
0.00419767
0
0.00045206
0.00998808
0
0.830705
0.14557
1.58755
1.45344
0
0.262027
0.401519
0.926714
0.139915
0.038656
0.962018
1.07374
4.6474
0.00450592
0.259971
2.67027
0.0585142
0.284766
0
0.00661154
0.974118
1.08095
0.0478412
2.55752
3.79058
1.44759
0.376517
6.57272
0.701337
8.73883
2.06107
4.21497
1.03588
1.06482
0.257656
0.975401
0.0058487
0
0.470932
0.450725
3.80729
3.84896
0.153809
0.0569801
19.3344
5.87732
0.935493
1.50767
0.0142696
0.0262182
0.000184235
0.00337495
0.0975896
3.33538e-06
4.30979
0.572356
1.66557
0.449785
0.561655
5.83101e-06
1.06765
1.00903
1.19261
3.55027
2.81729
0.0337101
0
0.000738949
0.014517
2.5748
1.60231
3.76715
1.5523
0.415774
0.00570989
0
2.70132
0
0.0443286
1.20591
4.44002
1.44717
3.33839
0.405684
2.07322
3.30522
0.761622
1.02438
0.194795
0
0.890692
7.10131e-06
0.000692479
1.62004
1.70267
0.723006
0.443363
0.0441227
1.57196
0
0.0493096
0.00809942
0.0259096
0.831129
1.68108
0.42865
1.48744
1.77204
4.6576
0.412012
0.382683
3.24735
1.35485
1.16804
0
0.288604
1.1807e-06
1.41661
3.8777
9.36021
1.31721
0.182455
0.0843693
2.54648
0.0251674
0
1.0185
0.00925688
1.64143
3.67145
0.177406
1.98101
3.29577
1.78369
0.790205
3.62954
0
1.63554
0.105121
1.50811
0.0355075
1.39772
2.64289
1.01244
4.97209
0.0181533
8.39215
0.193066
0.0326421
0.333564
2.25239
1.73587
3.20306e-06
6.17724
0
0.73028
0
0.0259332
0
3.38774
0
0.361636
0.813067
2.16376
0
0.00720352
0.00251735
3.09397
2.64819e-05
0
1.21172
2.61607
0.000414995
0.601096
0.00350339
0.80043
1.43446
2.21442
8.23584
0.863756
0.731191
4.03215
3.60797e-05
1.45968
3.72271
3.19247
1.82624
9.08476
3.31152
0.92372
0
4.4775
0
0
0.499815
0
0.730069
0.0100297
1.74841
0.97483
0.0246874
0.235907
0.548062
0.649116
0.071552
2.17965
1.36504
0
0
0.334357
0
0.956673
1.61937
0.273508
1.30299
0
1.9225
0.0247479
0.00957431
4.33028e-07
0.98191
0
2.56802
1.34979
10.733
0.0474928
0.0539809
6.61389
5.51435
5.52523
3.81163
0.0785384
2.64578
4.62378
0.000900209
0
0
0.935539
0
0.000124884
3.86805
0.884606
0.00143167
0
0.000398277
0
0
0
0
0
0.175622
0.769143
2.52605
0.0356244
0.0639649
0.0438399
0.0416497
0.00958021
0
2.02398e-08
0
0.931459
2.36194
0.440519
5.64018
1.28664
0.0095156
0.0635097
2.23059
0.0271535
0.750069
0.279226
0
0.534429
0
0.0309574
2.00173
1.73573
0
1.74589
0.0201625
0.395507
2.35198
1.28458
3.15726
0.0155759
0.0752185
0.459956
0
0
0
0.00476408
0.451107
3.17073
3.98862
6.64114
1.05396
0.915612
0.000216662
0.866358
1.59018
5.082
3.65411
0.0179456
0.000581901
0
2.13057
1.97907
0.0891332
0
3.84141
1.52993
6.53775e-07
0.846962
0.0216997
0.00193876
3.55825e-05
0.573439
0.00703929
1.59298
0.714011
0.90816
7.72248
0.248869
0.0693799
0
0.0101697
0.0192413
0
0
0
0.980451
0
1.06529
0.0331649
0.202333
0.44783
0
2.08973
0
0.0420847
0.389564
0.758031
1.94881
1.53121
1.18939
0.101513
1.17348
0.689062
2.84374
5.59538
3.21463
3.39487
0
0.0186506
4.76569
1.74073
0
0.070666
0
0.303981
9.04665
4.38868
2.24874
2.28464
0.0448019
1.72947
0
0
0.00427517
0.986172
1.50151e-05
0
0.00752232
0.137727
3.01995
0.102275
0.338942
0
0.0128521
0.000104306
1.23778e-05
0.103787
0.00203681
0.885694
0.973294
0
0
0.00102668
1.18678
0.104661
0.0242771
0.243209
3.54799
1.2096e-05
5.36988
0.0227302
0.731674
2.16654
0.100526
1.42471
0.716646
0.344035
2.31072
0
0
0
0
0
0
0
0
0
2.23279
1.23267
0.00317447
11.8211
1.85408
1.18554
1.10366
0.571884
0.660568
0.264701
0
1.66519
0.0743324
2.37039
1.29986
2.24385
0.935383
1.22133
0.220504
0
5.49066
0
2.76319
0.0251816
0.268038
0
4.21707
0.770885
0.944102
0.405068
0.46615
6.08062
0
0
0.0864955
0.20971
1.16413
4.12409e-05
0
0
0
0.552451
0.000282091
0.46962
1.07251e-05
0.431135
0.431311
1.78125
1.14436
1.39932
0.994993
1.56808
0
0
1.36527
1.6632
0.289261
0.0685615
0
0
0.0105981
0.384582
3.47286
0.990155
0.0257641
0
0.570264
0.845226
0.000470003
1.36863e-08
3.10093
0
0.258541
2.07981
0.00293119
0
5.31088
0
0.0166453
0
0
6.82538e-06
0.557198
0
2.26026
2.18865
0
0.0314655
0.0423892
0
8.71504
0
1.56222e-05
0
0
0.0343725
0.998751
1.91829
0.918427
0
1.1812
0.898055
0.866324
0.0145656
0
1.90623
3.12053
1.28946
0.50482
0.000495735
3.58813
0.00191013
0.036854
0.60965
1.23164
0
0.133339
1.64485
1.88694
1.56556
2.43707
0
3.41927e-05
0.22639
5.75499e-06
0.850424
0.00318929
0.0904131
0.0219528
1.15964
4.31047
0
1.03625
0
0.0740838
0
0.00334575
2.95524e-06
5.47847
3.86052e-06
2.24464
0.920134
0
0
0.949255
0.0269016
1.06473
0.00632082
2.02385
0.456501
0.000604396
0
0
0
4.34448
0.117343
3.31205
3.23165
0
0
1.62833
0
0
6.1413
2.51861
3.91978
0
0.26321
6.62794
0
0.788619
1.51753
4.57682
0
0
3.69902
0.0268422
0.0028341
4.14611e-07
0.992599
0
0.0489748
5.43705
0.200365
0.0772927
0
0
5.03514
2.41738
0
0
3.73912
0.434011
0.199685
0
0.00473964
0.87918
0.000845726
0.000464389
0
0.0945006
0
0
0.454464
0.00215674
2.76543
5.36313
0.00164691
0.270981
0.000141125
0
0
0.000581548
2.94668
0.130195
3.95025
5.76363
0
0
0
1.47615e-07
0.0956822
0.833146
0.599766
0.520554
0
0
0.109192
0
0
0
0.640426
0.405301
3.6148
1.04244e-07
0.0635693
0.971723
5.80196
7.6964
0.853123
5.19383e-07
0
1.37512
0
0.858906
1.26658
0.936772
0.315316
0.152754
0.0630755
0.00893552
0.756536
5.17199
1.91762e-05
0.405111
2.52316e-06
0.471776
1.85076e-07
0
0.111586
7.70304
0
2.08144
0.043423
1.68154
0
2.9225
3.77367
0.650277
2.21834
0
0
3.66575
0.178764
1.46045
0
0
0.921853
2.3089
2.81104
2.89179
0.712217
0.228831
1.98171
5.63638
1.41115
0.671971
9.77668
0
19.5586
1.65761
0.0547317
85.5119
0.257226
1.06406
0
3.31144e-07
0.222102
0.00765923
3.00797e-07
3.93203
2.39738
0
0.225195
0.344504
1.51767e-06
2.68964
0.0590759
2.8208
0
0
0
7.53106e-07
1.01951
2.13897
0.0130576
1.17752
2.42677
2.10366e-06
0
0
0
0.207805
1.47368
1.38625
0.523416
2.35064
2.20907
1.75036
0.215122
0.0834079
1.37285
1.07189
5.3539
0.0342181
1.69103
0
0
2.13987e-05
0.00596334
0.264523
0.728996
0
0.00317354
1.02335
0.97357
0.234755
0.842773
2.44296
4.31337
0.0481265
0.0432187
3.00262
3.2721
0.0817905
2.22681e-05
0.890268
3.09044
1.81088
4.4958e-05
0.180539
0.481779
0.269527
2.54411
1.30415
0.778667
2.88508e-06
0
0.511313
0.0200152
3.97304
0.0478659
0.84979
0.0336989
0
0.0215306
0
0
0
2.28593
0
1.04347
3.33795e-05
1.34509
0.165789
0.0024534
7.5306e-08
0
1.05229
1.92374
3.54792
0.22889
0
0
1.54021
0.961647
0
0
0.555668
0.730816
0.956336
0
2.24387
0.057589
8.8136e-05
0.622823
0.59173
0.220664
0
0
0
1.52639
0
0
0.73468
0
0.719111
0
0.172298
0
1.7478
1.37093
1.74407
0
4.23275
0
1.13433e-07
0.0220296
0
0.0185385
0.023949
0
0
0.00427543
0.0685285
5.15321
1.23301
0.00200569
3.70507
2.76865e-09
0.196817
1.90924
2.15544
0
0.0715208
0.986025
2.71661
0.0195874
0.0168863
1.42699
0.318846
0.0169257
0
0
0
0
0
0.704704
0.540087
0.0152575
0
9.06072e-06
0.00518233
0.698708
3.64421e-07
0
0.086638
0.011675
6.16453e-05
0.268333
0.0316411
0.00050791
0
0
4.7273e-06
0
0
0
0.862496
0
7.14694
1.36202
0.0359037
0.121099
1.43752
0.200666
0.187535
0.0941764
0.101956
0.895851
4.9558
3.66924
2.17
1.97364
2.92027
3.55122
0.0205773
0.439323
4.23984
4.99573
3.0102
3.01952
0
0.63623
0.00645559
0
1.8628
0.0209766
0.962162
0.0146903
0.0090642
0
0
0.00100151
0.348358
0
1.02025e-05
5.72688e-06
0.442077
0.0706405
0.00294378
0.347997
0.0217137
3.63979e-06
0
0
0.0493715
1.96801
0.0720513
0.174424
0.777847
1.7055
7.90902
0.014892
0.166829
3.35601
0.438101
0.00286808
0
2.58935
0
0.0186475
0.24093
0.000640309
0.027392
0
0
6.93876e-07
0.926962
0.0056863
0.814327
0.000840706
0
0.0383201
1.6796
1.84409
5.78067
0
0.00974315
2.10228
0.70328
0
0
2.7391
0
0
0
0.710247
5.58198
0.0422465
0
3.20738
0.205579
7.07202
7.87966
0.801138
1.07991
0
0.574434
0
0.0914608
0.319833
0.092383
1.08344
0
0
0.123575
0
0
0
0
0
0.201991
0
0.00200899
5.20969e-06
0
6.68652
0
3.03045
7.02563e-07
0.302432
0.474438
0
0
0.106474
1.44845
0.00877348
1.00404
3.58282
0.623522
0.410273
0.0001343
4.4824
2.47883
0
0.0149937
0
0.000566807
0
0.593243
0.735481
6.73068e-05
4.25503
0
17.7171
0.107061
0.690954
0.145186
0.66978
6.97952e-08
0.00232525
0.929616
0.0395355
0.0316664
0.122033
0.910419
0
0
0.0481924
0.0234038
0.525646
3.01786
0.163948
1.82635
0.0203258
1.33209
0
5.92667
5.54302e-06
2.41481
3.06596
0
4.13108
8.79393
0
0.445512
6.98217
14.4885
0.544417
0.10538
0.0260369
4.26154
2.27925
0.212173
0.0324282
0.514487
0.0203602
2.17431e-07
2.51793
1.68525
1.89756
0.108414
0.176023
0.409907
0.745686
0.127447
0.000467444
0
9.7669e-08
0.00629744
0.0118686
2.99227e-05
1.25961
0
2.39107
0.000439991
0.073411
0.872947
0.160005
0
2.68234
2.37644e-06
0.649972
0.202237
5.31084
1.56887
6.75302
2.26828
3.3217e-07
3.93385e-07
4.57204
2.10905
8.48326
1.66892
0
0
2.00434
0.000134157
0.0749156
0.870114
0.845029
0.0220596
0.332086
0.000841609
0
0
0.493066
0
0
0.859735
0.411554
2.11269e-05
2.94527
0.0126565
0
0.48789
0.028487
0
1.79258
1.41608
0
0.614173
2.70261
0.336401
0
5.44488
0.563404
0.00446546
0.716651
0.0308319
0
0.00414612
7.52149e-07
0
0.373081
0.027661
0.885692
0
0
0
0.843551
0.0133057
4.50372e-09
0
0
5.76926e-05
0.0459011
0
14.6042
0
8.45111
0
0.993396
4.28361
0.0407304
0
0.0793874
0.00495917
0
6.82534e-07
1.65269
0.0032983
1.1575
0.382178
0.0633538
0.016381
0
0.0731352
0
0
0.000103792
0.00822723
0
0.21246
0
3.54492
0.161267
0.212541
1.25747e-06
0
0.911775
0.0995234
0
0
0.0141676
2.07513e-05
0.785856
0.133382
0.123797
1.16611
0.718423
1.09449e-06
0.0595035
0.141052
0
1.71174e-07
0.335962
0
0.000110588
0
0
0
0.0463073
0
0
0
0
2.70266
0
0.498236
0.00167454
0
0
4.469
0.00538645
0.295273
0
0.000162549
0
1.81573e-06
0
0
0
0
0
1.94287e-06
0.00128006
6.89809e-06
3.96201
0
0
1.33104
5.08517e-06
0.0023779
1.90462
0
0.0129244
0.02578
0
0.00410987
0.211331
0.575534
0.0303076
0
0
0
0.0192465
0
1.09372
0
1.77838
0
0
0.016716
0.570182
2.39501e-06
0
0
4.62888e-07
2.5216
1.46619e-05
0
0
0
0.00867374
0
0
0
0.0050221
1.07996
0
3.72265
5.11236
0.747067
5.34063
0
0.494616
0.98066
0.0469028
0.187528
0
0.648356
7.9626e-05
0.163124
0
0
1.42517e-07
0
8.53819e-08
1.04847
0
0
0
3.11413
0
1.94629
2.35136
0.0378588
0.157962
0.0416384
2.01729
0
0.0775601
0.141819
0
1.50569
0.221613
4.69566
5.89724
0.327501
1.40348
1.19038
2.40804
4.24482
4.38964
2.87505
0.21787
8.12767e-08
0.00257467
1.90327
0.145954
1.08581e-06
1.04237e-05
0
0
2.32311
2.43987
2.42875
0
1.96006e-08
4.05016e-08
6.71622e-05
0.101664
0.530053
1.15391
0.575422
0.895113
1.57573
3.69527
2.83466
0.154342
0.046761
0
0.569101
0
0
0.441163
1.69789
0.036702
0
4.7802e-07
0.471086
1.49705
0
0
0
0.0079073
0.0255243
0.021042
0.0108667
0.0327347
0
0.830253
0.00423065
0.11279
0.000696042
0
0.822829
0.279834
0
0.0439997
0.993481
0.837735
0
0
0
0
0
0.858206
0
0
0
0.0211984
0.0310679
1.63289
0
0.613074
0
8.06928e-07
0.0490404
0.361863
0
0.000618926
0.00598021
0.118194
0
0.566552
0.0684801
0
1.81477
0
0
0.173293
0
1.28851
0.000169103
0.0830131
0
1.03912
3.10899
5.74442e-06
7.41036
5.97312
8.9941
9.88638
15.3211
8.68388
4.83022
11.2169
3.76932
2.94903
1.9951
0.000260913
0.0199686
1.07556
0.223043
2.75455
2.90703
2.31476
2.90332
0.75836
2.60986
3.27455
5.79549
0.0916775
1.06931
2.18973
1.10829
2.99101
0.163579
0.00138947
0.087105
0.0414422
0.340662
3.82848
15.4663
2.61754
0.0071538
1.42669
2.27772
0.910816
0.0731659
0.0843772
1.28279
1.18174
0.00802503
6.93697
3.77693
3.70789
1.56074
2.28345
1.82323
0.516771
2.17532
0.0143701
2.03302
0.489533
2.75196
0
1.17582
3.67381
0.0395259
0
0
0
0.0687568
0
2.85374e-06
0.303545
2.45571
0.00125253
0
8.73268e-05
0
0
0
2.17348
0
0
0
1.76843
0
0.000186655
0.0473252
0
0.00118925
0
0.000925002
0
0.292619
1.65847e-05
0.12918
1.05973
0.238677
0.346801
0.0123245
0.000664077
0.827292
1.91878
7.86865
2.70168
1.90539
0.440244
0.0382451
1.14477
1.56556
2.00626
1.55926
2.75424
1.3039
0
1.10123
0
0.0294049
0
0.852615
0
0.202404
0.552185
0.00187788
0.156346
1.57844
1.2091
1.26383e-06
0.197014
0
0
0.670617
1.3358
5.64556e-05
0
0.856245
5.37707e-05
0.172645
0.832482
0.000113407
0
0.000867338
0
0.0220128
0
0
0
0
5.20646e-08
0
0
10.0631
0
0
0.672595
3.64968e-07
0.200962
0.288521
0
0.475631
2.25302
2.73447
1.37642
2.12954
0.611372
0.00867294
0.0220063
0
1.24522
0.471235
0.00207015
1.79093
0.438512
2.01418
1.04637
0
0
6.01916e-06
0.00011945
1.14516
0
0.000129535
0.758168
4.67887
0.135574
0.576595
0.0549577
0.000356801
0.379508
3.10873
0.843719
0.215169
0.650213
0.338666
0.00619297
4.09745e-07
2.2717
0.000115388
0.0084701
8.27685e-05
0
1.35646
0
0.921712
0.000120215
0.0658727
0.0250614
3.27458
0.67516
0.0453801
0.151372
0.793616
1.75288
0.271657
0.450356
11.8725
0.715763
0
0
0.0503883
0.348282
1.3258e-05
1.80261
4.71396
5.48411
1.93925
0.0211348
1.52958
6.36236
4.65549e-05
1.30413
0.897584
21.9703
0.438569
0.681421
0.343007
0.71646
1.18051
2.43598
2.92368
6.44917
0
0
0
0.00093413
1.67811
0
0
0
2.42642
1.02108
0.216517
0
3.73978
0
0
0
7.49896e-07
0.030554
0.00314731
6.72295e-06
0
0.000897275
0.307571
0.013822
0.305232
0.015694
1.67122
0.660681
0.0194155
0
0
0.99589
0.00231735
0
3.7362
0.0602187
3.21591
0.00649415
0.0657886
0.176817
0
0
0.178661
0.0121473
0.0217357
0.000483857
5.92978e-05
0.066867
0
2.05734
0
3.80832
0.976404
4.50538
0
0.00234134
0
0.777352
0.00247043
0.629461
1.44241
2.07996
0
0.970019
2.16415
2.26349
1.40491
1.47875
0
1.45262
0
0.00750822
0
3.55442e-05
0.557075
0
0.208784
0.032882
0
0
0
6.69807e-05
0
0
0
0.355775
0
0.10805
0.000605803
0
0.870648
0.915981
0.0246635
0
0
0
0.825974
0.74065
0
0.536983
0
0
0
0.897636
0
1.51553
0.0712
0.595622
0.0229964
1.49705
0.568595
1.32463
0.0362781
0.00520241
0.701498
0.866559
0.000246481
0.906627
1.91796
0.263142
0.43512
1.27849
0.837056
1.67701
3.99592
0.746334
0.0338702
2.7422
2.34371
1.16572
1.17401
0.344609
1.87939
1.13472
0.0119351
0
0
0.790877
0.412755
1.20098
0.0099938
0.94693
1.99093e-06
1.45603e-05
1.63636
0
0
0
0
0
1.34518
0.868911
0.0221194
0.0071126
0.512874
0.121832
0.00389161
0
0.991002
0
4.41581
1.68918
0.132419
0.000650529
8.07826
1.22799
0.363289
1.73493
2.50249
1.37155
1.76169
0.172439
0.933387
0
2.70357
4.99117
2.39982
1.26032
0.589449
0.862471
0.317588
1.92334
0.800453
2.77655
2.79632
0.984462
0.180406
1.83806
0.000411198
0.958624
2.41655
0.0500326
1.38526
3.17677
2.23569
1.96174
4.13408
2.98877
4.06672
2.82267
1.98753
8.01469
9.96334
2.755
3.71115
2.98028
0.260468
0
0
0
2.76381e-06
0.159834
1.82923
2.00947
2.54709
3.93671
0.844622
1.89504
2.21499
4.01653
2.64066
2.81728
0.500654
0.000874524
0.00166986
0.662528
1.24817
0.000628892
0.138097
9.18443
0.0146617
0.00786301
0
0.000102774
0.213747
0.0373836
1.64823
0
0.622079
1.07093
0.954725
2.28824
1.12046
0.859288
0.601598
3.85889
15.8384
2.64271
6.96827
1.51031
0
1.11452
0.643642
0.0164691
0.482333
1.13896
2.59877
0.911456
4.87675
3.58996
1.68556
0.687204
1.85117
0.237267
1.04982
6.24704
0
0
0
23.1357
3.80705
2.98107
0.377721
16.8854
1.39145
1.11059
0.399576
0.0642199
0.0990617
2.82006
0.483742
0.925092
2.41206
0.568278
0.752089
0.972737
0.464428
0
3.91745
3.11894
0.990146
0.861067
0
0.872683
1.55857
0.130778
1.47548
8.47008
0.598181
5.35336
1.00064
0.125617
3.58613
1.58952
6.28223
2.41847
3.29542
1.03062
2.02539
0.139612
17.2077
1.45778
1.54464
1.01005
0.571689
2.78371
0.00259913
0.639287
0
0.87263
0
0.193819
0.530012
1.15646
1.58666
0.997549
1.83699
2.01434
0.79341
0.960041
0.803697
3.80788
0.659701
0.478394
3.33015
1.71188
0.843178
1.13477
0.71489
0.0760202
0.112578
2.57698
1.67477
0
1.76788
0.0847142
3.37017
1.23337e-08
2.89084
0
0
0
0.951491
0.00905127
1.03989
0
0.0318693
0.841253
0.58787
0.00197653
0
0
0.0486199
0
0.0417148
1.7159
0.135382
2.54508
0.00289513
0.572338
0
0.523004
0.407451
0.510275
0.00597882
0.0320553
0.627366
0
0
0.703678
0.00197255
0.546279
1.02145
0.0915342
0.274332
0.552491
3.36807e-06
0.940235
0.319228
0.715745
0
0.364273
2.25984
0
0
0
0
0.0136862
2.74982
1.27371
0.0037049
0
0.000166066
0.0977823
0.000448041
0.413489
0
0.149095
0
0.822912
0.0938331
0
1.2062
0
1.05035
0.100517
0.824439
0.311308
0.619085
1.14764
9.51634e-06
0.368818
0.582331
7.62984
0.341099
1.50797
0.0414974
0
0
0.862431
0.746135
1.30365
0.0360403
0.0259619
0.990446
0
0
5.15381e-05
0
0
0.12493
0
0
0.298329
1.46064
0.500157
0
1.71099
0.569415
0.0521771
1.48506
4.79993
0.000212577
3.4762
0.000116043
1.71739
3.14194
0.469752
0.939992
0
3.06395e-06
0
7.08528e-06
8.25935
0
0
0.637493
0.648683
0
0.282631
0.03474
0.0274365
0.0781788
0
0.801947
0
1.26529
2.39148e-07
0.920266
0.0349249
0.0349232
1.6574e-08
0.831125
0.000661811
0
0.0385861
0
0
0.306088
0
0
0
0.00575255
0.151848
0.0110683
2.18524
1.21769
2.3838
0.311725
0.0860706
9.25015e-07
8.42585e-06
0
0
0.749818
0.143238
1.32135
0
0.00566973
4.38785e-07
0.992174
0.98592
3.33673
8.01231e-06
0.898293
0.355038
0.184689
0.00721291
0.132807
0.944858
1.68548
2.93865
0.442281
0
1.91056
2.17415
1.42958
0.591889
0.000407346
1.01323
0.361833
13.8213
0.000389195
28.6074
24.299
3.22216
0.00214764
1.43188
0.145526
0.000682989
0
0.185555
0
1.42634e-07
0.601882
0
3.17021
0
0.231173
0.00177588
0.575088
0.433149
0.673142
1.18567
2.85614
3.70855
1.77779
0
0.405884
0.332317
0.218076
3.12328
3.86076
1.66862
0.150983
0.915961
5.27996
0
0.829959
0.913709
0.345306
0.00144044
0
0.304281
4.55686
3.19679
1.48661
1.7294
0.054074
0
0
1.49809
0.798429
0.0965504
0.264337
0.0242334
0
0.0191529
0.421199
0.0717776
0.696796
0.042947
0.0506743
1.10085
1.04939
0.0508478
0.0452155
2.8884
0
0.790631
1.88747
5.51724
3.42999
4.68629
20.7008
0.184868
0.0335816
6.78524e-08
0.882806
0.0824065
3.06117e-07
0.529786
0.210614
0.367822
2.00766
0
0.851498
2.23846
12.7701
0.0128986
0
0
0
0
0.0963662
0
0.669345
0.779794
0.00226399
0
0
1.06735e-07
0
2.55064e-05
0.456574
0.742451
0.00105838
0
0.0560503
0.918518
3.72722
0.752525
2.01184
6.35148
2.79245
0.0105974
0.00452189
4.34631
0.891155
5.57544
0.758917
0.00480013
0.0855767
0
0
0
0.0795153
0.918571
0.21673
0
0.660324
0.0643651
0
0
0
0
2.38488
0.733483
0.863636
0.0234546
0.0128926
0.905239
0.40555
2.52649e-07
0.0132054
0.908277
0
0
0
0.00201019
2.03804
0
0.586453
2.91665
0.851817
1.82974
3.69472
2.66334
5.47704
0.0248931
1.02102
0.994601
0.0275859
0.562192
1.53
0.547492
0
1.75892
0
3.73137
1.29603
1.80683
2.81229e-08
1.22034
0.000449729
0.0268279
1.63322
4.0452
0.127342
0.16357
1.05084e-06
2.72084
0.407033
4.24107
0.96882
0.941872
1.15263
2.19566
1.17576
0
0
4.19716
0
3.73591
9.14742
0.116759
0.0160089
23.9895
14.3703
0.654861
0.0208737
0.026233
2.53429
2.42785
0.0764017
0.122075
5.39507e-06
4.12708
1.47092
2.83717
1.29605
1.26156
0
0.754883
0.274361
3.13536
1.86395
1.22219
5.90882
1.68969
1.44027
0.477924
2.74093
1.80055
1.91926
1.88958
0.930338
4.1565
1.39141
0.0977089
0.438743
2.56143
0
0.528455
4.99945
1.05929
0.154725
0.927596
0
4.92713
11.8131
0
0
0
11.9212
2.39121
3.42394
6.79961
0.040942
3.60131
0.883917
2.18906
1.04928
6.33218
0.891305
0.256208
2.40808
11.4862
1.43127
1.84868
2.17176
0.600662
3.173
1.03997
5.08611
6.22985
3.90792e-05
3.46021
1.97238
1.14372
0.656722
0.119402
3.62197
7.9445
3.6387
0
3.58501
2.33226
1.49913
0
1.32504
2.6787
0.164102
0.942303
1.48433
0.591164
1.10183
0.0923631
0
0.480429
0
1.84571
0.0691886
0.68907
2.68633
0.962457
4.89277
2.92016
0.0422862
1.46359
0
2.09162
2.58425
2.0236
1.53545
0.498654
3.01531
3.50576
10.9953
1.55781
0.550552
1.81022
2.61541
0.261755
2.09248
1.19324
1.06963
0
0.471213
0.740863
1.9249
0.245694
2.47406e-06
2.25888
0.824055
0
1.67056
1.01019
0.0132954
1.4679
0.0305075
0.00430671
0
2.4806
0.00208034
1.13444
2.60004
0.774039
0.889631
0.018292
0.0393351
0.00736212
1.97629
4.63522
0.528124
1.70089
2.42006
0
0.773177
0
0.00261692
0.0161973
0.181483
6.99701e-07
0.0727121
0.344861
0.627799
0.026884
0.904093
0.761098
0.190824
0.877038
0.0574109
0.836184
0.363395
0.812781
0.812247
1.91451
0.0607273
1.05799
1.52707
0
2.28262
2.4707
1.69361
0.482825
0.000448878
0.1814
0
0
0.17396
1.63292
1.17225
1.04007
6.0403
2.07739
2.42635
1.99077
0.096602
0.0410241
0.569091
3.12369
0.591842
0
3.6529
3.09701
0.921551
2.83892
0
1.82482e-07
1.08346
2.20591
5.47137
1.12228
0.00159378
4.19685
0
3.46337
4.55183e-07
6.85218
0
1.95554
7.97235e-06
0.200167
0.918512
1.80989
0.000314255
0.111626
1.08801
0.0182073
0.311139
0
0.961662
0.729553
0.764698
0.973386
0.00116503
0.0844427
0.331501
0.00710891
2.30516
0.252323
1.09233
2.12825
2.40847
1.99126
0
0.0296348
0.0359164
0.512457
0.694889
0.795701
1.17853
0.417085
1.58785e-07
17.4309
2.5893
27.5682
0.563384
7.42497
0.862189
2.06046
1.60347
6.9857e-09
0
0
0
0
1.29134
0
0.0261995
0.707214
1.03968
0
0.573155
1.27434
0.578612
0.00925109
0.737147
2.82716
0.00184955
3.59814
3.02684
0.327062
1.22293
0.00908916
4.64094
0.756007
6.74976e-06
1.25433
0.0038071
0.198777
2.39911
0.0977082
0.000967488
0
0.94903
0
0.406366
0.457
2.4335
0
0.45161
1.04756
1.0969
0.527012
0.95441
0.102713
0.0165557
4.75878e-05
0.208188
0.943628
0.883616
7.51458e-07
0.465864
0.242933
0.0754315
0.781561
0.00573962
0.697213
0.187094
4.02319
0.667278
0.000467868
0.192567
3.86113
0.59866
1.55669
0.00640257
9.93253
0.909721
0.999902
1.58497
0.0171099
0.257973
2.21635
0.873211
1.56225
0.0642102
2.43468e-07
0.00961202
0.812053
0.838398
19.6594
0.00520258
12.3603
0.790558
0.00306915
1.45128
1.7114
0.0205736
0.786608
0
0
0.944636
0.00414206
0.0576909
0.00444666
0.0252627
0.822075
0.0154938
0.11983
0.146768
0.00038973
0.542616
4.65806
4.66911e-05
0
4.07669
1.03174e-07
0.184884
0
0.120757
0.00649803
0
0
0
0.0291965
0.813129
0.0409898
0.0192894
1.4091
0
0
0
0
0
0
0
0.874213
0.854708
1.66177
0.0722856
1.71354
1.26532
0.0401522
0.9169
0.631147
1.93978
2.2875
1.56732
3.28761
0.699187
0.764909
0.433956
2.81852
1.38141
0.115812
0.118719
9.62481
1.36024
1.59285
2.15443
1.6877
0.677489
0.0647983
0
0.0136762
0.927216
1.45079
0.680567
0.315637
0.886075
0.421189
3.33663
0.0801159
0
0.542925
0.539256
0.0294471
0.708044
0.943468
0.08947
0.0893379
0
0.551142
9.88166e-08
0.924849
0.326919
0.539413
0.975797
0.0575774
2.18608
1.2787
0.0673316
0
0
0.817215
0.00999245
0.0245978
0
0.00158172
7.60391
1.80048
0.0702073
0.924015
2.04068
1.02704
3.38354
1.71572
1.6986
1.35609
0
2.34317
0.469848
0.00148682
1.12371
1.55517
0
0.652323
1.71928
0.253565
0.00134559
0.952159
0.291297
0
1.74011
1.45236
1.22222
2.1887
0.102475
1.05827
1.89734e-05
1.00039
0.00292775
0.0607396
1.03137
2.19321
0.0157986
0.000259001
1.40807
0.0102093
0
0
0
0.991976
0.0443705
0
0.895875
0.300405
0.00680308
0
0.0821467
1.18315
1.9475
0.437247
1.83976
13.8088
0.135896
8.58879
0.28799
0.31688
0.31434
1.74742
9.44596
0
6.95937e-06
0
0
0
2.61634e-08
7.29843e-09
0
0.832533
0.235825
0.623771
1.00598
1.08146
6.46709
5.76108e-05
3.01129
0.251293
1.03924
0.674837
0.0274445
0.14235
2.4342
0.976022
0.581262
7.75669
4.60306
1.00813
0.885109
3.74859
0.548225
3.5839
2.67144
2.27133
1.47971
2.13733
3.71342
0.159631
1.68679
5.91677
0
0.000281162
0.648528
0
6.90886e-06
9.98391e-08
0
0
0.0261706
0.025537
0.00846035
4.72603
0
0.24058
2.16225e-08
0.983863
0
2.91013
0.38854
3.33096
4.47399
5.67306
5.62723
1.98652
0.861893
0
0.0133756
0.723313
0.00553072
1.16482
3.11112
0.0226066
0.605917
2.93416
0.0667954
0.626305
1.75799
2.12498
1.59545
0.69822
0.00295057
2.31835
0
1.25285
0
0.527382
0.682181
0
1.11484
0
0.0657086
5.64256
0
1.26849
0.493851
1.09148e-07
3.18736
3.97932
0.0213992
0.129615
0.821098
7.74836
0
0
2.66661
0.000262311
0.965568
0.813101
3.9576
0.0467418
1.84158
0.971805
0.811296
0.801674
0.00266972
0.0710774
0.881952
0.524195
0.0838122
0.89755
0.904854
0.0131446
0
0.0956381
0.288006
0.439104
0.758623
0.489242
0.852415
0.00259886
0.384205
1.49218
0
0
0
0
0.021031
1.47509
0.00173504
0
4.6487
0.00678249
5.03719
3.90837
0.877617
1.4336
4.37628
0
0.830318
0
0.932586
0
0.041773
5.01947
0.0313942
0.16785
0.288945
0.864899
3.35613
6.33154
1.14908
2.65169
0.0370838
0
1.80933
5.75185
2.07508
0.432375
3.59379
0
0.0874663
4.60313
0
1.28899
4.98503e-07
0.0380834
0.998139
0
0
0
0
0
0.0519038
0
8.188e-05
3.70039
3.5533
2.47701
0.247274
0.219903
1.77847
2.69684
0
1.65369
5.27791
1.90835
0
0
0
0.00931569
0
5.22035e-05
2.27646e-05
3.10393e-05
0.403126
0.256231
1.09185
0.00182653
1.23723
3.9642
0.872652
0.90825
0.29063
0.0223131
0.538661
0.016641
0.749551
0.0187999
0
0
0
0
1.52872
0
0.921663
1.52545
0.0322619
0
0.237129
1.75322
0.120483
0
3.98343
5.26618
0
0.913009
0.711355
0.0155123
0.753786
0.0788378
0.181436
0.419114
0.00450114
0.11927
0
0
3.17401e-05
0.00015565
0
0.0117387
0.0446847
0.371639
5.11937e-07
1.23216
0
0
0
0.000133811
0
0
0
0
0
0.0446587
0.864628
0
0
0
0
0
3.11793
0
4.06866
0.0769103
0
0.054565
0.869969
1.94361
0
0
0
0.00212704
0.0159117
3.11395
1.0101
1.44275
0.862703
0
0.230381
1.62658
0.201494
0
0.111133
1.14668
0.230975
0.00727636
0
0
1.16605e-05
0.0489148
0
0.000740077
0
1.18685e-05
1.86142
1.04607
0.758074
2.03682
2.41869
0
1.15517
0.228511
1.12937
2.29763
0
1.61231
7.2553
0.269145
0.0053259
0.783096
2.01261
0
0.0901806
0.000244919
0
1.05984
0.326327
0.388553
3.20731
0
2.23743e-05
2.05995e-07
0.556898
0
0.00538977
3.03896
0
0
1.7804
0
2.38001e-05
0
8.73694e-08
0.371721
2.23803e-07
0.716085
0.216903
1.91671
0
1.7273
4.47159
2.0919e-07
0
1.06712
0
1.60986
0.82721
0.234381
0.024972
0
0
6.28506
0.213562
3.71634
0.127498
4.05663
4.09124
3.285
1.13076
0.0244896
0.0111604
2.43002
0.291586
2.81063
2.52817
0.738584
2.93737
0.226148
0.714961
1.3322
0.00033021
2.12539
0.0236814
0.0564526
2.64418
0.643708
0
1.48211
0.947463
0
0.41337
0.398512
0.513643
3.07908
0.627833
0.613481
5.26984
1.5271
2.32048e-06
0.896212
0.726734
0.433614
0.447255
0.374223
0.805307
0.00819936
3.36372
1.32922
0.0209703
0.125357
3.51023e-08
0.243057
1.87037
3.69696
3.36765
0.0544133
0.359224
1.56204
0.507102
0.733915
0.479787
1.03068
0.596124
0
0.0440459
1.22838
0.169428
1.80298
0
0.00396971
4.00526e-05
0.370711
0
4.49148
0.000579356
0
0.0181529
1.05222e-06
1.43917
4.58186e-06
0.993879
14.1758
0.0078685
0.626835
5.6071
1.80238
0
1.79167
0
1.08315
8.49441
0
0.0015967
0.924356
0.170513
0
5.21996
1.3308
0.00137122
0.0672236
0.894631
2.72619
1.97258e-05
0.221448
6.60847
0.971507
0.433266
0.61299
1.03911
1.04487
0.784712
0.0215603
1.38713
10.6137
14.7038
4.77462
15.2614
7.98341
2.16988
0.500506
0.483816
1.87016
1.41147e-07
1.69945
0.103681
0.893791
0.47014
0.965853
0.511904
0.558689
0.630408
1.03772
7.50275e-05
0
0.588294
0.793286
0.0690081
0
0
0.199265
0
0
12.9587
6.78454
2.6612
0.952856
7.82128
4.89352
0.000802232
0.0880968
1.0648
0
1.21663
0.582974
0
0.0457975
0.0921619
4.00119
2.70092
2.49693
0.70004
3.21822
5.12588
1.34386
25.4484
1.72793
3.61984
1.97817
3.96901
0.832513
0.0115005
1.38566
0.000149361
0.261958
0
0.225504
1.34308
0.0414526
1.35551e-08
0.412263
3.58921
6.88392
2.55976
0
0.266216
0
0
0
0.0139012
0
4.21487e-05
1.95021e-07
0.0415991
0
2.76209
1.73764
3.09099
0.186782
1.10458
0.78577
0.0257335
4.68279e-05
2.86179
0.112615
0.0281383
0.282958
0.296077
0.779551
0.898013
0
2.68493
0
1.61301
0.0752835
0.359863
0.124376
0.5984
0.630562
1.31809
0.00111601
2.70065e-05
0.0310857
0
1.13575
4.25397
0
6.01042e-05
0
3.27923
0.0362207
0.0212234
0
0.0615847
3.36859
0
0
1.75574
