19.2364
10.5758
10.4374
0.681156
2.01469
38.9463
0
12.195
28.9286
7.44143
23.2864
0.959759
0
2.73983
36.7531
3.83107e-05
10.5361
15.1439
21.1706
7.62698
52.2222
0.103172
0.16847
0.931813
1.56792
2.12553
7.58371
0.635055
7.94286
1.72559
1.12604
0.00361765
1.4246e-07
0.908639
2.00051
0
0.262147
21.5419
3.73365
7.26854
21.2445
55.9243
4.19024
18.4272
2.50293
5.02696
5.06208
1.2046e-06
0.00023018
0.925855
3.20086
9.6698
20.8149
3.72684
12.3998
0.565046
28.9032
7.1789
0.695071
0.188319
91.6267
0.316905
56.6369
4.01181
63.4019
0.00472428
23.169
9.89417
11.0103
1.19804
10.8044
0.105333
9.8049e-05
0.0400203
2.44159
4.46129
38.6228
14.2148
0.605017
0.267659
0.401267
3.0462
0.805876
0.850696
5.96855
3.02377
1.57656
2.02913
0.889315
0.0509093
15.1614
0.894653
2.02079
2.7586
2.49004
2.02211
3.2681
2.98676
1.35059
1.35057e-05
5.24015
42.733
2.30836
5.95529
3.74249
2.57104
3.37365
6.32869
0.988954
6.72109
4.89107
0.346704
4.72356
2.84427
1.34281
2.33695
2.42034
4.26583
1.86235
2.68869
0.610353
1.65516
4.07288
4.42103
0
5.95801
2.94264
0.0733491
0
0.442155
3.98759
0.478562
1.64213
2.52126
0.715439
2.04164
0.223102
0.955079
0.233304
1.12572
0.0316226
0.573171
2.88915
4.19856
1.80366
0.378193
0
0.00338551
10.3299
28.8248
1.50604
1.20785
0.136953
0.197729
6.93911
2.68711
10.0807
18.6495
6.63765
0.739286
5.31585
19.0172
0.953733
0.150103
1.80256
0.41611
3.23279
12.0288
0.34499
0.182491
3.57724
3.65669
2.20721
2.93592
0.89672
0.481404
0
0.312565
0.00147414
0.174892
0.0662749
14.6904
0
0
12.0136
8.8193
17.9555
4.57563
17.5781
63.8946
27.9767
21.7487
24.7243
22.4863
2.91605
0
11.0812
4.0806
8.24722
17.1732
33.4086
44.1772
36.2222
31.4325
13.0385
3.93052
11.4445
0.638381
33.0783
3.80767
25.1815
24.0022
3.53008
24.7019
45.8612
27.7311
6.03117
32.115
25.1578
15.1893
0.0542178
6.24342
40.7505
0.401763
21.0928
30.2808
18.8787
16.1715
13.1225
0.92745
0.995537
5.40224
11.1746
1.31059
6.46513
3.866
16.9613
1.49665
5.23822
6.17389
5.47665
1.43265
2.94484
1.79949
0.11025
3.84412
0.0501007
0.660105
1.1957
0.677893
1.00027
1.76109
2.60033
0.773813
0.0239847
0.0111963
0.280469
2.29458
0.408015
0.931796
0.908423
0.804446
1.04557
0.1628
0.17641
0.652437
1.03761
0.0429855
0.901938
1.11794
2.35915
0.0237392
2.71498
1.96294
0.373447
2.07372
1.76135
0.0913292
4.70676
0.172531
9.0194
0.0773189
1.06216
2.48018
0.00763719
0.418282
1.87335
1.03117
2.00595
13.8031
0.881466
1.65216
2.4765
3.93776e-07
1.2258
0.0854496
1.92358
25.012
2.93111
0.103582
1.17424
1.00173
4.84303
6.19318
4.0118
21.2095
13.4141
2.05494
1.15009
1.50816
1.56987
1.15756
2.89323
2.28301
16.9037
7.30724
9.72521
1.41755
6.67762
0.590592
0.647945
1.45663
2.72392
4.10146
28.2081
23.1546
18.7266
0.963418
0.964766
0.099781
0.0254133
2.34465
0.536253
4.6698
3.08087
5.30424
4.04358
7.01312
16.871
0
39.2152
2.15952
18.4494
0
0.529834
2.82098
1.55321
7.29216
3.64797
2.43223
2.51566
3.35091e-07
20.8793
9.28503
0.121957
1.1914
4.63755
0.766885
0.358452
1.51159
1.3969
40.6932
0.282873
2.48339
4.25342e-08
0.935928
0.0191429
0.851384
0.276497
0.499166
0.0619544
0.0123201
13.6648
1.63727
1.52643
3.45056
0.959442
9.06975
9.5457
6.28231
11.2556
0.747575
0.000242921
14.3106
48.2189
12.4172
11.0672
39.4522
4.4001
2.86887
4.03588
1.47287
6.84064
4.51146
0.052074
9.75844
15.6795
11.9294
9.54428
31.9384
35.8741
38.7047
19.6128
12.5334
23.8229
14.8384
12.547
10.2849
9.37272
2.79399
11.4984
3.05546
9.40238
43.1302
1.69294
4.11758
101.056
60.8646
8.29319
1.59818
5.22021
0.120683
0.00302815
3.40626
3.35489
11.1373
50.3413
1.91439
8.563
16.0982
1.83013
1.28436
2.25124
4.49824
7.82099
10.9969
11.0363
1.17279
2.56092
4.58959
0.565042
3.45879
12.0891
24.6695
13.1996
0.0978139
0.0368844
0.416474
2.90524
0.568547
2.36201
3.93807
71.1531
1.71656
17.134
8.12381
46.8348
24.444
14.7965
8.82765
4.06317
0.632094
0.70051
1.08118
3.70308
1.54916
1.05974
6.50884
4.58508
2.1134
1.05231
0.107116
0.554399
0.00919703
3.18721
1.43314
0.302946
8.49439
3.72906
6.64157
14.6421
9.78876
1.76094
22.691
19.5982
11.5456
21.1702
1.05486
0.0473348
3.61558
26.6963
67.0996
13.1156
0.0342209
1.32948
20.6929
1.10647
1.91154
0.784069
0.0707919
12.2141
85.3835
28.8879
12.3786
80.9976
24.6203
6.37445
21.5756
0
31.0717
0.454014
7.74286
0.277339
11.1654
24.9178
16.9196
21.8124
1.40315
15.1554
9.62667
3.62219
7.69374
7.65822
0.0831059
0.463798
38.6972
0.0897189
2.09509
5.10404e-07
2.00123
1.16719
13.0273
1.26941
5.57657
0.267808
3.85978
1.14006
2.40574
1.02475
14.8238
4.33208
0.0160992
6.31987
31.3125
2.74969
0.642528
0.434619
0.997653
4.26548
9.19577
22.3781
30.7024
0.51455
29.7697
0.00399449
14.1871
92.0449
64.7758
44.0959
56.0998
17.7962
3.2891
0.0107061
15.439
0.351031
0.0492363
5.14631
0.214644
5.5901
3.73753
4.48925
23.6909
0.840588
0.758774
1.06786
0.487503
1.00828
16.0297
33.4804
0.501695
0
7.36441
0.32877
3.97525
4.61853
2.68216
12.0683
2.59661
6.8896
7.83653
2.78162
1.77108
17.2266
2.27042
13.4518
52.4005
80.4422
3.82467
1.17586
15.5592
24.3434
52.2689
38.2915
1.99767
9.72519
45.8874
0.939146
0.398502
0.359834
3.69519
0.103517
0.885863
41.4212
10.4593
0.899827
0.908109
2.23895
1.30238
0.978934
0.501313
1.9003
6.5332
1.88458
4.03663
2.48459
0.317184
4.40526
0.541095
0.0699212
0.436742
0.105647
0.0496083
0.00114638
4.51738
32.4271
3.19939
28.3244
2.41985
13.1594
0.716649
23.0249
4.10663
3.49117
27.5926
0.0124123
9.49025e-07
0.804648
1.34779
13.2386
18.9004
0.0951718
14.7845
0.00273845
13.8565
1.50787
5.62636
16.8492
0.881396
1.58345
0.09405
0
0
0
1.56209
0
29.6439
19.6762
35.3479
20.0054
11.3559
1.06956
3.96489
10.9643
46.0979
26.6924
0.927956
9.86164
0.0773619
11.5587
8.02702
5.75855
0
43.4304
4.89596
1.5451
4.40488
0.0873793
0.519522
0.435461
2.19332
0.583875
6.13521
6.3311
11.1427
22.8531
0.408113
7.1872
0
0.801146
0.497971
0.533695
0
0.420134
0.61964
0.85082
16.1677
4.03315
3.33563
3.51301
0
14.7451
1.10977
2.39432
2.60629
30.367
11.7426
13.9136
10.2976
5.94726
8.45584
9.41493
36.8238
28.3587
32.5049
35.5943
0
2.08254
57.5813
4.02915
0
6.92998
0.88055
14.2171
60.7838
11.0997
39.345
10.2438
4.50909
8.98091
0.244741
0.00347204
15.4003
4.37217
0.6456
0.644577
5.39194
2.58973
65.7057
2.07058
2.24117
0.0589386
0.00818815
0.305655
0.254305
0.218752
3.2098
23.0192
2.5809
0
0.533095
0.0014653
1.09472
2.19271
0.000323564
3.30655
9.36824
0.00986314
48.7361
0.56599
4.32964
31.9813
0.768636
31.8627
2.192
7.14084
6.26086
3.78797
0
0.987186
0.0874143
1.34903e-07
0.792203
0.995146
0.20525
0
6.90069
10.4783
0.209071
50.4413
20.0981
3.38752
16.3621
5.05252
4.5742
3.82755
0.034795
34.3574
1.82857
14.1132
2.02271
8.84325
15.3483
13.1752
3.15333
3.32897e-07
11.3106
0.91708
6.53482
0.542592
1.41195
0.298122
10.4254
6.27537
1.63721
0.231075
7.02736
27.2561
1.11379
0.0328098
0.209242
1.01815
1.05718
1.35133
1.42346
0.0107672
1.69541e-05
0.79401
2.93844
8.90487
0.277812
4.02722
5.31374
7.92113
5.95646
8.80368
2.82498
10.1714
0
0.00945051
3.15134
30.4076
5.12538
2.0757
1.48335
0.339299
1.33294e-06
11.4061
17.9168
4.9781
24.8077
0.994235
7.54785
2.66595
1.60595
0.0673269
6.69102
2.14475
0.673576
4.8694
0.00378618
0
6.19351
2.30921
0.351997
1.09439
3.74269
7.61477e-05
1.90953
2.96488
10.346
15.5487
0.195777
2.53546
15.5481
0
49.7817
0.0136768
1.08238
1.0146
3.475e-07
2.72344
1.08824
0.149796
0.00999714
0.703944
4.63607
2.87211
6.23171
1.65325
1.68513
17.179
9.3701
1.03895
1.33351
0.935805
10.4756
1.02643
3.26239
4.20272
1.83255
21.9787
2.72688
18.9561
4.93265
3.65386
7.08869
1.0998
2.93982
4.4028
1.21784
9.11171
1.1405
6.51912
2.77036
5.46517
19.5796
0.000225677
12.6941
1.59583
0.151659
0.295016
0.0172487
0.100201
36.5046
0.849609
3.58196
1.71182
0.110471
1.72881
0.900164
2.04188
10.6505
1.90921e-07
17.4605
18.5153
0.644823
0.746838
0.0803526
2.54788e-06
48.0527
1.31231
6.70246
65.9158
0.00372055
0.00428617
10.5848
0.0018746
0
41.635
18.3776
17.8488
0.384694
4.75031
60.2192
2.52487
3.40819
8.23199
22.0074
0.0676971
0.49376
39.746
0.90423
0.668813
0.00607394
7.96823
1.9427
1.02767
15.1098
0.00594752
1.52928
1.77204
0.00980687
27.551
23.3086
0.551757
1.95661
36.4862
10.9497
9.28302
0.104935
0.000248288
1.64864
0.834075
1.67989
1.92315
3.85926
5.88876e-07
4.88713e-06
5.78934
1.13736
8.54283
13.4381
0.0255513
0.0610892
0.222813
0.0299483
0.326136
3.04316
12.763
4.06229
16.3878
7.05555
3.19387e-07
3.17158
0.0477452
0.104855
6.42386
5.40756
2.35158
5.6563e-05
0
1.92077
0.574692
0.00467207
5.33607e-07
0
0.0914294
13.3971
14.7409
0.768293
1.08336
1.47652
39.6456
53.4861
4.47244
1.59256
1.97549
3.31168
1.20267
10.106
0.750059
0.538741
6.25636
9.62515
0.185741
0.0167359
8.70552
16.0086
0.232332
3.96104
0.000962544
0.946677
0.0373872
0
1.35831
18.0328
0.000139597
7.14137
0.966838
7.53758
0
25.4277
19.9404
7.66423
33.8929
4.93763
3.84621
43.7852
10.3193
2.84195
0
1.80741
4.26961
19.3053
9.41896
10.611
0.95341
6.08289
1.41137
8.80079
22.853
35.2616
43.1935
1.8805
110.086
0.0221351
5.85056
80.9967
21.7948
0.400245
1.82047
2.33877
11.8384
1.92621
3.37661e-07
26.3443
11.6526
1.94246
3.28966
1.0971
0.00409215
27.629
4.74982
36.9234
0.00720616
0.0940941
0.575676
1.83782
4.28061
27.8825
5.78616
28.5558
12.579
2.33796
1.653
0
0.100076
6.60966
16.1508
6.6091
9.38949
13.9076
3.07243
1.31216
3.81487
2.91624
9.33136
9.88053
13.6176
7.52154
19.4072
1.15313
1.25069
0.0571654
4.27816
2.49332
6.36069
1.45565
2.29899
32.7285
0.00676059
3.68086
14.8909
6.06629
7.53464
8.06215
3.48495
17.8902
19.4455
1.12012
1.01117
1.57756
6.92134
16.835
0.009908
3.38567
1.42092
0.71969
14.4439
12.2109
20.8103
1.37526
0.212402
0.324693
9.8113
15.4543
0.633492
2.20536
1.03745
2.5288
0.899946
0.0820086
0
0.00255246
3.18948
1.38375e-05
2.27723
0.164868
3.26332
1.53157
1.45557
0.217554
0.0236035
2.68116
3.88855
25.8235
20.8314
0.366285
0.987749
3.34799
12.6625
2.51682
0
20.8108
5.63378
5.05292
0.0492364
9.49279
2.90757
0.747702
0.845891
0.0268568
0
0.308585
0.000156593
1.19539e-08
4.94979
0
0
1.66563
0
1.20086
7.12242
2.55629
1.66638
4.06386
3.73346
0.0177183
2.48389
18.3317
0
1.25522
3.02941
0.021192
0.113854
4.0289
5.2872
1.11801
1.67272
0.523114
60.3386
11.8503
2.65935
24.0889
0
0.425917
24.2164
26.1809
0.0697753
1.87879
3.40883
38.1538
2.10199
3.94528
2.61969
0.702672
3.08788
0.923019
0.549502
1.22923
1.01869
0.19976
2.82425
3.11302
1.50614
2.15001
0.680037
2.3055
0.515812
3.11398
2.00313
0.0515829
1.43036
1.76735
0.913814
7.65781
2.64411
0.963458
0
0.15218
1.37416
0.0294529
0
1.51883e-07
0.670679
63.2354
3.77813
2.84
4.15952
2.44236
0.0132915
7.32
26.6306
0.462345
6.6479
16.3649
14.0269
12.589
18.4699
16.4115
8.33227
1.48969
6.35885
10.9306
11.1446
18.7324
15.0799
0.436018
16.362
3.78207
0.0133554
9.45876
0.00372917
0.830859
2.48593
0.00323078
0.0685946
0.0111092
0.893964
6.53223e-05
0.00353698
0.0474388
0.0160351
21.4646
3.33889
0.134266
7.3901e-09
0.00982678
0.00799787
0.0465883
2.93408e-06
0.0996405
0.642432
0.394678
3.05722
7.10188
39.4459
27.7319
0.221296
0.187671
19.9077
7.64055
2.14599
0
30.3175
2.49317e-08
1.94072
4.60106
0.323982
1.38207
2.04088e-08
1.05939
0.245556
3.34471
0.123047
0.34805
1.85827
0
0.00500415
0.0480518
7.07345
21.7671
0
18.7305
9.65024
5.74105
0
0
10.4332
0
0
0.00497344
23.1635
10.689
3.45369
3.42524
30.5619
2.09561
33.5697
45.5953
2.79695
19.9182
0.224853
4.59232
0.0256436
12.4957
22.4192
6.44772
10.4119
3.58859
3.17599
0.593617
1.00149
1.92714
0.00508571
0.885389
0
11.996
0
1.0945
0.994436
0.0165521
26.9588
0.0450563
4.7597
0.433821
0.996999
1.43691
0
0.0013512
0.592141
3.45004
1.90014
4.24628
15.2484
11.7723
9.99474
0.749335
11.4045
31.3214
0.00329578
14.989
0
0.909426
1.9959e-07
11.5863
18.2219
0.304329
17.1516
4.09017e-06
45.4886
7.63345
12.7138
2.31501
0.730447
1.632
3.08416
1.85358
0.0816081
0.10599
2.5177
2.26017
0.17758
0.174084
1.38511
2.18225
9.65578
10.2366
0.210402
0.800315
1.52573
8.36848
0.686319
68.7448
0.391541
18.3113
9.26069
0.0320711
35.7109
64.1299
0.0196112
2.25532
73.4528
75.5139
8.27745
20.8277
0.97397
30.7377
21.3252
7.68166
1.62803
3.26589
4.03955
0.721274
11.8158
39.5397
6.33629
8.81754
9.91356
9.68625
26.0517
3.28824
0
0.000120541
0.319595
2.93703
0.355444
0.000749424
7.09087
0.0306112
29.6702
0.830123
4.21632
0.467862
1.7049
0.213798
12.7165
0.142645
2.6878
31.2615
14.5628
5.06518
23.3214
5.02748
0.227589
2.41046
6.45502
10.7381
17.4005
7.70982
0
0
5.29857
2.46024
1.24263
0.908184
2.57341
0.858114
1.95746
0.233651
0.486891
0
1.43986e-06
1.57427
1.4576
0.931722
4.90019
0.00890385
35.2974
1.4352
0.0206116
0.653504
3.40595
2.41018e-06
18.3387
4.67634
0.000707418
5.47119
14.2999
3.69296
0
26.2595
0.173013
2.00986
5.89048
0.328421
0.0138057
1.73322
0.00225293
0.218998
3.67695
1.31284
2.04145
0
0
1.35225
7.03562
0.393406
0.385402
0
0.00814279
0.254146
2.22859
0.539966
21.8527
0
47.3406
0.847364
1.5944
7.62108
1.02184
0.98849
5.89661
3.48199
0.793556
0.000344821
25.087
2.58045
6.08785
4.30683
1.3762
4.45572
0.149719
0.00699986
0.989225
1.26746
0.000864275
0.62281
0.159038
2.49268
1.55227
10.78
5.66196
0.226631
0.138011
0.109082
4.18943e-07
0
0.922894
3.90252
5.58553e-06
0.00141327
0.0233383
0.126647
0.375594
2.20832
2.66755
0.0878392
0.909658
0.614158
0.00297427
0.0259112
0.323815
6.49855e-06
0
0.00182589
0.0331884
0
0.305455
0
7.00364e-06
2.93088e-06
0.810842
12.4348
3.83663e-06
0.653276
1.5646
0
1.09917e-06
44.002
1.04167
4.55817
2.17415
0.178775
0.711464
1.68527
0.22508
0.779429
0.055434
0
0.0308084
0.583093
2.61558
1.10137
3.45952
0.247875
0.0430727
12.3116
0.285529
0.0404214
8.80929
0.210124
1.03123
7.18229e-08
0
5.67519
0.000829926
0.148553
2.79127
0.913557
0.0628546
0
2.27683
0.544531
1.1534
1.29016
2.94661
0
0.00749866
0.893791
0
0.931642
0
2.3368
1.37817
21.4493
0.594426
0.676757
0.251172
0.00877689
0.00457541
0.552967
0
0
0.969494
15.5613
0
16.3674
12.669
15.7822
59.2545
0.876308
9.30689
2.55711
9.62076
0.784141
0
7.18188
0.0022664
2.59972
0.564098
1.27034
0.02397
1.18035e-06
0.496866
16.6997
3.28578
0.00834164
0
16.8882
1.58527
2.58447
2.99903
2.13614
10.418
0.397479
24.9458
0.992379
2.23864
8.5635
0.128693
7.58503
10.2479
16.1988
54.0413
1.50705
5.22448
26.0209
9.54332
66.8374
59.531
35.0479
6.12954
3.39536
0.336754
8.7961
2.61268
0.0784155
0.00649381
0
0
2.59489
15.9989
9.23303
0
4.03301
0.261809
0.597062
3.11023
9.79306
4.5301
9.05513
5.50209
8.90836
14.4395
22.1804
4.27458
7.74761
2.22195
1.94599
7.40489
17.6784
15.0158
1.59913
1.1894
0.158243
1.21802
0.00079572
0.0290657
0
0
1.1245
2.2968
2.56239
1.45664
0.814659
0.804845
0
0.529494
1.02123
0.260379
0.0710582
0.900319
0.155954
2.43314
0.00552645
0.234505
1.30816
3.17717
0.00793558
0.242995
0.84992
4.30898
0.947453
7.31408
1.00216
0.0220387
0
0
1.81235
1.22672
1.8202
3.13777
1.77109e-05
0.582264
0.936336
0.60829
0.0109624
1.58023
0.0142465
0
0
0.715913
2.29753e-07
7.75121e-08
2.98128
0.170123
0.747717
1.71111
0.695876
9.80934
0.0145134
0.408173
1.60648
10.7156
18.2691
0.746543
36.2574
27.6135
25.3045
36.4694
48.2526
54.6783
53.8369
110.01
28.4566
38.4978
10.7996
0.0988683
0.00542183
19.289
15.5667
27.1823
22.1122
17.3212
10.9129
3.62624
15.6967
21.2494
35.2768
1.96021
10.6084
16.7506
14.3223
32.8344
11.7222
0.0376989
16.654
0.356784
13.0198
26.3258
90.4369
24.4985
3.3087
14.4934
17.7003
8.53484
0.228999
13.8143
5.79399
5.46265
7.23453
52.5981
30.5988
17.8173
19.5537
19.9571
30.2201
9.18489
20.9586
0.323072
20.5506
12.7002
18.4889
0
11.7812
10.1311
1.05933
0.0667265
3.92948
0
0.744707
2.80025
3.24949
1.26285
13.3641
0.626041
1.03708
0.692776
0.704431
1.64536
0.608745
4.89254
3.82167
0
1.74685
13.4035
0
4.50933e-06
2.15679
0.740128
2.50902
0
8.14427e-05
0.740607
2.81661
0
4.59119
2.3034
4.45892
3.99301
1.43348
1.05856
20.853
1.97088
50.0187
13.3876
12.0014
3.0552
5.22857
16.1963
11.7438
5.62802
2.80597
15.5065
5.30737
0
8.26556
6.18636
12.7021
0
8.97616
0
0.496961
2.29571
1.52864
3.87649
5.27781
10.0888
1.68742
5.47726
0
0
3.48293
1.0758
2.13239
0.0113358
2.24359
0.0104359
0.0384165
6.00824
0.0263323
0.362444
0.978098
2.89631
1.96429
0
0.0415023
5.8726e-06
0.000635129
0.35465
0.00041535
0
54.1638
6.69672e-08
0
0.982131
0.209317
3.88
2.79559
0.145319
0.94834
20.8351
17.0222
4.31728
26.2899
0.358831
1.30929
0.915343
0.087901
0.0857392
1.32188
1.22452
4.38775
3.37701
31.8839
1.97288
0.425213
0.429443
0.970733
1.71206
10.2002
0.198177
0.650937
2.73761
5.3984
3.44427
12.8387
3.75594
2.40942
6.33381
11.5024
13.6341
2.2402
10.2672
6.10682
1.33471
0.43522
31.4412
3.2335
0.302827
4.92976
1.42249
2.30765
0.83326
23.1919
6.54647
12.5367
4.97885
49.2044
1.29549
0.898327
0.577065
8.25441
20.1957
29.8565
34.774
90.1678
0.00637769
1.08133e-07
0.0327858
0.53202
1.46817
0.0585479
15.4842
9.26346
29.9416
21.4611
0.832872
28.5402
13.4656
5.75538
12.836
6.79493
62.3883
7.1786
3.77668
3.66781
4.95655
7.47446
25.7543
11.3133
2.51474
0.72437
0.00770056
0.369502
0.0591432
2.22081
1.76779
0.0834236
2.89535e-06
13.1411
15.558
15.4662
0
5.14132
0
0
0.079575
0.367981
0.0766219
0.710158
0.875999
0.980257
3.69656
0.00195727
0.46481
13.5321
0.499896
19.1258
7.22563
3.69832
0.273494
0
16.9466
1.97515
0
33.9533
8.13026
26.0521
2.70248
4.27442
1.24535
0.0554687
7.64335
8.04646
2.68353e-07
0
2.1954
0.664245
0
0.907599
2.85714
0.112586
11.2281
4.26352
9.20964
3.33467e-06
1.78576
0.0108654
0.643831
0.000329028
13.1605
13.2013
10.0748
0.000168145
10.5101
11.1893
20.4406
12.0181
3.43614
0.387466
23.6672
0.628636
1.86617
0.975545
1.12312
0.0630273
0.00574015
0.757202
0.324247
2.90075e-07
8.16179e-05
0.489455
0.966871
0.0737398
0
0.635525
2.1274
1.83473
0.65415
0.189854
0
1.80068
0.276888
0.0215201
0.171821
0.676849
0.734124
4.31343
3.99914
1.56635
4.02577
1.42335
0.00752207
0
4.85987
0
10.7541
1.52639
5.54483
5.85425
3.53792
4.01783
0.713833
2.42081
3.04924
1.65314
1.69673
4.94303
10.0169
4.50763
8.25038
6.67834
4.55201
6.50178
5.36408
8.8548
4.83243
4.2718
8.22311
25.0744
21.9768
7.99742
10.8408
14.6198
12.503
7.90938
2.9225
1.83983
2.51201
3.71945
4.69949
5.1693
0.524842
2.43598
0.803773
5.37844
0.00321974
0
0.243159
0
0
10.4814
10.6536
0.0484491
3.34198
2.46475
0.113617
0.00809155
0.21
1.63097
0.0023627
19.7044
3.69911
1.9545
0.867731
33.7881
26.5032
3.81172
26.9037
7.38159
4.59559
8.00121
2.33951
49.2142
0
19.6776
11.9087
6.23819
5.28763
2.32774
7.43507
11.5457
8.20396
2.9443
16.0758
60.11
6.15068
5.89536
3.43091
1.67133
14.9308
37.5312
16.6739
49.3057
17.7097
21.5202
14.1174
19.5313
16.2259
13.2584
6.89825
13.0216
60.0034
47.3969
19.4202
22.1996
7.21402
9.92459
0
0
2.37576
3.51417
4.82043
12.6915
9.53824
9.50732
8.29186
14.098
13.7751
13.6919
10.7175
4.58019
8.38425
22.6166
5.71555
1.07313
4.31838
4.11034
1.03359
5.11037
55.8791
6.88393
6.21652
8.33356
7.81051
7.10328
2.08787
2.76528
0.875124
9.08834
7.84738
20.6205
35.6241
7.42197
32.4104
7.15803
38.826
38.6453
11.5241
23.6552
10.9179
0
2.59306
0.270253
5.88135
11.233
3.84311
10.6815
0.72341
27.945
30.1938
18.9742
10.5985
6.13434
17.2802
13.4827
36.405
0
0
0.0205077
94.6663
102.768
66.5236
3.08785
76.6362
6.06899
17.5844
1.35468
2.13493
0.596695
11.5706
7.06747
3.22521
13.4951
19.2079
25.8552
9.14718
15.2344
0.00584948
21.0645
13.2757
11.6645
6.51226
4.36322
5.76803
7.82051
10.8269
9.20157
11.2308
6.51769
17.1092
11.4925
0.558902
8.51078
22.7375
63.3208
10.5276
34.0716
4.04404
8.23366
3.11635
48.458
7.29364
7.93011
25.5645
7.41212
73.5018
3.18533
1.79222
0
6.53668
0
1.48808
11.2763
16.7825
5.27372
3.10786
5.02029
5.15362
7.07108
4.48064
5.99615
9.74173
6.61355
1.81986
21.4436
9.0156
4.60338
2.7637
4.2586
4.13139
5.77061
9.47369
9.55178
0.524076
12.191
6.89787
21.9252
0
14.0891
0.56865
1.17081
2.26966
15.1257
6.11865
3.02419
0.908301
13.4829
9.66054
0.778128
1.0133
3.43756
2.24766
2.70344
6.91781
7.39261
2.41667
1.11183
15.7981
1.16823
0.757955
0
6.96688
5.125
5.31995
3.25172
4.3473
2.46275
0.361339
0.00156553
0.853058
0.992033
2.07278
21.1672
4.05158
2.06863
2.49054
0.682991
1.41871
0.00738199
0.00975592
0.770596
1.66903
2.78508
1.68523
3.18948
0.17774
1.28509
0.111137
21.0145
0
0.00395567
2.83562
2.14697
6.72934
0.446154
2.60866
0.839734
0.349358
1.89719
0.878544
17.6894
0.203339
9.68535
1.2018
11.4285
2.25163
16.7709
1.98997
2.20307
8.68991
1.21744
26.0735
14.5377
50.585
0.0828917
11.3497
8.95801e-06
0.307722
1.01438
0.134584
4.24536
21.2435
3.0499
0.761619
11.5803
0.417017
0.049573
0.401628
0.759606
0.139671
1.45679
0.0333878
0.000452573
2.13072
15.0921
16.5295
0.671448
15.9371
1.06488
4.29245
7.25815
24.6512
2.60035
7.10617
0.899708
15.0021
15.4197
19.0557
0.190133
0
1.08194e-05
0
3.39264
45.5717
0
0.0648736
2.2629
3.65174
0.784388
1.85047
1.69412
0.193607
0.34713
1.18485
1.47115
0
0.98082
0.717589
4.71833
0
1.99874
0
0.61107
0
0
1.06345
0
0.886782
0.10794
0
0.794848
0
1.48148
11.3734
3.90746
11.2142
37.5855
18.4194
5.53607
5.2933
0.990955
1.25761
3.0966e-06
0.0226189
1.3443
5.96354
4.41392
1.02728e-07
0.000535715
2.17301
14.9024
17.5253
17.1471
1.96638
1.10876
3.30423
2.75657
4.41512
18.7375
8.10567
8.49508
16.9266
6.34941
1.32401
22.4034
11.8535
12.5513
6.44053
0.0432984
41.4225
5.7755
106.348
0.00725303
66.6919
66.5604
3.77001
0.00136031
0.116062
1.12988
0
2.68811e-07
0.0379075
3.8639
2.60774e-07
0.645527
1.00135
7.33067
0
0.61336
0.156735
11.2043
4.47893
4.92235
6.44964
8.34431
8.02052
2.67499
0
7.70845
6.46541
11.0903
2.00729
5.46366
2.95025
3.76575
0.954584
4.0113
0.0159533
5.13924
1.29813
4.45112
0.853574
1.31876
3.49863
16.5097
130.081
4.00014
14.4018
0.202082
1.31999
0.782438
3.2239
3.42649
3.25866
1.1748
0.0152497
0.825541
3.03899
2.53831
1.23949
0.519633
0.00907814
1.19762
2.02881
0.514499
13.0017
1.0684
51.9977
0.768007
10.6873
10.6563
22.3323
24.0757
30.298
23.8707
5.41063
1.6782
0
0.0384607
2.62108
0.145989
0.717384
1.52375
3.27816
3.41052
3.78106
8.90539
15.1733
47.8791
6.15875
5.9292
0
6.25428e-09
0.837738
6.48867
0.0143939
18.1486
7.82948
0.000379014
0
0.0771683
0.15679
0.92447
0.086488
5.61892
2.97944
0.0351647
0.851109
0.824966
10.4554
36.902
7.00728
6.13994
57.8106
2.54136
2.06015
2.81904
107.865
0.158915
77.1113
1.5436
3.71642
28.9132
0.174937
2.08915
0.020284
0.994086
0.0440943
0.314409
0.0533803
0
3.15245
9.32301e-05
0.0441632
2.91545
2.01361
3.22347
0.1348
1.37997
2.63281
6.35751
1.45961
1.48414
1.79936
1.59086
19.9309
0
0
0
0.156782
7.93033
1.46976
2.97934
21.2475
26.1846
18.8851
56.7215
17.4427
34.3894
2.98363
15.6128
6.63483
2.00366
16.8148
1.04272
1.99454
0.00827672
37.5621
0
26.2466
18.9025
1.24051
0.205775
3.0808
1.52742
2.00511
8.20766
20.9258
3.31115
15.4154
1.26713
22.51
0.119241
2.73041
3.78985
0.163105
8.49051
5.80939
2.96648
1.20623
0.946786
11.4841
0.557817
10.4644
18.3429
6.83634
0.00097099
98.049
58.909
2.06301
2.41234
3.99917
10.6431
17.8053
0.777994
8.12899
0.879139
9.40327
10.7367
19.9158
5.48457
5.27097
0
10.9045
35.9322
64.6787
29.4822
15.3354
20.5136
10.435
8.12178
6.16122
21.7049
12.8687
17.7176
22.4888
14.2578
72.1098
23.9357
15.289
24.9785
13.4169
0
11.0363
24.7434
9.92738
2.16916
44.9799
0.0197665
60.097
72.0921
0.957527
0
0.0163042
54.2376
21.6003
22.7897
30.8351
1.5248
21.7819
18.5642
11.2295
14.5505
38.0427
13.5693
6.2097
29.3314
40.5502
19.8543
7.68612
67.476
4.22053
20.9598
7.74714
45.3409
31.771
0.00285606
31.3597
18.4438
6.16812
10.5434
12.8352
27.1368
91.2297
43.2415
3.37848
36.5547
16.6051
13.0312
1.17439
8.73435
8.81503
3.16045
14.5306
9.39133
9.26724
9.4158
2.03544
0
8.4684
4.4375
4.19956
2.32591
5.80947
9.88107
6.54359
8.76891
14.5347
1.82058
11.3828
0.0338231
11.9611
5.48996
4.57798
10.1664
5.31194
17.7086
16.9183
40.6853
17.4449
8.18873
6.06776
12.613
1.4735
5.92109
11.634
5.75878
0.159312
6.63028
3.888
9.21096
16.4346
0.434586
18.3013
4.64473
1.07521
2.05089
2.29506
4.17551
4.21774
3.55768
0.98258
0.769192
19.1547
7.26945
0
1.8015
1.83771
5.59983
3.98585
23.0893
2.75648
5.31015
20.0539
10.727
6.38247
8.02408
0.116944
13.9171
0
0.424921
2.27586
7.25459
0.0242557
2.69302
17.6549
5.56723
4.23183
3.60562
6.49822
17.4016
19.3265
11.9858
3.76938
11.1452
13.363
10.6923
11.2774
5.84795
6.44697
12.3842
0
6.06982
17.3511
5.91196
8.80265
1.81639
5.97846
0.70862
3.83029
11.7437
11.6414
7.14193
7.46663
13.2755
5.66167
9.376
19.3151
5.26297
4.05843
4.3723
11.6681
3.232
0.506914
8.73236
11.4115
1.32165
9.83072
0.0577183
0
6.74913
0.732699
33.8307
12.3549
0.16953
10.046
0.819035
13.491
2.92909
12.0987
0.653012
3.97174
1.49851
10.2514
3.63723
10.6881
0.275158
0.615905
7.57978
6.82131
6.42813
6.25989
12.0122
3.29468
2.61942
9.79255
1.60612
5.90387
2.21769
0.0015693
4.77962
6.71096
9.88933
9.3391
28.2712
12.723
0
5.42318
0.00114957
18.0402
0.968082
1.77656
13.0658
1.35
2.03746
93.8584
2.35923
104.334
5.82861
56.1473
5.13095
2.42814
22.2
0.968147
4.60904
0.00164502
0
0
40.0337
0.998032
0.968742
5.58864
22.4005
7.38962
4.34299
6.55717
18.0845
2.6759
19.5517
36.5799
2.09766
94.1322
41.5796
3.2619
35.8628
8.57637
33.3868
6.02081
3.12395
30.8524
0.917439
5.60239
10.241
2.13422
1.06681
2.23079
2.58996
0
2.64451
3.25391
5.76667
0
2.03399
5.25098
8.3223
6.70809
2.97521
1.70732
5.59829
5.40423
2.95567
5.36902
1.80473
1.09843
6.07602
1.85204
0.885373
3.42771
1.5154
2.2774
2.67315
23.3642
12.355
1.02237
7.33486
39.0319
3.88152
8.97473
2.6827
114.959
3.44926
0.61127
3.56044
2.55298
5.61207
1.89236
1.92291
1.92448
1.93388
2.45967
2.62385
1.21084
6.93003
37.5551
7.03798
22.6792
6.13139
0
7.78548
50.9199
0.629693
0.322272
1.8439e-07
0.915125
10.7094
0.843162
0.00867133
1.88153
1.76592
5.08085
0.136927
1.61225
8.68573
0.418597
11.2228
20.6347
0.471656
0.00540402
25.6653
0.138147
19.8571
0.110556
2.67802
2.13365
0.0193077
0.894073
2.20506
0.633099
1.00764
0.0828455
13.5713
7.19384
0.687605
0.530964
2.09188
0
0
0
0.0454626
4.2238
15.8556
24.0945
1.71106
17.5177
4.1931
11.7137
6.8322
29.2914
15.4864
11.0266
35.1485
20.2466
7.04275
4.23317
10.1462
36.4159
20.3384
1.33156
0.845936
57.5777
4.87134
14.2225
31.2171
12.1596
4.73555
23.5554
0
1.88717
30.2496
12.2833
3.7381
3.86693
1.74577
1.50735
2.34202
1.19532
0.6378
0.637562
0.42726
2.90203
0.862417
10.0802
7.42876
3.71516
0.905916
1.70819
0.809601
2.54858
4.45826
6.77748
14.3778
3.71959
22.6606
0.316059
13.7182
0
0
2.03466
1.44954
1.61789
0.862874
3.10577
20.5703
18.0634
8.43578
4.31259
7.25509
13.0696
30.6319
17.3653
7.72141
0.902285
0.0135362
4.69076
6.92353
0.0469579
10.8894
7.73314
5.05343
17.402
25.3001
0.464549
0.00610715
3.73972
20.0138
5.30651
15.8523
19.9002
2.45631
15.9012
19.1111
3.26411
15.3281
1.04482
0.718839
0.98571
3.05918
8.32068
1.76179
0.230944
38.2805
4.03675
0.361477
0
0.500132
1.47265e-05
0.2476
0.786532
9.87257
5.39597
2.13073
1.17351
1.28761
1.21833
32.1156
0.786491
35.7894
6.2713
0
50.6636
8.69434
3.55812
6.71721
11.5234
19.6975
0.156776
1.75033e-05
0
3.03996e-07
0.284375
0.0535016
0.11547
0.0301231
0.470683
9.28003
27.1241
18.8806
1.09072
5.53007
0.185899
29.5205
6.98684
3.08683
4.20544
4.68675
8.18024
13.9206
15.9522
5.97884
57.257
25.4793
5.71805
13.4573
25.8693
8.01684
31.5167
13.3528
6.47029
25.124
12.5257
7.65431
2.4197
5.22866
45.7047
0
0
0.644817
0.288594
0.000276818
0.0153994
0.284267
0
1.40341
5.83959
5.60151
6.38209
0.0541533
3.38288
1.47016
4.5982
0.0304908
13.9445
9.12421
9.28198
23.4198
25.6055
70.1754
14.0634
6.61125
0.0359354
2.11786
8.26308
2.44316
12.3658
4.48086
1.75919
2.34675
14.9344
1.80621
4.643
2.85194
2.56293
2.19744
8.90759
3.03657
13.8104
1.14093e-07
4.18567
0
8.04031
2.37512
0.000112614
14.2188
2.29591
3.5605e-05
38.0148
2.95885
11.1403
8.72047
1.33557
12.5874
28.201
2.06242
22.6094
12.0202
15.9469
3.07424
2.62319
11.8234
3.96504
1.74693
1.03426
23.9171
0.468288
5.78654
6.20458
4.5656
7.48427
2.99173
4.50594
2.39153
2.92929
2.65721
1.12306
1.63683
0.996585
1.75043
4.73959
1.92608
3.09145
1.00116
0.00319965
0.0217883
1.05004
1.04378
2.31998
1.74768
3.11172
0.244021
1.26319
0.0522163
0
0
2.97354
44.0831
1.95525
24.3713
13.8366
12.3865
6.08238
41.9242
0.40389
1.06835
0.183487
10.9295
0.973409
7.17901
13.6344
4.3756
0.37922
2.99647
8.63088
19.2241
28.4168
2.25348
49.7585
5.14245
8.40194
14.4575
37.3777
2.62538
0.724701
18.6265
0.0363523
2.16277
30.8463
0.0801543
5.71173
0.190391
0.858508
1.25177
0.00620707
1.53128
1.56347
1.2924
0.134331
1.20519
0.0021399
5.19345e-06
30.0641
4.38382
18.1945
6.04641
1.67941
7.02379
13.2107
2.38813
11.9427
39.6626
15.7491
1.85643
0
0
1.75556
4.72044
0.539901
0.0438052
0.848389
1.41492
0.0145214
5.67465
0.0559688
1.69436
30.6987
1.94068
0.446216
0.000311701
0.0277963
26.0485
15.5257
0.0823896
0.818531
0.0819676
0.0109663
0
0
53.0788
0.098458
0.00608163
8.59665
0.993716
0.081177
0.973793
0.0393763
6.83557e-05
0.759236
30.0854
41.8903
0.945321
0.0320163
0.79607
0.123116
1.43277
0.103077
1.18613
2.55193
1.41126
1.48381
0.16461
0.744719
0.0919813
0
1.96459
1.69454
0.149389
0.805479
0.105394
2.51609
0
0
3.98412
0.00339064
0.00125998
1.01155e-05
0
0
0.325405
0
0.0788479
1.22864
0.056375
0.000112934
0
1.01426
9.64984
1.08633
4.83658
1.81017
0
1.00332
6.10118
3.12439
0
0.144479
0
0.025212
6.74196
13.5538
2.87753
1.26067
5.27446
0
3.02722
7.83072
9.52535
1.27314
0.378927
6.10875
3.07894
4.34192
0.781337
0.0271386
1.55435
5.73828
1.03305
0.000868575
1.2301
0.963231
0.505504
8.32774
14.2421
10.4114
22.4504
0.0627602
18.2376
4.99687
3.06633
3.98006
0
17.4627
63.3958
2.86696
2.49448
2.74246
7.07172
0.593895
0.299939
0.219377
2.08905
17.4577
6.70543
1.45548
12.6018
0
0.747705
1.43529
0.886498
0.967215
2.01155
6.1857
0
3.10935e-07
3.55727
0.561962
3.23484
2.96655
1.58757
0.86705
7.10986e-06
1.62199
10.6118
9.75113
1.00135
11.3045
39.3481
0.903113
0.000325016
8.48003
0.411257
0.0127708
18.2448
4.07184
2.71072
0.781859
16.0333
116.566
28.9189
16.303
0.216488
9.67
31.9531
60.0688
64.9234
2.20003
2.37613
43.8437
3.87543
87.9882
6.71278
21.2837
20.4999
4.64159
1.50203
1.03585
1.04041
19.1756
0.673087
1.05095
10.3159
23.8939
0.836734
13.7975
7.85643
3.84672
20.3393
0.628816
13.6091
12.4696
1.49502
1.65342
17.489
6.27483
0.290556
3.35936
10.2861
2.27513
2.26493
12.4387
10.4521
3.08328
15.9873
6.01542
0.809463
13.3898
1.13907e-06
7.38258
12.9577
12.1345
9.16989
4.99507
4.14814
3.67252
1.67958
1.59208
2.07311
1.14536
2.77292
0
0.740018
2.75577
0.887216
0.168736
0.0778414
3.57438
0.686283
0.108694
0
31.4478
0.837495
0.606688
0.854298
0.983544
19.639
1.12602
3.30445
57.2436
6.88352
1.53525
21.524
16.8703
0.13715
2.78412
0
1.18717
43.4842
0.491984
3.18546
14.5516
6.2051
0.00956779
101.266
4.96573
0.451246
1.55422
0.267002
25.5124
3.75021
1.48874
53.8442
5.77895
2.26529
6.72373
15.3866
9.48119
10.3683
6.57506
8.87743
33.1108
27.7741
35.0435
34.6155
64.647
22.9413
10.138
1.33
1.46422
0.327968
1.36891
2.33042
2.42487
8.6078
9.67973
7.17631
3.36488
0.224495
2.06548
0.000147648
1.64706
0.325366
1.68474
0.951285
0.00753411
0.0963251
0.738587
0.297131
0
54.9074
58.4862
2.16354
14.254
41.4631
27.1528
4.58599
3.6724
9.91708
1.27833
4.54758
0.524078
3.91094
1.8223
5.12135
23.0227
4.39748
21.6658
7.06785
40.3035
33.4694
7.37775
51.4173
21.8535
18.8063
74.8076
42.4531
2.56957
0.838598
1.17157
1.48357e-05
1.54461
0
1.77034
4.18013
0.00107596
1.19441e-08
12.7904
21.8716
41.0699
32.3633
9.78979
8.16246
8.89362e-09
0.427769
0.720424
1.31847e-05
0.954642
2.81191
0.030456
2.01322
3.93551e-06
4.76248
2.90269
27.7968
5.60747
9.18955
4.39013
1.4619
9.47613e-06
4.21841
4.38219
0.850982
1.98596
3.35981
4.69921
3.2966
1.1868
17.5966
0.605796
2.39201
2.75461
12.3539
1.79674
6.28986
12.7464
4.01335
6.87458
2.79984
1.09418
0.00311496
2.59056
13.13
0.149987
2.72606
0.39747
11.4963
0.371499
0.808057
0.264223
0.0953244
15.8654
0
1.94602e-06
25.9872
