3.13926
5.27448
4.64602
0
2.446
5.88998
0
5.78686
1.29897
19.5922
22.9928
0.00929048
3.07846e-08
1.65525
4.25788
0
4.53973
13.3078
21.8173
23.3732
11.8316
3.9637
0.00024522
0.000657802
5.57066
6.5752
7.46339
7.45752
62.4838
0.00024022
0.0116015
3.44747
0.311401
2.25216
2.09644
0
2.38167
17.887
14.6757
19.5901
10.2472
9.1017
1.48846
9.54991
2.67802
7.83255
1.96996
0
0
0
0.00266048
0.341152
15.1746
0.411307
3.49354
0.314744
20.7247
2.2739
0
0.538973
2.91707
0
8.42027
3.62472
4.62308
0
0.973672
1.2956
6.24942
2.10591
26.8573
0.0651761
0
0
0.167978
0.113234
2.06317
2.4532
0.560693
0.553175
0
1.21103
0.88069
0
32.0353
1.23873
15.3443
12.8234
11.4786
6.89028
34.24
14.0888
7.98185
15.8401
24.7799
13.962
17.0066
20.9096
3.26943
0.275791
5.19036
2.35058
12.2445
16.5455
3.42517
3.75771
9.34567
6.01458
13.0253
17.0213
14.8812
8.74231
13.527
16.6094
16.1014
6.26386
2.97619
4.13524
3.68408
2.98562
4.99074
2.10893
1.45939
0.884734
0
3.9267
5.01461
0.701538
0
1.06481
8.51122
0.925369
0.139609
24.5191
0.00238284
10.6881
16.8829
0.0868301
0
1.80813
0
0.749327
0.269022
1.26893
1.92329
0.00733327
0.450383
0
25.364
42.9252
1.58262
0.57462
0
0.402414
3.90617
2.80489
5.85147
0.444808
10.0264
2.07397
23.3341
5.68503
31.9754
27.5954
0.127557
2.1305
6.74679
6.72924
0.796396
1.26362
17.5746
2.46815
5.92043
3.55669
1.7124
0.779536
0.127693
1.24447
0
2.34367e-05
0
8.96184
0
0.0123447
17.2502
6.15061
15.9333
9.86669
11.9472
29.9913
31.1286
25.1342
17.1157
16.1134
1.82335
0
10.5233
8.38028
15.74
10.3104
66.2667
92.901
12.5089
38.8525
27.4222
3.21996
25.6225
8.47516
47.1688
7.32787
23.2832
15.726
2.83872
19.4806
12.9136
25.3549
2.77369
15.4259
16.0304
3.26783
0.560993
1.06117
13.3761
6.55448
24.3093
10.7428
20.9962
18.5686
20.8457
1.90998
0.00489041
1.58919
22.4414
1.13301
3.30509
3.89272
1.6597
0.923336
1.88763
2.20796
3.00882
1.81402
2.45783
0.400381
0.657771
1.25337
0.000512883
0
1.04254
5.4489e-07
0.0261317
4.66089
0
0.000248293
1.02988e-07
0
0
0
0
0
0.0125027
0.069186
0
0
0
0
0
0
0
0
1.89071
0.0642966
18.7412
0.12867
0.260339
1.4935
0.0228429
0.00988712
10.4015
0.0287904
35.8318
0
1.07302
0.808995
1.56465
0.113082
0.755133
0.153492
0.826907
2.92936
0.833394
0.00558544
27.2292
0
0.517757
0.142684
1.88003
15.1834
10.9109
17.5837
6.2158
2.38073
10.5616
15.2527
2.08503
20.9198
0.0887371
7.64364
0.643011
1.02587
0.234677
1.36713
1.70315
4.63407
7.59706
10.0522
33.5345
17.196
11.4045
9.31508
0
6.58278
2.45591
1.57383
5.99449
8.34265
0.171111
2.25402
0.32984
0.251728
0
4.0682
0
3.51346
8.78
7.57011
7.0886
4.09619
0.932061
1.35263
10.2538
4.47799
3.03497
6.36467e-05
1.31393
2.4656
0.108732
5.94256
5.69136
5.37707
1.17079
9.97343e-08
12.7294
2.84022
0
0
5.00127
14.8886
0.274472
0.938427
5.52042
6.93046
0
1.42101
0
0
0.38267
0
3.03798
3.46474
7.10041
1.54107
6.88949
9.72597
5.89897
10.7345
0.000385042
14.1382
15.7639
15.0451
20.433
14.7194
5.56651
7.47954
6.39006
7.98659
7.24369
14.9842
7.53188
6.86122
15.6072
14.2598
17.1288
4.18978
5.77844
19.2048
14.7738
11.0653
5.70271
12.6554
11.8826
12.2097
9.57837
14.7925
10.447
12.9385
9.63091
10.0748
5.65119
10.3668
9.20801
16.4517
5.5572
12.0249
3.65585
3.91484
42.3918
11.635
11.7271
3.48953
0.745042
16.6192
30.4333
18.0163
16.8908
23.9734
8.27929
20.8322
24.8433
17.5225
35.1337
25.9574
34.9994
32.8871
17.9304
10.5392
31.3246
0.530452
31.331
39.32
31.6059
10.9258
6.90072
9.82087
8.43219
3.10848e-07
3.234
0
5.82043
7.77855
13.9565
0.119531
13.2374
10.0725
21.7211
10.9257
14.5006
9.94211
6.21574
10.4798
11.0196
2.64457
1.8959
0.312459
13.1698
0.810742
38.9094
1.7021
1.25233
1.09214
1.25793
0.779888
0.890986
1.24041e-07
1.09199
5.03725e-09
0.200191
2.50412
0.626459
6.07559
17.1906
3.60244
2.64377
15.3941
15.9324
5.47299
3.05042
19.5694
0.851883
13.4059
14.2966
12.31
10.2799
3.85199
1.44676
18.2368
4.59599e-09
0
0.00141408
0.031982
12.2934
23.748
6.37747
11.5759
23.5288
9.11657
10.6931
7.76476
3.07472e-05
4.3591
7.78232
1.29641
0.361334
2.33917
4.49721
9.77039
13.5727
19.5704
5.54042
0.384309
7.97547
22.1574
2.667
0
0
4.86729
0
10.9048
0
0.876274
0.844079
1.38524
0.0260131
2.21199
0.030214
2.7949
0.0270656
0.162277
0
15.6182
1.02466
0.611579
4.40163
2.20535
0.246833
7.06496
26.5663
21.6446
22.8273
19.4229
9.42532
10.1206
0
47.8168
0
8.44418
10.7783
7.11644
11.3339
2.90749
3.56748
1.77456
0
18.8976
1.12254e-07
0.0894584
6.79166
0.212863
8.31725
9.06456
7.69147
19.1821
2.81175
1.55864
2.04935
5.14428
12.0016
22.7457
44.7978
6.4766
2.53421
5.17772
0
11.4127
7.391
0.716065
2.13446
1.77148
14.1812
1.81002
0.0194973
1.53412
0.075037
0
1.3
0.516687
6.24394
3.12869
1.97573
4.58631
3.66365
6.05964
4.98686
0.0583805
3.56556
6.15038
0
0.920018
0
2.38692
0
0
2.14273
10.1563
33.8254
7.36726e-07
0.0531781
2.48045
12.2864
0.00247485
7.9348
5.86273
2.2537
0.597002
0.684366
9.94511e-06
5.49847e-07
9.84671
0.654553
0.0102587
0.179609
0.0592187
0
0.0179085
5.31967
0.273064
7.88354
17.4245
2.44512
0.163572
5.37171
2.76719
19.0138
24.1942
0
0.695934
0
0.733893
26.6744
35.151
1.40705
12.7451
0
19.2751
43.3881
9.87963
13.2635
0.0424791
1.37137
2.27775
0
0
0.00897292
0.0464426
0
5.15687
13.4289
3.59837
3.27516
10.32
0.0487061
26.8081
5.25963
20.0223
18.6241
2.55421
11.0186
0.696613
17.7722
24.4417
1.07865
2.00336e-05
15.6049
12.3901
0.906071
5.32018
0.0174597
0.0412918
7.46169
15.4941
12.7324
17.8731
10.2624
14.7443
14.1464
1.47061
6.90476
0
0
0
0
0.0587062
0
0
0.0227747
22.7227
0.903144
1.76939
0.733509
0.00202715
2.94036
5.83188
0.0581587
5.71149
2.96934
5.64263
6.65782
6.96155
3.56515
20.0676
21.1274
4.42917
5.86981
17.8598
10.9797
0
2.23278
13.1091
3.98783
0.252669
15.6955
0.945028
26.5587
73.9376
8.8455
23.9922
24.9064
12.4889
11.278
0
0
17.8665
40.9581
0.173763
0.214405
1.81383
0.144823
24.5361
0.0430006
0
4.79368e-06
0.840749
0.782343
0.200617
10.5698
15.9193
4.48884
0.916841
0
0.412392
0.902765
6.35141
21.7694
0.00218085
1.94632
44.0818
0.053781
17.3863
0.984792
17.8097
16.6003
21.7656
22.8258
1.22791
3.06735
0.954553
0.0729165
0
0
0
0
0.0425885
0
0
0
9.82393
15.926
4.10873
16.8982
7.58676
1.71719
3.52355
1.78076
0.754961
1.41207
0
6.60208
1.00069
2.96737
1.93791
35.2876
6.85591
17.4144
0.365416
0
9.82969
0
11.1296
0
0.0506846
0.402247
13.4955
14.5172
6.4347
27.5093
4.98592
15.0066
1.72333
0
0.311081
30.3246
2.344
0.173734
0.910033
0.00658289
7.65496e-06
5.43591
16.0901
7.23583
1.15208
1.32654
11.9995
7.26117
2.8843
9.93895
4.60486
29.9746
0
0
10.2034
7.93037
19.9115
5.01098
1.28067
0
0.182114
6.64663
9.8673
10.801
10.9531
0
10.6881
12.645
10.7845
0
14.2816
0.0138357
1.67062
20.7225
0.594744
0
15.5326
0
0
0
4.45223
0
0
0.789516
8.72477
6.64076
0
0
14.329
0
29.6878
0
11.3272
0
3.65074e-06
1.69888e-07
0.601914
9.27528
0
6.50741
8.80813
3.64297
8.09268
20.0099
0
12.1456
12.2074
0.530345
3.13509
1.67268
11.0241
1.8799
18.3992
13.6589
10.4239
3.06064
8.56113
14.6211
9.11728
4.46959
13.2323
0.359882
7.46442
1.32037
3.25765
21.5843
1.25832
7.292
0.92749
5.36695
1.75796
5.92272
5.74969
0.990383
0.015622
5.84671e-05
0.246638
0.978776
5.34265
10.2982
18.3368
14.0153
0.753441
0.00012178
1.11613
13.5278
9.85865
0
14.7146
7.40489
7.57066
0.172957
0.31357
0.164478
6.75617
1.0475
12.2198
8.20717
0
0
25.5987
0
0
2.60545
3.4582
2.6996
1.65224e-07
13.4792
11.8756
1.15028
3.33384
0.992686
13.3359
0
1.23133
3.53433
0.175666
0.0213337
3.53548
0.234489
23.0341
28.0722
15.0275
0.617104
3.66737
0.00479597
5.43097e-05
25.5094
9.72386
10.0564
16.792
3.02226
17.4057
5.29195
0
0.00767056
3.20084
0.323589
3.98324
0.240524
3.80017
2.16403e-06
4.68004e-07
15.2168
0
8.57531
9.92023
1.67951
0
0.111741
0
0
6.73252
24.0685
1.28801
15.5993
12.1456
0
0.932132
0.246476
0.0636935
2.08519
0.635266
4.94185
0.840545
0.129684
0.729566
4.03854
0
0
7.43193
2.07257
2.83613
14.9895
3.82892
0.873366
0.412704
7.75081
9.36172
4.37561
0.911266
0.981707
0.154521
0.444338
18.425
0.0833162
0.00040374
13.1901
2.36813
0.375666
9.15065e-08
23.2321
4.60089
0.10501
4.89572
0
8.04479
0
0
1.53315
18.571
0
25.9034
0.985623
1.67032
0
12.8345
6.30047
5.93497
13.8991
5.52532
1.17648
32.9295
9.90651
0.881371
0.943007
0.000262691
34.1087
11.7682
8.6249
9.67618
0.510351
1.4955
0.0987255
14.1587
23.2958
30.158
24.903
14.4075
19.2322
17.0807
18.9618
11.5768
16.5489
6.3729
13.0329
13.9778
17.1345
0.0259741
0
18.8712
12.9122
0.230455
4.8581
2.03621
0
15.8372
11.4612
9.56177
0.910571
68.076
15.2017
13.859
12.5969
13.8137
5.76944
8.85966
9.43137
14.3661
0.693851
0
1.19056
20.0503
18.2285
20.0836
20.3292
23.5091
43.5202
41.8022
32.6232
30.0683
50.9162
49.1063
33.8947
4.88109
5.97371
6.91099e-05
0.966403
0.0353412
1.03426
1.60576
0.0682907
0.0509633
0
8.79848
0.169281
1.95592
12.1623
6.6067
6.96884
7.29948
7.02072
9.46522
1.85813
5.92151
3.26351
9.17204
11.28
14.6796
0
28.1781
19.6687
17.8484
22.94
12.8136
17.906
0.00211155
0
1.87516
19.27
8.03061
2.73722
2.6788
21.6304
0.00940313
0.440421
0.0584896
0
0.000836286
32.7057
0.000189406
27.8803
8.11001e-08
51.6661
36.7583
0.369608
0
0
22.994
32.0654
21.019
8.54204
0.183789
0
41.3505
29.4519
0.292176
0
10.2273
28.3511
41.8019
0
10.5919
33.0499
4.10095
19.1121
0
0.847688
20.7992
0
0
2.94339
0
0
32.8449
0
1.04987
12.1418
23.8932
10.9693
20.9596
2.684
22.4798
0.978436
18.6484
0
22.3634
23.1429
0
19.2953
13.9665
22.0168
0
6.387
1.24557
15.6609
13.6373
4.95424
6.21301
0
25.5051
12.956
20.9414
0.0349749
16.0115
12.4593
31.5598
23.202
0.13521
1.21829
1.15336
17.81
0
16.0313
0
2.26974e-07
0
0.0492504
22.0452
0.000591525
5.65953e-05
0
24.2485
0
15.9939
27.9119
0.817321
14.7918
3.08288
16.5628
15.2145
21.078
0.0348314
0
0.0325849
0
0
0
0
0
10.3699
8.26769
1.92875
22.4627
12.5969
7.86309
17.4708
16.0758
0.0529511
24.2741
12.6972
19.5732
16.9632
18.9531
24.7465
17.9778
0
19.2173
30.2898
23.1486
17.5147
34.7719
4.91729
23.6685
19.1404
0.343079
20.7472
0.00152731
0.0472584
22.4657
0
0.531386
0
0.0493624
0
0
0.00337554
1.30604
8.57877
5.86387
0.887259
0.0218136
7.43715e-06
0.170169
0.031549
0
2.3867e-06
0.334087
1.24129
70.6191
3.14696
31.604
17.1677
1.71607
1.55607
9.92448
27.2547
0.00612402
0
18.2392
3.46297
12.9835
29.1123
0.536492
0.561434
0.000928114
0.705168
12.907
24.3426
2.17249
0.00392001
0
0.0393002
31.4679
0.598945
17.951
15.0148
0.0133612
1.55008
2.3057
1.07306
0.404499
3.06941e-06
6.84104
0.975895
0.012052
1.51115
13.8241
54.2283
0.972356
2.05779
28.133
2.75555
15.8181
11.4432
1.6219
12.9046
0.0165402
0.484658
0.0184132
3.34361
1.7663
9.41301
18.2743
0.588884
4.40514
0.00622807
0.991827
0.0734748
2.2697
0.776856
0
1.9355
0
14.6455
9.83249
1.614
8.03187
1.20122
7.89795
1.25424
0.010613
2.36527
7.65585e-07
0.0212791
0
46.8132
21.6994
24.9897
20.8976
13.165
12.738
0.124182
7.8968
19.9964
0
18.7155
0
1.9155
0.0331818
4.77718
3.73623
0.831104
0.758192
0.565177
1.16677
4.05776
6.03733
7.03313
5.93362
8.69873
0.908694
0.0850599
0.00546397
0.0767598
2.1181
13.9332
0.044221
0
4.27414
4.11977
7.18381
0.656333
0.999237
0.0199188
5.61617
3.00196
0
25.8141
0.895119
18.9117
0.122254
1.7262
16.035
15.7088
1.24714
2.36221
10.3394
23.5767
0.66394
25.0323
1.2469
5.22221
2.5948
2.3784
0.00701265
3.42991
4.31586
10.954
9.50872
6.24437
1.92456
8.43039
10.2078
10.6487
10.8894
2.23149
5.1809e-06
3.46822e-05
0.033913
0.553118
0.190682
0.746683
8.16069
0.264128
39.9768
0
4.21384
1.16615
0.820816
1.24545
11.0531
1.67452
3.33729
20.3862
16.4049
1.45194
6.84164
4.33655
0.160693
0.152903
40.1875
10.6251
13.4083
5.07116
0
0.000813141
11.589
9.9095
0.362184
0.740365
5.0893
0.00247105
1.75113e-05
0.661723
2.21497
0
0
0.729902
7.17705
0.354764
4.13466
0.0101704
79.0443
4.85001
0
0.286212
6.3253
0
4.14368
44.3561
0.000979563
6.40277
28.5094
4.3299
0.796403
44.4912
1.14172
1.79074
2.12155
0.0225167
0.192334
0.0560588
2.17083e-07
0.638737
7.11786
0.322666
4.33468
9.31493e-08
0.830246
0.103019
13.9139
1.10013
0.682553
0.0175334
0.687618
4.0114
1.33936
0
11.9203
0
5.66078
1.46804
0.192962
22.0595
0.717535
0
1.8648
1.10736
2.24442
1.93808e-07
12.5842
6.99477
2.97352
45.0022
21.0297
9.96383
3.42269e-05
1.33853
1.06397
6.04115e-05
0
1.11572
0.308818
1.31172
1.88246
26.6941
10.9081
0.603026
2.75377
0.28042
1.4416
0.26642
1.8667
5.43616
0.00077673
0.623061
0.591857
1.06375
0.549502
1.15155
1.38431
0.000170048
0.0293177
0
0
0.0494926
2.61171
0.0200011
0
0
7.98109e-05
0.000701984
0
0
0.000159298
0
0.000564946
15.176
0.073352
2.1704
16.2766
0.000724776
2.02214e-06
26.6264
2.26227
11.3072
0
0.464349
0.426601
0
0.374394
1.89952
0
0
0.591274
1.00208
2.09368
1.88911
2.56811
0
1.21981
26.292
0.621447
0.519656
15.8345
0
0
0
0
2.20292
1.28973e-06
3.039e-06
1.81956e-06
1.32155
0.884568
0.000579316
6.68167
0
0.606433
10.3498
0.303121
0.000437557
0.205119
0.148683
0
0
0
4.366
0.0161609
17.015
3.58976e-06
0.036043
7.4562e-07
0
0.0126826
0.112792
0
0
0.00488148
17.1232
2.43005e-05
17.9214
4.02782
20.0505
10.7283
0.00292891
10.3728
24.5683
35.5397
3.00812
0
0.419522
1.08769
28.7625
4.53546e-05
9.50011e-08
0.393943
0
0.173041
15.7083
11.4154
0
0
12.515
6.52836
4.88412
8.33071
3.33718
20.3503
8.37867
29.9007
0
2.02191
11.7316
0
11.6966
10.3502
17.3726
12.5973
3.22777
5.75449
19.5658
20.5762
14.0372
13.8304
10.2202
1.47506
2.68711
0.21257
5.76227
5.78847
0
0.0372087
0
0
2.46295
8.01321
4.00252
0
3.50038
0
0.451331
3.61567
4.825
1.78063
4.82414
0.0232412
2.14321
1.94782
6.23359
3.87879
11.3465
0.0160167
0.819766
3.79715
7.62217
2.54521
1.3074
1.05248
0.222939
6.4484
0
0
0
0
2.55776
0.814756
0.461171
0
0
0.00102993
1.83396
0.00372241
0
0.00883751
0
5.73909e-05
0
0.1468
0.447857
0.000554646
0
0
0
0
0
0.0313944
0
5.05475
0
0
0
0
0
24.2071
0
2.71529
0
0
0
25.7828
0
0
0
0
0
21.3094
0
3.12782
1.25716
0
0
1.79604
2.3188
8.0536
0.0180167
0.621376
0.855621
8.08563
3.6561
0.113741
4.8921
4.03362
4.39752
5.91845
4.57446
3.38011
5.99172
13.5732
11.2564
11.1359
10.5982
0.000712258
0.118197
17.2925
6.54538
8.39776
12.2869
13.2638
9.40425
5.75105
9.52468
11.0174
21.4686
8.61869
13.501
14.7998
8.85983
18.4589
16.1258
0
17.545
0
13.2457
14.7821
11.7959
19.9202
6.22357
17.9401
15.7391
12.6608
1.06305
14.6404
12.7342
11.7237
12.7793
10.9626
26.6611
16.9508
13.7719
5.2606
17.6258
7.60574
10.0704
0
3.7466
7.667
10.1192
0
11.5386
7.24695
3.49869
1.53356
0.630916
0
2.47147
2.79874
4.84778
1.6801
5.61358
0.103611
0.476038
2.34629
0.692169
0.161532
0.191068
10.0054
0.000274801
0
0.00289661
15.8256
0
2.53251
1.32593
6.00062
2.73991
0
0
0
0.664293
0
5.15635
2.33338
1.69972
1.53683
4.15559
11.3524
7.84805
25.1247
12.7428
7.55668
17.0641
15.4573
9.00491
29.2816
13.1215
38.2247
17.3406
26.3903
13.0575
0.617049
9.45868
15.3807
8.47548
0
20.8296
0
8.41595
3.7268
1.56941
8.5847
6.32093
10.8097
0.0632207
15.3382
1.48308e-07
0
5.99317
4.92434
1.92673
0.00114019
2.07002
0.702719
0.416284
1.80908
5.55354
0
1.86762
14.5013
0.0452962
0
0
0
0
0
1.53118e-07
0.00186442
13.9772
0.826442
0.0029528
1.26936
0
15.1216
32.1512
0
0.909005
9.61605
8.77188
0
6.95714
0
4.82335
0
0
0.669609
2.94816
1.29711e-07
38.617
0.768611
15.1365
0.473144
1.17605
0
0.00912692
0
17.1626
0.248897
0
0
10.9346
0.961739
9.63658
18.7749
29.307
14.9757
17.1967
14.0195
1.67639
4.27193
17.3006
4.92513
2.97228
17.7693
2.28092
0
6.4759
3.88288
6.18
0.257303
30.1526
1.05755
0.537251
2.58177
23.4998
11.222
5.19631
3.16257
4.41139
8.35591
7.43219
4.03346
13.4785
2.02869
0.0593899
0.115179
0.53949
1.59684
0.0584588
6.91904
36.5519
30.9222
13.1401
2.40726
12.3319
11.6883
1.31647
17.7564
3.12999
35.8653
5.2995
3.16947
0.73616
32.3974
17.4808
4.61481
25.022
23.9035
0.0119914
0.0182823
0
0.00123029
0.747653
0.0207241
0.00342659
0.389491
4.41468
9.23537
22.6122
1.70944
38.5315
0
0
0.275041
0.121595
2.74289e-06
0
0
0
4.72148
0.0560173
0.288111
19.5778
0.681503
10.1046
6.39702
5.14223
0
0.000541676
10.1689
17.3864
6.67453e-06
8.60947
3.97564
7.8882
0.00217971
34.692
28.9659
0.000106099
7.54121
11.1003
0
0.57406
0.908765
0
0.476978
0.563291
26.1347
0.0237233
78.4308
41.2626
33.6908
0
0
0
0
0
20.4307
4.86505
31.32
0.0269423
10.4244
21.5731
24.0525
5.04191
4.27003
3.15437
5.65871
0.0188177
0.126744
6.98525e-05
0.859451
0.0167545
3.54931
0
0
0
0
0
0.778142
0
0
0
0
1.09862
2.13483
0
0
12.3521
0
0
0
0
0
4.56994
14.1477
0
1.46177
0.925755
0
0
0.236427
0
3.20747
7.73637
8.19358
7.50466
6.21086
6.41674
8.406
5.39977
9.39978
22.221
22.3854
4.57646
40.384
30.152
52.1952
6.87579
10.4248
20.9841
16.493
14.4994
25.8795
11.3926
10.3775
15.4435
13.0502
11.6776
8.59276
6.52282
8.09179
8.59168
7.01908
11.783
7.85791
8.91666
11.2628
18.9494
8.42925
2.42639
0.880603
1.11004
0.686618
2.69406e-06
0
0
0.00636327
28.1981
25.3831
0.107602
7.14886
7.06947
6.49508
0.000356882
0
6.09015
0
9.25032
3.34682
0
0
4.84369
12.9318
1.23466
14.4226
22.5312
17.0544
9.32136
0.527972
12.8447
0
11.9294
21.9868
8.7928
56.1266
11.1634
8.4944
7.56293
5.87359
4.58861
10.6979
29.3432
20.7109
9.36806
0.847146
9.28431
2.18534
3.77709
7.04879
6.78187
17.0178
6.21136
24.8773
24.9473
22.5603
18.4427
14.2284
12.73
20.692
10.5166
12.1329
10.5234
14.1352
18.2448
0
1.12575e-07
5.12904e-08
2.31105
4.04213
7.16965
12.1413
9.39608
12.62
18.6267
12.6854
12.674
17.3423
2.11005
13.7511
12.2663
9.8926
2.303
4.08392
5.4058
8.4183
6.07139
18.6978
3.11644
8.2867
10.4388
5.41798
4.16748
1.57985
7.57846
21.6315
11.9928
5.86126
18.2326
13.4097
7.02645
12.8593
22.3643
5.24604
6.02381
36.6842
4.65923
3.20462
0
1.51553
0.675183
9.52581
12.4577
4.45386
13.3117
0
10.9246
13.966
18.9632
16.5794
9.60332
13.6523
16.3215
41.4561
0
0
0.0170977
44.3901
39.0171
42.3942
7.11895
43.6886
4.7277
7.78205
0
5.65398
0.0531246
5.51997
35.5807
0.0446949
12.9155
71.0805
30.8699
14.1974
5.52872
0.667097
33.3856
12.0865
30.5838
10.2717
11.7443
37.8799
34.2834
32.4671
40.4277
10.6363
21.3547
6.83076
19.8863
12.1705
12.4611
21.1888
12.1323
10.0542
8.03797
13.4384
9.6418
17.2257
9.11304
12.9634
16.3173
8.14923
24.7588
30.6489
16.7922
20.269
0.00254651
24.287
0.0470212
14.4131
8.47515
26.9342
14.4131
22.5629
16.5273
18.5771
14.1819
13.3395
7.06197
7.76727
11.6064
3.0282
19.131
12.012
9.07541
12.577
6.23028
11.1257
5.56318
5.84273
9.80988
0
3.89495
8.53368
14.7426
7.41359
17.4075
1.439e-06
0.922608
2.3237
20.4437
15.7325
10.6078
0
20.2224
16.4597
8.81039
16.66
4.10083
9.09534
20.6943
21.1976
3.78314
2.61389
1.16925
6.12326
12.0579
0.0974496
1.70207
5.46741
1.00604
0.644788
2.24992
0.0203146
0.284019
0
8.1842
1.1866
0.946767
0.20811
9.04833
0.388189
0.259363
0.80295
5.56503e-06
0.00569933
6.47394e-06
0
0.00929993
1.8669
1.12308
0
0.195478
0.335484
0
0
9.47658
1.18617
4.02196
3.98684
0.0707815
13.6299
0
0
0
0
0.288696
0
4.64894
0
11.6781
0
15.0077
0.882802
9.42836
1.46036
0.420198
18.4629
0
13.2572
9.68112
16.7697
0
31.3729
0
1.18984
1.21126
0.771495
10.4812
16.7537
1.74008
0.145832
17.6302
3.17792
0
4.24807
0.110587
3.61509
0
2.60929
0
1.8624
2.85835
3.3515
0
8.04836
0.554385
0
5.90351
12.7543
1.69811
14.3415
0.174286
16.2944
14.239
15.7113
6.33907
0
0
0.00191268
5.50696
10.8234
7.922e-05
0.000588398
0.00507686
1.44274
0.0717818
0.00129349
0.746461
5.74654e-06
5.91446e-08
0
1.57727
0.373988
0.716957
0.00137232
1.45935
4.3051e-05
0.517369
0
0.0018928
0
0
1.86565
0
0
0
0
0
0
2.35295
30.3829
22.7838
25.9788
9.26101
23.53
2.53049
9.55241
0
0
0
0.996433
13.074
2.40961
5.77903
0.701678
0.621564
23.0031
43.8476
25.6481
21.5276
16.5449
1.53315
20.2274
18.717
5.11061
2.93768
7.62322
3.69609
5.45693
6.22113
1.84144
23.6423
14.5642
2.40508
24.3161
0.111715
9.13835
1.27099
26.1364
0.840674
37.2401
31.5044
1.93727
1.50767e-07
0.800459
0.163848
0
2.18089
0
0.531786
0
0
0
18.4391
0.0150309
12.059
0.569188
16.5154
3.44492
3.67282
15.5979
18.8749
14.0691
3.64273
0.590949
16.1639
20.2585
18.2917
25.6322
27.4843
16.7384
26.521
0.73736
16.5626
0
31.4845
18.2453
18.3726
8.94797
1.24593
28.8205
7.88708
33.3276
5.06505
24.7055
25.5384
17.4191
3.49123
19.8173
16.5775
10.352
14.1909
0.000448668
4.47929
43.1763
0.72197
2.80845
25.0813
0.177392
19.6011
1.85222
0.0948087
3.32392
0.0201287
5.42521
0
36.7915
57.4602
27.7097
12.0079
6.9663
11.9217
3.86488
7.99257
0.000327505
0
8.21654
21.7565
16.2118
26.9023
26.2984
19.0456
22.2111
7.29792
23.5251
21.3999
7.53732
19.9247
0
0
3.86039e-08
10.5161
0.0478453
9.81387
21.9692
2.95252
2.01578
0.00387706
0
1.06739
0.154736
4.15364
0.987398
0.19506
1.72609
0.426259
15.3262
1.76408
2.23629
8.40076
9.79779
1.19091
25.3889
0.340783
3.10901
0.345312
6.81489
0.10696
0.707116
1.19833
0
0
0
0.0111187
0.584057
0
0
8.82118e-08
2.6839
9.88814e-06
0.00699183
0.131603
1.00616e-07
3.26686
0.00486455
0.0184866
1.77421
5.19808
7.1665
3.34514
0.812593
0.0119813
9.40299
0
0
0
0.00985809
16.1044
0.104547
23.6743
19.9305
21.4541
4.62149
12.5606
5.2965
10.992
3.36544
7.02995
7.59345
1.23791
12.2997
9.369
1.05205
0
9.09148
0
7.30727
4.86629
34.1985
3.78797
22.3718
22.8977
0.520977
22.9872
5.24537
8.4429
12.8439
1.0346
20.786
0
25.5601
4.32197
0.0972869
18.1218
9.15688
2.49579
3.00289
0
1.98657
0.54543
2.49293
1.82219
8.18902
5.84312e-07
11.5067
6.60788
31.2919
20.948
22.1705
26.4268
16.4063
6.99908
21.5708
26.4517
29.0974
16.2875
12.7392
12.7584
19.9377
0.105118
7.28302
7.45336
22.288
11.7076
6.73129
10.6496
7.34311
9.39944
15.5502
16.7654
4.3742
15.9155
14.7912
8.6007
13.6276
26.6638
11.2447
11.9165
16.8743
4.78002e-07
9.53234
7.83188
2.5738
6.72452
13.656
6.42246e-05
12.904
16.2827
12.1506
0
0
25.6423
12.9513
12.1761
20.113
6.52466
17.3271
14.5919
3.54585
18.7126
27.8138
10.1719
5.67188
22.2685
34.643
30.9062
19.6111
34.6677
19.5846
32.8055
25.1138
34.7748
21.2064
1.01668
16.4795
23.1836
31.4223
10.3695
24.6797
37.8672
52.9873
24.7227
0
38.4853
33.049
26.0367
0.835263
9.34616
17.8532
16.3346
28.2904
13.0035
24.0969
16.0118
1.81257
0
4.55822
0.131857
14.9266
9.70394
19.7919
18.0007
33.8431
17.6368
22.4615
0.0365652
29.9928
0
23.8382
28.7865
19.3143
23.4204
22.7162
38.5562
48.1597
15.0455
27.2755
23.5082
12.1899
22.8108
0.625542
20.7253
2.89403
21.2129
0.149209
11.4276
5.91726
14.1601
11.793
3.61319
21.9512
15.9754
1.23349
7.93288
6.67884
11.6172
13.0468
15.721
0.500804
5.82993
8.47402
6.30122
3.1258
0.721081
0.722718
8.86573
2.40488
9.20493
0.261425
17.6832
18.5675
13.069
14.0537
3.00186
7.66553
35.9137
0
1.92466
2.987
5.46534
0
19.897
8.82276
8.73719
8.15705
11.4531
13.2863
15.8172
9.52854
11.1537
12.1932
7.5484
9.8512
13.3613
6.36102
4.20414
13.6626
30.4279
0
13.9263
6.56661
26.2584
2.59184
1.38834
22.6174
10.6437
42.8571
16.2251
19.8006
23.8061
6.74981
30.923
14.1621
15.9518
5.89304
5.16021
17.0868
25.5551
34.7514
21.0223
0.0310316
6.63443
27.965
19.5548
51.0338
15.5232
6.16285
12.5687
29.2567
18.6414
8.83832
0.269631
7.64421
1.32166
11.1492
11.4895
9.4821
0
6.9776
9.84233
18.0333
11.6657
12.5913
8.87377
7.33179
0.94144
3.0571
21.6838
6.68932
11.8374
13.5941
6.41494
18.6428
8.64404
17.9482
5.9238
5.56413
10.8518
9.07125
10.6162
13.5481
2.14281
12.834
0
4.48254
0.371176
5.70887
0.754359
0.00310438
12.3877
0
0.0409428
20.7099
0.66136
8.57532
0.00576378
9.55875
3.88323
0.168967
18.8886
0.150694
0.144558
0
0.0189391
0.0189865
12.5159
7.10049
30.4909
13.828
14.1791
14.8669
16.715
2.84155
3.5419
2.38087
18.5461
12.5963
6.19759e-06
20.152
17.5078
0.0119519
8.68467
0.0841723
3.9063
6.52284
2.36799e-07
2.16268
0.165858
1.49411
19.1942
0.0171667
0.000119227
0.000560272
0.00901301
0.0339217
4.30789
18.0488
15.8213
0
5.58503
6.56367
11.4269
14.1644
5.49248
8.63822
9.50372
4.83047
5.16391
21.0054
4.82293
0.958784
8.47511
6.91432
7.11628
10.73
0.00133833
8.04204
10.8685
16.3777
3.16763
6.16468
5.99231
112.221
10.0332
16.2239
11.1966
121.294
9.33551
9.27708
3.77505
2.53334
5.99216
5.8995
3.10486
42.602
2.73616
8.47502
7.97105
6.67217
4.80007
17.882
17.1977
15.1958
0.647283
5.93293e-05
13.9484
17.421
1.90595
0
3.6704e-05
0.00911988
8.69018
1.64876
0
0.0921696
0.00433755
1.72335
0.516722
0
5.51795
0
2.58918
7.66092
0
0
7.12402
3.92474
14.577
0
2.12902
1.83472
0.0892385
4.2357e-06
0
0.394217
0
1.60002
23.1291
5.36747
0.0362726
0.133348
0.671816
0.00124124
0
0
0
10.8204
2.59163
8.34068
0.841508
7.03084
0.10207
21.1952
9.46976
6.98082
4.97199
9.01237
2.13536
11.5173
3.57405
3.62693
2.29144
2.74236
3.33881
2.09266
2.91089
11.8548
48.6784
35.6158
14.8634
9.25398
1.28952
6.09565
0
1.55187
9.93916
11.9126
7.73306
4.4412
5.78706
7.59424
19.3543
0.33661
9.17388
13.4057
16.1338
25.4508
15.6506
12.1767
15.9064
14.99
6.17106
12.3636
10.3361
13.728
14.8202
13.2154
14.6879
1.15001
15.3602
8.77615
2.76677
0
0
1.81389
9.46585
0.98738
0.0047623
1.00155
19.8169
27.3926
6.30759
5.09098
6.52623
11.9539
19.0322
7.42105
6.10186
0.0607368
0.393753
7.02476
10.5496
53.1766
8.51246
30.6418
18.9209
14.1491
15.4617
0.684802
0.00220219
3.59731
8.50652
18.6876
6.01321
8.16345
1.1754e-06
13.5444
14.7255
1.55674
16.3801
1.2359
5.80263
1.11303
37.2637
34.6638
5.61227
0.428621
24.8703
27.2722
0.665208
0.0146361
0.838261
0.000191196
2.84116e-05
0.0208197
13.1376
3.27418
4.01396
0
0.0767239
0.987788
7.67396
0.718577
10.3196
9.14002
0.271203
17.2391
1.88091
0.000414926
0.690782
5.41197
2.29363
2.5513
0.122226
0.983062
1.31681
0.0943153
0.00796157
0.0190015
2.59308
1.60436
4.18495
7.6813
5.08391
0.643447
1.22538
0
19.4471
5.95747
7.19552
30.7887
8.80355
1.83765
7.47182
31.8922
14.195
6.603
19.3638
2.3749
1.05396
7.76447
2.8116
19.2466
6.95592
4.45149
4.1693
5.1969
5.93324
1.16985
4.96284
14.6248
0
0
0.00269808
0
4.34909e-06
0
0.397417
4.37563
1.15662
1.66389
0.0422834
8.80195
0
0.780737
0
3.26085
0
29.0639
2.72145
9.74396
7.12841
26.7986
13.5896
17.0168
3.60915
8.01355
17.3517
13.9965
1.35701
12.191
31.6089
2.63968
3.8945
9.18339
0.513001
46.1688
17.0342
14.7632
28.0667
13.2463
5.07501
6.69068
3.73134e-08
4.82611
0
6.09241
0.609965
0.459252
34.5422
26.8037
0
14.8811
7.15847
16.0557
8.77672
0.0643332
12.6478
15.8742
41.9079
24.2552
15.4687
27.068
3.95997
8.07658
11.7873
3.11851
1.66938
0.11508
13.3761
1.13132
1.21927
1.53599
1.07517
1.18307
2.16244
0.0193689
0.304918
0.361873
0.152796
1.28937
0.530371
0.801327
6.31981
0.679762
0.295783
0.594543
0.0015476
2.59671e-07
0
0
1.37938
0.900393
0
0.365841
0.395371
0
0
0.884942
4.15917
2.85657
17.2506
0.850927
11.967
4.54664
2.56559
2.57998
1.82341
0
0.143056
1.23178e-06
9.29849
0
1.75644
4.15954
12.1345
1.5107
4.38598
20.9145
16.375
15.9263
6.74978
9.79611
33.341
0.172431
27.3183
15.7839
0.42164
1.10731
5.81466
0
3.01065
13.8302
0
3.9946
1.15878
34.8818
0
0
0
0
7.26951
0
0.163294
0.000349564
1.37e-05
13.0762
63.2145
38.15
30.4358
0.321091
38.0226
17.8209
1.5127
22.1032
8.85566
12.9626
6.37327
0
0
25.5444
0.0446623
0.00146527
7.5745e-05
0.512877
0.69883
0.850858
33.4022
0.0925835
0.0456512
9.95244
5.32052e-07
0
0
0
9.15344
35.9292
0.00756934
0.302545
0.801391
0.133383
0
0
17.9125
0.0281615
2.80361
9.64609
0
0.333594
2.74498
0
0
0.000457378
6.2844
8.06363
0
0
0
0
17.9602
0
0
0
15.9694
0
0
0
0.489611
0.0715862
1.209
0.0149378
0
0.108473
0
17.9698
0
0
15.1036
0
0
0
0.887175
0.0508964
0
0
0
0
0
0
0
0
17.7602
0
1.89124
6.5336
0
0.0302751
1.09434
4.12569
0
0.00258734
0
0.661573
7.72702
23.8141
6.78692
2.62008
3.09629
0
1.44253
6.3728
14.288
2.30906
0.813351
3.90518
2.04644
19.6048
3.41533
0.000151784
1.8446e-06
2.30239
0
1.95854e-06
0.931031
6.82011e-05
1.93526
2.25804
3.77636
2.25583
9.74512
0
17.9799
3.80367
0.453356
11.9713
9.59443e-07
6.4591
10.8731
2.78697
1.35723
9.16963
15.4841
0.757618
1.52752
0.689027
2.70846
56.8328
2.1724
0.0251806
7.00855
0
0.523588
2.43768
25.9358
0
0.921061
15.137
0
0
2.26131
1.786
0.138703
0.486056
0
2.42081
0.189753
2.43239
2.66183
1.68366
0.790859
11.8391
4.81674
0
0
0.829357
0.00183588
0.0143732
23.5259
13.5926
2.41006
0
7.38101
11.9603
12.9125
9.01885
1.00074e-07
21.0629
10.1787
20.0643
13.4799
0.0778069
0.913892
10.4211
2.42542
18.1382
3.08145
1.04712
7.97329
0.918074
0.368083
0.000565581
0.0012265
15.2847
0.7124
0.966922
18.8003
41.4701
0.086861
9.72441
7.22157
17.6788
8.71129
2.26979
14.4054
18.9494
0.571247
7.65417
19.7459
7.04991
1.36151
10.0315
45.6405
15.224
20.5154
21.0726
23.3323
13.8692
24.5715
22.2851
0.524619
27.922
0.0597527
6.39209
8.15974
7.77491
9.1285
0.0704911
0.938824
2.24643
0.014892
0.909458
1.56541
0
0.644351
0.172847
0.416792
3.79537
1.47037
0
1.83543
0.012875
4.20548
0
0
9.22029
43.5599
3.49397
0.00510248
3.6883
12.3063
0
1.81944
17.9884
11.174
14.7629
7.58196
18.9255
0.207218
1.82743
0
0.0189193
26.4738
0
0.787304
9.22038
3.18769
0
15.2173
1.47234
0.121459
0
0.137815
21.3513
1.82681
0.137724
13.2171
2.48435
0.33343
35.1009
14.3315
11.356
23.3698
9.45127
8.39637
7.43436
1.91704
2.52219
3.12424
3.74571
8.66653
4.22121
2.59676
23.8026
0
12.1505
11.9308
0.292219
11.9116
10.2915
18.1202
12.0315
0
0
0.101216
0
0.013031
0.026678
0.0474807
0
0.0412095
0.00324556
0
0
12.674
14.6997
0.435586
45.1035
3.88295
5.24753
11.3368
6.68343
8.64498
1.24323
23.0811
9.34564
10.5858
12.0178
4.47936
5.80004
4.4938
10.1545
2.55724
8.18237
12.4799
27.7176
9.35166
6.46508
2.80489
12.1349
1.67055
1.57824
1.97649
0.880339
4.10043
0.750883
2.51751
0.000129834
19.8694
0
5.96673e-08
33.5428
17.7308
11.1966
11.2001
14.1793
8.49912
1.20257
0
0
0
0
17.098
1.72974e-07
1.10965
0
39.8126
15.834
10.5965
3.38319
5.82133
0.698404
0
0
1.2349
0.0957111
0.360372
0.96996
0.984805
0.0764142
0.297209
0
8.05156
0.00283529
0
0.36883
6.56801
3.26675
4.42263
6.16347
5.69568
3.78292
0.193419
0.0951725
0.808751
1.05565
8.80216
1.28595
0.216265
0
22.2136
2.88874
0.749274
22.3109
0.18228
26.2902
0
0.650195
19.1885
