11.8531
4.69852
5.93507
0.237007
1.84235
16.512
0
5.53551
10.1832
7.28141
5.50694
0.0429082
0.0593558
2.48741
16.5411
0.104156
3.97213
31.8856
12.1589
5.35315
25.4449
0.291563
0.0500265
0.307911
1.90773
1.01459
3.21066
0.846369
15.8439
1.35283
3.33389
0
0.128313
1.65153
0.707698
0
0.0571002
12.008
4.18149
2.386
3.24454
22.716
1.10328
7.05218
0.317427
4.06236
4.39006
0.000687392
0
0.23539
1.43887
0.294264
3.6368
1.08653
13.5397
0.783254
14.3444
5.55308
0.0135842
1.99404
30.5139
0.0786691
15.8324
5.33653
20.2573
0.00587882
5.34458
2.95706
4.05701
1.46628
3.41267
0
0
0.000105004
1.43287
1.40644
10.3029
3.02844
0
0.993597
0.00688916
0.430349
0.00316717
0.366739
7.36004
1.51366
2.5024
1.21564
2.39425
2.19794
4.39306
2.01302
1.26656
1.42793
1.73977
3.51034
4.38061
2.56736
0.708093
3.36703e-05
3.64197
4.78429
3.31563
9.7146
1.73948
3.38625
0.216041
2.68968
0.484663
4.46284
1.33614
1.26563
0.0132332
1.56147
3.61796
1.95861
2.24479
3.99546
3.1385
2.54429
0.300187
1.92415
2.51401
2.91396
0
4.89714
1.94829
0.0290106
0
0.352949
3.1495
1.5703
0.01108
0.0536695
3.0006
0.675022
1.15027
0.986617
0.053236
0.00639626
0.531177
0.00396753
2.89906
0.0458672
1.57007
5.19586e-05
0
0
5.33738
18.5314
1.44036
1.18067
0
0.978669
2.13272
0.893882
9.92086
21.9583
6.20536
1.34734
3.6102
19.5469
0.17395
2.41221
1.05071
0.779171
1.70506
6.45824
0.0158806
0.0336883
0.651952
0.703514
0.100283
0.401628
0.82285
0.143484
2.03748e-05
0.658062
0.0400011
0.632499
0.0516576
10.5659
2.77441e-07
0
5.0905
5.22544
14.4571
2.15416
15.5016
41.5572
14.3476
8.55411
13.7368
13.9077
0.396736
0
6.72837
6.93868
9.01082
6.98021
16.9909
24.7406
15.6993
20.4306
9.86739
2.56785
9.39895
0.630268
20.2239
6.59705
26.2299
16.0542
0.708024
24.3087
23.0869
31.2703
2.00886
31.7847
30.2691
5.98317
1.64531
12.6032
36.659
3.33931
10.1106
9.98677
10.6199
14.2723
10.0426
0.137903
2.06927
6.69942
9.78538
0.617864
6.50763
3.2304
4.60059
4.16213
1.99492
4.09445
5.54455
3.3699
0.96058
2.43872
1.02914
2.1184
0.763746
1.01936
0.657609
0.727904
0.0010201
2.22268
0.0460775
0.0612248
0.000262007
9.96072e-08
2.51778
0
0
0
0.0933764
0.468662
1.44131
1.87104
0.977822
0.288094
0.825287
0.0119381
0
0.00088157
3.74523
0.12784
3.16072
0.662137
0.449891
0.115284
0.202082
0.0804568
2.95691
0.000219155
4.20333
0.221593
0.00792508
0.949794
0.0427001
1.8605
3.2211
0
0.913651
20.317
0.0660703
0.0510555
2.31719
0.157661
0.427274
0.0340054
0.961982
8.97219
0.889329
0.82812
1.83628
1.87763
6.23271
5.58891
0.851135
10.0683
9.37692
0.264705
0.155699
0.0796997
0.791634
0.00039563
1.42654
0.279692
4.83593
6.25469
14.5386
1.88718
4.75545
1.63003
0
1.15554
1.20143
0.397361
13.5294
20.8099
7.1195
0.00608699
0.00292961
0.990068
0.986355
2.84635
0.014428
2.91167
1.84635
3.17299
1.80387
1.65785
6.17675
0.0187947
98.1489
1.42956
11.3571
0
0.696667
0.747779
0.329368
2.511
2.46682
2.35404
0.369324
3.05833e-08
7.52382
6.33742
0.732563
0.518271
5.1102
3.47864
0.113039
0.702092
0.782887
32.9732
0.108869
0.819941
0.00210733
0.0116557
1.76433
0.00278706
1.3355
1.20515
0.0690562
2.46834e-05
7.18468
1.27972
0.105623
1.18435
0.00214468
3.27604
2.42127
1.64183
5.35195
1.96349
2.45129
4.46152
15.9008
2.35834
3.05709
8.43906
4.38933
3.10751
3.39557
0.422872
1.88522
2.02739
0.378174
4.73302
6.2451
6.25797
3.13549
21.5745
8.87644
24.7348
8.94387
11.0407
21.1309
5.70296
3.62706
9.25903
3.51833
0.0418545
3.64883
1.57374
3.17694
33.8343
2.06119
1.99495
77.5304
10.9236
2.00526
0.0664238
3.49287
0.930815
1.03141
2.94874
2.7733
8.7459
10.0481
2.3059
5.58911
7.0472
3.70926
1.73796
3.6633
9.96253
2.49064
5.09108
7.07229
0.261806
2.32131e-07
3.34966
1.61026
2.82712
10.0578
10.6144
14.2097
0.033858
1.7448
0.965669
9.96426
0.227664
0.0586177
0.550793
32.1814
3.12518
10.0854
5.47878
16.3102
4.99634
4.38261
3.97399
2.42202
0.000833455
0
0.00467373
3.52241
3.18672
4.14143
1.27468
0.701407
1.19039
0.948543
0.0525257
0.0410678
1.64502e-06
0.893453
2.6782
0.711101
3.36287
2.63035
7.27983
22.0609
3.96782
9.9423
9.55016
9.67566
3.60265
7.64313
6.92556
0.0626561
7.21931
13.0385
27.7827
8.63287
0.279259
0.166654
5.28485
0.0506215
0.66646
2.85859e-06
0.0140032
10.124
30.4668
21.4094
16.1388
26.728
13.4398
3.33766
14.2418
0.602752
6.39647
2.36522
4.12311
1.86983
5.36754
5.49013
11.9284
12.2456
1.71891
20.2672
3.48691
2.80098
5.42374
6.90637
7.50246e-08
0.890075
15.7594
0.0030237
1.22117
0.0637378
0.991471
1.28592
14.1159
0.567301
2.97971
0.199037
1.82105
2.72944
0.189083
0.635658
8.64519
1.50019
0
4.78091
10.8691
2.61857
0.687467
1.33991
0.373436
1.28158
5.70443
17.7044
10.4947
0
15.3119
4.02097e-05
6.4975
21.4586
17.5596
13.6102
21.1576
5.11433
0.20563
0.576416
16.4043
0.550072
0.166973
3.27044
0.853098
2.21286
3.34668
4.82519
10.5856
1.61393
0.636545
0.88094
0.913735
0.255392
13.3096
16.335
1.24583
0.674603
2.75445
1.882
4.30966
2.74685
2.42095
12.5613
0.125802
5.94988
2.43226
0.545123
0.763565
10.806
0.334889
10.4019
15.5539
42.5171
5.21802
1.57556
37.2409
12.1964
15.0702
13.5485
0.32058
10.97
15.1903
0.000941107
0.842248
0
3.56355
4.62645e-07
0.00729186
24.4105
7.35554
1.95851
0
0.186203
0.422664
2.58308e-07
0.00119685
0.0199463
2.24457
0.664083
0.564786
1.20349
0.178938
3.18404
0.260615
0.0327702
0.808969
1.56096
0.446186
0.0786552
2.3911
15.1386
0.28039
17.7509
3.3235
2.5361
0.489414
12.2289
0.888333
1.97913
3.77816
0.000179644
0.123919
0.00516768
1.13534
17.7287
13.2135
0.0602717
9.66349
0.0400493
5.46706
23.4956
4.34449
16.8432
0.0842998
1.24911
0.0308681
0.00276613
0
0
0.180567
0
14.5376
11.7951
15.0936
12.4508
7.27903
1.04806
6.88674
6.24598
19.9477
17.5303
0.0156001
1.34671
0.177971
5.81914
11.5204
1.76737
0
16.855
2.7547
0.108444
4.92255
0.00916855
1.09546
0.15204
1.3482
1.45878
6.89517
2.88491
3.71788
8.48843
0.0366372
1.52472
0
0
0
0.882412
0
0.862907
0.000953234
0.374338
23.4681
1.87213
3.21322
1.62664
0
9.4832
1.72412
0.579377
3.16148
4.83944
3.87143
4.65714
3.53666
7.57481
6.06762
13.0913
17.6396
14.5742
13.9256
33.991
0
2.525
39.4156
1.16141
0
1.43266
2.59324e-08
6.91403
35.122
8.7089
5.27655
14.9686
2.0388
6.9804
0
0.00977349
6.56711
10.0526
0.523446
0.312295
2.9567
0.00417498
18.2078
0.000362635
0.73824
0.00134872
0
0.755283
0.0211223
0.0485416
2.03878
9.43081
3.13227
0
0
0.266188
4.3275
4.15415
0.266739
1.22108
7.41046
1.77569
16.2452
0.0583406
6.0704
15.6654
2.3856
22.3277
0.458166
7.65349
4.75085
0.878511
0.000160441
0.0802422
0.287177
0.00119958
0.859719
9.99504e-07
0
0
4.69725
7.8567
4.30423
28.3151
5.68154
3.6802
7.39151
3.32034
2.07766
2.40565
0
7.7131
1.12149
4.68053
4.11456
10.1542
3.39489
11.0769
2.29966
0
9.08051
0.768026
6.34169
1.92132e-06
0.0349245
0.0270031
6.39074
4.28944
3.44468
4.3983
1.37876
21.0759
1.0742
0.0052408
0.370699
2.91217
1.69972
0.000682628
0.47216
0.768767
0.0600096
1.69996
1.63605
3.0024
0.0679841
1.71593
3.87443
6.98118
9.91141
3.08391
2.12358
8.05075
0.183112
0.0600078
1.05934
23.7316
0.526678
1.40476
1.61902
0.0479594
0
2.56716
11.1777
3.20364
7.07538
0
9.65749
0.924911
2.73666
0
4.97807
0.962732
0.677559
7.53112
0.949924
0.254999
6.65546
0.664671
0.9295
0.00827264
1.87375
0
0
0.169755
5.49728
4.90741
0.00163727
0.952129
8.90113
0
19.4759
0.0662073
0.130831
0.352392
0.00171592
6.30824e-06
0.193388
1.95459
0
2.04065
1.79906
3.87398
3.65345
3.35369
0.480788
14.0096
10.5223
1.06833
1.64616
0.00938866
9.06482
4.6498e-07
3.30012
7.55539
3.52183
7.64931
1.44906
18.7844
0.225755
4.49021
2.86506
0.678592
1.94674
1.08742
0.619859
4.41307
0.776911
4.44088
0.533876
5.34622
10.9885
0
4.23294
2.17255
0.0167916
0.0448447
0.000251087
1.13211e-07
16.9781
0.713113
3.04276
1.12167
0.588702
0.0409517
1.61739
0.53874
5.13314
0
11.343
8.10753
0.451905
0
0.911406
0.070079
11.0598
0.581925
9.65041
14.4396
1.01657e-06
0
6.0788
1.45501e-07
0.0151681
17.417
7.3876
6.08964
0
11.5708
18.44
0.394177
1.74209
4.12286
10.673
0.00506866
0.465043
11.6022
0.0585598
1.43012
0.174172
5.79666
2.19945
3.12438
13.8445
6.33826e-07
0.475718
0.171262
0
26.1155
21.2871
0.0844244
2.94664
12.449
4.85284
2.73343
0.013129
0.00465231
0.265002
0.0141309
0.208854
0.587474
0.497148
0.906684
0.000123544
4.40584
2.16939e-06
5.61451
3.45175
0.760588
0.0742866
0.0317762
0
0.0062345
1.78429
10.3817
2.31104
11.3396
7.51518
0.0401007
1.5668
0.386439
0.0680893
4.90491
1.64891
3.52451
0
0
0.325738
6.03537
0
0
0.562761
2.17008
1.83921
13.6294
0.530659
0.000131869
0.934315
17.2267
16.9795
2.32649
1.21668
2.84027
3.46373
2.64076
12.7785
0.00547396
4.60612e-06
3.82481
2.12245
0.200165
1.15608
5.51928
8.0263
0.513926
1.72839
2.05816e-07
1.60898
0
0
1.42952
18.7707
9.95538e-05
9.24707
0.214835
3.96762
0
16.0484
10.663
1.31048
13.0941
1.88216
3.30267
27.1772
6.63205
0.912655
0
0
4.33951
5.86236
2.37852
2.73512
1.35827
1.24653
1.11269
9.579
14.9793
17.7363
19.0585
2.15131
43.4365
3.25814
4.78731
70.9405
15.8044
4.77434
1.9964
1.84459
5.85063
0.188579
0
11.145
8.33512
0.212404
0.171873
0.284241
0
12.8834
4.55227
9.04292
8.71652e-05
0.809781
1.44447
2.43375
0.367755
10.05
4.67546
10.39
5.24013
1.22178
0.0181546
0
0
5.50393
7.3277
3.38233
13.3764
8.544
3.73617
4.10276
9.41978
7.62761
24.713
24.4021
10.7483
3.75083
13.8862
0.82849
1.84754
2.96891e-06
0.892624
0.183722
3.91573
1.52076
2.15294
12.4893
0.500025
2.75225
2.79049
5.47242
15.0768
18.4505
0.651361
13.6298
19.3192
2.70793
4.59905
1.75263
6.35831
9.49364
0.00849051
0.970398
0.13121
0.494853
10.878
8.5641
9.11313
1.44043
0.0258983
1.83204
6.68667
4.941
0.782785
1.2412
0.893975
0.523023
0.93058
0.0477605
0.122408
0.419766
6.13524
0.0101339
5.18625
0.407494
13.0355
3.29927
0.00246118
0
0.0126439
2.22475
4.27788
15.3026
10.9023
1.14452
1.34998
5.06582
6.29333
1.02127
0.0365504
5.79116
16.8016
8.4079
0.0347765
7.86853
6.96839
0.590925
1.06164
0.396195
0
1.43721
0
0.361513
2.38989
0.00327535
0.218618
3.79021
0
1.79459
1.99543
1.42965
0.955494
2.64013
3.29212
4.45758
0.0232053
16.7413
0.00114004
4.63727
2.14565
0.00309388
0.76946
2.22205
1.4389
0.548298
1.79782
0.350263
24.1026
10.176
2.88835
12.0225
0
1.5418
18.8926
12.8964
0.336516
0.0757116
2.38765
12.9111
2.72821
0.576613
2.85662
2.59201
1.87029
3.39083
2.70939
2.11455e-05
0.0553293
0.864079
0.0300979
1.26504
0.0131838
0.850193
0.39965
3.20022
0.0616379
0.804481
0.474406
0.0560396
0.365921
1.15188
0.928459
4.69756
1.82664
0.653343
0
0.253609
0.00116804
1.92434e-06
0
0
0.971969
17.7815
0.934889
0.36762
3.76063
2.6425
1.64155
8.6224
9.98732
0.0299239
7.9033
16.3743
9.16562
19.5613
24.7606
11.4154
15.8838
0.498535
4.30231
31.4692
29.0999
10.2739
24.8298
0.0200965
15.3073
9.72597
1.09909e-07
6.28802
0.867961
1.18776
5.63105
1.13584
0.0728813
0.00171357
0.000444485
0
0.0181596
3.18681e-05
0.000643081
12.6471
1.00903
0.0993554
0
6.43245e-05
1.50893e-08
0.770188
1.05986
1.07223
1.22112
0.00844827
4.30924
2.79376
23.221
14.7281
0.556036
0.0231268
5.12905
10.3246
0.0516293
0.00883265
4.91777
3.21412e-08
0.706032
16.8809
0.010385
0.0672861
0
0.980983
2.86945
3.3428
0.325692
0.242307
1.75566
0
2.10271
0.0137664
4.49815
6.88899
0
2.92981
3.35671
1.33285
0
0
5.30746
9.88358e-08
9.82798e-07
0.0113014
10.508
25.582
2.91448
10.0459
9.99129
0.138724
19.4688
33.0428
1.13658
4.82353
0
1.30437
0
3.05699
11.0025
4.16145
5.10502
0.289086
1.20785
0
1.96066e-07
0.00692475
8.09663e-06
2.58964
0
1.809
0.378973
0.401043
2.74457
0.0745006
13.2408
0.165206
3.22935
0.962782
0
0.37597
1.15274e-05
0.149362
0.0427193
3.78859
3.55901
2.49308
15.4363
7.24261
4.74355
0.070652
3.92528
13.259
0
1.72949
0
1.06937
0
4.10867
12.2103
0
16.0638
0.143405
17.7226
7.14272
5.83055
0.744717
0.276861
1.06679
0.00155895
0
0.00176163
0.0204191
4.12041
0.745291
0.00145596
0.0140845
5.347
4.42337
5.0511
5.13594
1.03397
2.81465
8.9065
6.55052
0.98518
32.1984
0.0584469
6.92487
1.93441
1.15623
15.1112
22.7756
0.754854
0.980904
27.0563
26.1608
1.73558
10.313
1.50588
23.4454
6.65903
9.70388
0.282829
2.02095
1.93863
2.14702
8.2985
6.46705
4.59212
1.73923
1.90391
2.49174
9.3088
1.31419
0.000974767
5.20689e-06
5.92809e-05
0.0165133
1.30038
0.0007782
1.81172
0.0010042
13.6071
0.029392
1.5382
0.312296
2.93409
0.270206
5.59346
0.960523
3.17204
10.1803
12.3463
2.79512
18.9748
6.8665
0.355797
0.323882
9.16164
6.75141
16.8059
5.59601
0
0
0.911383
3.04061
0.263921
0.0936187
0.958818
0.837759
1.08651
0.169111
0
0.152471
0.0150676
0.0117011
1.99318
1.25716
1.91515
0.490696
17.5569
0.922877
0
1.28665
1.52957
0
5.90756
5.63928
0.0181435
8.75084
15.9972
2.15715
0
12.177
0.208688
1.78732
6.40025
0.238668
0
0.99916
0.00276672
0.172343
1.27033
0.558317
4.75663
0.000107657
1.26294e-07
0.711857
4.91877
1.02939
0
0
0.273592
0.000846045
0.386959
0
12.1969
0
42.1127
1.05416
1.67086
7.60481
0.0229997
2.4567
3.74976
0.102579
0.0374048
0
21.4494
3.27893
1.42375
6.66833
0.746261
1.77114
0.020696
0.915258
0.217333
0.0704394
1.30867
0.00482018
2.00263e-06
0.107442
0.000168568
26.4197
4.66215
0.103658
0.101555
0.0874105
0
0
1.46851
3.89064
0
0.0505948
0.988631
0.0200312
1.5583
0.0185439
1.43116
2.02073
1.73063
0.130255
0.968252
0.7512
1.4364
0
1.9589e-06
7.04819e-07
0
0
1.64452e-07
0
0
0
0
5.71345
0
1.7578
0.839179
3.05139e-07
0
22.3702
0.190723
4.00547
0
1.5039
0.734231
0
3.29236
0.566022
0
0
0.331289
6.10525e-07
0.324424
0.38049
11.7879
0.546075
0.0446494
6.03575
1.48934e-07
0.00661079
6.31628
0.21079
0
6.84001e-07
0
2.29424
0.445766
0.330069
1.6913
0.320958
0
0
2.94918
0
1.31141
1.82492
1.94687
2.6638e-06
0.00655219
0.0709007
0
0.175872
4.57293e-05
5.68913
0.33844
8.35171
0.8155
2.89823e-08
0.00297964
0
0.0164006
0.764695
0.000323823
0
0.066857
7.25642
0
8.81325
19.402
8.60462
21.9283
0.841885
9.49867
2.41944
6.69073
0.809983
0
5.30625
0.00235301
6.81459
0.281059
4.79272
0.982639
0.00066244
1.44318
9.52991
2.2222
0.0112745
5.27232e-07
11.2587
2.78454
2.72454
1.63284
4.30724
7.86476
2.82403
21.4359
0.69844
0.190963
7.02066
7.42e-06
6.42638
9.44604
10.6778
42.0977
0.603402
3.48028
8.96613
12.5735
32.086
38.7742
30.5458
4.34584
2.03386
1.96192
8.09814
4.58605
0.201008
0.536112
0
0
3.93398
8.20982
3.7713
0
3.3002
0.00670728
0.000613471
3.0302
5.85165
3.12778
4.71135
2.86602
7.26079
13.2533
12.1512
0.600641
4.18884
0.39187
0.865007
9.05883
9.63516
6.98801
1.56016
0.104147
0
1.12873
0
0
0
0
0
1.09375
1.23166
1.17188
0.750646
1.06174
0.671509
1.00024
0.602068
0.916227
1.51425
0.366974
0.000398808
2.58324e-07
0.0254878
0.0770284
0.992559
2.20969
0
0
0
1.63131
0.0398501
4.83366
0.0190701
1.34963e-06
0
1.03016e-08
0
4.19292
0.0158643
1.01711
2.17473e-06
0.0400982
0
2.23079
0.573355
1.15017e-07
0
0
0.0504597
1.23346
0.86452
0.000463351
2.69268
0
0
2.93224
0.00562194
3.94901
7.7915e-06
0.876659
0.171988
4.70992
11.0681
1.57237
19.0836
13.4433
21.2958
19.9624
29.1865
26.3732
22.7872
45.3935
15.72
16.2098
6.16458
0.000160139
0.0383371
7.65258
4.97651
11.7519
6.53178
13.5753
3.889
4.15048
2.66296
8.6356
20.8386
3.30336
7.66436
9.25241
8.5161
12.7419
11.8092
0
7.01211
0
7.54144
12.0086
25.4011
13.9541
1.49255
8.98088
11.5936
6.88693
0.933898
7.70894
4.40135
3.46892
5.20177
29.0524
20.9226
13.8508
10.856
12.1599
15.1896
4.24198
9.49577
0.394012
6.37051
6.19933
6.80447
0
6.25308
4.23689
0.163173
0.110828
0.770321
0
1.9625
0.889057
0.939772
1.64804
6.76246
0.0291768
1.69839
0.0217087
0.0330678
0
0.67178
4.06567
0.418625
0
0.17078
5.14904
0
0.018341
1.6005
2.32554e-06
3.23649
0.383734
0.429572
0.168709
2.68683
0.277132
7.98938
4.72648
1.47414
0.329895
0.808577
0.451167
8.42922
3.94803
29.6383
9.28345
4.9327
5.5863
5.51645
23.3354
7.60055
9.18021
4.15672
8.92826
4.56882
0
6.84163
0.860368
6.94103
0
9.64625
0
2.46811
3.59813
0.000183733
4.18902
1.33472
4.81598
1.77313
5.81908
0
0.39207
1.34588
0.918174
1.75316
0
1.74864
0.0931809
0.27337
2.09579
0.292672
0.0308049
0.148477
2.03001
0.234305
0.0120023
0.00428551
0.0124223
5.02215e-05
4.5329e-05
0
0
32.4834
0.010411
0.890177
0.0839146
0.0345991
10.5591
4.0344
3.35404e-07
0.69166
12.1431
10.5657
0.00475548
14.1203
0.673541
0.433713
0.981351
0.922122
0.00164271
1.24983
0.945701
6.26515
1.83911
22.6398
1.54548
0.402967
0.116344
0.92307
0.634244
9.75928
0.0358073
1.75498
0.818642
2.90453
2.316
7.34725
2.82128
5.97297
7.79162
10.4987
4.6258
0.445834
7.19064
6.67153
1.43409
0.265431
11.3398
0.77829
0.00577891
0.977052
0.000783701
3.83181
0.0665667
7.12205
2.21964
2.67435
5.778
19.5413
2.12788
0.76835
1.22262
2.65315
4.54021
2.37393
2.33845
36.381
1.24726
0
0
0.454408
1.77491
0.00804193
7.68174
7.955
12.8446
10.2435
0.464525
30.7876
18.5813
2.5116
17.9157
8.25097
149.314
0.656114
0.534554
0.914857
22.6056
14.8898
14.3586
7.13494
8.07095
1.61952
0
0.0348471
0.000196959
0.627659
0.271529
0.176844
5.40549e-07
5.18143
11.2789
6.36544
0.0281195
7.44987
0
0
7.19924e-05
0.224144
0.430429
0.281586
0.768583
0.000268215
2.40129
0
3.17074
5.04835
0.314592
4.48602
2.12537
0.913224
0.84711
0
18.1145
0.933507
0
12.6237
3.18317
7.82387
0.101905
5.23126
4.03922
0.0249813
5.35944
5.60299
3.01228e-07
0.813055
0.0661086
0.022398
0.975231
0.329193
4.99114
0.00143971
19.0842
2.78285
21.1186
0
0
1.70088e-06
0.461742
0.753137
10.9098
13.7314
10.105
0
9.60679
13.0958
8.22001
6.5282
0.607448
1.27349e-07
18.2451
0
0.481268
0.528544
1.11689
0.0178412
0.000135556
0
0
0.00178398
0.868679
0.0216949
0.0931376
0.712959
1.27104
0.194557
0.000992378
0.322785
0.0418952
0
0
2.73828
1.02363
0.0663121
0.00139604
0.662873
0.717383
3.82802
3.81059
0.876708
0.801703
2.01124
1.14679e-05
0
0.270894
0
13.4665
0.676083
3.92143
2.39401
3.7686
0.892945
3.16997
1.33444
1.43608
3.21514
1.93987
1.10556
5.36917
5.14971
4.1336
1.56184
1.28599
6.634
5.9148
6.27183
6.67767
4.10819
8.4427
7.91076
3.02222
7.34579
4.32676
6.86058
9.61654
3.54894
1.84926
1.13657
2.31344
2.48616
6.70763
6.16945
0.568599
1.92496
1.16076
4.14763
0.00181588
0.319619
8.84543e-05
0.444248
0.384791
4.36421
5.09268
0.990953
2.69341
1.58463
0.00443551
1.96133
0.270456
1.03898
3.30603e-08
5.61027
2.36648
2.79895e-05
0.87118
18.7196
6.44988
2.1439
5.92582
2.67014
4.2804
7.08157
1.63582
4.47969
0
7.82467
8.98979
1.55745
5.15948
1.82874
2.00304
2.65768
8.02683
2.9399
6.67797
18.8753
3.10081
1.40692
2.5545
0.677738
6.46236
13.5243
6.52638
36.8754
16.6043
9.87531
10.6251
17.6302
9.50553
10.0753
15.339
12.1524
38.2813
46.2927
25.684
12.0331
8.47114
2.67556
0.0528788
0
0.0206158
1.83799
5.93942
11.9855
7.26826
8.22458
10.449
7.22992
5.11022
4.58199
5.76155
4.45648
5.36212
8.06198
2.54709
0.17909
1.04879
0.964097
3.88846
0.170532
33.1655
1.13097
1.6306
4.16436
3.15705
5.23917
0.95782
7.26712
1.94972
5.15903
3.86349
7.44353
8.61577
3.29019
5.86525
9.28136
19.9752
59.2463
8.68446
6.84896
4.24995
0
2.01031
0
2.65418
5.08212
5.72716
10.1824
0.357886
11.0009
15.9944
6.59157
3.06042
4.39032
6.09734
10.1902
21.8788
0
0
0.0738895
82.0926
57.2721
38.4752
3.22168
51.6454
0.636505
4.46799
0.813618
0.829749
0
4.0337
7.97581
1.07024e-06
4.96524
18.0237
31.1973
5.90467
4.60143
0
43.6852
5.28088
10.8846
2.77885
0.079555
6.4465
7.72159
3.99602
3.63243
12.4673
5.53692
19.5302
10.9442
0.802865
15.4992
21.2502
27.2837
3.07043
16.1405
3.18676
7.75642
8.97476
33.2363
3.20527
4.39446
9.91966
5.44054
18.0159
1.68134
0.322006
0
2.47392
0.71971
2.4015
5.53265
25.327
5.25351
2.57009
6.04001
3.81874
0.968932
3.70992
8.01741
5.83331
3.55397
4.41217
9.55362
2.76854
0.987503
2.61377
5.73295
3.66848
3.27425
3.48915
6.18645
1.04769e-06
8.54137
0.879111
11.1629
0
7.61421
7.91452e-06
4.09788
0.0830118
8.92674
6.76846
1.01788
0.923446
6.17176
13.5887
1.53944
1.00752
3.36617
1.03723
0.849609
4.05663
4.18871
8.44772
0.418928
7.58811
1.09036
0.88513
0.891711
4.55819
2.68705
0.618646
1.7888
1.78938
2.07464
0.627614
0
2.88092
0.399747
0.714127
4.96422
4.12772
2.04763
1.83102
0.334576
1.75436
0.116265
0.00405753
0.024764
0.921972
1.71032
0.83948
0.313213
1.28356
2.13837
0.288459
10.3474
1.34614
0.790544
1.38188
2.8091
4.9724
0.955916
0.0375565
0.136366
0.000102227
0.317519
0.0446135
6.76741
0.406533
5.10009
0.432108
10.8142
1.45399
7.73123
1.89971
0.837466
7.28804
0.434855
9.94989
8.56522
31.1838
0.00257551
5.32632
0.101576
0.928521
0.93026
1.96577
1.81633
4.97565
0.502035
0.0840355
10.0629
0.265867
0
1.03807
0.117883
1.49592
0
2.02902
0.0357484
4.29587
4.55287
2.03481
0.127984
18.8192
3.86321
0.917082
3.9065
16.8792
2.90707
2.73002
0.813563
2.9506
5.5561
3.33006
0.0577183
7.55129e-08
0.344058
0
2.73862
36.7659
0
0
0.0614792
2.16095
0.000639911
1.21453
2.07193
0.000172864
0
8.49378e-09
0.372126
0
1.48442
0.148986
0.107279
0.249512
4.37333
2.73296e-06
0.0625181
0.00245035
9.04937e-07
3.53773e-06
0
0.141388
0.0233384
0
0.897936
0
7.78365e-05
9.58526
3.84039
8.38947
8.5941
7.9192
2.43842
3.7579
0.953414
0
0
0.0697635
0.950901
2.09504
5.28595
4.01475e-08
0.00106017
0.329862
9.72974
8.66745
10.0099
4.19568e-08
1.29203
2.30852
2.6763
4.11706
13.6528
4.66461
6.02996
12.5119
9.4716
0.0230192
10.5023
8.82939
4.62595
2.79529
1.09916
13.3453
2.38984
102.513
0.028873
151.808
102.19
2.91533
0.0033034
1.01033
0.395395
0
1.20702
1.69363e-05
0.00392476
0.105962
0.0121856
1.12899
3.2037
0
6.31528
0.279385
4.79285
3.8685
4.8738
4.71889
2.61334
5.02337
2.03204
0
3.29947
4.34758
4.34369
1.92373
10.8974
5.4636
6.20018
1.00553
3.04954
0
8.38962
4.51146
5.92034
0.936213
0
2.83977
12.6339
111.851
3.41585
13.8395
6.27169
2.05503
0.33003
2.57853
0.812748
1.66713
0.589898
0.000378874
2.22586
6.13503
0.606604
0.768104
1.1248
0.0623862
0.860223
2.349
2.54003
13.862
1.18402
36.0534
0.590966
2.9036
5.62237
11.3417
14.2489
10.8297
21.822
2.00406
0.661158
0
0.000203858
0.892434
0.112527
0.302711
0.861025
0.99309
0.423585
3.60825
5.18403
12.7725
30.817
5.78684
3.03936
0
0
0
7.1784
0.17891
6.21569
0.822055
0.608016
0.000262166
1.35287
0.0982873
0.188071
0.377719
2.62604
2.80661
0.00316569
1.45259
0.948033
5.36406
11.5557
5.97015
1.34347
12.0208
1.18846
5.04311
1.84291
33.8263
0.132062
21.858
1.03633
0.755877
7.03605
0.478404
0.236998
0.0384013
1.89547
0.680768
0.995709
0.363437
1.01937
1.12082
0.0263219
0.635739
0.438894
0.268097
0.610501
1.32279
0.0754559
0.351995
1.34049
8.40189
0.0038184
0.00163679
0.555656
5.28573
0
0
0
0.0102678
9.87086
0.175082
4.85966
11.6404
33.959
8.12918
25.8218
13.4764
29.8094
0.253695
7.10771
4.16466
0.053272
2.3208
1.58342
2.31721
0.595041
13.0021
0
9.17907
4.37141
5.40497
0.386879
3.40171
3.2405
2.28465
4.20845
9.12199
4.1507
8.53417
0.84017
12.3238
1.0115
5.77585
4.55212
0.0786917
8.79624
8.2447
1.05288
0
0.00643945
17.7236
1.49564
8.84122
20.9448
0.723816
0.000183173
52.2494
37.1932
0.944299
2.20773
2.02513
10.3871
10.7046
0.0581651
6.89636
2.11223
6.9207
12.7067
9.92598
5.36075
3.44874
0.00650002
5.90587
8.64087
22.2301
9.45263
11.5283
7.48905
3.73532
5.17044
6.71122
11.1211
6.82233
8.56826
12.6884
6.18892
26.0188
11.2022
5.89996
12.1761
5.25848
0
6.14878
13.4658
5.58194
4.51814
8.4568
0.766054
18.1402
31.4221
0.639757
0.453638
0
29.9498
8.00035
9.24695
15.8205
2.68943
10.5527
4.74277
5.10559
4.60883
22.3369
6.69478
1.5303
9.41559
12.7141
9.21373
10.4044
11.5959
7.3286
8.36069
6.3451
17.9985
22.6843
0.062823
12.0322
10.4695
5.39941
2.46117
5.80529
12.7288
35.4139
14.6575
0
20.3966
20.2749
11.5767
1.5148
5.08165
7.05377
8.17046
8.62334
2.83627
9.88938
4.69229
2.04329
0
4.51151
2.76735
11.5642
0.929214
0.681082
14.3852
2.97306
11.4645
13.2187
0.0954249
17.7575
0.00260179
13.6561
9.41854
10.2985
9.60272
2.1977
16.4108
14.438
35.6628
17.3513
9.44845
3.42112
10.1068
0.000278123
7.85652
8.23946
13.5114
0
3.62243
5.28696
8.50885
3.02694
2.79036
22.8622
4.62322
0.00432371
1.27938
1.906
4.43133
4.85254
1.66189
0.572921
2.07899
6.83721
2.40954
0.743499
3.11341
2.55229
1.00464
0.330019
13.1133
1.24697
3.32651
9.76004
5.7871
5.01039
7.91935
0
6.39933
0
0.000304946
0.0137449
4.00229
2.06115e-07
2.91238
8.48152
0.530633
5.32479
2.81516
1.42445
5.63153
18.984
5.42803
3.89458
3.59051
8.81254
7.77818
11.5116
0.279016
2.85544
10.5003
0
2.58597
10.773
6.04743
14.1224
0.689386
7.43595
1.76781
2.72901
3.00487
5.61263
3.69523
7.86573
12.0748
10.907
6.71569
4.56624
3.68022
5.62195
1.52227
16.0321
2.95763
1.28991
6.23755
9.74948
0.240349
21.9449
0.1702
0.194426
4.90956
2.76424
18.5946
6.48771
0.197785
6.45289
2.99033
5.43675
0.771224
6.88565
0
3.11503
2.92963
0.36615
2.6524
5.23644
3.93831
2.17963
0.672271
6.53708
2.0486
1.22988
1.61793
2.17376
0.933289
2.24903
0.288935
8.47893
1.9374
0.0359707
6.29224
2.68918
3.37741
8.27083
10.9076
4.94494
0
4.38291
0.00263175
6.32036
3.41514
0.125002
10.7835
0.0109744
0.04955
58.7312
0.752087
55.567
1.90708
28.8039
1.65971
0.215946
12.2878
1.59891
0.891134
0
0
0.000173774
24.1985
0.896236
3.16269
4.60219
7.55893
3.71669
6.57752
3.45713
4.85126
1.68086
7.10077
20.94
1.49692
25.766
17.9227
0.0883361
18.356
1.07955
24.9286
7.08001
0.142844
5.56729
2.15973
2.65171
6.43911
1.46564
0.862708
0.244584
0.000225866
0
3.57365
6.97042
1.12874
0
1.61998
2.81294
3.43672
5.84171
1.93921
2.20007
3.84827
2.06317
1.384
9.32026
2.14324
0.00019589
2.1555
2.93891
0.987228
1.64047
2.11626
1.52882
4.10625
9.05257
5.17871
2.57692
3.27981
33.2608
3.05355
7.14663
1.77447
60.8729
2.1389
2.82812
4.71866
5.94919
2.1383
2.51245
1.37001
3.61884
2.46298
3.46036
0.996598
0.346536
3.7991
111.792
6.55784
35.4474
4.72595
0.00593248
3.39465
32.7882
1.47011
0.0636607
0.0268455
0
4.34069
0.117412
0.347832
1.84002
0.515814
1.73934
1.50871
0
8.44102
0.184412
1.31544
5.27211
0
0
9.19935
0.0612341
4.0206
0
1.41411
3.16856
1.47803e-05
1.77862
0.68328
0.621398
0.000140764
0.12234
4.14268
3.83931
0.146047
0.337623
1.11455
2.81677e-07
0
0
0.155575
0.665476
9.41775
15.8529
0.980842
6.4646
0.466041
5.3157
7.14021
9.44804
7.98888
7.48153
18.5648
9.02123
3.31623
6.40543
10.1534
11.5718
6.69806
1.05303
1.15787
35.1447
7.97881
15.7244
14.1836
6.7574
1.37417
13.2719
0
1.50544
10.4684
8.4726
3.23118
2.37143
2.76011
2.22703
2.55819
1.53873
0.547639
2.49383
0.960094
4.33396
8.64397
10.1796
10.6197
2.36707
1.0919
1.72062
1.14555
2.28931
5.18194
2.14009
7.88235
0.135681
8.09803
1.35456
2.91562
0
0
2.48782
2.85931e-06
0.262987
2.37457e-07
2.17347
22.9906
19.9453
7.07042
1.44405
9.76957
9.0132
19.2096
7.17859
8.77839
0
0.0187454
4.44496
5.94851
0.725269
4.60172
14.7304
1.53338
5.47785
12.0666
0.0277686
3.35717e-08
0.772617
8.37779
3.9038
3.76028
5.4395
1.15772
7.5269
5.43978
0.674537
2.10481
0.113319
0.872411
1.10405
8.74893
9.78218
0.815062
0.00732489
13.0793
5.31456
0.00247218
2.73989e-06
0.0125517
0.000110095
4.13581e-07
0.894253
6.44065
0.13348
1.24783
0.129292
0.71473
1.51312e-07
22.3178
0
28.4639
48.0911
0
30.5928
3.76934
0.815027
2.81441
6.78283
5.51545
1.13561
0.0428294
7.04413e-05
2.03128e-07
0.772939
0.0566817
0.00805678
0.541254
7.84927
6.8301
9.78918
7.29542
6.35362
2.61725
0.000100337
15.1208
1.12501
1.02515
2.97235
2.22157
2.70362
5.1414
11.603
3.79104
23.4428
16.9116
4.11929
4.02917
7.95059
3.34056
13.9035
5.0973
5.25155
13.8131
4.98395
8.14057
0.449048
6.7086
23.8719
0
0
0.00545774
0.0141619
0.0275649
0
0.0518956
0.408442
2.4393
0.823558
0.222961
4.02997
5.44101e-07
0.823989
0.0185248
1.21563
0.0809089
12.7563
8.94536
3.70198
22.2831
10.8767
47.2172
7.04551
0.692338
8.22966e-05
2.02176
7.05895
1.96938
5.65186
7.0615
1.39538
1.59037
15.9414
2.40268
10.6513
8.28294
3.07446
3.59365
9.09182
2.10827
9.58993
0
3.06375
0
4.82863
1.18106
0.157389
5.83472
0
1.78337
16.8553
2.00831
3.88943
3.08208
0.941883
5.85862
13.384
2.92289
11.2326
13.0797
16.2531
2.69145
1.65385
4.57881
1.75841
5.22257
1.01252
11.9198
0.780785
3.96265
2.92991
0.614905
3.14241
2.37638
1.7099
2.3915
1.48387
2.3308
3.79839
1.03386
0.840234
6.92863e-05
4.38373
1.85871
1.78001
2.04841
0.119554
0.00205613
0.00786634
0.986144
1.56435
1.35164
0.347439
1.77935
2.81257
0.2741
1.30746
0.943957
1.2852
22.2405
0.456008
17.8111
9.11534
3.94378
4.00446
7.45671
0
1.10559
1.97629
8.05728
0
4.47613
8.11733
2.08604
0.336736
4.90538
4.88144
13.3807
20.0299
4.86962
12.9542
16.3239
6.55612
6.72601
22.1568
2.70313
1.63271
4.93798
0.00846671
1.35208
54.171
0.00105201
5.06629
3.84703e-05
4.9946
0.701194
0.381926
0
0
1.90081
0.2179
0.168356
3.29073e-06
0
10.3956
9.61295
41.1781
7.16618
0.496778
8.8184
7.70186
3.24432
12.2884
25.7378
6.06569
2.44921
0
0
5.11002
1.56654
0.0179638
0.00148866
8.62074e-05
2.22748
0.334471
5.33243
0.0803562
2.96893
13.9248
3.40237
2.37485
0.288126
0.970731
10.8461
7.35257
0.0532301
0.909266
0
0.10014
0.884324
0.00849337
32.736
0.901824
1.63044
4.72255
0.0204201
1.43613
2.02032
0.428631
0.0317108
0.550538
12.6806
12.5741
0.784603
0.00589456
0.0548461
0.0109181
1.13377
0.0743718
1.31433
1.26718
0.003261
0.775948
0
0
1.28659
0.147883
0.797275
0.443565
0.280684
0.00695988
0.837099
2.46294
0.481653
0.00440876
1.92561
0.423284
0.71467
0.185838
0.454515
0
0
0
1.3177e-07
3.47674e-05
3.41786e-07
1.8532e-05
4.54639e-07
0.335666
7.50617
0.84345
1.40494
1.04726
0
0.148856
0.909513
5.74417
0
0.571566
0
0.0036025
3.4621
22.4735
5.05873
0.935647
2.51993
0
0.483839
11.1853
9.94163
0.0441704
1.28785
3.40975
0.458067
4.4501
0.00773093
4.51164e-05
2.80975e-05
5.1323
7.92898e-08
5.78723e-07
0.21205
0.186685
1.3131
2.35297
5.63606
5.40196
11.688
0.54416
9.3161
2.70495
0.638353
7.69321
0
4.91784
20.169
2.06659
0.921112
2.90976
5.70509
0
0.495709
0.808414
0.213628
17.8617
6.07881
0.000288703
14.2212
2.92507e-08
2.13849e-05
3.54136
0.137686
0
0.778322
5.61622
0
0
3.31708
0.000580012
0.000364828
1.51112
0.437581
0.444122
0.000104185
0.315884
2.52389
2.65178
0.00756628
2.56553
18.0018
0.00084159
0.816399
2.9834
0.000702896
2.90839
9.69148
1.82243
0.425689
0.0626462
4.11414
38.9205
14.1529
9.33006
0.00189495
6.39691
12.8922
16.764
26.6163
1.63729
0.287094
25.9781
0.953657
31.6347
1.24441
4.0779
9.63186
0.329477
0.103458
0.00388559
5.29126e-08
9.30357
0.00529964
0.00529969
10.4181
9.92544
2.07505e-06
11.5988
3.24414
2.16625
9.48609
1.61994
2.93026
13.4829
0.721226
3.13775
16.5983
4.96378
0.212095
3.78091
6.73777
3.59907
3.63501
6.10908
8.18161
2.61387
10.8817
6.56156
0.50253
5.18972
0.000847862
2.51263
3.74531
8.26436
3.30164
2.36251
1.01466
0.919939
0.678553
0.405709
3.69326
0.22419
0.956876
0
2.53055
1.48631
0.833707
0
2.589
1.20296
0.535474
0.291598
0.831454
15.8429
1.94712
1.53405
2.74009e-06
0.201205
8.66997
0
3.05282
35.1415
1.55555
5.56635
6.87926
6.9084
0.617604
1.3922
0
0.907379
29.4969
0
1.02194
9.71819
2.22996
0.000658163
45.2786
2.74054
0.105551
0.962137
0.281493
9.50409
1.53546
0
48.2485
7.82091
1.51889
3.89872
12.6135
10.0869
5.30246
2.16615
7.68017
28.0184
48.0313
37.6794
58.2853
44.9111
6.24862
7.89129
0.407221
4.98549
0.663945
2.66492
0.856721
0.0859463
6.06112
4.89457
8.86791
1.42048
0.00558251
2.91502
0.0030357
0
0.812675
3.04314
0.985427
0.950249
0.920994
0.564141
0.00315103
0.0181067
34.7774
26.3746
0.668662
3.78952
21.8842
9.00672
2.49486
3.79451
9.60408
0.993288
4.67828
0.836606
2.119
0.758649
2.90957
8.55124
6.93354
9.91093
4.13531
16.5536
23.7175
12.6738
57.6996
13.7157
11.8846
33.4457
12.2412
0.244978
0.614626
1.81736
0.00141609
1.62182
0.568343
0.0692789
5.2982
0.00348824
4.57115e-07
5.08702
7.5984
18.1186
3.62141
9.63042
5.20451
0
0
0.606998
4.56192e-05
0.436124
1.64282
0.0253674
0.0861058
8.18916e-06
12.0117
4.65628
12.3465
4.72164
10.8481
1.3785
0.0171523
0.000551621
4.60587
0.562553
0.0040959
1.25725
1.95117
2.82901
2.50511
0.703065
11.2371
0.000200473
0.176395
0.33773
4.41174
1.21884
3.34591
4.39282
4.61067
4.04989
0.539866
0.653327
0.660775
0.342485
3.57817
3.65439
0.508137
0
19.9227
0.621847
0.114218
0.123114
0.241285
24.2078
0
0
12.9106
