5.44958
2.33164
3.46897
1.54584e-07
2.71774
3.38167
0.00107939
5.76672
0.383623
2.98241
9.73488
1.40712
0.0104353
0.712647
7.4464
1.81354e-07
1.69967
7.78862
20.5766
20.7825
7.98847
1.59304
0
0
4.0782
4.98575
1.96698
0.522106
7.53363
0.299295
1.05807
3.31469
0.14127
1.98691
2.60089
0
2.01746
10.0419
9.43123
11.9226
13.5007
14.9595
3.1846
8.08817
1.73483
9.23507
2.68072
0
0.101065
0
0.0264996
0
2.85087
0.152782
0.8763
0.338913
18.7114
1.21178
0
0.780909
5.01298
0.00476525
8.02089
11.6773
10.0401
0
2.25931
1.68641
2.31039
0.748858
15.8629
0
0
0
1.91053
0.931249
1.56556
1.70267
0
0.187407
0.794563
1.4488
0
0
20.8569
1.85561
4.01299
5.33125
6.49385
8.46792
14.0478
10.8631
2.15695
11.3803
2.8292
9.85962
13.0083
20.7037
0.0574777
0.760592
1.84024
2.73432
8.50556
11.4138
5.93535
7.4193
22.2443
6.85388
2.91436
9.91275
9.97922
8.6693
9.02044
6.71011
6.77863
6.85403
1.87357
4.68341
2.70215
2.07901
2.56207
4.67044
3.30691
2.03582
0
2.29983
3.23739
0.00816315
0
0.914637
9.63129
0.0571106
0
8.5765
0.00973752
5.77342
10.3169
1.36712
0.0344652
3.09016
0.00145745
1.28609
0.0304212
3.3031
3.93934
0.0537875
0
0
18.7959
86.4073
1.53947
0.491184
0
0.0400521
3.23867
0.00744654
0.442255
1.88592
2.74872
3.16251
26.0539
8.14896
12.1089
13.1855
0.881553
0.00791405
9.79313
7.31259
51.1686
1.31054
14.5507
3.53012
4.33541
3.27418
22.4653
2.92627
6.97617e-08
0
0
3.18891e-06
0.0847475
8.34258
0.139321
0
13.1505
8.32175
11.567
6.17827
10.0904
17.9419
12.6524
19.7275
12.5091
12.0635
2.37456
0
5.49005
7.40101
11.4625
7.00009
25.4733
106.346
7.30207
55.6796
23.1613
5.35196
11.7285
2.98847
75.5909
5.68749
23.6681
21.1526
1.59443
11.7712
14.7561
21.8686
1.3922
20.0267
19.0464
4.73284
2.21072
7.61928
23.8341
3.36658
24.9328
12.7956
23.0692
15.0771
15.9314
0.704823
0.430357
6.48507
10.6054
2.27364
7.77406
3.7515
3.415
4.31569
5.55942
7.29105
4.33316
7.58357
4.31239
2.53408
0.0688827
1.39178
0.0477083
0.0514369
1.86902
1.7063
0
0.568599
1.93304
0.012815
0.538348
0.227787
0.130271
0.00286151
0
0.103409
0.838216
0.0107488
0.963284
0.0490232
0.116401
0.879886
0.083956
0
0
0
4.69065
1.13565
24.4346
0.00545495
0.258144
0.308007
1.5154e-08
3.24922e-09
13.3789
0.0264386
21.1136
0
0.210107
0.0522381
1.15902
0.000177772
0.0291695
0.268682
1.36787
1.64709
0.541317
0.029962
6.03546
0.0417128
0
1.523
0.0388643
23.1342
4.83343
2.48493
7.029
1.62758
16.076
18.0475
2.98789
13.4617
2.84939
2.81303
0.11731
0.399376
0.921221
1.78145
0.273238
5.73234
14.292
5.22407
9.83042
5.57955
9.51613
9.15323
0
2.89539
3.01968
1.47296
7.94301
5.58382
0.911267
0.640348
0.039133
0.267626
9.61453e-05
0.704031
0
0.156419
4.44561
12.8557
3.37162
5.89145
3.57781
2.57011
5.76129
7.2942
5.476
0
0.000147934
4.18535
2.33937
1.53476
3.66466
3.34206
2.01202
1.59866e-07
21.9834
1.03374
8.72856e-05
0.0204539
6.37764
8.3838
0.232977
0.161834
2.04436
2.01839
0
1.79774
0
0.0011018
6.3195e-07
0.023042
1.87977
0.326692
0.869142
0.000739844
7.52947
0.840522
1.57286
2.20805
6.95033e-07
4.76461
9.57392
9.53347
12.7006
7.19846
0.131602
3.68464
5.36129
4.8338
7.01723
8.59409
0.845387
4.17058
4.10462
0.370107
5.56165
7.17999
16.5875
12.2098
8.01172
7.20808
9.10339
18.1991
3.59993
9.87675
12.7248
10.6745
11.6008
8.42866
7.12148
5.329
2.9527
6.01552
6.22444
7.41269
15.4987
5.54267
1.85828
3.15321
20.8939
12.4011
13.1947
1.96723
1.87559
17.8341
23.0976
15.6653
12.9374
26.8222
9.24248
4.72653
17.416
18.1656
13.3979
16.01
16.9922
17.2054
14.0134
13.9332
25.4119
0.1985
18.1749
24.216
32.0575
23.6811
10.9172
12.9074
17.9172
0.920334
1.85535
0
1.57632
1.72764
9.04501
6.6539
12.4427
3.9735
13.1298
15.4274
19.9677
7.6323
12.4339
7.32239
5.31488
2.67283
1.52323
8.75339e-07
5.27925
2.80087
8.11851
1.37242
1.2827
4.72481
0.108121
4.52526
2.61853
0.260217
2.33815
0
4.05884
1.00806
0
2.57001
3.79844
1.19807
4.04959
18.5741
22.24
7.08069
8.23422
16.1286
0.816131
8.80331
14.2399
12.8839
20.2052
0.543827
1.9611
14.0731
1.55695
0
0.550501
0.002322
14.5253
18.2579
2.24617
7.5959
22.4687
8.74565
7.97769
5.926
0
5.88165
3.38003
2.96652
0.0288968
2.54007
5.45115
6.2923
9.44715
2.42022
9.47729
1.25175
0.110531
14.3487
6.39311
7.38558e-06
0
4.33363
0.00460264
2.93327
0
2.19202
0.258978
0.872674
0.823618
2.81436
1.86377
2.12972
0.122522
0.00293463
2.45262
10.0774
0.726259
1.39156
4.66049
1.55659
0.872217
4.94318
8.96773
12.5754
20.4829
14.7283
17.2177
15.1401
0.0796167
17.8752
0
11.6088
17.324
3.80278
13.0881
9.75052
3.43379
1.75051
0
2.83438
0
0
8.48409
0
0.845587
6.9177
3.21759
19.8493
4.61146
2.04775
1.00686
1.73906
0.159657
11.8841
29.8953
6.2201
0.199015
0.28844
0.00549091
8.29879
1.0134
1.39481
3.70092
0.9011
17.9736
0.667763
0.0794106
0.83728
1.566
0
0.0582015
1.31255
8.9816
0.650154
0.047212
2.662
2.84951
3.57183
2.37489
0.953401
2.20909
4.73224
0
4.12942
0.0531831
1.07214
0.938489
0
6.86742
11.4548
15.6653
2.34105
2.11704
0.26762
6.61811
1.5634
5.27216
7.55122
0.79783
4.82853
3.28062
0.860439
0.0129527
6.82507
1.02295
0.0524392
1.72315
0.180544
0
0.982746
10.7655
2.19535e-06
9.82628
5.25443
2.30854
1.81949
12.906
4.48724
4.25632
9.0291
0
0
0
0.810676
9.27316
21.1149
0.39633
14.6456
0
6.53635
19.407
10.8251
6.4462
1.21385
1.95683
0.381515
0
0
1.71635
1.12183
0
10.7127
9.57834
5.99549
2.53631
14.8567
1.15234
21.0248
4.10391
17.7746
17.2964
0.000433236
3.40085
0.10874
13.1106
15.4686
0.683914
5.93581e-05
15.383
20.4164
0.053504
2.37325
0.646204
0.0127324
3.89914
19.5
13.5396
11.7393
13.9518
13.2782
11.3717
0.381789
0.896067
0
0.145284
0.150343
0
0
0
0
0
22.7304
5.40026
2.82492
0.523219
0.00149059
9.42896
3.86424
1.09746
8.37645
4.37816
20.0592
1.36966
9.87456
2.79536
8.37931
17.9601
7.00315
7.54943
11.6467
9.19605
0
1.75703
9.25881
2.07637
3.06529e-09
12.6572
0.000184758
25.3347
72.1277
10.1294
14.3722
17.1985
4.89461
5.08459
0
0.0667067
20.8365
27.419
0.300874
0.189072
0
0
22.3913
0
0
0
0
0
0.302643
0.735852
11.7298
9.30883
7.30231
0
0
1.09902
8.51531
8.36045
0
2.03339
17.2966
0.00645644
21.5766
0.00686136
16.2288
11.5265
27.2778
12.3229
1.01605
2.32195
1.98392
1.49336
0
0.0159051
0
0
0.194411
0.00963063
0.000418616
0
2.59644
15.6174
1.24227
12.2979
9.84298
2.97266
4.71471
0.95012
1.1826
0.734348
0
4.03953
0.598302
3.82226
2.2016
12.4627
6.78683
9.32859
1.13507
0
6.19067
0
13.6732
0
0.207252
0.035639
4.82362
14.9058
14.9979
10.0304
3.31273
18.4453
1.31551
0
1.20914
17.4007
0.824724
0.000231176
0.302551
0.914611
0.212539
2.12248
9.78684
2.18405
0.422832
3.20559
16.4548
6.12759
3.95587
9.47464
6.68926
4.75941
0.443024
0
10.8151
2.11323
14.1872
6.02519
0.0357698
0
0
3.85777
11.5287
7.93682
13.3762
0.00338187
2.93296
3.55918
11.8813
0
11.3253
0
0.0225917
6.47645
0.00152635
0
5.13553
0.140679
0
0.00582665
6.7626
0.000121913
0.815396
1.69865
4.04654
1.5576
0.271851
1.47038
8.10787
0
24.4998
0
2.65213
0.781741
7.30054e-06
0.0576064
0.0192306
10.0014
0
20.2661
10.3486
8.29276
12.7222
9.20469
0
18.7257
11.304
3.84221
3.5391
1.09658
10.5825
1.43672
6.94772
13.2902
3.52756
8.49212
6.97329
12.8316
7.40335
7.36316
13.6876
0.475658
10.2923
0.366586
0.959418
7.85567
3.65633
12.1728
1.87426
9.78535
10.6176
0.619777
8.03114
0.32224
0.669319
0.221595
0.0264648
0.0981772
3.22282
6.45272
14.2144
11.2523
2.87802
1.16341
0.522613
17.1888
11.7621
0
14.9299
4.55891
8.22604
0
0
0
7.4566
2.10246
10.4961
8.35881
0
0
30.0806
0
5.35641e-05
7.41439
9.18441
6.56623
0
3.39508
8.29475
0.402037
3.25113
4.38956
8.60514
0
0.285464
5.3208
0.809262
1.67654
3.85388
4.60459
3.11882
15.8562
15.882
0.01219
1.35822
0.47113
0
20.9579
7.11661
6.63253
15.3494
3.1203
18.0943
9.21349
0
0.0100843
4.25816
0.911815
5.26117
0.36099
5.23391
0.80079
3.8218e-07
7.69827
0
24.4892
1.83206
0.005108
0
0.178261
0.425092
0.355775
9.79899
9.06451
4.6929
11.9793
16.3413
0.00346476
2.33757
0.0716378
0.291314
0.609397
1.67867
1.31353
0.000154052
0
0.992168
3.47336
0.160837
0
5.72977
2.64274
6.55763
3.6473
1.80934
0.231962
0.860122
17.2576
18.4361
0.592487
0.0197421
0.0207412
0.132469
0.00250427
10.7151
0.116821
0.184776
13.8631
2.89102
0.883821
0.00194477
12.8467
9.43921
1.2629
8.7617
0
7.80689
1.95265e-07
0
1.99068
21.1911
0
11.7057
1.01428
4.89928
0
14.6758
15.7605
5.17467
15.3359
6.61386
2.79894
11.9057
0.733324
0.0828064
0.0551745
0
5.35
8.42782
3.30671
3.15741
0.302066
0.219519
0
17.5162
7.33824
11.1595
17.4505
9.66584
5.6218
15.5417
12.1535
14.7828
20.0298
3.98315
7.55063
9.31856
18.6639
2.01551
0
22.5946
6.6847
0.0299539
5.23942
3.12006
0.00362
15.7744
8.09548
10.0143
0.962231
43.9007
10.1267
10.3294
15.7544
20.6073
7.70094
18.6098
19.2479
16.0699
0.555094
0
1.34885
13.6103
12.4142
12.056
19.9085
11.278
10.8578
9.0192
18.1683
15.5328
93.2262
85.3193
23.413
7.02009
7.6593
2.05856
2.99288
0.0167638
1.96832
1.76194
0.381355
1.86405
0.0365461
12.4718
0.212283
2.57977
10.0218
14.9262
2.31889
6.98233
5.44178
9.9293
2.85744
0.899117
1.77933
2.81338
17.3919
7.53312
3.83645e-06
16.8143
8.10043
10.6832
18.6211
25.6719
22.2567
0.217739
0.00318463
0.560172
24.9266
8.7805
0.531057
1.00952
5.51676
0.46877
0
0.0746678
1.25888e-05
0.00357135
15.0382
0.000260655
10.6558
0
7.53233
18.5873
0
0.0743865
0
5.37224
6.48096
29.2419
16.5707
0.519486
0
19.9317
32.7246
0.000546239
0.100977
16.1836
17.5793
15.8291
0
17.8781
7.12544
1.61443
4.55825
0
0
9.4966
0.24892
0
0.0541392
0
0
17.1507
0
2.30018
9.17629
13.1295
11.8279
12.443
2.51317
17.4201
0
13.6488
0
12.7365
13.1666
0
2.91066
12.5302
8.30611
0
1.57929
2.01231
17.4025
10.0137
6.40706
18.0564
0
16.8558
10.2019
16.8077
3.46971e-07
8.07622
3.78904
26.421
15.0967
4.673e-05
0
0.0389942
12.986
1.69288
12.4694
0
0
0
1.02918
8.41878
0
1.64117
0.00379961
12.215
0.08879
5.82847
18.3414
0.562942
8.2621
4.33392
13.4745
5.53864
10.099
0.328315
0
0.22201
0
0
0.335738
0
0.00335725
5.18364
4.42918
1.71224
4.16422
7.68515
4.81081
6.0997
3.35887
0.760327
13.6155
11.1446
18.3539
19.8599
24.1205
21.128
8.96487
0
11.2357
27.3041
33.541
15.9874
22.9883
2.83938
16.5368
14.1526
0.109256
13.3836
0.000107657
4.15841e-07
18.5259
0.000634317
0.0739602
0.000359261
1.00754e-07
0
0
0
0.00311484
8.27553
0.781437
0.0333886
2.26052e-05
0
0.413796
0.103307
1.88384
0.0210784
0.884741
0.194706
26.8712
5.85781
16.4871
6.14737
0.0316794
1.02677
9.89104
10.2724
2.6146e-05
0.000207427
18.8265
4.51871
5.18814
16.2231
0.0537896
0.9803
0
0.264562
11.6559
4.76574
0.0125568
0.960428
0.0530593
0
38.4484
4.04375
14.1864
6.25834
0
0.842242
4.58156
2.56788
0
0
20.6077
0
0
0.835174
11.0982
51.5566
1.3759
0.00290579
13.7635
1.78348
14.0498
13.1416
2.68976
9.27798
0
0.709375
0
7.32102
8.01002
2.62784
3.08345
0
3.98985
32.6685
1.8774e-06
0.851176
2.72657
0.0489258
0
1.00911
0
13.2269
30.6837
2.13424
18.0318
0.415647
5.51177
0.792447
12.0202
1.55811
0.0131058
0
0
18.8736
8.08208
4.68539
22.9632
17.9519
5.19354
0
12.9242
11.5273
0
4.82223
0
2.56485
0.064532
2.3766
6.88441
0.246606
3.46479
0.299153
0.39719
3.95904
5.22664
4.89987
8.56023
6.75628
0.814839
0.878639
4.92357e-07
0
2.19882
10.8065
0.233578
0.157468
6.01495
5.07087
6.35613
0.755634
0.381391
0.481173
6.85583
2.0243
0.692355
4.87359
0.516664
15.4756
5.90594
2.01764
23.5114
32.7196
0.935896
0.952657
5.67604
22.2039
2.89252
18.2473
0.441168
6.96067
0.930631
1.29236
0.0903318
2.96593
0.909705
20.5103
9.03435
7.60349
3.26921
1.73494
1.67664
3.26127
5.88175
3.79937
0.00131124
1.9292e-05
0.000778624
0.780906
0.268845
1.48406e-05
6.84597
0.069744
24.1463
0
2.88009
0.303262
2.27396
0.594598
12.9118
0.731109
2.15356
15.5823
5.28571
1.66999
11.5297
5.04291
0.0282302
0.990302
24.814
31.47
10.9687
6.56721
0
0
10.7552
5.31035
0.584102
0
3.99352
0
0
0.075879
2.12036
0
1.44535
0
9.03517
0.992365
1.32906
0.425126
50.4612
6.60512
0.557212
0.144048
11.234
2.61355
11.0556
5.76633
2.7605
5.09068
30.8347
2.38451
0
89.601
0.117872
0.503854
5.77913
0.0128882
5.74699e-06
0.0262863
9.50211e-07
0.00551426
11.8421
0.971211
0.653779
0.781123
0.0398496
1.2842
9.17631
0.113939
2.05815
0.0288158
1.82616
4.34712e-07
0.720157
0
12.9804
0
2.81367
0.897127
1.06411
6.44659
0.147683
1.70952e-07
4.93562
2.4036
0
5.33545e-05
17.3497
9.02434
1.43964
5.67709
4.34235
3.04802
0
0.462077
0.904266
0.983334
0
0.761662
0.0514585
2.50465
2.61366
13.6554
20.8891
0.39615
2.27371
1.13727
1.39487e-06
0
0.235353
6.48219
0
0.0374731
0.948202
0.615806
1.25076
0.478225
0.824394
0.0087661
0.000733199
0.584755
0
3.10425e-05
0.303794
0.172318
0
0.0325506
0.291563
0
0
0
0
0
3.89471e-05
24.5405
1.90958e-06
1.49975
6.7906
0.000516183
0
32.2269
0.197708
4.89424
6.89303e-06
0.712492
3.3575
0.0181674
2.44066
7.82051
0
0
2.79578
2.13985
1.04494
0.119533
2.18901
0
0.121975
5.72995
0.299889
0.0238586
12.3859
0
0
2.08325e-07
5.22414e-07
3.33641
1.26589e-06
0.00025692
0.40289
0.257379
0
0
3.76435
0
1.24849
0.597323
0.463082
1.60054
0.0047021
1.37562
0
0
0
5.07988
0.651152
8.94857
0.00619272
0.0932054
0
0
0.109088
0.0185687
0
0
0.228219
6.66292
0
18.6328
0.694294
15.4159
16.6085
0.0476162
19.0793
3.02901
16.6168
0.737265
0
0.826367
5.22007e-05
21.5598
1.0175
2.93074e-06
1.37435
0
7.85124e-06
11.7203
9.4845
0.316619
0
13.8079
4.8267
1.97081
6.01638
5.07434
15.3222
22.5053
20.3647
0
0.910272
12.6368
0
13.1673
28.3547
36.9979
11.5698
2.14562
2.18841
6.37948
12.5102
12.2961
9.67482
8.66189
4.26887
6.9931
0.75598
6.96768
13.3676
0
0
0
0
2.42798
7.34959
5.35092
0
3.90811
0.0010766
0.135199
1.04153
3.47951
0.853065
2.4346
0.000299839
1.626
1.16715
5.77577
4.40797
9.4482
0.012654
0.0713398
4.60759
4.7005
3.20811
1.13986
0.0386211
0
8.63264
0
0.00420773
0
0
0.329672
0.956081
0.982038
0
0.00314159
0.302588
0.54397
0.850017
0.11589
0.927599
0.00950886
0
0
0
4.24379e-08
0.0401252
0.129245
0.846284
0.370471
0.322488
0.0140736
0.048195
0
1.8764
0
0
0
7.2249e-07
0.953581
11.2956
0.0116447
2.06588
0.0164763
0.0146241
0.386277
13.8142
0
0.302515
0
8.17107e-05
3.34142e-07
16.5729
0
0.0509905
2.4717
2.33707e-06
0
7.43883
3.86253
10.1848
0.536062
0.222949
0.13112
6.196
7.07542
0.485164
4.52991
3.51196
2.70113
4.76146
5.94989
9.87989
11.331
12.835
18.2366
5.34316
7.40924
1.72961e-06
0.0143109
12.9083
17.486
21.8243
10.5818
9.63084
10.0148
6.63341
17.583
18.9395
24.2772
2.48846
6.14518
15.6036
16.2181
11.2792
13.7986
0
12.1356
0
6.14067
12.2527
14.068
15.6295
9.57607
13.5105
19.9926
7.78649
1.5575
19.4169
10.8668
9.74397
12.9114
10.6279
15.8283
23.415
14.8829
12.817
22.8831
11.4669
10.8634
0.0474063
10.1661
12.6636
11.2249
0
20.7275
15.8353
0.701141
2.62674
4.94611
0.00177088
7.37277
1.4693
3.63707
2.12858
11.2517
2.14081
2.39318
1.14643
1.52044
1.37752
1.80401
9.2131
1.43163
0
1.85425
7.96464
0
0.00114408
5.57168
2.91217
1.46188
0
0.110648
0.0201928
0.295156
0.00992021
2.67594
2.18882
4.08183
3.24797
1.91469
6.19704
2.68236
22.3523
11.0209
5.46283
19.6225
7.20115
5.26631
17.7534
18.1537
21.6728
18.4203
22.2356
13.308
0.353735
17.2702
5.93681
11.6744
0
30.3317
0
7.70864
5.79825
0.675753
10.4554
17.6291
18.1572
0.250508
12.828
0
0
9.35645
4.60259
3.49525
0.00232494
5.59834
0.914133
0.565084
1.31934
0.000126783
0
1.71883
10.0097
2.82891
0.0587035
0.181139
0.0213346
0
0.000370748
0.00233282
0.000249288
13.4653
0
0
0.178786
0
10.6313
8.36315
0.525631
0
8.37036
10.0164
0.0113382
3.64721
0.293037
3.33165
0.0735936
0.981805
41.7184
4.3401
0.0835591
10.5746
5.53472
13.6335
0.0795307
0.0200695
0.641169
0
0.2455
26.2946
0.0417222
0.650863
2.83195
10.1074
1.57266
15.3942
7.35015
7.86226
17.1942
6.6374
14.0796
4.74449
2.87564
6.23387
0.573184
0.111436
9.94527
0.281006
0.00288868
6.18466
1.59704
8.0058
0.743599
12.585
0.973443
0.877486
2.58747
14.2228
1.87786
0.470994
4.91554
4.17494
6.65763
5.50011
4.23684
8.20486
1.61848
0
0.0166215
0.00370629
1.83748
2.36168e-05
10.7325
11.4614
19.6123
17.2302
0.503027
13.6415
11.9205
0.593482
9.76386
2.29369
15.5148
5.1893
4.19022
2.61471
68.8467
33.5955
0.288724
14.6136
2.02254
1.18815e-05
0
0.119156
0.00153433
0.941462
0.0113555
0
5.83538e-06
10.942
11.1927
14.7795
2.34992
11.1663
0
0
0.00240164
0.147735
0.00450212
1.09177e-06
0
0
1.85142
0
1.17097
8.94895
0.0704319
10.3567
6.44169
4.01833
0
0
5.25358
4.53749
0.011566
3.87435
4.82652
4.69072
1.45639
9.26545
10.9028
0.0530551
2.59117
6.831
0.00218971
0.690738
0.928452
0.0586632
0.690479
0
12.2821
0
47.6259
20.6041
29.5989
0
0
0
0
0
11.7082
14.2069
10.1937
0
10.0352
15.3586
8.73508
3.92352
2.93283
3.58934
3.72546
0
0.0904885
0.0510668
0
8.09093e-05
0.00355995
0
0
0.00254479
0.736328
0.13899
0.00672879
0.335323
0
0.519513
0
0.997912
1.37372
0
0
9.10479
0.000560903
0.032728
0.848143
0.0106486
0
3.2371
26.2096
0.0180906
2.35808
0.549679
0
0
0.674638
0
2.66046
5.96598
10.44
2.95275
6.02452
1.94675
3.58091
0.596579
5.08128
17.0571
10.4932
0.788249
21.1379
19.6827
36.6907
12.0995
23.8749
23.7454
32.2289
15.1386
19.1919
15.3078
19.1868
8.86659
12.9402
18.1795
18.5228
2.4619
20.5881
15.2635
18.1706
39.2926
16.8867
3.12024
18.211
6.42078
11.2363
4.12431
0.750121
5.80586
0.647109
0
0
0.508238
8.00042e-05
16.1026
36.8457
0.000796318
1.47462
1.21621
2.98113
0.00108806
0
8.27359
0
22.7816
5.22293
0.66901
0.000717316
6.49642
16.177
1.40464
21.4439
19.7051
23.3855
12.2342
2.30632
6.68823
0.561061
5.79527
14.1065
10.4132
11.7301
1.60111
3.62153
8.69412
7.63508
6.13465
5.43478
25.7444
11.9706
4.14376
0.709177
2.07903
5.22476
3.45676
3.04126
17.4055
12.392
8.26621
18.0669
23.3425
16.6273
12.6804
10.5707
14.3027
14.9364
8.15922
7.69255
9.23363
8.6922
9.04725
0
0
0.252385
3.62601
3.51166
6.53624
6.02623
6.53344
6.47081
15.7492
10.5658
9.2952
14.6569
2.72125
17.7705
15.7399
5.44625
2.05791
3.33849
7.66202
29.4551
3.82762
8.61021
3.89633
2.29069
3.57706
4.74697
1.92051
1.71927
3.46733
12.9375
1.34368
13.1858
7.23075
11.535
5.71379
9.87452
20.6291
7.60966
8.13523
18.4094
5.76768
5.85461
0
0.773974
0.999563
7.02177
7.80837
5.25974
11.138
0
11.4644
14.3587
6.50735
5.09586
3.88956
15.9447
9.67245
25.6909
0
0
0
21.9081
12.3813
21.7426
1.6105
19.2138
1.63847
6.48782
1.04836
0.351735
0.380525
3.53816
15.2547
1.67552
9.01399
48.8633
29.4661
13.8851
5.9088
0.774809
19.1361
4.87441
15.0796
9.14396
4.86414
17.7327
17.8444
30.3513
28.5069
10.9741
15.3646
14.3441
20.6514
9.28985
18.0918
16.4644
13.5232
3.66578
19.2882
14.1887
5.95359
24.5166
5.97441
15.3073
14.0042
7.44537
17.4781
22.3201
17.8787
17.3638
0
12.9553
0
1.71284
12.3668
18.4665
15.0555
15.2358
4.964
19.0563
20.8192
17.3662
14.9923
13.6955
20.4072
3.24124
14.2846
13.8229
11.7432
8.23167
10.0849
9.99781
13.3475
9.50908
10.4442
0
11.6284
4.56301
19.9529
4.33901
19.0733
0.342809
0.0148315
1.00556
13.8943
18.2111
4.23459
0.0835587
12.985
19.4545
6.03718
16.9091
8.08444
13.0137
15.715
25.1875
11.1509
2.73475
0.811535
10.3485
5.43713
0.261641
0.774985
2.50124
4.54265
2.04383
1.85806
0.928423
2.36807
0
0.840704
2.0014
3.39751
0.85868
17.8467
0.0513927
2.9852
0.947283
0.0049574
2.02998
0.989535
0.0035302
0.978713
2.70783
3.80406
0.596385
3.39178
0.373477
1.00364
0.997697
8.91382
2.02126
1.7082
0.2611
0
6.61778
0
0.145904
0.024933
0.81064
0.0925511
0
4.97862
0.0534405
2.98821
3.85832e-07
8.22275
0.0192191
13.8279
0.144563
2.00921
11.3123
1.23948
6.92703
9.4556
16.6778
0.00161463
5.68466
0
1.17023
0.160692
0
9.22867
24.9071
0.0657251
0
25.4898
0.213666
0
4.85332
0
1.75177
0
0.872688
0.875741
0.531005
1.30704
2.61743
0
4.88997
3.04098
0
3.68734
10.3165
1.09953
8.54703
0.453189
2.19115
7.02644
2.81615
3.95498
0
0
0
2.19727
4.21062
0
1.43868
1.64652
1.32805
0
0
0
0
6.11231e-06
1.50452
0.966598
0.0768457
0.178586
0
0.297088
0
0.615415
0
0.272422
0
0
0.990172
0
0
0
0
0
0
0.835401
7.74817
7.9161
12.6831
17.6287
14.5665
5.38125
3.33335
0
1.4055e-07
0.0117274
0.840841
4.61897
0.750291
4.48017
0
0.379952
19.9184
57.0812
33.2745
13.4079
6.05639
2.99655
11.7256
16.9345
2.55732
7.34486
9.23766
6.45951
11.4176
4.80735
4.90336
21.1103
8.19133
3.80603
4.65308
0.0116559
10.3158
0.94181
8.70223
3.95325e-05
13.3149
22.4609
0.0626257
5.91275e-07
1.98272
0.0205446
0.689902
5.27466
1.1061e-05
2.31464
2.24463e-07
0
0
5.82809
0
2.57488
0.0579004
6.59478
1.3271
1.11082
14.0822
8.56891
6.36314
3.99826
0
8.25168
5.58649
9.38237
3.50948
30.3774
7.13535
19.2972
0.45489
3.92462
0.233891
19.5737
16.3147
12.4731
1.47999
1.73922
12.019
12.7144
16.9295
2.77246
25.0536
24.6043
3.38219
0.857449
10.6939
18.5367
3.15159
20.3983
0.996248
5.12515
27.2617
2.94566
0.529879
15.9287
0.00383156
8.77182
2.19807
0.00871889
1.07084
0.0286393
6.18189
0
23.4706
24.3743
15.3996
10.8276
4.79666
4.43346
8.77366
4.29095
0
0.49559
1.64925
6.86186
15.1785
11.4389
17.447
14.9858
14.2844
13.6086
19.4958
17.3012
6.91985
24.7679
0
0
0.787641
9.02646
0.881015
9.52522
8.03938
0.337711
1.11247
0.000474497
2.33334e-05
0.000250248
0.184748
4.26125
1.40557
5.25134e-07
4.14839e-06
3.74894
14.8641
1.79387
1.37085
6.63673
10.6088
2.88431
14.1845
0.0189575
5.71466
0
14.0981
0
0.363402
3.14802
0
0.454554
0
0
0.0856012
0.00497947
0
0
1.79934
0
0
0
7.42401e-05
0.854151
0.324219
0.137948
0.692247
4.99753
2.38597
1.95028
0.0050177
0.00323809
5.85977
0
0
0
0.174497
8.20097
1.01797
4.77728
8.19971
3.7408
6.88372
25.5604
4.9768
16.318
1.53032
13.2869
8.8801
1.503
6.5957
3.46439
0.917078
0.950754
6.99291
0
7.78976
6.26427
13.7161
7.74538
16.7639
9.77803
1.21042
31.2499
16.1221
13.9556
9.15865
0.0698
17.9691
0.400356
27.04
9.57887
0.178548
14.088
4.79012
1.5442
2.99104
0.00265553
0.80277
0.468856
1.08055
0.0982706
4.69438
0.181179
6.48039
7.41637
21.9758
11.2629
8.66428
20.2167
26.8939
6.41584
37.6025
14.2657
35.0963
13.8618
15.7578
6.36138
7.28929
0.0323861
2.8887
7.96966
21.2319
2.18732
8.21387
5.71667
3.25182
2.72779
4.91768
9.97868
7.57889
12.6632
13.7091
4.00037
11.8136
13.7315
7.19945
6.92948
10.9293
0
9.64765
9.14625
4.72975
4.50366
13.8912
8.6985
7.05891
11.2734
12.3529
0
0
20.6376
13.254
15.8369
18.474
3.52273
15.0578
16.5873
0.792485
15.8416
31.5519
14.1355
2.25677
14.3019
15.7697
13.4542
14.2253
24.4896
27.7294
19.1982
18.3183
34.8292
22.6053
1.12994
21.8712
16.6495
12.7586
5.44142
12.0192
15.6471
36.2771
16.5442
0
24.9527
22.0807
16.5297
1.2855e-08
11.3343
8.56241
22.1423
13.9786
13.6651
8.22118
11.3527
0.20003
0
2.18649
4.51125
9.71564
1.07128
17.6412
13.7013
25.8689
13.3277
10.8899
0.0144942
11.9962
0.0418869
6.68821
11.1675
9.97815
8.98204
12.012
29.6464
40.7937
11.2905
18.9857
12.7471
16.043
17.5593
0.823197
13.7368
10.888
12.8633
0.00640961
20.5219
10.8493
15.8497
8.11325
5.53486
17.7534
12.4352
0
14.9969
12.9062
9.98604
15.2093
18.3363
0.0872144
4.97641
5.2779
4.52332
1.79039
2.05227
0.0398378
5.75052
7.07639
18.4879
2.31132
22.7116
13.7378
11.4425
13.5524
3.52627
1.76147
32.5134
0.356632
0.724302
3.07389
9.0198
0.129947
9.86499
8.58623
11.128
15.2195
8.60013
23.8386
10.7638
3.98353
11.1706
18.3383
10.4681
12.3808
12.8629
14.2803
4.40451
14.0287
32.0395
0
13.6999
16.478
41.5523
6.24308
1.44425
22.5099
1.28198
3.50686
3.10588
10.8779
14.8444
16.5149
29.1107
9.44344
13.7686
7.50986
10.6311
7.00349
11.4809
27.2982
15.7593
2.28104
9.31331
13.1611
19.2237
35.8186
61.2728
45.9701
16.8197
40.4188
19.3859
12.7565
0.0657396
12.1641
3.00958
11.3799
9.40551
9.94262
1.45119e-06
5.59012
15.853
14.0823
15.7201
13.4746
3.46558
5.77515
0.174418
6.43198
15.8449
6.69778
8.4961
13.9103
1.86712
11.2308
5.4327
22.4042
5.75898
0.893856
25.4586
12.1795
3.80545
24.4916
4.77092
24.6467
0.118239
5.83914
0.0308499
5.49625
4.33438
1.99487
4.16595
0.709705
0.489172
12.3066
3.27037
12.3514
1.3961
9.64618
3.81411
1.99526
14.4128
0.954694
1.75525
1.47558e-06
0.000853465
0
10.912
4.05239
10.1534
18.7321
13.3082
12.3597
5.92366
3.52554
1.72404
0.558239
7.66103
6.18746
0.817171
14.6183
15.5042
0.0330846
12.7607
0.0682047
3.35889
6.92267
4.88119e-07
3.82638
0.0674543
5.80184
15.8059
3.09145e-05
0.126254
0.000392607
0.0627824
0.275874
6.79339
15.1723
14.0347
0
1.19339
12.4383
10.0787
18.3838
11.2028
5.55251
3.97096
11.2172
7.65211
28.7539
10.2697
0.000764529
13.0684
15.971
14.8396
12.9088
0.935137
11.9296
14.1929
14.9457
7.91178
9.07417
4.72594
125.907
9.90731
13.3787
9.09929
119.083
9.24358
5.29232
12.8438
11.8011
12.7529
13.8954
11.2727
10.1029
5.82767
14.1494
8.68442
8.82882
9.76119
9.41516
20.3827
3.22162
0.00353689
0.00752909
6.8572
9.87926
1.77565
0.258431
0
6.00059e-05
6.0083
0.0440643
0.0192539
0
0.487374
3.58425
9.62657e-07
0
6.28143
0
2.14436
9.02594
0
0
3.11336
0.693044
4.0186
0
1.03417
0.420406
0.912857
1.81475
0.905686
0.361379
0.00337966
1.42515
23.1277
2.51268
0
0
0.951647
1.16871
0
0
0.412941
10.6133
3.12036
12.5207
2.46738
3.66834
1.48502
13.8907
2.71252
8.68271
5.49276
2.00661
1.72664
15.6363
2.95801
1.47507
1.26848
2.64241
1.99594
2.49878
1.1523
8.37767
27.3489
17.9114
16.2422
19.6214
1.49983
4.28608
0
0.256592
10.2814
12.5716
8.90423
2.89111
3.27323
5.0167
10.5501
0
1.85394
14.2037
3.76166
20.7609
12.4051
13.7859
17.2662
6.35184
4.11281
12.5602
12.593
35.618
21.4481
21.3594
17.1417
1.64764
9.749
3.43839
2.26327
0
0
1.6529
3.44902
0.851974
1.16591
0.115229
14.8273
17.5726
9.91129
2.85734
9.08149
4.49385
7.34566
3.61714
3.26195
0.174766
1.93312e-07
2.89998
5.62471
51.9264
12.3545
34.6245
8.01758
14.7479
29.9723
0.993665
0.723728
0.205479
16.4167
11.0163
1.01449
1.88009
1.47242
14.776
1.93163
3.0078
2.39509
3.12204
1.85897
2.11271
13.6187
17.5092
9.14032
0.549861
6.12861
8.95069
2.40731e-06
4.24268e-05
0.952232
0
0
0
16.9186
2.21468
2.23673
8.46858e-05
0.0482639
0.563729
5.44455
0.611521
7.04416
2.17004
0
14.2057
5.47112
0.0273519
0.0263965
4.02291
3.25078
0.65573
1.87939e-06
1.49153e-06
0.112299
0.000444227
2.05352e-06
0.000216178
0.502024
1.84942
2.13454
5.06002
3.39409
0.0526949
2.36067
1.41118
4.34246
1.6662
3.51589
5.74232
3.04933
2.33344
4.00531
8.30185
5.4167
4.81879
7.1679
2.51097
1.20408
3.49286
2.60597
10.1331
0.738664
10.0154
3.25837
7.94976
8.17577
0.274969
4.41605
13.0583
0
0
0.000889935
0
0.139638
0
0.511435
1.95278
0.560937
1.26437
1.82003
5.64696
0.0699655
2.09245
0.904385
1.26787
0.0513197
12.6483
1.87783
3.92545
11.2454
14.1088
22.8929
11.6113
2.90774
3.36622
8.53011
21.6664
6.38124
8.74863
7.14217
2.57964
3.48179
18.6345
0.388314
6.68346
6.99702
11.8475
11.5683
7.41918
2.39596
13.5303
0
1.56576
0
11.4016
4.2285
0.535758
16.5908
15.8633
1.95874e-05
17.6559
6.52885
15.6649
18.0582
2.01774
12.1244
21.3863
19.2195
19.2597
22.3027
17.4239
7.69675
10.9782
11.5594
5.56005
2.1439
0.31738
10.8391
0.13584
3.72733
4.69067
1.98364
2.97232
1.49313
1.10169
2.77417
1.85426
2.93043
1.89605
0.582675
2.46718
4.45592
0.0899044
2.38394
0.643488
1.69364
0.702164
0
0.860576
2.49328
3.85492
0.543861
2.50995
0.377068
0.739662
0.792869
1.15983
1.79272
0.318648
9.82792
0.0814719
10.9915
6.74691
2.42541
3.49526
3.28382
0
0.86613
0
6.5182
0
2.26233
2.97489
12.1601
1.09194
2.06805
12.5996
17.791
11.9513
6.86401
4.82076
36.3945
0.424522
22.2726
12.1373
2.30601
0.907092
12.0034
0.000698055
2.05384
4.40558
0
3.51223
0.0839089
11.5037
1.16503
0
4.05474e-06
0
4.6218
0
0
0
0
8.40066
29.0769
21.7074
15.1251
2.67139
30.4616
13.8146
2.63973
18.9316
0.173616
21.4674
5.79109
0
0
10.415
0.018968
0
0.45083
0.496902
1.73969
0.0154223
10.0658
0.623405
2.2103
15.8607
0.0373726
0
3.25908e-07
0.00106616
3.27874
16.3365
1.15714e-05
0
0
0.283986
0.545484
0
11.1148
0.00727317
0.0730882
8.4477
0
0
2.39087
0.0336678
0.00626908
0.146065
16.4318
16.1209
0
0
0
0.106426
13.1132
0.00314628
0.119969
0.0624103
4.88612
0.00854081
0
0
0.00654077
0.224329
0.202858
0.825234
0
1.36758
0.000673225
12.0517
0
1.13618e-05
8.96599
0
0
0
0
0
0
0
0.034207
0.863769
0.00629846
3.60699e-08
0
0
18.3655
0
2.5032
0.500326
0
0.962689
3.40536
5.47489
0
0.215701
0
0.0366229
6.44893
12.5653
5.51282
1.29304
0.726937
0
0.0475498
11.8048
6.27674
0.000206269
1.33374
1.0106
0.0495501
15.4703
1.15269e-05
0
1.43482e-05
2.81157
3.04493e-05
0
0.238897
0
0.710487
2.04108
3.34793
4.20703
8.28333
0.543524
13.2512
3.71632
0.904645
6.47984
0
3.04722
9.04445
0.949047
0.760084
5.33049
9.63119
0.459975
3.64206
0.154319
1.9187
38.3278
3.5087
0
4.0725
0
0.0482317
2.76267
12.3875
0
7.69587
11.8093
0
1.00245e-06
1.47106
0.827343
0.20243
0.0145151
0
2.99239
0.00121095
2.71385
0.985929
4.38972
0.824264
19.2473
3.40497
0.834603
6.90603e-07
3.34572
0.409405
0.131771
23.023
5.56661
3.12415
0.0182709
4.29923
20.1317
13.7923
16.6852
0.0236852
14.6922
15.7219
11.8368
21.4276
3.54249
0.11153
6.5475
1.84785
18.1231
1.48152
0.716129
12.4386
0.00847427
8.80105e-07
0.737948
0.000312857
7.6635
1.32662
1.60164
9.06191
24.7527
0
10.4666
18.5495
5.22061
0.553317
0.13428
13.2705
11.9532
0.658411
3.26109
14.3373
4.72449
0.649001
3.31958
27.7609
16.6929
20.9083
4.71086
17.0351
3.54211
14.8303
8.5695
1.17161
24.8165
0.00468483
5.14121
34.1244
22.3087
14.0604
0.25886
1.6518
1.79441
0.158531
0.0742595
1.41977
0.0346723
2.94754
1.12419e-07
2.12525
3.63488
1.12345
0.00484242
0.0769168
0.0550115
0.424982
0.780628
7.58892e-07
3.39935
30.8115
0.139344
3.72533e-08
1.7995
13.4449
0
3.24644
9.30567
0.736537
9.18166
9.89052
13.7426
0
2.16345
0
0
29.4263
0.714711
0.832083
24.9051
4.60707
0
16.757
1.37747
0.512232
0.00458101
0.144046
12.8265
2.99891
0.089381
12.0966
1.88586
1.43907
21.5971
8.18059
6.21181
11.1331
6.57129
10.0811
7.39418
8.09881
4.71704
2.10199
3.29626
3.90518
3.72593
1.13236
7.56683
8.33339e-05
4.30582
18.6133
0.309347
10.233
7.47775
11.653
3.09642
0
0
0.0018504
1.98913
0.110775
0.0670168
0.0883673
0.020647
0.0434956
0.187628
0.00900557
0
12.2452
14.4682
0.0486581
43.3918
3.50097
4.81705
12.5583
11.1333
2.88637
0.352112
13.9872
6.45382
7.42411
7.58748
7.44009
13.1452
8.91736
9.29549
5.61274
11.6076
14.7853
33.0756
9.79147
8.9271
10.6668
11.0143
6.03071
0.0239376
0
0.548832
0.0474327
7.46928e-06
2.44864
0
26.5006
1.69898e-05
9.07656e-07
11.3109
13.3643
17.8563
7.42257
9.17447
4.49005
1.4268
0
0.00524116
3.03503e-07
2.14606e-07
10.6535
0.0010809
0.0522923
0
30.2745
17.0594
5.31921
4.13286
4.1561
3.67478
0.515005
0
2.37436
1.93316
7.9495e-07
3.64636
0.634571
7.581
1.00095
0
6.57828
0.58564
0
0.693365
6.91698
0.919845
1.52
2.69125
3.67027
2.81576
0.932514
0.65023
0.18228
0.629998
6.78012
0.231771
0.83999
0
16.1444
6.35245
0.174882
15.6202
0.830153
17.0029
0
5.17559e-07
25.4369
