1.56174
1.82387
2.45938
0
2.87591
5.70723
0
7.54244
0.353799
3.50592
22.1744
0.461199
8.19423e-06
1.41984
4.1743
0
2.11587
16.763
32.6534
36.2098
11.0697
2.94935
1.29499e-08
0
2.75981
4.60428
3.73567
3.41413
40.3257
0.174007
0.245877
2.55374
2.11447
0
0.128231
0
4.45076
26.8044
17.3558
18.7929
13.1426
9.05235
1.29158
9.30036
1.53648
4.87179
14.1542
0
0
0.0315739
0.841427
0
3.66505
2.8923
0.019315
1.67498e-07
16.9852
0.219152
8.85033e-06
1.09904
0.273535
0.000204084
3.93281
2.15957
5.15412
0
1.88057
1.51112
2.04089
0
17.1342
0
0
0
0.998034
1.41874
4.36875
0.460731
1.27121e-07
0.348663
0.863785
1.32584
0
0
21.0371
4.45597
20.7272
15.6762
11.9764
13.1383
15.0693
19.1708
4.90929
16.7434
18.4773
17.5196
15.8796
17.2451
0.726666
1.77783
6.39748
3.51064
10.0115
16.3293
11.1181
4.51504
12.0247
13.4956
6.96659
28.5012
9.2396
6.37451
9.48523
5.4595
17.52
10.4066
2.17084
1.12773
3.43505
4.15526
1.4084
2.67173
0.684612
1.54646
0
2.83547
5.46141
1.49439
0
6.62191e-08
12.6256
0
0.75367
25.4126
0.98387
7.05629
12.2553
0
0
1.882
0.522906
0.0436707
0.0587127
1.32829
0.796826
0.0116333
0
0
28.8207
74.9319
4.38554
1.84745
0
3.9851e-06
3.47167
0.328275
1.88089
1.92067
5.38127
1.03805
56.2975
7.62565
18.7224
22.2827
2.27404
2.51044
7.58629
8.12491
1.79733
7.62918
21.7959
2.72178
10.688
9.46695
4.17356
0
0
0
0.000970341
0.036425
0.154027
19.7231
0
0
20.0619
10.8867
13.8878
3.37608
12.3163
29.5114
29.765
25.7634
14.8467
11.6452
8.13713
0
9.81895
17.8044
12.2674
8.38767
33.0567
83.3968
12.7666
46.1692
27.0299
3.369
23.1722
7.52189
62.2195
13.2673
33.4506
23.5582
0.327449
11.1242
14.2186
23.4649
2.37477
17.4728
12.6116
5.01151
2.63883
1.36494
17.7641
2.66919
22.1943
18.7297
32.0254
26.698
27.5173
0.918103
0.0751894
3.87878
18.2309
0.36162
3.56509
0.172452
2.60039
1.68287e-05
0.368503
2.2427
1.4864
0.843219
0.683722
0.176936
3.15894
0.737897
5.86187e-05
0.960537
1.41993
0.0496621
0.078433
9.41549
0
0
0
0
0
0.436068
0.355642
0
0.0136546
0.419193
0.283322
0
0
0
0
0.00454348
0.838146
0.0873517
1.84792
0.173067
25.4509
0.222842
0.0049886
0.71234
0
0.0866603
5.99916
0.734893
20.9701
0.585493
3.03229
0.027045
0.525532
0.67975
0.725663
0.690303
0.00273006
3.04449
0.000193061
0
45.3948
0
0.0140862
0
0
19.6079
9.68083
18.1341
11.5932
5.88275
7.44755
11.6751
2.59852
7.04836
0.649424
6.38078
0.984903
0.109896
0.16557
0.817688
3.85729
2.01478
15.9143
14.9217
34.6058
23.4024
7.69501
6.79502
0
5.61425
8.15568
3.09309
9.31209
7.72899
1.27676
0.635905
0.251085
0.21292
0.0890339
1.61702
0
5.18985
9.08137
11.3046
8.07348
6.78741
6.18695
0.682709
11.3841
6.19508
1.88111
0.212922
0.0156631
0.951594
0
1.18925
4.81747
4.88689
0.0994716
0
23.853
0.945522
0
0.942005
1.43231
5.66183
0
2.35465
3.3139
3.85144
0
0.907024
0
0
0.223609
0.0261363
4.1366
1.86062
3.91359
1.01697
7.74018
12.2485
2.94909
4.41412
0.711326
8.81849
9.26905
7.48603
10.445
16.0096
2.64663
7.82117
2.59167
8.68567
7.09918
13.7215
9.22939
10.9966
30.8584
25.5637
18.2376
3.22915
18.4247
18.4715
14.4356
13.9747
10.296
22.4912
4.71485
16.4786
18.0476
7.82087
9.24572
7.76614
4.67975
7.19183
2.41245
7.65938
5.11536
16.1949
6.09866
3.64643
5.01111
9.53557
26.6803
8.77345
15.8434
3.37713
0.522116
21.4248
26.012
25.6926
23.2677
29.7212
5.28877
31.1381
18.8316
12.8588
23.9205
20.7174
41.9378
20.2238
28.1425
10.1868
22.8577
0.766798
38.3629
19.5783
26.4816
8.605
13.2336
10.0705
9.04876
0
4.52381
7.6821e-07
6.21753
5.93001
27.5188
2.04409
6.62994
20.3341
26.7597
7.16102
19.1107
31.2899
12.1019
13.0097
15.1256
3.42365
0.9461
0.381075
16.954
2.57242
48.1597
5.04839
0.756899
1.61533
0.228993
0.0135929
0.422694
0
0
0.857568
0.698304
2.69407
0
4.44513
31.8087
3.85865
3.79363
20.2456
18.3579
7.30572
8.96947
30.754
3.16412
31.6931
31.503
15.6922
17.3896
0.205172
2.37313
8.7263
0
1.34715e-05
0.00145802
0.04418
25.9741
30.9669
6.18162
9.09474
13.071
10.6213
9.96861
5.29059
0
3.09392
10.2877
0.407
0.0161231
3.89427
6.74508
5.15274
10.285
17.1247
9.39164
0.063114
1.83476
27.4939
5.68466
0
0
5.13697
0
6.38744
0
0
0
1.3643
0.0606283
0.472857
0.012259
2.07762
0.0515701
0
1.5499
33.6437
1.83837
0.268315
2.6772
1.23086
0.502763
7.91858
23.3602
28.2491
20.3806
14.137
5.87739
12.2702
0
38.683
0
17.7247
13.675
6.54164
17.0639
8.25941
1.66622
0.358187
0
29.2674
0
0
10.2423
0
8.6804
8.58749
2.96829
27.6395
3.1295
3.2002
0.117724
8.32531
17.9461
22.5097
28.3317
5.02086
5.89808
2.94024
0
7.57765
6.66483
2.49036
5.8889
0.96488
11.4758
0.160318
0.000793298
0
0.20114
0
0.00583514
0.101934
6.24541
0.6167
0.131349
2.74012
3.26187
11.532
8.27016
0.0900076
2.11121
2.85489
0.0501432
0.737889
0
7.37541
0.876892
2.11084e-06
4.45905
17.6206
28.0522
0
0.430914
2.98909e-05
10.9377
0.667757
13.8999
7.72153
0
0.931118
7.79546
0.0137179
0.270179
15.0326
0.599338
0.0929082
0.0859765
0.0323154
0
0
10.1734
0.000405688
3.51196
21.4277
2.75411
0.625596
7.91248
5.42108
7.5108
24.8085
0
0
0
0.0306519
30.1428
39.9103
0.4038
19.8114
0
30.6021
30.7127
10.0128
9.78009
0.0918449
0.000495045
0.177416
0
0
4.79809e-06
1.51785
0
14.3798
5.72537
2.68301
1.13541
15.3777
0.0832934
37.1123
8.42554
26.1105
13.321
5.85879e-05
12.2344
0.54245
5.85787
11.9063
1.14629
6.03663e-05
9.56903
16.3794
0.112736
8.7275
0.00202774
0.336863
8.4182
23.9869
16.6693
25.5144
10.8195
16.6617
12.7562
1.26417
3.70357
0
0.189682
0.392791
2.30863e-05
0.0927259
0.000337487
3.14878e-07
0
30.6183
2.58044
1.78925
0.0179063
0.00058827
4.44831
8.5705
0.0326693
3.69596
0.0685446
15.9391
4.11975
15.3979
4.28771
27.3053
28.8277
4.95531
9.12627
12.6842
6.04061
0
0.902849
15.0606
4.75006
0.341953
21.5974
0.0301055
55.0235
74.4199
7.19446
33.0539
60.1503
16.3253
9.28327
2.80551
0.786505
16.944
29.5182
0.00468723
1.01485
0.200975
2.23791
23.5626
2.2447
0
8.76425e-08
0.201392
0.821016
0.0253727
10.0573
34.0067
3.37448
2.03936
0
0
2.12556
7.68566
20.6533
0.000746003
2.13685
34.4995
0.220814
27.9017
0.97082
16.2695
20.5873
14.6618
18.3914
0.743522
1.03645
1.90927
0.000173022
0
0
0
0
0.962439
0
0
0
8.12356
20.9106
0.992706
9.75127
11.2548
2.79503
3.4075
2.63138
0.698077
1.83282
7.79161e-06
1.96833
0.849834
1.72494
1.9261
33.3135
8.88575
23.3706
0.647777
0
12.3612
0
11.1856
0
0.0468707
0.119615
13.4172
7.57038
6.80897
34.4063
7.04256
16.4241
0.0457391
0.00753041
3.08462
16.5153
1.72365
0.111742
0.0477659
0
0
1.96511
8.74161
2.34704
1.63354
1.95884
9.1188
4.64606
1.13438
5.95667
4.98429
30.8492
0
0
7.48117
4.27998
7.83688
5.87878
0.15596
0
0
5.50264
10.5397
11.124
12.3284
0.00200531
8.95615
5.39581
11.8577
0
19.3489
0.915742
0.600288
13.3622
0.00651916
0.83788
11.5716
0.00120916
0
0.967968
1.80509
4.41615e-05
0.980658
0.00160135
3.19992
4.5533
0
0
12.4917
0
14.5691
0
7.03692
0
1.49386e-05
0
0
11.0121
0.00233485
17.3102
9.32147
10.5122
12.8069
19.6531
0
14.0898
23.5864
0.0242056
9.92865
4.99885
19.5687
4.89069
19.1526
16.8429
3.87855
9.44637
10.3442
13.7236
11.9449
7.09204
17.4266
0.000270426
14.6509
2.0111
2.02481
19.063
1.16281
6.08988
6.16169
6.45712
6.92604
12.1081
7.77895
0
0.00260908
0.1804
0.207976
1.35478
5.02272
4.64178
23.8205
25.3603
1.00707
0.219242
1.17108
13.4637
6.5853
0
14.0887
4.06011
8.49437
0.032927
0
0
4.20532
2.46766
24.9856
3.43553
0
0
29.0897
0
0
4.50283
0.803489
2.47029
1.83072
19.9476
8.42655
2.8284
3.39263
4.12895
7.93226
0.000263327
0.566596
1.8304
0.661224
0.738712
2.84949
2.66183
13.8938
37.0812
11.6585
0.0345643
0.839485
0.953275
2.4357e-07
29.7353
4.39227
16.6961
15.7467
1.55054
24.1581
7.24213
0.00294755
0.0819529
7.01801
1.03753
2.76028
0.984994
4.75425
0.0229413
0.891888
19.6787
0.354145
20.0383
7.70071
0.662144
0
0.0743993
0.663368
0.264974
6.23971
21.9596
1.78808
25.1331
13.872
0
0
0.957983
0
0.397206
1.39686
0.121583
0.0224322
0
0.406127
1.07395
0
0
11.1825
2.27066
2.75589
14.8254
0.00014866
0
0
9.92749
12.2832
3.4057
0.00458401
0.528566
0.072248
0.661721
19.8761
0.0329873
0.106564
18.485
3.95299
0.364048
0
17.655
1.83221
1.33948
8.68314
0.202682
9.07832
0
0
0.841973
16.1309
7.7156e-05
19.1138
0.339676
3.68201
0
18.3763
14.9572
19.9976
15.9787
12.1185
3.82796
39.4267
3.72295
5.64909e-05
0
0
10.6848
17.9753
7.21325
7.48407
0.161432
1.28905
0
30.9766
28.3777
35.0762
14.1982
15.6326
15.4403
25.563
14.5737
12.2983
21.7986
2.91341
9.80666
21.8855
19.5421
0.0453926
0
24.8095
11.4324
0.789204
7.88616
6.11303
0
19.2273
5.33009
8.36436
0.902606
39.3636
14.1648
18.3641
8.41152
17.2983
2.08295
9.97976
12.0883
17.0507
0
0
0.872995
28.3842
31.4935
19.6977
27.5237
35.3709
51.7559
50.5992
25.9515
23.4737
94.5958
66.5166
17.8177
8.95815
7.49854
0.889465
0
0.00105613
0.290239
2.37579
0.0948437
0.00623212
1.02124
8.06856
0.00995732
0.878965
14.5332
13.0312
4.36037
7.4336
8.59434
11.194
1.8432
2.66517
3.80326
7.16569
12.5185
12.5402
0.0246438
23.3266
21.4809
14.4042
16.9166
9.9534
15.3491
0.162053
0.834853
0.815784
17.4035
10.4409
2.98324
3.91351
33.9651
0.0552092
0
0
0
0.00307389
37.8162
0.000521885
34.247
0.250035
61.4279
53.9679
0
0
0
30.5949
37.7956
12.9042
22.4942
1.49767
1.07562e-05
54.6397
14.9903
0.815796
0.0639079
7.24651
33.625
51.1233
0.0405921
8.01361
47.0206
2.23952
26.0185
0
0.591414
14.5605
0
0
0.103507
0
0
30.5152
0
0.881147
13.6246
22.9591
18.4387
28.1049
2.81355
27.0119
0.7395
20.8472
0
21.3613
20.4101
0
18.8217
12.0809
19.8909
0
9.3794
2.60233
20.761
22.4649
4.45988
16.0213
0
38.8017
18.0968
9.58943
0.520833
28.8909
14.2961
34.3125
22.6645
0.00269487
0.00617854
0.623703
37.184
0.618591
23.2868
0
0
0.0298915
0
19.5472
0
0
0
32.1998
0.0051076
31.2944
25.5884
1.0681
11.1573
1.6878
17.0738
7.53647
36.8365
0.547161
0
0
0
0
0
0.794611
0.94142
4.34255
5.62445
1.31591
39.249
39.2857
4.6831
18.0124
18.8204
1.61434
35.3063
16.6322
23.566
25.3364
23.9415
21.5722
22.0405
0
17.9368
41.6739
44.3548
17.9915
38.316
11.3721
38.8308
18.7315
1.87024
23.8202
1.5765e-06
1.23035e-05
24.5026
0
0.127609
9.16314e-07
0.00762976
0
0.000118682
0
0.649405
9.94215
5.04529
0.454071
0.33353
0.0735345
0
0.122194
0.000410676
0.0370935
1.50439
0.0393
34.9453
5.6808
44.6851
13.3184
1.07146
0.751648
14.6854
31.6705
5.69376
0
29.4981
4.60217
26.991
31.1465
0.07953
0.0741013
0
0.00130017
19.3135
30.3668
0.986397
1.48698
0.395163
0
37.8673
12.052
14.6814
14.7474
0
1.97704
4.07241
3.95337
0.0551689
0
11.2952
0
0
0.96058
13.1732
52.6985
4.33706
3.56473
15.812
1.28134
20.0067
14.3421
0.600852
18.752
1.72054
1.24839
0.0625349
2.93863
6.11431
1.75626
8.65928
0.716267
8.80108
2.06081
0
0.926838
10.3229
0
0
0.0349895
0
13.0235
11.2398
2.0045
12.4106
0.703396
10.7507
1.14523
1.65215
3.78661
0.0210341
0
0
43.608
23.2708
30.0277
34.1219
14.2523
5.30256
0.762562
6.63173
14.1124
0
20.4742
0
1.25649
0.0475264
2.45617
2.06139
0.0278576
2.74035
0.893476
0.745071
9.09065
8.63489
6.18984
12.9476
11.3783
2.52101
0
0.017169
0
3.80763
8.65248
0.00261181
0
4.82165
5.40687
9.05933
1.41726
0.641972
0.0350177
5.51469
0.541456
0
2.21583
0.000433906
34.5764
1.45263
3.74727
28.9595
18.1204
2.15441
0
18.4675
20.0803
2.20702
8.54174
1.9684
2.29806
0.812092
2.83296
0.147185
1.44008
3.02742
24.976
16.5975
3.62062
2.24997
8.06839
6.92565
8.73123
8.66116
7.46238
0
2.78184e-05
0.00361031
0.675304
1.53211
0.843932
10.2592
2.1619
27.9801
0
0.858061
0.844563
1.42792
0.405735
7.85282
0.989101
2.67735
23.8075
17.3558
1.41571
9.77089
8.04943
0.680327
0.756262
36.4332
12.3282
12.543
9.53252
0
0
18.8059
7.52188
0.578291
0
7.06773
0
0
2.70925
1.34575
0
0
0.000989851
9.00139
0.76262
3.56614
0.0504254
96.265
4.3584
0
2.39481
13.9645
0
4.19706
58.9698
0.632657
10.2101
30.421
3.50541
0
116.621
1.03697
0.0121452
1.23538
0.105823
0.0198951
0.00164271
2.72286e-06
0.0528805
14.3662
1.86594
6.47733
0.119383
0.73656
0.0622646
11.9081
0.764844
2.21355e-05
0
0.0240553
0.536617
2.47754e-07
0
14.2698
0
3.19578
0.743927
0.00639809
19.7648
0.203985
0
3.38509
6.24785
1.6482
4.24336e-06
16.2913
3.08107
2.90206
50.7203
31.8465
11.7953
0.016829
0.651972
0.0622693
0.644917
0.0284666
1.43066
0.0855456
0.704559
0.768722
23.1778
15.3295
0.312143
0.557343
0.0155256
0.427459
0.416486
0.0321656
5.66122
2.97208e-06
0.650942
4.50924e-06
0.987527
2.1884
0.994026
0.669069
0
0.000151484
0
0
0.991586
7.55035e-06
0.000228248
4.54906e-05
0.00844716
0
0
1.68691e-06
0
0.444252
0.119479
0
18.9269
1.17124e-05
0.931362
6.5139
0.658233
0.939307
39.088
4.61337
8.06817
0
0.719636
0.546712
0
0.841721
0.665297
0
0
0.0436022
0.000653938
0.131
0.544191
3.80449
0
0.878655
21.5694
1.05192
0.0109545
17.6155
0
0
0.779926
0.0226283
4.6158
5.03213e-05
0
0.651627
0
0
0.916373
1.88779
0
0.90451
11.5509
0
0.000251357
0
1.14341
0
0.0104306
0
2.60598
3.81889e-07
13.2174
0
0
3.33794e-06
0
0
0.000105273
0
0
0.630144
22.5667
9.34305e-07
16.0795
0.832225
6.90728
14.9798
0
25.6351
16.2777
20.986
2.24671
0
1.09202
0.509141
29.6057
0
0.391828
6.74171
0
0.237264
28.7049
14.8279
0.00553286
0
11.6525
9.65105
5.42669
4.52489
4.61889
17.7939
8.4618
26.2174
0
2.51414
11.2946
0
10.7312
13.4606
17.6959
8.2301
5.59284
6.04109
8.75569
12.8516
7.53013
17.1814
6.3818
8.27648
4.33205
1.31013
3.50867
3.09296
0.474842
0.330577
0.00427007
5.15994e-05
0.678931
3.57418
3.71127
0
1.68122
0
0.0333235
1.08855
3.35882
0.412233
1.79907
0.478017
1.20363
2.251
3.22708
3.54637
12.7478
0
0.401938
8.03286
4.92306
3.44937
1.47579
0.325568
0.00657671
7.14992
0
0.0159502
0
0
1.20973
0.435792
0.0113377
0
0
0.638687
1.80157
0.297781
0.00683575
0
0
0
0
0
0.000508003
0
0.0111222
1.02978
1.87778
0.262595
0
0.318373
0
2.0301
0
0
0
0
2.67869e-06
30.757
0
4.42653
0
0
0
22.4033
0.23111
0
0.76161
0.18613
0.0794115
34.0604
0.775605
0.493045
0.511325
0
0
4.20617
1.75765
5.9879
0
0.310257
0
7.37445
6.95319
0.904363
5.15432
4.18643
3.70358
4.9511
3.57488
3.49637
4.45528
15.667
6.91192
9.49327
18.1455
0.000491546
0.0352089
12.6183
12.2978
10.9449
8.73215
9.93085
7.48996
6.09324
11.1715
10.4757
23.486
6.75358
13.3298
11.912
17.3381
23.7519
21.0679
0
22.8424
0
25.9006
17.0577
14.5215
12.1277
7.92291
16.3704
16.0603
11.557
4.22304
15.415
17.7997
11.8697
7.30552
13.4276
14.7812
17.3386
10.4719
9.47324
14.8411
6.78981
2.98475
0
5.98682
6.31302
6.64974
0
9.62156
5.09593
1.75647
0.415656
0.289669
0
0.801852
0.816307
2.654
1.16195
11.1856
0.103241
0.127507
0.693905
0
0
0.290412
9.30025
0.0358289
0.00766378
0.502477
18.7179
0
0.255209
1.97229
3.65885
2.00064
0
0
0
2.93836
0
8.44691
5.01504
1.38834
2.09026
3.57997
15.8948
5.96286
28.5044
5.55008
3.91554
20.6562
14.8554
8.16833
18.0308
20.3679
22.274
11.4901
21.8683
12.3252
0
15.2431
10.7444
10.3949
0
25.7466
0
2.16769
2.9298
0.420746
4.57608
7.04853
12.1886
0.334311
14.2229
0
0
12.1936
3.74171
1.20446
5.40675e-06
9.1218
0.289976
1.21613
2.96124
3.12505
0
4.06821
18.9739
0.0770515
0
0.000122301
0
0
0
0.683252
2.97324e-09
11.6734
0
0
2.53225
0
18.3718
36.102
0.0993307
1.65118
12.9955
11.6989
0.0339802
8.79648
1.36047
3.28383
0.40037
0
1.47695
1.29257
0
44.7777
2.77727
10.8519
0
2.30065
0
0.0494571
0
23.5402
0.653861
0
0.935908
9.01589
0.927135
5.33379
26.2003
43.1286
19.0005
19.3453
19.7169
2.56732
4.1581
15.0884
9.34689
1.89254
13.2659
8.2146e-05
0
9.97435
3.01523
6.1328
0.310574
33.9442
0.963704
0.875256
3.77087
30.0081
18.2651
8.88073
3.6231
2.79813
6.05735
4.07263
3.94362
13.7341
1.59121
0.000242042
0
0
0
0.000261832
9.92608
35.3662
28.1033
18.9085
1.66786
20.7265
15.4412
0.842395
19.2516
2.67251
24.0456
6.49654
4.26603
2.34056
87.9922
47.2545
2.5197
16.5773
28.903
0.0447782
0.143919
1.74376
0.0918999
0.148064
0
0
8.89114e-06
5.57445
7.63225
16.8552
0.720349
36.593
0
0
0.00761937
0.000612792
0
0
0
0
6.85162
0.000891594
1.82076
32.657
0.695892
9.11412
6.22392
8.56159
0
0
5.20227
9.27072
0
5.90211
3.66984
10.6405
0.00170422
35.9809
25.5237
0.331356
6.71188
24.3392
1.12469e-06
0.614915
0.0526887
0.988206
0.325593
8.32484e-05
31.9889
0.000998201
55.0963
28.7691
38.6938
0
0
0
0
0
24.1664
13.4788
33.2682
0
11.8608
26.1394
18.4408
4.65271
5.11103
18.712
4.94563
2.01505
0.113817
0.0215347
0.0358371
0.0247721
7.7274
0
0
0
0
0
1.96525
0
0
0
0
4.49717
1.22052
0
0
22.3556
0.160268
0.0319956
0
0
4.7832e-06
8.17186
26.1802
0
3.03513
0.7123
0
0
0.634062
0
5.47057
7.00319
9.57306
13.5409
9.62773
3.66815
9.28611
3.21636
12.4001
35.5221
23.26
1.61907
49.2756
30.8862
51.4619
20.5184
19.5514
21.7485
19.0761
10.371
24.8384
19.2847
16.375
13.1072
12.0791
11.2756
8.6425
5.16574
14.531
11.5427
10.8372
8.59285
11.311
7.08139
9.81376
13.8679
13.5582
4.16888
0.137776
3.26826
0.0498079
0
0.501201
0
0
17.4964
23.2554
0.0339914
16.0746
1.58933
9.73641
0
0
6.80471
0
13.4455
1.06109
0.913971
0.696823
6.81906
17.4109
0
11.1987
13.0842
12.6127
14.8576
0.941985
25.3379
0
15.4631
27.5195
9.46591
20.347
10.9365
25.5887
11.7377
11.4921
2.48768
7.61497
23.8509
22.2797
8.34229
1.6134
9.45896
0.0377142
7.40243
16.3519
13.8373
22.4188
5.32252
25.5182
21.6242
19.4457
14.7415
17.183
17.1744
27.4924
18.4178
18.7227
14.4256
21.0155
16.0068
0
0
0.836346
5.34939
7.35862
5.15964
7.61223
7.92307
10.0566
19.5129
17.8811
17.2712
22.1087
1.50441
12.2392
9.85152
11.1571
3.30843
6.9706
2.71269
11.5914
5.23182
10.336
5.3524
7.5112
10.9876
6.60363
4.60095
2.64607
4.78678
16.4467
3.44045
12.2931
9.89599
16.7786
7.50214
13.7649
20.827
11.8396
8.92298
40.5341
2.65169
2.62713
0
0.967097
0
16.2258
12.4339
12.8522
19.9298
0
21.9186
26.6997
22.9328
15.9134
17.1541
16.3592
11.8293
25.5553
0
0
6.89225e-06
29.0811
24.9865
34.5403
1.28736
50.1017
3.54858
9.36478
0
3.18578
0
6.17074
50.864
1.05314
8.78499
67.0385
39.3346
18.8801
18.7743
0.057682
28.0468
9.10242
23.0948
8.51483
13.9614
26.3607
25.8777
28.5855
26.1612
13.3625
12.8357
15.8614
21.0717
14.9342
9.71538
9.01059
12.1435
17.277
14.8529
12.9096
7.90724
18.2407
6.35052
19.1827
12.086
4.61955
17.5807
27.2009
9.60566
6.64435
0
14.179
0
7.48042
11.9211
20.5199
16.6391
9.79575
4.53274
20.8182
15.189
12.0615
12.4284
10.5589
4.97378
8.19915
13.053
10.3624
7.76196
8.15975
6.57961
4.17888
9.45851
9.11568
6.64926
0.00065791
5.41635
9.72364
12.1948
6.90739
14.6964
0.763351
1.19264
0
5.61993
10.0163
5.4269
1.48593
9.32393
15.6631
8.73966
18.1326
5.929
8.2662
12.5841
19.9384
8.39738
4.5574
0.341512
11.6483
11.1736
2.48576
1.56501
1.99477
1.98616
2.44024
1.34423
1.00527
0.919998
0
20.729
1.39908
0.0884848
2.22561
15.0547
0.113473
0.00591154
1.57763
0.0152505
0.234365
0
0.105977
0.348516
1.32721
0.879659
0
8.68568e-05
0.135714
0.122391
2.38904
8.11422
2.36004
2.62821
7.60128
0.132056
15.6701
0
0
0.406534
0
0.279594
0
8.34822
7.48721e-07
14.0216
0
14.5541
0.0105045
15.2418
0.0537879
0.967686
21.5524
0.691006
28.1694
8.27915
12.8182
0.0126889
27.8345
0
0.206574
0.122377
0.709439
18.9639
19.3376
0.920564
0.1853
26.6235
0.404882
0
8.92147
1.01747e-07
5.09093
0
3.65182
0.879511
4.24374
2.73853
0.215477
0
7.92352
2.99041
0
5.99428
11.2071
0.953139
9.66579
0.0171903
14.9094
14.3175
4.10187
12.8371
0
0
2.89869e-06
6.8193
15.3519
0
0
0
0.0264359
0
0
0
0
0
3.03102e-08
1.47323
0
0.194972
0
0.258756
0
1.34438
0
0.427422
0
0
1.43495
0
0
0
0
0
0
0.778418
30.5455
29.5583
38.8386
14.7211
26.8657
1.95281
6.24768
0.00207975
0
0
1.93283
9.96479
1.31847
5.16675
0.0651067
2.1793
25.5171
56.445
19.4876
13.9771
7.46349
2.98362
21.2777
18.9097
2.00908
10.4685
4.89238
4.42871
6.80386
9.75875
3.75214
20.8115
14.7396
5.31603
16.214
0.46514
12.2749
1.62314
12.461
3.24391
21.3661
29.1268
0.183463
0.00655989
0.0346544
0.0427994
0
1.13537
0.00227239
0.00212486
0
0
0
18.3827
0
11.376
3.75459
19.8947
1.17866
1.52375
19.3585
26.3563
20.5503
3.86884
0
21.6019
23.364
22.6504
32.179
37.3252
23.7994
26.3766
0.158948
26.9598
0.0416054
28.7431
26.0978
25.2003
12.0943
3.75793e-05
30.2462
13.5427
40.998
7.03389
39.7396
35.9647
9.25199
4.13113
26.0647
21.8304
18.7189
16.5764
1.21211e-05
12.288
27.0955
1.82069
1.92483
33.0157
0.00171338
13.9728
0.0491206
1.06112
0.0196237
0.0051772
8.99
5.30922e-07
44.0328
35.2688
19.0681
10.2276
8.64106
12.6293
9.8798
4.25108
0
0
7.74703
13.7007
15.3232
23.1832
13.5022
19.3976
25.4228
6.98888
22.6884
12.3955
6.91672
16.3185
0
0
0
11.6501
0.0237266
5.4517
22.7912
4.89189
0.230722
0.029887
0.08564
0.0963455
0.0408909
4.09523
2.52106
3.74469e-07
2.22922e-05
0.853772
11.3153
0.981503
0.165789
14.0114
7.31134
0.330782
23.638
0.0270485
0.40422
0.00039237
7.23754
0
1.65886e-07
2.4413
2.09208
0
0.0340668
0.00017468
0
0.106429
0
0.820344
0
0
0
0
0.262994
1.32643
0.51341
0.107711
3.13193
8.16674
8.38975
6.26105
0.00797088
0.32811
16.6224
0
0
0
0.000628767
25.1689
0.693868
37.9095
9.46732
32.4492
10.1613
7.51955
5.80236
12.8246
0.760654
12.1388
12.0878
2.96275
11.0322
20.2582
0.224586
0
6.74835
0
9.76513
9.37212
24.2624
9.95675
18.8478
29.524
0.117171
20.2058
4.99177
18.5973
16.9452
0.95839
18.1009
0.00194671
13.0033
9.25504
0.792824
14.258
8.46898
7.29598
2.73688
0
0.0471958
0.223228
0.0826422
1.06039
8.75698
2.24746e-05
9.84268
6.39497
28.2232
15.6018
13.4109
23.4292
9.25062
7.9586
15.1186
25.3273
27.2449
15.914
17.436
14.2562
20.668
0.00827634
7.07367
10.0675
13.7904
9.14932
4.82219
9.65624
3.79486
3.82192
17.3674
15.8434
12.8794
15.2804
18.534
9.16863
14.0883
26.4745
11.7684
11.1701
12.9727
0
3.74991
6.7448
1.19216
6.70006
15.2831
0
11.1679
12.9801
19.4586
0
0
14.0139
9.45936
20.2987
26.6598
6.74743
20.5179
13.7579
2.75179
22.5878
21.3644
19.1895
3.99109
16.2859
25.8796
26.0903
12.5817
31.3222
23.6503
31.6146
20.2303
46.9687
36.6696
1.51251
41.2768
24.8191
30.48
11.6871
33.6428
37.1138
63.0485
22.3939
0
43.1532
17.3949
32.284
1.12312e-05
5.60989
17.8232
17.3929
33.7165
9.26825
32.4841
18.9528
0.442569
0
2.1031
0.000517407
32.2671
0.976467
8.69219
28.308
26.9368
38.9074
35.6047
0.0369542
42.5229
0
37.1104
37.8701
36.9086
44.6506
13.9914
53.1661
58.716
8.48151
23.7143
22.2411
18.5402
34.3443
0.79615
26.2973
4.95254
18.6752
0
4.54241
5.08334
18.0751
9.46927
11.7323
24.3502
13.5717
0.0181464
7.83068
8.94844
3.76643
16.6056
10.5161
0.266956
9.55595
12.3948
7.69157
3.6659
0.839989
0.751544
1.66435
0
18.5244
2.62492
20.0761
24.4238
10.1096
13.0921
3.03552
6.42402
25.8303
0
2.45752
8.00513
4.92016
0
25.9096
8.18362
7.8231
11.0427
8.13169
15.2844
12.4822
24.1922
15.1636
10.9624
12.1793
10.5314
19.8239
11.7742
7.08877
13.301
35.9913
0
17.3581
5.1512
37.7093
6.20015
2.33496
29.769
12.0432
30.9956
34.199
23.2908
15.6001
11.9098
25.0427
22.0344
30.8252
9.90614
9.46841
12.919
29.989
40.6254
9.18478
1.77628
9.24003
34.2673
6.81278
43.9009
32.5414
7.80445
11.4589
63.08
11.3776
12.9848
0.0392198
9.6255
2.06615
15.6226
9.8845
12.4913
0
6.27697
8.88343
18.5933
18.3214
9.60577
6.83203
5.46099
0.973162
9.313
21.5295
6.58453
14.7844
9.39916
7.87247
19.1595
6.47956
14.4767
11.0991
0.275023
21.1816
9.47933
6.90413
23.8754
7.07922
10.3684
0
3.42487
0.103275
6.46281
1.49496
0.870421
4.88722
0.955664
0
10.9924
0.25985
10.1542
0
9.57212
0.917844
1.39934
9.27814
0.0519193
0.0184023
0.0203162
0
0
9.71322
10.5465
24.0874
24.73
21.9025
17.4231
19.8042
1.28697
3.80208
1.76801
9.40908
6.33047
0.0209295
7.80601
14.8674
0.000217176
8.89164
0.0144103
4.34516
3.36132
0
3.5691
2.92199e-07
1.54549
17.3815
0.350609
0
0.0756034
0.0046171
0.058331
11.3382
22.1084
19.0343
0
3.7771
15.6084
9.65394
20.5288
10.6936
16.094
12.6727
5.81134
8.9611
29.0799
10.2273
0
9.80368
13.9422
7.55211
9.38581
0.635961
5.77857
7.99638
13.9003
2.80707
5.60829
5.96892
136.717
10.8601
18.6587
11.5248
126.992
7.42394
6.94106
7.66125
5.26658
5.1388
9.62419
12.4421
47.6819
7.42382
12.8384
7.24125
5.85457
4.38153
17.739
10.9779
9.17385
0.178586
9.48826e-08
11.4153
21.0108
1.57684
0
0
0
6.37521
0.782187
0
0
0
0.00501448
0.0752229
0
8.7855
0
6.74091
12.3661
0
0
4.7943
5.65622
5.13337
0
0.994551
0.804958
0.714027
1.42956
0
1.47088
0
1.11339
17.4185
6.60541
0.000149972
0.00401011
1.23474
1.8444e-05
0
0
0.0541708
8.12367
3.98683
13.51
1.35
8.88064
0.165715
25.2169
4.07817
8.07936
7.00785
4.81013
8.60531
19.9833
7.10207
0.578299
1.46965
4.54256
6.05526
1.30633
1.15347
7.82034
45.6711
36.8452
30.5697
11.4911
0.944802
2.35555
0
2.42955
6.94402
4.62895
14.8397
5.81516
4.78055
5.82387
32.8787
0.000104335
12.6558
21.6041
22.1776
19.8964
21.4234
10.8415
21.4305
17.2598
8.79305
19.5822
16.982
18.1277
21.7839
14.7601
21.2388
1.09233
16.4297
14.5798
4.58449
0
0
3.97264
10.9336
1.82633
0
0.58639
21.9166
19.6817
8.38786
7.93187
8.27047
4.11991
10.231
3.38935
5.40844
0.00319873
0.00592102
6.77635
4.67142
71.859
5.89951
19.9875
19.7304
8.3573
20.4936
0.168182
0.00016951
3.69142
9.70473
21.9461
13.4844
13.6801
2.13004e-07
15.7
13.1136
1.51331
16.822
2.20257
15.0776
0.0605654
45.1168
28.5683
6.62735
0
18.3702
32.3164
0
0.000187054
0.0200359
0.0271709
5.45462e-05
0
24.4384
0.363131
1.37606
0
0.0329144
0.457091
4.98105
0.654423
7.5971
0.0515303
0.839524
12.8472
0.303185
0.625433
0.137337
8.76155
2.51653
6.32654
1.52261e-05
1.80897e-08
1.1348e-06
2.50636e-06
1.34011e-07
0.0217039
7.00767
0.49296
1.17819
5.15258
4.96519
0.0248831
2.75901
0
8.01003
2.02598
12.2875
33.37
9.71191
0.855758
6.40194
19.0838
10.3393
8.29634
11.1238
2.35129
1.38027
8.57809
0.125
7.8258
9.78371
5.70804
2.42245
9.57396
9.35844
2.88158
3.09712
24.8938
0
0
0.00444967
0
0.811017
0
0.568802
0.0381119
0.0230141
2.42716e-06
1.37903e-07
3.46438
0.0533003
1.01384
0
0.913891
0
40.1063
1.68074
3.53399
5.56573
38.133
19.8873
23.744
0.540707
9.88125
29.7268
16.2068
0.0163754
12.3646
32.6503
0.0618535
0.813706
12.2469
1.68646
51.5018
29.4041
15.9569
30.9645
20.0995
10.284
16.7635
0
3.77815
0
5.62199
2.10907
0
32.7525
22.1868
0
8.81347
7.65489
8.75524
11.4457
0.40663
10.7855
13.1376
45.0143
9.1188
18.8956
19.442
5.80047
7.70613
10.8417
2.09212
4.2328
2.48611
10.4229
0.125116
2.96169
3.56737
2.51224
2.2943
0.780234
0.836896
0.757898
0.944491
1.03107
1.09444
0.427809
0.164803
6.93358
0.0665014
0
1.40272
0.131104
0
0.0174088
0.363793
0.927595
0.783955
0
3.03401e-06
0.0244418
0.206776
2.31183
2.50861
3.44566
6.31793
6.4895
0.143383
14.1833
6.31944
4.43384
1.20821
2.16829
0
1.19655
0
8.66952
0
1.46548
6.21718
13.1183
1.39207
2.61619
29.2906
12.4056
18.5444
8.90937
9.16935
40.6942
0.0689866
22.4414
21.5854
0.940477
0.0312587
4.52814
0
1.64657
13.4724
1.24332e-07
3.35574
1.0004e-05
26.3597
0.636038
3.90408e-05
0
0
9.38508
0
0
0
0
16.724
47.2716
42.2522
39.5714
1.34482
35.3204
16.8895
3.11158
19.9869
5.04583
17.2017
7.36563
0
0
33.9094
0.318373
0.123016
0.709492
5.86407e-05
0.208893
1.93674
33.7273
0.000725402
1.46873
19.0271
0.0069997
0
2.1558e-05
0
12.4327
41.3137
0
0
0
0
0
0
23.8415
0
3.36424
9.93103
0.0310933
0
0.861716
0.00660267
0
0
9.2491
9.72189
0.988418
0
0
0
28.0569
0.0354915
1.63761
0.35811
15.2478
0.0307764
0
0
0.0146444
0.099691
3.2632
0
0
0
0.000498055
25.4587
0
0
25.001
0
0
0
0
0
4.88731e-07
0.000132855
0
0
0
0
0
0
16.1488
0
1.87527
0.448944
0
0
0.0742409
5.82252
0
2.47854e-07
0
1.80123
5.96082
15.3214
6.5964
2.15127
0.544265
0
1.10011
9.90444
5.2658
1.32711
0.939774
0.407283
0.537989
29.4647
0.988709
0
1.467e-05
1.71307
0.00379864
3.75054e-05
2.31255e-05
0.00019891
1.06082
3.69519
1.74024
2.02299
6.31738
0
7.45485
2.43542
1.28263
6.08801
0.294618
2.09494
8.44602
2.82536
2.08065
6.63508
18.8586
0
6.01353
1.03232
1.14949
47.154
3.83325
0
7.53079
0.580647
2.20072e-06
2.86502
30.8649
0
0.670172
21.6347
0
0
0.972281
0.0465799
0.0253535
0.000229268
0
2.79393
1.29754
5.63213
6.54062
1.69505
0.0806913
22.8862
5.76999
0.429252
1.00188
2.87162
0.0526466
0.97374
27.4586
13.5337
5.74579
8.70188e-07
12.2359
7.16786
11.8675
23.2229
0
26.7039
21.9924
17.5949
7.41387
1.04797
1.86004
12.9844
1.72875
21.9673
4.10562
0.15395
13.8592
0.0167531
0.856415
0.852017
1.01377
18.0397
0.227136
0.305714
40.4872
32.4444
0.825885
20.4577
15.2473
11.81
5.32507
1.58135
29.8124
21.9114
0.748788
4.75077
30.505
21.3323
2.97789
8.78739
27.247
14.685
24.9939
21.4147
31.3458
19.1112
30.0987
16.3763
1.86668
26.8165
1.87691
7.94494
18.6234
12.1387
5.30429
0.0465265
0.00845311
1.49285
0.173076
3.99643e-05
1.78354
0.176493
0.221265
0
4.98859
8.26592
0
3.47526e-08
0.680709
0
4.87363
0
0
13.6826
31.0458
1.54522
5.65249e-07
1.20967e-05
11.6787
0
2.43495
5.81713
7.03511
10.3709
12.2028
33.5368
0.0413458
1.8665
0
0.73895
19.0282
0.128267
1.16543
15.9039
0.494039
0
25.0363
1.72232
0.442935
1.49591e-05
0.528278
24.0309
6.20648
0
7.58275
1.10227
0.324485
37.9177
10.8032
8.26643
20.955
8.73527
8.12183
9.47376
7.09901
3.77336
1.86815
7.60619
1.56996
1.3078
2.48867
15.5759
0.454117
12.2098
24.2528
0.25807
18.8028
24.9094
17.3191
8.3267
0.858124
0.0142927
0.999285
0
2.32494
0
0
0.0222318
1.00385
1.82239
0.873498
0
7.47477
7.61813
0.833581
51.6996
5.77784
7.01912
13.8171
4.20782
2.3527
0.971712
37.3732
8.75296
13.7266
9.52922
11.1844
10.8509
4.4858
8.49365
1.80604
5.41422
11.6945
21.2419
15.6926
4.78392
7.2808
8.80862
2.83554
0.0629002
2.24217
0.841932
1.04299
0.00530924
0.00568612
0.0201463
22.9877
0.815824
1.55691e-06
26.1919
13.8898
9.08392
12.688
13.3157
4.19883
2.10939
0
0
0
0
22.2455
0
0
0.899942
38.666
16.541
8.9986
1.69618
2.90831
5.04702
0.153247
0
0.227915
0.857165
0.0266671
0.00273698
0.0943027
0.0883401
0.804638
0
6.20447
0.0592196
0.715866
3.04432
4.10656
1.29995
3.52216
8.46235
5.08065
4.40157
0.337589
1.67773
0.434109
0.542718
2.0812
0.158426
0.336501
0.207369
22.5727
2.37169
0.9403
22.6965
0.64277
25.5022
0
0.564839
20.1702
