15.7791
11.6961
14.9041
0
3.20061
16.2262
0
14.5136
0.514971
15.9482
25.8839
0.0634548
0
1.81207
14.8797
0.113725
3.95389
13.2809
17.325
27.5754
8.77718
5.78541e-07
0.0508007
0.00740387
4.4483
4.28226
3.5073
4.26406
24.8454
0.0531902
0.383152
0.984286
0
1.54914
5.18971
0
1.1511
17.9957
8.07981
12.1759
12.3045
26.3128
2.01793
10.3553
2.56999
15.2853
4.28331
0
0
0
0.341619
0
13.1457
1.85047
2.84277
12.1597
26.9383
4.02416
0.287714
0.126988
5.51755
0.00438957
12.5412
5.08879
14.577
0
3.08169
1.79566
13.2932
1.34725
19.8297
7.80078e-05
0
0
0.126408
2.00646
14.1808
2.87494
0.588969
0.141604
0.684934
1.92456
0.071775
0
42.1723
7.90815
11.6517
11.8838
12.3445
13.6342
27.4129
17.7283
6.65127
12.8906
6.84495
6.19724
17.872
30.8867
1.69916
1.82383
8.90389
7.20715
10.9985
11.8847
11.2693
10.2612
10.9724
4.86917
7.144
10.5059
8.48213
9.94378
11.6274
10.7275
4.60457
9.05419
8.00243
5.27473
3.37747
5.98794
3.28173
5.7545
4.37298
5.95654
0
2.5667
5.21792
0.618211
0
0.0538585
3.78164
1.59991
0.838047
19.2317
1.92987e-07
6.4686
9.58309
1.64149
0.0231108
3.48662
0.248952
0.910316
0.0638624
1.58983
0.0910071
0.0590467
0
0
19.4404
75.7564
3.04579
1.67687
0
0.464304
12.6401
1.66535
14.1334
4.13201
11.218
1.90216
38.4401
15.1542
22.6153
18.3653
0.12713
6.40946
5.78157
10.9692
11.3753
6.69713
13.8442
1.66422
10.6392
8.37871
4.51151
0.168129
0.0846937
0.33045
0
0.917869
0.0283351
14.2494
6.76436e-08
0
17.1912
7.25841
20.8349
3.19633
20.1474
29.7464
19.1645
23.6881
17.7116
20.7415
2.81237
0
8.5826
3.08376
14.4741
7.42485
34.9954
101.127
17.3529
56.4346
18.3368
5.51796
14.9077
7.4433
70.0188
9.53068
32.5341
27.2094
1.21444
19.7087
20.7699
23.9774
4.99699
26.4613
11.2269
2.52751
1.23702
3.17384
14.6194
2.35703
24.3262
10.2848
21.2992
21.8153
21.3482
0.0287837
1.64114
9.03297
12.1789
1.9152
3.71538
3.04921
3.28115
3.88057
2.5323
5.55661
5.19367
1.65229
1.00901
1.47444
1.14665
1.43556
0.294591
3.93155e-07
2.002
0
0.00455011
1.71342
0.233467
0.474258
4.93547e-06
0.108427
0.000919178
0
0.0260523
0.788183
0.0137406
0
0
0
0
0
0
0
0
0
5.96797
0.514791
22.8435
1.0485
0.156765
0.344286
0.546772
0.309646
6.18988
0.00603414
29.8917
7.49979e-05
0.00448076
0.000123981
0.943558
0.308249
0.829761
1.05371
0
2.73263
0.582673
0.222066
8.53
3.12572e-07
0.0314848
0.891712
0.0141233
24.9776
2.46294
9.89468
11.9471
3.46586
11.9426
13.433
2.70748
22.8968
3.51623
9.56817
0.620656
1.23688
0.917153
2.07546
2.81577
11.4108
11.643
9.01293
21.5205
15.5296
5.60667
7.83092
0.694485
2.75307
3.66386
2.87112
26.5034
10.7688
0.813276
1.02042
0
0.0241811
0.0329744
0.0253952
0
0.174041
1.92755
8.34784
7.19373
8.15329
10.0991
0.0357947
38.5783
7.00218
15.7234
0.589058
1.5069e-06
3.24978
0.613808
3.9987
3.69845
2.45403
0.267882
0
16.8916
7.34762
0
0.0128774
7.98995
6.7882
0.207947
2.51167
1.16425
7.95424
0.385474
3.0418
0.0194121
0
1.34903e-07
0.130774
2.48528
2.31008
0.959157
0.634068
11.8252
3.25973
2.97206
3.9834
0
8.95089
12.303
12.4792
24.2094
12.7563
1.00144
9.25356
18.126
7.94251
3.05099
8.56906
3.18892
4.8378
16.3017
5.07668
0.703026
7.89522
0.144829
19.0589
12.0798
13.1062
11.1985
25.6739
10.5927
26.6967
14.0761
19.6404
15.1319
14.3192
29.0339
7.60945
14.7807
4.18939
9.36335
12.9932
4.91071
15.3802
11.0132
5.43378
47.6275
16.9544
13.8396
1.01158
0.885543
34.131
21.985
15.4243
17.3829
22.8669
11.5241
10.2572
31.021
32.7797
22.6883
27.1125
20.7907
18.4742
16.0415
13.8352
39.9302
0.245675
19.536
16.2638
10.4047
10.5687
13.85
19.4959
12.3542
0
1.74559
0.000183524
5.49689
5.67415
2.2556
3.63112
16.6251
3.24081
10.2255
5.67545
32.75
9.19645
13.3644
14.5437
4.008
3.57926
3.00129e-08
0.905476
2.07572
1.18636
14.6156
4.21173
0.29116
4.85838
1.33156
1.35461
0.455863
0
0.0132543
0.00471524
3.01013
6.78125
0.843395
8.8089
13.988
8.01883
0.95505
21.5287
21.3489
8.20726
11.3309
10.5153
1.63247
6.47386
12.2173
19.9807
19.2543
1.97655
2.02478
16.7942
0.855169
0.154585
0.0066632
0.148064
13.4967
15.8126
12.9574
15.2644
35.4381
16.1263
2.89954
7.61288
6.95479e-08
6.75935
8.66388
4.78225
0.0370278
8.64777
6.72601
12.24
17.9411
17.4749
7.92046
5.03573
3.30692
12.7341
6.37105
0
0
7.265
0.00681852
4.55274
0
1.62702
1.21647
4.1288
0.802081
6.42236
1.31591
6.22646
3.44134
1.13968
0.0464508
7.21943
2.68775
0.00127851
9.88012
4.37126
2.27843
8.77783
12.8532
9.30599
14.2982
14.4145
21.2344
24.2127
0
25.6132
0.020541
13.4915
39.5386
15.0021
17.0722
7.4455
3.46445
2.37029
0.00558281
13.4534
0
2.04812
5.02767
0.265286
5.14374
6.69011
8.37773
10.7409
4.58367
2.94355
1.32744
3.24764
7.33021
20.3444
34.8641
5.68971
0.828232
2.26088
0
16.9408
7.68937
0.888205
6.7348
1.93748
13.7321
0.910741
0.424822
1.88777
4.35746
0
6.45024
9.05917
35.4469
3.27996
0.420269
7.9385
7.13191
11.1126
7.03229
0.280662
10.622
16.6494
0.00229888
0.0473305
0
5.279
0
0
12.447
11.8911
11.5291
0.015
1.024
1.19862
8.73447
0
12.4545
13.6007
3.02558
3.32361
3.45375
2.71146
0.146283
4.6634
0.973079
1.53355e-06
1.54717
1.55672
0
1.2275
13.3884
0.528787
10.6476
5.88353
2.15261
0.903869
6.691
1.83513
10.9722
9.34626
1.11615e-06
0
0
1.38196
7.79685
24.2315
0.490439
12.6894
0.00302964
13.8818
20.8669
12.2892
24.3265
1.57617
1.49839
0.400228
0
0
0
0.0508321
0
6.75835
13.2436
17.3097
4.57253
11.1314
1.76136
15.1968
14.4668
17.2295
33.133
0
10.9252
0.125341
17.1846
23.5381
3.23169
0.00308878
8.83404
8.36437
0.728844
11.6328
0.0443403
0.264083
7.9846
12.3161
4.03495
19.5419
4.80842
14.1358
19.6724
0.48842
1.70697
0.357058
0.0800107
0.101854
8.32987e-06
0.585344
3.4936e-07
0
0
15.755
6.69657
2.51508
2.80561
0.00633589
4.56632
8.41979
0.150018
12.2429
5.45934
12.0872
6.41379
10.6105
9.85967
18.3667
10.9318
13.4333
26.033
32.0682
24.8096
0
2.32891
27.1005
2.65269
0.43034
9.91428
0.187114
36.9484
89.1994
7.61371
41.6808
19.2894
7.59789
13.454
0.305364
0
28.7166
25.5342
0.8864
0.664511
0.786682
0.0282247
42.9439
0.214289
0.00925267
1.61217
1.39225e-05
0.00111483
0.328143
10.0815
11.74
11.6429
2.83681
0
0
0.0688308
6.26821
10.516
0
2.88673
29.6148
0.104841
25.6875
0.0351161
5.52898
21.1856
15.1665
19.3731
0.491258
4.39062
2.82848
0.0225886
0
0
0
0
0.23427
0.0261853
0
0
9.56405
29.5999
1.00377
23.1067
5.61183
4.12623
5.26811
3.12519
2.23578
2.91754
0
6.54254
1.99548
4.33663
3.78084
23.7951
6.00869
18.1222
1.06042
0
16.4282
0
15.3432
0.950914
0.188041
1.10925
17.605
12.8067
7.44763
9.80881
6.37579
22.3355
1.31656
0.000637756
2.83185
11.5055
0.73664
0.530443
0.0996309
0.00653211
0
3.52281
13.6122
12.2032
1.21143
3.8805
27.1188
10.5257
4.11791
9.94996
3.74753
7.95059
0
0.689126
22.7067
23.7105
18.6759
7.92895
0.489779
0
0.0465289
6.45613
8.16902
12.1986
15.9833
0
9.62442
32.3651
15.7239
0.100419
12.1383
2.1073
0.49266
10.058
0.0213331
0.0322415
11.7837
0.883821
0
0.0736501
3.69818
0
0
0.056731
9.97002
7.07026
8.96088e-08
0
15.0835
0.064819
26.6424
0.236282
3.29326
0.812106
1.75113e-06
0
0.00184776
7.96929
0.00250434
2.88452
10.6294
6.43033
13.0489
8.15486
1.37911e-07
23.4848
9.36123
2.52085
4.11757
3.0885
7.02208
1.88847
18.5799
22.9693
9.0641
11.5037
9.74339
19.7884
15.998
9.46685
15.9952
0.264661
10.7888
2.91641
3.37027
10.064
1.28644
11.4453
1.75213
4.85645
8.51512
0.00131999
8.21057
0.813701
0.0712327
0.295698
2.00364
3.30961
14.5177
6.67893
22.9944
9.93489
1.39254
1.16932
2.33314
10.3649
14.0744
0
25.3846
10.7364
3.51529
0
0.0241958
0.375362
9.37932
1.46962
12.7564
14.199
0.0160179
0.368874
13.7172
0.293046
0
11.6034
5.22439
8.50885
0.00927507
9.53836
14.8246
9.08415
4.20191
3.79478
4.34308
0
0.00427206
10.153
0.00167735
0.0840209
2.67991
5.97471
7.15304
30.4394
22.5364
0.266571
0.903351
0.707808
2.39426e-05
31.6056
7.7849
10.0935
13.9185
8.85017
27.0024
18.6312
1.29475e-08
0.0034805
0.786668
0.460005
4.70003
0.0397019
2.11464
0
0
33.8131
0
13.7554
3.86433
1.70423
0
0.657116
0
0.00091282
6.46674
15.6214
1.57354
25.0219
21.2414
2.11364e-05
0.883108
0.117314
0.278755
4.63877
2.00396
3.11663
0.87606
0
1.83721
4.50169
0
0
2.611
0.58644
6.23923
11.9405
1.53018
0
0
16.6658
23.7276
1.43756
1.10742
0.790225
0.982284
0.660635
4.94587
0
0
13.6727
1.72413
0.461956
0
11.9949
14.496
1.06068
4.36268
0.068699
3.33525
0.962593
0
2.08235
33.4072
0.00114631
44.9611
0.304107
1.61392
0
21.9664
13.8082
6.91555
25.1806
13.3889
6.46862
38.1785
15.2654
0.000717092
0
0
15.2717
21.8253
8.65315
9.77751
2.31618
0.238255
0
9.71874
17.253
34.1438
29.0349
15.136
14.3031
7.81266
6.13342
14.6938
19.8914
2.87513
8.18842
10.4389
15.962
0.00148176
0
25.1372
22.5127
1.51838
3.33563
3.04449
0
19.6077
13.9346
19.9086
0.151577
60.8556
7.10508
8.91294
10.0005
18.228
7.71481
17.6953
21.3974
14.0394
0
0
1.49669
12.6349
19.8547
14.8435
10.1757
10.0714
14.3818
15.3828
25.0422
18.8155
37.5118
33.282
27.7689
5.57563
6.13086
0.0287234
0.951449
0.221724
1.67567
1.3562
0.0041337
0.0806898
0.399435
12.9757
1.14533
4.77911
7.68346
11.0752
13.1363
7.79631
7.26825
14.1366
5.84957
1.32165
1.77861
5.72373
20.0217
8.55485
4.4561e-08
17.0144
15.7498
13.3657
24.7844
14.5857
21.3724
0.0151455
2.77624e-06
0.721941
17.1679
8.22559
1.59994
1.78629
6.12005
0.26548
1.18098
0
0
0.00393571
21.2449
6.38314e-05
19.6071
0
18.5837
37.6169
0
0.00513128
0
10.8249
13.0152
31.574
14.4004
0.375595
0
28.7041
38.9363
4.58505
0.827769
9.66032
17.7181
29.7432
0.0252052
15.1119
12.8259
3.57568
9.39035
0.000778284
0.0879153
11.9554
0.000210183
0
1.80464
0
0
18.36
0
2.3388
16.6278
10.906
9.51187
9.13759
7.65355
8.2488
0.401624
10.8217
0
10.7405
12.5365
0
14.4615
25.8175
16.1428
0
1.18188
1.5217
26.3396
24.852
5.3927
26.8315
0
19.0777
19.9013
27.2404
4.92185e-09
3.65399
1.58097
39.7989
14.2904
1.739
0.280635
0
17.2224
0.768641
10.5624
0
0
0
1.45105
13.9649
2.08638
0.721872
0
9.3232
0.0706512
4.82848
24.3691
0.679256
14.1331
3.31008
18.8892
17.5391
13.8957
0
0
0
0
0
0
0
1.38921e-07
29.5132
4.85582
3.66232
8.60796
3.38559
0
7.73205
11.7393
0.0758932
6.66863
14.5324
21.7945
16.9286
19.9193
15.2263
13.7739
3.20358e-05
14.1223
15.8256
14.9513
13.6708
25.6602
4.87777
26.8691
14.3532
0.21499
10.8251
0.00897365
0
22.5292
0
3.22953
0
2.51312e-08
0
0
0
0.00887312
12.6748
1.74412
3.82845e-06
0
6.33382e-06
0
0
1.10238e-07
2.67285e-05
1.1507
0.014269
40.2275
4.02489
29.3689
20.2641
0.0888364
0.56436
13.5546
15.6323
0
0.90572
14.6343
5.08957
2.97576
14.8648
0.0696329
0.428705
0
0.126954
9.0711
10.2107
0.062549
0.0152754
0.316889
0.902025
0.851041
9.32121
14.3634
8.26241
0.812116
6.08169
2.96065
4.11517
0
0
17.1791
0.0132718
0
0.329012
14.5628
47.4118
6.08366
6.60268
27.7016
2.45954
14.8877
31.974
6.09483
13.873
0.768646
0.516135
2.46715e-05
1.45068
4.23702
5.09866
19.5791
0.26691
4.6415
8.382
0.405972
0
4.36984
4.47079e-07
0.476884
1.75144
0
18.9028
20.8322
1.17308
17.0063
0.796013
7.44594
3.47023
5.08363
0.748694
4.01654e-05
0.635996
0
28.4722
20.6887
12.4331
17.8483
17.6995
6.97561
0
19.3597
33.0374
0.352819
13.0306
0
3.61583
0.368469
4.07453
15.5432
0.910852
0.279549
0.214783
0.686404
4.53203
5.85561
5.90904
9.54638
5.31179
0.0677302
0.0218112
0.0128332
0.45719
5.16576
22.9777
0.0122143
0
3.09689
6.14554
11.2287
1.09666
0.788802
0.0265715
8.81535
1.92114
0
15.9733
1.49784
22.0289
0.816465
1.16115
31.6636
24.8347
1.00015
0.774037
19.2477
36.5566
5.38991
11.4863
3.18141
14.0754
5.53587
4.02801
0.86899
15.6884
4.57944
18.6229
2.64352
10.8244
6.36571
5.73514
8.88492
8.06058
12.1161
2.56202
5.74088e-05
0.0276726
0.0821973
0.163751
0.385479
0.148702
5.50272
0.761495
24.934
0.000572785
0.902131
0.744738
1.21859
2.45964
7.96205
1.17101
1.68812
14.0771
16.6217
9.7964
13.3946
8.4792
0.318663
0.780868
25.4143
21.5142
22.3524
11.1473
0
0
12.4924
4.00592
3.03275
0.013871
7.87611
0.987125
0.187655
0.313234
2.96766
0
0.0157833
0.663714
6.7972
1.53266
15.9184
0.00169485
57.9728
3.82695
1.80325
0.794668
8.01076
0.328187
7.60869
16.8975
6.34295e-05
9.88406
18.122
1.69681
0
61.7071
0.853525
5.07967
2.52239
0.0049277
0
4.22083e-08
0
0.117458
18.9045
0.0539306
0.694694
0
0.47668
0.948279
11.1658
0.185938
3.73875e-06
0
0.798044
2.57243
0.592615
0
26.4617
0
12.2524
1.90834
0.913165
17.4276
0.945404
0.532375
4.6634
0.681075
8.96434e-07
0.023579
20.4547
8.16331
4.86536
11.9
6.84866
1.8245
0
1.60651
0.0804111
0.00190428
0
1.71447
1.73556
1.34495
1.68391
36.0344
18.51
0.684927
4.09819
1.84138
0.795466
0.876599
1.0463
6.36596
0.69802
1.20829
0.86714
0.996828
1.51136
0.42543
0.140189
1.95082
0.0881586
0.987991
0.0285826
2.04953e-06
1.35132
0.323257
0
0.615067
0
0
0
0
0
0
0.000537894
17.1427
0.00487699
2.3747
9.44674
0.0104472
0
46.8786
2.0125
12.9487
0.382675
0.250326
2.71206
0.0150008
0.980385
0.461478
0.557862
0
0.6358
0.00589954
0.000176155
0.0269756
9.30516
0
0.409404
13.6429
3.71123
9.4103e-06
13.6694
0.67364
0
0.921231
0.940157
6.55324
0
0
0.0438662
0.343545
0
0.0218134
4.70633
0
0.766201
1.3706
0.0815167
0
0.0268255
0.726555
0
0.000242003
0
8.4861
0.828097
23.2719
0.0439699
1.65701e-05
0.296159
0.005082
0
0.407957
0
0
0
18.4027
0
15.7625
3.24986
19.258
29.093
0
18.9912
16.6684
28.5381
0.994469
0
3.29779
0.677903
14.0576
0.388437
0.888846
1.84042
0
0.580592
9.64395
11.6311
0.138871
0
13.8172
3.11123
6.01842
9.02187
7.62725
23.7169
10.3149
36.073
0.0850551
3.99432
21.3907
0
23.1118
22.917
29.3526
24.8108
5.56298
6.72042
18.4845
27.3932
17.0838
29.6575
27.0511
6.28383
4.65842
0.0649848
11.472
8.18515
1.36053e-05
0.000118047
0
0
9.92355
12.0409
6.14374
0
0.376899
0.00301941
0.00015647
2.6389
17.3393
1.45543
9.66421
1.81463
2.65283
3.54887
5.04578
0.136109
3.15013
0.00123899
0.0220587
1.8627
4.67722
2.47443
2.21577
0.514427
0.0364442
7.46945
0
0
0
0
0.90113
0.838241
0.0521546
3.49057e-07
0
4.54751e-06
0.292427
0.0973268
0.000299319
0
0
0
0.00775373
5.00411e-05
0.0168602
0.00150147
0
0
0
0
0
0.40927
0
2.01436
0
0
0
0
0
18.2555
0
4.70609
0
5.44001e-08
0
14.0708
0
0.00021084
0
0
0
14.506
1.97648e-05
0.409325
0.78853
0
0
1.99245
1.11365
8.94361
0
0.366262
0
11.4281
10.3196
0.106041
8.09032
6.21553
6.22952
3.58936
7.6566
5.09675
8.66193
21.0775
15.9149
16.1447
9.53738
6.69425e-06
0.00109681
15.1704
11.0052
24.5589
19.1687
10.4548
14.8489
10.1306
16.1803
17.4039
29.1302
6.69034
8.03406
23.6941
12.2233
14.6759
11.6574
0
14.4966
0
14.4403
19.688
19.9759
12.8109
4.77395
17.7113
20.5124
12.8321
0.311853
11.1198
11.426
10.9744
18.4602
15.2105
22.2789
31.2284
9.5843
12.9677
16.3009
10.4943
15.0544
0.0301308
23.374
16.3702
8.5005
0
22.8529
13.3225
3.55404
0.322379
2.7651
0
2.86334
3.64003
6.46927
5.84829
14.6583
1.05297
1.67033
2.1948
0.00741009
0
0.826285
8.84081
0.332398
0
2.22722
21.8617
0
0.134646
1.01955
1.82509
2.23894
0
1.81857e-06
0
3.06629
0
5.90949
6.5107
3.05533
1.96298
3.57517
10.8765
7.09128
18.1438
17.8062
9.16382
15.7216
10.3439
15.509
24.0407
11.199
43.213
21.04
39.061
21.1215
0
25.2487
14.034
14.1343
0
22.5357
0
7.4434
6.90835
1.07671
10.4091
7.30147
17.7594
0.618649
24.0719
0
0
11.5149
6.88825
4.3286
0.000553742
2.19628
0.0277816
0.348724
2.33041
2.82722
0
0.212105
13.7189
0.00554131
0
0
0
0
0.000290266
0.0413304
0.0119369
22.2473
0.00675612
0.861413
0
0.0469907
23.1464
12.5948
0
0
16.8967
9.10551
0
8.10157
0
1.97628
4.18696e-08
0.0394792
13.001
4.68115
0.981617
15.4827
3.1833
16.4786
7.26188e-07
6.57427
0
0
0
14.8664
0.324799
0
0.939997
15.3461
0.821559
9.44636
6.3804
7.63007
10.4894
11.383
16.1991
1.15373
8.43483
8.50023
1.82936
2.54913
22.2015
2.8116
0
10.4538
2.66397
5.65118
1.62946
12.5033
1.16897
1.63022
8.98112
19.6527
4.97401
1.73873
1.6307
6.17964
12.6532
6.87024
6.16051
17.6296
0.115394
7.67878e-06
0.000283116
0.00697719
0.000682989
0.733214
5.2326
20.0922
30.976
24.0603
0.463347
21.9518
19.8036
1.17234
17.7471
9.43684
31.1397
3.59067
2.15666
3.34477
36.245
21.0682
4.21145
26.9959
15.0004
1.89173
0
0.172094
0.00400815
1.1639
3.00553e-06
0.62898
1.58368e-05
13.5522
14.4199
15.0188
0.0690876
17.2024
0
0
0.00756275
0.786869
0.00142076
0
0
0
1.9887
0.142342
2.5458
12.1166
0.656629
9.98164
3.32904
5.76707
0
0
7.22966
3.14682
0
18.0971
5.54646
2.46678
0.0393459
16.6686
19.6901
0.6108
6.89851
3.63103
2.84386e-05
0.0729596
1.04894
0.0367084
0.244608
0.00122207
17.9553
0.0149607
54.2097
41.4289
19.3282
0
0
0
0.371962
8.16044e-06
10.9785
5.06344
20.2254
0
14.0719
7.2695
15.4519
5.55224
3.29994
7.84857
8.96572
0.000926543
0.752962
0.289677
0.262157
0.000753063
3.41329
0
0
0
0
0
0.984855
0
0
0
0
7.52257
0.865149
0
0
3.76078
7.26799e-06
0
0
0
0
4.18647
21.1512
0.00514384
3.84094
3.61031
0.0193037
0
0.0818957
0
4.08897
4.01061
8.98281
5.88018
12.307
1.60123
5.37107
1.35745
3.58653
8.07173
4.50362
4.57289
13.0123
19.7658
57.4248
9.63307
9.42849
19.712
19.9059
11.8291
16.6052
8.23654
8.93159
22.326
11.9084
12.894
9.80282
9.39255
10.9734
8.8781
14.7711
15.2448
11.8098
17.0504
14.0078
14.9501
5.6621
2.00604
1.78069
2.834
1.25397
3.34558e-09
0
0
0
35.4
21.9971
0.116972
3.94062
0.994293
1.85083
0
0.0249439
10.7004
0
15.0252
4.34864
0.625237
0.000515741
7.08049
17.2899
1.26074
12.5642
6.46019
11.4494
8.48
4.24884
6.45599
0
5.21425
30.3717
10.7255
27.2896
6.74227
6.94567
4.44331
3.6335
3.34337
6.36987
24.0878
27.758
6.47348
0.834867
2.4931
2.96504
11.8873
4.59869
27.3647
11.8847
16.8166
18.2883
28.5878
25.3162
25.9703
22.0648
17.9068
14.2388
14.4891
18.4997
15.4734
20.3884
12.3865
0
0.00438479
0.529322
3.83809
6.21635
7.97943
3.59857
6.00616
8.42591
13.9567
12.4678
13.358
34.7753
2.33983
39.0335
20.0477
5.2141
4.67849
6.09763
4.05354
22.1506
5.74473
27.2329
2.47652
3.49247
4.57373
5.07322
6.00172
10.718
5.63689
14.5094
6.16232
10.7188
8.79495
15.8279
12.0582
12.7454
31.0839
13.6287
15.4084
32.8071
9.68174
1.86879
0
0.68095
0
7.57029
12.7809
6.04012
11.2064
0
22.1752
22.4385
10.242
13.3451
13.3228
20.561
17.3068
38.7459
0
0
0
47.1462
31.8229
41.4671
1.47985
44.3664
4.77226
11.5052
0.102313
5.10603
0
5.30993
18.7498
0.855134
12.2798
63.7111
25.5718
24.0131
8.85737
0.00418319
44.8217
13.7792
49.3689
6.18423
6.85468
45.6533
36.9893
31.512
36.3546
18.6889
18.8174
19.3471
21.3398
16.7454
17.2953
23.4042
17.9218
6.02718
15.543
19.192
10.0813
20.5446
18.7823
17.5271
19.0153
16.7233
26.6662
20.9254
23.0148
27.8194
0
31.2664
0
6.55871
20.9993
33.024
22.1483
13.6722
11.7965
11.028
17.0138
16.9373
12.1444
18.1972
9.69347
1.44367
16.6973
11.3418
14.8891
12.3297
13.2389
11.9435
9.57682
10.7779
10.0364
0
14.3377
12.4444
23.3388
2.81659
14.2506
5.24366e-06
3.48129
0.0515638
18.9925
18.1289
30.2079
0.0429843
11.6442
13.8348
3.57683
9.33197
8.98578
12.1228
11.2473
28.2272
3.55109
5.18753
0.736974
16.8333
2.9793
0.0177632
0.424563
2.76311
5.58797
0.137534
0
0.132386
1.15423
0
0.017356
2.31695
9.48127e-08
0.110523
16.8355
1.9007
0.98121
1.02105
0.929738
0.0345031
0
0.228068
0.781815
0.804942
0.815222
0
0.33139
0.716274
0.00848875
0.924335
9.09002
0.013246
0
1.00917
0.860838
8.52604
0
0
2.28368
0
1.05562
0
9.05011
0.947939
8.09917
0.724657
13.6122
0.469035
22.9377
0.611277
0.0676773
8.5687
9.60199e-07
17.0301
14.3893
27.8869
0.0209828
10.2406
2.32164e-05
0.231047
0
0.000419677
11.3919
18.4229
0.795605
0.118258
22.2768
2.31541
0.866849
1.00909
0
0.46605
0
0.493804
0.00156973
0.82328
2.1801
3.24171
0
12.5871
2.61704
0.230337
4.91042
17.6066
1.58536
7.72247
0.779875
11.8412
18.0585
12.2972
7.32215
0
0.511293
0
3.05865
7.64971
0
1.5009
0
0.209104
0.949305
0.0201535
1.36288
0.000175423
0
0.995803
5.29227
0
2.07391
0
2.96154
0
0.882034
0
0.333009
3.22093e-07
0
0.930723
5.93389e-08
0
0
0
0.243991
0
1.27528
24.9134
5.66805
10.6747
11.3258
13.7614
4.14884
4.24118
0
0.371686
0.0122709
0.386599
17.3224
2.55588
7.51457
0
2.50127
20.8704
44.2396
39.8655
22.3246
7.6608
2.45522
13.7043
12.3031
3.00072
7.15399
10.0608
2.15999
14.1513
10.8215
4.28277
26.1228
15.7788
8.21115
24.5728
0.354895
18.9241
1.05183
26.7445
0.112568
31.1174
46.9839
0.347133
1.71908e-07
1.06257
0.86994
0
3.57065
0.0563302
2.00063
0
0
0
6.51162
0
2.50831
0.257258
8.32102
3.71518
2.16075
13.7592
11.3329
5.2096
3.78623
0.0243832
9.16703
16.8348
11.1467
10.5627
30.5593
13.9356
12.6029
1.1222e-05
3.19251
0.396601
19.2797
6.11939
8.13433
3.4863
0.0022297
9.02877
8.58001
14.0111
7.12307
11.1925
13.5738
7.07605
3.31936
12.7956
11.7882
2.75066
10.0033
9.09084e-05
7.51538
19.4835
1.3577
2.50501
25.1263
0.0303904
11.663
1.56085
0.949789
3.27519
0.0718816
17.9056
0
32.9826
54.8087
25.5444
24.3471
13.0071
10.0253
4.78839
3.93571
0
0
5.79996
12.5972
11.6337
9.76256
16.8267
14.0654
16.6587
9.58428
14.6682
20.2145
11.4298
16.1088
0
0
0.682702
4.36303
0.0606101
9.11476
2.43519
0.944543
0.00299249
1.22107
2.23532e-07
0
0.255272
4.24747
5.57274
0.0779842
1.70176e-07
0
22.3784
3.50508
4.00363
9.09144
13.4057
0.61105
14.2613
0.00644249
7.04303
0
16.3846
1.14651
0.926909
3.77787
0.0209541
0.000244117
5.70001e-08
1.26809e-07
0
0
0
7.88873e-09
0.196721
0.987467
0.137602
1.99425
0.117508
3.45901
0.406304
1.8752
2.1634
4.86111
13.0959
2.74521
3.96684e-06
0.380519
8.85953
0
0
0
0.00820679
12.8877
0
9.73325
23.501
11.3714
16.5922
25.9679
9.18123
18.4697
1.91909
9.52737
6.08685
0.119522
24.2983
3.58873
2.27753
0.0601535
10.8739
0
10.3458
10.1045
18.5919
4.52775
17.2246
14.4107
1.09828
18.554
20.2148
14.3289
19.1192
0.894957
32.6505
0.280853
31.0921
8.25329
4.52712
20.5464
13.3916
4.16248
2.24042
2.27378e-05
3.58442
9.17619
3.97909
1.81367
10.9067
0
14.1307
10.9258
22.2282
9.67486
10.1143
29.2115
16.6262
6.60258
21.2595
8.84048
19.1842
30.6575
18.3498
11.922
8.03741
5.54578e-05
4.37826
6.97085
11.0963
6.85537
6.93497
10.1087
8.64267
9.87005
13.9387
10.0972
10.384
15.2266
15.6675
7.3883
28.426
30.6446
10.3196
16.3469
23.476
0.000145423
12.8045
14.8837
4.01654
9.37616
30.0045
0
20.98
24.7308
14.7626
0
0
24.34
20.4862
28.6205
24.271
3.57584
17.9254
9.67386
5.33806
15.3379
34.9287
17.518
6.23886
27.7638
25.7019
41.0404
21.8242
49.7621
10.7049
37.0114
28.3337
39.1551
41.5279
0.509709
44.1552
25.2093
12.9343
4.04673
12.9721
23.1125
56.7625
27.6862
0
56.3484
33.3569
26.9876
1.99117
7.61547
9.01602
23.1864
17.6813
10.9879
9.89034
28.6079
0.431861
0
10.2245
1.15674
16.3814
1.76228
19.8011
16.6778
40.6644
16.2528
11.9476
0.0725392
10.3822
0
11.1927
14.8892
20.2087
17.1781
30.657
36.556
38.2031
22.692
15.9778
14.7607
16.0906
18.3959
0.0887298
18.3208
13.5627
33.6602
0.565981
7.91173
12.7865
15.859
15.9398
6.25512
29.3588
19.2435
0
12.4943
16.0363
11.6446
20.0591
24.723
2.86654
8.33114
6.49018
8.43134
0.250971
5.78473
0.330589
2.92904
1.77147
17.9408
3.09049
9.19799
5.13979
10.7752
21.7
2.27316
10.4594
39.6991
0
1.27233
2.76074
9.13704
0
7.18523
6.59795
13.8562
6.03312
11.577
15.7305
18.8289
11.6799
9.61743
13.4071
12.5984
8.99087
7.26956
16.0878
5.45122
24.7039
30.7186
9.58362e-08
14.8142
15.3624
31.9744
12.1784
1.09148
30.1429
0.590831
2.80417
1.0957
6.93314
41.1101
11.4078
19.6988
4.97842
17.4798
11.2884
10.0238
16.7998
17.405
56.0817
11.9913
1.01531
9.5765
35.6973
30.3139
58.9249
0.775672
0.0799629
19.5655
0.707825
21.6844
20.2767
0.316256
16.2304
0.681022
21.6783
10.1047
11.4941
0.886412
3.33129
13.1678
8.99567
5.42168
16.8526
3.90429
6.12602
0.640261
7.0421
22.6832
8.52143
13.3974
11.8083
3.63591
8.40312
4.9382
13.5671
4.78495
4.85546
20.9672
9.73692
3.66827
16.5826
9.27437
11.5985
0
10.1603
0.0367364
12.77
0.702515
0.988077
17.9994
2.94218
0.119693
30.9814
2.04202
16.335
0.311232
19.6942
0.0753097
0.371695
24.9346
8.21704e-09
1.69695
0
0
0
20.0294
21.4331
13.7283
19.7689
16.2433
10.9384
9.74144
1.49051
1.09057
3.28323
11.3371
17.1719
0.274776
32.8662
18.7352
0.0638764
9.42278
0.979833
7.2823
9.09008
0.505159
10.8618
0.881573
3.72396
6.39387
0.345554
0.941688
1.79635
0.0766186
1.41775
12.748
18.9024
15.65
0
2.05665
19.0663
9.54971
21.2229
15.6845
10.6764
11.0877
8.95515
8.9394
25.9946
7.69804
0.111077
7.98285
9.35927
9.66895
9.761
0
8.1503
15.916
16.2394
5.21755
12.7616
9.25814
107.951
8.69392
13.1165
7.60137
139.541
10.5382
3.96662
15.2733
7.68431
14.1667
7.21055
12.4945
15.5696
8.46986
10.9823
6.00875
2.49724
9.25123
46.3997
19.5491
8.03051
1.64515
0.000502812
27.6239
26.6098
4.60054
0
0
0
5.88836
0.0577825
1.56766
7.48415e-07
0.264756
1.57555
1.34965
0
10.9114
0
4.50223
11.6184
0
0.0332093
6.36313
0.232999
13.0833
0.718708
6.1735
3.71809
0.654327
0.626599
0.791323
3.63777
0
1.52724
45.4065
5.27815
0.0483661
0.113556
1.96551
0
0
0
0
9.54706
13.3061
18.0852
1.30681
6.37371
1.19353
13.2683
3.73236
15.0735
9.55083
11.2073
16.3552
26.5566
2.12005
6.51819
8.55958
11.3636
8.04716
4.68706
1.43397
13.9243
24.5721
24.649
16.1707
11.6726
1.77751
5.46351
0
5.72401
12.3479
17.7727
13.7895
9.83132
8.63369
8.9537
10.7903
0.0122686
4.62577
8.69521
9.76453
17.8131
13.6083
9.78349
21.8081
14.7201
3.09909
11.9948
8.52967
12.2813
16.0503
11.991
15.2838
0.552735
5.79333
5.22709
2.68222
0
0
2.25233
5.63127
2.09856
0.0283939
1.79415
19.7322
23.9292
12.726
10.9676
4.25546
11.7482
32.1506
6.20645
10.8566
0.0443352
0.0294354
14.9913
23.7671
77.1061
14.6609
35.4437
16.0703
32.6308
13.6672
0.00613275
0.196529
0.00815898
17.9624
15.872
0.869554
1.13664
2.42247
16.5561
1.3475
3.48655
2.26888
6.00173
3.77225
1.24646
26.8669
35.049
4.79303
0.284119
6.14651
12.1227
0
0.00491724
0.442311
0.892436
0.0378907
0.0778097
17.8107
1.22578
5.81476
1.06935e-06
0.0605358
0.33456
9.18345
0.661303
11.215
10.7394
0.888636
19.1656
2.45782
0.0522547
0.681123
14.2497
2.14385
0.683489
0.0175615
3.62129e-06
2.8609e-05
0.000614417
0.144767
0.250514
0.121935
0.0895319
4.06918
7.30452
6.06129
0.110841
3.9497
0.520895
16.609
6.07163
6.96281
15.9048
5.74967
5.52803
9.12077
19.516
9.75583
9.25941
26.2423
6.31507
5.05463
8.47121
3.01753
13.1143
6.3946
3.88178
5.95296
13.0878
11.3991
0.789936
7.22164
23.9495
0
0
0.00980046
0
0
0
0
4.25957
0.584599
1.21767
1.15999
24.34
0.691732
4.03291
0.00185876
2.4997
0
26.9899
10.9724
8.60836
18.0318
24.9849
33.5341
24.4139
1.4208
8.23637
10.9393
17.4584
2.04945
11.5917
13.521
0.957329
4.9222
11.9388
1.79044
17.6801
10.2563
6.05299
13.7765
5.24969
2.45873
14.6893
0
3.4926
0
11.1258
0.176543
1.29438
12.3725
18.5683
1.20141e-05
14.3402
14.7008
22.0773
23.9107
1.66701
18.4503
24.55
24.763
12.5934
14.527
24.5477
9.0463
13.3757
17.641
3.31131
3.18962
0.0188499
23.9222
0.18519
1.21931
1.34364
0.0871276
0
0
0.150276
1.1459
4.56776
1.35659
2.23185
0.109087
4.58894e-06
3.8937
1.40201
0.864844
0.903569
0.0196274
0
0.152066
1.20215
1.06994
0.397056
0
0.209751
0.501348
0.00928301
0.820734
0.00681124
0
0.756046
19.1131
1.22512
18.4304
11.5472
2.27933
4.74487
19.1051
0.350139
1.05107
0.205054
11.2299
0.0323672
1.47002
3.5254
7.57018
0.883664
10.3311
14.9064
15.9638
15.4906
7.30765
9.17602
15.8276
1.21704
13.7452
21.1918
0.0299074
0.0749967
15.6659
0
5.10233
18.3983
0
0.251817
1.07491
16.7933
1.09484e-06
0
0.593569
9.9233e-06
9.83827
0
0.000689751
0
0
13.4609
35.0915
17.7893
12.9525
0.116955
17.0131
27.6115
5.14337
16.4163
13.6765
18.5895
6.29486
0
0
16.7982
0.315368
0.0544379
0
2.03631e-05
1.50181
0.573239
10.8059
1.02564
1.72618
25.4803
0.211216
0.696587
0.0311462
0
19.2912
20.1419
0.298
1.01538
0
0
0
0
27.4389
0.102626
1.80493
11.3241
0.275048
0.00811128
2.85671
0.000627021
0
0
14.667
21.2563
0
0.895253
0.780116
0
11.6521
0
0
0
9.32224
0
0
0
0.000184183
0
0.310821
0.962665
0.00794699
0.372113
0
7.06096
1.5906e-06
0
8.27988
0
0
0
0
0
3.29691e-06
0
9.14438e-07
0
0
0
0
0
25.6812
0
0.0520412
1.53626
0
0.0312551
0.150775
11.5155
0
0.085276
0
5.96614e-08
8.44541
28.7338
5.79337
1.84633
2.58491
0
3.96226
9.82944
18.0503
6.71698
1.35159
3.59059
3.78074
19.2304
5.23068
0.00453501
2.07294e-05
1.38734
0
3.31145e-05
0.694673
0.889007
0.355488
5.88581
7.91147
3.69141
15.6157
0
21.9323
4.34632
2.38746
3.4893
0
7.44635
15.6416
1.88995
1.37788
8.00405
12.6446
0.00381549
2.1158
0.371436
0.790386
54.8535
1.5369
0
14.8285
0
0.0279314
1.0067
10.7223
0.587317
6.2499
14.2469
0
7.82356e-07
1.42725
0.100418
0.0765957
0
0
3.2852
0.0611319
0.989276
3.63599
0.712053
1.41706
18.0803
14.7487
0.049769
0.000507146
0
0.905876
2.32499
28.513
4.68918
1.17596
0.0026586
6.27485
34.4545
18.6815
16.1856
0
10.9447
33.7928
5.85359
32.2277
0.986083
0.71988
26.1213
3.4296
36.1013
6.88603
4.5721
22.2093
1.64984
0.830596
0.915212
0
24.2665
0.179477
0.352147
14.9118
13.8584
0
7.11746
33.548
16.6314
13.1879
0.724677
11.197
15.036
0.179329
2.37323
10.8014
12.8088
1.67945
2.69789
46.6256
13.9974
21.4104
10.046
19.4462
3.17574
13.1027
18.9641
1.04618
21.0851
0.136571
11.051
23.3303
6.87163
15.546
0.122726
1.24079
0.112831
0
0.0353339
1.60722
1.43231
0.0148048
0
1.61502
6.50635
0.769019
1.14085
2.39366
0.0953853
0.737515
0
0
3.41611
14.165
2.88295
4.62724e-07
1.31081
16.565
0
3.54952
29.7758
2.3524
15.35
11.3155
19.9184
0.000116738
2.67876
0
0.0740418
50.6414
0.796436
1.6386
24.6984
5.50764
0.0333872
43.2397
4.93222
0.529065
0.0971663
6.06625
22.237
4.93865
0
22.1865
1.59394
0.373673
21.7241
10.1283
6.88172
22.3774
11.5472
7.20248
9.7041
9.18391
4.48833
10.4458
7.64344
7.72377
3.95953
2.00186
5.46633
1.99949e-05
5.24404
9.34232
0
6.64902
8.46307
11.9966
5.78205
0.00446048
0.974335
0.000986226
1.8064
1.96251
0.942341
0
0.0726923
0.248162
0.130491
3.22203e-05
0
18.7197
33.3089
1.46087
27.0021
8.53477
11.2328
4.56355
8.62139
8.67563
1.56468
10.095
1.945
5.75177
10.1935
8.04513
16.9414
12.0557
13.4271
3.36439
18.569
18.2881
36.3355
19.017
15.8226
11.5418
18.9526
7.78588
2.86273
0.792055
0
0.000152622
1.75397e-07
6.48024
0.0923195
18.3533
0.10319
0.00424886
23.4933
17.1627
18.3454
15.0634
17.7828
8.0642
1.74252
0
0
0
0
9.16488
0.120735
0
0.159299
44.1489
22.0354
10.4856
10.143
11.7878
3.79442
0
0.146364
2.44732
0.896366
4.94467e-07
2.06429
2.57951e-05
3.63677
0.963267
0
10.0497
0.998509
0.388437
0.611302
6.37356
0.741694
9.03708
7.37199
3.53318
4.11738
1.22238
0.214761
0.00818068
2.56133
10.9738
1.74816
0.994029
0
19.6456
4.87195
0.790491
19.2342
0.185054
19.9005
0
5.54699e-06
24.1888
