8.16885
2.56201
7.16883
0.938722
1.46139
9.73199
0
17.014
0.881751
9.56364
22.6562
0.11596
1.61945e-05
3.20048
11.0597
0
3.49791
30.6388
24.6262
10.6136
27.7021
0.798929
0.000489013
0.000950342
2.40471
2.62266
6.97482
5.04982
39.357
0.0414263
2.0576
14.4837
2.20028
0.00359024
2.0575
0
4.52864
15.5802
5.01196
13.2826
6.93453
23.2799
1.63189
18.9403
1.16457
7.61091
0.972584
0
0
0.0296098
0.427945
0.166297
21.3012
1.49492
1.69104
2.12797
25.0334
9.68078
0.485216
2.47532
5.78363
0.00185397
6.09158
11.6622
4.79859
0.54118
3.97254
4.46977
2.67893
1.79977
16.5731
0
0
0
1.05951
3.83359
7.10345
3.7857
0.000335388
1.01478
1.16518
3.65422
0.857594
0
42.6602
2.04955
17.8105
16.7601
18.139
22.0052
16.7698
25.7035
3.52017
14.1781
11.2035
25.6737
19.0739
27.8954
8.31546
0.915014
9.96117
12.1555
14.597
12.3874
18.348
9.43743
10.7025
3.15417
0.610733
8.94519
24.6384
15.6963
16.7606
25.5412
21.6483
9.1866
6.02141
2.84585
4.59743
6.00044
10.3288
2.24059
4.63377
2.41867
0
3.78005
7.0779
0.415523
0
1.01021
12.6172
0.310186
0.445824
22.7881
0.0410902
9.21631
48.2853
0.668665
0.849502
5.8272
0.00852619
1.02204
1.10819
0.648671
0.524148
0.196198
0
0
21.6148
57.7574
1.81817
0.225866
0
1.04094
7.92829
4.64182
10.1938
9.46528
17.516
1.72065
8.80081
15.1454
16.0451
26.588
2.93187
1.9786
12.4084
2.47174
0.0665822
0.0154927
15.0247
2.74783
2.44682
0.803728
0.0769682
0.0875716
0.413951
0.242686
0
0.126132
0.000126808
16.3348
0.0738898
0
17.3927
13.7253
18.4112
5.73597
18.2925
54.7743
40.3338
37.9483
19.4398
34.6399
6.8524
0
9.55259
9.27587
17.5357
23.4894
57.4938
92.2102
17.6929
36.5194
26.3242
9.55403
15.0811
7.98378
47.8067
10.7907
32.8223
38.8751
0.687868
44.6445
40.2206
31.9009
4.96984
44.5188
28.9938
9.49212
1.60988
5.05287
36.0239
5.00145
23.5335
20.9404
36.0331
31.2239
47.6989
3.63976
3.06432
4.84451
24.3506
3.46367
3.81689
3.81237
6.39473
1.33823
1.78322
7.188
6.00085
2.33026
5.07507
0.792798
0.557334
1.54872
0.0335285
0.788967
2.09165
0.00332925
1.29092
8.44407
0.84584
0.0621052
0.168685
0.730842
0.944689
0
0
0.00576922
1.07761
0.134814
0.0766177
1.61625
0.000144373
0.00191133
0.674057
0.983419
0.0955888
0
1.88515
0.0794637
37.7861
0.0901966
0.363914
0.34448
0.314992
0.255971
6.60226
0.0360893
18.0518
0.992835
0.738912
0.00521439
0.912869
0.983116
1.45495
0.716849
1.13616
9.12852
3.51827e-05
4.55067e-05
6.00942
0.0182597
0.0563562
0.0810672
0.00416964
29.749
17.0519
15.4252
12.8101
6.64311
15.4201
14.5551
1.3105
22.7393
6.08881
4.32471
0.683481
2.22923
6.59926
5.81928
5.45987
3.02731
12.0091
26.4072
33.7415
24.478
10.6693
15.9218
0.607107
9.26974
3.67056
3.61906
11.2774
14.8627
5.89479
0.104007
1.03758
0.0966453
0
3.18594
0.471399
4.61814
4.43818
7.66709
10.6071
5.07053
8.40604
1.3002
39.2754
3.48647
7.7501
0.116262
0.120294
0.0144144
0.881727
1.26932
4.55102
5.72028
0.0251728
1.0131
28.2292
6.94316
3.70412e-07
1.75277
7.84707
29.6233
0.255293
1.49353
7.81373
11.5437
1.00069
4.03736
0
0
0.0011064
0.95652
8.80073
2.51248
3.23615
1.16402
10.798
3.9054
6.9045
10.7658
1.69453
18.2966
27.8116
25.5903
32.5694
15.1372
2.45075
12.2081
9.14675
4.80945
4.78387
17.844
10.2987
13.3365
19.1492
9.59476
5.3423
9.51526
0.298317
25.9519
22.3022
15.8002
6.21429
23.267
9.01183
28.5565
17.9331
16.1201
21.1283
18.2313
13.0654
12.136
10.5944
11.5153
10.8528
25.4061
15.169
14.4244
13.1742
9.95351
58.9593
10.242
24.3537
4.83527
1.16706
18.1743
25.3473
24.4226
21.0453
35.5184
9.95798
20.8904
27.5085
23.4506
39.5377
30.6961
51.0892
28.6411
23.9832
14.8096
39.6254
0.757585
10.8395
27.8769
32.4191
15.0705
24.1678
11.379
15.4901
0.745661
7.08281
0
8.4463
2.10271
21.9851
1.6722
22.9642
13.5681
16.3832
9.14045
30.7675
17.3307
14.3599
12.6169
12.9387
3.93099
0.486609
0.499596
9.5937
1.52705
35.0024
6.43764
1.67509
2.63973
0.00260751
3.09771
1.53535
0
0.0016547
1.60429
2.02387
5.76497
0.585319
7.04595
13.7285
6.79329
0.504043
20.7435
19.492
6.67904
9.57713
11.4206
3.86131
15.9199
18.2764
36.4818
23.2787
5.53281
1.90733
21.4611
0.989654
0.669209
0.0016198
0.159522
15.0179
38.0786
14.1277
9.00356
25.5675
16.0212
12.9017
18.4744
0
4.77518
10.0882
1.9782
0.404834
7.22162
4.08862
13.2411
21.6771
11.0023
5.33167
6.66709
9.36592
15.6608
5.81785
0
0
16.4966
2.64402e-05
8.33132
3.06438e-07
1.4166
1.87267
7.6451
0.13859
4.35248
0.620143
5.4764
0.484158
1.31846
8.19776e-06
16.0551
3.11733
0
6.57379
7.45507
1.79318
10.2298
23.8269
26.0773
28.5832
16.1886
28.955
24.5482
0
44.4215
0.582515
29.1937
31.3066
11.1601
13.539
11.5259
1.99725
3.23648
0.848909
14.5162
4.26405e-05
0.00542736
10.2234
0.0466567
6.20235
17.6627
12.8582
20.5832
12.329
5.25468
2.31353
5.32242
4.30456
28.0606
64.0437
8.69915
0.808354
2.41663
0.0254003
15.2698
8.05351
1.89151
3.86149
3.00215
15.5555
2.21625
3.18581
0.448005
4.48723
0.544942
5.19929
6.3842
15.1356
1.80435
3.764
11.6118
9.8491
12.6849
9.14122
2.75499
6.78585
8.78415
1.19787
0.0673025
0.0670501
1.98978
1.35693
0.0333501
18.8924
28.906
30.456
0.359591
0.0600293
2.83978
20.8942
0.621654
1.28461
1.3707
3.22673
0.812281
1.05592
0.188203
0.000626129
18.7799
1.70407
0.581017
2.0841
1.34479
3.72473e-05
1.16266
8.87799
0.0954546
14.1849
9.75733
5.36899
2.09305
8.26165
5.71821
8.58768
47.2575
0
0.0200573
0.670706
1.19604
15.006
32.936
0.926674
17.7113
2.13522e-07
13.5855
42.81
15.9892
17.8455
1.16101
0.293889
5.16401
0.166863
0.00538884
1.04464e-07
1.31352
0
11.9246
12.003
12.0002
1.9468
16.3525
0.92012
10.0823
7.11693
17.0573
25.1469
7.61331e-06
6.64595
0.104636
25.2673
24.4689
5.84031
0.000125931
22.2088
10.2486
0.0124013
5.19316
0.0142838
1.29378
10.9838
15.2486
8.41115
17.7832
15.17
25.368
18.351
2.23195
4.44634
0.691007
0
0
0
0.08446
0
0.00548614
0.632456
14.6951
6.95855
6.91572
3.7711
0.00119566
6.23022
13.382
1.16903
5.62875
3.90769
11.2289
2.01937
9.59078
2.69341
8.71345
18.6583
10.5421
12.6862
33.9933
27.099
0
7.26523
28.4379
3.96472
0.180511
21.8736
0.295351
19.8288
69.6826
11.5312
18.7498
17.5489
16.535
6.08174
0.94271
0
18.6522
60.8686
1.18042
0.849674
0.338726
0.262344
39.7129
0.771161
0.00136026
3.06262e-05
0.0313795
0.512329
3.44905
10.5523
25.6749
19.7599
1.79939
0
0
2.44227
11.9822
14.0208
0
1.6549
28.2522
3.04466
18.6677
3.1589
15.8303
34.8354
29.9761
48.006
0.206222
3.74368
5.70076
1.66603
0.351815
0.00755794
3.25576e-05
0.000462521
1.90432
0
0
0
10.1699
24.086
3.04344
30.7004
10.7757
5.93574
3.89272
1.89123
1.72601
1.86747
0
10.6441
2.81571
2.93677
6.16212
21.3793
7.70796
26.4889
0.78237
0
15.1683
0
24.3133
0
0.0329091
0.0271975
14.762
17.9455
8.64209
15.6271
13.0284
29.1663
4.13758
0.87119
5.48645
29.03
0.950057
0.00788741
0.293057
0
0
3.61755
21.5555
2.64
0.986643
4.01283
23.7344
8.65597
3.94976
10.5902
10.1455
29.9406
0
0.961276
7.86755
22.276
27.4431
11.1861
1.83189
5.03397e-06
0
8.22339
13.4169
15.7342
14.8214
0
11.9816
22.5744
11.2428
2.74371e-06
19.0311
2.40579
0.0904201
7.0646
7.40326e-05
0.11991
20.0445
0.990957
0
0.0290678
11.4685
0
0
2.27269
3.83903
2.30253
0
0.00392071
26.8627
0.0330939
40.0402
0.0191911
11.4712
0
0
0.120244
0.939867
20.5277
0.31555
0.664924
18.5189
11.2396
21.9347
22.9972
0.00280807
18.5166
12.7863
1.8319
6.78691
4.0891
9.57724
2.09562
12.4989
17.4809
17.4849
10.7336
13.0279
31.9573
17.6241
10.6202
14.281
0.0333465
13.9762
1.95082
2.90134
17.7778
2.09911
1.30979
1.8005
2.88463
5.27484
2.58773
7.92056
0.758981
0.0310083
0.30116
0.305105
1.2178
8.66246
13.4564
28.8856
18.5964
2.4362
2.06819
2.2579
11.3824
15.2947
0.000450287
28.118
9.26225
12.1291
1.58605
1.78791
0.240293
10.6061
0.658138
23.0838
7.42737
0.00194003
0
18.1326
0
0
12.2934
9.48208
7.10576
0.308457
11.7771
15.3137
4.18183
2.38135
7.16142
11.784
0.00790582
0.0276034
3.97257
1.49692
0.502999
4.99624
7.97773
9.88138
36.8348
22.3843
0.985425
2.42717
0.0204888
2.31761e-06
21.0138
18.201
12.3108
12.0245
7.19875
24.5458
22.6869
0.000544838
0.0629929
3.47491
1.79024
4.48896
1.06125
10.3128
1.43543e-07
2.15388e-06
23.9394
0.00054668
13.0235
11.3687
0.710755
0.0239769
1.40646
0
0.00828339
10.9051
21.2862
5.2552
22.1318
25.5663
0.00265699
0.835181
0.0349039
0.223392
3.73306
1.73314
2.3902
0.591828
0
1.94094
3.36553
0
0
13.2863
1.88816
1.50735
19.1536
2.34531
0.689224
0.869433
20.8873
17.756
2.09184
1.59611
1.6986
0.963635
1.58371
9.98157
0
0
23.0632
1.65407
0.753135
0.0438969
27.3714
5.19231
0.309189
13.8577
0.000364996
15.5449
0.214643
4.30896e-05
1.38871
41.611
3.42316e-07
42.3571
0.769289
4.96933
0
18.8305
20.9813
8.08181
20.2383
10.9584
7.54689
47.9945
10.2751
1.07018
0.345364
0.646679
12.5389
24.8367
15.0535
17.3194
0.926915
0.844259
0.0503009
23.0234
32.2132
20.7283
17.9668
13.3912
35.2127
20.8658
14.6092
25.4974
32.7864
6.10928
16.0746
21.5293
18.5949
0
0
28.2488
21.6936
0.0242095
9.34674
4.94784
0
28.067
16.8612
15.0254
5.02798
18.3042
17.1346
16.5555
18.5403
25.8406
5.62554
23.4469
21.5282
20.0898
0
0
2.18093
14.7375
19.3113
13.202
15.0858
26.0716
37.1275
35.8998
36.6711
43.3985
49.0447
46.285
59.1179
9.60005
8.7063
0.218176
0.151973
6.87277e-07
1.87277
3.25821
3.60693
1.05286
1.5351
13.2796
0.0352627
0.204653
18.68
14.842
12.3376
14.1887
10.0744
18.8766
11.5812
5.00448
5.38422
8.55036
28.5624
18.605
8.73638e-05
26.7814
20.4477
20.491
25.9274
25.7136
25.1014
0.0801931
0.00315132
1.42533
19.8162
8.58918
4.20527
1.79774
7.09822
0.556703
4.80239e-05
0.125614
1.07316e-06
0
37.9961
0
25.4209
3.96388e-08
29.5462
50.2969
2.66614
0
0
21.1111
14.8934
30.1185
11.5195
1.27809
2.27611e-05
68.441
39.5725
2.33971
1.70483
20.2788
37.1805
44.3446
0.226972
18.5354
16.0853
1.73383
40.7147
0
0.107868
51.8568
0
0.470596
1.78405
0.00262446
0
62.7787
0.348643
5.18617
15.887
28.5777
27.4993
29.8197
6.19733
26.8444
0
14.7769
0
26.2013
23.13
0
21.0025
13.9898
20.427
1.00365
6.21862
1.02489
26.974
16.5966
7.48696
11.4585
0.680306
27.0623
20.9434
27.6705
0.0316907
31.7522
5.04835
26.3553
27.0275
0.89386
1.78837
0.461288
25.2231
0.000585417
18.6815
0
0.000585453
0.160213
0.561235
29.4937
0
0.0503346
0.00877532
27.3413
0
22.456
30.6512
2.32211
19.7901
0.282853
22.7743
16.4184
28.8724
0.0050445
0
0.0031746
0
0
0
0
0.0388062
10.0869
6.31909
2.77285
6.2402
8.47039
3.24934
6.64907
10.1221
0.115367
21.2641
14.0435
17.8188
18.4604
20.3558
26.0996
34.3297
0.45062
22.4919
26.2296
32.7493
42.2442
25.1662
9.22809
49.8396
37.2132
1.26755
15.4483
0.00309745
0.390353
53.4551
1.12657
2.8303
0
0.483238
0.277012
0
0.862679
0.421768
17.4718
2.66965
0.0389759
0.548131
0.0410639
1.11787e-06
0.984213
0.0580235
0.0420338
0.0318936
0.00188498
16.1156
3.96937
50.5944
16.1894
3.54155
1.61774
18.0576
16.5398
0.576111
0.000277078
17.9494
13.4776
17.2896
29.7932
8.86847e-06
0.501588
0
0.0891513
11.6562
14.3809
3.91381
2.35952
0.886283
0
8.22911
0.00340597
14.3595
11.2415
0
7.31235
3.75742
2.82219
0.000507319
0.977036
9.62051
0.000518122
0.093441
2.32082
22.4847
41.4959
10.5324
7.14567
33.0432
4.31579
33.7061
25.7647
2.88942
12.6719
0.504011
2.20204
0
1.94196
2.10151
5.53439
22.319
0.207626
5.19035
0
3.29123e-06
0.613991
0.142488
1.00151
0
2.02475
0
12.4154
21.452
3.89409
17.0848
0.558187
11.7938
2.13316
0
4.8288
1.7219e-06
0.222235
0.556811
30.509
16.0611
27.8692
24.9207
21.046
24.4833
0.0897862
19.7424
33.4765
0
9.00939
0
0.273244
0.036389
3.6433
7.29125
12.7087
0.751473
0.132885
0.590449
7.82764
15.2556
4.90769
8.35196
10.3396
2.55043
0.0630877
0.0145033
0.759583
4.4122
10.8871
0.00321684
0
5.92207
5.50031
13.8154
2.98086
1.27777
0.153765
9.73807
4.3937
2.23488e-07
18.7595
0.0119443
23.3955
2.44292
8.29826
38.4381
31.2432
4.71869
0.56946
16.8987
33.6154
1.78129
31.8987
9.90763
20.834
9.79547
5.27538
0.40319
3.27415
4.1249
21.4375
10.769
4.54223
3.28192
2.12223
4.40804
7.84741
18.6683
4.24991
0.00103764
0.00429507
0
0.695888
1.2189
0.582973
11.1089
1.69419
22.6465
0.0542957
0.0151628
1.10872
3.07943
1.91934
12.884
1.71197
4.57739
21.0863
23.2939
4.7222
11.2822
11.4934
0.866958
1.87785
19.7701
26.8329
19.3871
14.5958
0
0
10.2542
25.7366
3.69541
0.0176715
7.28535
0
0.0336048
0.583552
2.89041
0
2.10617
0.0019737
10.1246
0.453748
6.27171
0.041839
51.8618
4.33455
1.78785
2.57438
18.2731
0.387931
6.30776
16.0586
0.337335
11.6762
23.3809
5.53848
0.905604
32.0941
0.843197
0.486534
8.36047
0.132488
0.894269
0.0702094
2.53348e-05
1.50575
9.22245
0.0923047
3.47446
0.23688
2.29047
6.43901
16.8345
3.93055
0.0242039
0.0704183
1.22271
1.74785
4.10884
0
28.9933
0
18.9106
3.70745e-05
0.548049
3.59931
2.13397
0
7.57018
2.28528
0.000137215
3.84877e-05
21.1411
9.254
2.79853
17.5106
8.29928
8.40238
0.503086
0.698804
0.17987
1.49318
0.105682
3.73349
1.08692
6.71413
4.91679
39.899
9.82013
5.27884
2.97416
1.91794
0.0708095
0.0189993
0.0908548
15.798
1.32318e-07
0.75696
1.82495
0.740651
1.26749
0.327572
0.816915
2.77238
0.96133
0
1.86797e-06
0.13831
0.893886
0
9.3824e-06
0.71316
0
0
0.656698
0
0.000490677
0.00169033
0.001907
19.301
4.87171e-05
2.51597
15.5024
0.490264
5.81646e-05
24.9422
2.43052
12.7332
0.928857
1.07935
0.93363
0.0528169
3.34657
1.85578
0.0839067
0
2.42685
0.157252
0.173289
2.64705
12.9003
0.00438723
1.03644
12.9546
0.908504
0.0025408
19.4555
0.885064
1.95849
0.09987
0.779673
5.73134
0.882453
0.0735265
0.610616
1.27146
0
0
5.4249
0
1.33918
15.068
3.5243
9.91165e-06
0.0178122
1.62784
0
0.115893
0
7.29414
1.02984
10.0392
2.20929e-07
0.662226
0
0.117678
0
0.0322187
0
0
0.000348033
23.5493
0.00776303
20.2138
8.24804
17.5057
37.5632
1.57991
14.2713
13.7637
20.7342
3.9804
0
5.45462
0.113299
35.6102
0.232754
0.471042
0.903442
0
0.393509
14.327
17.3751
0.195011
0
13.2222
5.03914
4.69655
15.8127
6.66564
26.7178
25.5529
49.9989
0.00841362
2.52752
18.5192
0.0696394
14.1917
14.3918
34.2339
30.0627
4.73909
11.4383
17.388
21.1009
22.3288
28.7425
27.8524
8.81859
7.50744
1.79445
4.9673
20.6379
0.859041
0.902732
0
0
11.9927
20.5837
11.2412
0
1.96082
0.232919
8.11355e-05
0.969981
8.31341
1.17104
2.40154
2.48456
5.99483
3.90361
9.37788
6.14589
13.5144
0.824521
0.0816511
7.61712
9.10291
6.49525
2.39305
1.74665
2.03812
9.81822
0.0254373
0
0
0
0.555842
1.4905
0.32703
1.25538
0.605681
0.742928
4.29275
0.00219098
0.0871412
1.63454
0.0819717
0
0.000132838
0
0.15827
5.10637e-07
0.0463163
0.667423
1.40196
1.49397
0.153063
1.09679
0.011902
4.08562
0.0251116
0.747198
0
0
0
24.4429
0
5.49491
0
0.293769
0
42.4661
0
0.000969796
0
0
0
22.966
0
0.532956
4.0077
0
0
6.14806
2.89802
11.1115
2.44916e-05
0.92428
0.00317833
10.4451
12.6791
0.839374
19.7921
16.4739
10.1638
5.42113
9.73673
14.5009
16.4491
24.1339
23.0812
20.4108
19.0611
0.0574106
0.0332535
19.8547
11.1667
10.8301
14.4778
18.0041
14.432
12.9131
14.7731
13.8437
22.7378
5.04151
12.3399
11.8502
10.9537
16.4547
14.7162
0.0249394
24.1812
0.000629754
19.8373
33.8691
34.8432
39.0812
12.6427
35.4856
41.6127
13.4841
2.79579
18.5288
25.4749
11.1586
18.5205
24.8212
24.6822
23.0462
19.4297
19.2898
15.3308
7.73331
21.7571
0
14.0866
11.6276
14.523
0
13.6929
9.83711
2.25667
1.40041
0.849288
0
2.70811
1.72314
2.36789
3.43427
13.925
0.107839
1.84442
2.34723
1.48278
1.57391
1.8313
27.3037
2.06885
0
2.50402
13.1793
1.73065e-05
0.536519
2.24415
3.45845
2.00553
0
0.000382335
0
6.07264
0.462724
9.64193
2.81508
1.43706
1.16192
4.2954
15.5821
8.24729
29.2843
34.9435
13.7789
24.1238
21.9541
14.0006
41.6034
5.74827
48.0969
18.0355
32.6873
17.2426
0.224859
18.2745
16.1478
16.5053
0
30.6023
0
11.2265
12.1307
1.05816
13.3617
10.5519
25.4115
1.48896
26.4489
0
0
10.6589
10.0415
1.09769
0.00325419
3.3239
1.01658
1.02148
2.24289
4.62403
0.323704
0.46899
22.9034
0
0
0.0073714
0.0795837
0.00012333
1.38881e-05
0.00536025
0.149678
24.3804
0
0
2.58897
0
23.3861
10.9789
0.904838
1.4812
18.5197
13.1629
0.982038
11.1458
0.134501
1.92042
0.945827
1.02672
0.00842265
0.0212101
1.07409
35.5008
2.9401
27.2195
0.538636
1.38035
0
1.40305
4.22866e-05
18.7474
0.2249
2.13349
1.22981
23.5594
0.766984
10.5946
11.9948
13.6729
15.3273
15.5342
21.6831
1.15473
4.20399
18.6035
2.2319
1.63403
25.5396
0.255616
0.757277
9.23869
5.36621
8.03236
0.140073
24.5636
3.27693
2.45584
17.6716
23.9511
6.67655
7.75876
1.50442
7.5972
17.7125
8.8012
6.79235
22.4272
3.34306
0.000206144
0.00413495
0.33283
2.88181
1.25754
6.39731
21.5971
31.4656
25.0318
1.4799
26.7107
24.1187
2.6724
24.3637
22.7829
69.8412
6.8008
4.32595
3.99786
36.4221
34.4892
8.17315
26.2312
9.48286
0.00249546
0
0.0154218
0.0072547
0.185635
0.0219626
0.0528327
1.14629e-05
13.0465
21.7254
40.2604
2.26777
14.0546
0
0.620185
7.69928e-06
0.553645
0.108398
0.0925448
0.85273
0.00451291
7.73122
0.000123264
1.71051
13.5473
0.674951
14.1682
2.49598
6.67629
0.000119152
0.264736
11.6913
5.10686
0
8.27203
6.14711
7.30491
0.00130399
23.5113
9.75508
5.69019e-05
6.78689
23.4993
1.58643e-05
0
2.46378
1.71607
0
0
32.7869
1.0461e-07
35.9292
36.3164
27.2704
0
0
0
1.10642
0.839514
14.8712
12.022
30.4953
0
14.8606
11.9728
29.597
7.14427
6.01815
2.91498
13.9795
0.0745832
0.388009
0.165685
0.811142
0.0144361
7.70257
3.90626e-06
0.000619448
0.936663
0.00299726
1.11018e-05
1.3
0.0297322
0.314567
0
0
4.94563
1.7387
0
0
10.8078
0
0
0.0521998
0.00325277
9.14246e-06
2.04513
40.0358
0.831245
4.46234
2.23947
2.60228e-07
0
0.196554
0
8.74164
4.56566
6.5034
0.612568
6.00643
2.96259
5.36351
1.86662
6.85893
36.2847
10.4044
3.01226
23.4538
26.1092
55.2026
18.0427
13.2069
17.6451
22.1871
9.41612
23.858
17.1621
15.0761
11.2924
14.4154
20.7637
16.0551
5.71587
14.9091
15.8435
17.9747
17.5631
8.86036
20.4662
20.4937
22.3489
8.33003
1.92804
4.98843
8.8341
1.6541
0
0
0
0.0987205
40.477
29.1091
0
1.6508
0.459807
18.7498
0.000474424
0
13.8871
0.0107294
15.8387
7.25923
4.09898e-05
0.881949
10.7095
27.1611
2.94337
18.8388
17.0829
15.5056
23.161
0.135782
21.7471
0
20.4627
16.093
19.4052
21.6258
10.2668
8.11265
10.3835
10.2591
6.87833
11.4676
20.9774
15.7899
19.1268
2.99875
7.01417
5.60593
10.3204
6.45826
23.6607
11.5236
12.2018
18.1013
20.8913
40.0546
38.4305
22.2787
22.2311
25.2508
23.8918
20.12
16.6573
23.3327
20.6976
0.951747
0
0.0501398
2.75353
1.32393
3.85478
7.13239
6.27731
3.97555
10.8905
7.57722
7.52213
15.2827
4.77366
18.9151
22.1773
6.58916
5.27867
1.65407
9.20726
14.7179
5.94001
20.3829
2.09111
2.41684
3.1708
3.93848
5.18403
1.83023
8.96718
28.5145
9.61168
9.28266
8.45755
6.15152
7.00938
13.6648
24.3559
21.0242
15.6743
14.3484
8.36705
5.87006
0
0.146627
0.884286
14.5928
19.3704
6.22492
11.6938
0.0572158
14.4005
21.4759
10.1728
14.4884
12.328
17.8381
20.8739
28.105
0
0
0.000924311
63.0841
49.0537
49.3766
0.0186908
74.6389
0.331789
19.8188
0.568526
8.08541
0.922616
12.7014
24.5875
1.36716
13.7546
123.436
67.673
20.287
9.79085
0
54.1265
19.4843
54.0299
13.59
21.676
48.6643
47.0564
49.1293
50.6824
22.646
23.3739
27.7471
28.7243
15.4572
20.4166
33.3628
33.2485
28.488
19.2292
22.6207
13.1492
29.4834
21.329
29.0227
28.4549
18.2331
30.1094
32.0855
20.8973
25.379
0
27.5826
0
6.94217
19.6137
31.418
26.1506
26.5364
12.8466
16.5873
17.5131
17.4684
24.0337
21.316
16.2065
4.1541
36.6874
16.972
15.4038
16.0672
10.0234
19.0611
15.3185
12.9823
13.8182
1.57823
15.87
4.24612
28.913
10.0919
19.4465
0.88365
2.44868
2.82797
16.1735
13.2798
22.6774
0.93139
16.8611
33.6742
17.0078
14.7106
6.35872
13.1044
23.7993
27.8054
8.87052
5.36163
0.765033
13.4715
8.54396
0.384518
5.21172
6.4523
1.99489
0.783283
2.34795
1.05959
1.39064
0.0432306
4.21027
0.667302
0.829657
3.29809
18.2917
0.256988
0.000344168
0.252809
0.86502
0.617421
0.0691186
0
0.525136
1.41334
0.00461523
0.0625458
0.929967
0.00734687
0.00097039
0.589157
5.02261
1.7488
0.249855
1.61416
0.743851
2.12548
0.887454
0.300415
2.18721
0.701447
0.0610695
0.00046331
4.35783
0.935897
5.17971
7.11749e-08
21.1023
0.722528
20.3301
1.05212
1.87563
14.4946
0.00394451
19.7791
10.7117
22.9787
1.16257
27.1327
0
2.18117
0.561567
0
7.54469
32.7239
1.90378
0
24.2793
0.726945
0
1.86086
0.884684
1.59885
0.662374
0.920544
1.08869
1.46243
2.81915
1.11231
0.890091
13.2068
4.52868
1.54614
7.04348
17.8585
3.71678
16.3507
1.71214
26.3111
25.4079
21.7923
11.1473
0
0.00518498
4.55586e-07
4.6684
17.7218
0
2.14648
1.67742
0.704878
0
0.11137
2.10497
0.489686
0.753004
0.39505
1.30448
1.57196
2.156
1.36961
1.31471
0
2.57164
4.19741e-08
0.938564
0.0676801
0.0951346
2.11864
0
0
0.211252
0.372892
0.007069
0
1.50071
16.0503
10.4198
30.0232
14.9412
32.1903
7.59511
5.60015
0
0
9.10909e-06
1.0822
15.9323
6.42523
6.11437
0.00612248
0.520586
26.0683
73.0652
38.5741
20.6198
5.20357
5.03626
25.7599
24.9129
3.71464
2.23189
16.4146
1.01653
18.0846
11.2933
8.06281
32.0548
19.0383
7.33371
39.6176
2.84213
19.612
3.8256
52.499
1.20009
75.8871
99.7068
3.66868
0.00065388
0.236643
1.90424
0
3.75173
9.12607e-07
3.02147
0.0451064
0.000100657
0
8.83821
0.00813681
11.3369
0.693396
15.307
2.90674
2.07085
26.867
18.9415
7.03381
3.04236
1.21349e-05
18.0533
17.76
18.0251
17.2516
20.0975
20.4409
22.992
0.163947
10.4897
0.715179
10.2741
23.4178
17.1553
12.3949
1.31776
17.045
7.19626
27.1518
11.5303
10.9588
21.1357
8.80387
5.1463
18.5558
20.9622
6.15464
18.7787
0.982204
12.6623
32.0035
5.48298
0.911154
25.776
0.284002
21.7907
3.35525
2.96599
2.13144
0.0644374
19.3758
1.17651e-06
25.7561
31.7277
20.488
30.3935
11.5978
30.6923
15.4614
9.4892
0.262478
0.0263098
13.8489
12.928
14.8875
24.1404
28.4223
19.8711
19.9813
12.0903
23.5152
31.5502
6.74707
25.0767
0
0
0.999444
14.858
0.0113559
14.1721
14.3655
13.6934
0.300958
1.16676
6.54429e-05
0.963494
0.359379
3.29517
1.40823
0.887833
1.46269
1.8292
22.8241
7.24852
9.91665
6.79994
10.5766
3.89273
17.0555
0.198019
6.23026
1.04752
6.4479
2.22887
1.05975
4.57665
0.00504148
1.28567
0
0.124418
0.0745023
0.00897407
0.0306583
0.113009
0.602791
0.711947
0.2286
1.40061
1.04443e-05
1.50876
0.0439244
1.33723
2.08963
6.95754
15.9231
5.23269
0.00961661
0.0813389
6.48109
0.0846092
6.00335e-06
0
0.882792
16.5721
0.246748
12.6056
14.432
24.7994
10.8421
19.9095
9.26425
19.4579
1.00295
9.9192
12.2666
1.07618
11.5011
7.74254
1.38749
0.0398553
19.2085
0
21.6968
19.9785
25.4079
16.8878
28.3441
39.8984
1.84978
21.3882
13.5341
18.5611
18.268
2.03968
34.0701
0.960482
36.6199
12.6174
1.07737
14.0398
6.7461
6.27592
4.18507
0.805186
5.50211
2.38519
2.61211
6.57395
3.60808
0.019101
23.9425
19.0311
26.1321
18.3225
21.9014
34.3586
27.7658
19.1353
27.021
27.1091
36.9814
30.0353
12.0398
8.83284
8.60156
1.14163
6.3299
12.8329
27.8743
14.0181
12.4975
18.8142
7.62968
4.87696
17.6333
24.5561
8.82556
24.6897
19.1804
10.1591
16.6651
30.3315
8.18832
21.9681
21.7731
0
12.4994
15.2955
6.23521
7.44749
25.175
0.818679
23.9837
24.6129
11.8004
0
0
33.6581
30.4333
28.3176
28.1131
1.47576
33.1966
26.0825
2.47598
26.5598
31.5912
14.1255
5.39571
28.8446
35.3458
28.3826
22.9659
44.9773
11.6957
42.3444
31.6187
35.5449
22.1629
0.79582
29.7166
27.9717
24.5862
20.2472
23.275
29.9598
33.5672
19.0214
0
28.2963
38.5419
25.4949
0
13.4676
18.8668
31.6801
22.6173
18.127
13.929
21.1614
2.22216
0
2.11222
1.26972
23.4614
1.401
30.0035
32.9761
47.6263
29.4055
25.1177
0.95253
29.1508
0
27.177
13.5098
14.3903
17.4436
29.5208
23.8834
44.2215
28.864
24.8183
25.9826
27.0726
21.6225
0.0324716
25.5564
15.3886
33.4311
0.98513
15.6911
8.86398
20.6838
16.2653
10.3358
33.6317
23.1709
1.36701
6.26324
5.0491
19.4887
28.2991
19.5683
0.0270517
23.68
11.2715
3.04322
0.222783
2.44443
1.9932
4.43163
1.00613
19.0191
2.78157
16.9253
18.6643
14.942
25.7556
8.7827
11.4819
52.1995
0
3.3576
5.6546
18.0202
0.00492845
19.3801
16.0298
15.3215
16.4643
15.2229
18.4781
27.5782
10.4538
10.9287
16.2504
8.0729
13.8425
21.8354
18.4957
7.92451
24.4539
28.8804
0
13.931
11.1794
43.031
22.5441
4.5985
25.4274
17.3775
51.7455
52.6805
13.2108
38.1349
23.1806
26.9587
20.8119
18.5232
20.5288
15.6699
20.9755
27.8863
42.429
24.4048
2.00761
13.06
25.4097
26.5522
71.4805
7.95042
2.13044
24.7907
6.66311
33.0399
18.2044
0.0163463
18.2117
0.769404
14.3919
22.4394
15.5094
0.665029
7.63425
11.1729
23.1392
28.3388
17.1481
8.85268
7.18701
1.4636
6.28762
26.4754
9.68841
17.0741
16.2066
7.96315
22.8177
7.01999
23.1051
9.37014
3.16498
25.3683
13.6487
7.61561
30.4349
13.5516
12.6994
0
8.47796
2.02556
8.19139
1.46422
0.819892
9.85754
2.85123
0.731727
29.1689
0.508874
28.1043
0.541152
13.3181
4.21802
1.49819
22.2918
0.32619
1.10743
0.14947
1.63637
0.00530448
22.2208
6.60181
37.8067
18.4596
26.9057
15.811
17.5105
3.70222
6.51819
2.58098
21.1925
16.1131
0.461223
16.2468
20.9617
0.101285
14.4389
3.49434
9.68136
10.9795
2.39837
6.21998
0.0578097
2.38671
17.9665
3.61417
0.0393347
0.820857
0.0680889
0.568484
8.58713
22.1208
14.287
0
6.51133
16.4603
13.3837
14.3776
10.3971
10.8867
16.9465
12.9961
14.1019
19.7841
11.4832
0.00883019
14.9284
9.20053
15.7978
15.6677
0.0461064
11.4473
20.4454
33.1158
6.19847
9.00521
9.88964
51.528
7.54313
15.9347
11.5151
87.3183
15.4485
8.24262
5.89825
9.79913
15.3956
12.8606
8.26252
33.7659
10.1131
15.2376
12.8589
10.7728
19.3071
49.5822
14.0727
32.2035
2.29454
0.00626845
23.6664
22.5562
0.0631487
0
0
0.201552
5.85461
5.11711
0.00710391
0.0214218
0.241912
1.42249
1.07494
0
15.9023
0.00101178
8.51918
22.2238
0
0
15.1748
3.69971
21.4554
0.12216
2.94619
3.55884
0.711442
0.517536
0.0571264
8.21481
0.00189467
2.24548
25.0209
5.22349
0.331607
0.99718
2.59077
5.53336e-07
0.000112315
0.268103
0
15.5596
13.5928
13.9992
1.57394
7.60443
0.576018
19.1349
9.2629
13.7834
7.95217
13.8868
9.06191
32.78
4.23992
7.15591
12.3016
9.23301
7.00371
3.40994
4.08278
21.7142
25.3393
34.6761
36.4146
21.953
3.2523
10.7653
0
1.28037
8.86535
14.6629
9.41169
9.33913
7.12806
8.1345
16.6011
0
5.608
10.2983
30.5568
33.0617
18.3535
24.4516
31.8327
8.10065
11.2774
19.0836
25.0128
34.1174
30.1585
19.3357
19.2015
2.79615
20.3829
8.36254
2.54281
0
0
2.86338
8.4186
3.33181
0.154066
3.90251
34.4337
46.3219
7.7794
9.2955
7.7858
9.36455
25.0269
8.98407
11.3385
2.14308e-05
0.270456
15.1053
13.2426
15.5568
12.0576
47.9321
17.6956
17.0762
21.1336
0.257567
1.43417
1.65814
20.6657
26.3203
1.57823
2.26851
3.08427
25.8497
7.94166
1.43523
17.0376
1.68291
12.4561
2.13363
33.2018
12.9572
8.76442
0.465478
27.9472
18.4999
0.036085
0.013703
0.0829931
0.903742
0.0321843
0.00147075
25.1967
8.57534
7.02634
0.00718597
0.00118813
0.0138257
14.8851
0.0343868
19.0293
21.4752
1.05938e-05
24.1177
4.86241
0.579626
1.33838
7.86716
0.415439
1.50554
7.11755e-08
0.0203507
0.0175929
0.0518835
0.059549
0.118297
0.785267
4.71211
4.90419
12.021
10.0348
10.3119
2.68858
0.00684671
10.6752
5.81219
12.2571
27.9091
5.00962
9.40729
17.4037
22.2167
19.6033
17.1835
21.5208
4.95255
3.39136
10.0881
0.906593
24.5263
7.10931
2.11253
10.2517
11.5944
10.8813
0.653342
6.91156
35.5829
0.103046
0
0.00400325
0
0
0
0.0548996
2.62881
0.242139
0.895096
1.4269
6.02552
0.0032876
1.40363
0
2.50646
0.00518318
24.5868
4.70831
11.9045
14.3288
24.263
27.0004
16.1009
8.3427
8.88775
24.3602
11.3898
0.633508
18.2846
13.7778
1.75795
3.89182
14.0828
0.813214
27.916
15.7976
7.57341
19.0222
12.4823
6.76586
11.7515
0
6.14096
0.0907106
21.034
1.21328
0.689317
14.7159
46.7672
0
28.2113
12.7607
20.7184
17.6154
0.328235
15.2694
30.649
16.472
35.9647
36.3142
23.4135
6.33526
10.8204
13.9693
8.17967
3.41825
0.364569
15.7183
1.51271
3.6547
3.95709
0.466001
0.793519
2.0602
1.84391
1.45744
0.224168
1.11338
0.720177
0.273156
0.647454
8.40288
0.212729
0.0033227
0.437479
0.416908
0.285569
0
0.602423
1.09198
0.00167069
0.0753692
0.698649
0.00347562
0
0.789337
1.94997
0.26796
1.62371
36.7417
1.32958
17.5243
9.25058
3.00116
10.7419
5.77836
0
0.274148
0
17.2904
0
5.87648
6.26755
17.2505
0.332606
2.75331
21.3846
25.5461
34.7325
12.2046
14.1959
46.9348
7.75376
25.5803
36.1386
0.894831
0.679202
18.8236
0.10266
4.00863
38.1561
0
5.15441
0.00081355
36.5169
1.85343
0.288191
0.923647
0.316748
11.7616
0
0.0241074
0.0510831
2.20769
20.2696
29.3234
18.929
25.9183
0.0852105
26.4556
17.3409
6.62532
43.9687
21.1346
22.1276
8.35667
0
0
55.4074
1.08982
1.07318
1.96323
2.2297
0.65905
1.41036
15.7717
1.01194
1.27161
26.3217
0.913825
1.59006
0.0419352
0.000732855
17.3146
24.302
0.0195037
1.94568e-05
0.00289916
0.00254613
0
0
21.7603
0
2.73676
12.8378
0.0222475
0
2.36249
0
0
1.4792
18.583
13.7202
0.949133
0
0
0.449281
24.1031
0.31357
0.0438291
0.0841772
10.9434
0.0227013
0.000271907
0.00107999
0.582877
0.00362447
0.98375
1.85816
0.197332
0.625262
0.451464
25.6515
0
0
26.8029
0.707473
0.0688912
0.435739
0
0
0
0
0
0
0
0
9.12192e-08
0
24.5071
0
2.96115
1.61551
0
1.78081
0.26391
11.231
0
0.996922
0
1.90278
5.75228
16.2086
6.24971
3.19234
3.0292
0
2.58145
6.87467
12.6166
3.98184
3.25547
3.70745
2.84324
24.8777
3.15495
6.83235e-05
3.47048e-07
5.35794
0.000221749
0.00505434
2.71115
0
0.680986
5.38148
7.69137
6.21005
13.3349
0.200639
21.5437
4.64041
7.00911
11.3095
1.4608e-07
4.44063
14.6705
2.58205
2.51208
12.2916
20.0478
0.879584
3.37263
1.79363
0.117466
101.354
1.94184
3.57168e-06
12.7315
0
1.0543e-05
1.8954
30.545
0.664115
5.64849
36.7266
0
0
1.81032
0.0269441
0.0125903
0.172322
0
1.34426
0.71142
2.20084
3.7126
2.06713
0.0734512
23.2443
10.5155
0.0766121
0
0.904765
0.0036628
0.788642
24.7534
9.00025
4.84011
0.430511
5.9648
24.9246
15.206
23.9824
0
20.5811
31.668
42.7232
33.726
0.741097
1.29124
25.43
3.00447
35.0533
3.31618
7.33358
11.137
18.8484
4.67469
0.686747
1.01925
20.2571
2.81049
3.60456
37.5829
26.2281
3.0731
13.2814
19.8002
13.0147
13.8283
1.44738
18.7133
25.1564
0.302638
1.7744
11.5437
16.4193
2.03594
11.6793
50.6159
17.2444
21.5613
15.4259
32.3088
6.15469
18.2267
28.4981
0.442081
22.0024
1.23851
7.27126
30.9605
12.1144
12.4096
1.8622
0.172022
3.01121
1.7928
1.67484
1.16672
1.57053
0
0.38557
2.15833
8.72528
1.59499
0.135603
1.81624
0.870827
4.78748
0.00886495
0
32.3893
35.3709
0.868974
0.000159123
1.54636
12.655
1.16638
2.21661
18.4529
11.6045
18.7647
23.6834
20.6553
0.000611853
7.17689
0
0
28.201
0.0012929
1.22115
15.4615
2.76543
0
37.3668
4.83676
0.197191
0.0504764
1.10073
24.0473
3.22297
1.68023
29.8986
5.39196
2.59965
19.304
19.0853
14.9493
18.8581
5.90197
23.473
8.02861
12.6888
12.7991
12.7342
18.8213
10.9178
7.33623
1.99183
21.5039
0.00316606
6.33219
15.96
2.20458
14.664
23.221
21.0149
8.58341
0.00098762
0.581897
0.0295627
0.259151
1.80367
1.63983
0.0368734
0.136928
2.55029
0.483531
0.0130785
0
30.9665
22.3046
0.856592
29.0784
10.3597
18.8946
17.7814
11.1088
16.1447
2.53613
6.73498
20.7829
16.8377
15.7164
5.48871
17.1284
6.75925
20.7769
7.20488
14.3495
26.0196
47.8115
20.5892
11.7105
9.34716
13.1113
13.2
1.58131
6.46517e-06
1.44036
0.0791687
1.45378
1.29091
0.404307
22.9845
0.85613
0.0307767
21.4679
14.3261
19.5081
16.2034
38.452
6.83652
0.233262
0.0807552
0.0224045
0.958765
0
20.1569
3.39345e-07
0.688033
0.0175263
44.3906
27.5488
7.49793
10.5497
20.7783
8.89982
0.00761898
0
3.98521
2.95397
0.159628
2.24081
2.45993
2.80031
0.090082
0.653037
14.0842
0.0107859
0.973761
0.335254
2.94698
5.29799
14.4384
3.76014
3.08443
6.96218
0.871901
0.234653
0.0293844
0.283549
2.75528
1.0184
0.966147
0
25.9419
4.64479
0.381362
23.3027
0.0671454
37.5746
3.58053e-06
0.656314
22.8939
