2.68194
5.23026
5.80614
0
3.66392
6.82394
0
6.40882
0.998058
4.90648
17.2119
0.0888291
0
1.15389
6.91791
0
4.53598
14.6565
19.1326
22.5786
6.57036
1.07101
0.0360425
0.204476
1.69782
2.70006
5.84013
3.44672
25.6678
0.200226
0.00777309
3.31524
0.423974
0.114961
1.75423
0.694835
2.72704
19.9754
15.7117
15.9487
12.0292
8.98406
0.284458
8.40504
0.452774
7.6214
0.389078
0
0.156209
0
0.922485
0
9.5481
1.63437
0.0419627
1.22038
17.3819
1.30875
0.00199376
0.844561
4.37295
1.03751
5.07819
4.97383
6.64806
0
2.3411
2.25229
6.41662
0
19.8872
0.00172625
0
0
2.59082
2.39544
2.73528
1.29301
0.127372
0.489627
0.0432402
1.51945
0.7427
0
40.4772
3.04561
16.2032
36.5841
33.783
9.50901
16.259
25.051
2.75749
15.6876
10.257
14.3428
16.0439
26.1202
1.7203
0.362318
3.50986
8.11693
25.8266
19.9842
11.6944
3.80716
18.401
8.65716
10.4003
16.2912
23.7913
21.3761
17.0115
15.9181
22.879
14.3837
2.33965
4.19164
10.6874
4.82118
4.70635
0.166542
0.306507
1.01377
0
5.19771
8.15272
1.22697
3.94003e-07
0.559601
11.8837
0
2.60324e-08
24.7896
0.302589
22.0506
17.498
0.0985664
0.129412
7.45535
5.58553e-06
0.138764
0.974207
3.61322
0.975396
0.0194273
0
0
33.9201
71.9087
1.5368
1.49788
0
0.0567017
6.45669
0.239211
7.23216
4.937
3.77397
0.346843
21.3726
6.76076
28.6501
25.6019
1.32389
2.3667
4.77109
4.48358
1.87302
7.88469
22.9193
1.28489
10.9084
5.62805
2.28061
0.27594
0.841575
0.121427
0
0.193148
0.000263167
20.0649
0.0171499
0.35962
5.72467
14.4056
5.14874
6.75801
8.87964
25.0433
20.9871
20.4906
11.4721
4.87736
2.2568
0.0280202
7.56043
9.85345
13.3103
7.29814
27.9739
75.5711
10.1841
41.8747
24.1253
2.28364
23.9901
5.44898
60.1328
8.83644
21.5047
32.0115
0.0623534
13.1725
10.6583
14.2574
3.75163
18.5683
14.5298
4.67422
0.931341
2.97883
18.1761
0.859148
20.6381
7.2779
25.254
20.3941
20.4722
0.470789
1.55348
1.02606
24.5899
2.47141
0.826983
5.89646
3.85106
3.30652
4.13405
2.48586
7.91718
1.36863
1.00081
0.880189
0.957261
0.0871653
0.273181
0
1.4181
0
0.000419457
6.08929
0
0.752993
0.0922318
0
0.535261
0.602752
0.0349749
0
3.16547e-05
0
6.25171e-06
0.00809745
0.358051
0.0223708
0
0
0
0
0.525091
0.342195
41.9091
0.00488548
0.215714
0.0622347
0.0736129
0.0106935
5.86351
1.25697
21.016
0.9974
1.18817
0.0198848
1.11597
0
0
0.00641295
0.43077
2.48559
0.00310374
3.1362e-06
38.0048
0
0.0239854
1.34308
0.036425
22.2486
1.0101
21.9569
9.60511
5.39893
10.6702
12.0081
0.204474
12.5401
3.22644
4.14753
1.13231
3.27896
3.34981
4.32853
0.533281
3.8323
8.40282
9.0407
23.5024
13.3534
6.55284
8.19682
0
2.55978
3.13633
2.13266
2.91564
2.60424
0.051077
0.923353
0.0214225
0.160611
0
1.04227
0
0.550512
3.64803
3.08484
11.9033
1.62531
1.68146
0.00671424
10.3361
2.21089
2.51488
0.962806
0.792892
1.40256
0.729456
3.15307
4.19085
2.86135
0.162827
0
25.1299
1.63011
0
0.00394622
6.3214
13.6431
0.28878
0.232646
1.97197
1.42715
2.27645e-05
3.90864
0
0
0
0
5.56965
0.701712
1.13403
0.178839
6.15219
4.48416
3.09053
4.63618
0.000267117
4.43209
4.50653
4.98511
9.65908
9.44968
2.05093
6.73321
7.67101
3.66252
7.34244
10.2369
7.53009
5.18245
14.5458
11.8544
12.4745
2.67677
0.673475
18.3648
10.5673
9.24909
19.2923
26.4654
5.09005
19.6892
14.067
5.19686
11.234
10.7541
10.4488
10.9621
5.78789
9.82179
4.89531
30.4284
5.00045
8.25663
3.88902
7.33976
35.0145
6.31937
11.927
3.04909
1.74945
24.5313
33.8506
29.1656
26.6633
27.7259
3.40653
26.3512
28.3929
16.0374
23.5762
35.5906
39.8035
19.4444
14.7793
13.2904
25.2062
0.437199
30.3212
40.1485
50.929
28.4312
11.5387
6.2041
14.879
0.0840919
2.65043
0.131106
3.71385
3.83341
19.6855
0.187135
6.55642
12.3802
24.567
7.25516
10.3545
22.0226
7.9182
12.1423
8.81558
2.47456
1.47509
7.27522e-08
7.26429
0.968227
40.6475
3.07147
1.59172
1.771
0.0802554
0.334583
3.6334
0.301778
0
0.372304
0.264644
2.01721
0.978425
4.35544
14.6604
2.61617
3.32828
10.4674
12.5135
5.30229
5.47395
17.128
4.71929
19.92
19.1275
18.9304
11.1832
2.27849
1.84932
10.9151
0.253174
0
0.0236264
0.0027341
25.2083
27.5871
8.2391
7.29241
11.3261
10.27
6.99788
3.82485
0
3.24154
0.60963
2.42038
0.74086
5.63396
7.56584
5.23371
6.50952
5.6562
6.02279
3.39145
1.59053
18.7167
7.44428
6.5276e-07
0.962647
6.79398
0
13.4843
0.202151
0.650452
0.580703
0.62125
0.719172
2.10074
1.02663
3.73573
0
0.000343122
0.327187
29.0282
2.25002
4.25806e-05
3.67162
1.92148
0.606967
8.78301
35.0765
34.883
29.8992
21.721
11.3375
19.5879
0
28.216
0
14.289
13.3433
10.7915
9.50062
2.07385
4.42755
0.86676
0
12.5838
0
0.199452
10.2165
0.936313
7.08216
13.2087
8.51647
21.6135
2.54591
1.60519
1.04554
1.64803
4.98551
16.0436
40.454
6.72254
1.13006
1.92056
0.00180164
15.8821
14.0979
1.0842
3.03593
5.13747
10.999
2.73918
0.910349
0.779458
1.70571
0
2.07081
1.1583
3.56534
1.72251
0.924091
3.4509
1.44233
6.25589
5.04304
0.721681
1.00007
7.22505
0.000376045
1.87762
0.578175
0.660245
0.19031
0
3.53824
12.0813
34.2092
0
1.61034
0.488072
12.0352
0.0374723
16.0356
7.1897
0.648788
2.31388
2.51672
0.319622
0.989774
27.5645
0.408963
0.617484
1.02508
7.73256e-07
0
1.71822e-05
7.12378
0.308394
3.14081
17.7605
2.7647
0.490288
5.03635
9.0302
14.8229
14.4248
0
0
0
0.230958
23.9194
32.8375
0.23979
16.8953
0.000504455
15.7397
30.7351
11.6579
17.7326
0.0269493
0.561254
1.18818
0
0
9.23379e-05
1.13638
0
9.28201
5.8832
5.17345
2.75518
15.9963
1.054
34.5491
3.32252
15.8696
18.6488
1.0494e-05
5.98181
1.04048
13.5419
22.4373
2.72368
0.0004079
6.32415
11.9063
0.0515853
7.02008
0.0257649
0.968834
4.71285
16.3406
10.827
14.276
17.2031
21.1277
11.4678
0.539707
3.34652
1.16808
9.69974e-08
1.23375e-06
0.430021
0
0.813184
0.0817967
0.192397
17.7156
2.45755
1.44962
1.02901
0.0475584
2.39326
5.73799
0.62472
8.97048
1.67979
8.1934
4.19182
10.7005
0.906366
23.39
17.8449
6.74065
3.02582
15.4641
10.8928
0.424346
1.98463
10.5041
2.28192
0
11.7294
1.04211
34.9604
71.8215
9.21312
33.1727
34.5829
15.5227
6.56501
0.0232323
0.81758
21.7599
46.0068
0.0763788
1.93645
0.0257149
0.00882244
19.5559
0.0976045
0.999919
0.000165033
0.103269
0.0734422
0.540072
10.3941
27.399
7.37591
4.24917
0
0
1.77451
13.2505
23.8794
0
3.45101
33.6534
0.308238
21.976
1.04333
19.1494
13.3625
27.594
20.2637
1.57555
4.58098
0.796926
0.951047
0
0
0
0
4.29904
0.0205546
0
0
5.74441
34.2279
4.18904
11.3414
9.10109
1.29217
6.22431
3.35549
1.74155
2.71047
0
4.23452
1.31045
3.91469
1.69883
29.3289
5.44658
20.3323
0.506236
0.000759419
8.39138
0
16.1004
0.0685524
0.0105204
0.197853
16.6817
14.6174
13.3242
19.6324
8.24941
16.7192
2.01274
4.84121e-07
1.96275
57.9122
2.48633
0
0
0
0
4.0342
10.6841
6.36908
1.12319
2.40518
10.6463
3.44646
5.69647
5.76679
3.52458
22.7721
0
0
8.55624
7.81227
19.8838
12.0425
1.75066
0
0
3.03122
7.2814
23.4654
14.9466
0
8.89269
15.2399
12.0807
0.000403383
16.134
3.96688
0.0157081
7.61997
3.01877e-05
0
8.45974
6.3474e-07
0
0.0292573
7.53488
0
0.00571071
0.82076
2.07407
4.01652
0
0.923064
35.77
0
18.7618
0
6.48787
0
0
0.00926372
0.0386897
10.6161
0.000874551
0.395555
10.4284
10.0199
16.2475
35.1116
0
16.3478
14.1276
2.95498
3.41541
4.32623
9.90653
3.05768
10.7241
20.1895
9.62059
5.83405
13.749
13.8848
17.1326
17.9577
37.9428
1.11809
15.104
2.19885
1.0893
12.551
2.52562
11.3114
1.50538
3.87548
5.09402
1.66827
6.04699
0.884718
0.0644672
0.110367
0.214917
0.0204782
6.93275
10.0623
24.6294
20.3717
2.42283
0.602772
0.427112
16.1485
17.3519
0
16.2161
6.4827
16.4496
0.0268758
0.0336761
0.000763054
3.17885
2.77726
21.3242
4.7797
0
0
13.0152
0
0
10.2833
1.43667
5.72737
0
4.44463
9.00257
5.16415
2.45708
3.53658
4.71927
0
0.0105926
3.52247
0.00380804
3.06515
2.54437
0.521391
8.55729
36.3026
18.2645
0.261691
0.00296329
0.035312
6.38683e-07
26.1918
4.64331
9.12495
13.2739
4.5497
20.5904
12.3158
0.0642387
0.00540193
2.46882
0.586885
3.27445
0.243669
3.15326
4.38766e-07
0
20.0823
0.131656
21.4734
11.6765
1.91077
0.880126
0.190931
0.0498416
1.15204e-07
4.20527
23.9628
0.961409
16.4119
13.0757
0.0097529
0.00176949
0.149201
0.466848
3.62805
0.429933
2.29433
0.0332167
3.91056e-06
1.05506
0.40163
0.0121374
0.051782
14.2247
0.124161
3.45052
6.93454
1.41346
0.566541
0.0731367
11.9614
5.82449
4.07567
2.12306
0
0.0695375
0
13.9015
0
0
25.9451
2.12375
0.605094
0
21.9485
2.24417
0.395107
2.2247
0.00052807
10.8608
0.0230802
0
0.413217
22.1626
0
31.5103
0.00457902
1.99183
0
15.5638
9.33473
9.34025
13.3795
5.06076
2.32098
20.8656
3.69934
0
0
0.959574
12.2668
13.7443
4.02897
4.68835
0.10986
0.120504
0
19.3952
15.439
24.0156
14.9814
10.9065
12.0496
27.6575
16.9951
13.5637
8.37601
1.13884
8.28716
23.9764
16.8423
0
0
15.0324
6.07322
1.9521
1.60401
6.89029
0
13.1307
10.0723
5.60637
1.13525
42.7153
22.2568
13.7698
14.01
12.6405
6.28981
14.3151
12.1273
23.3963
0.0291981
0
0.000693467
17.5483
26.6441
15.6774
18.873
24.3278
39.2398
41.0239
39.6189
46.7313
71.3514
60.5999
36.3284
4.05086
7.15758
0.0304827
0.0055226
0.00853489
1.33048
2.76659
0.215277
0.545796
0.0665227
8.13614
0.637272
1.62562
9.19449
12.515
1.27735
4.58377
6.88456
9.49276
5.06458
0.308995
4.10432
8.94308
12.2649
10.8227
1.04058e-05
19.7414
22.5954
28.2362
36.0602
22.6262
19.205
0.019671
0.501297
1.52903
17.2256
6.4241
0.958057
2.07381
14.6766
0.0271361
1.61975e-07
0
1.30747e-07
0
29.6667
0
34.0578
1.17206e-07
34.8591
39.6611
0.0853016
0.014037
0
24.3781
29.8775
16.7143
17.6845
1.15653
0.000777113
43.5894
30.6715
5.10004
0.615928
10.3895
39.3049
36.6187
0
14.4258
32.816
2.0469
20.8426
7.5586e-05
0.030848
17.9454
0
0
0.564849
0
0
44.3723
0
2.41093
9.13011
23.3888
18.797
29.9397
4.94842
29.9713
1.09128
18.0982
0
37.5772
37.8241
0
21.1113
16.1076
32.456
0.343921
0.837094
1.22872
14.6869
14.0494
1.93764
15.2026
0
29.0028
17.0057
13.2623
0.0612572
21.9288
11.874
25.5559
38.7374
0.00319282
5.06169e-08
0
25.0755
0.779381
37.382
0.306088
1.34715
0
1.11603
33.9459
0.00177758
0
0
44.1383
0
57.2768
30.2056
0.974448
16.5264
2.06722
19.2304
13.2488
40.3172
0.506075
0
1.13944
1.08771e-06
0
0
0.78939
0.00946341
3.62621
3.38854
1.81819
32.1775
29.8286
1.83046
15.4165
18.8132
0.292885
18.8442
16.4579
20.4237
29.7921
28.1518
18.9556
19.5261
0.916572
16.2869
29.9702
27.2402
18.2251
24.6605
7.19403
25.8175
13.1125
0.044487
23.7972
0.0949196
0.0184487
26.018
0
1.03813
0
0.336492
0
0
0
1.52783
7.13557
0.835648
2.34292e-06
1.23752e-05
2.07781e-07
0.473984
0.00764474
0.127694
3.90956e-08
3.93233e-07
1.51141e-05
45.6321
2.94742
26.4228
9.99146
0.788065
0.134664
11.5081
33.7809
0
0.00110732
22.7789
16.6243
44.6978
42.7514
0.00183221
0.235906
0.0729596
1.12283
37.1322
27.9255
1.04599
0.493106
0.176048
0.00742033
6.29836
10.8942
16.8603
16.7968
0.000137154
1.76986
2.69663
0.877171
6.91963e-05
0
14.0767
4.48872e-08
1.55744e-07
0.550099
21.5717
46.1421
0.857782
11.0455
24.8939
2.47441
8.00229
17.9563
1.70327
10.9835
0.0088777
1.13247
1.36319
3.60852
4.47295
4.28688
11.0984
2.46781
5.69703
3.71522
0.0426651
0
3.78085
0
0
0.45617
0.533278
11.3623
8.8941
1.56231
12.5218
0.910189
8.5557
0.808357
5.85421
5.0141
2.32794e-07
0.00608852
0.341127
34.2083
24.7029
35.439
24.7396
13.4128
10.9168
0.705688
4.88399
14.7385
0
8.13584
0
1.46971
0.20758
5.24086
2.00874
1.48434
1.21377
0.330644
1.03774
3.65423
11.6026
4.8572
6.80778
7.48826
3.30698
0
0
0.0063524
2.90701
22.1385
0.0032905
0.0627714
2.05312
1.93057
7.58231
1.09943
1.54962
0.812512
4.58941
0.98005
0.911422
6.24459
6.63515e-05
24.0619
0.636224
2.6869
31.9311
16.8396
1.18685
1.85001
8.91356
19.5352
3.50393
29.311
5.22985
2.60397
0.866976
4.381
0.0770039
1.31386
2.41154
16.4977
16.748
4.77055
2.9072
6.25162
3.33753
2.86255
10.1758
4.70884
0.000860276
0.00655341
0.0220375
0.370421
0.681514
0.000715879
2.80324
0.0033728
20.7317
0
0.978369
0.626929
0.518795
1.85051
7.80725
1.76822
2.06154
15.538
12.722
3.46814
8.34315
2.99956
0.536059
0.821765
34.6772
18.714
7.01599
7.27289
0
0.0641937
11.6674
8.9369
0.000159504
0.837392
7.04105
0.003587
0.997753
0.262802
0.0254183
0
0.940106
0.00280129
8.41563
0.772303
0.336944
0.000181516
46.0263
3.50798
0.0333257
2.50446
17.5407
0.00112716
3.10579
29.4602
4.88342e-07
9.30444
28.802
2.17919
0.163454
47.757
0.254638
0.90828
2.5323
0.223788
0.155516
0
1.20986e-05
2.38207
14.3989
0.232541
1.4263
0
1.46577
3.60376
12.8053
0.259341
0.563241
0.927071
1.87538
2.49706
0.989817
0
13.7474
0.0588707
4.22685
0
0.0422614
17.6552
2.10265
1.17089
6.40131
2.38382
0.000484571
0
11.5172
7.53332
2.26413
31.9685
15.2845
5.35452
0
0.0714084
0
0.0245235
0.88124
3.13994
1.51847
1.59649
4.87788
21.146
11.4306
0.615559
3.52699
3.54488
0.160596
0.893598
0.124499
5.14371
0.0023963
0.774317
1.78872
1.46575
0.20283
0.0586097
0.00965709
0.0151261
1.83329e-05
0
0
0.0389858
0.585775
0
1.28412e-07
0
0.00301151
0.0382806
0.0498154
0.254786
0.004863
0
3.98142e-07
20.3471
9.98864e-07
0.77712
12.4011
0.00616253
5.8713e-05
25.302
4.02975
8.49508
0
1.25877
1.37868
0
2.35109
2.66707
0
0
2.74787
0.466107
0.407848
1.00323
2.78809
1.55821e-07
0.0153937
13.2001
0.0149278
0
21.8477
2.22414e-05
0
0.629519
0.0300528
4.6421
0.0227013
1.28906
0.265126
1.86738
0
1.15252
10.5845
0.697676
0.0197876
8.34499
0.372815
0.00265614
0.00210107
0.0187512
0
0
0
4.80765
1.93202
15.6064
0
0.216567
0.517922
0.621524
7.37727e-09
0.00277445
1.45638e-06
0
0
20.2479
0
15.5599
2.70133
16.8042
24.0398
0
13.1156
1.018
10.9841
1.98922
0
2.33145
0.00174309
35.0195
0.031759
0.997453
2.08771
0
0.260721
20.6181
26.2444
0.13601
0
13.7859
6.49093
9.60635
8.58625
3.54875
21.3144
14.3826
46.4801
0
2.82797
16.9685
0
24.1697
28.5135
23.3076
9.52196
3.87564
7.82118
10.0751
26.8783
6.98315
10.669
10.9566
16.9119
10.9373
0.988914
5.01524
12.3259
0.95127
0.832782
0.0245497
0.00430789
3.71449
10.7441
9.03363
0
5.23265
5.43813e-05
0.0037653
2.47848
6.05123
3.30944
3.87552
3.39977
1.90663
4.18752
7.07962
15.0214
14.5857
0.000161784
1.60408
5.13769
3.80904
4.42532
0
0
0.00611778
7.15109
0.870832
0.0717419
0
0
1.40959
0.333246
0.0205376
1.9663
0.070151
0.00212473
0.67075
0
0.0751006
0.160894
0.70662
0.191302
0.770931
0.000676289
1.03977e-05
0.00763085
0.0555314
0
0.0698381
0.649431
0.978478
0.855994
0
4.02102
0
0
0
0
0
33.6814
0
2.3681
0
0
2.00863e-06
34.9242
0
0
0.443868
0.156952
0
27.4887
0
0.0577709
0.00824308
1.61413e-06
0
1.14311
0.964391
8.12764
0.489771
0.763313
0.258199
3.6055
7.04783
0.88608
5.80397
3.69471
2.44451
4.61255
7.86651
8.83742
5.32547
15.4007
5.42993
9.59889
13.0571
0.29205
0.0558274
10.6561
7.96585
10.9751
7.2806
14.9366
9.47256
7.13531
6.01808
15.9442
20.9573
10.7862
12.2608
11.9256
16.3522
10.5374
17.887
0
24.522
0
18.4387
11.7238
8.05449
22.7196
4.74738
20.0447
12.6115
12.7225
0.759368
14.434
14.3083
11.5663
5.9533
13.0438
23.1043
24.3575
12.6715
8.57371
13.2608
5.73002
23.0345
0.750063
5.77248
7.30942
8.45459
0
19.3726
11.3901
1.20089
1.37099
1.00079
0
1.93002
2.27499
2.57305
4.47623
6.58397
2.21791
2.53678
2.15339
1.75886
1.42149
0.504967
8.80916
0.084368
0
0.968766
14.0353
0
0.540894
0.640959
3.98445
1.85249
0
0.00147513
0.621496
1.31127
0
0.497527
2.87332
2.90974
5.62821
6.41902
13.3891
5.06461
31.2314
15.127
4.81022
22.1732
18.022
8.623
16.6637
14.9753
30.0167
20.1489
31.1735
12.2374
0
16.789
17.1804
14.1721
0
13.1222
0
25.6548
12.0532
2.88609
18.0383
16.5855
13.7504
0.675951
25.2489
0
0
9.91543
5.26392
2.73885
2.98792e-06
2.7957
0.498599
0.359552
3.16156
3.26885
0
0.110502
29.1822
0
0
0.00662934
0
0
0
0
0
12.649
0
0
0.0846176
0
22.7255
30.5863
0.993355
0
10.3293
4.57653
0
4.9395
6.91097e-09
2.11395
0
0
1.60392
1.87147
0.0342967
34.9889
1.02901
16.0033
0.200639
1.91136
0.0229635
0.000527414
0
16.9373
0.209276
0.00133203
4.59546e-08
16.4762
1.25337
5.87036
19.5974
31.5883
23.4413
15.6188
12.3283
0.9938
3.02702
13.9505
2.69321
1.03299
16.8803
0.78903
0.911958
9.13988
5.16344
4.07206
0.820239
24.4234
1.44454
1.06316
1.51191
24.334
13.0924
8.43043
4.0995
5.53972
13.322
4.61563
2.74016
9.66601
0.990762
0.0245445
0.0490342
1.43765e-06
0.00676945
0.15732
5.69229
25.2366
23.9709
17.7827
0.123219
14.2857
13.918
1.4829
16.7477
2.40961
26.9052
4.9458
1.86906
1.38472
80.3287
33.2192
6.16687
25.7662
7.57824
0.149355
1.8947
0.933604
0.629458
0.835172
0.216536
0
0.00687123
2.05878
8.74348
12.8214
0.065034
35.9898
0
0.034381
0.0153362
0.0199293
1.14778
1.70768
0.182407
0.000648349
4.68194
1.59408e-05
0.79911
19.6167
1.57866
6.85214
2.72118
2.41305
0
0
4.68757
8.35572
0
6.98628
2.63119
4.95222
0.0381855
34.8507
15.1673
1.01653
1.34358
8.91453
0.805872
0.00012319
0.835519
0.00273929
0.00107443
0
32.9795
0
60.1955
23.9264
22.0837
0
0
0
0.450316
0.00112126
18.3907
9.41503
17.1996
0
5.63066
19.0656
17.6267
3.17745
3.72728
6.97994
5.86745
0
0.0447393
0.117414
7.85912e-06
0.0157979
5.45441
0
0
0
0
0.0613564
1.11919
3.06944e-05
0
0
0
1.10797
0.435721
0
0
10.3482
0.00529056
0
0
0
8.74844e-05
2.30782
27.2783
0
1.0007
1.16674
0
0
2.70317
0
5.11883
6.38407
14.572
4.55644
6.36697
1.16883
7.47486
1.57103
5.42727
34.4874
23.0478
2.41614
50.7461
38.7643
60.0293
11.0062
32.7458
52.8654
29.4178
17.1209
25.4432
10.639
15.0581
14.4565
27.5938
13.6856
13.0582
2.86958
6.66378
14.8381
13.6986
23.088
7.10001
11.0381
23.1192
31.6956
17.9528
3.44029
2.7164
0.708737
0.86605
0
0
0
0
24.099
23.274
0
3.96299
0.154217
4.79526
0.000267538
0
9.94462
0.0827249
19.98
1.30498
1.57615e-06
0.00299047
4.16755
15.0566
6.87436e-06
15.4565
12.0396
10.8329
13.7241
0.00379823
14.3152
0
10.4488
22.1949
13.5629
17.5184
11.1001
9.98222
7.93707
3.72565
4.50289
6.81459
25.5604
18.4561
8.1645
0.25984
10.4639
2.60506
7.59338
11.9022
8.10325
16.7224
9.54785
17.0127
23.6205
13.8686
13.9288
9.11912
12.6089
15.9003
5.72539
8.19642
12.6824
16.711
20.7318
1.01375e-06
0
1.3672
3.09053
9.32703
14.6759
9.84937
8.16684
10.791
24.1054
15.0497
13.9967
17.4656
3.62938
15.2282
19.6727
5.85024
3.63705
4.58873
2.18349
10.9269
3.28713
8.54105
10.1804
3.16447
6.05759
5.81999
5.82844
2.29415
6.85782
30.9852
7.28556
16.6219
11.4855
13.8656
5.82431
13.5079
23.1824
9.37203
8.63393
37.274
3.5112
1.26664
0
1.25787
0.0123101
7.9849
10.8137
9.88619
15.3885
0.0791498
13.2493
12.4376
18.3773
11.9156
15.3904
13.9914
19.4543
28.9029
0
3.82067e-05
0
35.9529
21.507
29.589
1.0742
34.6074
2.36297
9.06977
0.0106113
2.27224
0.000339315
6.38701
31.8004
0.147531
5.66834
68.9594
49.7977
15.8461
4.59786
1.2447e-06
27.0553
6.43455
34.4963
11.4406
13.5318
29.7389
23.8884
29.05
30.4461
12.986
13.3053
15.0439
21.5702
18.3947
13.5051
15.8279
12.3526
11.6128
5.84747
29.694
9.54825
42.5461
8.97621
16.868
23.3899
14.6665
27.6275
15.3499
26.8526
19.6987
0
23.3459
0
5.44894
14.1064
25.8776
18.4595
21.8643
3.86627
22.2366
17.69
11.7026
5.15982
12.5465
14.5266
6.15384
13.799
7.75854
10.9729
16.9193
13.8278
10.9054
10.6703
7.26056
9.39098
1.55738
3.96939
12.3788
24.3112
6.7328
14.8249
0.0057996
3.76991
0
17.2856
22.892
14.4051
2.689
17.5156
25.3842
13.4673
18.3633
3.18651
9.1664
14.3134
31.2093
11.4673
3.51376
0.0155374
9.29655
10.6604
1.57182
1.03184
4.22417
0.439909
6.58261
2.66335
0.774066
0.188577
0.203086
2.85251
0.881128
0.074985
1.59657
12.0895
0.977558
0.376427
0.0252033
1.12917
1.66548e-05
0
0.611766
0.165273
0.126052
0.551252
0
0
0.00302294
0.695966
0.305016
10.9244
0.243438
1.63045
0.907311
0.004717
19.8721
0
0
0.233401
0
0.546598
0.0400189
4.90349
0
15.1975
0
9.84534
0
11.6432
0
0
14.6184
0
24.7316
9.08464
6.77552
0
18.5847
0
0.187013
1.14501
8.92811e-06
8.79574
13.7227
1.68012
0.00650148
17.1161
1.0398
0.0145342
3.46705
1.39865e-06
2.11925
0
1.17445
0
1.66838
1.73797
0.938689
0
13.4019
0.637942
0.858189
4.91474
13.0568
1.92623
8.49669
0.169274
15.7079
10.9797
9.81668
13.1447
0.0917712
0
0
6.65126
19.7163
0
0.803292
0.331938
1.26973
0.739255
0.0686577
0.000244053
0
0
0.27144
2.98608
0
0.640098
0
0.600769
0
0.0744721
0
0.839038
0
0.00117374
3.08439
0
0
0
0.303538
0
0
3.92057
22.2709
20.5832
29.114
11.5862
19.1872
0.774971
2.10663
0.00413495
0
0.860198
0.247787
19.2272
3.45354
3.05837
0
0.174794
28.6588
53.0552
31.2125
21.3704
16.4781
10.774
28.8059
38.9046
3.28173
2.81367
6.64674
2.71697
8.30457
10.3173
8.0558
15.615
17.0112
7.57723
15.8772
0.399406
13.058
1.96156
17.7795
0.124405
26.0735
19.3177
0.533103
1.44068e-07
0
0.916398
0
1.57703
0.651771
1.84053
1.02903e-05
0.0365682
0.906394
15.8736
0
11.9471
0.171838
18.8127
1.58638
0.852545
19.7758
25.5701
18.8919
2.35741
0
13.6932
17.4004
14.8943
30.9945
38.1762
21.1701
27.5065
0
15.0306
0.415593
21.13
25.0622
19.0147
5.92019
0
25.3427
6.96189
32.4148
5.36578
29.8858
41.4267
6.45891
2.3798
16.24
24.484
10.9713
20.1896
0.00307677
4.60372
29.6785
2.50825
1.33102
45.7619
0.078599
21.827
0.955512
0.017094
0.0380641
0.153771
9.17697
4.69325e-05
33.0426
48.543
16.214
14.0434
11.9475
11.3082
3.35671
4.65024
0
0.968331
2.62447
10.5721
17.3655
22.1995
37.7144
16.4666
24.7029
4.797
20.4066
28.7684
9.10227
24.919
0
0.532744
0
21.1203
0.421857
8.18921
29.0133
2.59933
1.41178
1.1996
0.508899
0
0.790625
2.04709
0.342436
0
0.121463
0.591786
16.9177
1.43536
1.66684
4.95003
5.9889
1.55638
20.8163
0.0314083
4.97246
4.04748e-05
7.41842
2.02487
0.734242
3.17137
0.903973
0.941776
0
0
0
0.929124
0
0.982722
0.00431156
0.00453638
0.00213655
1.2961
2.96652e-05
1.03276
0
0
0.80508
4.60371
5.71211
2.88212
0.0467608
0.00128725
4.18202
0.0088348
0
0.501047
0.0226332
15.8684
0
12.9786
11.5018
23.4615
7.75608
15.6398
6.03637
16.4648
1.09712
6.26528
13.9605
1.50768
18.8355
6.16381
0.394173
0.018995
4.58335
0
5.89061
5.49134
23.0222
6.91156
25.1087
25.9852
0.711885
25.5297
5.4097
22.1621
14.6922
1.66992
15.076
1.14767
26.3571
10.2403
2.38213
13.6117
4.95188
3.00362
0.387454
0
0.49863
1.31116
2.0008
2.35734
10.9508
5.64221e-05
13.7954
7.48657
22.4582
35.2097
27.2174
33.9716
28.0431
17.877
22.1529
32.2401
23.4439
28.9579
16.4183
9.20991
23.0121
0.000814504
5.46626
6.97651
8.83295
10.0427
3.63334
7.13205
7.58092
6.85434
9.56442
13.8248
8.65316
12.1875
11.7403
7.08887
11.4928
16.8517
12.562
7.75954
8.12528
0
7.33143
6.81918
3.22644
7.00383
10.4383
1.70029
11.9418
11.568
20.3237
0
0
34.7362
17.1355
12.8423
21.1839
2.46649
12.9099
23.8161
1.09438
18.2042
18.3244
9.70369
3.5962
7.18331
19.6688
41.2787
20.4127
31.1759
25.7845
22.8125
28.864
35.2612
21.142
0.109955
32.3805
23.9963
20.0708
9.02067
20.1832
30.1112
50.2776
36.5439
0.0015295
51.1672
39.1198
40.8933
0
7.60565
26.8487
43.3266
20.1854
8.0111
21.2177
19.4809
1.24707
0
3.69915
1.51195
24.0641
1.13965e-08
18.9051
24.0889
30.9626
30.3243
30.436
0.0591937
37.0671
0.00864407
22.7319
28.3131
26.3831
37.4585
25.1831
47.5172
49.6473
10.8312
35.1132
28.2293
17.7899
37.3855
0.420732
22.3374
2.89629
26.6356
0.00797789
12.9989
13.0902
13.3333
13.2905
3.68865
27.8617
14.5625
0.000849362
6.5311
5.89471
10.6657
18.3699
28.459
0.856827
8.36279
9.06625
6.00299
1.94016
1.75144
0
5.19755
3.03904
16.3845
1.96704
21.2639
13.8837
7.65893
22.534
1.60555
9.45955
32.6664
0
2.58561
3.43702
5.10776
0
35.6031
5.24128
10.847
8.13019
16.406
18.5271
7.39299
18.3894
13.5279
10.5745
10.5742
11.2996
18.0893
17.8897
2.55827
33.8528
32.9693
0
33.0055
13.7099
42.1749
4.50484
2.44961
26.2203
7.27685
16.4469
5.70209
19.6019
24.1191
6.0214
16.8258
18.6868
21.2285
6.08148
9.81876
32.1333
22.9471
44.8245
23.4583
1.03568
7.92285
26.4056
18.6815
63.1896
5.83817
1.61384
14.7509
8.61566
9.444
12.7454
0.0437302
13.0033
0.816779
10.8511
6.36287
9.04129
0
7.41772
11.1434
17.6165
7.45922
22.8567
2.08321
5.26466
0.0064859
9.84593
23.9709
7.71509
11.7969
16.3532
6.39022
17.6357
7.79984
16.3213
13.5922
2.38817
18.9186
18.1275
6.57115
29.2786
4.22193
11.5896
0
8.21136
1.80049e-05
7.97923
1.2095
0.976408
11.6331
0.363949
0.381817
15.6876
1.00221
8.24253
1.38512
9.24934
2.4415
1.14123
13.9283
0.0100784
0.000263015
0
0.000800239
0.0198639
12.1362
5.78385
19.1661
18.1016
27.7804
21.1187
7.34608
0.913675
0.456287
1.63157
10.2963
9.76599
1.26947
15.9486
9.2597
0.0200846
5.73101
0.427541
3.3068
1.59967
0.0206539
6.13441
0.913434
3.10098
16.6723
0.786037
0.911558
1.12031
0.881729
0
11.1595
27.6901
16.8352
0.00165492
2.77117
20.4386
9.89741
16.4184
14.2957
9.84584
20.2366
8.44036
9.40804
27.6075
11.6017
1.42167
29.9138
15.6126
12.2039
13.834
0
9.37896
10.081
13.0719
2.30269
9.13206
9.79977
100.616
10.3811
20.8546
9.42683
124.103
5.46606
2.94696
6.69738
8.41668
10.2342
11.9385
10.082
35.2732
5.08205
9.79562
7.48629
5.26967
4.9417
18.9214
22.9602
3.56365
0.766087
0.00545762
12.8307
11.6903
0.00634933
0
0.00408961
0.916117
8.92297
1.81207
0
0.00928917
0.10409
2.02427
0.522125
0.632765
8.70278
0.00992542
2.43748
6.87618
0
0
5.74809
5.31187
8.8276
0
1.52534
1.71883
0.15461
3.00167
0
4.53285
0
2.342
24.6386
6.09971
0
0
1.92133
0.000393401
0
0.0813495
0
20.3365
4.67939
14.2517
0.183447
6.64675
0.186754
20.8614
0.516019
8.00728
5.19133
8.3359
3.34261
12.8546
3.06439
1.44126
2.13534
5.92053
6.91513
1.16802
2.95217
11.0189
31.7357
28.0638
25.9622
9.5028
1.45363
3.1027
0.156037
3.18734
10.1621
7.67392
7.85379
3.11362
5.22293
5.58802
25.3642
0.943337
9.66077
16.0906
18.5469
18.3761
25.4601
11.9755
17.6099
6.57864
9.51418
23.6904
17.5485
16.7237
23.8447
14.7845
14.7092
0.716176
21.5776
2.21593
1.81888
2.06286e-05
0
3.3798
12.1645
0.180266
0.639108
1.26239
26.1449
33.829
6.64735
3.41321
6.16281
9.20861
18.6742
7.16323
3.97987
0
5.29827e-08
7.71715
8.88296
37.9949
9.09497
56.4364
32.2026
16.5282
17.0421
0.997686
0.0317948
2.95041
6.48819
38.1259
5.36594
5.53096
0.787449
18.9148
4.47962
2.03624
6.35998
5.37463
3.51181
0.0788853
33.5066
27.8041
7.97759
0.196444
7.61102
33.0294
0
0.728465
0.561925
0.329931
0.00553508
0.769853
17.3468
2.51096
3.13374
0.337638
0.00523117
0.000671191
8.00822
0.00662632
7.66184
3.88408
0.447927
10.2685
1.60277
0.145421
1.55528
3.23787
0.852288
0.277124
0.00263204
1.16915
0.834227
3.88506e-07
5.94936e-08
0.0501183
0.731329
1.83416
1.88189
3.97356
2.93621
0.00274643
1.84373
0.676634
15.6532
4.08915
9.21582
33.6316
7.08302
3.0774
4.64474
13.8841
4.51031
7.85826
18.5974
3.64477
0.769425
6.59547
1.09903
12.324
5.82865
4.09797
4.16124
3.13522
4.89279
0.219017
5.97985
23.6877
0
0
0.0517449
0.282524
1.67988e-08
0.870375
0.0481327
0.601704
0.0108407
0.00510954
0.0626898
4.99992
0.00200664
2.15414
0
4.11018
0
24.2085
2.60835
7.16058
3.62212
32.9831
15.3714
24.7888
0.846981
17.4775
32.9233
26.3695
0.904455
10.0799
33.3451
0.245019
0.897596
12.632
0.209329
34.5005
16.5387
14.4169
20.3538
12.532
4.21179
11.9528
0.639209
5.75735
0
6.23381
2.99333
0.935821
27.848
28.2623
0
17.4231
6.60415
7.29069
26.9828
0.762722
19.3083
23.9659
43.152
28.4041
22.6967
22.7532
2.98376
6.46579
18.3073
6.42246
3.21679
1.33581
15.0796
0.523951
1.53615
1.2531
5.2275
1.54359
2.00391
0.706744
0.116878
0.00861137
0.937455
0.99752
0.0203906
0.0845421
6.05449
0.629015
0.799358
0.0333555
4.18511e-07
0
0.580115
0.096977
0.237269
0.639824
0
0
0.00554477
0.794288
0.382888
0.220656
1.34527
0.63601
17.204
0.326747
7.74084
3.05259
2.94228
2.81194
1.82565
0
0.944086
0.335277
7.1431
0.0371175
1.05165
0.280845
11.6266
0.610958
4.11723
20.3791
22.2545
19.8022
7.85319
13.4643
41.7612
0.0484999
24.9479
17.1556
0.891745
0.0372315
15.4593
0
4.77302
17.348
0
1.39494
1.82
21.9644
0.430952
0
0
0
13.0753
0.0024156
0.0593012
0
4.63923e-06
13.0368
50.0397
38.8024
32.3431
9.42932e-08
40.37
16.6018
2.9286
23.5553
7.70128
15.8765
10.3989
0
0
30.5052
0.786682
0.00137293
0.469219
0.604272
0.541455
0.525008
22.1878
1.34024
1.01083
14.6362
0.0218378
0.0201963
0.0211584
9.07184e-06
11.7407
21.826
0
3.51611e-08
0
0
0
0
12.0748
0
1.9523
4.48803
2.18848
0.0665397
0.320483
0.011663
0
0
9.33325
5.04683
0.0676235
1.73218
0.123833
0.030906
21.0736
0.00161518
0
0
7.57762
0
0
0
1.18565
0.0120686
0.228141
0.944314
0
0.182032
0
27.7231
0.00484343
1.10619e-05
27.4538
0.509123
1.02499
0.00399778
0
0.0741808
0.00686548
1.70831e-05
0
0
3.05659e-05
5.5778e-07
0
0
22.4468
0
1.07056
0
0.68375
0.210761
0.606735
7.61454
0.102729
0.000189515
0.24083
0.174407
9.24254
24.2926
1.48241
2.00462
0.354008
0
0.690908
7.307
9.54857
2.47668
1.0466
0.267388
0.836212
30.6199
3.1211
6.16861e-06
0.264759
3.27451
0.31902
2.23644e-06
2.31524
0.332728
1.12607
0.704378
2.23774
2.31606
7.3832
0.22174
12.6747
1.78022
0.447162
0.00201488
0.67311
2.87725
9.61636
0.877877
0.805326
1.9013
17.3562
0.876441
0.426859
1.47052
0.254585
67.1568
0.911805
1.23828e-06
3.79269
0
0.000106434
3.342
34.5947
0
1.43178
14.5317
0
3.93118e-07
3.7486
0.0395801
0.0203311
0
0.0152675
0.838593
9.99474e-06
4.11634
3.60875
3.53486
0
18.6223
6.69386
0.67436
0.359985
2.251
0.565631
1.27065
19.4732
5.12886
7.46829
0
5.1001
13.1794
28.1087
11.4678
0
17.7797
12.9676
12.028
12.5304
0.644117
0.0585485
8.07055
1.77272
17.3735
2.09575
0.968878
16.8995
0.00194921
0.000502288
1.77586
0.0354962
13.6996
0.492623
0.951898
23.4356
30.0361
0.163568
20.6146
11.5418
7.54834
6.81517
2.12988
19.5154
16.3483
0.0292118
2.86027
21.852
14.0516
2.21256
1.98361
39.1158
14.3744
23.3363
20.6832
12.3581
24.7975
29.3688
25.5549
1.49782
25.3671
5.77108e-05
5.23671
22.7009
12.4693
7.37073
2.15367
1.44945
1.45647
0.506616
0.127728
0.0885604
0.122513
0
0.0126546
1.75015
5.0891
1.41406
0.003771
0.00179172
5.72283e-05
3.35258
0.275664
0
10.6474
55.7758
3.46091
0.0200623
1.60906
10.6679
0
2.20372
10.036
5.26828
11.1147
6.3899
29.2437
0.00665622
4.91108
0.890731
0.0151848
34.4851
0
0.542117
18.7043
1.23119
0.00151885
18.0969
1.44113
0.156104
0.979298
1.72977
26.1104
5.72303
0.0222136
9.33209
1.16993
2.82906
27.7203
13.9058
7.03754
23.0875
6.64306
7.76626
5.35802
2.41386
5.53704
2.57744
2.4554
0.0719873
1.58785e-06
1.59939
14.615
0.000234382
10.3121
14.1465
2.49153
11.3836
15.8863
11.6073
13.9636
0.00133891
1.91272
0.00166856
0.384072
0.574576
0
0
0.562255
0.0315851
0.00308504
0.189062
0
15.2455
14.3422
1.58924e-08
45.134
5.31187
2.20911
5.50785
14.6546
11.1942
0.119836
36.3846
6.72158
14.6232
15.986
5.14438
8.0536
2.85309
8.56963
1.36098
6.6593
7.57129
53.9867
4.92784
8.29435
5.29807
8.77755
3.00217
3.22141
1.25988
0.0274292
0.352966
1.46913
0.906945
0.0231956
13.7536
0.244051
3.14912e-08
23.9883
13.0737
12.5425
7.23523
9.30199
10.8317
0.918343
0.00451369
0.57813
0
7.87194e-06
15.7494
4.65552e-06
0
0
29.7005
21.5826
9.30632
5.01608
5.77953
1.62647
2.00153e-05
1.06405e-06
3.94184
1.61763
0.881134
1.49434
1.622
3.25435
2.84888
0.180414
9.09189
0.45738
1.4551
0.214549
8.1782
0.611129
4.23565
3.68183
3.95367
2.65082
0.462355
0.0538199
1.11928
1.26644
8.83747
0.00787386
0.360787
0.454697
21.6544
1.02033
0.31299
26.3032
0.961199
29.4365
0
3.81229e-06
16.6574
