3.62162
1.70837
1.80651
0
3.8645
4.08949
0.0102549
9.72831
0.908539
3.23686
22.3256
0.0289516
0.0623853
1.50746
5.72546
0
7.35288
14.3247
29.3177
15.8242
11.2941
0.496229
0.591214
0.025927
3.6552
5.66547
4.11319
5.96344
20.5835
0.0433321
0.999584
3.99355
3.575
0.309167
1.18941
0
1.96527
20.2936
6.83464
20.4959
9.98662
9.86683
1.9058
9.94367
1.71265
7.22195
1.55078
0.0505127
1.25425e-07
0
1.46964
0
8.7606
2.93455
1.08272
0.99377
12.1105
0.269088
0.010476
1.21924
2.45754
0.0400261
5.95715
9.54343
3.58032
0
2.81078
1.07248
0.977164
0
27.0766
0
0.00126773
0.889224
0.121001
1.46586
2.15449
0.392129
1.10561e-07
0.575668
1.92302
2.45709
0.00834348
0
31.0361
1.76396
13.2799
34.2206
21.275
6.86047
23.8745
16.3001
6.01185
12.613
14.5363
12.4537
15.0148
24.8878
1.59393
1.46677
5.81533
3.16677
11.6715
18.7178
8.39882
11.0654
19.692
8.39633
8.67397
14.9817
22.6411
16.125
14.4527
32.6745
21.5648
18.5484
3.16218
4.34487
5.55782
3.40256
3.72274
3.88202
2.76356
3.35285
0
1.15839
4.30014
0.728333
0
0
10.0008
0.193862
4.19082e-07
28.9597
0.099694
21.0996
29.0587
0.917501
1.1432
7.14732
0
0.212829
0.64449
3.6254
0.333669
0.016804
0
0
19.53
67.0691
1.99532
0.502879
0
0.880775
7.05095
2.26749
3.19727
4.27582
5.286
0.691385
11.3207
5.67565
22.2431
26.9233
1.09147
2.17392
6.86579
3.77148
3.64951
11.3376
28.8818
3.18808
5.26809
4.39358
0.573247
0.000418467
0.392417
2.08644
0
8.82879e-08
0
18.6459
0.0447232
0
18.1141
12.3002
8.67914
4.95374
7.78845
31.2671
24.1214
9.26309
6.84522
10.7501
2.14261
0
4.61702
7.54553
14.7895
8.64299
31.6167
77.5253
13.902
39.9399
26.8367
3.44132
23.4045
6.5316
61.3638
9.83192
28.1096
29.3351
1.65907
16.6233
13.1672
20.5495
1.98456
14.8773
13.2477
2.36647
0.693
1.41378
14.4078
2.32043
21.0244
18.9486
20.975
20.591
26.4601
0.0479112
0.318127
0.565967
14.7961
1.6051
2.91139
2.62398
2.18299
0.79471
2.61744
2.36857
1.77446
1.31352
0.394968
0.267248
0
0.453693
1.26037
0.0237716
1.08611
0
0.000259215
2.49653
0.535642
1.04649
0.044377
0.905178
2.50303e-05
0
0
0
0.500868
9.78054e-05
0.0663752
0.916511
0
0
0
0
0
0
2.04011
0.107594
28.6923
0.0841345
0.00705107
0.811744
0.164743
0.0576358
5.00988
0.624682
38.3762
0
1.28883
0.843069
0.00508323
0.257083
0.00717085
1.92177e-06
0
1.40933
0.989188
0
27.7848
0.093441
0.051195
0.488059
0.000166947
27.0609
4.2739
16.1894
12.2107
4.39386
6.50535
8.19229
2.37183
7.62692
7.93219e-06
5.07399
0.570713
2.99304
1.15597
2.99339
1.47965
2.59127
7.62696
9.53128
22.0244
4.7821
9.93209
6.85544
2.85961e-06
6.40923
3.16078
2.2219
5.20773
7.07896
1.0486
0.110273
0.0369773
0.759461
2.95697e-07
2.08221
0
6.05834
3.97695
6.67942
17.6713
0.842233
8.4467
2.84823
18.9306
3.3213
3.43727
0.188837
0.00205491
0.154479
1.07861
3.63944
8.7643
9.1279
0.461468
0
23.3303
2.48245
0
0.00752487
8.33569
12.573
0.41598
0.93829
2.69491
3.82798
0.0369741
5.44351
0.964197
2.89351e-07
0.0119
0.197869
4.18961
0.823368
2.17579
0.75652
3.03988
6.30877
3.68144
4.04282
3.93271e-06
7.15843
9.93138
9.35022
15.0596
14.3914
1.7982
8.10377
7.19838
2.03489
6.84863
12.936
11.6047
3.81347
17.1755
28.2139
18.3035
4.22217
13.8497
12.6046
14.418
12.1879
13.7608
19.1444
10.1212
18.948
7.87522
6.77117
10.0708
9.21715
8.34365
9.79177
4.79204
10.7009
7.56232
26.025
1.65784
4.23677
3.62877
9.11101
38.7186
12.134
11.6868
1.48725
1.68518
21.3952
23.0045
25.7206
21.3817
29.9572
9.20925
38.432
27.6457
10.3041
27.1183
28.3444
41.0116
20.5285
13.5643
12.1668
25.1339
0.0773225
31.5549
39.7538
42.7863
21.1535
6.94503
7.65254
10.1215
0.251118
2.51075
0.735701
4.42476
4.90138
21.2975
1.58003
5.16275
24.5015
16.9308
3.71418
10.8556
16.7174
6.24098
8.09782
11.1022
2.39501
2.56193
3.148e-08
9.18114
0.825427
35.2118
1.46557
2.33744
1.90444
5.81325e-06
1.0842
0.968909
5.7223e-07
1.19405
0.0436525
0.231168
2.33564
0.983545
5.84498
17.1316
4.09067
0.716183
13.5086
13.2431
3.72354
4.80174
17.531
8.24057
15.0085
23.173
14.9174
9.55728
3.55478
1.52356
11.0786
0.0507294
0
0.532293
1.43172e-05
19.2043
27.9815
8.66994
5.74646
9.3931
14.4538
12.4194
4.17274
0
7.05656
8.09809
2.81144
0.10322
3.56152
4.28843
6.52735
9.61167
12.9682
3.17914
0.64251
3.5987
16.2403
3.53208
0
0
8.96495
0
8.68834
0
2.45109
0.990877
2.62825
1.10817
2.20766
0.129134
1.52277
0
1.64817e-07
1.45001
26.6693
2.22138
0.00163582
4.77227
0.922038
0.393406
3.62804
23.4906
28.8364
30.1517
14.4089
10.8673
12.2112
0.20423
24.2027
0
16.6534
9.4938
8.31215
6.39769
4.60872
2.68329
1.85903
0
14.8391
0
3.06911
11.0708
0.32831
10.9776
15.7551
4.82305
19.3388
3.11438
3.28909
1.40043
5.32243
11.719
20.036
39.0858
5.3019
0.32629
2.05562
1.1524e-05
22.265
13.1904
0.52072
3.55645
1.54692
8.74331
0.113145
0.00184704
0.194822
1.12565
0
1.45418
1.05839
7.68343
0.0781136
0.362973
3.37012
3.14625
4.13724
3.21359
0.0130168
0.984405
7.18175
0.000241081
0.85967
1.42749e-07
1.13558
0.000119278
0
4.83507
13.6858
45.1751
0.00365663
1.15223
0.230997
11.3136
0.0141609
6.79451
5.12921
1.00825
2.20392
3.64401
6.64792e-06
0.556449
22.3439
2.2726
0.00463448
0.00301351
0.0639722
0
1.51218
7.51778
0.00632162
4.11954
17.8277
4.64974
2.98723
4.55827
3.51665
14.5179
15.2994
0
0
0
0.000918833
32.6933
26.6572
0.553818
16.3537
0
17.5703
34.9504
14.1956
10.5875
0.529459
1.85795
2.04323
0
0
0
1.64379
0
8.80249
8.97167
2.14184
1.85889
4.21325
2.49885
19.2426
3.53379
19.7651
17.7309
0.991211
5.88756
1.04394
7.6571
17.2402
0.221806
6.49161e-06
6.28688
12.9656
1.31983
7.5163
0.866503
1.02178
12.0915
26.0656
15.929
14.1999
11.321
25.7168
13.3449
0.622423
1.53691
0.79989
0
0
0.864325
0.610479
0.655372
5.60806e-06
0
13.7811
2.78299
0.823151
1.76961
0.00283525
5.08462
6.69078
0.0206141
8.79829
1.52477
5.91923
1.92529
7.10695
7.57
28.0274
20.3613
6.31356
5.15364
11.8832
11.1327
0
3.45931
13.6843
1.64816
1.26618
18.5429
2.02503
47.7318
79.2612
6.7071
38.4572
45.4728
21.8378
5.04321
0.324628
0
22.2862
51.9127
0.000405899
0.013946
0.379652
1.39675
19.6854
1.21611
0.0164402
0.538146
0.250766
0.744932
0.924851
13.4479
21.8158
8.39415
0.257154
0
0
1.07936
11.0127
24.3877
2.82531e-05
2.17589
45.9476
0.719369
14.4478
2.24253
11.753
13.5278
21.0357
17.0843
2.26752
2.85328
2.11519
0.634397
0
0
0
0
2.22205
0.0149888
0.000806984
0.000185064
3.8201
12.9265
4.13316
15.4837
5.02104
6.23248
5.74474
1.28916
0.546739
1.0575
0
5.47852
0.781305
4.95769
5.91244
29.0702
4.05792
12.9605
0.964683
0
4.84509
0
13.1593
0
0.228464
1.51073
8.71879
12.6261
6.35419
21.4157
10.0092
8.51917
0.158771
0.000323015
1.57613
42.1095
2.61617
1.55349e-06
0
0.000174036
0.0898153
2.45833
15.9092
0.4755
1.47711
3.46788
9.66529
10.0708
2.11452
9.29862
6.20932
19.5724
0.00314914
0
10.2001
9.28349
19.5661
9.6542
0.136223
0.000809415
0.128979
3.33589
4.22734
20.3457
15.9576
0
5.38201
13.7544
12.3236
0
13.9008
2.70714
0.000104729
9.26379
3.12484e-05
0.92583
9.09586
0
0.0505873
0
2.10056
1.27611e-05
0.871218
0.129215
3.10878
2.29894
0
0.123045
10.7518
0
22.3646
0.0309601
7.87551
0
0
0.0172948
0
22.2686
0.000199549
1.12493
4.61929
6.93514
7.63982
24.4104
6.70812e-08
20.0637
10.464
2.23683
3.82001
2.67896
9.2419
1.21057
9.72195
12.8037
6.67842
5.19425
9.0505
7.43616
19.6151
21.0996
35.8404
1.23414
8.85441
2.60089
3.79727
13.6614
0.542518
10.6549
2.21774
3.69839
4.04614
2.65498
4.11595
0.209643
1.02352
0.100584
0.978027
0.733636
4.05043
12.2182
25.5033
21.8845
0.97086
0.307326
0.0198133
13.8734
11.5935
0
11.1734
3.35481
8.87447
0.194424
0.551964
2.37541
6.78696
0.497351
17.7803
7.47445
0
0
24.2445
0
0.65173
3.21506
2.00851
3.69463
0
13.6502
6.69353
1.18467
4.39713
4.61883
6.04726
1.01217e-07
6.15934e-05
2.75893
0
0.0136301
0.941347
2.27854
12.0145
34.8029
15.0258
0.00119191
0.983828
0.996703
4.78549e-07
22.4448
8.64383
13.16
18.263
2.96105
17.5512
11.4231
0
0.0713247
0.841067
0.857591
3.66466
2.03149
4.00658
0.105356
0.0184717
18.2676
0
20.0769
5.94761
0.847712
0
0.893209
0
0
6.45124
31.2642
0.904813
14.9688
11.7496
0
0.568253
0
0.84877
2.3156
0.481586
3.12918
0.00892172
0
0.972752
4.03623
0.503571
0.0703037
14.1217
3.75105
2.493
10.7782
0.677752
0.0111577
0.682784
11.3896
9.13113
3.7598
0.277544
0.00665271
2.27818
0.0548389
11.4151
2.42312e-08
0
16.0964
4.35493
0.800492
0.00176968
18.678
1.94971
0.496249
3.37023
0
11.5823
0
0.288051
1.19421
19.3654
0
28.6218
1.69362
0.905668
0
8.40428
6.51488
9.41943
11.3223
9.41211
1.6835
36.7728
3.05063
0.0477226
0
0.82155
22.0704
18.018
5.97165
6.38913
0.032954
1.40359
0
15.5955
32.1239
21.5009
12.5686
13.0212
9.5711
18.523
15.9056
8.12908
24.3383
2.14767
13.9036
20.154
16.4258
0
0
18.2891
7.74271
1.66887
4.28197
3.80525
0
12.4457
18.3558
7.44543
0.662159
28.4637
16.7617
23.5252
12.5489
8.7183
7.30823
14.7798
16.5756
19.9539
0.761388
0
0
15.9821
28.7613
22.7365
18.3088
28.7069
38.2411
37.0567
26.1045
29.9837
58.6142
47.0532
32.1253
2.70036
2.58506
0.934144
0.776784
0.00543863
0.0347714
2.86416
1.15
1.63026
1.1752
7.69686
0.979588
1.99197
11.8225
12.7087
2.70067
2.5359
9.96061
5.80275
0.897861
0.91318
4.7547
6.02108
11.7001
12.0617
0.000654047
27.9235
30.3682
18.3791
32.2273
20.4176
16.4891
0.0464393
0.626334
0.0608511
11.8807
7.11969
2.12503
3.05978
11.5565
1.13221
1.58675e-07
0.00115197
0
0
33.5012
0
31.3776
0
37.2948
34.7715
0.0114089
0
0
31.8948
31.335
18.3381
12.8944
1.83714
0
40.7495
24.8135
2.42308
1.7757
8.76319
36.6409
40.2579
0
13.5515
33.4465
2.36771
20.4422
0
0.000951175
31.3048
2.19608e-05
0
0.815133
0
0
47.8509
0
1.19782
6.96716
28.2343
19.0847
20.2624
3.0569
18.0139
0
15.9782
0.315757
29.6986
37.0485
0
16.9651
10.693
17.2906
1.50011
1.61003
0.974815
17.6415
14.3402
5.16578
11.4995
0
33.166
9.99061
15.2963
0.230179
22.3621
7.83582
26.7918
38.338
0.00203643
3.36337e-07
0.00353863
22.0741
0.131007
30.7953
0.000781049
0.13025
0
1.52597e-07
35.0913
0
0
0
37.0538
0.0585595
57.0948
35.3511
3.06554
18.8104
0.633048
16.3311
10.045
46.292
0
0
0.00459488
0
0
1.54148e-05
0.606462
0.165886
8.50504
3.55056
0.345719
25.5918
16.209
2.50026
15.0191
17.8542
0.0538345
25.9787
21.5124
22.3645
21.6125
30.9366
29.2446
12.0231
0.0514571
19.3668
22.116
40.4399
12.6155
20.7786
3.6233
32.9292
15.7666
0
25.1442
2.35965e-05
0.841638
23.9275
0.00351473
1.30169
0
5.23177e-08
0
0
0
0.348268
8.44686
2.34341
0.929775
0.0497717
9.32373e-05
0
3.41006e-06
0.00122684
0.364227
1.39517
0.00392533
51.7132
1.41345
37.6256
8.67938
0.505601
2.09778
10.1407
22.0665
0
0
26.1268
17.039
47.3156
34.4856
0.738826
0.49829
0
1.77342
26.901
32.0235
0.366533
0.000156633
0.169847
0
40.728
12.1249
18.7974
17.7728
0
2.42236
0.551845
0.859447
1.06162e-05
0
12.1237
0
0
0.644013
17.6071
59.1878
2.30663
1.78236
25.3006
2.93504
8.87229
16.1241
3.25152
12.3685
1.11734
1.26446
7.28989e-05
0.809991
1.87319
4.41219
9.85649
0.0519068
5.07814
1.73714
0
0
5.17
0.932691
0
0.378417
0
9.0378
12.7228
0.763386
7.94133
0.0300375
9.86971
1.70464
3.48223
2.79971
0
0.0234595
0.696252
30.3519
19.4822
24.6543
27.9374
12.381
11.6657
1.19811
7.35449
12.6347
0
5.73345
0
0.605551
0.015682
7.72835
3.13134
0.876564
0.948214
0.945653
0.880684
0.636213
3.94974
4.18167
8.66004
9.36109
0.120405
0.962593
0.00257807
0.0263311
2.95816
12.7409
0.434372
0
6.11709
4.23488
5.04924
1.53142
1.90665
1.31265
5.98362
0.397316
0
8.07032
0.479682
21.109
0.0260206
2.59546
28.7677
23.486
1.04281
2.30978
7.00185
18.2503
2.61397
27.8889
2.57891
2.1031
1.12606
1.19883
0.117675
6.19611
5.36174
10.6631
11.3533
6.151
2.94438
5.98279
6.88142
8.14641
11.6051
2.9758
0.00199952
0.000430827
0.0198294
1.89355
1.32306
1.18286
8.34715
0.138182
16.9355
0
0.776152
0.41291
2.64555
1.02584
8.74467
1.52235
4.14047
23.5236
20.9563
2.82014
12.1337
3.27133
0.119192
1.26414
28.3197
14.5014
8.9828
7.23011
0
0
11.449
5.72299
0.788202
0.456083
7.01904
0.30783
0
1.57316
0
0
0.988963
0.744016
4.36044
0.0549088
1.58308
0.222075
62.412
3.74442
0.059262
0.132409
17.4704
0.985274
5.05802
24.0551
0.0274125
6.78188
19.2138
2.57928
0.000228123
51.0841
0.117678
0.273396
4.5449
9.47411e-05
0.797611
0
0
2.1887
15.6703
0.231551
0.973803
1.27433e-05
0.340744
0.997547
18.1393
0.873788
0.745367
7.61451e-08
0.581565
2.04329
0.7854
0
15.0679
0.0875518
6.63642
0
1.62354
9.77563
1.9695
0
5.7272
3.10639
1.05358
5.15081e-07
10.7927
7.2058
1.808
26.2846
11.1901
8.10668
1.63355e-06
0.619296
0
2.38248
0
3.98684
1.73983
3.213
2.26454
32.7465
13.3436
0
2.14049
1.93563
0.164013
0.929775
0.0502566
6.89706
0.888846
0.0144563
1.88592
0.145944
1.40034
1.29439
0.153389
0.0477794
0.167264
0
0
0.0223149
2.89647
6.63985e-07
0
3.17042e-05
0.683948
0.195341
0
0
0
0
0.235084
20.0778
0.797307
0.751208
16.7089
0.922426
0
38.7338
1.40624
8.97606
0.00104022
2.45722
2.70092
0.250656
0.346289
2.22253
0
0
1.00578
0.738279
0.833161
0.0062048
4.48597
0
0.583929
22.868
1.026
0
14.2665
0.03299
0
0.392017
0.0342027
7.41573
3.10927e-07
7.14675e-05
0.00862931
0.0139094
0
0.00112927
8.07649
0
0.320426
7.11767
0.769039
6.79829e-07
0.035774
0.0133725
0
1.07405
0
7.18593
1.25994
8.32607
0
0.00189733
6.19399e-06
0
0
0.0736224
0
0
0
28.3606
0
22.4737
0.92061
18.02
21.6972
0
12.4074
16.8976
12.0417
2.10786
0
1.22695
1.98481
20.3762
0.192553
1.1954
0.938953
0
0.0426336
22.8542
28.5756
0.00932757
0
12.3444
2.61909
1.18446
4.76725
3.1765
17.6435
16.4472
35.523
0
1.88211
15.7543
0
21.8576
17.3398
31.3474
13.8603
5.57948
9.8838
12.2224
21.1994
5.70329
13.6839
10.1895
18.6897
8.96089
1.43913
3.9089
4.09253
0
0.0317072
0.141719
0.00367425
4.25936
12.4051
2.81325
0
3.59568
0.00824799
0.186768
3.13669
2.02304
2.81459
2.27867
3.10788
2.90225
4.17992
8.4077
10.3549
7.57064
0.0129708
0.0188154
6.70548
7.13374
3.70782
0.00213592
0
0
4.87523
0
0.0875222
0
0
1.49705
0.505245
8.81393e-07
0.000795995
0.132847
0.463915
0.184858
0.80065
0.00119362
0.610231
1.10988
0.00261825
0
0
0
0
0.769352
0.00313122
0.00444853
0.000492419
0.0109215
1.61122
0
2.93095
0
0
0
0
0.00321837
30.2612
0.0118263
1.97565
0
0
0
40.0369
0.230384
0.916036
0.00299135
0.297866
0.0600753
28.946
0.849207
1.13969
2.06573
0
0
3.6716
0.00310698
8.31798
0
1.2892
0.787917
4.25936
5.78786
0.993498
9.03591
8.07779
6.37092
3.71856
4.21653
3.19036
3.0626
10.4031
12.6303
5.90827
11.5778
0.867326
1.89515
13.0233
8.32008
11.007
11.4524
19.822
7.88327
6.22509
7.68402
10.1355
29.2062
8.64949
8.49088
6.62462
9.54519
24.5699
16.6835
0
21.7851
0
25.0307
10.5131
15.9871
18.8872
6.88151
12.5135
11.3153
10.7496
0.947487
13.5603
16.8731
8.26499
10.6724
18.1455
20.3019
19.1046
12.9064
8.65333
9.14246
8.53456
11.0282
0
7.84258
8.83758
6.04875
0.431441
10.0808
6.77656
2.57022
2.61621
2.12365
0.00555028
1.97358
1.24506
5.4052
3.57807
4.54818
1.06786
0.273575
1.21798
0.587351
0.834557
1.08587
17.1561
1.62112
0.232345
0.529316
13.3853
0
0.0202117
3.49748
1.8877
0.487293
0
4.8516
0
1.88318
0
1.12349
2.20603
1.5829
0.844679
3.40598
19.4179
3.96306
23.0517
8.86104
2.88541
18.0993
11.7701
7.48957
19.8794
9.80937
25.5729
22.8554
21.7159
11.6994
0
19.8937
19.3488
16.6517
0
27.7322
0
24.0826
20.557
0.231757
18.7624
9.33555
13.3131
0.830669
21.7122
0.0146674
0.480706
7.2463
3.76562
2.26373
0.000531986
3.11815
1.24525
1.42544
0.982876
2.70833
0
0.326257
33.308
0
0.0155881
0
0
0
2.88065e-05
0.000359823
0.463508
15.6319
0.00623167
0
0.0235042
0.0303281
18.6241
36.2955
1.20497e-05
0
8.94692
6.46368
0
5.25217
0
4.43429
0
0.160765
2.6214
1.29246
0.883079
27.7065
1.61459
10.3125
0.219374
1.40139
0
0
0
23.6637
0.540646
0
0.924199
17.0904
0.805477
5.55587
13.8457
36.8273
21.7448
18.7759
16.0455
1.92253
3.46962
13.8768
4.14896
1.47073
10.3221
0.0866972
0
3.54852
2.90349
2.2656
0.538289
28.6688
0.632715
1.65416
6.79683
29.9617
16.8042
4.97648
2.24883
7.33084
13.7235
9.64653
6.35525
8.40303
1.32124
5.27026e-06
0.0032595
0.0147475
0.825945
0.00193701
4.40814
37.2354
32.3128
17.0736
0.429037
14.1141
11.3608
0.507086
21.7699
6.83214
31.9024
3.22986
2.07585
0.793321
44.1531
29.1246
2.72088
16.7945
16.9024
1.27789
3.70495e-07
0.0763228
0.000910941
0.769385
0.795583
0.00356987
1.54719e-05
2.98345
10.3695
14.1856
2.22971
33.6739
0.0355591
0.0470057
0.01269
3.49259e-05
1.0334
0.0363749
0
0
2.58823
0.194092
0.265004
19.0585
2.3826
12.3094
6.12341
7.95426
0
0.00116796
2.00833
12.0457
0
5.61666
1.08892
4.87178
0.040067
41.598
21.1732
0.138817
3.42791
12.1455
0.0425316
0.247757
1.53511
0.109546
0.0779505
0
39.5717
0
71.7299
37.4369
19.82
0
0
0
0
0
15.2141
5.34065
36.8143
0
9.08369
11.5794
16.2536
5.42152
5.8843
5.48324
3.76914
0
0.0272856
0.759917
0.0446906
0.0736632
4.43243
0
0
0
0
0.00275466
0.840074
0
0
0
0
1.28315
1.98513
0
0
12.013
0
0
0
0
0
2.14922
29.1703
0
1.5692
0.268254
0
0
0.800646
0
7.11776
5.04864
8.29202
5.71704
7.14688
0.49911
3.89091
1.50818
7.81538
25.7237
18.0068
4.39968
51.2403
30.334
37.7872
18.7942
22.199
46.983
22.2452
12.7956
19.6796
10.2984
11.9614
8.65315
19.6337
5.93599
9.56309
3.06477
13.5571
14.2353
9.09579
16.2229
6.62972
6.33352
18.4781
27.2228
9.27882
0.94297
3.92493
1.00641
0.788662
0
0.420576
0
0
22.2267
22.2546
0.0179949
5.60979
0.307767
12.2374
6.40733e-05
0
7.62467
0.00411257
15.1244
3.71197
0
0.000248499
5.59599
15.499
1.33964
14.9273
16.2533
17.4663
17.107
0.00048706
17.2344
0
14.6962
19.9106
15.6045
36.1674
7.87413
10.4152
12.5864
8.3208
5.0836
7.70579
24.8462
21.2584
8.2649
1.24373
4.36503
1.30379
6.13892
7.97538
7.48589
20.8
13.2575
21.9523
28.0702
22.7243
16.3888
12.5814
7.31269
13.4042
17.2357
13.3923
12.063
17.5316
22.5597
0
0
0.887476
1.33724
6.81792
7.48168
6.4444
5.10573
5.08243
10.7639
9.44497
8.47007
17.4777
1.83192
19.8871
17.9242
9.74457
5.32206
1.8688
2.42962
9.11397
2.16359
15.3879
5.67267
5.35741
5.38008
4.15227
3.17976
2.82927
8.15669
37.6255
7.98976
13.4499
10.7986
13.5237
10.4227
9.94643
20.2387
7.46502
6.61132
40.7317
4.31718
1.64046
0
1.59719
0
8.9863
11.5631
8.93873
15.9492
0.0971469
14.4748
13.0697
19.4515
15.9079
13.5432
16.1014
16.41
28.6776
0
0
0
41.2613
26.8826
26.5871
0.377641
27.6025
2.44189
6.44497
0.242314
4.37662
0.0172222
6.09068
28.4634
0.0109501
4.11842
81.8113
37.8852
15.5776
8.57732
9.24927e-05
33.4994
7.43372
24.9749
14.4518
13.9518
24.4277
27.0737
31.3424
28.4837
7.2387
16.9206
11.4105
24.8708
12.4304
10.6989
19.9955
11.6327
15.6671
11.0514
15.5265
4.0341
21.9118
7.54009
17.6666
22.5798
12.4893
25.2326
20.5391
18.1279
16.6943
0
18.2208
0
9.0167
10.7436
20.8826
19.0518
17.2542
7.0929
20.4687
13.6994
14.4186
15.3929
11.0803
8.66267
2.68887
18.7423
7.44548
8.16896
12.61
7.67044
5.8467
8.05398
9.34865
6.58514
0
9.10748
11.1131
23.0487
3.3829
19.1497
1.439e-06
0.595378
1.0414e-08
18.2332
23.2926
13.0859
0.90269
17.1999
10.035
12.3165
20.2704
6.48992
9.31618
8.4305
25.2465
5.01579
1.98587
2.20651
21.1831
12.7422
5.79079
0.413343
2.63261
1.3047
0.197419
1.84926
0.145645
0.677527
1.06681
4.31024
1.34456
2.51158
0.738701
7.40884
0.0666044
2.70932
0.860417
1.38042e-05
0.891699
0.749804
1.12163
0
0.610986
0.268191
0.101559
1.90335
0.0253098
0
0.157539
8.30287
0.346777
0.0313313
5.41214
0.263558
12.4416
0
0
3.56627e-07
0
0.317921
0
3.12867
0
11.1286
0.0444928
7.67857
0.971257
7.09208
0.944575
0.887243
18.0922
0.964134
22.4446
5.26787
8.97972
0.0400065
23.3173
0
8.22776e-05
0
0.0255452
5.06264
14.9382
0.805652
0.966517
15.5586
0.0344766
0.172732
1.91024
0
1.62852
0
0.505329
0.00181752
0.0511083
0.11787
2.40553
0
6.47053
1.91076
0
6.24166
12.4604
0.323405
8.29306
0.00201975
18.4344
14.7553
9.58198
8.33378
5.25578e-06
0
0
5.89099
5.7002
0
0.306655
0.0485078
2.17953
0
0
0
0
0
0.796072
1.02802
0
2.11767
0
0.604553
0
1.30941
0
0.029834
0
0
0.713463
0
0
0
0
0
0
0.600332
21.7497
26.8382
32.1315
12.9188
24.209
3.58895
6.89913
6.51146e-07
0
0.378537
0.972392
19.2879
0.507884
3.43598
0
1.82126
33.0784
50.792
31.1847
12.445
11.8681
11.2026
20.7954
34.8315
4.06352
1.97501
10.9164
1.35277
9.84232
7.18653
6.07757
25.0189
18.9151
5.13028
15.5274
0.723681
7.94845
2.87054
13.0013
0.0132799
30.5058
37.2551
0.133631
3.20176e-05
0.914004
0.876598
0
1.69964
0
0.0495367
0
0
0
11.8717
0
10.9091
2.31387
15.7037
1.28367
2.47864
18.0135
17.4006
13.1895
0.748696
0
14.6032
19.8357
14.3808
26.26
33.8992
26.4459
24.8928
1.32376e-08
13.8399
0.0288978
14.4193
22.1853
15.3149
6.01863
0.186706
15.8514
12.5592
36.7068
5.02751
35.9435
41.4434
9.09443
5.55639
23.8027
22.6033
5.11315
17.2157
0.0137142
5.52294
28.2797
0.372441
1.31762
29.6435
0.0434779
19.8215
3.02805
0.0919733
1.10875
0.0088711
15.1531
0
29.799
40.9607
20.7416
7.73483
9.04176
11.2095
4.16752
3.62844
1.10772e-05
0.974329
5.97073
6.2975
16.7844
24.6678
32.6029
21.7586
26.8117
15.7189
17.2934
13.3933
1.74447
15.3365
0
0
2.11974e-07
16.773
1.40995
8.36731
26.1547
0.678126
1.1185
0.914459
4.04018e-07
0.0069329
0.0404647
1.62129
0.213497
0
0.436512
1.97492
15.0075
0.697474
0.561819
8.10932
9.52727
0.0115532
20.7825
1.86205
2.75014
0.00623158
5.0136
0.0644443
1.99029
3.20708
0.0320727
0
0.917078
0
0.987324
0
0.000635765
0
0.000403471
0.71664
0.00548231
0.609818
0
0.317748
1.9605
0.242857
1.49752
7.1747
5.82532
3.84429
0.00398496
0.456802
7.05893
0
0.198615
0
7.56209e-06
17.6587
0.0207869
31.2451
12.6615
26.5412
7.50407
10.665
2.34831
10.3677
2.3585
11.5657
11.4812
1.86971
9.10098
5.76571
0.0434614
0
5.15612
0
6.24269
5.74516
26.3484
5.12103
20.9917
25.141
0.0122424
26.4112
6.1658
15.4953
9.58943
0.408738
10.5954
0.114323
20.3305
6.43193
0.874987
14.4165
5.00364
4.12368
0
0.000316223
0.802241
0.433322
1.66973
4.45087
10.1814
0.00685806
10.6704
6.75602
37.3459
34.1118
14.7752
39.629
18.4114
14.1273
15.5022
41.203
35.3877
27.2601
10.6859
9.91799
18.6695
0.0165006
6.06579
7.08836
10.3392
9.52748
7.70362
4.68152
6.83871
10.1156
13.0203
15.5786
9.86233
12.4263
13.3753
8.07309
13.1558
18.0219
8.56956
10.9184
9.19701
0
4.38075
7.96821
2.41786
6.13563
15.0727
0.443986
11.9388
11.5728
15.2502
0
0
14.0633
6.50836
13.8822
15.2347
3.10711
16.4519
17.7659
2.25789
18.3187
19.2019
9.98349
3.09327
18.451
31.1688
30.4185
17.256
37.7616
26.7036
25.6535
24.1796
35.9639
30.1313
3.68658
25.591
25.912
33.33
16.7921
26.9522
23.826
37.0096
33.6244
0
43.4663
29.7418
34.9174
0
6.08967
25.8866
23.2584
21.9016
6.32184
22.4176
22.8176
1.31834
0
2.25452
0.745042
26.1823
0.296305
19.1817
29.321
26.4891
28.1679
35.482
0.582583
36.2815
0
34.0839
30.6367
31.8638
31.7495
19.4168
47.6814
63.1575
14.2564
34.7159
24.3773
17.8783
26.4376
0.00948489
22.2592
9.23054
32.1739
0.00243377
9.48362
7.55606
18.5841
7.00164
4.2663
21.2159
14.9361
0
5.37676
4.01352
5.69814
17.4405
17.9252
5.41509e-05
4.04339
7.40749
4.58875
3.17683
1.73447
0.0320027
1.79173
2.22492
19.9185
3.78461
19.9718
8.18248
10.7133
20.8373
2.48028
12.4027
41.2556
0.000592043
2.21614
3.16339
9.33215
3.22164e-07
34.1506
14.0599
8.63032
6.48296
10.9103
14.1973
14.3245
18.9455
14.8236
13.0703
11.6131
13.0427
17.2378
15.2758
2.62431
17.897
26.6503
0
35.0217
9.48322
36.6399
5.28984
1.07545
32.048
6.67531
24.8448
18.1758
15.3367
24.5751
15.6699
20.6653
20.8016
29.4067
7.2715
6.34462
27.3924
22.6178
41.3674
17.5754
0.304043
10.8007
21.6852
17.1041
62.204
13.4061
7.87688
19.107
40.8724
10.6284
11.9834
0.0662209
10.6078
2.76294
13.2781
21.2342
6.86767
0.000288822
4.29937
9.65361
15.2207
12.2499
25.7856
5.89772
9.54809
0.652101
8.1297
22.5111
6.81608
10.1287
15.4155
7.31092
17.8105
6.25438
13.8894
9.0956
0.951493
21.2706
12.564
5.22075
22.2052
4.98513
8.35986
0
5.79414
0.0597319
4.07741
0.525487
0.71673
5.63089
1.18365
0.0709505
17.995
2.20617
9.17593
0.0713747
10.6553
3.38795
0.0459408
11.0656
0
0.0368675
0.0542317
0.105268
0
9.47228
6.92388
32.2585
13.7541
17.8633
13.293
13.7459
1.09618
1.68738
3.04435
14.59
10.6999
9.80475e-05
10.3586
14.9049
0.605676
6.75442
0.79769
3.25933
4.42382
0.0238927
6.21262
0.00151994
2.24208
19.8372
0.52961
0.994096
0.195215
0.000735849
0.441962
8.93081
17.5409
11.3911
0
3.50392
19.293
13.2708
14.2671
12.4018
13.215
11.8049
11.4598
7.45645
34.1296
7.86145
0
25.9687
13.7865
7.58642
11.3199
0
15.654
9.45205
18.2478
2.75023
6.64531
10.6697
110.058
6.33584
11.9992
8.87095
154.9
8.55683
7.40569
4.05649
7.36734
6.41295
13.3584
8.10323
35.3012
5.74657
7.64067
6.23729
6.31888
6.08652
26.2475
23.6548
8.87644
0.00573553
0.0115195
11.807
11.4018
0.582002
0.0196005
0
0.219077
4.00228
2.8165
0.838153
0.728314
0.0174679
1.6964
7.69489e-07
0
9.05167
0
3.8712
8.11181
0
0
3.78268
3.86519
9.88925
0
0.253045
2.33223
0.987512
0.602121
0.227089
3.17343
0
2.17841
17.8937
3.24956
0
0.00037442
1.78376
0
0
0
0
23.0815
3.96037
15.3474
1.9316
7.25887
0.457622
22.0081
3.1585
7.25763
4.1598
6.25825
9.044
6.39882
1.87992
2.16486
3.6097
3.90539
3.93544
0.422444
0.684644
8.54773
47.6464
28.8671
24.4927
10.0832
1.04229
0.784734
0.879754
2.56242
8.00481
7.64774
8.17532
4.83689
4.22181
4.96183
32.3249
0
10.3065
15.2367
18.0305
19.2871
22.2389
15.3684
12.1972
13.3354
9.44382
21.8457
17.5343
27.153
23.1908
15.4
17.0481
1.7476
11.9167
8.29399
0.703985
0
0
3.08383
7.29963
2.01465
0.0690793
2.65468
19.6737
26.3074
1.40844
6.25412
8.5489
3.56059
14.814
4.09137
5.88906
0.00562558
1.6842e-07
8.13077
10.3712
21.6098
7.82179
44.7995
16.4364
13.2535
14.744
1.35466
1.11142
1.85793
11.0685
39.2088
2.16468
3.35556
1.91579
10.7916
7.27222
1.8989
14.0855
1.91927
5.04109
0.471665
38.6928
46.152
10.6036
0.00789333
12.4111
40.9572
2.48801e-07
0.0254586
0.55062
9.84264e-05
1.6976e-05
0.0754954
21.6306
0.786205
6.78337
0
0.0130239
0.03325
4.69604
0.00916994
6.26958
4.86068
0.838146
11.7188
2.39124e-08
0.000834128
0.229685
3.42026
1.87605
0.758723
1.6575
6.57027e-06
8.09693e-06
0.0186351
0.000783083
0.011579
1.27244
0.516517
2.20177
3.62802
2.54052
0.0163859
3.42435
2.77283e-05
19.5204
3.78798
4.11936
23.5243
7.31524
4.187
9.00185
15.2288
11.1554
4.59947
14.7181
2.8767
0.448412
6.92285
1.4057
13.083
2.34235
4.58095
1.92626
4.09209
3.76791
2.51434
3.09726
21.0606
0
0
0.0302484
0.308908
0.0009131
0.47749
0.224778
0.12445
0.0947175
0.0978929
0.0623771
4.86834
2.30623e-07
1.41529
1.1092e-07
2.4939
0
26.3252
2.53313
6.23527
5.9321
27.0206
16.3991
21.9061
1.77839
23.826
33.7736
24.5208
1.10157
10.6534
35.8571
1.23208
3.19795
9.48765
0.740161
41.2766
23.8103
18.3113
18.1949
20.0349
2.21498
12.1995
0
3.84911
0
9.20621
0.172179
5.30007e-06
26.6665
18.381
4.3535e-08
15.1254
16.3676
8.48359
16.6305
0.0775942
13.8126
25.3769
43.8089
27.5517
10.0463
16.4763
5.94214
6.92735
12.3463
1.61481
1.55721
4.12827
8.53918
0.203677
0.988257
0.782922
0.36674
2.09553
1.92392
0.154844
0.840789
0.00986874
0
1.48939
1.26678
2.31412
7.6534
0.0654034
2.31838
0.550697
0.788804
0.737639
1.28933
0
0.608243
0.16289
0.116719
1.39007
0.0118513
0
0.20668
0.263503
0.0479452
3.91
8.46093
0.995756
13.8882
4.79554
3.50407
1.67696
1.65028
0
0.470418
0.0349216
11.6896
1.61881
1.95148
2.9013
14.2401
0.153611
5.06991
29.4399
19.8306
9.99418
7.31829
8.33776
28.9716
0.495173
21.8851
10.3015
0.00228017
0.232694
10.8812
0
1.35998
21.6355
0
5.45617
0.182928
31.29
2.21508
0
0.000688875
0.0316469
11.4025
0
0
1.10009e-07
0
13.1154
61.1495
31.7066
27.379
0.995398
27.4877
13.2878
1.5972
13.3456
9.72933
11.8521
4.1629
0.0030293
0
30.6734
1.30575
0
0.000546214
0.00528627
0.177869
2.48842e-05
25.9511
0.366457
1.22009
17.9821
0.177256
0.0170458
1.82535e-05
0
8.97508
31.1711
6.02697e-05
3.40808e-08
0
4.59444e-06
0.000211338
0
12.0938
0
1.2412
7.21669
0.00303883
0
1.84396
0
0
0
9.3812
7.96504
0
0
0
0.00967504
24.0088
0.0487546
0.000271967
0
9.49689
0
0
0
0.000102513
0.819304
1.64108
0.45769
0
0.120274
0
19.4515
0
0
22.0719
0.0164052
0.702585
0.585191
0
0
0
0
0
0
1.70649e-07
7.496e-05
0.010151
0
12.4098
0
0.0320339
0.381755
0.0709681
0.0920584
0.392783
2.04147
0.774364
0.518279
0.927846
0.477282
7.37535
15.4743
4.37456
4.04966
0.862306
0
0.636893
4.57829
6.85085
2.46719
1.2107
0.978091
0.655564
27.699
2.59529
0.000201588
0.00188996
3.62749
6.4685e-05
1.32672e-05
1.54626
0
2.01268
1.62396
3.09776
1.74166
8.03295
0
8.39788
1.42746
0.213445
7.80485
0.0398182
3.7907
7.37797
3.47694
1.00932
5.48915
16.1735
1.43668
3.0944
1.63268
1.81384
66.3313
1.86425
0
1.71763
0
0.058272
2.24732
30.848
4.09672e-06
3.722
19.4974
0.0883356
0.0173379
2.07111
0.452187
0.839324
0
0
1.12703
0.778682
1.58209
4.1227
0.218867
0.0447641
15.4635
3.6267
0.296614
1.12347
2.16376
0.568915
0.144744
23.7742
5.47973
3.94233
3.74791e-06
7.49425
14.8446
18.3461
10.635
0.00724838
24.7738
6.11354
13.0635
14.1285
2.10833e-07
2.12616
7.20008
1.01453
24.773
3.0742
1.87384
8.88198
0.197235
0.00427162
0.159121
0.000397564
8.90428
0.0015527
0.0011298
19.5308
26.5911
0
22.9592
8.54163
8.80118
8.88678
2.45138
13.8593
28.2322
1.33166
4.20223
12.131
15.2386
1.87245
2.7489
39.9059
14.8986
23.3062
16.962
29.971
18.0758
25.6674
25.9695
0.312755
31.897
0.244071
8.21201
19.6299
17.8362
13.4129
0.08391
1.54293
0.0065588
0.0473607
0.296804
1.41199
0.161776
0.0503175
1.25831e-06
1.33704
3.58198
0.412714
0
0.688113
0
2.82547
0
0
11.9563
46.4433
0.0151976
0.00565312
0.56853
4.10273
0.0191246
2.83044
12.857
12.6142
13.4344
7.58458
26.7159
0.204298
4.26954
0.300245
0.909634
28.4194
0.924658
2.66284
13.6298
2.59836
0.0584253
18.9465
1.51741
0.0220731
0
0.439181
19.6421
4.01589
0.281413
14.7288
1.95965
1.74711
36.6619
13.9221
7.66684
13.7655
4.66499
8.68252
4.70852
3.95416
5.7502
4.46135
8.00865
2.77538
0.604614
2.44693
20.6118
0.0139175
10.6837
9.71938
0.175142
14.5082
24.5421
10.4391
11.3809
0
0
0.000258257
0.969888
0.131258
0.00488441
0.278384
0.102159
0.00988209
0.312584
0.63567
0
8.04402
8.05956
0.869391
48.098
5.82276
4.39968
8.74988
8.35569
10.5068
1.29119
33.2294
9.92333
13.7325
15.6212
5.82512
11.6463
7.52048
5.54339
1.00782
8.7156
12.0367
44.0482
10.4722
7.48913
5.68513
9.35898
1.24239
2.43175
0.00424628
0.202217
0.278181
0.0571074
0.0540439
1.5066
19.0788
0.000742758
3.1908e-07
25.1354
13.7628
4.50737
3.60389
11.302
2.62374
0
0.0877896
0.00735826
1.68076e-05
0
25.735
5.24864e-08
0.872875
0
44.7254
18.5164
6.24796
2.48045
2.84421
1.47851
1.20997
0
0.155228
2.50263
1.3405e-05
2.16311
0.952693
2.41397
0.906558
1.66184
6.84384
0.875927
0.637762
1.32289
8.7326
5.58448
4.96581
3.99786
2.74647
6.06615
0.818256
0.760622
0.0718055
2.20693
2.11127
0.323551
0.795916
5.83999e-06
10.8047
3.60287
0.873117
20.9152
2.21967
30.5593
0.447672
1.68434
16.6942
