13.6286
2.71173
6.21724
0.339943
4.39863
25.648
0
11.6654
10.5071
13.6932
27.2017
0.0090921
1.33372e-07
2.88898
36.0987
0.0398192
2.56306
36.9255
15.5105
10.8639
33.0373
0.0250719
0.0013083
0.00627834
1.7464
2.81233
4.48993
1.65564
27.6206
0.986994
0.956627
0.00407346
0.117723
1.3396
1.93546
0
0.937946
23.4138
7.93313
7.32926
6.32261
31.7845
2.15185
9.53551
1.84277
4.50183
3.27993
0.00147072
1.26888e-07
0.875996
0.406154
0.861302
10.6155
1.4735
5.29062
0.131655
24.0986
7.07253
0.987058
0.53621
25.1405
0.370614
14.9906
1.13891
22.6533
0.016478
12.8695
2.18966
2.44995
1.99922
10.0018
1.58822e-05
0
0.00110245
3.58933
1.06699
10.1377
1.76182
0.00935691
0.288945
0.023248
0.96112
0
0
16.0451
3.52892
4.23381
4.0482
2.17023
4.20736
12.78
4.22391
1.62578
2.88536
4.95328
4.42945
1.20945
4.06396
2.06603
4.68697e-06
7.74569
11.1847
6.11011
18.7264
3.73898
3.0793
2.00117
4.90073
2.41127
5.99179
2.46913
1.4213
2.23594
2.57264
2.19764
4.83336
2.4839
5.62229
5.72696
3.84565
3.60947
1.59884
6.16489
7.60141
0
2.28823
3.71902
1.63396
0.135616
0.0216979
4.66422
0.410633
1.22054
0.973598
1.05923
0.756269
2.13457
2.18131
1.30606
1.03635
0.766427
1.81109
0.847775
2.36389
0.00144806
0.684037
0
0
22.1287
49.1986
0.145576
0.0236103
0
0.0285787
5.31403
7.27939
13.1165
23.9092
17.9709
1.76783
8.06742
21.5347
0.889303
3.12751
3.95077
0.055856
4.13045
0.829679
0.959005
0.574319
0.142608
3.02235
1.58202
0.368865
0.0329027
1.17894
0.472857
0.0050798
0.540898
0.272419
0.613159
17.2654
0.670285
0
15.366
6.76308
25.8745
5.99131
21.7331
62.8045
20.0061
13.4054
14.662
31.7142
2.38491
0
11.4588
2.05053
13.8364
5.13754
27.0811
57.2883
19.7952
21.3696
9.85848
2.04206
16.099
4.35638
42.0907
10.4579
36.216
35.6352
1.55045
24.7556
29.502
37.1707
6.84738
37.1514
24.5982
6.6626
0.958765
14.7644
34.9436
1.63234
18.9303
24.6823
12.2556
19.3261
19.6837
0.588342
3.28158
7.88703
15.5628
2.14156
3.68252
3.60235
3.13982
1.41256
3.75201
2.27038
2.03918
0.591141
2.74008
0.366808
2.28142
1.21964
0.216056
0.000432361
0.695717
0
1.15045
2.08307
0.49755
1.04403
0.112591
0.00278557
1.02952
0.234664
0.844315
0.955346
0.0306068
1.7859
2.14071
1.00041
0.770721
0.0860467
0
0.00556933
0.0882952
0.000571519
6.51506
0.000303928
4.80579
0.19439
0.124609
1.40226
0.552149
1.38491
10.4708
0.183038
11.9689
0.029738
6.19161e-07
0.241202
0.133539
1.02394
1.81898
1.12196
0.993277
26.7936
0.137678
1.5308
5.03529
0.797614
1.78383
0.015878
0.232927
16.1622
2.99871
3.77104
4.52123
4.29408
6.32173
6.38428
0.388063
29.3446
9.63602
3.93884
0.733986
1.84046
2.09493
1.49037
4.34811
3.65901
7.91479
12.5147
22.0713
2.57091
7.34522
6.3964
0.00127937
3.20002
1.49692
1.22475
10.1009
12.2636
9.03293
0.0433645
0.348311
0.123102
0.33171
2.6474
0
1.93745
1.01868
1.22924
10.5393
2.21087
5.86306
0
123.184
3.32198
13.8637
0.0349968
0.40446
1.31618
0.105512
3.61487
2.74599
1.90931
1.46599
0.952199
10.3134
6.09825
0.00913161
1.86597
6.89588
2.2895
0.160638
2.80728
7.70603
16.1941
1.5373
2.77053
0
3.61953e-05
0.0599119
0.0363327
0.599847
0.281188
1.03302
0.0327677
19.3961
2.19708
3.61223
6.62479
1.30692e-05
11.4591
9.33459
9.29258
13.051
1.16747
0.128576
8.61776
32.798
6.35777
5.09744
8.51501
1.65935
6.6882
2.88286
4.75401
7.43333
2.6284
0.177618
7.58344
19.2009
10.8126
8.83288
31.8242
6.88735
29.9773
17.3701
20.5478
30.3147
11.9375
7.80249
13.2119
6.3079
1.77303
8.46556
2.68365
4.36231
40.0788
1.72333
2.90363
88.6482
17.617
13.1541
1.83275
5.26145
0.213136
1.84457
6.31483
5.36775
14.4532
14.6627
6.60167
12.9617
9.45713
4.39428
5.66886
19.4913
5.27361
7.94198
10.2818
13.8848
1.29471
1.93923
4.56397
1.90288
4.25475
17.6713
23.2235
13.0522
0.275681
1.27436
0.572713
1.86753
0.0510799
3.62122
4.91928
61.992
6.3146
29.2994
11.2484
23.8137
24.0099
9.15048
8.65459
2.44634
0.00291944
0
1.85431
2.56642
1.56771
17.2254
3.57201
1.49093
2.4975
0.450224
1.56182
1.02974
8.93704e-06
0.876394
1.68125
0.408092
6.56222
5.94926
9.84557
20.2932
8.95532
6.1607
8.73904
13.3637
7.6398
9.21747
8.46031
2.27914
16.3715
18.4225
51.5377
13.4089
2.27113
0.922494
11.422
1.70921
0.734649
0.00192871
0.0755224
12.0425
58.7101
21.8164
21.38
36.4906
11.0109
4.90678
21.0858
0
4.76655
3.39925
3.68444
0.0984636
11.2565
12.587
13.9573
20.4977
1.81362
20.8075
6.69019
1.84862
8.29266
8.92709
1.42145e-05
2.2042
20.1587
0.00671413
5.33144
0
1.78804
0.590447
6.79897
0.410637
4.52823
0.790779
4.42965
0.126593
1.01276
0.826788
11.4978
3.08732
0.21106
4.84541
20.1771
1.4404
0.465697
3.14587
1.11974
4.16694
4.92875
22.8053
13.5894
0
24.1135
0.0636502
15.5836
48.1554
20.2314
19.446
35.5318
6.96168
2.12684
0.0312535
18.449
0.00515723
2.2551e-07
5.31749
7.51909e-07
1.41653
4.18193
2.53355
15.6786
1.64899
0.984316
2.46046
3.61277
2.40384
19.4138
43.699
1.77519
0
9.50262
0.974922
6.54259
3.07356
1.76187
5.34178
3.02635
8.11227
11.583
1.19544
2.0342
16.4139
0.355118
2.71552
25.5354
63.4405
4.75499
1.04453
59.685
10.9801
15.4493
12.7517
3.25829
8.70313
31.9013
1.19037
0.0575697
7.82682e-08
3.20398
0
0.572129
30.761
11.0824
3.28075
0.000526475
0.213564
0.2224
2.61907
1.01569
0.84527
0.482052
1.46838
1.92254
2.02288
1.04767
2.59725
3.09078
0.0293499
5.30185e-05
2.87684
0.843821
0.00293954
3.63828
17.6522
0.883022
26.4697
7.74367
3.34923
0.889981
7.94087
3.44556
5.56779
10.2783
0.0165774
0
0
2.69892
24.7347
31.4874
0.140205
14.6932
1.14767
6.64887
14.4577
6.05818
14.9577
1.75917
3.0956
0.101045
0
0
0
1.79006
0
13.4375
16.2007
22.1269
12.5703
8.60279
1.16489
11.8387
7.31472
26.1155
20.4952
0.73572
2.82017
0.252727
19.2104
10.1166
3.32721
0
30.4133
15.409
0.632099
4.44716
0.0423587
1.44621
0.202725
3.91469
3.85168
5.87555
8.52097
8.52829
19.3188
0.831116
5.02954
0.129219
0.378458
0.220085
0.636869
0
0.452079
0.118921
0.000130216
24.8801
3.87634
4.78782
2.14293
0
11.1142
1.62109
0.206133
5.29955
5.14287
12.1891
7.10933
2.56624
4.63184
6.89766
15.8417
35.3311
9.7325
30.8493
50.292
0
2.01352
102.798
4.22782
0
0.858527
1.24192
13.5683
44.3612
10.202
9.14545
23.0958
6.04381
11.6402
0.742804
0
8.93156
20.9283
1.0137
0.134665
1.84495
1.88459
30.4162
1.25447
1.67689
2.20452e-06
0.881968
1.7875
2.75709
0.327259
4.68194
11.8508
7.12034
2.80896e-05
0
0.0257558
6.30214
3.00532
0.581892
1.96983
25.7899
0.622346
21.1211
0.103345
7.67015
19.3689
4.18603
20.6155
4.74337
4.39035
2.47302
0.0309209
9.30682e-06
0.795264
0.589733
0.00442162
0.0106596
0.0842327
0.761373
0
8.34264
14.6768
7.75555
47.6709
9.38709
4.83473
7.56636
3.56232
3.16129
3.56797
2.25362e-07
16.9642
2.59231
5.70718
3.83408
19.5828
9.24885
12.2802
1.4351
0
21.2958
0
10.729
0
0.0991087
0.87897
11.8505
25.4954
1.52275
6.54828
6.40227
26.7437
1.2688
0.15756
1.2359
1.14425
0.125231
0.500826
1.35189
0.661092
0.0516708
2.67165
4.30924
1.76702
0.327477
1.85443
12.0646
7.96734
4.01496
6.91341
3.13858
14.9344
0.135896
1.72128
5.5437
24.8497
5.79847
4.08142
0.053546
5.84323e-07
0.623966
3.02223
26.1222
2.28187
14.5405
0
6.39097
5.72134
7.43131
0.016131
9.96573
1.64774
1.64106
7.54377
0.0947486
0.155768
8.30993
2.35888
1.59922
0.738944
2.68239
0
0
0.058753
7.32819
7.5325
0.0266201
0.475843
20.5855
8.57944e-08
41.1477
0.764087
3.98612
0.0458159
4.96508e-06
1.20527
1.87133
2.99433
0.00423102
0.0396448
8.02899
2.39851
3.43608
3.25571
0.850275
13.47
14.687
0.906961
4.53324
0.115516
12.9439
0.0554376
3.44096
9.86479
6.47472
10.3551
5.37805
22.1831
4.07322
4.565
4.66477
1.2953
0.751813
1.45841
1.21887
5.99893
1.98532
11.0211
0.994965
6.84157
10.5664
0.0259204
8.54261
0.992069
0.122265
0.109926
0.16588
0.963047
24.7228
0.481552
6.37537
3.35725
1.09918
0.82231
0.602264
2.79267
9.08013
0
9.175
11.0269
1.90302
0.196596
2.24704e-05
0
17.2788
2.07626
12.6348
14.2818
0
0.0360308
16.9923
0.0316739
3.86669e-06
19.4773
11.0125
6.30067
0.0357208
9.3549
21.5706
0.604266
4.9618
1.4155
15.8481
0.0898981
0.886049
16.4357
1.24038
1.26323
1.72117
5.43543
6.17379
5.00704
10.3447
0.00253897
1.56296
2.48748
3.70358e-07
28.2614
14.8488
3.47968
6.18695
13.6979
9.56992
5.66479
0.812713
0.00412638
1.16264
0.114022
1.24396
0.776716
2.4664
0
1.03745e-05
4.94155
0.0684365
7.11047
2.50325
0.325642
0.188025
3.04235
0
0.0681606
4.28352
16.1426
4.13967
18.99
8.26676
0.0391355
0.327863
2.40884
0.800264
6.8882
2.3745
2.36459
1.58311e-05
0
2.50565
4.55881
0.000795134
0
1.4153
0.709283
0.848906
21.7919
2.52612
0.832805
0.0451636
21.1194
29.998
5.76254
2.20546
2.04844
1.90032
1.449
16.2061
0.453322
2.15602
6.3167
1.0221
0.166541
0.909331
14.1344
11.4817
0.0362502
2.63401
1.8551e-05
3.02223
0
0
0.0756663
33.3861
0.0006555
29.3915
0.902523
1.95205
0
17.3884
16.0468
10.8493
13.4378
4.67999
2.94996
33.2037
6.38386
0.627002
0
0
6.38814
11.3826
4.94598
5.7181
2.20156
2.88413
1.05668
12.9579
32.5752
14.7959
26.4006
1.03505
32.73
8.50668
6.98538
60.1701
18.4795
1.37654
0.947156
5.32718
12.2616
0.504684
0.159091
10.8249
13.6888
0.82185
3.54383
3.05468
0
13.6539
5.85716
7.90795
0.0285666
1.43229
2.72303
2.01531
4.74676
22.1824
6.9723
12.2413
19.8109
3.42741
0.257355
0
2.28216
8.36312
17.2472
7.38727
13.6425
20.3913
24.2743
17.7339
10.4493
12.7959
30.7842
31.7721
17.2418
5.09565
15.5354
3.28278
0.0680397
0.950077
2.15838
1.9565
1.57616
0.0656127
2.1924
14.4589
0
1.80683
4.33489
8.01937
11.9441
22.0464
2.43564
25.621
13.1481
6.51481
3.36534
3.50987
8.30536
14.4174
0
2.09781
1.46963
4.16594
10.6446
7.11696
17.0239
0.866654
0.00382028
0.0744966
12.9745
10.1464
4.0981
2.10992
6.69455
0.411017
1.19241
0.878121
0.44456
0
12.4438
0
6.68548
2.68129e-06
19.476
5.20013
1.85127
0.0750668
0.451439
8.06641
8.09769
28.1708
6.01109
0.724032
0.314371
18.3847
11.5256
1.26428
0
12.1196
14.5204
10.7658
0.0291446
10.3618
7.21865
2.934
18.4046
0.979677
0
2.49612
0.921963
0.294033
0.641629
0.00394498
0
8.64661
0
0.705568
5.58771
3.57217
0.601089
5.36023
7.14894
11.1852
1.91288e-06
17.281
0.00266083
3.57466
2.10977
0.300361
3.0035
4.01537
2.6614
0.00686977
0.688109
0.113101
34.2616
18.8181
3.03676
22.7348
0.299576
2.91763
23.489
18.6379
0.202816
3.51819
5.68373
37.9565
3.37505
0.42024
1.77008
1.83143
4.73069
1.74785
2.1644
0.0464508
1.01453
0.53834
0.527464
2.71153
0.991855
1.80602
0.90413
3.07852
0
2.94358
3.14953
0.0453266
1.46245
1.52458
5.10444
7.35842
4.09303
0.818495
0
0.107713
0
0
0
0.308522
0.318501
33.4028
7.61526
2.01145
8.22965
6.77848
0
6.34507
16.9856
0.00182973
13.6326
15.2676
18.002
26.8414
32.2405
21.3692
22.2928
0.310953
5.30396
39.3069
28.4597
11.9794
26.5199
0.0116494
13.0928
7.30074
0.00209557
7.0474
1.03494
0.94864
7.53607
0.00304757
0.198469
0.0276685
0.625846
0.843048
0.273793
1.52076
0.0382041
17.1812
3.12232
0
3.69603e-06
1.1031e-06
4.72082e-05
0.00844022
0.751434
0.0750079
1.04753
0.0166376
4.37699
6.4648
30.2272
25.8322
1.22319
0.78739
17.651
19.4381
0.934747
0
13.6078
0.94892
2.62745
15.7916
0.000968371
0.114443
0.0735739
1.42252
2.11144
5.69733
1.09647
0.730221
1.75504
2.02293e-06
1.59286
0.301915
3.97099
12.4253
0
7.61665
7.97451
2.07581
0.000106758
0.563916
15.2314
1.46143e-06
0.0613347
0.633893
12.2041
28.9453
2.3052
1.78237
28.1103
0.827693
30.723
36.7862
2.61751
13.8245
0.765419
1.75471
0
8.40468
17.123
3.20482
6.18535
0.0519066
0.362465
0.0490042
7.62946e-06
1.19061
0.0215476
0.889641
0.018687
1.89452
0
2.00116
4.16266
0.828486
12.9193
0.0626966
4.26249
1.07416
0.0397766
2.05411
0
0.00174547
0.315597
6.60664
7.77368
8.31242
28.4356
4.4775
5.12927
0.0535186
11.8835
28.0031
0.0371537
5.60005
0
1.66589
8.3109e-08
3.18593
15.5444
0.595694
7.78485
0.0316582
17.4419
6.60259
15.4976
4.52145
2.18549
3.88329
0.763788
0.0929598
6.51751e-07
0.0583068
4.52243
2.14596
0.000278849
0
1.09731
2.04349
8.00069
3.21304
0.530008
5.11927
7.66772
4.05659
0.146055
25.082
0.100459
17.4461
4.97823
0.95823
26.745
33.2341
0.701104
0.259018
32.8007
27.5992
1.55625
7.51228
2.06562
28.099
16.7497
7.43858
1.35949
3.87406
5.86654
1.95883
9.18908
25.8102
6.30375
4.5328
5.07994
5.44049
12.9971
0.60968
8.16149e-06
0.358003
0.551736
0.772748
0.559169
0.00543823
5.6773
0.154441
23.6734
0.708718
0.736616
1.11088
5.51867
1.06647
15.3061
1.56219
2.3794
17.2631
15.2598
7.41027
22.4748
5.97455
1.24562
0.993705
17.9752
19.5253
23.898
7.35499
0
0.0543833
7.42268
3.46714
0.0712026
0.0139092
4.06117
0.950677
0.00781614
0.572452
6.68453
0
0.300384
0.00590814
3.81091
0.749412
5.9022
5.17534e-08
31.16
0.36556
0.360052
1.09214
8.29069
0.0285152
5.21023
18.9077
0
8.04304
25.4693
4.41288
0
34.2355
0.426469
1.64572
1.06472
0.0511864
0.234608
0.0233196
0.145673
0.0687359
4.83044
0.115784
1.44772
0
0.579754
2.40172
6.94914
0.866432
0.191585
0
1.00726
1.10628
1.06982
0
18.5809
0
51.3312
0
1.20419
10.649
1.22378
1.88793
5.46935
1.09713
4.56802e-05
4.4875e-05
18.8713
1.38787
4.19025
16.1779
6.81521
6.30262
1.07323
1.58599
0.360885
1.32508
6.45861e-07
2.00147
1.15969
1.485
1.16192
37.053
3.22828
0.441708
2.05727
0.23831
1.00094e-07
0
0.979325
5.59619
0.23729
0.0120095
0.958367
0.630348
0.670524
1.40654
3.16825
3.1399
4.83669
0.468705
0
0.0948798
5.81442
0.000253309
2.53903e-06
5.66312e-08
7.02243e-09
0
0.505649
0
0.00309737
0.0131687
0.870819
10.5728
0.0353105
0.750194
1.62395
0.207629
4.08888e-05
23.4532
0.320004
9.99534
0.0179144
0.284461
1.8669
0.0686558
2.11725
2.12646
4.08356e-05
0
0.89859
0.186999
0.170053
1.70529
7.3712
1.46227
0.215908
7.29944
2.30856
2.00149
10.4788
1.91561
0
1.65863
1.26157
2.10953
0.000261021
4.50616e-07
3.5799
0.289934
0
0
4.34658
0
3.90077
1.62106
2.65291
0
0.175837
1.36716
0
0.0758907
0.722469
5.95876
0.0654598
11.4513
0.0121333
0.386566
0.024463
0.395497
0.962517
0.0156174
0
0
2.46377e-06
14.9712
0.204747
6.78124
14.4594
15.2084
47.7427
1.04366
16.6889
4.7144
10.3408
1.2246
0
3.16745
0.00414573
12.8306
0.12985
3.3396
9.10478e-07
0.0719934
0.146571
17.0595
1.75376
0.18739
0
14.2629
2.23537
8.51135
4.53158
1.74084
13.2659
0.423513
21.3969
0.494406
3.92085
10.1439
0
13.2223
6.68259
13.1423
66.4929
5.91625
4.37983
15.9746
7.51334
63.7963
111.824
49.415
4.66945
2.34004
0.463504
9.48264
3.11164
0.0316717
0.142432
0
0
10.2475
8.22027
3.31618
0
4.58144
0.0146358
0.00101272
3.63839
5.99304
4.03945
2.60985
1.95752
6.32656
8.49478
11.3663
4.39738
10.0486
0.295008
1.61548
3.79038
4.27807
11.6278
0.496184
1.22414
1.0522
2.30704
0.0168339
0
0
0
2.8647
0.0737979
0.999482
0.974162
0.0755028
1.81708
0.947529
0.0153778
2.71983
1.48364
0.218241
1.25702
0
0.00102238
0.992294
0.119463
0.841556
0.649422
0
1.57317e-07
2.39431e-07
0.889323
0
1.89562
0
0
0
0
0
6.63772
0.0804194
3.53375
0.0284424
0
0
8.24184
0.00376456
0.585875
0
0.598121
0
2.7729
0
8.34295e-07
0.928434
0
0
5.74746
0.520215
7.03234
0.00103974
0.2115
0
9.42991
16.5232
0.352468
24.9401
21.7966
19.9894
17.326
36.0716
37.3984
26.0934
50.0442
22.5605
22.6689
10.0556
5.0975e-08
1.03449e-06
15.5746
12.6526
22.4483
18.0321
12.5614
18.0653
6.72651
13.2414
19.1274
28.3555
6.33501
11.2943
19.0595
17.8635
12.0481
7.43299
0.466703
19.0567
0.73763
15.314
26.8165
57.306
26.5702
3.62498
10.2554
13.7723
7.85394
0.466462
8.19436
11.3214
7.66026
8.99072
27.2307
19.8038
10.2715
16.164
15.317
19.0742
4.53679
10.2443
0
12.4805
9.38789
5.3801
8.22399e-08
11.3475
6.67122
1.23914
0
0.00460296
0
2.05902
1.16344
5.36701
4.4904
9.77962
1.73679
0.88588
1.71717
0.0347568
0.924017
0.0231092
6.62215
1.08951
0
1.01485
4.49649
0
0.00062039
0.0250021
0
5.04935
0
0.873524
0.807142
1.51887
0.541337
8.37767
4.78365
1.51442
2.69703
1.72626
2.71954
5.89575
2.36247
36.0903
13.0106
12.8132
19.9201
16.3395
41.2388
15.1486
16.5778
5.03227
14.344
5.98736
0
6.52139
1.87666
8.75087
0
8.96312
0
1.27146
5.13445
1.11219
6.8453
3.21644
5.21127
1.57092
6.90589
0
0
6.15699
2.2615
1.64626
0.00289252
3.72287
0
0.3729
3.68346
0.0309225
0
0.0250905
1.89923
0.482822
0.00764187
0.0107976
0.0264927
0
0.145326
1.58252e-05
0
32.1112
0.462979
0.00275587
0.0026251
0
11.8422
7.27818
1.44872e-08
1.53544
20.963
15.9458
1.18276
15.9686
0.690898
2.1245
0.0298782
0.0628841
0.781108
0.826437
1.52293
13.0252
0.143183
40.9141
0.459277
0.0688583
0.169782
2.32113
0.957308
20.5252
0.0617242
0.970873
2.65024
14.0875
1.31001
6.35567
12.4228
5.68014
4.98086
17.1888
9.53454
1.11469
7.62998
5.75812
1.91567
1.15011
22.8225
2.08924
0.875432
0.44255
1.06012e-06
3.25713
1.60589
8.71302
1.73046
6.62332
1.12665
56.1376
1.34748
3.60795
0.405291
3.78555
15.96
1.35289
2.60084
45.0887
3.62596
0.036145
0.0693727
0.151479
2.68971
1.74363
6.10725
9.82723
25.3268
23.9709
0.480476
29.873
20.9271
2.50472
8.84126
4.14641
152.146
5.3129
1.42466
3.22729
32.4917
31.5053
14.4497
11.8064
18.2345
0.026214
0
0.1453
0.0132074
1.86237
0.00884311
0
5.97456e-05
7.41626
9.54118
15.0706
0
15.2561
0
0
0.290863
0.440899
1.08454
0.51677
1.8981
0.768859
1.12654
0.0907317
0.995077
20.7347
0.516377
9.32955
4.52877
4.20725
0
0
19.956
1.11334
0
19.2064
12.4833
10.4805
1.68188
7.04239
4.60926
0.462043
2.828
5.34791
0.0969358
0.0204519
0.272427
0.0537742
0.0105192
0.48699
11.2275
0.0167158
20.4893
6.72928
26.2952
0
0
0
1.53428
1.04789
11.2885
18.1235
45.1167
0
11.4345
13.1478
8.31998
9.36648
1.49443
0.389455
7.9099
0.051717
0.322485
0.021199
1.05908
0.264748
0.166786
0.200375
0.601059
0.0367253
0.842774
0.00094845
1.36797
0
0
0.108071
0.261618
4.08929
0.995444
0.512909
1.66276e-06
0.895075
0.0260887
5.06247e-05
0.00661435
0.14474
0.735249
7.4368
2.22122
0.0120597
4.36833
0.87029
0.00325925
0
1.20885
0
10.8882
3.20867
9.56437
1.798
2.35429
2.20322
3.45139
1.4434
4.09492
4.21959
5.16017
3.79804
7.44778
4.66764
8.90722
7.28938
3.33962
7.07594
8.0453
11.3852
7.84988
7.29371
7.56724
12.1862
6.41826
9.18111
4.1314
9.64052
11.2862
5.35552
3.5317
3.24538
4.06869
1.52493
3.77568
4.70135
2.28903
1.6085
1.01093
4.49722
0.0987967
0
0.101321
0.00254987
0
15.6373
14.158
1.78594
1.70462
1.09265
0.826885
0.103201
0.00341002
6.17756
0
22.3932
2.48416
0.167198
1.55174
19.9403
7.58806
8.85687
8.95552
5.75451
8.30913
8.01491
2.30297
8.57035
0
8.19039
10.0175
4.91013
11.4387
2.2442
4.90503
3.72512
6.11921
3.7514
4.41207
29.5024
7.72883
2.23833
3.9829
1.52311
8.23308
37.4105
12.6973
69.4088
21.5025
17.4191
26.7947
32.6507
22.132
22.765
19.3729
9.98986
23.485
13.0665
14.367
22.0797
12.3002
10.0975
0
0
0.297031
1.24685
2.26365
10.04
7.39194
8.63936
11.0045
11.9136
6.83784
6.70753
19.4883
0.664913
26.4569
10.9488
7.00863
1.20487
0.80818
4.18264
2.38394
3.19332
46.5088
4.83293
2.59155
7.10613
4.75203
9.27396
1.58297
8.29719
2.94203
7.45279
6.38668
8.41123
12.015
3.78847
5.33337
11.126
22.1296
50.3727
14.2309
17.3947
2.88055
0
1.61219
0
6.84775
5.52511
4.47675
9.0254
1.07133
6.82404
13.9749
5.58552
8.81108
6.99404
8.88115
13.7031
31.9592
0
0
0.00171219
82.8581
51.6082
37.0407
2.65324
81.6959
4.01254
13.4044
0.153603
0.954854
0.0245884
8.31429
10.5359
0.92677
12.7968
57.4603
68.842
8.96129
8.3
0.0359511
56.157
5.09521
38.2367
3.9374
3.36674
19.275
13.8207
9.4352
11.2074
14.5663
17.5444
21.0665
15.8174
5.35821
9.50844
22.4087
42.2115
7.29389
21.6103
6.7245
12.4695
11.1914
41.1669
9.85284
11.9804
20.8484
7.34063
30.5996
5.23255
2.56923
0
3.18778
0
1.7862
4.94741
11.2034
5.77883
4.83364
4.41926
8.18182
7.25213
5.2629
6.59901
8.39313
8.54141
7.21632
11.1835
2.40199
1.40771
2.37484
6.43524
4.98112
5.29694
6.19803
8.12671
0.242234
6.44062
3.56593
13.7608
0.840496
7.05092
0.494005
0.596269
1.81555
13.3589
6.19068
5.7817
0.0216804
10.4988
13.5732
3.20912
1.99614
2.86558
1.71458
2.37612
4.27672
2.19444
6.5053
0.713128
13.6137
0.996996
0.797536
0.600757
2.05849
4.25532
2.87704
0.958493
1.51624
2.12816
0.0279196
0.140074
2.88433
1.0687
2.17846
9.31948
1.9617
1.209
3.91422
0.351807
1.36363
0.585648
0.00291343
0.969748
2.31237
1.60396
0.632564
1.06289
1.66398
0.997806
0.0672451
12.4959
1.38223
0.00401562
2.32975
2.87953
3.04998
0.804114
0.865937
0.36114
1.76445
1.08588
0.248568
18.2488
0
6.81391
0.867356
19.6476
0.777097
15.6392
0.968859
0.152034
23.0969
1.1334
9.01527
14.8845
44.6816
0.0110856
8.4839
0.65477
0.203375
0
0.682812
6.14904
12.3071
0.218092
0.228905
7.2657
0.0338789
0.0396357
2.04103
2.65155e-05
1.83148
0
1.29375
1.08162
1.23317
7.96168
20.0349
0.066895
11.2402
3.72805
1.99321
9.23003
24.4975
3.52606
6.83616
1.56237
13.6896
11.3662
10.2905
0.159077
0.854848
0.92952
0.712246
6.31877
41.2718
0
1.02358
0.623188
3.18619
0.201904
0.0311062
0.78363
0.400333
1.03263
0
0.298612
0
0.553863
0.122769
0.963246
0
8.37476
0.000306276
3.11465
0.924355
0.388261
2.4064
0
0.859504
0.00173687
0.10616
0.0624936
0
1.82438
13.1542
6.19851
29.6581
16.7808
15.4537
2.4252
1.58339
0.0129932
1.18837
1.53779
0.196761
2.89281
3.15902
9.09659
0.000652202
0.000244481
3.18821
18.6849
15.3323
19.2366
0.101851
0.865561
2.0433
3.44752
3.59817
18.6088
10.5686
7.476
11.0183
8.41643
0.0786852
15.7575
18.4322
7.85588
14.2202
1.35129
19.0243
3.91281
146.877
0.0148582
148.827
128.383
7.79102
0.0121193
1.71877
0.0192142
7.78579e-05
0.00502232
0
0.0361046
1.46354e-06
0.224963
0.0741947
9.72776
0.0181649
3.09166
0.534054
7.22466
8.48522
10.6007
14.1662
11.8332
5.55594
1.93752
0
15.7717
17.8895
11.8737
6.84926
26.628
8.37484
8.85047
0.0441972
7.00779
0.535255
12.678
9.97711
9.76718
4.11272
0.0492154
10.7836
14.1723
91.6716
3.91353
12.7384
4.6039
5.84465
1.51945
5.64923
6.36409
2.18218
1.81908
0.00197842
2.19765
14.3099
3.7251
2.08732
4.17045
0.447396
6.83965
9.83726
4.21279
6.48964
0.148022
30.8348
0.624108
17.8246
10.8947
21.7778
16.4393
17.5203
28.9585
3.63758
2.6291
0.00885913
0.867985
2.47385
1.41145
0.620094
2.96317
10.1898
3.50616
4.68355
7.33051
8.15969
33.9762
3.78237
7.6562
0
0.537776
0.116932
8.33207
1.07712
5.19131
4.87966
0.0144185
0
2.05595
3.97414e-07
1.02624
0.799949
1.25303
4.93178
0.127624
0.98364
0.124551
6.53407
21.3785
8.10643
6.75869
21.8426
3.05776
3.44482
0.144611
27.0268
0.140632
26.7492
0.00240868
0.680602
17.0918
0.264487
1.077
0.180047
0.315293
0.000826828
1.32109
0.669177
0.958221
1.56249
7.86e-07
2.54591e-06
0.0316155
0.00411483
1.30367
0.236992
0.0139667
2.5055
8.58458
3.66454
3.54853
0.000772701
1.51453
7.77999
0.0328422
0
0.00371589
0.014983
18.9087
0.958058
6.91982
14.9193
42.1482
11.8897
26.618
8.92127
28.9287
0.484881
9.80263
6.81828
0.663086
7.20765
4.30732
4.74571
1.28505e-06
26.5999
0.0205165
18.3515
15.5832
6.99573
2.61839
17.7069
34.468
4.80952
19.3177
12.5856
10.2858
11.8261
0.0638036
19.7321
1.32621
6.04571
5.20114
0.181595
3.29858
13.0693
2.12326
2.98009
0.000187946
16.6024
0.0389814
9.4157
15.3995
3.76256
0.668418
48.4426
31.4941
3.71533
2.48164
3.97685
7.85096
16.1294
2.45424
7.57747
2.71628
15.0707
12.1646
16.7831
7.03924
6.82211
0.024972
5.67759
13.5015
46.1406
11.8259
12.4878
7.14024
7.34313
6.83889
12.8707
19.3813
8.55232
9.63272
22.2135
7.55792
25.517
20.9902
7.90713
20.8087
12.6972
0
10.1148
16.2493
6.48737
7.59439
23.1793
0.00896698
46.3421
68.8022
2.72958
0.117443
0.0557983
40.8223
23.4319
20.4545
26.2063
3.34552
25.9311
15.2201
4.90411
21.5226
25.9027
12.3195
5.36273
18.3794
24.8904
10.1837
11.5526
41.3669
5.33074
22.215
8.20263
31.945
29.1603
0.00291106
26.2024
20.5241
14.8145
7.50761
21.9867
27.5039
47.0388
28.1966
3.68271e-06
20.0049
18.6355
19.5158
0.0478247
9.02506
7.22389
10.4739
12.6902
2.98656
16.8604
7.96475
2.60986
0
2.1512
5.20841
20.6193
1.46552
6.44968
22.3155
10.2567
17.561
18.2212
0.345275
20.1053
0
18.0933
14.3945
17.5502
15.426
3.85982
28.8287
23.3851
47.1084
18.3926
13.6665
9.92832
21.9214
0.232612
11.3494
6.24362
18.5539
0.17285
8.8048
6.84102
11.715
10.1624
2.70375
10.7421
15.2856
0.0816077
7.94624
9.74856
5.48554
6.76111
5.07199
0.96512
2.02655
9.84807
3.2462
1.06831
4.05806
1.74622
0.165768
0.538402
17.1281
1.20162
8.97561
16.5706
16.3609
15.6731
6.57344
0.124926
12.3149
0
1.39197
5.07688
9.10461
0.0447174
3.67743
19.299
2.00063
4.62874
3.0413
8.25689
9.84147
19.4374
5.71292
6.39512
7.85512
10.3207
10.4312
13.9814
6.87763
6.71393
17.8548
0
4.65955
9.15922
11.5756
7.01293
2.209
12.1085
1.78261
4.93154
4.22736
14.5839
14.1694
6.57319
31.0529
17.7018
11.5827
17.3601
5.67663
4.33607
10.1849
15.9963
5.15444
1.00209e-06
6.67912
15.7391
1.9019
18.3505
0.824905
0.232496
5.05681
3.92995
40.9704
7.21771
0.201212
8.86
1.38555
19.6855
3.6296
9.7111
1.80268e-05
1.97395
1.61342
2.8507
10.4261
10.1568
0.425356
1.45108
1.73533
2.50625
5.93484
2.60137
5.56908
7.40225
0.458663
7.70509
0.734663
6.90275
2.87267
0.700561
4.60133
4.7731
6.7896
7.38242
25.178
10.4501
0
6.12125
0.0155548
17.3417
1.28642
2.15739
13.551
2.33435
2.85373
82.006
1.36087
90.2507
2.23638
37.0456
1.84149
0.107678
25.99
0.786465
0.0878479
0
0
0
26.7556
2.3633
12.0107
6.77411
12.4483
9.1971
8.29098
2.85111
12.6005
3.39507
15.0484
25.6171
1.76583
48.4233
30.0924
1.3989
33.6511
0.560022
24.711
16.595
1.21212
14.9158
1.89829
1.9852
6.369
0.879683
0.0179791
0.28365
2.98565
0.268932
4.15077
9.31942
9.72787
0
2.44446
2.57764
5.72824
12.6872
4.0313
2.3474
4.78105
4.25779
6.05523
15.3263
4.46734
0.000373397
6.52675
2.66067
2.21124
3.903
1.95952
3.60699
2.10941
9.67735
6.55634
5.24514
5.71337
68.4477
6.14505
7.47804
5.20476
99.8271
6.78609
5.34936
5.55735
4.03151
6.00196
5.84398
3.89131
15.9441
6.36532
2.61382
1.37362
1.32686
7.70726
148.695
7.17603
47.1245
5.1665
9.23285e-05
4.8556
75.6397
0.0355305
0.20013
0.0286557
0
6.21468
0.11526
0.0986173
0.0162562
0.08272
5.22515
0.690754
0.626374
7.84793
0.151935
8.27887
20.0871
0.780056
0.359166
11.2348
0.0293237
9.68174
0.000183631
3.03943
3.30565
1.19973
0.522272
0.639608
0.122498
0
0.327125
6.87329
5.29552
0.884297
0.671855
1.22987
0
0
0.168375
0.000147085
4.51534
15.3885
15.6733
0.918322
7.00975
1.87975
13.3783
3.65569
14.8053
12.9355
5.69816
17.3241
18.5749
4.90732
4.67203
7.26449
35.6296
15.8713
4.10233
1.5061
37.0977
11.995
24.4553
15.9282
15.7188
3.34173
24.0316
0
0.491852
18.3819
13.2324
7.43851
6.77357
5.7413
7.27913
4.15698
0.791381
1.17899
5.58905
18.2534
6.49997
7.8946
9.81153
6.91724
3.08515
1.40533
1.45558
0.763099
6.87673
9.34964
6.62357
5.5233
1.73284
8.98781
4.9886
7.02336
0
0
1.66958
0.574018
0.547485
0.0314823
1.24593
19.6581
19.0967
3.92333
2.51849
1.98314
9.45697
23.4477
11.8423
10.3493
0
0.462526
4.95657
7.11926
0.959991
6.63159
5.31974
2.7525
11.5609
17.592
1.858
0.00111163
2.54971
14.9569
4.07184
5.30383
5.65025
1.88577
15.7612
5.14301
2.36988
6.27833
0.60108
1.03939
0.291236
10.4741
7.5158
2.14891
0.165542
10.3381
9.06237
0.110025
0
1.45813
0.000632816
5.14181e-05
0.000120888
9.16221
1.61057
2.52391
0.208542
0.657104
1.51964
40.0723
0.689585
52.7356
54.3822
0
47.2198
4.46743
1.69478
3.03586
6.93202
9.68898
1.94427e-06
0.00473732
2.14696
0.0761705
0.0349677
0.0936202
0.0263378
0.000193298
7.68196
9.40733
20.6444
16.4849
2.68088
4.76213
0.14369
24.3965
4.15115
3.89481
8.02461
3.08259
8.26982
11.1871
12.6845
7.1358
27.121
20.3883
11.3252
7.49647
11.8162
3.9171
21.9763
11.4797
4.39868
8.58165
9.52103
9.69607
1.6973
5.21683
35.0902
0
0
0.0755339
2.17067
0
0.148694
0.0724939
2.21624e-05
0.291768
0.320718
0.541849
3.71041
0.977866
0.594479
1.09218
1.42968
0.0544695
19.605
11.5111
11.6232
21.2781
26.9877
48.5217
9.56307
2.47304
0.0550201
4.28718
5.12898
2.355
5.82669
13.7268
2.84487
1.71396
8.16609
1.70201
15.6033
7.26852
6.44517
13.9936
8.83072
0.943874
9.0849
0.353344
4.09814
0.0212561
9.86054
1.34768
1.41938
10.0878
6.37309
0.63634
27.6484
4.69924
8.26725
6.94941
0.000985352
5.30292
16.3967
4.4264
8.26709
13.8123
26.4818
3.00614
1.13845
4.98296
1.8279
7.03736
0.759132
17.0114
1.09912
0.884307
0.668211
3.65758
4.03235
1.0634
2.22646
2.6196
3.43025
2.81122
3.14154
2.58546
1.49888
1.49451
2.21086
1.29868
3.4186
1.0892
0.478822
0
0.781932
1.51587
0.967415
0.972971
1.24156
1.67835
1.16934
0.115776
1.27368
0.00185929
2.26755
29.5511
0.471534
23.2164
20.6146
10.7904
5.95721
11.9576
1.28936
0.391481
0.42738
9.78989
0.246454
2.99039
14.9004
7.21327
1.29003
3.38514
11.3825
24.1175
39.4566
6.99826
14.2575
19.4903
8.07921
11.6231
25.4085
2.4494
5.95933
10.9547
0.0325525
2.96535
76.1011
0
7.06814
1.71353
9.96137
0.092124
0.439195
0.00566286
0.544939
2.94331
0.00866707
0.0151401
0.0498092
0.924519
13.2167
6.59725
22.0548
11.725
1.77034
12.9792
10.0988
2.43178
10.8598
28.8313
8.10952
1.67145
6.9655e-05
0
30.0427
1.20083
0.0107802
0.00778493
0.770018
0.670098
0.585521
10.4494
0.636253
5.20044
19.9474
2.73479
2.3975
0.0600178
0.104885
12.9309
11.7573
0.00917615
1.03881
0.0604931
0.32107
0.0924483
0.0323539
80.6952
0.0233117
0.018355
7.82888
0.0240071
1.13951
1.24529
0.321831
0.00975917
0.821019
15.2622
23.7479
0.0227422
0.317358
1.50429
0.0883553
3.37296
0.805289
0.165711
0.0196234
1.6379
5.19619e-05
0
0
0.119452
1.54725e-06
1.30418
0.629204
0.454532
0.773305
0.297205
5.14192
0
0.162692
4.51989
0.0677785
3.76788e-05
0
0.235438
0.720593
0
0.581379
0.0856399
0.0018851
0.298916
0.0253843
7.7476e-07
8.78956e-07
11.45
3.88023e-05
2.19863
1.89484
0
2.17854
3.32766
5.10025
0
0.925393
0
0.978825
0.390418
19.6076
2.10203
1.71341
4.59743
0
7.8025
11.0679
17.1555
2.03207
0.14663
5.25671
6.33595
6.73779
1.55267
0.547505
0.87633
2.39838
0.00277614
1.68328e-05
1.03922
0.000203968
0.113439
8.16341
12.014
7.14034
17.2287
0.382786
26.6007
7.66291
1.77233
12.9641
0
13.9273
21.5536
4.53119
0.619788
4.8548
9.29102
0.0188286
0.153195
0.101641
0.00757354
48.6096
5.53536
1.83151e-06
9.87029
0
0.0181991
4.35852
1.31458
0.00414936
1.34457
12.9898
0
2.26872e-06
2.9258
0.307034
0.0498554
0.809059
0.0303393
1.45065
0.000193373
0.203675
2.22914
1.84884
0.68797
6.57276
29.0585
0.15313
2.00033
3.98669
1.86327
0.841693
19.6154
7.38534
4.07265
2.71869
3.8499
43.4469
9.43158
22.774
0.00273544
8.56487
27.1528
22.9489
37.1289
2.13466
2.96416
25.4967
2.92966
44.0021
4.04246
15.7613
19.3589
1.52098
1.31389
1.72292
0.866161
17.3764
0.388381
0.941615
13.725
16.654
0.00842754
18.7462
2.51903
1.57619
10.75
0.159859
10.1009
20.6322
2.04581
3.04379
16.2503
11.4294
0.560226
2.11935
9.50655
3.72278
4.16422
22.8628
11.9371
7.51808
17.0138
8.5174
1.00228
6.45539
0.00745296
4.75695
11.0025
12.1767
8.60611
1.78446
0.184599
0.868532
0.702438
1.02077
2.9377
1.82546
0.228854
0
1.02335
4.6304
1.00352
0.686329
0
0.158553
0.0558008
1.89478
0.443337
14.1146
2.26995
1.82652
0.000220787
1.80214
28.3342
0.0225404
6.48009
53.4607
5.23864
3.45817
19.6411
19.5493
0.00132336
3.36911
2.67483e-06
0.00260317
50.0136
0.360585
1.27996
17.5554
3.34613
0.497967
69.1017
6.82017
0.124113
0
0.304423
17.6069
1.31578
0.329359
64.1636
6.895
1.69796
11.8189
15.7822
8.8884
11.5801
6.16455
7.95518
39.243
52.452
48.9521
21.8923
40.2704
14.4311
8.94567
0.061985
6.04111
1.16514
6.26801
4.14162
0.0818359
10.8311
13.6562
13.0389
6.15931
0.0576863
2.29392
0.0650452
0.452029
1.77387
1.40582
1.81832
0.0370397
2.62863
0.266503
0.00975421
0
43.7057
35.8342
0.0272069
12.2361
30.0509
16.1935
2.30309
4.09671
8.7168
2.1669
11.442
0.0592594
2.45764
1.16312
6.54845
22.0795
8.12488
20.4319
12.811
30.8981
26.0322
6.411
43.6026
12.8807
16.745
37.7966
14.5951
2.9537
1.14843
1.0881
0.000414894
2.92097
4.13188e-07
1.13194
7.56158
0.984786
0.670894
15.801
11.788
16.5102
15.2175
7.99325
4.54239
0
0
0.903688
0.380007
1.88765
3.24701
0.0331494
1.13457
2.83625e-07
13.1044
11.5421
7.4653
4.13538
17.4235
2.49407
0.125069
0.0179326
2.01123
1.79375
0.712406
1.76543
1.6381
0.817347
0.0278849
0.000470131
16.3639
2.91828
0.798585
1.11743
7.80236
1.53279
10.9216
7.40421
5.45532
5.36585
0.896838
0.296433
0.0109836
0.822695
14.2614
0
0.972669
0.000180287
21.6588
2.01198
0.254762
2.20867
0.439695
31.3146
0
1.67105e-07
18.253
