18.4754
4.71096
5.96209
0.935351
2.53593
18.8029
0
21.4137
4.62287
11.6766
28.8919
0.991447
0
2.63301
15.5397
0.16962
1.21665
20.2199
23.7095
4.6116
43.7093
0
0.24816
0.877721
4.10247
5.29966
5.07788
8.42752
36.7523
0.141877
0.891294
2.54922
0.0688872
2.12389
1.12518
0
3.19976
9.38382
15.7937
17.9879
24.3937
20.662
4.60452
13.5327
2.25162
6.14445
4.48111
0
0.650087
0
1.17849
0
29.6683
0.525902
6.64687
1.26045
25.6318
2.83301
0.112826
2.7382
25.5879
0.712276
15.7922
6.7378
10.9163
0.149374
7.8704
6.55644
3.55376
1.94819
13.6772
0.00314587
0
0
1.47203
4.36437
21.3531
3.61981
1.38625
1.79147e-05
0.0446304
0.857178
0.114368
0.0858707
46.9304
4.77776
18.1544
12.6738
11.7981
12.5912
14.1123
8.64585
5.48318
8.65098
8.30122
4.96272
9.66682
9.74431
2.60673
0.350535
6.29366
31.1261
10.2163
18.9032
8.04274
9.52193
15.8947
1.04581
1.39368
15.1911
12.8525
9.81998
10.1486
17.7293
11.544
10.5951
7.55626
7.2716
2.56174
4.0637
6.22232
3.36306
0.731856
1.34496
0
6.69534
2.82083
0.705795
7.33572e-08
0.756553
13.4656
0.447337
0.724234
10.0395
0.0549502
4.61884
9.03532
1.36856
0.845261
6.03395
0.250703
0.0965891
0.901508
2.6904
1.17872
0.770292
0
0
35.1395
78.9786
5.01665
0.975749
0
0.0782526
9.64946
8.21946
28.2772
11.383
25.0285
3.2469
4.39715
29.6181
5.97248
17.9254
0.0112305
0.530644
5.50343
5.9848
0.00351071
0.246619
8.48685
4.5455
2.1144
2.36678
0.823484
0.281487
0.00151501
0.469129
0
0.17106
0.0261024
18.9445
0.0639542
0
22.5433
7.55373
27.6672
5.7126
31.4093
48.2087
53.0115
24.4988
29.5458
31.0213
8.71439
0
11.3897
6.88464
22.0661
14.4997
60.8658
123.051
33.4146
42.3185
14.3439
8.73153
23.2407
8.92712
76.8265
12.2663
28.6831
34.6353
3.9014
40.0339
28.9318
41.4709
4.39924
46.2286
22.1602
9.47907
1.79133
7.91628
33.7889
1.54364
26.8772
25.5178
24.4852
22.9472
31.639
2.40637
3.36375
4.46941
19.6244
1.54738
5.54949
6.62171
10.3402
2.82607
3.68069
2.99284
3.53169
7.10257
6.87331
1.31271
0.804408
4.48283
0.165018
0.000834995
1.68406
0.00049355
1.53985
6.16494
0.315502
0.75463
0.690156
0.501755
1.23116
1.0596
1.10604
0.572943
0.276546
0.0143909
0.830292
0.827861
0.000215293
0.00133457
0
0
0
0.765357
2.55672
0.0219879
33.9939
0.185389
0.174823
2.77075
0.404527
0.000828696
2.8889
0.799669
14.7194
2.42933
0.918968
0.00378632
0.063618
1.12472
1.44541
1.06833
0.105256
15.657
1.38012
0.678977
4.42432
0.116879
0.934144
0.938708
0.88825
22.4629
11.5813
15.9926
8.74247
3.30104
14.0625
13.0882
2.41734
27.7732
15.4762
6.73861
0.580224
2.0354
5.00578
4.3806
1.80249
9.15469
14.3184
20.6304
27.6999
14.7371
15.5737
12.8415
0.111621
11.3813
1.32399
0.0416274
23.6978
14.1833
3.41597
0.0783015
1.07652
2.2686
0.792582
5.07863
0
1.3641
2.64321
10.9169
12.4248
6.93553
7.31929
0
44.0284
4.39935
19.6868
0.490195
2.32565e-05
1.46559
0.935232
7.09826
4.05147
2.32756
5.44105e-05
0.269933
23.6093
9.88507
1.1347e-05
2.10137
4.56918
12.0516
0.426721
2.28494
6.27893
15.91
0.939829
5.5834
0
7.16258e-07
0.939448
0.589326
5.69546
1.46269
1.4255
1.86708
15.7286
9.41238
2.65489
7.39226
5.70487e-06
21.1092
30.7822
30.546
35.7659
9.53292
0.387218
21.2522
33.6196
6.44343
6.8794
19.8028
5.84992
9.20411
9.16301
7.20251
5.19607
5.31047
2.18562
32.4483
25.7716
17.5374
6.29462
30.4353
9.43928
36.3397
24.5389
22.8858
42.5631
12.6058
12.3112
16.8192
12.1997
3.1239
19.0161
20.5194
11.0871
25.9548
5.74406
7.39448
89.9037
20.0472
22.1875
4.69746
0.852541
6.10631
11.106
14.7887
12.2725
22.8492
17.6393
4.2135
31.5309
20.7018
29.3298
17.8612
39.2451
33.9979
24.1837
21.0571
27.2896
2.16753
1.3016
21.946
15.1897
14.1571
25.5996
18.686
29.0194
1.01095
2.67756
0
6.97946
0.605679
7.10647
3.9411
45.6057
4.08286
21.9939
13.7144
29.4966
16.0121
14.5813
14.3967
6.32156
4.6981
0.0772309
0.97151
12.2307
6.25098
23.4995
10.1363
0.84178
2.94103
0.218975
4.46721
1.8287
0.910501
0.717543
0.00794904
3.46361
7.79993
4.19703
9.45321
29.2387
7.31404
6.79288
26.374
24.6185
10.1358
11.8155
5.72216
3.26001
11.5381
24.243
55.4467
22.9568
1.67426
0.890177
28.5794
0.0430254
0.00708362
0.319892
0.00169253
23.2583
59.7661
21.0187
18.3987
41.0997
13.6341
3.75389
14.4546
0.734488
7.48944
7.97455
7.79221
2.13143
9.69258
14.2228
39.9603
28.2393
5.66505
19.7536
5.66623
4.47653
13.2362
8.24474
0.000946366
0
27.5
0.0339148
7.20554
1.27839
3.09548
2.3223
8.02593
4.79797
3.16815
2.44801
6.61169
0.712134
1.61245
0.0628448
19.4622
4.3882
0.0610778
10.2879
7.64119
1.92349
5.49905
15.1617
10.7937
21.8187
18.9971
28.6481
29.5119
0
41.8445
0.555711
40.8848
41.9756
28.9906
27.1299
29.8741
7.31267
0.963066
0.538726
26.8407
9.75349e-05
0.0151505
6.81009
0.05678
3.2059
10.0899
8.81988
21.8891
5.79837
5.19527
2.97077
1.61006
4.5367
34.8687
52.7489
7.97041
1.10938
4.50619
1.47394
13.7195
10.7986
1.94147
15.6608
3.05254
12.7577
4.84768
2.61963
1.88718
10.6544
1.40118
11.2824
13.4355
41.3393
4.18662
3.2623
18.5798
13.7621
21.1471
13.8994
2.03559
12.2963
31.3493
1.23395
0.889708
0.283647
2.84517
0.186707
0.0200003
19.1532
18.0551
17.7179
1.19675
1.57024
5.37465
16.0436
0.279243
1.1919
4.59711
2.32302
2.67517
1.96968
1.00636
1.15942
4.81092
0.378067
0.216031
0.777708
1.34055
1.49616e-05
3.87107
14.4285
0.275537
25.6676
8.0334
3.91949
3.44698
16.5285
7.38489
13.3165
54.3945
0.184208
0
0
1.21835
12.4817
47.4048
0.0777193
21.4063
0.0228682
21.0031
38.5416
23.3135
19.5364
0.68936
0.51596
2.93233
0
0
7.07172e-06
1.50372
0.101708
11.2619
22.8441
29.3267
15.2327
28.948
3.98505
6.6858
16.8178
17.8668
41.38
0.00190199
5.59219
1.17063
29.0548
22.9955
5.55682
0
23.133
4.47107
1.91804
13.4596
0.0381287
3.31532
5.78119
7.56163
9.21245
21.6857
16.3352
22.89
23.4371
0.849871
7.58667
0.939773
0.330088
0.275822
0
3.58502e-07
0
0.000719602
1.73895
23.8144
5.02437
4.99902
5.76171
0
6.42824
5.59165
2.33464
4.17688
4.14134
5.26942
8.15366
9.27936
6.02974
13.9213
21.3956
14.8705
23.0826
42.8438
53.9932
0
4.09999
49.7804
4.98072
3.17023e-06
12.3927
0.369765
19.3886
96.2525
24.3837
22.1241
9.33056
13.4503
8.41734
0
0.932056
25.499
48.7755
0.66221
1.00926
1.05146
1.91448
54.0727
1.21877
0.487794
0.00431601
0.330806
1.36422
0.332164
5.01819
19.3629
15.5401
6.84516
0.0192845
0
1.44442
13.0505
13.5363
0.000967391
2.33981
28.5439
0.814811
37.4257
0.773473
11.7124
34.1979
14.1576
49.129
2.75127
5.83452
4.74152
1.02401
0.11883
2.68505e-06
0.00010996
0
0.0691225
0.0665663
1.82587e-06
0
7.00341
28.2678
5.92662
35.2634
11.5138
5.26261
9.48769
3.16719
2.09771
2.76159
0
8.97382
2.10063
5.66125
5.45126
17.5212
7.45879
35.4078
1.24857
0
12.5288
4.09908e-05
18.3307
1.00433e-05
0.267132
1.4658
13.0269
12.7298
5.77294
8.57029
11.6593
34.3362
2.59803
0.005007
2.5972
10.7511
2.99914
0.0782216
1.42101
0.288443
0.924311
2.11654
19.5934
2.16534
1.29993
9.72648
21.0386
10.0973
7.88786
13.3237
7.78577
56.0731
0.576687
0.699216
3.79779
38.7114
7.92697
6.29508
0.0589854
0.000125497
2.57965e-06
5.60137
20.2805
13.3825
28.5358
0.584579
16.2775
18.089
10.193
0
16.2655
1.32447
1.46699
8.67056
0.389761
0.215263
13.8878
1.9247
0
1.07576
11.4656
4.7288e-05
1.24145
3.75957
11.6467
8.73453
1.36507
0.0108264
28.6835
0
42.2294
0.0515882
6.31651
0.0680811
0.330159
2.41396
0.447082
17.1813
3.60924e-05
1.0896
12.3578
13.2715
11.4201
20.0213
0.640956
33.1454
13.8559
3.67487
5.22847
2.04214
14.2516
2.01855
15.2416
15.3275
12.922
12.116
5.80991
27.6055
9.61364
16.627
15.8711
4.55391
11.6629
1.30134
3.63176
19.1097
3.01451
2.88365
1.98599
8.06531
14.8024
0.000380056
10.264
1.85598
0.120487
0.200194
0.00915431
0.00622458
18.2164
8.59499
16.2875
11.8848
1.71763
1.44202
1.77922
10.7339
16.3627
0
24.7349
16.8921
7.71148
0.0486581
2.1565
0.171286
17.3292
1.21382
23.1974
16.9847
0
0
16.1445
0
0.00686406
26.8394
22.6196
7.74084
0
11.5423
28.6147
3.40531
2.77627
5.341
14.3213
0.0123504
0
20.6618
0.859016
2.06986
3.34543
3.21254
7.62158
36.8407
27.9013
0.00138791
1.13306
0.948122
3.77149e-07
31.5913
24.5174
7.77609
12.462
15.1763
30.0318
19.3858
0.25005
0.00419696
4.13049
1.26273
5.04696
0.0781199
9.31061
0
0
25.5547
0
18.2309
8.5278
1.89543
2.42278e-07
0.374171
0.106568
0.223282
6.03171
19.1974
5.7397
29.2737
24.7508
0.0125009
1.85551
0.0229454
0.431247
5.52694
3.58285
10.2018
6.93533e-06
0
0.743315
4.73827
0
0
17.5897
2.45453
2.34484
18.8209
1.87458
0.302035
1.21269
26.482
31.599
1.40252
2.86111
1.59923
3.14617
1.48633
14.231
0.0373218
0.0196377
20.8124
3.4213
1.05877
8.24287e-05
18.49
20.4922
0.977642
4.11934
5.71135e-08
11.4449
0
0.119155
2.1722
25.0077
0.945586
37.1308
0.486226
5.75253
0
20.4798
12.8929
14.8941
33.242
5.83443
6.20678
47.2039
13.5389
0.0022518
0
0.240506
15.6852
40.7623
16.4671
16.6945
0.446397
0.714629
0
21.2525
33.7466
20.3665
21.3604
11.5746
54.6205
19.8866
11.7103
17.9641
34.2606
2.59429
10.3014
18.6555
16.6109
0.944321
0
30.8707
24.7819
1.00115
7.41715
2.17407
0
34.1912
11.2146
15.6601
0.95176
46.0195
10.8095
14.0221
21.6297
27.2504
4.00174
31.7309
14.8208
25.4268
0
0
0.918587
12.6366
20.1495
14.3998
19.3627
30.2681
26.7093
22.5599
30.5151
41.4737
46.6002
61.4333
35.4044
13.2283
13.6151
0.959629
0.939206
0.584623
2.79799
2.6093
2.08151
2.19004
1.53387
17.6782
0.00445091
2.21046
11.4363
18.0307
20.7453
18.6056
6.93708
29.3635
21.5708
4.00593
3.83588
12.3177
25.5981
10.6732
0.0235004
13.7528
9.98269
12.5373
36.9477
36.4494
28.9042
0.0231569
0.486223
0.944597
22.4524
11.1464
3.37375
1.67688
8.72001
0.724775
0
0.915325
1.58864
6.03859e-07
20.2682
0.569519
10.9247
0.000195732
28.967
38.0203
1.42076
2.2275e-06
0
2.80479
6.31965
22.0123
33.6532
0.774552
0
42.2175
39.5954
5.23935
0.414234
19.1454
19.2678
35.6476
0.0452511
19.0372
12.5217
3.33725
17.1628
0.0381884
0
11.3768
0.00613858
0.0461305
4.37855
0.000334824
0
27.0486
0
1.47942
10.1175
16.0396
10.0676
17.1862
5.23043
18.3426
0.00858576
20.8319
0
19.9963
21.7536
0
12.1159
11.8852
6.82982
0
4.41591
0.323291
29.6027
18.512
3.07968
18.5251
0.396246
18.8774
20.4431
41.7098
0.0160647
7.88001
6.16405
39.841
15.494
1.64903
0.845753
0.947859
16.0508
0.978133
15.9612
0.0236792
0.0621922
1.41663
1.97546
19.0261
0.28094
1.88735
0
17.1544
0.835014
25.456
17.9408
0.720011
14.0642
0.772551
17.448
13.2354
26.4634
0
0
0
0.00289555
1.14162e-06
0
0
0.00871233
30.9181
7.92301
3.39342
11.8438
5.70815
2.29252
12.718
6.82385
0.831808
10.6892
19.0685
18.0367
17.2061
22.0163
17.2417
16.8081
0.64636
16.5389
43.5698
31.863
44.5776
33.3352
4.5189
40.2004
17.2223
0.0544046
22.458
0.752216
0.044797
22.4157
9.55343e-05
1.30131
0
0.940583
0.0089695
1.61839e-07
0.615066
2.33864
21.8368
1.79931
0.860252
0.0259431
0
0.0240279
1.2406e-07
0.168147
0.0481117
0.467459
0.488007
5.52484
5.20854
54.6433
27.7885
0.494904
2.31665
29.2929
38.8812
2.91037
1.86426e-07
21.9265
5.70581
21.5798
28.1618
2.05773
0.278418
0.485266
4.86671
14.3219
8.89417
0.31756
0.00700499
0.302251
0
3.79662
0.0448696
21.8575
12.297
0
5.92464
2.98854
3.54444
1.51662e-06
0.0244175
15.2783
7.20578e-07
0.0019678
1.32335
23.1205
46.0867
4.46683
6.44503
41.0866
1.60357
30.584
34.7353
3.8838
20.6822
0
0.0440521
0.076334
2.21367
5.6079
2.47735
18.3837
0.182856
6.04215
7.56348e-05
1.27713
0.134553
1.12557
0.829267
0
1.5506
0
8.80444
31.2974
2.39156
23.7124
0.126675
11.6502
2.65105
0.000773978
4.75053
2.75896e-05
0.000809311
0.00699542
5.28834
10.0527
8.52992
16.1139
21.7367
18.1425
0.618213
20.0983
41.6035
0
13.2045
0
1.41783
9.94554e-08
1.44223
22.0172
1.18439
6.56258
0.0344086
5.20314
13.1917
12.3606
4.03037
7.28411
12.5204
1.63988
0.778645
0.00767836
0.00654422
10.2794
7.04407
0.00237969
0
8.59906
8.40571
17.3408
6.37784
5.13901
0.720066
8.37387
6.60164
0
20.4762
0.0223509
23.1832
14.751
5.82881
57.742
38.5506
3.29397
0.162388
20.6642
40.1765
8.15662
14.5049
4.24654
22.1093
5.03915
8.46463
1.13311
7.69419
10.0919
12.8689
17.0032
8.08973
5.29723
3.29076
7.21661
9.47108
23.6474
3.98446
0.0252262
1.69838e-05
0.988031
0.223418
1.03318
0.977909
5.62892
0.176332
30.7967
1.05638
0.250034
3.02227
3.95655
2.06526
17.7062
3.05798
2.32739
29.8786
29.589
4.13655
26.5445
10.5872
1.54974
0.502758
12.1482
24.3558
32.3471
16.9873
0
0.438769
9.14294
22.4437
1.65646
1.37022e-07
6.11396
0.00967582
0.13979
1.21201
1.56955
0
1.79333
0.391208
12.7259
1.37646
6.82493
0.000238928
38.4602
2.31683
0.00541084
1.45951
17.9663
1.17505
4.70024
13.8752
6.93454e-07
8.44913
37.8478
6.42565
0
69.8446
1.90105
1.46676
7.16577
0.046657
0
0.150443
1.02659e-05
0.641678
10.6571
1.03868
5.8589
0
1.01889
5.19667
12.5163
2.85029
0.285004
0
1.53185
3.20797
0.989481
0
27.3075
0
36.9185
3.35281e-06
2.55885
7.99833
1.83417
0.953313
7.15108
1.85209
0.000861692
5.11338e-06
20.0842
11.2426
4.02962
11.7332
9.27375
6.16904
1.41723
1.14483
0.887237
0.971407
0.0956151
2.35722
2.25392
0.49284
2.77744
24.6522
12.7689
1.2362
4.7512
3.57092
3.56049e-08
0
0.4115
9.92441
0.0498017
0.742456
1.13896
5.18215
0.723499
2.618
0.141108
1.18138
0.426511
0.000797817
0
0.00328674
2.25518
0
0
0
0
0.0549875
0
0
0.0216223
5.58723e-07
1.11886
21.7564
3.63475e-06
1.78276
7.16591
0.00707983
1.60242e-05
34.0142
2.55364
14.7151
0.763074
0.9666
3.64646
0.417269
5.12246
2.18144
0.00393183
0
1.77358
0.379023
2.28386
5.10898
14.6014
0.510414
1.78219
8.00156
0.000462974
0.198074
21.3209
1.06187
0
0.0478202
0.131488
6.30625
0.058253
0.219198
0.793155
3.62476
0
0.935932
5.36739
7.3637e-05
0.456145
9.36146
2.45194
0.000316403
0.0771396
0.358514
0.281563
0
0
5.96661
1.28577
10.983
0.015659
0.0862163
8.92542e-06
0.663976
1.63924e-05
0.455491
0
0
0.231703
23.4658
0.0443508
24.227
10.6025
19.4393
35.9782
0.230117
25.1101
13.7873
11.1399
1.01038
0
9.67357
1.67964
28.2652
1.24877
1.39974
3.43619
0.0281826
0.786893
18.8304
27.7022
0.0788153
2.91627e-06
20.2606
2.89713
5.78738
28.4113
4.68768
26.8178
19.599
47.3143
0.0943498
3.2286
23.999
0
32.7602
24.7705
33.6825
55.2631
3.96376
17.9569
22.758
23.4566
44.8463
48.8159
53.1584
9.99431
12.8715
1.99184
6.42038
11.8282
2.59419
1.86878
0.172799
0.00406131
8.77906
12.4998
5.76995
0
5.10117
0.00207882
0.00026174
4.76867
5.84068
1.07881
5.19996
0.991969
7.06226
14.149
16.0482
4.55722
6.98398
0.377512
0.894339
5.609
9.54457
9.98998
0.891088
0.00152187
0.011266
4.99389
0.927315
0.355663
0
0
0.625483
0.0276678
1.98669
1.31216
0.412368
0.0277969
0.68311
6.45141e-05
0.429439
0.50693
1.0891
0.0107521
0
0.208998
0.014005
0.413954
0
0
0.0201165
0.00689325
0.224019
0.797542
0
2.80492
0
0
0
0
0
13.4052
0
6.75206
0
0.0899383
0
23.9778
0
0.0322085
0
0
0.493282
17.9322
0.871249
0.209221
2.2881
0
0
6.34133
0.897661
15.834
0.0243853
3.15975
0
16.0763
25.2252
0.000558393
26.3435
22.0057
16.7821
13.0793
34.0519
32.4012
25.5694
35.7918
35.5016
34.4108
22.8378
0.00209371
0.0861099
35.4112
10.8362
20.9464
23.7187
19.3936
16.7768
6.8039
21.7813
16.5185
30.3105
5.25574
13.0927
27.9868
22.5404
23.2632
22.11
0.303806
21.7682
1.02848
19.4921
40.8962
40.613
35.3287
4.84941
29.3589
29.6236
22.0966
5.21813
20.56
20.9439
20.2464
19.4009
30.9224
36.1457
48.5703
25.7418
24.222
25.0189
11.3063
16.9239
3.59689e-05
23.5437
13.7897
21.1734
0
16.6366
7.10771
0.0297817
2.65093
1.02102
0.00954966
4.16552
1.81473
8.64571
6.04064
17.5483
1.07662
0.868659
0.898003
0.193348
0.486923
0.000677806
19.6173
1.14893
0.310367
1.75721
14.1372
0
1.52684
0.495185
1.78495
0.621883
1.58502e-05
0.151368
0
2.42469
0
8.28384
8.35614
6.15568
3.36822
3.08299
8.07318
12.3223
18.0428
39.4626
10.9118
39.8757
29.6816
17.9578
56.0264
25.6324
53.768
20.5027
42.5943
17.005
2.65569e-06
15.629
18.6185
33.3712
0
22.0382
0
6.43929
7.7491
2.28438
16.176
9.11741
14.1179
1.74987
21.0176
0
0
14.2821
4.3135
2.79637
0
2.6672
0.0647421
0.344107
1.84134
4.88446
0
0.825927
29.7613
0.68389
0.320033
0
0
0
0.296908
0.538887
0
38.5176
0
0
0.825884
0
20.6985
2.27458
0.0471481
0.495577
21.5237
16.0034
0.523739
11.5474
0.303306
3.70958
0
0.0154971
0.00650945
2.51811
0.881509
12.5562
2.59258
27.708
0.763364
0.87545
0.0294345
0.141157
0.0591632
25.0245
0.100996
1.25106
3.0313
10.8898
3.10558
13.9526
5.40491
13.4957
14.0159
20.3309
27.4362
0.8582
4.07773
18.3975
7.01883
0.0727527
27.5156
2.83179
0.397342
9.25003
3.62386
6.43245
1.01133
19.665
4.92661
3.78789
5.65749
30.2872
6.78005
3.80023
2.26319
5.21123
8.83785
9.7687
7.54279
29.2962
7.7263
0.0869465
0.717369
0.291079
2.78882
0.112673
11.7513
17.6423
48.5822
32.4215
0.522159
28.18
22.9692
4.71871
29.8928
1.30907
100.992
7.77503
4.08519
3.55004
53.7371
36.1874
15.8004
27.9004
12.3139
0.525255
0.0431502
0
0.00118929
1.76062
1.08001
0.00052279
0.00013586
10.758
33.6617
40.3566
0.0267435
6.08938
1.71338e-05
0.475408
0.111138
0.482062
0.000479835
0.0568577
0.450175
0.00276955
4.56817
0.000636147
1.42949
18.0582
2.50722
13.6667
6.02737
9.52239
0
0
22.5505
17.3642
0.031723
15.9656
11.5246
9.27532
0.123286
12.2967
8.19237
0.0383404
8.1484
29.9288
1.37618e-05
0.65537
3.21893
0.144788
0.325021
0.311296
19.1026
0.115931
30.067
13.0408
35.263
0
0
0
0.125108
0.000195059
15.3305
25.0484
42.9535
0
16.4433
23.7492
27.4915
10.0211
2.07089
4.07086
17.6945
0
0.105268
1.24224
1.19412
0.218587
2.51504
1.18125
1.12945
0.0185674
0.370406
0.0146901
0.503555
2.88424e-06
0
0
0
2.39111
2.33567
0
0
8.72375
0
5.86525e-07
0.0033261
0.013543
3.80617e-08
2.84961
12.7717
0
4.76122
3.83206
0.0226477
0.749461
2.84591
0.000314278
13.1121
3.50447
8.9372
2.11445
14.6485
1.73177
15.1756
2.82547
5.21255
28.4625
17.2013
2.22277
22.815
23.5828
43.1243
18.5974
18.6108
32.7432
25.1216
12.5513
20.4398
16.5667
19.2359
11.6505
13.5727
20.0036
17.9276
10.8616
17.4089
15.2418
12.1031
15.0964
11.0926
12.2157
12.2496
14.021
8.83705
2.1544
4.92847
4.38652
0.052783
0.437926
4.13664e-07
0.905565
0.462074
26.9866
25.5588
0.0209026
3.55085
3.80213
3.36795
0.00341115
0.36999
10.3451
0.0450836
23.6245
3.49779
0.179519
2.09641
16.6001
20.1347
0.57751
23.9555
14.0771
15.5048
13.0347
0.345632
20.0195
0
16.3932
21.7549
9.22723
24.9596
6.05198
9.93616
11.4253
12.884
7.27269
9.13926
29.3591
14.1957
5.08621
4.81989
2.54299
8.14456
24.4725
9.14535
38.4051
17.0277
19.9258
8.61275
19.7693
14.597
12.9837
30.3754
19.2844
27.3466
29.041
23.9707
27.9098
30.0339
20.8087
0
0
0.0867892
0.450835
2.77133
10.4185
14.0897
8.71406
6.99809
10.6997
15.1835
15.5355
15.2016
1.97777
16.7996
22.7232
1.93034
2.54963
4.21434
8.38805
26.7354
2.77948
44.3384
1.77881
3.22364
7.99414
5.64643
6.21282
3.23021
18.9348
20.2258
11.5761
18.0598
7.64432
7.25994
3.94739
15.7066
25.7888
26.0556
20.2676
36.8294
21.3975
9.75488
0
5.05441
0.296248
12.2674
11.7507
8.06006
14.3613
0
18.3576
31.4416
23.8978
19.9606
13.9274
20.2024
26.259
40.2779
9.91666e-09
0
1.01104e-06
93.5242
62.6193
59.232
4.61463
96.6405
0.809443
25.0329
0.211944
7.25927
0.0208519
16.1514
29.6069
3.97169
9.19999
66.134
45.8445
19.6943
15.4525
0.0491833
37.9008
20.5139
47.5492
5.41018
12.2013
45.7229
44.5545
29.3302
28.3556
15.3631
29.2014
19.824
33.7981
16.192
33.9718
38.7983
33.1315
17.0026
28.7125
12.6446
13.5743
19.6873
25.0647
18.241
19.2552
23.3453
20.0692
58.1959
14.4808
12.2772
0
13.2632
0
8.64004
19.2267
36.6886
13.3765
15.0159
4.64981
19.5179
14.96
12.7466
14.0267
19.8188
14.6872
16.6569
21.4924
14.8689
6.37793
7.01896
10.3531
5.71967
10.101
12.0801
10.9317
1.14461
16.5022
3.79732
20.8157
2.99256
20.3022
0.175779
2.86524
3.1068e-05
17.5656
17.7792
19.7973
1.45547
24.3816
60.1761
11.4454
7.73248
3.57719
8.72717
16.6615
13.4863
6.1516
0.822283
0.729091
16.5198
3.81649
0.0650918
1.11034
2.26121
4.80415
1.13432
2.14443
0.162131
2.42559
0
0.00602473
2.40618
1.53831
0.0336336
18.9323
0.000238729
0.0389038
0.982984
1.7206
0.0133444
0
0.0593632
0.878024
0.602405
3.77581
1.14402
0.115022
0.622056
0.072248
0.646036
13.8116
0.827683
0.0818086
2.76905
0.643738
9.07488
1.32807
1.45249
1.01666
0.0548855
0.363998
0.0250325
9.45211
0.200065
11.1089
1.57875
29.3853
2.83886
20.3746
2.32812
0.442183
22.9017
0.764807
21.3999
15.5967
33.4572
0.236342
12.3588
0.00713009
0.442882
2.60517
0.784227
6.55947
26.3076
2.88106
1.37885
34.4348
0.853668
1.25667
0.85758
0.715388
0.799015
0
1.81335
2.71221e-07
2.62571
4.78593
1.21439
0.807822
15.1941
2.69264
0.918323
10.0633
36.1426
4.17309
13.3049
0.791034
23.9958
29.9302
27.5928
14.5171
0
0.000781894
1.80053
6.04296
25.2837
0
0.586817
2.54195e-07
2.02723
2.09113e-05
0.0132219
0.832211
3.99419e-07
7.51723e-06
0.275223
1.92132
0.860022
0.400898
0.283394
2.46649
0
1.80966
9.93437e-05
2.12586
0.507735
0.0345013
2.6224
0
0
0.0161779
0.000127875
0.206968
0
3.11568
11.8074
6.8499
34.16
10.9314
33.5526
7.66597
4.47221
0.0032818
3.55699e-07
0.936192
0.724904
12.8621
5.20223
15.1488
3.95468e-05
0.863335
18.1757
67.978
43.8445
20.2258
3.95828
4.59048
11.1211
17.4795
1.00882
9.4407
17.1916
4.94685
34.5045
8.20261
3.14798
44.204
24.165
16.2779
36.9594
1.51794
28.3238
7.87938
73.062
0.226444
117.094
94.5336
1.12944
0.0582053
0.982607
0.866956
0
2.46181
9.07887e-08
2.93111
0.503063
0.0762502
0.0173993
16.0285
7.58013e-05
8.81802
1.19566
25.8613
2.57462
2.57395
17.084
19.1814
13.7004
2.15314
0
14.409
19.3572
19.8129
8.82246
36.4417
10.652
35.1743
1.36188
5.45698
0.21153
11.6714
9.23401
6.80811
1.54954
0.689827
8.88493
18.3818
36.0962
7.03835
6.48315
19.0405
6.99049
3.91853
20.5008
15.6939
6.08029
13.9984
0
8.1764
37.5754
8.22467
2.11072
26.8401
0.060509
15.3869
2.5333
0.539693
7.61568
1.26981
24.111
0
18.533
65.747
17.2231
30.791
16.6304
19.8278
5.98461
14.1709
0.0288158
0.0277654
10.1473
3.01985
6.6529
17.8191
26.6816
19.7914
12.7235
15.9956
19.1782
44.8515
13.1786
19.2428
0
0
0.812022
11.4726
3.15707
15.3757
8.67188
0.244121
0.0667868
1.3355
0.757885
0.896985
0.263482
2.75417
1.69042
0.484147
0.39537
0.284058
29.1627
7.56116
3.16097
4.33223
20.6583
3.87118
9.4683
0.00385239
27.3829
0.582188
12.0191
0.176427
1.55827
10.0745
0.000898098
2.91641
0
3.87885e-07
0.443245
0.292189
8.12937e-07
0.61862
0.978802
0.111896
0.00891586
2.50371
0.495711
1.73384
0.0927256
0.371703
4.23463
10.8167
11.9524
3.79546
0.0037346
1.42124
7.28086
0.575698
0.0452657
0.0395962
0.00101291
20.2697
0.722791
14.8004
25.3624
50.1713
13.9409
38.3454
19.951
38.4588
3.18452
12.4355
9.36258
1.11571
10.2395
9.57016
1.22028
0.00890829
27.7112
0.0276004
25.7669
15.2465
11.3561
8.87354
12.8442
23.1163
1.44678
44.9797
22.9089
23.6934
20.4314
3.57767
32.641
6.87324e-06
19.4125
12.4311
1.38144
8.25263
4.74508
3.62869
0.687863
2.44267e-05
5.95314
1.95567
11.0715
11.7033
3.11622
0.0280027
29.0184
21.7421
22.0041
25.7011
20.08
29.8984
25.602
15.2195
30.858
16.2069
36.4278
29.0008
17.4302
18.3646
14.1489
0.0285481
11.2849
18.9531
29.7079
10.3878
11.4559
28.8678
7.7391
4.53254
24.867
13.5441
5.06866
31.2745
24.1258
16.8894
25.5679
29.5636
9.51814
25.4096
24.4279
0
20.2235
21.5382
11.9576
7.78897
27.2184
0.706026
23.1422
47.6059
13.0023
0
0
48.7826
15.4526
37.288
34.1021
5.35774
31.1706
29.0185
6.45657
30.3732
42.0704
19.0238
2.39192
22.2103
44.6325
42.3987
22.3332
48.7302
17.1783
29.7798
22.2599
44.4166
41.2159
0.352659
47.5906
30.3198
22.1525
7.62185
20.7988
34.3838
47.5563
23.5328
6.10492e-05
27.4472
35.818
25.8981
2.5761e-05
10.6338
11.1868
20.4163
12.3454
16.2723
13.0016
24.2189
2.41033
0
4.6439
2.91805
20.0047
2.7208
8.33928
26.6643
29.6622
9.50819
13.4322
0.2758
6.56645
0
12.765
9.25027
6.93624
16.539
16.5325
34.4672
47.1783
29.8699
29.7466
24.6184
17.8119
22.8127
0.0262966
24.2755
16.3463
23.118
1.8007
15.2662
11.6775
26.7173
22.6371
9.62689
38.9263
29.7266
2.21508
12.4109
15.648
6.10807
14.5863
15.376
0.987195
13.3187
11.9317
5.96495
0.97005
4.00472
0.0311067
1.90716
2.42499
28.1937
2.71692
21.9573
27.4489
16.5794
21.3721
7.07009
5.44811
35.3561
0
3.56851
9.51471
16.248
0.0792963
16.3582
28.9257
6.3775
13.7087
6.31492
14.4384
31.4379
30.4494
30.4657
10.8783
15.9111
14.8345
11.1582
32.5115
14.6786
18.1352
24.7373
0
15.1614
22.9963
37.3111
24.5114
0.70675
18.1893
9.89633
37.8341
15.0209
21.531
24.523
15.0395
26.2973
12.1947
10.8293
16.5804
11.6871
15.1137
28.5255
60.0293
17.6144
0.0164612
13.2183
20.1248
13.0713
70.4432
1.76976
0.772618
28.3228
8.5471
47.5975
22.1294
0.106628
21.2447
1.70521
20.1315
8.91475
16.6525
0.410235
9.16248
9.40006
16.3444
20.8063
10.5104
9.64883
5.00833
1.66783
5.39747
33.5587
2.21879
4.82366
15.8704
4.26688
20.9113
3.03253
24.1403
7.81293
3.94788
19.3112
18.0414
16.1304
21.4147
25.7098
16.8957
0
11.6786
0.32861
13.2512
2.16969
3.59944
18.6078
1.35977
1.31194
57.9369
0.156211
55.5617
1.60377
25.1251
3.60287
3.33615
29.1565
0
0.00962218
0.300726
0.0202458
0
29.9728
14.3203
22.9969
19.2737
21.0999
20.2401
14.5578
4.91686
14.0868
7.65997
21.532
28.9396
0.111875
33.814
43.0007
0.0708305
15.5222
0.315742
14.6472
13.811
0.284811
8.13364
2.46427
8.62882
22.9161
0.623275
0.00578579
0.000403118
1.55984
5.34673e-06
13.1747
18.2792
13.1649
0
1.92793
18.8123
14.2296
17.3176
15.3033
6.08282
11.7334
11.1186
12.1763
8.484
9.2317
0.951462
8.60226
9.90808
15.2555
10.5656
0.342417
11.8612
17.5929
21.7657
12.5162
6.39064
6.73564
114.167
13.0013
19.6193
13.1342
140.756
9.41735
2.63357
9.67124
10.4905
8.97209
11.2932
13.0586
18.2165
8.47487
15.7968
9.88411
10.0728
10.0257
52.5278
19.7886
33.8257
0.115153
0.0471068
25.9875
49.9458
1.85359
5.86297e-08
0.0153184
0
5.89839
1.08682
0.14538
0.137645
0.909126
3.72813
3.40333
0.0418652
25.3237
0.0812343
7.23482
23.0573
0.904651
0
19.3909
2.55749
26.9324
0.0067885
10.3834
8.36594
0.000116077
1.45615
0.0114153
0.664252
0.655648
0.950483
18.9854
4.74606
0.00736839
0.00402469
0.029728
1.00052e-05
0
2.3425e-05
0
13.8063
24.4008
26.5973
3.27815
17.4046
0.441885
30.4808
6.41022
22.2498
17.5057
16.5218
13.3986
33.1667
7.07997
16.1324
20.7429
21.5689
13.8003
7.96821
4.27476
24.8153
10.8204
45.8787
28.5763
31.9403
2.02197
18.618
0
1.30869
12.4148
16.6357
16.3651
6.54852
5.36281
6.39265
10.545
0.525738
5.97039
13.1488
17.7612
26.1702
23.9209
23.8279
39.8472
9.37815
10.9031
12.9069
9.36412
29.3379
16.1289
22.1565
16.4033
3.34292
13.2546
1.84534
5.16995
0
0
3.33711
12.2964
1.61559
0.983742
1.26163
29.9178
48.6814
12.1817
9.38332
10.2112
18.8926
25.3132
22.9442
14.7137
0.770218
0.0195281
12.2133
15.979
13.6134
8.48912
29.1256
5.69502
12.7837
21.2913
1.48692
1.57126
1.8647
24.4772
18.6734
6.12598
7.68527
0.020893
21.0952
9.38756
3.13014
16.7577
0.913049
6.65397
2.23658
41.7477
10.5286
5.18951
0.470447
38.9185
12.5752
0.0106299
8.12043e-07
0.0302299
0.00771943
0.832335
0.311739
20.4403
2.35274
2.78741
0.26772
1.08406
6.90136e-05
28.229
1.4713e-06
31.3184
20.9548
0
39.9778
7.37272
0.967854
3.07059
17.262
8.62414
1.90066
0.000175914
2.48559e-05
0.913221
0.0362199
0.106618
0.110412
2.27356
4.88938
11.1752
12.0324
8.28831
1.04559
3.98797
0.364751
15.9205
9.26887
3.66914
8.58769
6.34942
7.33357
21.7741
22.5127
12.2001
21.3644
27.6922
8.39712
3.0129
12.8071
7.39515
25.4698
8.57938
5.46945
16.473
20.5035
17.9866
1.55095
10.571
39.7102
0
0
0.363606
0.626424
3.01971e-07
0.484104
0.218743
0.0243034
2.53589
2.44048
1.48082
12.2041
0.120939
2.68151
1.51757
3.04335
1.90617e-05
28.2464
19.9005
24.0158
25.7532
44.7468
44.5848
22.7364
1.23332
9.36388
24.0379
10.7023
4.75015
14.1797
9.38995
2.87354
3.32143
23.568
3.18224
25.6474
8.45326
10.1994
14.3997
29.3171
5.1797
9.6392
0
7.01103
0
14.6695
1.03057
0.932828
17.7427
27.8223
0
33.7523
1.52712
18.994
19.3372
1.12009
11.9645
22.9868
2.74073
15.6807
55.3185
12.0041
3.60998
6.9102
12.1718
12.203
1.30648
0.0950758
27.6752
0.776288
0.912359
1.10578
0.914476
1.10277
2.45663
0.143892
2.46462
0.461737
2.48751
2.12833
1.52187
1.6671
11.2109
1.75241e-05
0.0451659
0.711479
0.00698821
0
0.069212
0.633446
0.62481
2.33128
1.59543
0.154439
0.881537
0.13766
0.719985
0.418428
0.0972275
1.9585
35.283
1.02602
36.468
13.384
2.28985
8.5532
14.7049
0
0.1417
0.256317
15.6679
0.0404591
1.86609
5.2104
14.0892
2.65766
5.43294
5.76445
24.5307
40.4837
9.44957
26.6363
44.7992
2.75619
23.8497
33.5395
1.29634
0.121065
13.885
0
2.85281
19.0201
0
6.42184
0.586151
25.3045
0.264983
0.945864
0.671981
0
13.2114
0.00358519
0.643212
0.000408313
0
17.0726
16.7495
11.5016
38.2342
0.0473577
29.3497
16.9684
4.80736
22.9165
36.1586
25.6588
3.95458
6.89168e-07
0
21.4165
0.568622
0.181578
1.39956
1.09256
1.04771
0.266998
19.3549
0.722278
2.54061
29.1853
0.0499648
0.0931349
1.41862
1.79154
16.9833
39.3264
1.20502e-07
0
0.00308169
0.198651
0.00264393
0.0471997
52.5435
0
1.00911
15.72
0.0658715
0.722595
1.4913
0
0
0.207691
21.4617
26.2714
0.0768284
0.390215
0.598108
0.815704
12.0702
0
6.43003e-06
9.66996e-08
3.23275
1.79761e-06
8.15903e-05
0
0.000430525
3.88441e-07
0.728208
0.305357
0.534101
0
0.315427
16.398
0.799027
0.0730595
18.784
0.365439
0.000537182
0.107284
0.196267
0
0
1.34098e-06
0.031806
0.919684
0.007687
0
0
0
33.3651
0
3.0913
1.1906
0
0.00707024
0.781141
13.7685
0
1.17604
0
0
9.73601
30.2155
9.4338
2.7547
4.62316
0
5.12221
9.28532
15.5645
3.86452
1.49734
6.15132
4.22092
13.3293
3.83412
0.00525818
0.603217
5.98731
0.178733
0.000187557
3.35751
0.000191106
2.74936
4.99434
11.8712
11.2618
17.1034
0
25.462
4.05081
5.04738
11.2803
0.500593
12.8397
28.0116
1.42959
1.95634
9.01359
16.1965
0.102554
0.975698
0.0229809
0.965258
71.6965
3.3886
5.86305e-07
17.2356
0
6.53058e-05
3.16158
10.7364
0.132801
4.01603
31.449
0
7.54239e-07
2.36449
1.61793
0.0933897
0.00106816
0
1.54623
0.227057
0.791358
3.08447
2.16716
1.44851
21.7279
19.4817
0.105593
0.746396
0.69184
0.00124251
1.17513
34.0138
3.03825
7.53742
2.49956
2.70692
63.8168
40.6924
32.0433
0.135544
28.1939
37.2722
95.0017
57.0919
2.25482
1.07053
25.0667
3.44152
38.5914
4.26025
3.57959
22.3768
0.539087
0.00291578
1.67917
1.29487
23.0415
2.81709
3.76541
26.8067
26.9466
0.335332
15.5514
22.8605
6.6953
21.2326
3.23815
13.229
18.2876
1.30532
9.15309
25.7466
10.4484
1.43502
3.23864
27.7228
13.9318
13.5642
8.52389
24.0557
3.38623
31.146
22.6599
0.635113
29.4095
0.054499
11.0252
22.6175
11.9118
12.7787
1.49728
1.36261
1.58886
0.858654
0.961196
0.0825026
0.999014
1.91617
2.58408e-05
1.17264
5.84827
1.31436
0.478656
0.21453
0.0558439
2.35212
0.594023
0.0412909
7.03306
15.8759
1.90796
0.00437991
1.60901
17.3913
0.0254583
2.84801
41.5195
10.4716
6.02816
26.3542
22.8742
0.00396455
5.20523
0
0.00632303
36.8859
0.00106713
1.47253
29.7247
9.22792
0.0105463
54.9751
10.1706
0.782716
0
1.74286
21.9209
3.29545
0
57.1515
8.59638
4.23183
12.4791
25.236
18.1405
20.0582
7.71208
23.8972
15.9432
25.8053
21.8703
21.6314
30.888
17.5214
7.48095
1.13184
10.9092
0.0920167
6.061
9.04108
0.32976
8.98786
15.0546
18.0153
8.2566
0.109778
0.582205
0.00628372
0.0115508
0.794894
1.46359
0.00362825
0.881467
0.0208256
0.283588
0.50514
0.0110168
48.5567
33.8924
1.96834
42.2683
14.9279
15.9544
20.0443
10.1917
17.0247
2.20108
22.8917
4.06118
11.53
14.2018
4.39059
20.3837
12.6483
25.7222
7.96995
29.7065
23.9758
29.9092
22.7285
26.0483
21.9581
25.6326
26.4327
4.54912
0
0.385274
0.000830279
0.961781
0.0630242
2.6447
18.5337
9.18864e-06
2.24681
20.5014
28.6513
20.9056
19.0168
42.8175
17.659
0.712888
1.5048
1.19574e-05
0.207878
0
17.1142
1.95641e-06
0.719293
0
24.0393
39.5046
10.3939
13.4333
22.0396
7.39128
0.000143466
1.18919
4.23752
7.40002
0.346293
1.90065
0.952873
3.01688
0.24255
0.000851227
27.2431
0.000403383
1.83542
2.21915
2.42805
0.568755
9.98785
12.4876
4.64301
8.54803
0.716619
1.17189
0.0541074
1.90844
15.9906
0.629672
0.836713
0
27.9108
4.55312
0.183221
14.0479
0.179752
26.9407
0.0441039
5.62284e-06
29.6381
