1.17726
1.68003
1.29493
0
2.97374
6.85142
0.00919237
8.89425
0.568074
8.19391
20.0847
0.0113393
1.15203e-05
2.52765
9.69196
0
5.78401
30.0928
28.5245
12.5454
8.62782
7.86044
0.0523993
0.0086042
7.00487
7.85488
5.19093
5.08475
60.7107
0.621684
0.862618
5.96401
1.40101
0.530665
0.814519
0
2.21645
21.8692
18.0463
25.4799
11.9703
10.7134
0.244498
9.98411
0.682353
6.03164
1.81112
0
0.0214436
0
0
0
14.7363
4.27574
3.81074
0.0206419
25.154
1.35003
0.0356895
0.682297
5.82002
0.00314042
5.06781
6.41429
5.14375
0
1.31108
0.694735
1.97287
0.433364
7.99431
8.90429e-07
0
0
2.88469
0.319685
3.96257
0.614152
0.000527513
0.029448
0.708127
0.191451
0
0
20.4864
7.39518
19.9778
17.3437
7.21925
2.27769
11.2572
18.4786
3.38548
9.60612
41.8852
9.59784
6.72532
11.4041
0.116987
1.24022
6.42787
1.55598
15.0432
14.3492
10.8694
11.1476
9.09316
6.86721
3.9011
23.1406
4.87203
11.6122
6.05734
8.0542
5.86197
7.17511
3.92817
3.92977
3.12903
2.87277
2.13051
1.06561
1.45073
1.60927
0
2.30765
1.48522
1.56294e-07
1.21776e-07
3.66234e-05
10.6853
0.0396382
0.0749959
25.6494
0.0440248
6.90067
15.6622
0.0546326
0
2.25655
0.0604676
0.0271447
1.1891e-05
1.77505
0
0
0
0
23.7386
85.2828
3.44684
1.35815
0.00968768
0.00213465
1.98011
0.85071
0.960665
2.28095
7.73772
0.44246
16.084
5.57138
47.6889
24.9345
1.47398
2.34793
13.0619
4.56684
1.5638
0.210217
8.66259
1.6292
1.22757
1.73659
0.261398
0.334496
0
0.000534696
0
0
0
18.5079
0
0
17.8659
11.9165
13.8275
11.4569
10.863
27.9249
35.4519
21.9178
12.9848
18.6969
2.45575
0
18.5405
18.8569
13.8447
13.253
44.3148
88.822
10.5111
46.434
29.48
10.6387
39.0842
11.8913
80.4575
8.73074
37.2723
21.8091
0.301138
21.2778
17.834
21.2594
3.11514
19.1727
21.8739
2.9366
1.45193
3.50956
25.6809
7.61155
19.9611
20.4782
33.7752
38.929
33.422
0.893235
1.31827
5.63843
23.2017
0.657133
5.07265
0.941056
1.30428
1.27239
0.113892
3.26649
0.246495
2.47764
0.211593
0.0785299
0.902594
0.935655
1.61083
0
2.43033
0.0203473
0
5.91441
0.0457961
0.902866
0.00323636
0
0.00088243
0
0
0
0
0.0388618
0.000374659
6.61258e-08
0.401896
0.943827
0.011881
0
0
0
3.66554
0.150113
24.4825
2.8072
0.0886229
1.41955
0.102852
0.00180285
8.44479
0.158641
19.4404
0
1.87502
1.49401e-05
1.21579
0
0
0.429952
0.284898
2.5508
0.0505674
0
39.8706
0
1.3583
0.029534
0.030898
11.7685
11.9485
18.1382
24.2773
4.94177
8.19974
9.67558
1.42519
11.205
0.0161032
2.53764
0.437129
0.954549
0.748075
0.658994
1.75272
4.31776
16.178
13.6255
41.8453
21.6979
9.00037
4.50589
0
6.0164
4.61681
3.28545
3.30237
5.83271
0.719243
0.156152
0.264743
1.95404
0.0742148
3.27172
0
4.1743
7.64853
8.03879
7.47751
7.29059
11.1822
0.744373
12.219
4.91759
1.09861
0.0565014
0.15148
2.31489
0.0143029
3.94295
2.04037
1.71833
3.52367
0.979801
33.7427
2.40868
0.00708589
0
7.63139
7.45336
0.0464912
0.238314
5.65762
3.49102
0.0824758
1.38316
0.94223
5.19574e-07
0.0865247
0.0117568
5.346
1.16823
5.47054
0.766425
7.72056
8.57122
4.63063
4.99804
3.90524e-08
11.4134
16.2706
14.7853
23.9633
14.1252
2.11531
6.40676
12.5628
5.56436
15.3992
15.1016
12.5844
7.65333
35.2085
30.4352
28.8404
2.92555
13.4627
22.1988
15.8436
18.4156
18.0448
29.7238
11.2454
19.5204
9.25789
13.881
11.6104
11.7613
9.45888
11.3478
8.01497
6.91479
5.97172
13.5403
4.12342
4.15551
9.77211
7.36241
28.7476
12.8092
19.8479
0.709171
4.16426
7.72772
29.7149
24.2016
15.2751
36.2296
8.12566
36.7997
17.8621
19.5973
17.0611
36.655
38.429
21.6633
17.8464
3.92061
33.4831
1.20387
49.6442
23.1984
18.6919
7.01169
11.1842
3.46434
9.36975
0
1.29743
1.69715e-06
8.09069
2.03943
16.2078
0.255976
13.112
24.6075
40.1355
13.2315
19.0021
16.0921
11.2349
16.6689
7.43458
1.83454
2.21063
0.0256629
18.943
2.19299
54.1143
4.665
0.0564114
0.956181
0.305223
1.72361
0.0586608
0
0
0
1.13821
2.5057
0.802282
5.02111
31.4631
4.95174
2.97171
7.00116
12.016
3.18522
10.0408
23.3886
0.296721
31.0067
33.227
14.9761
23.1449
3.08173
3.85778
9.26578
0.0298581
0.804442
0.112149
0.0259292
39.4977
33.891
8.86705
14.1545
16.877
10.8199
9.57246
5.1146
0
7.92159
6.47204
1.73477
1.14727
5.05669
7.75825
9.84013
13.5992
15.8468
7.59704
2.07172
9.77434
30.8649
8.83997
0
0
4.04882
0
9.70191
0
1.76255
0
0.712937
0.0407562
2.14643
0.0635411
1.28138
0
1.18959
0.960183
27.0817
0.0593826
1.03722
7.35489
0.47796
0.670355
8.72875
20.88
28.0569
14.3828
22.3223
8.50392
13.8348
0
26.8679
1.85558e-06
16.2694
19.422
8.41775
16.4562
5.04915
0.613153
1.41595
0
25.5548
0
0.000637425
10.5828
0.00707332
3.53591
2.75521
2.10587
27.1578
9.20191
0.806068
0.916942
5.63187
18.1118
21.3028
46.3538
8.61472
4.94943
5.26501
0
4.72672
4.8574
1.21717
1.55417
0.983892
8.72688
0.00957738
0.0299097
0.0304471
1.55488
0
0.444645
2.20139
5.18132
0.0703825
0.315182
2.44733
5.85123
7.89449
4.67047
0.232808
0.331886
12.017
0
2.61733
0.843741
2.24129
0.321165
0
5.21733
18.2924
32.5498
0
0.176519
1.66931
10.149
0.212397
1.03502
4.64093
0.667656
2.21605
0.640123
0.0182022
0.38572
12.8804
1.61734
1.16625e-07
0.306333
0.00336905
0
0.308878
9.15822
0.00085574
7.88937
29.9533
4.71528
1.50147
7.25084
4.09845
10.3018
14.2215
0
0
0
1.50295
40.5217
37.7701
0.308682
18.353
0
26.9133
23.1716
6.20885
16.1641
0.077765
1.02296
0
0
0
0.613478
0.0236316
0.405463
12.9486
6.24977
1.10547
4.86692
10.6814
2.1279
28.3178
6.17861
35.9501
14.2155
0
5.36217
0.44846
9.67092
14.8643
0.464978
0
10.5957
14.2212
0.0160358
4.46986
0.020635
0.581718
11.9604
25.9247
11.8748
27.1822
5.6477
22.7652
11.827
2.19951
4.25099
0.00365846
0.0168592
0.0218048
3.24499e-05
7.00935e-07
0.000313782
0.104009
0.343417
29.3603
6.18683
2.90279
1.0374
0
6.98714
11.7715
0.334798
5.38704
1.13691
15.7773
0.0425389
12.9889
1.52714
26.1987
29.0866
9.69259
3.56415
17.5672
17.0366
0
1.43544
15.1828
5.0283
9.29333e-06
14.8859
0.0350655
33.6001
77.2822
11.1651
18.4006
57.8748
16.9291
8.19108
0.792188
0
19.6388
46.2306
0.46455
0.00884544
0.95016
2.42117
47.5198
2.99491
2.31568
0.000124833
0
0.100146
0.864207
8.68004
15.8119
6.74948
2.40344
0
0
0.0311341
3.00613
22.3014
0
1.45734
36.5725
0.173488
19.3834
0.0300432
20.5387
22.593
15.442
19.1023
0.00542177
3.9382
0.00403061
1.21365e-05
0
0
2.44388e-06
0
0.47208
0
0
0
7.16134
22.6277
1.88551
11.9413
11.7514
4.92955
9.04115
6.2645
2.75854
4.01061
0.955233
4.87852
1.56085
6.10222
3.64194
32.0469
10.2742
20.1566
1.18793
0
14.4353
0
11.1084
0.000576946
0.124037
0.0947496
15.1641
3.30602
6.69739
28.6316
2.32479
24.0953
3.08104
0.723892
1.93608
18.8132
0.869863
1.85379e-07
0
0
0
4.01747
12.0947
2.27049
2.99469
2.59208
12.2869
6.00625
1.76886
8.70228
4.09763
27.8927
0
0
7.2875
9.76675
11.3801
2.36134
1.17947
0
0
2.77196
9.8986
15.5844
8.24666
0.0114324
12.2407
4.98532
4.94919
0
25.072
0.00938669
0.000840221
12.1353
0.000258658
0
11.0114
0.484179
0
0.000415904
8.87038
0.0227657
0.0578747
1.02623
1.21437
0.0575688
0
0
17.5647
0
21.6621
0
9.9966
0
1.64501e-05
0
0
10.5308
0
4.93923
7.74622
2.15759
5.76939
22.0199
0
19.2565
14.3072
0.528315
6.84684
4.32747
13.0815
3.18928
20.5404
19.0442
8.11734
10.5425
9.98613
12.3021
7.59752
5.18303
12.238
0
6.59325
4.42859
2.3642
17.135
1.69827
10.7607
3.83421
13.8627
5.01228
20.5835
3.4089
0.332407
0.00588649
0.309227
0.281671
0.475256
6.46203
8.2728
14.8839
17.2086
0.131329
1.0213
0.0716576
11.2831
9.59396
0
14.7364
6.07975
9.23809
0.91336
0.971508
0.0953543
6.13773
0.882188
26.1602
6.41256
0
0
35.6874
0
0
4.42196
1.75187
0.999201
1.83225
15.2115
10.3462
5.13217
4.38708
6.42364
6.40862
2.98757e-06
2.29095
0.857501
0.0966996
0.613306
1.27133
0.745623
30.2736
30.5855
18.5458
0.0333206
1.9156
0.00138761
0
13.888
12.3626
11.4148
9.22273
1.14607
25.4823
3.14204
0.0220222
0.0139827
5.52244
0.371682
2.21325
0.970121
3.24054
0.0959712
0.00488374
13.4831
0
17.4461
12.9829
0.00854765
0
0.579633
0
0
12.9465
40.7324
1.69334
10.105
19.5967
0
0.881323
0.0472483
1.1017e-06
1.65918
0.405435
0.542663
0.145421
0
0.0350105
3.99577
0
0
18.6314
3.12693
2.21147
9.15612
0.779742
0.0136376
1.00395e-07
8.03881
3.88933
6.04987
0.0679461
0
0.592033
0
18.6108
0
0
20.2004
5.66251
0.501898
0.000828888
23.1576
4.15148
0.340224
16.2019
0.00167721
10.3984
6.07408e-08
0.000913314
0.480615
28.239
0
20.5389
0.532633
4.70509
0
20.4656
12.4216
6.70617
12.0715
8.37222
9.59266
38.9189
5.19584
0
0
0
13.764
23.3816
7.6458
8.89239
0.753353
1.75296
0
31.1667
29.5002
30.3515
15.1079
9.86403
13.2788
21.3092
24.6121
10.4877
20.4711
7.54843
13.3942
16.1734
17.8188
0
0
9.22497
5.84091
2.30804
3.29521
3.35272
0
33.4593
6.3517
13.1276
0.031705
51.1775
19.8017
18.3363
11.8486
15.1044
4.32329
8.01668
8.65557
8.97057
0
0
0.0714413
33.8185
41.2998
30.5309
27.059
52.4688
62.7587
59.7099
41.3914
30.9447
60.1733
55.6744
21.537
6.32624
10.6148
0.888371
0.833098
0.371717
0.192835
6.83149
0.653737
0.917779
2.07268
4.11907
0
1.12321
9.72245
12.8839
6.0593
6.1943
8.26276
9.3941
4.61592
5.53465
8.24584
12.2918
18.5351
18.0036
0.00795291
26.932
21.6553
14.52
25.0226
7.14639
26
0.929248
0.0534391
1.0471
19.4668
10.0547
2.7403
6.60333
36.8515
0.0969823
9.75997e-07
0
0
0.00565873
32.0324
0.000510277
29.8544
0
70.9347
40.9039
0
0
1.97469e-05
35.6496
49.1207
15.8065
18.9804
2.24773
0
47.3749
25.846
1.16948
0.0429538
4.68933
47.0717
47.2346
0.00357563
11.2417
41.3177
3.25544
28.3905
0
0.112409
18.6106
0
0
0.414028
0
0
28.7621
0
0
11.4424
31.31
13.658
29.8303
2.15754
22.5036
0.10563
32.3598
0
25.4666
22.8609
0
23.5126
18.5791
19.9434
0
9.55062
4.01777
22.9065
17.4644
6.11714
20.4391
0
35.5869
17.6656
10.5948
0
18.9024
20.9844
26.0364
21.5914
0.0402257
0.947314
0.0135077
18.1501
0.348091
19.3262
0.0802738
0
7.56789e-07
0.00459144
18.5391
0
0.0501763
0.00944318
28.1225
0
22.0022
25.6558
1.30004
12.3659
3.57332
20.065
11.5823
22.2683
0.000132157
1.7368e-07
0
0
0
0
0
1.13551
5.95733
3.27642
3.17282
33.6584
31.4926
4.51655
21.6097
28.1555
0.000724631
28.1818
23.4484
25.3032
22.792
33.9133
25.02
23.3714
0
16.9448
37.1
35.483
15.4985
27.5482
2.20306
28.6595
17.8808
0.0943535
21.9087
0
0.691721
30.2786
0.881447
0.304605
0.000368319
0.00843002
0
0
0
3.37232
10.8022
5.35673
0
0
0
0.496449
0.000236962
0
0
0.0264239
0.0582129
36.3779
4.30163
36.8072
13.3358
5.02614
0.7653
12.6689
40.0089
1.14231
0
29.9686
6.12366
15.9573
41.1307
0.525282
1.94567
2.02362e-07
0
17.7487
40.5989
5.77947
0.00061852
0.818474
0.0106313
16.0565
0.229891
12.7834
11.4572
0.000248994
5.42533
6.47536
0.999995
0.00377308
0.568342
10.8847
0.0110223
0.0157206
1.05113
10.7693
72.5401
0.633404
3.47355
39.7788
3.54892
12.8263
21.1627
2.31071
18.8438
0.754428
1.40455
3.02884e-08
4.12336
5.17406
3.69858
19.2206
0.123553
3.78062
1.25455
0
0.461908
0.794606
0.380917
0
0.238517
0.00086053
12.5529
10.0989
0.880007
13.5195
0.810072
12.4797
0.795345
1.30876
3.00506
8.5136e-07
0
0.936499
53.918
27.8005
35.9902
32.7312
20.4187
6.72097
0.0927704
1.33833
17.8601
0
11.126
0
3.05918
0
5.38636
1.73036
0.0552738
2.76885
0.816031
0.352342
8.29215
9.58908
7.26408
14.1499
9.78558
1.50883
0.821663
0
0
4.52229
16.6911
0.00188549
0
5.78191
8.41708
10.5364
0.00686624
1.6406
0.0149296
11.0775
1.93351
0
3.90185
0.0662205
25.049
0.924806
2.49854
36.4646
20.5236
0.933793
0
11.9581
16.2529
3.77696
14.315
5.67449
4.30305
0.873674
1.69354
0.0672567
2.44005
0.402185
19.3094
27.3203
9.81581
4.03709
5.78902
4.2317
4.83841
9.18028
4.51362
0.00185355
5.20121e-06
0.739295
4.36825
3.88697
0.142368
7.29079
0.583685
25.7707
0
3.71922
3.65598
2.7177
0.455689
13.6588
2.31555
1.86382
24.0959
14.5677
3.23589
9.79912
6.30199
0.390862
3.67396e-06
46.4258
14.9498
10.1948
6.84252
1.30595
1.12737e-07
15.7418
8.23556
1.91963
0
19.7412
0
0
2.26368
0.572626
0
0
0.996757
10.3121
0.29613
2.90284
0.72595
85.2098
5.79019
0
0
5.01446
0
4.04272
69.2912
1.0293
6.75768
59.2827
5.04387
0
94.2575
4.80927
0.00486158
3.71523
0
0.000128167
0
0
1.84738
11.9586
0.458439
3.70984
0.602791
0.100993
0.839899
10.0725
1.08972
7.80703e-08
0
1.41883e-06
0.8586
0.638685
2.772e-08
10.4757
0
10.4443
0.830538
0.0469811
10.1195
0.960585
0.00412864
7.45692
4.04004
0.0240917
0
15.3988
7.70641
5.5554
59.1613
31.0167
9.80293
0.00265247
0.161274
0
0.410123
2.00772e-06
1.60351
0.126392
3.4838
0.584585
17.4844
9.76139
0.415802
1.79361
0.526457
0.843665
0.286505
0.0725688
4.93101
0.942669
0.839415
1.97195
0.130471
1.75922
1.86621
1.05637
1.01294e-06
0.0195549
0
0
8.15286e-08
1.78734
0.902345
5.85833e-05
0
0.00021856
0.00273616
0
0
0
0
0
21.9098
8.40717e-07
0.227851
16.2583
0.169412
0
28.4143
6.21329
11.7774
0
0.856703
1.18626
0
0.79525
0.0727186
0
0
6.87362e-05
8.40221e-06
0.00256679
0.837622
3.61071
0
0.264972
20.8304
0.25521
0
24.0704
0.0788467
0
1.8455e-08
2.65425e-07
5.96231
0
1.4529e-06
0.439754
1.06714
0
0.139389
3.90674
0
1.03467
13.2641
0.656256
0.762398
0.058609
1.84472
0.148047
0.0198176
0
10.2731
2.11907e-06
12.1797
1.7088e-07
1.97418
0
0.0870373
0
0.0911427
1.85608e-08
0.0960841
0.798538
19.4173
0
17.6506
3.84914
7.86424
16.8251
1.37644e-06
19.5395
11.9611
18.9165
2.42197
0.684967
3.82297
0.612933
34.6612
0
0.526423
6.25217
0
0.230879
30.914
10.3564
0
0
17.3979
2.81762
3.93545
5.363
4.36598
14.0701
7.36087
23.0615
0
6.20301
11.1733
0
13.4526
16.7261
15.7628
14.2546
13.7479
7.5108
10.0862
17.2715
13.702
16.5343
15.9181
5.7498
10.0065
0.490429
3.91107
3.46453
0
0
0
0
1.2589
6.06729
5.91211
0.0733841
2.12357
2.89415e-06
1.25908
0.340084
1.1966
0.795836
1.61561
0.119511
1.07062
0.889163
2.44411
3.63578
16.1106
0
0.606136
9.73748
7.2406
5.18118
0.387629
0.146211
0.00233246
11.7026
0.00962672
0.774365
0
0
1.78155
0.966234
0.3108
0
0
0.119434
0
0
0.000967495
0
0
0
0.50157
0
1.43727e-05
0
0
0
0.0530172
0.190484
0.450068
0
0
1.31671
0
0
0
0
0
26.2137
0
5.90868
0
0
0
22.7144
0
0
9.93691e-08
0
0.14179
28.1059
0.602964
0.35487
0.634945
0
0
0.0366682
1.14281
8.13774
0.0562644
1.44191
0
7.14494
5.50463
0.000856223
6.11254
4.0778
4.33896
4.58882
8.06252
8.56093
5.03055
11.9799
9.97723
12.875
8.37207
0.369634
0.946372
17.9279
11.5422
6.67773
11.4135
17.914
4.9137
3.24995
17.061
10.0328
17.3919
6.5796
15.2687
19.3815
20.0516
23.0953
19.9571
0
18.3785
0
19.7744
12.1511
11.9929
13.1205
10.9803
20.7029
9.60358
8.00357
1.10053
9.78245
12.0968
5.28473
5.28829
15.0595
10.8219
17.4801
8.86423
4.85347
5.91658
3.77525
4.94407
0.0625055
6.10815
5.08454
3.71754
0
9.00152
6.58546
0.0837669
1.21647
0.341825
0
0.794371
0.588566
3.71924
1.21436
14.2678
1.39558
2.14336e-08
0.709159
0.0184081
0.85988
0.514812
14.3549
0.0915544
0
2.06657
20.4276
0
2.1497
1.1119
2.70257
0.0461758
0
0
0.64177
0.438002
0.00149127
5.79477
5.82214
1.33177
3.14288
3.30077
13.334
3.07993
18.2632
12.5088
3.11827
28.5202
11.3141
9.31917
28.5988
23.7094
20.7863
15.354
27.9057
5.82911
0
9.71471
12.2826
7.62629
0
12.2658
0
5.01076
2.02426
1.08743
3.11374
4.83684
14.3227
0.930863
15.7104
0
0
10.001
4.30933
1.35211
3.52604e-06
0.781327
0.86044
1.02102
2.16274
4.8282
0
2.65884
11.7483
0
0
0.513631
0.0258292
0
0.000503548
0.0705291
0.00409423
10.2864
0
0
2.0061
0
13.7652
36.3365
0.639228
0.0254545
14.7548
10.7985
0
4.98685
2.54873e-07
4.55924
4.08561e-07
0.00259122
0.935175
1.38721
0.183485
38.5666
0.893012
14.7815
0.0298581
1.93489
0.707115
0
0
22.789
2.407
0
0
7.65813
0.0605416
6.72638
34.5943
33.3421
20.2604
16.8329
14.61
7.53355
3.82607
14.8133
5.74228
4.84358
10.7129
0.0045859
0
6.87853
5.20969
13.7631
0.00105768
46.9912
0.415686
0.601353
3.73555
20.8409
12.8215
14.4745
3.60749
4.24033
2.28775
8.24485
9.70356
11.6021
1.97547
0.00523865
0.000518793
1.24421e-06
0.508721
0.00296555
9.86234
40.3799
30.2056
17.4324
0.536545
23.6686
11.6183
0.286552
21.8815
9.16471
27.4965
8.26562
6.61622
1.72478
80.2547
34.8771
2.38413
18.4705
37.5772
0.960189
0
0.00121142
2.85565e-06
0.00804637
0.0816304
0
2.12618e-06
9.50549
16.8372
29.6238
1.28628
52.2104
0
0.0248554
0.0148011
0.280846
0.0587975
0.553085
0.256789
0.0010065
8.45037
0.508017
1.32422
24.8916
0.335997
10.1468
2.42714
9.2145
0
0.045603
6.78478
22.262
0.088795
6.33554
8.01193
8.24147
0
46.2693
21.2187
1.43935e-07
6.89247
26.4691
1.65065
0.403971
1.4978
1.02916
0.474059
0.104399
25.3249
0
85.9053
45.1111
26.5214
1.0812e-07
0.915395
0.00154377
0
0
24.1199
15.1089
39.0259
0
12.845
15.3818
18.2328
3.52432
4.25721
2.77522
8.4424
2.24919
0.726494
1.07191
1.00472
0.0404834
10.5519
0
0
0
0
0
9.7988
0
0
0
0
0.386492
0.347987
0
0
20.1993
0
0
0
0.618466
0
8.47664
19.2207
0
3.82059
0.39048
0
0
0.300959
0
6.31043
5.1631
16.5154
11.9424
15.4201
7.12792
7.66314
5.48597
8.25364
55.1228
38.3392
2.96938
61.276
30.7194
49.8669
10.6462
11.0958
24.1048
21.2347
10.8013
8.24503
1.96392
6.60593
12.0988
4.35649
6.81802
7.43055
9.76901
6.87869
6.76376
6.47746
15.6778
9.98595
5.9078
11.1071
10.4621
14.6107
1.45724
7.97058e-05
0.491115
1.55637
0
0
0
0.108468
18.5056
14.6623
0
10.728
2.8757
6.6318
5.28414e-06
0
6.7314
0
7.28496
1.54767
0
0
6.41548
16.4627
0.0415784
24.5722
19.6629
16.738
21.0919
1.66581
24.4089
0
22.8112
16.8323
12.671
25.4406
14.8444
22.0668
19.1115
6.83079
7.34985
7.25823
18.0133
22.2424
11.1229
1.86655
9.25714
2.03804
8.98517
18.3627
22.2006
31.4162
5.51103
37.6025
34.1753
33.9339
19.1885
14.6001
23.2092
23.6306
33.7458
14.5449
15.6123
14.5786
25.2113
0
0
0.716373
4.92834
7.39328
6.07889
6.20196
5.50476
6.64091
24.1335
14.7793
11.9843
10.7171
1.24488
16.5083
13.5239
7.44168
5.13795
5.61262
3.81743
10.7987
4.38049
15.715
10.8332
9.76407
14.7501
9.41707
8.41861
0.0299072
6.00365
19.265
12.092
7.36927
9.54105
12.329
6.71373
15.7678
34.6118
13.0083
5.46527
41.9278
3.78621
0.204781
3.45843e-07
2.02447
0.000250952
9.72776
13.18
12.3165
23.351
0
21.7596
26.8904
41.7518
22.3727
18.4388
24.4827
12.9794
35.4927
0
0
0
33.6037
29.0005
35.6643
2.96852
56.1836
4.13078
6.67226
0.139067
5.53876
0
4.47832
56.5756
0.116951
11.1534
67.3872
31.6112
14.9988
5.26883
0.90644
27.3877
5.29315
23.7006
11.262
7.96588
25.2414
21.3092
21.8808
29.4151
10.9618
11.6722
13.1823
19.8089
13.9541
13.9587
20.4505
9.52785
20.4945
12.9783
10.6557
7.33535
15.7913
7.89315
7.24862
16.1405
5.56158
18.1729
27.0745
9.74184
6.97034
0
15.5189
0
9.33525
6.22373
7.32754
8.88576
7.74674
7.43321
12.1501
8.91486
10.329
8.66994
8.05356
5.30854
11.0551
10.1575
11.1886
3.76111
1.89654
6.79248
6.27728
6.9296
2.72426
8.08764
0
10.0892
8.93314
16.4093
7.4526
18.6049
2.15851e-06
1.96239
0
7.59754
13.3605
5.42913
0.930857
14.3095
19.0124
11.1138
19.8715
4.13763
6.76697
8.03972
27.0853
5.08769
2.72374
0.91865
12.6329
18.0788
3.74073
0
1.88983
3.25557
0.0555093
0.626901
1.08074
0.366821
0
33.4154
0.893588
0.55423
2.04207
13.7484
0.922472
0.281382
0.599558
5.7429e-06
0.135277
1.84766
0.890965
2.31018
0.391512
0.00112212
0.479706
0.311819
0.067229
0.93939
0.0182099
10.8571
2.43624
1.41284
3.90007
0.278577
17.7525
0
0
0.733668
0
2.36762e-06
0
4.35899
0.261519
16.2625
0
9.37338
0.00188986
11.1588
0.00125421
0.573932
21.4076
0.126609
32.3631
21.8749
17.5011
0
39.9617
0
0.177602
0
0
13.0862
18.8678
0.352382
0
23.3597
1.00138
0
10.7019
9.64299e-08
8.39747
0
9.61442
3.27673e-07
5.19769
1.49285
3.82909
0
16.5133
1.06898
0
4.50545
7.94703
1.53741
8.16505
0.52963
17.5389
21.3795
18.7686
11.0414
0
0
0
12.3009
13.1832
0
0.746582
0.0172778
0.862927
0
9.70256e-07
0.127507
0.00468234
3.02158e-08
0
0.325842
1.40947
0.19234
0
0.575488
0
0.647876
0
0.00182393
0
3.50095e-07
1.42742
0
0
0
0
0
0
1.40284
37.8525
42.095
53.275
15.936
32.3746
2.27758
5.59213
0
0
0
0.489931
12.4068
1.4676
4.1087
0.0221125
1.80155
22.2691
25.3185
24.7747
10.5613
15.5377
2.1016
11.4241
16.4358
1.03427
5.13392
10.9057
3.78122
6.87424
6.13893
4.1565
20.4783
18.4961
2.8151
16.7819
0.314391
11.7515
2.18275
12.2087
1.3419
27.3657
24.0731
0.346612
0.00090027
0.0195409
0
0
1.4987
0
0.00113976
0
0
0
15.145
0.00452265
12.3015
2.48467
29.4621
2.11837
3.05903
24.9908
21.7999
16.8332
7.87947
0
10.2694
33.3698
33.1874
35.4649
45.1163
27.151
29.3364
0.0390417
35.6599
0
32.6248
29.705
27.5446
9.14261
0.27963
27.7747
16.8597
37.632
10.7211
45.8923
65.1499
18.3664
7.04456
18.3925
18.2158
18.6536
17.8737
0.000123345
12.4238
41.8482
2.57645
1.04065
31.7286
0.213182
15.9803
1.17529
0.116762
3.36521
0.157328
0.835455
0
34.4669
32.5472
11.6157
14.4146
3.75862
13.0641
16.5112
1.76238
0.0376036
0.060845
3.68378
10.2327
17.7826
24.9834
20.3332
9.31878
22.1503
1.6517
14.9602
13.9122
4.13039
12.7253
0
0
0
5.27864
0.00092916
4.87013
22.4546
4.65286
0.954219
0.0142639
0.00029319
0.154598
0.0490607
5.3248
1.68186
0
6.32809e-06
0.0175645
19.2333
0.519687
1.60935
10.7712
9.29778
2.67896
15.1625
0.4054
6.15423
0.186593
6.86848
7.89074e-07
0.423835
1.61787
0.0116494
0.156409
0
0
0
1.17466e-08
0
0.000619588
0.000271371
0
1.95724e-07
0.0536077
0.000608014
0.41132
0.0146927
0.885785
2.87198
9.90577
10.0924
6.74941
6.05963e-06
3.08024
12.7959
0
0.000318526
0
0
24.6012
1.3519
45.7397
12.5466
34.8147
10.2506
15.2184
6.88496
12.0801
4.00423
7.70134
12.4551
2.12668
10.5652
13.6541
1.83746
0.00559994
14.984
0
15.9887
8.6233
33.0709
6.72597
17.4391
25.2043
1.40035
19.3256
11.5018
25.5286
8.83092
1.53414
19.0155
0
26.4632
3.86837
0.679116
17.6301
9.87152
7.67174
1.54648
0
2.28036
0.122529
0.805296
1.07523
8.31161
0
10.6622
7.60081
26.6065
17.3553
8.25921
32.8588
8.96795
10.4709
18.2463
27.4576
25.457
17.7184
12.5505
19.5115
29.5131
1.55055e-06
4.64444
9.32973
16.9928
9.13786
7.12811
9.81865
8.29155
5.05444
19.6588
18.8006
10.7232
13.4146
15.0351
5.7562
21.6633
23.5472
13.2396
14.2702
10.2455
0
8.6367
5.85761
0.763562
4.78684
10.6078
0.522393
10.2778
14.5989
26.156
0
0
15.9119
14.5138
25.2159
20.4802
2.528
17.3114
20.4213
3.48151
29.8401
31.706
21.1604
4.46625
27.7493
23.4353
24.529
13.8235
34.065
18.5404
39.3096
17.8961
45.6556
30.8917
3.6769
35.4091
28.3661
28.5978
16.4921
23.6326
28.029
50.3646
25.8235
0
31.1771
21.8621
34.0906
0.0173987
7.07364
19.4182
12.5067
31.5362
8.29713
29.7952
15.9249
4.87345
0
1.74552
0.195763
36.5087
0.783536
13.3363
37.2011
22.9236
41.4786
25.0724
0.0484566
29.3314
0
29.8626
37.6049
30.6201
37.0776
15.7865
84.4015
78.3673
8.8936
38.3155
37.3598
6.51737
36.5344
0.393708
19.9212
9.76806
26.7548
0
5.03744
7.65217
16.1247
7.89376
10.3122
8.00583
11.004
1.73818
16.1231
16.5625
5.86882
9.55171
8.36596
0.00418888
12.7569
9.07997
7.89601
3.22155
2.48545
0.946807
2.76874
0.698381
16.7214
2.60796
11.0941
25.7646
2.94133
19.8404
3.62162
3.65518
21.9641
0
4.65713
7.52227
3.2965
0
19.7399
14.7041
3.97192
13.2773
1.87963
9.01275
10.7946
29.5372
25.326
9.3985
14.4771
20.7641
20.4522
12.413
4.89348
12.3116
45.4087
0
12.6388
4.21672
38.6671
6.18181
1.48841
23.6626
15.076
25.7273
33.6139
26.245
14.5512
8.17764
31.5613
25.2292
34.1548
11.6825
6.17018
8.6655
33.5883
41.1265
8.04307
0.754858
2.12667
29.6407
6.10177
38.9456
16.8895
6.01837
13.8055
19.5602
8.50794
7.26754
6.08039e-05
7.92875
2.77605
10.9918
9.53504
11.0797
0
4.08069
12.7359
17.5164
15.9877
14.2426
5.20854
6.15942
0.522472
9.18728
21.7734
8.93597
15.9104
11.3847
4.33359
20.364
6.38771
8.90584
18.3003
0.0406268
14.5594
17.2163
6.81135
23.2493
5.24066
10.6778
0
3.2202
0.032009
7.24978
2.69896
0.248277
5.79351
1.76852
0
21.1683
0.970853
20.5895
1.04511
7.0611
1.74165
0.04176
10.3915
0
0.0242835
0
0
0
20.2401
6.38528
20.9239
32.019
29.3193
13.9767
17.5793
4.21787
5.08775
0.254937
8.5431
9.41252
3.47146e-05
9.94661
17.6412
2.87334e-06
7.60883
1.77302
3.17179
6.57853
0.26408
3.96411
0.281378
1.14081
21.3487
0.075104
0.00322749
0.0223419
0.0238402
0.567293
17.1522
17.7069
12.8703
0.0541194
5.34748
11.5798
13.7285
13.1733
9.08104
9.8153
8.05544
5.90249
5.14354
36.6677
8.47724
0
10.0335
7.24645
10.9558
6.47713
0.00345063
3.22947
6.88939
7.96186
3.19847
5.26612
4.90556
124.114
5.90435
23.9869
6.4556
163.117
5.7468
4.86557
5.26263
4.58497
8.17414
4.14438
4.95924
63.6807
5.33395
9.68151
7.96074
12.0722
9.17691
19.551
15.1751
4.55819
0.126217
0.011305
8.29446
14.3322
0.352455
0
0
0.00324773
6.27916
0.0765703
0
0
0.112735
0.376684
0.00734907
0
7.86628
0
5.85034
18.4639
0.767263
0
7.00309
1.10536
10.0795
0
0.849514
0.205675
0.220543
0.287369
2.69239e-06
3.48785
0
1.31404
14.6526
4.25369
0.797038
0.966917
2.8703
0.871439
0
0
0
13.0986
5.07935
11.5502
1.31407
2.94824
1.04142
21.2082
5.82752
11.3807
7.71309
4.38478
7.88725
28.8847
4.9324
3.19745
5.9095
4.0324
9.96745
0.0835063
0.0846164
8.61124
50.3032
29.4946
33.1211
10.6737
1.0622
2.03873
0
3.82151
9.735
9.20162
4.11741
5.03553
7.07212
9.73955
43.4913
0.121595
6.0272
20.6229
25.5359
18.2825
21.6529
6.01989
26.1986
15.6379
10.1348
23.6589
12.0834
16.6626
26.1714
11.8781
14.7764
1.75635
20.5199
13.6573
1.41043
0
0
2.23647
14.8397
0.335876
0
5.77779
30.5547
18.0948
3.09444
10.9262
9.57676
2.06036
9.06757
7.07196
6.82198
0
1.98261e-07
7.01032
8.18541
117.964
10.2443
22.4293
16.1417
14.3634
20.2445
0
0.0160498
5.62892
14.2176
7.36444
10.005
10.2818
0.939953
21.6042
7.39611
0.915489
11.9114
0.0366963
11.2434
0.570365
39.8748
33.3075
12.3585
2.71116e-05
28.2595
36.1162
0
0.0804899
0.0453694
1.98139e-05
0.00011586
0.000480149
24.6144
0.663957
1.81168
0
0.0922485
0.806211
10.03
0.751846
11.3165
3.41492
0.488886
8.5764
0.740586
0.290384
0.678373
6.40148
4.59681
0.647224
0
2.12464e-07
0.798213
1.69592e-08
0.000322257
0.00440838
0.879528
0.948615
2.21677
5.14963
4.02236
0.002731
0.991867
0
13.7335
15.3931
11.9135
38.9607
15.4155
4.09924
5.32773
19.1883
14.5519
6.45627
10.3982
2.06702
2.20131
6.4647
0.861021
10.5649
10.3731
12.0529
6.81385
11.1409
6.8756
4.59253
2.30639
21.8875
0
0
0.037723
0
0.520715
0.894715
1.66252
0.519489
0.0330146
1.8073e-06
0.277633
1.24991
0.709993
0.87812
0.149195
1.1714
0
20.3871
3.75413
5.07619
5.40447
38.5979
19.4719
12.2745
0.847346
11.2234
16.7077
18.9601
0.981936
12.1849
45.1348
1.0115
2.30543
10.0226
0.209409
57.1633
29.3488
18.5056
26.7564
19.4688
13.2565
19.2886
0
4.92586
0.00218681
7.19147
0.0494483
0
36.8911
23.9814
0
13.0965
11.9805
9.25519
9.5939
0.126472
10.7069
16.4727
30.2663
13.7795
20.7783
19.3022
3.45906
4.68447
12.088
5.86869
1.58395
2.69898
11.4169
0.172565
0.944552
1.44563
0.0272946
0
0.641585
0.943324
0.371815
1.47608
2.36332
0.65087
0.0224777
0.605014
5.23528
0.670164
0.196451
0.300198
0.158437
1.40699
0.649344
1.74644
0.143627
0.000116729
0.41876
0.169703
0.0893651
0.792233
0.0183822
2.34076
1.09451
3.02461
9.3984
0.72301
15.9166
5.46255
3.7257
1.00818
0.905523
0
0.523269
1.09009
16.4594
0.0999524
1.26259
10.2051
14.6312
1.42964
2.88976
43.8315
26.728
20.3601
10.8325
12.5261
48.9507
0.0745989
28.2143
20.1028
0.576182
0.394134
6.19004
0.000103048
0.831056
12.2856
0
0.866549
0.0015808
24.4898
0.636036
0
0
0
5.41637
0
2.25986e-06
0
0
9.24467
59.3635
64.2443
50.5264
0
35.5937
19.9116
8.79916
23.093
7.38277
20.8864
6.20701
0
0
25.2317
0
0.000147435
1.3017e-05
8.20209e-07
0.0792399
0.494544
41.71
0.00652029
1.23208
13.2855
0.0737549
7.01976e-06
0.0060044
0.031219
17.37
34.9501
0
2.29198e-07
0
0
0
0
15.9146
0.00538275
1.54635
15.4006
0
0.829397
0.502879
0
0
7.24635e-06
6.93218
2.62562
0
0
0
0
24.4844
0
0
0
5.56022
0
0
0
0.29082
1.0995
1.47997
0
0
0
0
26.8525
0
0
17.2952
0
0.00225653
0.794594
0
7.80817e-07
0
0
0
0
0.00050851
1.64623e-06
0
0.268367
14.053
0.044444
0.0389613
1.14848
0
0
0.362707
7.66516
0
0
0
0.128074
14.7781
16.0506
18.2207
6.90397
3.91007
0
1.16276
8.21778
13.4147
1.3163
0.105789
4.25422
0.823113
22.5174
1.21644
0
0.199385
1.21018
0.544544
0
0.0326032
0
0.983876
1.39613
3.42062
1.2787
5.28557
0.248526
10.0389
3.0362
1.36437
7.5155
0.0816188
6.80033
10.5417
2.65922
3.02663
15.5372
22.8732
0.231104
3.0865
0.301625
0.0747411
44.5719
4.42996
0.0667526
10.7821
0
0.402819
1.37524
31.7268
0
1.85115
18.4977
0
0
1.16414e-05
0.0126048
0.0277777
0.000186379
0
1.75105
0.036624
2.8119
3.05599
2.83709
0.105969
17.0725
7.403
0.264148
2.7602e-06
2.19811e-07
3.58638e-05
0.014924
19.112
6.49773
3.32494
1.81865e-07
5.04217
16.5632
16.3892
19.9651
0.887958
23.4354
22.7635
12.0804
15.8842
2.75921
1.10633
14.5027
3.15841
17.4569
7.09076
1.11513
8.45006
1.03754
0.0393892
0.726612
0.000767193
13.6419
0.51439
0.746346
37.3566
37.2383
0.117711
24.7163
7.92362
9.12186
7.82899
0.000127838
33.5364
27.0533
0.0503261
3.65717
43.9127
20.4089
3.03538
10.896
30.2747
25.7202
28.9638
26.5156
32.3519
24.8804
34.3367
32.7683
1.25581
21.6139
0.0703009
9.66617
13.8002
18.0112
4.32145
0.0330939
0.000356206
4.5325e-07
0.668212
0.0670738
0.0594372
0
0
0
3.78621
4.70931
0.0700712
0
0.485578
0.903967
0.813115
0
0
16.3682
24.4357
3.1426
2.13044e-07
0.489605
12.0321
0.0223121
2.70055
15.0989
10.7872
6.91305
18.1949
37.5768
6.67164e-05
2.08925
0
0
30.6829
0
1.13945
23.0702
2.17485
0
20.0514
1.35502
0.662675
0.422633
1.13748
22.5946
3.07
0
15.0289
3.08478
3.59966
35.9751
16.326
10.7038
22.0761
8.89204
9.33193
4.89958
4.44881
5.89106
1.74111
5.16152
10.4784
4.20798
0.110419
31.1099
0.230699
21.0072
4.96149
0.00104477
19.5154
31.4288
21.466
13.334
0.00798475
1.02156
0
0
1.89312
0.994304
0
0.00419315
0.0160201
0.000155174
0.0149587
0
14.0781
10.428
0
81.4902
4.82893
5.12838
5.60652
5.77365
6.72629
1.14191
33.311
5.19741
10.5839
9.13673
6.34819
10.6253
6.13704
13.6361
2.28927
5.81791
8.26842
17.3031
2.70086
7.36331
5.22336
6.34933
6.26707
0.0782277
0.0256935
7.15367e-05
1.23763
0
0.154214
2.72406e-08
17.5635
4.4952e-06
8.42741e-07
32.4309
14.3269
8.33502
8.25533
15.0629
2.7873
0.739634
0
0.0432693
0
1.65111e-06
20.0852
0
0
0.0183899
41.1236
11.206
5.74033
5.99981
5.8966
5.07977
0.998663
0.0306136
1.24926
0.708522
0.000553898
0.40026
1.05994
0.050716
0.381494
0
8.0009
0.000142199
0
2.56138
5.06423
1.44594
2.59238
11.2646
5.22666
1.88085
0.40568
0.177127
0.856952
0.62948
5.83677
0.206567
0.368238
0
25.3474
1.43141
0.104017
23.6621
1.04611
28.9802
8.01343e-05
0.000122523
14.7225
