9.99079
6.97326
7.53645
0
2.72868
8.11533
8.79162e-08
7.1013
0.429687
14.4599
13.7735
0.0191347
0.0673872
2.00573
13.7995
0
8.12124
11.1064
12.9652
53.8435
5.67259
0.0863885
0.48551
0.0623155
2.15819
2.76328
0.987097
1.75002
12.2134
0.000134375
0.0885852
2.19734
0.000105048
0.0574361
2.98826
0
2.33122
16.5068
10.5514
16.026
11.8182
24.5561
3.8451
11.2804
1.59126
15.8708
5.40217
0
0.000241518
0
7.83792
0.293645
5.54673
1.32107
1.28341
2.33276
20.4722
0.475581
0
0.814391
4.59043
0
8.87969
8.96297
10.2087
0
4.30288
3.12864
7.43922
2.24742
23.3239
0.00848334
0
0
1.9888
2.92711
4.96059
2.91025
0.0012847
0.537065
0.879694
1.92873
0.0108612
1.09057e-06
23.6892
1.58245
12.2871
10.2237
10.5385
11.4336
21.1974
15.5706
4.49532
10.329
4.8434
9.17142
12.3226
31.97
0.270401
1.26955
2.22724
4.33005
9.19885
9.12581
6.12514
6.39661
8.09077
16.1453
14.7543
8.27474
7.9586
3.33792
5.53555
6.95009
7.22473
8.71475
6.39903
2.99825
2.61949
2.87411
6.91423
0.792329
1.30004
2.2145
0
4.75112
6.28858
0.0440544
0
0.0700377
7.43811
0.399493
0
8.76725
3.72376e-07
4.17553
11.863
1.66821
0.466417
1.7437
1.08743e-07
1.25561
0.0777596
4.65732
0.0367526
0.0549383
0
0
31.6344
133.785
4.73305
1.81764
0
0.265633
12.3473
0.966577
7.34005
3.84591
8.76586
0.721421
69.418
13.8039
10.9834
10.3989
1.87143
4.8988
4.30731
23.9941
22.3323
18.0567
10.7894
3.2829
14.4328
11.828
5.1498
0.106896
0
0.0281383
0
0.0943587
0.118974
9.39374
0.0128125
0
7.88014
10.2629
9.88302
4.09764
11.3449
43.0837
13.2579
15.8098
12.4941
20.71
0.918284
0
10.1414
4.10035
12.0107
5.28329
40.6992
118.457
7.68395
39.4777
21.609
2.78595
17.2831
5.07865
72.6894
5.08273
21.4354
6.24512
2.54013
5.58517
3.68223
9.51136
4.52636
7.40256
7.97191
6.62727
0.72703
1.73319
6.82352
2.53714
11.6197
1.70852
9.84144
21.8476
26.8964
0.878927
5.22998e-05
5.84095
19.1095
3.55721
4.76368
4.068
4.99574
2.35401
2.65027
1.83709
4.20253
3.37114
1.72602
1.44341
1.83724
1.73641
0.0466268
0.110767
1.01607
0.734217
0
0.607471
0
0.686753
0.13409
0.964949
0.00939326
0
2.65152e-07
0.000211886
0.121861
0.198396
0
0
0
0
0
0
0
0.00086844
6.0551
0.670436
7.36981
0.112747
0.201822
0.654999
0.0261648
0.93829
10.088
1.53368
46.6671
0.533744
0
0.846075
2.60518
0.339852
0.844691
0
1.65605
3.18633
4.40804e-05
0.925036
4.21988
6.21933e-05
0
0.418132
1.37392
29.7767
2.78617
10.6383
7.1251
1.95846
5.79002
10.0178
0.990164
14.5785
5.44286
2.71159
0.0133364
0.441825
0.244672
0.976713
1.95437
12.6906
16.9653
15.7837
28.0095
5.30103
12.2163
3.78081
0.12365
2.49498
2.0846
1.05538
14.9334
2.65278
2.2673
0.579003
0.28322
0.530963
0.0194673
0.641724
0
2.87564
1.26179
7.56409
2.76573
2.83284
9.06595
0.0184077
19.9081
3.56367
10.6409
0.0975588
6.40224e-06
0.440076
2.49003
4.28677
5.37821
4.56844
1.06408
0
12.61
5.21649
0
0.00129893
6.17488
6.02398
0.751319
0.974197
4.57351
3.3622
0
0.930327
0
0.132555
0.0160327
0.0698119
1.69449
1.05859
1.33532
0.0197561
4.04452
4.27485
1.98554
3.08979
0.0874178
4.8622
8.88448
11.2934
16.4257
2.71526
0.077123
6.39869
9.30219
8.94754
2.47512
4.06747
0.857834
5.90155
2.77185
0.854677
1.95966
1.98784
2.80463
9.63811
13.2638
12.8044
8.21076
20.2333
3.32933
11.3476
6.87432
11.5032
15.6501
8.30029
10.8151
10.7228
6.8186
6.39892
10.908
12.0249
8.23539
7.91266
5.80781
2.39488
32.0672
8.94892
9.12797
3.52031
0.491308
18.0587
22.8301
14.6871
11.2716
16.477
7.21557
16.2949
24.8244
17.2202
5.71872
17.2633
25.1172
13.4984
12.0691
20.3979
25.4587
0.429573
31.0956
10.3886
15.1248
8.1714
15.1667
16.2381
24.9335
0.268058
4.51649
0
5.12395
12.8504
11.2964
2.91303
13.7073
1.70278
9.23807
7.82569
25.9656
7.31789
9.68973
4.34244
3.70559
1.51033
0.492524
7.53578e-08
8.50268
2.10282
13.2914
5.44768
1.96039
3.85684
0.196625
1.30553
1.02703
0.00328098
2.31595
0.981198
4.25047
1.67222
0.014591
6.52541
10.2973
2.6765
0.0185439
18.4986
25.8543
12.5558
13.1091
16.7863
0.937254
17.8167
13.3565
17.0074
19.5954
0.0930935
0.647206
5.87565
0.00327079
0.685372
0.0927428
0.00312474
15.3667
24.3384
7.99252
19.9134
24.4566
6.97576
4.91076
5.89826
0
1.25421
10.79
3.17425
0.0129234
5.42445
6.40279
12.2009
11.3604
8.16857
9.36832
4.25651
4.71228
10.4742
5.22307
0
0
7.99841
0
4.51438
0
0.0328008
2.28416
3.29176
0.97889
1.6899
0.289164
4.08021
0.7273
1.49229
2.20248
18.1323
0.318189
1.41352
3.46456
0.810439
1.86487
6.39821
7.54918
6.07492
11.5977
10.9522
18.3728
11.9833
0
22.868
5.71157e-05
11.5351
20.8357
6.48866
20.1159
11.0302
2.14536
0.356213
0
9.50777
0
0.00456206
4.53704
0.00567558
17.9954
9.0453
5.62246
14.4534
4.9983
2.64733
0.218448
2.75763
3.06486
15.6998
25.5642
5.82494
0.773725
2.10352
0
11.5804
9.35573
0.133468
3.40484
0.0539517
9.35031
0.000824721
0.190813
0.172934
3.92515
1.04885
1.69504
3.59896
17.9654
0.691867
0.42107
2.82893
4.53531
7.78818
4.5183
1.00897
5.80205
8.1867
0
0.00204127
0
1.41607
1.89576e-05
0.0009026
5.3843
5.31391
10.1654
0.00172206
0.0368887
0.394304
15.967
0.662695
22.9509
26.3605
1.56368
2.3581
2.83122
3.48473
0.00731356
8.33465
0.0050813
0.983243
0.037146
0.765247
0
0.0323955
7.71598
2.50824e-06
6.77636
10.2536
4.16968
0.086082
2.79314
2.29342
5.05663
7.58126
0
0
0
0.408213
25.9282
18.5076
1.03806
20.1563
0
12.7343
16.9124
10.3006
14.982
0.36725
0
1.34165
0
0
0
1.02942
0
9.3987
13.1447
14.4766
5.01173
12.6014
0.791337
13.4237
12.3457
21.1135
32.067
0.0230465
11.8488
0.00632997
15.3176
17.7005
0.201051
0.00418388
11.1082
14.4261
0.0340931
8.01135
0.765774
0.00475129
4.99334
9.19167
5.03368
10.3725
13.9415
8.90593
12.481
0.375084
2.16417
0
0.385474
0.479431
0
0
2.48251e-08
2.69689e-06
0.743629
21.8592
0.542943
2.95923
1.47981e-05
0.0188719
3.62154
5.91431
0.948231
10.1578
3.5993
15.0296
4.9647
12.1242
5.05186
13.5301
22.4934
13.2058
14.818
17.5932
15.2679
0
2.92087
17.2885
4.28473
0.0564489
11.8339
1.83771e-06
27.0753
107.364
6.74495
59.919
33.8187
8.04231
10.1599
0.93217
2.78999e-07
19.4774
22.0053
0.0514554
0.914367
0.003356
0.0103566
39.2529
0.00042063
0
5.70483e-05
0.37282
0.00167288
1.62289
3.16695
15.5294
9.99467
4.64399
0
0
0.180438
13.7477
8.94751
0.00156507
1.84361
33.1569
0.880571
25.2055
0.426916
15.2441
18.4169
8.97259
21.7979
0.445254
7.34488
4.22197
1.73318
0
0
0
0
2.04535
0.0828394
0
0
9.7663
15.4089
4.42842
28.0344
12.7999
4.1991
6.40201
2.37427
1.6758
1.76711
2.22702e-05
7.84681
0.997119
4.01126
3.39699
11.5368
7.9425
18.3782
0.835048
0
25.3646
0.76486
7.68382
0
1.85942
0.0282549
8.00869
14.5592
7.08908
9.96325
3.21495
23.3433
1.91957
0.128038
2.83445
11.9578
1.06248
0.0123301
1.10525
0
0
2.11492
8.10317
7.96328
0.758633
7.66692
18.0728
4.58486
5.33637
4.56506
6.21809
8.34213
0
0
12.9785
15.0788
10.438
6.75029
0.0694053
0
0
2.0704
12.4429
16.8259
14.7091
0.0098724
10.6756
9.73563
12.4494
7.95559e-06
10.9244
0.000318282
0.592663
7.06515
0.00280564
0.606581
12.0817
1.78518
0
1.92821
8.49338
0.714043
2.4156e-06
0.781821
8.19861
4.50127
0
0
17.8694
0.9271
25.9293
0.115824
2.22847
0.000565242
0
0.00106069
0
9.44071
0
7.25312
4.21485
7.36824
11.2003
7.41415
0
14.3795
17.6608
0.573234
5.72958
2.32297
16.9672
5.24836
6.80317
14.4048
4.95852
12.8529
11.5939
11.0894
14.6151
2.7736
7.5738
0.41877
14.6005
1.30358
2.74272
8.43521
3.0724
14.4285
1.22901
8.46467
8.07058
2.02912
12.8777
0.397442
0.469319
0.108837
0.176823
0.942844
8.23419
6.63535
22.1032
10.2835
0.578456
0.661594
0.00889605
9.80097
27.0461
0
21.5213
8.88675
5.45096
0
0.616645
0
6.52046
1.02645
7.09536
8.40299
0
0
21.4251
0
0
8.98391
4.42713
1.38969
0.0360279
8.27382
11.1898
3.82071
4.43024
4.3402
3.27532
0
0.0476121
9.64386
0.0155449
1.06332
4.93497
4.67707
3.95888
16.2858
13.0958
0.852857
0.851563
0.000108633
0
22.1575
9.78108
9.80709
7.7022
3.39732
17.4916
13.7216
0
0.74934
1.24624
1.02809
3.49539
0.825714
1.60027
7.57503e-05
6.95592e-06
30.0186
0
23.3157
4.1744
0.558502
0
1.36688
0
1.15787
4.57067
9.33617
5.00962
22.0502
27.8865
2.18354e-08
2.89772
0.4491
0.130169
1.76564
1.32045
5.72138
0.070996
0
0.114682
5.42832
1.23877
0
4.88232
0.744335
7.90085
16.0615
0.728266
0.966943
0
15.0712
24.0581
3.21844
1.3138
1.29406
1.82318
0.836373
11.5192
0.94975
0.218508
13.3267
1.04908
0.051792
0.0223077
14.6051
5.83189
0.601943
6.40266
0.599341
5.25686
0
0
0.945015
6.02093
0
26.1226
0.0218433
6.70559
0
15.9643
16.2638
5.18026
25.4844
4.36513
8.40486
20.8134
5.00668
0
0
0
14.0092
16.8852
6.3001
6.53705
0.921666
2.91576
0.921033
11.4062
13.0861
13.1142
17.5632
17.2403
8.36425
8.64648
13.5288
10.5177
22.7772
3.34581
2.39296
16.4062
16.213
0.953878
0
20.122
10.7562
1.28964
2.82185
3.8451
0
22.4467
13.1662
7.43678
0.937062
44.7948
5.24379
9.0205
11.7934
18.2214
9.70023
16.4104
13.3083
18.9086
0
0
0.362761
8.94234
16.6079
15.3689
19.3734
17.7179
13.4499
13.5642
32.43
35.8778
72.0119
66.3076
43.7664
8.57394
7.99077
2.0512
0.0636611
7.75621e-05
0
1.9205
1.57324
0.684468
0.834027
11.354
0.601783
2.04763
9.05744
15.5915
12.1206
11.0391
6.60662
15.4469
2.18669
1.3419
2.15578
4.32912
26.6633
7.13232
0.0051576
16.3748
6.98833
7.11769
15.1444
19.5867
13.9824
0.001119
0.000692297
1.37632
19.8866
10.8052
1.31041
1.31689
13.7077
0.165069
5.19952e-05
2.90923e-07
0
0
27.294
0
17.8221
0
25.9338
20.6762
0.00471538
0
0
17.9101
18.2512
16.3145
11.542
1.91257
0
27.839
29.6524
1.45243
0.0794601
9.4594
15.4192
17.1704
3.44137e-05
17.6611
12.9402
4.02253
15.0992
4.354e-05
0.151397
12.3724
0
0
2.43992
0
0
17.6157
0
2.4421
9.87018
9.89013
10.5814
11.5778
3.49074
8.42558
0.299125
13.351
0
7.55051
10.5999
0
11.6934
10.8062
15.9684
0.00540463
2.13012
0.0931237
28.4064
13.3093
2.61777
13.826
0
11.9479
14.0775
16.6652
1.3318e-07
12.7049
7.64461
19.593
9.62646
0.607324
0.0347944
0.986038
16.2149
2.90295
22.3735
0.244636
2.61242
1.01341
3.82586
9.88264
2.27455
0.104565
0.0244707
11.8814
0
15.4847
13.1393
0.016531
6.61256
0.99961
6.7318
8.26151
13.2276
0.000287511
8.19533e-07
9.29843e-07
0
0
0
0.0330408
0.718266
18.258
2.58805
0.92982
6.81987
12.9164
1.35267
7.43707
17.0028
0.0032238
13.1358
21.3225
30.7227
31.1503
38.9755
23.1853
11.3472
0
9.6471
31.9048
36.5864
15.1291
25.4862
3.66276
15.6095
17.3275
0.0154792
9.93919
1.72496e-06
0
22.0817
0
0.226888
0
5.85678e-08
0
0.0157398
0
1.11608
4.94939
2.27925
0.354228
0.042563
0.594264
0.0586012
0.173867
0.672864
0.0389177
2.41985
0.0757551
11.0663
2.02086
21.9764
27.5799
0.0844725
0.877797
18.9532
8.63983
0.157287
0
11.4765
3.91487
13.0087
17.9505
0.00336806
1.16973
0
0.232062
18.6065
18.5194
0.074592
0.136619
2.63566
0
12.3222
21.9772
14.172
15.3794
0
3.08328
0.63059
0.860917
0.258379
0
16.933
0
0
1.60363
12.6391
26.4333
1.56755
0.644536
20.6297
2.04035
20.0918
20.7808
4.65626
9.53513
0.641567
0.70984
0.225923
0.741669
2.71073
2.61893
9.71583
0.152059
2.65639
17.5449
0.000231321
0.0196932
4.05344
0
0.718704
1.58095
0.00221793
16.2452
31.4513
2.45684
23.161
1.60522
7.48127
1.97669
8.49537
0.544803
0.000411688
0
0.000121599
12.4636
36.707
23.1387
27.8854
14.5001
9.87462
0
16.2577
17.1871
0
13.7409
0
1.41698
0.273669
8.12642
12.3059
0.00460902
1.04455
0
0.451811
4.89769
7.18722
3.11048
5.65742
3.73426
0.0234264
0.04662
0.0255601
0
3.7354
13.1664
0.0019318
5.08449e-07
4.67607
6.13061
16.3783
1.86155
0.625148
1.40074
4.04943
1.12019
5.78229e-05
27.0996
0.000501133
21.179
2.44135
1.48798
34.7635
32.2514
0.672803
0.97217
15.2874
39.9633
7.07855
9.4771
2.639
11.8924
4.90509
6.24048
0.0056109
15.157
8.0259
18.1241
5.58771
11.9155
2.01867
9.79741
5.33651
4.44142
11.0682
5.17737
0.000159527
0.000134766
0.00419576
0.266403
2.50278
0.343793
5.30308
1.9273
23.0473
1.76529e-05
0.638408
1.10833
0.884613
0.293137
13.1614
1.94018
3.12627
18.4707
15.5049
3.60386
14.4054
2.59308
0.42223
2.03137
15.6016
16.2594
11.1313
12.46
0.129927
0
11.2451
4.35811
0.155251
0.00376096
5.45176
4.15703e-05
0
0.40535
1.43852
0
0.690005
0.18592
4.64412
0.862976
14.6427
2.41004e-05
87.8371
2.81817
0.0931292
1.30876
3.86995
1.68928
6.89253
24.4635
0.121671
9.71346
34.3246
2.68013
0
93.1802
0.422442
5.09571
4.7994
0.101643
2.0645e-07
0.0263764
2.37831e-06
1.58324
9.66707
1.21889
1.29626
0.143841
2.45032
0.428762
8.68199
0.101535
0.61321
0
2.89535
3.46905
2.405
0
9.30981
0
9.0933
0
1.65559
19.4593
0.140723
0
1.86311
1.64242
0.0592447
5.59099e-08
6.02366
7.09873
0.929958
21.7919
13.091
3.58218
0.00265395
1.43912
0.355733
0.581109
0
0.335996
0.17755
0.83273
0.716566
20.4937
16.6554
0.0981354
1.7788
0.00479049
0.00690838
6.98252e-06
0.334294
9.79941
0
0.889191
0.653821
0.459926
0.685835
0.913455
0.715097
0
0.0117545
0
0
2.82297e-05
2.21546
0.183548
0.251472
4.76184e-07
0.181343
0.701971
0
0
0
0
0
15.9287
7.86481e-07
3.88742
9.08585
0.00218111
0
21.3288
4.67062
8.08561
0.611938
0.828995
2.1623
0.148707
1.02569
5.70908
0.00714883
0
2.13625
0.830976
0.0835977
0.0638822
4.91322
0
0.687032
15.5043
0.491999
0.0159558
18.7925
0
0.00153591
0
0
24.8499
0.0301848
0.951503
1.06285
1.253
0
0.640632
5.67707
0
4.41836
0.0120141
1.98089
2.38881e-07
0.168686
0.64665
0
0.730569
0
5.35946
0.0222434
5.45693
0
0
1.20399e-05
0
0.0125501
0.00422938
0
0
0.0789167
13.6694
0
13.6386
4.38359
15.3627
20.3198
0.103718
20.8804
9.49177
29.9018
2.00236
0.00726613
1.88474
0.00360974
28.2795
0.252321
4.78194e-05
1.91496
0
0.0235207
14.275
8.41128
0
0
12.8613
4.86887
5.9481
7.96814
3.11614
16.2177
12.2043
35.3575
0
1.65373
15.0905
0
9.63994
17.1238
28.444
15.5584
3.97924
7.85168
16.8652
19.63
14.0907
19.9308
16.6417
7.55252
8.43354
0.47697
11.1612
2.77915
0.412841
0.205474
0
0
7.26596
7.61865
4.17329
0.000842694
1.25002
0.000862808
0.800645
6.64674
8.94552
2.83993
6.54011
5.50072
1.54086
0.762013
5.0038
4.16513
6.69048
0.0274177
1.57698
0.578647
6.16475
2.8071
0.0253602
0.00152692
1.17291e-05
6.61839
0
0
0
0
0.0736813
0.0020715
0.138585
0
0
0.0127365
0.515606
0
0.468108
0
0
7.62437e-08
0.901745
0.0429438
4.209e-08
0.553341
0
0
1.32335e-07
0
0
7.4819
0
3.80326
0
0
0
0
0
18.6678
0
3.91236
0
0
0
14.9789
0
0.152148
0.00827177
0.000551696
0
12.457
0
0.144559
0.543949
0
0
3.22469
0.402324
5.40097
0.401218
0.436701
0
5.56066
12.488
0.117272
12.7617
8.03708
7.75604
1.91485
8.40069
7.18248
13.1626
22.4203
13.6706
13.987
6.43273
0.00452169
0.155109
17.1127
14.1315
21.0523
10.4209
12.4283
13.731
6.03222
19.4316
20.07
33.2362
7.93052
14.5096
31.4359
18.2329
17.7178
11.894
0
17.2515
0
16.8562
16.0816
21.3402
17.4795
3.61246
18.7736
17.0264
9.93024
0.317014
22.1831
17.7417
13.6683
18.0432
10.1868
26.3556
25.2839
15.5581
10.386
13.5239
13.7154
23.4249
0.0165418
22.0734
16.3947
15.6556
0
14.6622
14.0186
1.1284
0.96464
3.20284
0
3.0812
1.38102
7.63884
4.6745
12.9051
2.00055
0.92974
3.40782
0.332257
0.755275
0.439186
13.6368
0.776403
0
1.09052
21.4504
0
1.76822
0.137972
1.98412
0.867219
0
0.0288795
0
2.01479
0
4.3745
2.24255
2.99668
1.22441
4.34107
11.2576
6.49714
19.0635
11.0608
3.86627
22.9866
9.90471
4.58915
30.8414
22.4852
38.9008
12.1996
21.798
16.1155
0
21.5105
14.6858
10.485
0
25.4967
0
5.38696
5.40982
0.537325
5.97958
7.89852
8.40626
0.893203
25.6301
0
0
13.8676
6.08016
0.17199
0.00511348
1.75293
0.151495
0.276406
2.57975
3.6359
0
1.27933
9.47637
1.2196
0
0
0
0
0.000548805
0.235204
0
15.9425
0
0
0.798808
0
11.1381
8.82343
5.57381e-06
0.0477227
17.9316
8.22212
0.300675
2.62123
0.71365
1.63809
0.0339756
0
26.8679
1.81146
0.295216
12.0532
1.95924
20.7847
0
4.14427
0
0.134825
0
33.1492
0.0923342
0
0.247905
8.66076
3.4554e-07
5.06975
18.4588
14.714
12.703
10.1381
11.4916
2.97917
3.61535
8.15611
2.66949
0.934623
15.7627
0.222425
0
10.0223
1.27491
10.8586
0.678626
12.595
2.22737
1.88485
3.45944
12.4918
1.91835
1.10955
2.98508
5.16619
17.1053
6.42583
5.32813
7.22595
4.83452
0.00756909
0
0.0058411
0.379908
0.0224703
4.38378
13.2649
20.232
18.0373
0.0519526
18.8834
17.5615
1.87843
22.5613
4.51154
23.7336
4.89327
1.52243
2.04144
69.99
32.212
3.70268
20.4375
14.8881
2.52847
0.665935
0.0233521
3.26019e-05
0.0382347
1.74638
0
0.000765208
9.50739
11.1507
12.5688
0.0342376
22.9831
0
0
0.00384415
0.0487233
0.446099
0.289797
4.00204e-06
0
2.65971
1.74052e-07
2.53283
10.4203
1.52905
8.75229
2.25944
5.2883
0
0
6.89489
3.10231
1.17432e-07
7.8535
5.87676
2.33549
0.102487
13.599
19.7565
4.51377e-06
3.07701
5.61436
9.62659e-06
0.240984
0.138306
0.000176055
0.531249
0.369324
23.4014
0.0213419
18.4239
9.82236
40.6952
0
0
0
0.235746
0.00054451
13.4706
7.96739
21.1254
0
9.72302
14.1511
7.0606
3.73771
2.65757
4.59657
3.95104
0.0805029
0.150191
0.910833
0.43436
0.0223997
8.91999
0
0
0
0
0.000641589
0.405222
0.767926
0
0
0
7.34879
1.53248
0
0
8.74047
0
0
1.65915e-06
0
0
4.81044
14.5904
0
3.45156
1.63878
0
0
0.781875
0
3.62796
3.24349
7.66599
11.4169
5.21444
3.99165
4.06834
3.45322
3.76303
12.602
6.75936
1.55116
16.9535
13.7952
24.4558
9.11928
7.73937
19.1208
16.5695
14.0205
20.5448
24.9703
21.3238
5.26241
8.89194
15.2695
15.3082
4.97655
11.6921
18.6348
18.2578
14.4761
7.4312
13.6738
6.18302
7.67522
6.23241
5.2795
1.44569
7.25296
7.65452e-06
0
0.0464661
5.62684e-06
0.895196
23.9863
19.9815
0.203508
10.9382
3.14922
5.91569
2.4362e-07
0
3.9263
0
16.1853
2.50544
1.25737e-05
0
4.74917
18.8516
0.160389
10.6692
21.1147
16.6939
8.73186
0.587865
4.04802
0
10.4784
20.7304
6.24301
24.8078
5.73774
5.39617
7.30314
5.93826
2.8124
6.29787
29.286
21.6013
3.27856
3.98831
2.91896
3.91788
11.5757
7.72147
23.012
13.1554
9.33085
16.3741
30.1501
18.6843
17.5057
14.5915
7.09777
10.692
5.36104
9.42206
10.0566
9.79953
15.0885
0
0
0.0485614
3.74523
4.75553
12.7148
8.30965
11.1085
13.9195
38.4413
18.8579
16.9047
32.6039
2.88436
28.3034
16.8976
5.41153
1.38471
3.40745
5.53124
33.3498
4.66821
22.8962
2.96456
2.09438
4.16639
8.15149
5.60094
8.47677
4.60291
8.43589
6.27539
11.1666
9.68772
22.1266
16.0758
11.8279
22.2597
9.01119
11.2329
34.0576
5.27861
8.96228
0
0.833158
3.88966
5.82243
13.334
4.44666
7.35982
0.175573
13.1974
12.4622
14.0066
10.3957
6.53853
9.42984
16.9715
42.376
0
0
1.45615e-06
26.5642
26.0696
32.2657
1.94485
18.4243
1.77644
9.11873
0.0761824
3.05862
2.20091
6.92163
15.4692
0.00235005
10.5748
73.8159
33.2027
17.8737
10.4532
1.03545
30.7577
8.7131
33.9547
10.9533
8.02207
35.2166
33.5062
38.0159
27.4702
16.561
13.8441
19.1438
15.3604
6.32385
24.9504
29.2619
14.5493
12.5272
18.0337
16.0072
6.17711
19.8053
22.9055
17.9136
10.3773
12.759
10.8806
29.5847
10.9235
9.69271
0
14.5926
0
3.92101
11.8365
27.182
7.79419
4.71018
11.3651
8.98432
7.76187
6.19025
6.16361
7.36149
7.77493
8.24017
13.2876
18.0256
9.15748
10.0542
13.5585
4.32163
6.81234
7.78714
6.43582
0
11.4536
16.2277
9.90222
7.59356
12.506
1.27381
1.51045
1.71849
12.5518
16.9494
9.01082
0.241501
14.505
10.4303
5.0894
21.6419
3.79508
6.18241
12.3517
12.4981
3.82101
1.6
0.0391791
15.1856
9.06457
1.48486
0.90062
4.65642
5.74246
1.34601
2.68439
0.973456
2.63583
9.55291e-07
3.63855
0.977778
0.190237
1.54361
20.1661
1.54932
4.17533
3.47735
0.731792
1.28648
0.00614015
0.575387
0.297531
1.79697
2.26962
0.911385
0.0579572
7.61093e-06
0.153917
0.957112
4.94136
0.566333
1.07179
3.7926
1.50799
7.73707
1.47018
0
0.133797
0.0237693
1.01341
0.963568
4.79932
0
6.62171
0
9.95411
2.79431e-06
14.4247
0.0749739
0.75679
9.17458
0.161576
14.71
15.9368
20.6617
1.42145
7.61603
0
0.0312598
0.44071
0.70951
27.7075
16.895
0.745298
0.18391
27.3716
2.72388
0
0.0416599
0
0.00820942
0
0.00190236
0
0.205814
2.03754
2.89524
0
5.49346
3.06015
0.95204
4.60548
19.6418
1.1965
8.74017
0.0527942
6.21475
15.4505
5.54305
11.2165
0
0
0
2.3581
4.95998
0
0.0056878
1.09005
0
0
0
0
0.00176102
0.201975
0
4.99049
0
3.72911
0
1.83286
0
0.228391
0
0.0474311
0.000285596
0.0247185
0.71148
5.86677e-06
0.115749
0.280309
0.107046
0
0
0.926898
18.806
8.0279
20.2488
13.3364
19.1295
4.11452
2.54188
0
0
0
1.77572
15.1602
0.162363
4.04789
0.0627235
1.33764
15.4232
47.2871
38.1628
13.3661
14.3753
5.56831
5.6362
10.7509
1.25965
5.35307
9.75498
2.47161
11.5123
10.0205
3.17368
22.3948
20.2193
5.10877
10.6529
1.07969
13.2306
1.9699
15.3126
2.44842
22.182
52.6851
0.574051
0.000754801
0.459265
0.110032
0
1.88915
0
0.924998
7.4105e-06
0.977153
0
8.26657
0
4.45996
0.272488
5.93581
4.13811
4.1265
14.0422
7.50779
6.47703
3.06563
0
5.47149
11.7622
9.86443
13.2562
32.6161
22.8515
15.2744
0.373047
23.3177
0.265075
29.8275
29.4262
15.3036
0.72964
0.110945
15.2206
11.5498
21.9479
7.28613
14.8008
32.4935
2.92406
1.42038
11.3568
15.3592
3.08871
10.9801
0.00208064
8.20354
17.0893
2.11975
2.1722
13.1251
0.946504
15.019
0.332848
0.15504
1.58424
0.0370607
6.40374
0
16.1878
34.8073
18.7726
12.3249
6.92293
12.2698
7.02605
1.69185
0
3.78914e-07
4.41549
4.62969
12.1146
10.5047
17.88
4.09412
12.2613
14.6894
10.3315
17.9868
6.86019
5.84711
0
2.76445
0.99543
6.19504
0.013887
2.36542
5.48747
0.774511
1.19033
3.27051
0.0149899
0.308293
0.643649
3.54468
2.54749
0
0.000356053
0.295469
16.4926
0.779977
0.540935
9.29539
8.02636
1.07177
6.33997
0.00528301
4.50864
0
12.1526
0.290076
0.00076857
5.68006
1.89722
0.549629
1.03608e-07
0.177541
0.00720265
0.00442524
0
1.32643e-05
0.335819
0
0
1.93292e-06
0.970607
7.59581
0.695448
0.109549
0.733876
3.88069
10.2069
1.93984
0.00607596
0.782377
4.02123
0.0832448
0
1.60308
0.0613451
7.59638
0
4.34426
14.1268
11.2227
13.6157
18.893
8.43188
17.8492
1.06497
9.93776
5.79473
1.05897
11.3313
3.91789
0.885986
0
8.2627
0
8.43959
8.38315
13.8511
2.75551
14.939
19.356
0.208043
23.5331
14.1235
16.1225
12.0831
0.778314
14.2999
0.960409
18.7216
7.80806
3.22679
13.1551
11.3101
7.79592
1.42306
0
1.35911
1.7163
1.27666
0.780361
15.02
0.0337548
10.9321
5.36079
14.7064
11.0846
21.3412
15.6936
15.0539
5.17807
14.6777
9.45207
18.9123
12.3918
19.7926
6.83946
9.69097
0.0119106
5.82901
7.98308
15.8383
1.7302
3.92593
17.4382
6.34374
5.71425
13.955
10.0324
3.60377
13.3735
3.83652
7.16857
23.152
20.4368
5.17466
15.6814
12.7207
0
7.00437
11.3993
5.34601
8.8198
15.4874
0.985401
15.6909
22.3521
12.5638
0
0
22.4754
12.6443
22.6697
15.144
9.84812
17.2063
8.47846
2.96556
19.0817
34.6355
20.2637
6.01793
19.1694
13.4343
27.8436
14.7245
22.3782
7.49024
16.1314
13.2678
30.8278
26.8278
1.13347
31.0713
19.6409
14.5344
1.11451
17.4166
28.1148
54.8235
30.5577
1.55843e-06
52.381
33.9845
30.6012
6.56587e-09
5.57867
9.35515
19.1846
12.2054
19.2409
13.5797
19.0772
1.55464
0
6.84372
1.03914
32.3426
0.0110367
12.458
48.0337
28.3483
23.4147
25.8996
0.0171091
13.2184
0
14.2918
26.0033
20.7036
14.335
16.5778
48.9626
34.678
24.2071
20.6127
24.2741
17.83
30.3652
0.265881
23.7107
10.8563
35.629
0
10.4488
15.8103
10.4769
14.7465
8.09798
25.6126
14.9669
0.515416
8.60267
8.25093
5.28963
10.1921
12.36
0.00471641
5.50941
6.54059
9.44517
0.0262017
2.67235
0.00260543
1.74981
1.68771
19.7904
0.12063
9.98595
12.1379
8.05255
12.7417
2.01161
6.39222
41.7222
0
1.4546
1.97803
4.38318
0
12.8786
13.9568
10.0468
4.7788
10.4364
8.69928
18.4023
10.9181
9.82093
6.1997
13.7856
14.5908
6.49777
13.3041
1.39411
17.0938
30.6975
1.94954e-05
8.84563
11.5972
46.1126
7.54268
2.63107
23.8549
0.0173261
1.0414
0.779722
19.3092
23.5989
8.69308
38.6621
10.6327
14.6688
9.02051
8.31831
7.06614
17.6211
34.448
5.45376
0.633298
8.07189
34.8581
9.08089
33.0293
9.80727
2.79616
13.0624
9.96969
21.6021
12.3298
0.270505
9.16051
1.19907
18.4701
8.33738
8.15809
0.13746
0.791515
7.48827
15.5497
12.0441
16.2102
1.27222
2.2851
3.4869
8.51646
16.2244
8.11675
8.30684
8.66781
2.16726
9.49637
4.81008
17.8397
4.749
0.15764
18.3501
7.45646
3.48204
12.9743
7.69025
21.895
0
11.6761
0.0534101
8.34705
3.2413
3.19116
10.9129
3.59577
0.0980786
33.6759
0.528447
20.7631
0.190569
8.66679
3.95073
0.40738
12.8351
1.17003
0.0141053
0.00426121
0
0
21.0003
5.91097
13.7843
16.8387
18.127
12.8499
15.4864
1.12533
2.57972
6.87336
11.6639
15.0136
0.970014
19.9722
19.6105
6.48815e-07
9.03421
0.043137
7.31116
5.34606
1.46589e-07
7.96165
1.32452
3.96013
7.38344
0.00959676
0.0892391
1.01739
0.966208
0.010098
7.5899
22.5417
19.3797
0
3.57295
16.5535
10.4894
22.6932
13.0036
13.171
9.30895
9.77959
8.24417
6.26781
11.3532
0.0190406
10.9049
10.4791
9.51994
7.19546
0.000457352
12.2098
7.46129
14.5829
5.97357
13.7881
12.7996
208.082
8.2825
17.4008
8.03647
178.188
8.05021
10.5994
14.5008
6.83612
5.71408
6.32482
6.82339
12.5507
5.64996
10.357
11.2912
4.86423
2.15653
22.7457
19.7279
12.0133
1.04343
0.0011442
13.1403
20.462
1.79564
0.00238268
0
1.31485e-08
7.15651
0.96486
0.117164
3.14637e-05
0.833951
4.75696
8.61196e-07
0
9.70791
0.296173
1.74762
9.26198
0.277243
0
4.42363
9.46112
8.15914
0.0163352
1.3394
2.35633
1.20367
1.58492
0.734432
1.60292
0
0.658456
39.4572
4.82121
0
0
2.32108
0
0
0.175311
0
7.29117
16.0918
16.9735
2.20355
3.3439
0.349193
12.5703
2.49609
9.1487
6.55717
7.66938
9.62397
16.596
3.65416
6.93827
5.76612
10.3413
7.51619
1.08171
3.16465
16.6993
14.303
29.1648
2.34084
18.3403
0.713911
3.44149
0
2.01169
8.43421
11.9771
6.85751
1.99927
4.01145
5.55931
5.74367
0
4.05525
10.9302
15.6538
20.3088
10.9447
16.8274
15.3488
12.3322
3.1286
12.0823
12.7935
13.705
13.8442
23.6914
14.2991
0.621793
9.28
5.31411
3.40218
0
0
6.65836
8.62964
3.46075
0.0261866
0.388699
20.5041
25.2604
6.24276
2.20634
8.53022
6.81015
16.653
10.3597
9.44793
0.0272933
0.0165448
9.88052
11.3711
58.4029
12.0843
38.1686
17.2557
17.1677
24.5218
0.792257
3.25498e-05
0.588709
15.0244
12.9822
1.83122
1.66087
1.38638
12.2317
4.76216
2.51709
9.25286
1.46657
3.19715
2.32617
16.5243
30.496
4.36966
0.329947
8.0507
14.0658
0.0328974
0
0.853253
0.802654
0.0144118
0.00913842
16.5502
1.96807
4.18736
0
7.97392e-05
0.0831574
9.32576
0.169886
12.4556
3.4107
1.47729e-05
12.8158
0.845598
0.0532353
1.59124
12.4401
0.0101033
6.18257
0.809572
0.00337924
6.94881e-07
0.0269918
0.024554
0.013266
4.22958
2.27767
6.13756
8.25405
6.01455
0.0315323
1.80839
0.095581
10.4138
3.70354
4.98866
22.3443
3.09116
5.09351
8.33117
15.0699
7.32238
5.41747
18.9325
0.724514
0.390045
7.91033
4.21545
10.5981
8.35518
5.45441
5.19744
14.8479
11.7344
1.95418
3.36228
22.4404
0
0
0.11576
0
0
0.145684
0.156448
0.720286
1.77302
2.31527
0.27032
10.0289
0.043934
1.55437
0
3.30549
0.0122289
22.0326
6.26765
6.62227
13.3922
12.4878
32.7757
12.7243
1.40858
7.12137
13.6539
23.907
1.56821
14.3645
22.2842
1.56389
4.36461
17.1851
3.53716
22.7375
9.49584
5.01109
19.5421
6.8913
2.1125
19.2306
2.2925
2.60705
0
3.77037
1.9219
0
13.9151
31.2918
0
21.625
13.0019
16.8736
15.4899
0.320945
4.77522
11.255
14.1022
11.632
11.7488
19.2677
4.14958
5.57287
5.2398
6.5953
1.89403
1.46633
21.5368
1.3545
1.30088
1.30724
1.10152
0.915783
2.53453
1.10614
2.20131
0.66754
0.881904
0.797663
0.964172
0.292709
7.47487
1.54064
3.77127
3.13174
1.00439
0.00327306
0.693702
0.239051
1.96586
2.20338
0.888691
0.0352981
1.82768e-07
0.174809
1.06415
0.334518
0.844939
4.14837
11.1299
0.715409
10.0973
10.1078
9.33591
3.00345
13.3461
0
1.53537
0
8.96056
0
2.38886
9.11009
5.42398
2.92699
7.22336
9.15318
3.68684
21.9346
5.72475
9.15904
15.8757
2.42392
21.031
18.7201
0.600672
0.0107334
13.4065
0
0.435132
22.431
0
2.40094
0.10616
14.522
0.747679
0
0.389215
0.013129
11.7655
0
0
0
0
14.0696
20.5324
23.2259
15.5995
0.0133463
20.5182
15.3012
7.352
28.73
7.68191
18.5662
2.81094
0
0
18.4293
7.63725
0.214124
0.801208
0.773505
1.14133
1.01385
9.92738
0.124742
2.60648
18.047
0.824357
0.156169
0.00240266
0.00349936
6.8473
19.4971
0
2.08561e-05
0.00257382
0
0
0
23.1746
0
0.0705552
12.7527
0.000412281
0
4.63282
0
0
0.0312353
12.9265
22.6601
0
1.0087
0.0311277
0.000219199
11.4437
0
0
0
3.14947
0
0
0
0.000581812
0.00396702
2.64818
0.0129157
0.74331
2.05095
0
14.1271
0
0
16.3475
0
0
0.00893336
0.021053
0
0.274259
0.576269
0
0
0.0175401
0.925259
0.0393924
0
18.2644
0
1.01111
0.0536133
0
0.0022447
0.891558
5.16898
0
0.615907
0
0.22205
6.19249
15.896
2.89468
1.01474
0.80373
0
4.27342
9.24791
5.59713
5.81291
0.0706635
1.25873
4.20961
15.9977
5.0088
0
0.000821642
1.83541
1.06459e-05
0.0140454
0.704976
8.02378e-05
0.540536
1.09234
1.7121
0.832331
7.20381
1.70694e-06
11.2337
6.33004
1.77862
8.59492
0.0531945
4.21158
10.9787
2.75254
0.145056
4.99183
15.1589
3.28008e-05
1.2743
0.704981
0.554823
48.716
1.44046
0.113153
8.61695
0
0.271328
2.59273
6.9852
0.204707
2.91433
22.6649
0
3.25344e-07
4.78413
0.736057
0.218491
0.0272927
0.00519374
1.89145
0.460522
2.01698
5.81076
4.36144
0.129596
14.508
8.48069
0.00869378
0.0462564
1.01992
0.000465637
1.61035
14.7177
2.62449
1.11733
0
6.04321
18.9693
15.8266
16.133
0
15.3698
23.0953
6.54991
29.1085
1.08038
3.09446
17.6996
0.989451
19.6016
0.709754
3.14928
16.4187
0.905041
0.209856
0.191719
0.170017
11.7144
0.138575
0.234638
9.76748
13.1357
1.0079
9.19291
11.1444
3.81435
4.06599
0.474174
11.6286
12.0342
0.886041
2.62413
13.7426
14.1168
1.07871
2.85256
33.1488
12.1868
19.9231
11.8955
26.8533
7.76436
20.2614
11.3281
0.264402
19.3561
1.0146
8.84263
18.2509
19.0147
9.21841
0.0475172
2.2779
1.71055
0.0174925
0.948558
4.63409
0.91896
0.0182214
0
3.73124
7.88457
1.82371
0.642628
0.156993
1.82448
9.57764
0
0
1.68678
12.7809
3.54044
0.0129514
0.985634
9.9935
1.13911e-06
1.31991
28.4961
3.80377
14.8332
10.5012
20.2627
0.000231632
1.39909
0.313505
0
19.2892
0
0.744941
12.132
3.89101
0
31.2385
5.8996
0.62399
0.0260467
2.92646
20.1105
9.37174
1.21853
14.0383
1.45258
0.280187
9.67437
13.6589
6.6337
21.357
1.39546
11.8929
6.33975
6.29464
4.83096
6.64127
13.0825
6.21124
4.17701
3.15384
20.4812
0.182647
6.42643
12.8834
0
12.6631
7.27117
27.6667
3.97596
0
0
0.000686894
0.0175506
0.103662
0.187894
0.411869
0.00436372
0.0597144
1.16707
0.00270765
0
14.0056
18.6993
0.672321
44.0739
10.83
10.03
8.92373
4.12457
12.8063
0.716208
7.48307
8.55287
2.30292
7.21249
7.14821
17.5019
12.999
13.0816
3.32692
15.1957
20.4965
38.2393
15.6283
11.0629
5.16021
11.6505
13.0946
0.255153
0
2.16385
0.000372796
0.00108793
0.385566
0.547753
12.4992
2.18018
4.5398e-07
13.8772
16.9749
19.4827
9.13759
6.41977
5.81462
0.00274305
0
0
0
0
9.97917
0
0
2.30036e-07
35.8753
22.7188
9.63376
6.24759
10.8041
2.07557
0.0843413
4.09538e-05
0.969355
0.951016
0.0244012
0.0315776
0.0263164
2.37417
2.86522
0.000683951
13.8054
0.00176804
0.228506
1.40725
9.17246
2.18744
6.99855
3.27126
5.98592
3.14977
0.296478
1.82992
0.276781
0.340323
9.09045
0.096914
0.261596
0.845644
13.5001
2.10268
0.396838
21.0342
0.388392
27.4878
0
0.989628
29.5578
