8.8135
5.0503
10.3975
0
1.51966
5.48343
0
3.60632
1.68843
14.7332
12.5587
0.0491766
0
2.13435
4.42171
4.9085e-08
4.38988
13.6226
11.5924
38.3844
6.32185
3.23905
1.06531e-07
2.88508e-06
3.5578
3.43733
0.863092
0.841912
12.8607
0.430865
1.71891
5.45479
0.722397
1.20507
4.80169
0
1.63877
12.0225
7.34388
8.18865
7.47573
17.3545
1.9146
12.7865
1.3202
19.744
3.04636
0
0.515954
0
3.56632
0.24892
11.9449
2.68794
1.68309
2.54313
17.66
0.958396
0.589915
1.47685
6.68084
0.0145983
10.0686
6.61569
6.68241
0
5.32548
2.57009
6.53416
1.48804
13.7093
0.00030467
0.000190183
0
1.79624
1.03182
3.23367
1.62765
0.902527
0.0355985
0.955053
1.1089
0.238541
0.957509
32.047
3.34839
7.6053
13.7674
9.32577
14.0044
19.2945
17.2298
3.59469
11.0763
4.8994
15.9361
18.1105
33.1357
0.563202
2.77372
7.02921
6.75416
6.91849
6.87708
5.69959
5.54988
4.63645
11.5464
10.1842
7.09475
9.92757
6.5127
9.18604
12.9712
5.87908
6.8949
5.46823
5.31374
1.36351
3.71151
7.92849
2.91613
2.04777
4.47678
0
1.31443
4.36051
0
0
0.0477974
8.4528
1.48109
0.0254129
9.97393
0.463438
3.58223
24.0369
0.290219
0.271215
6.38913
5.21922e-06
0.0773553
0.927039
3.64687
0.0194647
0.212183
0
0
16.7783
67.9229
1.69913
1.05883
0.0462861
0.0332519
5.63261
3.73983
7.36207
1.03735
12.6118
2.12866
29.5521
12.7073
10.3022
13.7583
0.224622
6.40428
7.55117
13.6895
5.63685
2.1835
10.6399
3.01996
22.705
4.7168
2.41666
6.15328e-05
0.15846
1.15204
0
0.0256523
0.000155528
5.52451
0.305311
0
10.3198
5.27669
14.2461
1.15527
17.7677
31.5277
14.9997
19.1174
17.5699
14.3225
2.03698
0
8.1131
2.75016
10.1156
5.57428
31.0683
82.8403
24.0351
34.4211
14.4765
6.92086
15.3323
8.64977
40.3457
3.12125
7.72238
8.73751
1.87521
6.376
11.0693
8.74385
4.56327
6.60747
4.75925
5.57432
0.613804
1.52558
5.93311
2.18838
11.1416
4.99508
8.77265
16.2065
27.14
0.243935
0.869102
7.91293
10.4926
1.29667
5.10005
1.01949
4.49471
2.28533
3.18353
8.38255
3.64837
1.76782
1.13457
3.59244
1.56055
0.590739
0.0103414
0.541436
1.45332
0.276804
1.26432
0.662023
0
0
0
0
0.912235
0
0.00900061
0.443099
0
0.193877
0.680354
0
2.75936e-05
1.91108e-07
0
0
0
0.0949732
5.71722
0.731962
16.3118
0.516253
0.205794
1.41192
5.9521e-05
1.38272e-08
5.91244
0.0545366
15.9125
0.605553
0.245364
0.0423041
0.132561
0.280493
1.39005
0.947729
0
3.99789
0.957306
0.866884
0.376002
0.0508546
0.180062
0.151289
0.994647
22.5561
3.56366
8.14516
10.8258
7.73566
8.27119
8.31183
1.21601
13.2521
1.95093
2.11854
0.774585
0.305574
2.51452
0.418918
5.41214
5.36766
12.8171
10.8282
20.7671
8.72124
2.99349
4.39392
0
1.85602
4.49702
1.49295
11.8477
7.15706
0.489871
6.51805e-06
0
0.0207752
0.000480396
1.21037
0
1.14475
2.84939
5.41927
3.89929
4.9788
5.4966
2.00112
32.2617
2.40634
7.49756
0.543803
0
1.65399
0.951363
3.70187
4.18005
3.33324
0.65087
0.0728917
11.7572
3.73016
0.269368
0.0597372
4.90291
0.151717
0.22864
3.22258
4.68241
0.808024
0.00586208
1.88807
0
0.0186797
0.040371
1.5144
1.88314
1.60868
0.304021
0.0720266
6.28264
3.7837
1.39396
1.14762
0
2.36466
7.74087
10.6986
13.2089
7.90881
1.25462
20.4399
14.3245
8.43246
3.44345
4.7929
5.46066
3.75613
5.38789
5.99623
2.04188
6.47215
5.09835
10.6066
9.03316
9.54848
7.87414
15.148
7.24991
18.0384
12.6664
14.7187
21.8037
18.3627
15.7564
10.6495
12.1593
3.71678
14.8568
5.63979
12.7567
15.6376
3.27402
1.64612
52.5245
16.8876
11.1756
3.44597
2.06946
22.6008
34.0977
25.4486
10.9323
21.2239
11.6427
16.1177
7.71289
13.1469
0.84017
27.5406
27.1202
21.2654
18.7088
8.40974
35.9975
0.126299
23.1204
8.36529
6.75658
4.22357
9.88944
15.4989
13.5448
0.077475
2.79563
0
1.78169
9.8467
9.25619
4.67144
19.5468
3.85675
10.0452
8.83758
19.5896
11.8775
8.60447
10.3863
2.16865
2.524
0.0310392
0.0811668
7.43548
1.69475
11.2045
2.53064
0.309421
3.37747
0.267902
2.25674
1.06852
0.354802
0.767449
0.788831
0.973685
2.58036
2.29721
5.28716
7.11823
3.89697
0.560222
11.7073
16.1842
3.716
7.70233
7.7422
0.873671
9.91795
13.4624
18.3597
10.2277
0.108273
0.722993
12.1278
0.7773
0.0639032
0.0306368
0.00678824
10.0447
23.4594
6.29695
11.5067
27.3707
14.8249
8.26469
7.21059
0
4.85936
6.16673
1.78055
0.906677
3.25893
9.23686
8.62272
14.094
13.8304
10.7713
3.72158
1.18008
9.01413
5.76122
0.789265
0
11.8442
0
4.16609
0.0050276
0.160187
0.398213
3.21256
0.314163
1.43212
1.89353
2.23904
0.0388529
0.924318
0.629908
7.45481
1.41382
0.810297
4.69518
6.63204
5.42459
6.53026
15.4571
12.5044
10.5034
10.01
17.9085
20.5597
0.967218
19.4867
0.911087
24.6057
20.3423
14.1471
18.0943
11.1594
2.63546
1.05456
0
5.33107
0.0528322
0.000832202
4.00333
0.0131173
13.8653
4.23267
6.64488
10.4431
2.53071
5.40542
1.32524
5.05611
8.31173
22.0291
32.4559
6.37963
0
4.92674
0.00381715
6.22613
8.54026
0.880288
1.60684
0.227148
9.51738
1.46191
0.921634
0.923637
0.696725
0.905172
2.3917
2.42885
16.3422
2.74625
2.07906
5.85724
8.5245
9.36969
4.61599
1.31875
1.49885
13.3496
1.1936
0.0291253
0.0783505
3.15787
1.13867
0.0630052
10.0417
14.3686
10.7515
0.663406
1.01239
1.18845
16.7975
1.09873
24.8724
12.9383
2.72297
1.68516
1.09456
0.0211571
0.174805
5.99336
1.16234
0
2.21458
0.30418
0
0.668977
11.1929
7.99551e-08
8.54557
11.5339
5.53941
0.888575
5.54653
5.20631
7.80318
4.5247
0
0.00112938
0
0.741662
20.0849
18.9454
0.0397751
14.1652
0
9.75732
6.81454
13.5236
15.689
0.682922
0.989747
1.27735
0
0
0
0.417851
0
15.874
17.4369
9.0856
5.04353
6.05972
0.126465
11.4351
8.04105
17.4732
20.1473
6.37519e-07
17.316
1.04273
7.27986
13.7305
1.17695
0.000126227
6.73344
11.2043
0.311053
6.91429
0.0176736
0.41772
0.0896267
11.5699
14.6789
10.6443
15.039
10.1203
16.622
1.58376
1.35144
0.405416
0.62898
0.812994
0
1.48302e-06
0
4.06594e-07
0.532248
9.85297
0.813951
1.48373
0.00471486
0.00827863
2.98371
4.71794
0.955688
9.90626
4.32228
9.51988
3.34181
8.64397
6.64586
15.774
13.9383
4.22994
11.461
21.0288
15.7717
0
2.15852
12.5129
2.25818
9.53689e-06
9.87834
0.00129701
23.1484
64.7446
11.1858
36.0703
18.9634
3.24239
16.2116
0.522615
0
16.4097
29.331
0.16941
0.2065
1.4379
1.74885
17.4501
1.26413
0
0
0.528635
0.335759
1.15126
7.66118
10.8462
7.01042
6.9601
0
0
0.915145
7.86828
12.9136
0.476256
0.962233
24.7312
0.0804325
15.5549
0.320271
6.95415
13.3533
6.48084
25.538
0.514846
2.28043
1.99022
1.75154
1.38599e-07
0
0
1.05115e-06
7.07641
0
0
0
2.14551
15.5816
3.79891
20.5748
12.7868
4.88846
6.75142
3.61399
4.18486
3.76686
0
9.10589
3.22002
6.16839
3.57751
16.2385
8.7736
16.9434
2.56232
0
3.10626
0.103906
14.1109
0
0.338264
0.00344163
19.4644
15.0487
7.60567
5.12585
4.69302
16.0896
3.04867
0
1.89663
4.41382
1.37205
0.000178589
0.713532
0
0
3.68565
4.3437
7.74094
1.2115
2.94129
22.4056
4.80614
5.67405
7.83753
8.61832
8.19819
0
0.0271705
10.8264
12.0666
16.2504
7.6205
1.59217
0
0
4.55564
5.58398
8.46092
9.87489
0
1.86975
9.66345
8.14492
0.984127
14.6567
1.70082
0.990512
9.31151
0.261168
0.00040112
13.6453
1.62802
0
0.152906
4.15443
0.845964
0.87409
0.927335
2.88169
2.7075
0
0
10.2055
0.0500338
23.3519
0.607669
2.91654
0.93605
0.00419996
0.208295
0
7.40473
0
4.75693
6.78534
4.75991
5.175
10.0295
0
12.4866
9.20525
2.91792
2.15159
1.86925
9.10664
1.79385
12.6141
14.6241
4.32807
8.42768
6.26304
18.8079
8.75684
6.57637
5.73745
0.0140423
8.12453
1.46491
3.79145
10.6772
0.550811
4.01567
1.85293
2.80013
5.32848
9.42414
4.45824
1.08505
0.0464649
0.125811
0.067396
0.665798
4.45508
4.54321
18.1524
9.52305
1.43078
0.404424
4.56534
7.33355
12.6428
0
16.3037
6.87946
2.10992
0
1.17965
0.662351
11.6852
3.36191
12.4626
11.5764
0
0
15.5207
0
0
7.48967
10.169
5.46973
2.22287
2.45843
15.2665
2.51344
2.22238
6.95527
7.63868
0
0.619778
3.05736
0.147496
0.210372
4.47758
2.8327
5.88029
22.2989
13.4674
2.04903
0.255692
0.732691
6.44619e-07
27.3536
6.41821
5.75524
17.8367
11.1236
13.3721
7.01889
0
0.00917825
1.04848
0.260674
5.17492
1.39216
2.16636
0
0
20.8759
0
15.5436
3.58305
0.12145
0
1.17844
0
0.000226436
7.36773
8.19541
4.46944
11.0507
14.4357
0.16528
3.0793
0
0.136303
4.22438
1.60302
2.28795
1.13814
0
0.0513809
1.29067
0.374168
2.60478e-06
2.71619
2.3632
4.55475
18.8055
10.6662
0.0927544
0.0654939
11.6678
19.1366
3.29573
0.629955
1.66982
0.83527
0.907561
2.62535
0.566719
0.619461
17.1747
2.55008
0.918156
0
10.073
5.53702
0.268135
2.79989
0
6.3239
3.73921e-08
0
0.874835
7.29912
0
23.7495
0.44474
3.73948
0
14.1418
18.1766
8.79727
17.2012
7.05353
3.06754
21.9448
5.40778
0
0
0.284391
12.7758
5.98448
6.9099
6.98322
1.09602
0.048045
0.0698593
12.6318
14.6899
17.9502
20.4749
10.266
17.704
11.8246
5.94271
17.9677
13.5348
2.83948
0.43291
11.629
5.76247
0.537368
0
14.8662
17.2314
0.165111
4.21486
1.20741
0.0100701
17.4144
8.34135
12.0136
0.00707749
73.1128
14.428
8.94242
7.55997
17.7631
4.00732
17.7001
10.6494
8.23278
0.0691234
6.77405e-08
0.35675
8.18428
15.8636
9.15387
10.8103
10.9726
8.40042
11.3618
27.3755
26.357
34.6723
35.8717
25.0292
9.33196
12.1945
0.130471
0.759904
0.162685
0.0422204
2.29318
0
1.01714
1.14308
13.3247
1.44136
0.365052
10.3534
8.2005
9.30795
4.34622
5.73223
7.69953
4.02696
1.87402
3.54464
9.63412
14.8869
5.7065
0.108786
15.4177
10.8024
10.6619
21.8004
6.962
7.26672
0.0695559
0.00753962
0.425578
12.1312
9.09882
0.436077
7.60981
3.23975
0.558217
0
1.39139e-05
0.0409805
0.465424
20.7215
0.0223583
13.3075
0
20.3977
30.6964
0.594925
0
0.141794
17.1684
12.3228
13.5917
11.9915
1.54082
0
35.8188
20.0683
1.99291
0.623391
10.2594
36.6212
34.1304
0
17.1698
11.7883
2.53926
17.1252
0
1.08036
27.293
0
0
3.0574
0
0
28.2291
0
3.1488
14.0232
21.1978
26.055
17.3839
3.4622
14.3216
0
9.20791
0
11.5289
13.4939
0
12.237
8.70956
10.8629
0.0906488
1.87174
0.452054
27.4411
16.4839
4.56342
15.5455
0
14.1487
17.9761
18.4062
4.73213e-08
11.8232
3.12588
18.4531
7.82176
0.0208815
1.23864
0.137936
10.7667
0.687384
15.9021
0.748614
0
0.0302637
0.0667098
6.92868
0.0439735
0.224379
0.686781
7.63976
0.0586876
9.19095
10.8971
1.38276
6.55892
3.26516
9.50532
10.2718
12.1089
0
0
7.43787e-09
0
0
0
0
6.28756e-05
17.0434
3.54738
1.42242
6.38196
6.91565
0.631357
3.77793
9.60618
0.0533572
8.8144
18.3127
13.6971
10.135
20.5051
21.6162
15.4558
0
15.0308
14.6264
15.1511
17.8987
16.7491
5.23049
19.3953
17.7847
0.0452796
14.0243
5.60457e-07
1.22862e-05
14.1064
0.000719894
1.75272
0.00854059
0.00175749
0
0.00203267
0
1.72941
20.341
4.27368
0.0019707
0.330019
0.0294419
0.230314
0.000200176
0.0538507
1.16361
0.0367946
0.011387
2.33037
3.32555
16.3038
18.398
1.53275
0.0286728
9.50453
10.4043
0.0155881
0
9.87569
6.44263
7.60561
26.6247
0.121277
1.1697
0.0367327
0.0427134
12.2752
11.128
1.43651
0.0243778
1.25971
0
14.7146
1.22642
9.62414
15.2042
0
4.06355
4.98259
2.82643
0.06261
0.0819636
11.7367
0.0180954
0.996671
2.42961
8.91572
4.24875
5.48754
0.891182
17.0506
1.16025
7.67817
17.6921
0.28239
9.17381
0.882718
1.94652
0.0233539
1.43168
3.32975
4.09838
12.4798
0.0259533
3.89007
0.947204
1.14164
0
1.23029
0.171187
0.398345
1.35064
0.00726618
20.1905
16.6413
2.7679
15.1359
0.414561
8.71151
1.8347
1.27975
2.63343
7.61555e-06
0.221515
0.000198496
1.64305
21.194
14.3059
16.4822
11.5771
11.0901
0.711744
12.1014
22.662
0
22.5334
0
3.97662
0.13758
5.00866
5.63986
1.32605
1.6508
0.0063091
1.64298
2.4473
6.31139
2.52011
5.50735
5.11992
0.916813
0.876236
0
0.000224306
1.30236
23.3185
0.0257859
0
2.01324
1.06266
14.0726
2.16088
2.04555
0.669867
3.40178
1.41974
2.08556e-07
15.2848
0.271947
15.7606
2.01545
1.40649
30.6822
23.1402
0.864083
0.477776
19.8201
25.8878
2.05198
10.8115
4.33678
8.69752
2.57422
2.29692
0.455218
2.62566
1.49841
19.3517
9.93679
4.78374
4.30561
6.50962
6.81748
8.24061
15.4499
3.16434
0.00266803
0.0517882
0.0550956
0.638849
1.20862
0.379517
6.31602
0.945191
19.8738
0
0.607548
1.1536
1.11509
0.917019
10.4232
0.211377
1.68546
11.974
23.1081
1.45122
27.0581
3.50201
1.76276
1.92599
3.55749
15.8565
14.1506
9.01191
0
0.0317903
9.60556
6.83613
1.26764
0
6.93377
7.68522e-08
0.868592
1.93623
1.40433
0
0.264629
0.000900414
5.53248
3.5
3.015
9.03675e-08
63.8871
0.874296
0.960479
1.66412
4.7559
1.00958
1.58052
8.63317
0
14.4162
23.7683
3.99485
1.26415e-05
32.5767
1.17863
0.917302
3.77085
0.0660346
0.954441
0.0218556
1.56163e-06
0.33887
11.0807
1.51579
2.83384
0
1.12415
3.20029
12.211
1.11857
0.15361
0
1.54822
4.42419
1.11701
0
10.2725
0
12.6662
0.0674458
0.13231
5.08243
0.143605
0.00657512
5.22671
2.47394
1.67062
1.2112e-05
3.10409
6.60681
2.11021
6.73643
4.74354
4.23884
0
0.633505
0.262545
0.266513
0
1.05953
0.631577
2.84428
0.128686
22.6399
9.66913
1.61453
2.2864
1.70214
3.0696
3.93551
0.0141616
8.74527
0
1.96239
1.96636
2.18887
0.446883
1.33491
0.467554
1.65792
0.834067
0
0
0
2.73151
0.0323565
3.06027e-07
1.50797e-07
0
3.09843e-05
0
0
0.0025222
3.77209e-06
0
13.0931
0.0024057
3.73991
9.43287
0.0379072
2.9819e-05
22.0727
2.29305
2.91024
0
1.20523
2.0313
0
0.266573
1.55263
0
0
1.98429
0.0968771
5.73482e-06
0.00981211
6.51008
0
0.946391
9.68044
0.215396
0.0753896
11.7913
0.0239389
0
3.27938e-08
0.00102568
8.08059
0.0495763
2.6593e-05
0.76906
0.306762
0
1.84887
1.8827
1.51786e-05
1.07034
1.44393
0.764509
0
0.114995
0.904844
0
0
0
3.96935
1.86301
9.97813
0
0.650944
0
0.00134672
0.657959
0.0157701
0
0
0
14.2012
0
8.4327
4.14802
12.277
7.24149
0
7.06804
16.6434
28.4835
0.2764
0
2.61171
0.0808797
19.8848
0.776265
0.442931
2.23309
0.000749723
0.560808
8.26266
9.2551
1.02306e-05
0
9.31152
8.18579
2.14274
7.14675
4.87946
13.8847
8.5851
42.4321
8.00387e-05
3.51327
10.8282
0
13.3132
12.159
28.578
16.5138
5.33626
7.08394
17.4071
19.5429
20.8497
13.8096
18.7409
10.1743
6.79914
1.75639
9.61482
6.58213
0.542747
0.912915
0
0
3.53584
12.2398
4.69951
0
5.60134
0.00170053
0.0848196
5.86172
11.9281
4.09058
4.07886
1.59826
4.76638
6.46389
8.85517
6.3906
3.90824
5.88671e-06
0.939247
5.82415
3.03834
1.41441
1.27982
0.0154058
8.16739e-05
6.51863
0
0.0069931
0
0
1.81465
1.04679
0.00897468
0
0.00216019
0.0192631
1.02587
0
1.26815e-05
0
0
0
0
0
1.02728e-07
0
0.00385643
0.11976
1.2254
1.13093
0.14748
3.51949
0
1.83926
0
0
0.0045559
0.0560951
0.128507
12.5348
0.717828
9.16927
0
0
0
24.187
0
0
0
0
0
12.6287
0
0.281544
0.337556
0
0
1.53505
0.416495
8.42893
0.0410844
1.559
0
4.9913
11.1322
0.294299
13.5522
8.13526
6.36934
5.58182
3.44976
7.752
11.0316
31.1998
19.4754
14.5854
11.1102
1.09613
0.473225
15.3097
12.6575
15.3862
14.9842
7.10889
5.10151
9.62842
14.3651
13.269
23.0904
4.82854
16.2535
13.8319
13.7214
17.5344
7.48934
0.0222142
8.49565
0.253086
13.7329
8.61175
14.6946
14.8081
6.94766
7.23522
13.5033
4.38416
1.01253
8.16728
12.8996
9.24858
10.7792
12.8285
20.281
16.5748
16.7125
11.5916
10.166
11.7424
13.6185
0.00234386
13.6333
10.8039
6.78612
0
12.0152
11.4657
1.96006
0.259561
0.879903
0
1.96467
0.604751
5.2297
7.1067
7.93646
3.6435
1.95805
4.37772
0.894049
1.70255
1.03496
12.025
1.57856
0
0.913756
9.84142
0.773692
1.52803
0.0999893
2.76944
1.7094
0
0.00016381
8.37133e-05
2.85912
3.92101e-06
2.25768
2.8096
4.75236
3.34468
0.688661
6.83211
8.71303
8.48786
22.3046
7.2663
12.0594
5.96273
2.74426
18.1905
7.99792
30.8505
18.7022
30.6275
16.6117
0
15
15.9504
10.1831
0
15.1947
0
4.50632
4.80007
2.74948
4.57465
3.75008
14.6449
4.6977
17.7388
0
0
11.3539
8.53364
1.0382
0.40225
2.18303
0
0.573888
2.32074
2.65842
0
0.663628
12.3309
0.394456
0
0
0
0
0.00216234
9.35573e-07
0.924127
21.1389
0
0
0
0
16.8197
1.9039
0.704256
0.000353656
10.5248
7.32127
0.00979962
3.23177
0
1.73888
0
0
4.56843
2.8371
0.0705446
2.45583
1.39028
27.4463
0
4.89029
0
0.798317
0
15.1746
0.39295
0.642027
0.0142815
13.4535
0.33964
7.73259
12.1618
11.1367
7.07213
5.85188
11.5081
1.31801
5.89764
10.4211
3.2297
3.17808
14.2742
1.24828
0.689742
7.03436
2.48173
6.24288
0.0876083
10.7459
1.67438
3.0782
10.2674
7.37537
2.64055
0.197554
3.64276
14.0567
13.7756
10.9995
11.2639
7.57937
0.000456528
0.141376
0.429737
0
0.00261218
6.12047e-06
4.8121
13.6166
20.8078
17.823
0.174796
17.3838
16.5873
2.16757
23.9138
10.5386
41.2541
3.86117
3.54867
4.42349
24.7785
18.2582
4.91562
18.0011
13.1846
0.785672
0.00403399
0.0994359
1.86977
0.168471
1.49242
0
0.484848
5.92353
10.7813
13.4291
2.47443
11.6832
0
0
0.220842
0.150894
0.0778069
0.00223653
0.000150939
0.000916814
1.2321
0
1.96524
12.4238
0.746295
10.6353
2.30809
1.57617
0
0.103763
4.49921
5.53712
0
5.71602
5.8324
3.01126
0
16.9113
17.2477
9.06072e-06
3.25428
4.7791
7.35013e-08
0
0.701103
0.0573785
0
0
18.687
0
4.62173
2.4369
16.6101
0
0
0
0
0
10.0497
10.273
25.9225
0
7.44567
11.6185
7.3008
4.56307
9.43592
2.43422
9.29327
5.09744
0.129508
0.404954
0.278733
0.0217505
4.74016
0.545788
0.212747
0.00011435
0
0
1.74958
0
0.0221746
0
0
8.76888
0.0438543
0
0
3.22672
0
0
0
5.63011e-06
0
2.79012
26.2372
0
3.26756
3.19056
0
0
0.00107597
0
6.77574
5.10224
6.62351
7.419
7.36957
2.38395
8.43437
0.941806
1.4345
10.2732
8.09218
1.46376
9.99822
12.6282
10.042
12.3859
14.1858
17.656
16.348
7.82885
19.1556
14.542
11.5954
9.99892
13.5564
10.5198
8.79161
8.68806
11.7077
8.9466
11.6174
14.7129
5.25695
12.8396
9.99165
10.0224
4.78431
4.33995
1.33839
5.91874
0.0821673
0
0
0
0
27.4129
18.9828
0
6.68603
3.27447
1.78764
0
3.70543e-05
7.51624
0.95117
10.5499
4.47444
0.510136
0.368229
6.96071
11.1846
1.18557
12.8531
15.1707
11.8999
9.61414
1.03079
10.7636
0
12.7476
22.8695
6.34855
21.3274
4.2611
8.71539
2.78444
3.877
2.97783
9.40123
29.0323
30.2609
6.17736
3.55332
5.61839
2.77364
10.4564
5.02259
16.2767
10.4372
5.28452
11.8218
22.8383
14.8239
18.2462
13.7777
16.4674
9.66532
25.2708
15.0994
15.0971
10.9447
13.9627
0
0
0.0664193
1.27256
4.15117
4.26098
2.53068
1.99074
2.18039
10.6257
12.1312
12.8093
16.3784
4.165
18.4991
25.8642
10.0539
3.71351
5.86366
7.06287
15.041
3.36947
19.8373
3.32141
2.27145
3.7832
1.77348
1.52115
1.62375
4.80155
8.22497
4.08391
10.0752
9.2383
12.5564
5.87482
7.60581
11.0398
10.5723
9.57783
53.6325
12.4722
1.8368
0
0.238825
1.19797
7.04445
11.8865
3.44856
7.09541
0.918512
5.07363
14.826
11.7645
7.34281
8.19099
13.1702
16.8258
32.8934
0
0
0
46.2743
39.5194
36.5011
1.35612
42.4416
3.91483
7.7983
0.0849026
3.71513
1.09742
3.79086
25.0291
1.14912
10.71
36.4371
28.6522
23.5607
17.3733
1.6517
29.0779
16.4528
31.0496
11.3656
4.74028
28.4536
30.9896
29.5151
35.9142
23.412
11.5583
19.7247
13.8473
7.38648
24.3193
18.3539
17.6444
5.93248
13.1588
12.0233
6.00906
22.3272
18.6508
11.8156
10.6741
5.7246
20.6064
26.9342
16.5651
11.4805
0
17.5981
0
7.75114
5.79094
19.5996
4.78338
7.25555
14.8191
6.00324
6.39952
7.05878
5.73908
8.96502
6.11707
3.47612
11.7727
11.7722
8.68801
6.32701
7.2453
5.65014
7.41198
7.27928
11.6038
0
12.1379
13.9883
11.2291
1.10719
6.66617
7.19502e-07
0.297689
0
10.9717
9.63318
7.74592
1.78508
13.4528
12.4444
7.84003
13.2217
0.65812
4.6426
9.90494
8.70854
2.57227
5.18204
0.788253
11.1862
4.75794
0.815818
1.04511
1.62188
3.64641
0.611764
1.74828
0.161903
0.764876
0.11973
15.8715
3.60261
1.50472
0.234042
13.5284
1.31369
1.0061
1.1084
5.9212e-05
0.407363
1.20196
0.0187684
0.894425
0.802431
0.757834
0.953313
0.366419
0.316089
1.33019
0.155707
9.28859
1.81846
0.00771332
2.31851
0.914203
9.75256
0.209976
0.226518
0.796325
0.965757
0.657195
0.930691
8.49647
0
6.82013
0
9.9649
0
15.7937
0.00194678
0.436841
7.7967
0.133326
10.3945
11.7934
21.4585
1.59468e-05
8.73978
0.00583803
0.797089
0.00478829
0.00126422
15.3781
8.73501
0.609178
2.98969e-07
23.0556
1.53443
0
1.05593
0.950962
1.31523
0
0.501071
0.000703139
0.306673
1.49212
1.16275
0
3.7429
3.08074
0
5.42824
16.9865
1.00027
7.10686
0.167769
9.34796
7.40293
12.9958
5.53984
0.0131411
0
0.196666
2.16027
4.4401
0
0.120136
0
3.06389
0
0.129299
0.00225023
0.885652
0.0178758
0.937103
0.775566
0
1.54813
0.983884
2.98521
0.988486
1.73667
0.00294593
1.95447
1.90004e-05
0.303335
2.9977
0
0.377218
0
0.014137
0
0
3.32862
12.3471
10.582
10.4662
7.59222
13.6711
2.70042
5.35749
0
0.375234
1.6404e-07
2.2673
7.24473
1.0819
6.49993
0.144837
3.12038
10.8493
23.534
40.2889
10.2575
10.4331
3.21509
8.56587
6.83457
3.63653
2.78267
8.74705
1.80158
11.813
15.6283
7.44068
14.7112
10.3235
8.71446
6.48293
0.251523
19.8616
3.26774
43.8058
1.27018
44.0648
47.4996
1.97118
0.470716
1.21001
0.609637
0
2.37977
0
0.921687
0.00230082
0.777068
0
12.1906
0.585225
5.51789
2.29514
7.07767
1.5565
1.66264
7.79819
8.6711
9.47209
3.44563
0.00493588
12.61
14.9808
11.4185
9.48382
15.6886
27.9268
22.3292
0
10.3685
0.0116955
26.8519
9.57018
18.065
4.22119
0.173369
17.7189
15.3604
15.1833
5.40087
16.3279
15.2113
6.42539
2.56824
11.1573
12.3848
6.96934
6.22684
0
7.19606
22.5974
2.11302
2.43632
22.0592
0.925676
11.5053
0.559854
0.0932107
1.969
0.0803567
14.3122
0
22.0461
49.0451
16.5398
13.3066
7.30092
20.5354
4.06766
2.72996
0.00577934
0
3.973
2.65574e-06
12.201
19.6201
7.0255
12.8317
10.2741
6.38413
14.8821
24.4806
3.94632
7.63522
0
0.956465
0.000368779
6.44682
0.0710391
4.43711
1.89029
0.855199
0.0518035
0.0102159
0.0159417
0.0582434
0.0456286
5.08066
3.03078
0.780232
0.33587
1.49013
13.9276
5.30747
1.17624
8.18729
15.9975
1.19803
11.7536
4.92834e-06
7.45016
0
7.4534
2.02992
0.913414
6.41999
0
4.66291e-07
0
0.946542
1.64239
1.44664e-07
0.0607007
4.50327e-09
0.0176991
0.00144835
0.972908
0.247598
0
0.85513
0.827497
0.036978
0.978432
3.46703
4.41668
1.73119
0.000188264
0.685773
12.2326
0.356632
0
0.610496
0.10523
9.02194
0
6.37984
12.0706
6.16137
9.31124
17.8099
12.4852
30.9908
2.84713
7.2387
4.55776
0.0568939
4.53943
3.73617
1.2236
0
10.0739
0
8.92703
14.9255
4.40726
0.0413375
7.04668
16.8355
0.512901
13.3607
12.8084
8.33799
12.0354
0.879543
19.2852
0.792107
27.3767
5.2066
1.21155
10.9984
8.17369
9.22001
1.37123
0
0.587889
3.57488
1.81731
3.56049
12.1704
0.26453
8.43765
4.09105
20.9645
12.0356
7.83627
18.3231
11.8118
5.14488
14.4574
8.42384
17.5768
17.9065
13.0089
9.13778
4.97932
0.0186874
13.1451
6.50802
7.56707
3.34921
5.36944
13.8518
7.97682
5.94299
2.3539
6.80992
5.9989
14.0512
2.57854
19.6542
25.4933
22.2329
9.7475
15.2109
17.187
0
11.7894
9.18625
5.74836
4.20955
22.2915
5.2737e-07
10.5001
19.6938
11.5711
0
0
26.0188
7.84843
20.3703
21.8449
4.67528
22.4224
10.0987
0.64597
15.3906
22.9438
11.8204
2.51677
5.41517
17.0373
27.8308
14.5183
34.4975
3.82542
21.2607
22.1174
32.6401
26.3407
1.15242
21.095
13.1171
11.1722
4.8167
22.1473
24.4951
42.5407
27.9111
1.56928e-08
46.4155
32.0447
33.4941
0
10.7484
7.88664
25.5562
11.427
12.4488
14.3344
26.59
1.43347
0
4.29641
1.60446
14.9656
0.510991
17.1717
14.5201
43.5636
17.2481
18.3282
0.0157606
13.9137
0
15.0253
13.034
14.9124
14.7111
17.3013
19.4888
24.7785
17.9174
33.8871
27.8463
12.9692
20.1517
0.00412595
15.9484
13.9938
32.2829
3.96916e-06
6.84247
7.82418
9.44596
15.3201
7.21334
16.6486
15.0904
0
4.87461
5.91229
5.81195
6.48124
15.2991
0.114303
5.75091
10.3272
2.13111
0.048681
2.66754
1.10636
2.01342
0.325834
20.2431
1.04452
5.84029
7.29977
7.7164
13.3939
3.59025
7.26414
39.137
0
4.6721
2.07216
10.3998
0
6.41971
13.3846
10.0423
4.26285
6.91471
7.00449
15.0011
13.7733
8.08224
7.30964
11.2913
10.6123
8.48858
15.1059
2.58504
16.766
14.413
0
5.11111
15.3107
16.3323
14.0263
0.52834
17.1329
2.32283
8.51846
3.75534
6.33184
32.525
4.73794
14.0415
11.1489
12.8488
13.7743
7.14063
10.3384
14.7955
21.7541
7.7044
0.0306089
8.21245
18.4164
11.5997
40.9943
9.81112
3.05942
16.522
9.79848
14.8826
6.55587
0.406959
8.85411
1.9105
20.4371
6.07152
13.2797
0
5.23317
6.45544
14.8208
8.2819
8.46075
2.67249
5.53962
0.0750211
8.79578
15.0863
6.69806
10.4061
5.13102
3.49974
8.16178
10.043
14.2867
5.86931
2.46383
22.5037
10.7829
3.48381
16.0044
10.0209
13.4577
0
6.96093
0.181685
7.81752
2.40385
1.04862
10.1825
1.39838
0.214487
30.4866
0.528245
22.4993
0.758675
15.6349
2.00692
0.0068748
19.8159
0
0
0
0.000975169
0.0107078
11.5542
1.41483
25.7357
11.7246
16.7615
9.69282
9.85836
5.58258
3.28517
1.00947
12.8198
18.3627
1.50142e-06
28.049
21.4071
1.06177
15.8593
0.100699
6.45741
7.73548
1.15315
6.24204
2.41983
5.82657
12.402
0.991661
0
0.933156
0.0164001
1.92549
7.83687
16.0931
10.0143
0
0.807674
12.6041
6.63246
15.572
12.9871
9.36814
8.00976
6.37348
8.50609
3.11266
7.74904
0.437688
8.93582
9.5877
10.3406
11.5421
0.0318052
7.3369
7.81144
14.9747
5.96215
8.37109
7.74539
81.6359
9.72193
13.3913
5.7342
124.265
9.00718
4.06924
8.78356
6.74048
6.0928
6.43541
6.60106
11.9902
1.84218
5.32291
6.91981
4.11059
6.43028
33.3642
10.1389
22.3034
1.75457
0.0151737
13.393
28.1295
0
0
1.96364e-05
0.763659
5.52805
0.600275
0.142814
0
0.210464
2.13348
0.0146155
0.00355176
6.43449
0.843401
5.4062
10.6233
0
0
12.544
4.26441
13.3293
0
1.45608
2.45973
0.001298
0.296904
0.114661
2.12179
0.619927
1.73167
39.964
6.07005
0
0
0.856203
0
0
0.0290943
0
11.0782
7.44025
11.4466
2.37634
9.04346
0.555541
13.2947
5.9246
17.1672
14.3786
8.7115
11.573
17.9992
3.11175
1.30767
4.31648
9.32191
5.79328
1.55193
1.36299
14.4346
3.84726
18.0172
3.01943
12.8517
1.05985
4.5787
0
0.648667
10.4223
9.21144
8.64384
5.89159
8.12073
6.84004
2.49797
0
0.778087
6.09251
14.3316
10.5626
13.5877
11.731
27.6535
10.3931
0.183673
6.77024
23.8653
13.2685
13.6213
16.7919
7.53125
4.8552
9.08476
6.45792
5.3768
0
0
5.36379
5.10572
1.4709
0.00930259
1.14377
11.3859
28.4547
1.76724
6.45027
4.92184
11.6699
25.9368
11.4663
8.89139
0.700276
5.78582e-06
7.36384
10.0433
49.0775
18.0591
27.2808
11.1814
23.7543
14.2753
1.66048
1.32543
3.23743
12.8406
9.94272
5.44467
5.68189
2.04557
10.5278
4.32973
3.21623
11.3109
2.54126
1.83149
1.18193
25.1543
29.8204
5.43509
0.00480804
13.7096
14.4549
0
0
0.904129
7.7142e-05
0
0.000341569
10.0154
9.84961
3.62309
0
0.0939704
0.314854
10.8444
0.292088
12.4815
6.9091
4.79372
26.3303
0.226361
1.0754
0.158586
7.52899
3.85964
2.0889
1.45978
0.153976
0.000578329
2.18844e-07
0.00610298
0.44312
1.1255
1.26021
2.2171
7.28455
7.20308
0.00769357
1.32935
0.381341
9.37415
1.80483
3.26692
11.7011
3.94247
3.99147
10.6969
28.8551
28.6967
6.17193
32.5778
1.65322
5.24561
8.97189
0.2357
13.2513
6.10369
2.45537
3.95984
6.48581
6.59187
2.84728
4.52139
25.9177
0
0.00842054
0.279771
0
7.66163e-08
0
0
0.00070172
0.143076
0.360252
0.551665
3.7396
0.716686
5.12847
0.0555415
2.77369
0
28.7421
9.71241
11.2796
17.3257
22.4294
18.2693
17.2614
5.68751
4.5538
10.8849
14.7967
1.33569
11.5875
12.6957
1.59749
0.986349
18.5824
3.55975
22.2299
6.49839
3.46341
9.18767
7.86959
2.85565
11.7253
0.775526
6.17938
0
10.117
1.20485
0.0931351
17.3485
35.0749
0
17.7253
14.4886
19.0295
23.0171
1.99863
6.43953
12.8931
1.45001
12.1735
12.1689
17.5287
0.65834
3.64968
6.42463
3.90923
3.47616
0.659928
15.5564
0.0284383
1.30912
1.64961
0.936365
0.111391
1.64924
0.175203
0.575783
0.929107
0.919971
2.62986
0.819255
1.19018
13.4512
1.54574
1.05118
0.850489
0.598866
0.918776
0.0357544
1.04113
0.514839
1.15625
0.708017
0.551882
0.325948
1.53719
0.178114
1.51055
0.00482756
1.597
20.2917
0.972132
18.185
10.747
3.08908
0.380841
5.79001
0
0.149283
0
6.06086
0
5.34835
6.59121
8.70504
1.36086
3.55085
3.2356
7.00964
12.6302
6.90556
13.7971
10.7876
3.56296
23.9812
20.8927
0.0463723
0.00628291
15.8801
0
5.86368
24.7167
0
7.35526
1.64984
29.3842
0.442804
4.41127e-05
0
0
10.0793
0
0.0884665
0
0
19.1794
3.20793
15.6665
20.8294
0.663209
12.8828
9.726
2.26441
14.6935
14.2216
14.843
5.19954
0
0
18.5206
3.06889
0.0449116
0.000877979
1.48654e-05
2.76429
0.860483
6.65793
0.969477
1.17447
13.1047
0.519168
0.00726345
5.91271e-06
0.50853
12.1799
17.2214
0
0
0
0
0.179982
0.694262
29.1762
0.000755179
1.33288
3.99388
1.0668
0
3.51198
0
0
0
9.87427
17.1478
0
0
0
0
11.0016
0.114691
0.792342
0.019614
0.155175
0
0
0
2.93781e-07
3.02334e-06
0.657128
0.168421
0.0105085
0.119253
0.490049
13.4835
0
0
12.0308
0
0.216025
0.00148794
0
0
0
0
0
1.07118
0.56254
0.0130899
0.928753
0
16.5851
0
2.01932
0.308299
0
0.48455
1.05591
7.75152
0
0.343404
0
0.00482751
5.52835
13.864
5.78637
2.02267
0.569574
0
5.64272
12.1872
5.83144
6.11474
0.459491
0.741413
5.31724
31.2436
5.47295
3.89254e-05
0.0124629
1.88856
4.12289e-06
0.0427986
0.526787
0.0226578
0.984637
4.58334
6.34451
4.23932
12.3133
0
14.3807
3.27064
0.569987
4.28161
0.960725
5.40318
14.7382
2.7164
1.58022
6.21405
16.1588
0.00168968
1.07782
0.14626
0.814856
37.1844
2.23667
0
6.91739
0
1.09952e-05
4.79088
13.7578
0
3.72496
18.883
0
1.10461e-05
0.926108
0.392381
1.40822
0.460416
0.45555
1.76753
0.46479
1.04993
4.32581
2.68108
0.0135769
10.5478
5.40289
0.027299
0.218434
0.0863306
0
1.58477
21.1341
0.90906
4.16911
0.00935189
3.09369
28.4211
7.85504
19.3775
0.00194195
12.2116
20.1398
11.1551
22.792
1.03268
1.02757
14.7909
1.71394
22.6742
3.53513
1.51688
19.6805
0.0260192
0.0445854
0.899453
0
10.8929
0.843169
0.856324
8.52717
14.4355
0
11.2922
15.5447
1.31835
10.8051
2.67371
5.88103
13.1397
1.08461
4.98351
11.5088
7.22417
1.2072
0.427496
34.8735
10.0654
14.2604
13.7319
13.3996
6.35647
18.1553
10.55
4.19916
12.3777
0.707417
9.58865
21.4773
15.935
11.1346
0.945788
0.799789
2.46611
0.30063
1.38521
0.579782
0.583126
0.331366
0
1.1712
4.12691
0.451774
0.833
0
0.497489
4.24686
0.128515
2.33268e-05
3.93261
9.65953
0.174031
0.0137814
8.89057
8.49603
0
3.28707
23.1824
6.18681
6.94371
10.402
15.7538
0.0189799
3.16025
0.00437467
0.000136651
23.1394
0.334345
1.4158
16.6437
0.873015
0
28.6603
3.9484
0.223467
0
1.35272
17.5461
5.22252
0.552105
15.1748
3.43745
1.48501
4.57431
13.0602
9.44887
18.4609
4.44888
7.69293
10.2042
6.14494
6.85637
5.18897
6.6592
5.05931
2.66014
4.02468
13.0105
0.000367088
3.95804
9.80981
1.68283
5.33236
4.23109
7.21134
4.03904
0
0
0.805168
0.769201
0.190184
1.02917
0
0.160815
0.227984
0.0964707
0.021758
0
24.1556
24.6695
0
20.8016
13.3202
9.29815
9.25116
12.5472
6.87278
0.171158
10.0267
0.784759
2.32971
6.29517
5.27839
13.0569
7.25094
18.693
7.79585
10.0294
33.0803
30.3873
17.7992
10.0581
10.4705
6.0962
10.5503
0.00783396
0.0766921
0.787405
0.000398966
0.00485856
0.00241755
0.000697013
14.3419
0.0117248
0.794872
13.8093
9.93118
10.1075
12.5044
14.3856
8.41354
0.756141
0.0108114
0.00021285
0
0.911376
13.1122
0
0
0.485627
8.88664
19.0698
8.89671
2.41408
9.20509
3.68156
0.000749734
0.00322123
1.52054
0.319078
4.99915e-05
0.828534
2.82411
1.43538
2.51073
0.0497616
11.9921
0.0100139
0.388307
1.44409
5.19935
2.87891
9.73256
8.96322
2.16282
4.06897
0.646951
0.568499
2.23735
5.03885
5.23611
0
0.612926
0
8.46119
1.55914
2.41237
17.4321
1.28068
13.3311
0
1.53561e-06
18.2003
