11.5627
5.07011
3.53675
0
5.01531
22.4508
0.0224818
14.6189
1.23129
17.4388
28.9542
0.0308927
0
3.59765
22.042
5.74508e-05
3.93857
38.0631
31.0125
9.34469
11.4661
0.0365632
0.116036
0.0319113
4.3075
5.70016
7.8751
6.4837
54.2012
0.000854356
1.85669
0.657994
0.00656463
1.98754
1.78164
0
2.36002
14.8471
16.7461
23.4939
14.305
32.8833
1.52922
15.8654
2.0222
5.84059
3.62725
3.66405e-08
0
0.889041
1.64204
3.12919
17.9017
2.62408
10.8624
0.841841
34.4566
3.46404
0.266817
1.0761
14.0868
0.827694
20.9019
6.00477
10.6792
0.904462
5.46119
3.16647
4.2506
2.56585
21.2487
0
0
0
4.49899
4.26837
10.9687
1.73567
1.26809e-07
0.000187935
0.0399561
0.762886
0.99645
0
52.798
3.66704
8.94292
12.9618
15.6047
10.6343
22.7364
13.285
2.60989
11.5098
9.41908
9.38757
12.8187
15.4151
0.922754
3.13448
12.2061
14.9708
10.7371
19.2512
8.13049
9.02301
15.4386
4.82256
4.06063
12.6877
16.2163
8.25716
13.0527
13.6641
13.3868
5.40357
6.25404
2.78737
4.19366
6.75499
8.87188
4.80014
3.73033
2.84228
0.71369
4.64435
5.57799
2.01145
0
0.756176
11.2124
0.786941
0.712119
11.7646
0.149471
4.1452
8.22545
0.681484
0.0953209
3.74024
0
0.78286
1.90522
3.67685
1.04032
0.41374
0
0
25.7484
89.4459
2.11797
0.432894
0.835704
0.280733
7.57679
5.4919
23.1253
22.537
11.5957
1.4245
10.0871
28.2015
6.38256
8.9902
1.04632
1.56737
16.5269
1.4157
0.106357
0.830051
5.71431
2.96679
1.23568
0.273083
0.0580141
0.057783
0.176472
0.0881607
0.0310174
0.180461
0.0211383
30.0616
0.0500601
0
19.8558
11.7144
20.3067
8.58946
20.0189
58.5678
25.7064
19.4997
19.5504
30.6689
6.65139
0
16.7964
5.37793
19.1171
14.2853
33.01
84.5123
19.3592
45.7987
18.8157
6.05249
20.6895
8.31417
84.1716
9.09837
39.8361
46.4185
3.04727
40.0601
53.3436
37.3891
7.64803
34.2168
27.9742
7.78695
0.238851
7.3058
31.54
4.16422
35.1026
28.788
25.3869
25.777
28.9061
4.56359
5.16112
7.02222
30.454
1.24153
5.03196
1.9959
4.82432
2.47882
5.63447
8.32913
6.05561
2.46621
3.31523
1.63898
1.0549
5.27292
1.30921
0.373183
3.12908
0.485719
0.786183
1.6151
0.770089
1.82763
0.895603
0.0735811
2.55023
0.0198847
0.0242588
0.999841
0.715755
0.0136785
0.164597
2.20739
0.0157765
0.00128
0.00161412
7.01438e-05
0.000406526
4.16124e-05
4.58946
0.0110237
32.1948
1.74228
1.83994
0.145194
0.380708
0.01059
7.96321
0.0360798
24.3593
1.38311
0.712846
0.000152868
0.0390899
1.1473
5.55399
0.0181752
0.402592
11.7084
0.177537
0.00271666
9.75062
0.0409891
0.0768285
0.00187512
0.0313021
18.9435
7.41882
10.2509
19.2732
8.60726
10.9705
10.0331
2.89432
26.4614
13.5951
12.227
0.349299
1.22444
1.33138
2.29565
5.64833
8.41809
16.7066
20.8396
43.8966
20.9339
15.1155
14.6478
0.494282
11.5946
7.27577
5.02402
9.66563
8.52205
4.06553
0.00300684
1.7469
0.00199452
0.0193441
0.107153
0.538452
0.838384
1.88924
8.19909
10.0012
5.60611
6.39746
0.352431
41.5638
1.87461
11.6923
1.66518
0.00108226
2.98828
0.875782
1.96242
4.21631
3.93193
2.77621
0.0355814
25.8518
8.05339
0.000390667
1.67394
7.91958
8.3694
0.168099
3.19992
5.11531
6.25391
0.000224121
4.79018
0.00204716
0
2.10834
1.12265
2.81854
3.12785
1.23736
1.38473
9.80632
2.79268
6.27111
7.12242
0.228524
25.5125
51.1262
47.5858
23.6815
14.0646
1.60599
10.1221
25.295
24.8929
11.5066
14.2538
7.67467
5.26129
9.87042
9.73571
8.12479
5.87568
0.853611
20.1369
21.6298
13.4366
8.1669
31.5104
9.13283
39.1063
14.8472
19.7057
30.6634
14.5758
14.4082
18.978
12.1392
2.69145
16.4975
19.7916
10.0556
15.4567
10.4884
8.52844
59.4525
19.5203
18.5449
4.35227
1.11527
4.19526
13.7649
12.1285
11.0575
35.9093
15.9124
22.9032
27.0276
30.3975
26.7674
20.247
41.9079
19.0358
23.492
21.9441
26.1587
1.04772
15.5865
12.4511
12.7711
10.6058
20.877
10.6843
18.991
0.0158818
1.55291
0
3.57351
0.877892
7.12817
3.79683
30.4392
10.2279
27.4997
9.95342
28.2581
17.3431
19.3832
29.9408
4.22145
3.07806
1.63077e-05
0.179407
8.79667
2.83286
26.8628
10.2286
0.783147
2.91398
3.14963
4.21622
1.66842e-07
0
0.168854
1.44205
0.0646078
7.17869
2.6294
8.16751
18.0862
5.99414
1.93434
12.1353
18.0948
14.2498
13.3266
11.914
2.73421
42.6344
32.5037
45.4558
23.2196
2.07819
1.60209
16.2245
0.980595
2.02648
0.00166977
0.0697346
19.1828
63.3797
20.0876
22.7263
32.5124
15.4834
32.8021
10.1841
3.10477e-07
5.041
5.65471
8.08679
0.8616
13.1881
13.2608
19.6579
43.4351
8.08017
21.1446
2.98255
2.58563
26.2691
12.4521
0
0
22.0292
0
5.8185
0
2.42069
0.649928
10.2749
2.40125
4.42305
1.10836
4.00827
0.193526
1.008
1.88239
32.5154
4.22754
0.00144223
9.68435
6.59044
1.8759
9.64007
21.0191
8.88021
15.3335
28.7114
35.0928
26.6997
0.0643756
42.9927
1.03703
31.0559
35.7862
25.2017
26.818
19.0942
7.24504
2.49269
2.849
15.7559
0
0.990485
12.731
0.265092
3.5433
6.93934
12.9447
22.6069
7.38116
3.246
3.29122
3.52939
6.64629
29.4863
56.4597
12.2333
0.791579
5.63997
0.0245788
12.6037
16.9529
3.23216
7.08143
6.07743
10.7905
3.77435
0.122468
1.55992
6.95119
0.869366
9.59078
20.5504
39.5917
5.03619
1.10053
25.7756
7.61646
17.6282
15.9386
0.826403
7.18794
23.8749
0.832791
1.28858
0.840077
1.62609
0.178031
0.822919
24.0407
15.9115
12.2648
0
1.10921
0.871456
17.3156
0.107048
0.679657
0.645188
1.00747
3.85904
1.07111
0.158085
0.892074
3.05513
0.376475
0.0433246
0.0624675
0.135069
0
0.520893
10.606
1.32913
26.5964
7.39994
3.72876
3.78511
13.3429
3.04244
12.3674
15.095
0.00571363
0.000310334
0.735885
0.840051
21.7905
60.9824
1.11349
20.2996
0.13026
21.8359
46.0829
10.4308
25.4791
0.374175
2.14408
2.21395
0
0
0.0189557
0.00845569
0
4.52013
18.4581
15.4305
9.27127
20.4196
1.11472
13.3518
8.97689
24.5063
23.6338
0.000785303
5.72785
0.227989
25.7049
24.8248
6.27706
1.75635e-05
24.173
21.7142
0.413144
9.4939
0.724241
3.83281
4.61023
10.0246
13.4666
20.0769
28.1429
9.8378
18.6551
2.88783
6.54016
2.72057
0.688609
0.43281
0
0
0
0.123866
1.69603
29.1124
3.56553
4.05016
3.66302
0.000232476
15.0074
5.27309
1.6163
4.79594
3.32489
13.58
7.26084
8.64708
7.14472
21.3081
30.9006
23.1457
10.2911
40.5704
47.1261
0
2.21126
51.2737
5.44922
0
5.65721
0.72763
22.2334
94.2302
11.1786
18.9512
62.2697
16.1701
12.7827
1.25834e-07
6.20566e-07
16.5998
34.2563
0.242989
0.562435
0.0686962
0.639813
38.0853
1.60666
0.0923303
0.0747173
0.0776109
0.945576
0.317332
5.04977
19.081
15.9319
5.91958
0
0
0.436101
12.8381
10.7416
1.17941
5.76419
33.3588
0.879978
32.0797
0.692245
18.9883
38.1877
17.6173
36.7526
0.537556
2.50744
3.24885
0.0707735
5.77748e-08
0
0
0
1.54382
0.00806602
0.000361427
3.70582e-06
5.08876
24.7263
4.51605
41.6898
12.2402
6.72537
11.1111
6.93694
4.19921
4.45441
4.93719e-07
12.2073
1.69811
10.1682
5.74987
20.4874
9.60836
16.4374
3.20322
0
12.7053
0.454134
24.9229
0.594962
0.598104
0.444404
14.173
16.0397
5.45891
4.7314
9.8784
25.949
3.62404
0.0154673
3.05435
5.34683
2.57674
0.823232
1.72589
1.29592
0.156791
4.97423
14.8136
3.55148
0.715236
3.2872
22.2884
6.82655
10.2976
12.7304
3.93453
57.0498
0.854935
1.06463
3.91363
31.9986
15.8986
2.74103
1.7454
0.000910054
2.0922e-07
9.8627
27.0477
10.8233
16.1029
0
11.6578
15.5526
9.93141
0.00154139
22.5663
1.43102
0.0458685
13.9824
0.000617302
0.00814592
10.0754
0.00579806
0.00601732
1.52596
5.40219
0
0.00787623
0.423645
12.0971
8.49209
1.56655e-05
0.141217
23.6064
2.23845e-07
42.878
0.632073
3.62462
0
0.0742601
0.907289
0.07937
8.91194
0.0412014
3.42303
16.1184
6.39201
16.076
11.1515
2.04077e-05
32.1254
23.9489
1.12658
5.56636
1.16914
20.5241
2.46782
12.5721
15.6699
8.78354
13.8875
3.25311
28.1228
11.2136
12.2816
8.57253
1.3418
10.975
2.24361
1.56563
11.2648
2.22106
4.5211
4.23728
7.0364
12.6971
0.500654
15.0308
2.65159
0.917988
0.173243
1.4135
1.42089
22.3423
3.58587
10.5799
10.165
1.23416
0.662964
0.0998376
9.59419
19.482
2.41007e-06
23.9444
15.5071
10.749
0.991333
3.39245
0.345056
15.0945
0.96804
22.6486
23.7899
0.00252616
0
19.5679
0
1.29919e-05
23.5561
13.8957
5.94959
0
13.2428
26.4976
3.23646
6.46658
8.37229
9.07276
1.91211
0
20.469
1.31086
1.78092
1.2046
7.27844
9.76875
40.3705
21.1812
0.0107403
0.0630922
0.865834
7.19178e-07
33.9373
11.9494
3.30501
13.5304
13.458
25.6975
20.0228
0
0.011209
1.56174
1.74087
5.68506
0.00531604
8.23626
8.16179e-05
8.62278e-06
37.9248
0.0793916
21.7404
3.9336
0.706949
0.0537234
0.189474
0
0.159949
15.1507
45.4663
4.96335
27.7158
19.7981
0.959975
0.223264
1.28278
0.000100458
6.56039
5.97258
4.04215
0.000108416
0
0.752073
3.34833
0.413618
0
9.46341
1.67704
0.720328
12.6258
3.65162
0.872924
1.27206
19.4232
27.867
4.786
0.129564
4.79558
5.11264
3.01397
25.0803
0.0465756
0.000914464
15.6006
0.454479
1.24141
0.00173218
21.5807
13.9092
0.449857
8.22936
0.0294231
20.5983
0.964047
0
0.292711
43.1789
0.93802
35.6216
0.779437
8.39624
0
26.8634
12.1264
9.15748
17.3684
9.26209
4.12233
51.8023
25.9117
6.80551e-05
0
0.0223305
15.4658
22.6776
10.2278
10.1858
1.04713
0.823774
1.05055
17.9529
35.5812
23.9677
21.8255
3.0238
29.3476
14.5089
6.96149
32.6424
24.5038
5.45825
6.50499
18.6983
18.2511
0.113385
0
12.9899
30.526
1.04813
8.39777
5.22824
0.000221618
22.5367
11.0064
14.3601
0.680751
37.6964
9.51815
9.77925
14.5185
29.1794
8.67324
25.3701
18.9208
15.5936
0.140569
0.289844
0.172391
25.253
22.5846
21.5744
30.6193
19.2735
28.8624
27.5778
30.5985
39.5545
69.205
85.8684
29.6913
8.25544
11.5253
1.04802
5.22043
0.000105868
0.884046
4.74134
2.06928
2.09139
1.74666
11.6998
1.01874
2.87291
10.3715
18.9239
10.9762
26.6151
10.4503
16.2775
12.4846
2.61685
7.01307
10.1961
18.8477
23.705
0
17.0146
10.3876
9.30397
32.1064
22.2932
18.3909
0.0311444
0
0.173738
24.7895
12.3726
2.31588
3.94166
11.8738
0.00657269
0.978984
0.782797
2.64431e-05
0.00319618
32.8356
0.008308
28.1898
0.110525
24.8928
44.1875
3.75433
0.00780864
0.460332
22.663
42.2413
29.2631
29.0248
1.46427
0.00125038
42.5978
34.6021
2.8792
0.0220613
18.5249
33.5069
42.1637
0.0392859
16.9268
25.7831
1.71807
9.77798
0.00075556
0.00039419
8.39495
5.59333e-08
0
0.655742
0
0
35.0012
0
4.55025
7.39846
8.4415
16.5263
13.3566
5.66846
17.6754
4.97096
26.3196
0
10.3486
12.4406
0.632196
8.83424
9.39263
13.4017
0
4.62704
1.5176
35.8937
22.6992
3.41698
20.7494
0
18.1654
31.2898
37.2926
1.63085e-06
4.95644
4.06577
37.5579
13.4992
0.673109
4.08483
0.254421
21.1031
0.110807
10.9489
1.20242
0.385449
0.676156
1.76442
17.6757
0.000295444
0.688162
4.78664e-06
12.3656
0
7.77196
21.9261
1.10683
7.80192
1.87086
12.8036
16.4392
16.5731
0.000106403
0
2.84643e-07
0.00875822
0
0
0
2.06356e-07
28.9627
13.5643
4.50188
17.9572
10.7182
1.58404
12.2606
10.3813
0.0119537
23.4907
21.8845
22.5638
34.0936
37.9093
25.1665
26.7755
0.495758
9.94164
36.1203
44.8421
29.7345
38.8807
1.98162
39.417
21.1997
0.0115484
18.8039
0.0187838
0.0602624
22.0017
2.08514
0.124231
0.46881
3.4597e-07
0.278744
0.369682
1.69854
2.91761
9.12051
1.40622
0.0947596
4.59873e-06
0.00223153
0
0.381121
0.0763995
0
0.00722858
0.123691
12.2419
3.40049
56.7598
26.1181
0.278023
1.72824
14.0893
26.9913
1.72973
0.700895
24.0717
3.09065
5.82745
36.4401
0.0537581
0.443076
0
0.885187
9.67626
35.3
0.135362
1.73718
1.89716
0
1.64554e-08
0.571772
22.4812
13.8827
0
8.26216
5.1637
2.67846
0
0.0113059
15.0471
0.00043717
0.0986687
0.694571
20.9784
79.1775
4.34688
9.33051
49.2408
3.59695
27.3049
23.5677
3.16656
17.1714
0
1.25189
0.0945962
4.33352
9.73711
5.32697
7.91979
8.83248
5.72165
0.0586295
2.48469e-05
0.327971
1.45612
0.858821
0.181221
1.29752
0.00146616
17.1512
15.7663
0.928574
19.6889
0.154852
9.35959
0.611494
0.137577
2.9502
0
0.156843
0.00210577
25.797
9.40685
19.753
35.5994
17.3677
9.30063
0.915532
13.1846
41.648
0
10.6815
0
2.36571
0.0185349
4.36331
14.3514
1.36037
2.06785
0
1.02849
7.46733
10.9864
7.33246
10.6666
7.52281
3.64079
0.0233307
0.441583
1.42539
10.2071
7.02553
0.00362741
0
8.16801
10.3234
16.2769
2.17298
0.737581
0.982831
5.78649
3.96709
0.00676749
31.7022
0.00170063
27.1281
4.49241
1.96273
39.7673
38.0528
0.883194
0.920391
24.0396
41.6533
7.63777
19.2539
7.01819
28.0888
4.98083
4.53054
1.39581
7.0682
7.87194
20.1342
22.0035
5.49164
10.1545
7.04581
2.71409
3.19286
12.3028
4.20869
0.822396
4.45979e-05
1.15233e-06
0.772436
2.11901
0.0170692
5.35573
0.00314328
40.7075
0.840211
3.49896
1.74999
2.81835
1.86226
19.8375
1.52118
3.06361
23.2043
19.121
6.0292
15.3827
7.93855
0.322805
1.18942
45.979
19.9477
22.4931
14.9237
0
0
5.79255
8.4316
0.396858
0
15.1707
0.000144057
0.684185
1.68188
0.895363
0
0.796111
0.109857
6.78508
0.812492
12.0835
0.00396133
72.3533
4.23741
0.892689
1.21169
9.77242
2.03657
2.83144
24.291
0.000204075
9.5131
44.1749
2.77359
0.928295
80.5751
0.626145
0.0913336
3.81133
0.0519537
0.0787378
0.0232631
1.17686e-06
1.82239
9.49849
0.061188
2.37932
0
0.0618453
1.83394
12.0661
0.19363
0.780951
0.0793964
1.92864
1.93835
2.01225
0
21.8681
0
24.2268
0.433392
1.38463
15.3431
1.07984
0.000751295
8.60285
6.34108
1.16446e-05
4.68894e-06
21.5825
8.47973
5.47484
20.8987
12.4587
5.58107
0.268581
0.0517925
1.00795
1.50297
0
3.16909
0.937687
1.27223
1.80953
40.1051
10.4546
3.03241
1.42676
0.395894
1.10941e-06
0
0.046828
8.6529
0.963044
0.0878926
4.20753
4.44341
0.449134
0.226715
0.232565
1.19396
0.713572
0.861404
0.0392045
8.45179e-05
3.27216
1.1482e-06
0
1.55603
0.0581543
0.00027975
0.634332
0
1.22724e-07
0.00268563
0.032516
21.9353
1.59123e-06
2.23644
11.2945
0.328609
1.98958e-05
40.8962
0.197547
12.7759
0.971514
3.18494
3.81745
0.0866373
2.92966
2.56178
0.053309
0
3.11199
1.16012
0.103862
4.37763
10.8658
0
0.710439
21.2694
1.88576
1.954
24.2107
0.000166653
0.212462
0
0.208484
5.57905
0.0519728
1.24056
0.899666
1.09425
0
0.0838564
4.90055
0
2.79947
1.61666
2.17941
0.149718
0.0499567
0.418691
0
0.927641
0
5.91781
0.173454
11.5571
1.55809
0.000426833
0
0.0882385
1.01378
0.0319173
0.00125064
0
0.0322923
32.4431
0
19.9769
18.9621
10.0113
47.8083
0.622191
22.248
7.65932
15.3403
2.05832
0
4.08057
0.02046
29.7739
0.982119
0.819625
0.700969
0.0440543
1.87583
48.1453
16.1383
0.0376285
0
17.6508
0.935705
2.64875
7.02525
5.69282
25.3429
15.4994
41.3222
1.50874
7.30356
11.1083
0.079565
19.6049
22.3783
37.7479
56.5883
14.4688
15.4533
19.2695
26.6162
30.81
47.5309
45.4847
5.96896
9.14875
0.764204
10.6078
12.785
1.0274
0.890829
0
0
11.9119
11.2466
11.8474
0
2.72998
0.0643562
0.751928
2.98281
3.34062
7.20503
5.70188
6.35445
5.62026
4.46852
9.0118
3.81368
6.29222
1.50379
1.59678
6.50431
6.97564
1.86589
1.08934
1.16343
0.283525
16.0728
0
0
0
0
1.0255
0.701095
0.781451
1.83167
0.171418
0
1.55595
2.84148e-07
0.0131729
1.0512
0.973144
0.826093
0
0.949808
0.00123706
0.823585
0.095917
0.0404513
0.587473
0.554748
0.920466
1.99296
0
4.84065
0
0
0
0.0144334
0.715992
24.8291
0.0261232
4.36124
0
0.832092
0
26.7593
1.9177e-07
0.00210693
0
0.106682
1.81733
18.4888
0.908951
0.00475101
2.37965
0.679482
0.0145899
6.60401
1.00116
12.5257
1.07036e-08
0.313039
0.402021
9.85391
20.4049
0.025359
22.8275
20.15
14.9546
10.4607
16.5179
27.7171
32.7536
34.5259
23.7742
24.6523
19.1377
0.0445642
0.0276491
28.25
10.8961
27.5717
25.181
19.5681
20.438
6.62245
19.8972
19.7176
33.7515
6.12322
23.362
27.6264
20.1198
27.164
33.2243
0.0110276
33.1198
0.0129453
20.0083
32.9349
50.555
26.4716
15.6712
21.9659
29.899
16.0826
1.60998
22.2023
28.8471
11.8485
16.91
39.6218
32.8326
33.0447
20.8464
15.583
24.2008
12.9247
18.5853
0
16.4017
7.57811
10.4272
0
5.59876
15.451
0.949306
1.0939
2.11523
0
1.83994
1.20599
13.7179
3.82363
7.14609
0.740262
0
2.19442
0.227539
0.845409
0.0149853
19.0166
0.0225018
0
1.04412
13.8238
0
1.04826
1.93963
0.654841
1.99696
0.0592464
0.00255428
0.079816
2.46202
0
5.32011
6.4694
3.04399
2.16825
1.75498
6.34193
4.86044
13.7033
35.7699
14.6889
27.6109
19.8104
20.9463
40.7188
19.3622
45.7655
15.608
20.7967
16.9829
0
19.4662
12.2621
16.0064
0
32.8106
0
8.00173
6.0065
2.0481
7.44099
6.22602
9.35245
2.26004
15.2397
0
0
12.1257
4.65225
0.575415
0.000689573
3.08911
0.259268
0.581141
1.62621
2.17565
0.3812
0.0212983
15.2739
0.0930463
0.215631
0.000117973
0
0
0.575049
1.10586e-05
0.0827136
31.0285
0
0.0231361
0.0856392
0.0408848
16.7241
7.98977
0.35712
1.62744
25.7956
6.68479
0.21048
9.09344
0.0723086
3.91168
0.871698
0.829169
0.0186678
2.72341
0.394634
18.0592
3.0566
40.582
8.40513
1.60275
9.01834e-06
2.77454e-07
3.92819e-06
38.9855
0.0655611
0.00118265
3.01406
13.4086
0.626159
11.3146
9.92559
23.2331
16.1985
23.9979
22.5316
1.49845
3.06055
14.6682
1.49762
2.04458
23.6344
0.828023
0.0890341
5.23017
1.7979
9.67006
1.19126
28.1396
2.39127
3.46561
7.04398
25.8185
4.64186
6.43813
3.86808
3.62652
12.5613
8.94623
9.6413
26.749
5.23356
0.0183772
0.241894
1.42201
2.03726
0.0237241
7.97332
19.0338
24.1549
38.9867
0.193916
28.3048
21.4792
2.07431
14.2686
11.2739
101.176
7.02072
1.57646
2.93825
77.0852
52.395
9.73982
31.9444
17.2371
1.39059
0
0.0215529
0.0366395
1.89374
2.39044
0.0392668
0.00558149
14.0075
23.9827
28.8076
0.340735
56.4951
0
0
0.031802
0.238245
0.14357
0.00664452
0.0238756
6.56679e-05
6.29186
0.348356
2.75604
25.2631
1.24362
17.0368
5.61627
3.87694
0
0.465334
21.3617
8.14219
0
19.084
7.35918
7.07341
1.92579
35.5668
5.60472
0.00275303
8.56601
14.6352
1.70803
1.13592e-07
2.9899
4.5542
0
2.64248e-05
32.9138
0.135753
60.722
17.1471
43.9091
0
0.0821481
0
0.7654
0.0134573
16.6909
9.40606
23.4733
0
20.6716
22.1338
21.6979
9.66065
5.57738
3.11904
21.4022
0
2.33216
0.00226721
0.581723
0.0886986
7.89421
0.00191725
0.000198201
0.970949
0.00761903
2.02527e-08
2.7409
0
0
0.504796
0
1.4009
1.8772
0
0
13.9121
0.359486
0.385626
1.59424
0.223495
0.00826743
7.0061
18.2763
0
6.13363
2.53993
0
0
0.586832
0
20.7336
5.84863
10.4361
4.46387
6.80961
4.47218
7.28164
5.36819
4.21771
21.5607
10.7039
4.47552
22.8434
27.5212
30.8354
9.46722
10.7345
19.8338
14.0536
9.89796
20.9919
7.22175
15.4079
11.959
14.3729
13.8082
15.1063
6.60008
10.2214
13.4715
12.5483
10.184
4.7419
13.4952
17.2014
10.7086
8.13001
3.54853
6.22556
2.2754
0.040421
0
0
0.0264788
0.0295046
30.6872
24.9616
0.0467163
3.55236
3.84447
1.34388
0.0148994
0
10.204
0.00388464
18.7188
2.18611
1.90084
1.25606
6.14444
15.5255
2.30571
26.97
18.176
18.1936
18.3394
0.0050552
26.5585
0
16.0216
21.62
13.895
29.454
12.8592
11.8973
10.5451
6.03122
5.9505
11.0895
39.1113
14.2418
9.54537
3.98419
2.26643
8.04144
15.6055
14.3212
28.4566
16.4981
19.6318
27.5133
24.5832
28.0084
26.808
33.7478
21.9939
24.6732
20.3831
30.1357
21.6158
23.0233
16.1007
0.0446654
0
0.0213511
5.22793
7.65478
19.7501
10.5042
12.0346
13.5925
10.5141
9.61653
9.86842
15.8934
5.03245
18.8995
17.8983
4.95331
4.94889
4.03236
11.0125
14.6399
4.23922
33.9534
5.1777
4.85198
5.04489
9.92217
12.4841
1.11786
4.94582
9.63389
15.0978
11.0974
13.7888
12.8444
8.53873
13.3523
23.5396
19.7912
32.1367
25.0369
14.3668
4.80575
0
1.74041
0.79372
10.3174
14.2749
8.44474
11.1996
0.0116352
20.3719
26.6346
12.7257
12.6322
14.0737
20.517
25.8861
40.1999
0
0
5.29659e-05
66.5174
42.9701
36.6995
5.69047
67.9076
8.38852
22.8134
0.804822
1.51683
0.627045
5.48996
29.9509
1.40952
10.2273
123.467
97.5319
26.1071
6.34159
7.65886e-05
50.6365
13.6005
41.9953
14.1362
8.43853
38.3363
38.328
33.544
38.1735
15.5977
16.2696
19.6596
29.1475
11.2043
22.4497
45.6314
36.8525
12.1014
32.0973
14.186
11.4548
20.4071
32.8765
13.4464
22.0851
23.6643
17.6254
38.4894
14.8926
10.5772
0
14.1031
0
3.40572
14.5953
21.4827
20.4427
18.1397
9.54085
13.2219
14.6663
10.5619
19.3062
17.5199
9.80332
10.2351
18.9376
12.2646
8.6131
11.3848
8.39837
5.39666
8.40176
9.62658
10.4245
0.380483
10.6122
23.3388
12.782
6.57677
18.7602
0.859464
3.10363
0.925236
9.49814
8.92983
14.8331
1.79199
16.4435
32.384
25.1684
4.59942
1.51283
7.30172
16.9543
17.6461
5.0646
2.74338
1.01492
20.9332
3.85808
0.868332
1.19561
5.97605
3.80359
0.288932
2.13122
1.81313
0.872961
0
0.911978
2.28632
1.18557
1.23545
20.2317
0.0245617
0.153619
0.449386
0.0616624
0.00596639
2.76092e-05
0.0459627
0.899942
0.719767
1.31481
0.61713
0.127734
0.011313
1.0593
0.574497
16.8509
0
0.024038
2.79316
0.129491
12.1134
0.000601536
0.367468
3.6656
1.53051
1.96375
0.460103
18.8564
3.44567e-08
11.6072
2.73742e-07
21.6776
0.68665
21.7042
1.00966
0.794506
17.0662
1.02578
25.2749
18.3229
36.2394
1.90354
9.04316
0.969834
1.21475
0.872209
0.462214
11.4425
29.516
0.609784
0.00724975
28.7914
0.408458
0
4.24097
1.19227
2.4066
0.585344
0.742512
1.16067
1.83567
1.03603
0.503057
0
10.1275
3.14488
0.064025
5.49092
32.0228
0.213242
23.6955
0.191607
27.5636
17.3709
17.3146
2.98153
0.782778
1.0876
0.322755
7.01158
26.0065
0
0
1.01934e-08
1.18066
0.801754
0.0288701
0.838242
1.03781
0.973983
0.000267353
1.56618
0.0105847
1.75621
1.17424e-05
3.34453
0.952552
1.7959
0.0192559
2.98618
0
0.000834841
5.24828
0
0
0.0238098
0
0.339409
0.447119
3.72055
12.2576
14.8904
22.9604
28.5126
20.2132
6.04378
4.14836
3.98006e-07
0
0.0193014
0.702572
25.2313
5.57167
9.47665
0.0152127
2.80964
22.7292
40.6792
44.2532
18.6747
3.2618
2.54677
16.4386
13.9767
5.05552
9.80301
10.6149
3.11793
27.7613
9.66235
4.17861
43.0786
15.0959
11.075
29.8819
1.03232
19.0621
4.55725
53.6245
0.114514
102.372
78.1815
1.00822
5.02424e-08
1.22124
0.0851412
0.0735116
0.126803
0.021675
0.0435036
0.924553
0.717637
1.20472
16.1948
0.33194
12.1486
1.52303
23.5806
5.9342
6.48247
14.9075
25.2091
16.4308
2.16464
0.0196277
32.3405
23.0415
21.6076
20.2897
34.5498
25.8106
27.0234
0.974408
14.0537
0.0252569
16.7374
13.4457
17.2448
3.74496
0.0497041
15.1661
16.2063
27.6013
5.54784
14.7643
25.2453
9.57392
2.43886
14.0767
20.0682
7.43915
14.8415
0.478831
7.98615
37.7721
6.3949
1.14182
34.7158
0.172295
18.556
1.64848
1.80056
11.4431
0.455978
24.3203
0.0117805
20.6173
37.8847
17.7298
25.7709
36.7568
28.7875
9.41812
18.6142
0.97714
0.14013
6.98421
3.58731
5.58845
8.21954
13.9268
14.7935
11.206
18.8728
17.6141
51.2133
7.46691
13.1365
0
0
0
9.57215
2.22363
11.9866
7.28599
3.43225
0.0561822
1.85847
1.16909
0.575531
0.4863
1.60898
4.8954
1.65255
0.388413
0.336924
24.7161
6.87289
3.38207
4.01602
19.2132
0.159009
17.5991
0.262396
18.2961
1.41462
12.4374
0.0765503
1.74799
5.70877
0.00693621
1.02909
0
0.721948
0.524872
1.12162
0.116971
0.00516875
0.890933
0.0252938
0.0355236
0.830637
0.518456
2.38134
0.00652932
0.991821
2.17126
10.6151
23.6571
10.0057
1.4702e-07
0.96849
6.79939
3.54022e-07
0
1.29264e-07
0.627913
18.7271
0.098415
17.6051
27.249
45.7002
10.3533
39.3871
15.3422
32.7864
3.65244
12.9534
10.8769
0.948701
8.50238
4.18978
1.14908
0
20.3019
0.213918
26.1687
17.4616
31.095
8.11024
27.2945
20.9599
0.41864
22.9545
20.8812
22.8175
20.6102
0.511412
22.639
1.90475
20.4513
9.21554
0.0757366
14.3813
7.26148
5.31219
1.8862
0.00485881
7.0739
2.47448
16.6403
18.3719
22.1615
1.95511e-05
41.4783
25.9964
21.2458
15.5343
16.5488
31.8631
43.3329
8.26093
24.3266
12.1293
22.0065
19.9225
28.1561
7.71772
13.025
0
8.61226
13.2976
31.1863
15.326
13.3823
17.2161
13.1456
9.65384
25.4025
29.753
13.2063
18.4225
26.2794
11.0389
34.6826
32.8595
13.7025
22.3001
29.8171
0
14.8922
18.8085
6.0443
4.06537
35.2103
0.433959
36.1547
50.3499
9.47858
0.0118095
0
60.9564
29.5581
31.8365
29.4229
4.56467
40.4516
24.4775
2.18269
26.9558
38.7238
16.8053
2.64146
17.2352
30.2053
40.935
21.2333
51.9036
17.8227
36.1652
16.7674
47.6421
49.4216
0.622076
43.6552
33.4778
22.8814
7.89385
29.8231
33.1249
61.7976
43.6011
0
39.6203
40.9319
32.8092
0.994427
8.46251
19.238
20.2061
25.4494
12.1476
22.0096
22.9709
3.25348
0
5.28795
2.71521
29.6263
1.00707
16.1069
36.5129
35.9765
26.9581
34.7248
0.417621
21.8478
0
16.2159
24.3865
22.0663
18.4205
14.9941
33.5285
46.5408
38.1343
39.7126
21.7155
16.3602
24.908
1.15523
21.3851
11.552
22.1016
1.28587
9.28519
8.19898
20.5737
17.8669
9.2438
20.5452
14.5819
1.12262
10.9008
10.5268
6.98686
21.721
14.5898
1.63961
9.83822
14.2702
17.7816
1.42769
3.1029
0.891737
1.96955
4.38654
23.7772
3.45273
13.8476
22.592
7.12638
26.7006
14.0225
7.59464
37.0985
0
3.79533
10.4739
13.4018
0.0218774
11.9317
22.9389
10.0821
7.28923
11.2795
14.7187
33.6312
14.4555
14.5711
11.3344
18.2823
14.8676
15.7242
25.2627
7.00468
15.4452
38.1166
0
9.66035
21.1734
47.4338
16.1897
3.45257
23.1225
2.43143
13.6375
12.0407
24.547
29.9213
23.4147
47.6719
44.3711
29.6748
18.9003
9.77739
10.7947
28.8847
36.2837
20.5977
0.130493
10.3812
22.3288
11.7756
29.626
3.15035
0.204358
19.3473
0.0251333
42.729
14.4428
0.00280851
18.6756
0.092091
17.4797
11.226
9.63158
0.725405
6.7935
7.76142
9.11162
15.7133
20.1308
1.78726
6.94145
3.61856
7.39618
19.6305
12.9253
10.8943
12.971
27.6929
12.2273
2.95236
13.8412
7.4056
2.59054
17.8218
28.0845
7.04124
55.7553
14.1031
12.4604
0
5.92451
0.324127
9.96506
2.91512
3.51397
14.8458
1.38189
0.988837
50.9477
1.19112
43.1395
0.013386
29.9054
1.88772
2.18754
33.0897
1.04586
0.929056
0
0.00871002
0.058227
33.4434
10.0731
10.7691
18.6351
23.622
18.7298
12.4617
2.92269
5.50135
5.12381
13.999
18.2237
3.12231
27.9899
27.8155
2.15308
17.7954
0.143456
10.2054
14.9966
1.115
6.97097
0.25732
4.02007
9.9528
1.84608
0.0875216
0.0454327
0.0211488
0.102522
7.972
14.1103
12.3301
0
3.63665
13.975
17.7479
20.751
14.7398
4.83605
10.0569
10.946
13.5576
41.258
8.70779
0.058933
11.2201
8.47887
12.7558
11.8256
0.920398
13.2
8.95813
18.5998
8.22176
5.04275
8.91778
86.1657
11.6115
22.6638
13.6434
171.091
9.87143
4.56382
12.2331
7.9775
10.2384
12.1501
4.38035
25.3861
4.41708
6.46706
5.24212
4.90927
8.1053
63.1585
8.61809
20.2346
0.0711964
0.979752
28.3069
49.3554
0.107114
4.28121e-05
0.673695
0
6.09902
1.15796
0.81223
0.211079
1.39302
2.47849
0.086191
0
12.278
0.00143039
8.28639
23.2311
1.53107e-06
0
15.3881
5.96839
17.6809
0.0774576
4.38853
5.00265
0.000945964
3.20444
1.82581
4.64848
0.00245026
0.814036
14.2177
7.7015
0.383075
0.662844
3.02441
0.0352596
0.000424932
0
0
13.4232
28.1558
16.6306
2.14965
13.6827
1.28228
19.1686
4.74978
14.416
9.96067
24.2138
6.29669
23.58
4.13563
7.14192
8.32974
14.6924
10.0361
5.01006
4.42353
34.4466
35.9019
41.7697
26.4022
20.7253
2.92337
22.3811
0
0.203246
20.192
19.6731
13.7587
12.7149
9.19807
8.71782
6.89731
0.236873
2.47428
13.3312
8.75007
14.681
17.6123
26.3957
32.906
8.59114
7.34885
7.65429
14.2451
15.867
29.1639
15.4714
18.6457
5.66387
16.1225
5.12887
2.74312
0
0
3.52998
4.26853
2.56341
0.10459
4.57837
27.5527
34.0224
8.1243
12.1187
13.7758
11.1144
35.8431
14.9727
17.052
0.819506
0.00884624
5.03812
8.16327
8.59471
9.85015
25.381
11.5165
15.858
21.1716
1.17383e-05
0.05399
2.64312
17.0461
11.868
5.83117
5.91159
3.15994
26.4819
6.10954
2.18328
7.92153
0.118056
2.10751
0.492119
37.8391
15.1875
8.25481
0.0671046
11.4223
29.648
0.00861247
6.57618e-06
0.144073
0.000471927
0.0230965
0.150335
19.3579
2.20041
3.29317
0.377654
0.0884378
0.134373
23.9059
0.205272
30.1239
21.1459
0
33.5071
6.31756
2.41917
1.83458
8.33622
5.22064
0.0006007
0.471869
0.962944
0.00113077
1.8358
0.0838321
0.000989854
0.0266586
3.64728
4.53811
17.0448
13.7962
2.40546
1.91534
2.10905
32.9857
3.61632
5.28844
23.6019
2.90549
7.97941
16.9723
22.731
16.7751
18.3485
33.4848
3.97023
4.79989
20.7491
4.88014
25.2235
11.899
4.40305
14.4849
15.6014
16.2029
1.5625
10.0588
37.9758
0
0
0.00516421
0.767936
0.00680581
0.0341455
0.421215
2.79662
2.83664
2.44706
3.42377
11.7142
0.685637
1.60349
0.496881
1.60602
5.18651e-05
34.8461
11.9468
9.11735
27.1174
43.8785
32.9995
16.4681
4.06409
4.96509
14.3008
15.992
4.35291
14.4229
46.5716
3.15167
1.91586
11.3229
2.02491
26.0194
25.7942
10.1026
22.7855
23.8766
6.44533
23.5925
0
2.18244
0
12.6331
4.09399
0.871402
20.1155
32.1133
0.338468
20.1715
8.27889
18.7892
14.5609
0.842099
7.42143
15.7834
8.30448
19.0405
30.514
18.6165
1.40046
5.83539
7.25115
4.3095
1.41531
0.644
21.1786
1.33967
1.18921
0.963537
0.182881
1.57686
1.49147
1.47355
0.514824
0.0113647
0.83814
3.20245
1.10849
1.41422
15.1497
0.0149911
0.250686
0.555306
0.000444366
1.31278e-06
0.0614335
0.744308
0.705003
0.799678
0.838662
0.433839
0.0446679
1.22123
0.408451
0
0.0450399
2.34773
31.494
1.93948
23.7267
10.414
3.67076
5.73246
11.4428
0
0.280284
0.102528
15.6607
0.0161836
4.1273
11.8318
13.4711
0.81415
7.02933
13.6406
45.6957
34.5129
11.9521
15.1754
94.8756
3.60602
27.2884
42.5592
2.09702
3.18772
21.1382
0
1.57255
13.9388
0
7.22082
1.42754
13.9526
0.770719
3.26042e-07
0.979194
0.175878
7.06137
0
1.269
0.0927161
0
25.1811
44.8781
23.1062
28.4822
0.104776
24.3721
19.5769
3.45171
28.1862
30.2903
43.2442
10.2238
0
0
24.7341
1.98912
0.93477
0.555736
0.000154668
1.63217
0.387198
18.0609
0.0120249
1.64864
25.6162
0.0487682
0.861762
0.694061
0.0012603
38.307
23.4238
0.0978144
0.886946
0.00190865
0.107487
0
0
49.2001
0
1.99006
11.3068
0.394209
0.635672
3.05297
0.0265406
0.0497963
0.964485
15.7479
22.7584
0
1.75467
0.998569
0.485983
10.753
1.72382
0.224343
0
6.27902
0
0
0
0.0287022
0
1.19038
1.07129
0
1.67899
0.173775
13.9624
0.0063324
0
17.8193
2.87863e-07
0.14354
1.11674
0.546475
0.589257
0
0
0
0
0.0353828
0.000277024
0.00334436
0.0347715
24.073
0.218667
0.590622
0.678162
0
1.73365
1.10885
9.25518
0
0.819683
0
0.212453
6.30703
26.4562
13.6887
3.64721
4.92456
0
3.10619
19.5849
21.2439
3.51931
0.580068
6.55033
3.36522
11.9888
3.3242
0.0343108
0.789921
4.66665
0.0136684
0.494216
2.91259
1.35778e-05
2.00235
3.33823
4.68268
10.473
25.2343
0
25.5882
7.13169
5.76692
9.46079
0.00407159
6.84156
27.4659
2.91718
1.65736
10.0085
22.482
0.689451
0.346671
2.54619
0.0995825
105.496
3.36294
0.00607824
13.8123
0
0.728196
3.28556
10.5245
0.530254
3.83121
24.8272
0
4.54353e-06
4.31378
0.498232
0.941163
1.47353
1.15724
0.593514
0.000927463
1.48728
3.09755
2.13266
0.0376429
13.6259
23.5629
0.00493587
0
1.59834
0.0733637
2.78762
30.9711
10.2926
2.67966
0
4.67828
49.2458
21.2309
18.3367
0.00128946
17.8311
19.5741
8.39492
38.3335
0.342144
0.374297
24.7391
2.77208
47.0452
7.61265
3.82772
25.8361
2.05787
0.195348
1.07031
2.38251
25.4196
2.71675
3.59137
23.5972
46.5323
0.544342
28.7795
10.3161
6.64359
17.3749
6.23333
18.1632
33.6462
0.662293
5.50275
28.23
17.9938
1.15314
3.5982
25.6205
20.2781
16.5071
14.334
29.3037
14.6478
24.1083
23.1083
0.305258
24.218
0.000735651
6.04514
24.8858
18.9713
17.5851
1.41649
0.60268
1.43744
1.56147
0.418616
4.45576
0.506419
0.816829
0
3.29546
8.51356
1.01985
0.181896
2.91548
0.106113
4.10631
0.162066
1.60206e-07
9.98622
12.387
2.53372
0
2.89786
14.6559
0.00110564
6.80053
32.5381
3.93971
15.1641
27.1084
23.6454
0.00269203
4.06642
0.384224
0
47.0432
0.257498
2.62329
20.2603
3.82463
1.09828
55.0305
8.6997
0.570712
0
0.24492
22.1281
5.00272
0.817412
60.8552
9.5225
3.75273
34.4118
23.9087
12.9545
21.1023
9.96267
16.926
17.9822
24.2555
19.6298
26.0967
27.0532
12.906
5.07906
2.09776
10.6713
0
6.33121
15.4592
1.06277
28.6785
23.9854
23.3358
4.48284
0.00873338
0.890235
0.0933131
0.0151347
1.90031
0.658699
0.100173
0.062795
0.267233
0.0340699
0
0.000208192
38.9178
37.3001
1.16529
26.6411
16.5382
14.2793
8.86658
7.86331
16.6099
3.29867
17.5223
6.67306
6.68783
7.50936
6.85835
23.6773
5.09995
30.1664
6.78792
21.1164
19.8214
26.9815
33.5121
20.4399
10.723
27.7616
17.4375
0.441642
1.2623e-07
0.0128591
0.282161
1.52546
1.72936
1.42065
18.4
0.0164374
2.78823
29.1595
23.1876
21.4541
14.8236
14.9935
7.22406
0
0.601543
0.204593
0.744378
0.461568
9.63752
0.0592344
0.0172412
0.0843497
37.8082
30.8055
14.0751
6.4283
24.1501
5.85673
1.08605
0.177863
1.61622
0.969781
1.01258e-06
2.34672
3.80697
3.33418
3.27946e-06
0
18.8569
0.149169
3.55318
2.94531
4.95515
1.22164
9.16554
6.88841
5.79736
6.66859
1.23619
0.0804232
0.617389
1.67486
14.4498
1.63321
1.16022
0
33.2027
1.19533
0.390856
7.96131
0.632345
25.7696
0
2.54444e-06
21.883
