22.4782
13.0041
10.2892
0
1.47381
27.569
0
27.4597
0.952287
16.4764
30.3726
0.00552188
0
3.20502
29.3703
0.0198125
7.24673
60.7611
21.1735
8.6778
36.2949
1.73489
0.84992
0.163105
5.82762
6.33012
7.90679
4.1458
18.9507
0.00656049
1.27254
0.663924
0
2.03103
0.201377
0.149504
2.44643
21.0298
10.9829
14.1033
20.6594
33.8835
7.1373
19.2715
1.10654
5.92232
7.07782
5.26851e-05
0.826289
0.0414673
1.12509
3.14324
20.2889
2.0782
12.3038
0.955993
40.8351
6.41321
0.739323
0.9913
29.3993
0.000929056
28.1346
2.16812
23.7619
0
19.2488
5.71553
9.81732
1.07568
22.2989
0.207364
0
0.0214069
4.5889
4.16317
13.4336
3.1871
0.0087332
0.0792563
0.944809
1.03889
0.104642
0.38433
27.0177
4.21118
7.76615
5.24293
6.31552
9.10741
18.9887
6.74799
2.8924
9.56903
3.75253
10.2499
10.367
16.3477
4.27626
1.77964
5.23253
7.14815
12.3259
15.4293
8.88645
3.84916
4.20283
4.14092
0.274805
9.96532
5.40685
7.9563
8.53246
5.76882
10.3833
11.0862
5.0933
2.32022
4.6164
2.3821
6.11419
2.55655
3.10151
3.87653
0
2.25645
2.90162
0.059219
7.46641e-07
0.0049526
4.93778
0.797314
0
11.7476
6.55743e-06
4.39203
6.77134
1.5646
0.884719
1.59827
1.14623e-05
0.330809
0.104498
1.5621
1.8277
0.00677549
0
0
20.4053
88.0766
1.42658
0.663213
0.92318
0.73296
26.9952
7.88082
23.1822
16.7364
16.2573
2.11267
12.6083
21.2366
7.56543
6.18738
1.21154
0.545564
8.14935
3.33976
0.135456
0.045889
8.04023
3.65211
3.70421
0.575285
0.367165
1.08377
0.20024
0.00652577
0
0.408675
0.092742
10.3353
0.267687
0
20.0918
5.66778
30.707
5.21142
25.48
63.958
27.3902
21.2092
26.3027
50.2087
3.85671
0
12.6921
5.56048
26.9131
11.2013
35.3807
79.1652
34.1495
32.1686
13.1902
5.0324
16.326
2.23968
73.1008
11.9957
38.048
33.1927
2.34749
45.6763
39.4171
47.7338
7.03225
48.4369
50.1378
21.1242
0.752357
10.5993
81.4612
3.65693
43.5497
23.2331
22.8573
30.2743
26.2799
3.419
5.3196
7.47914
23.4209
0.800847
6.67374
6.27931
10.7257
2.41928
2.82735
3.50305
4.91583
6.56289
4.621
1.18284
0.839126
1.32233
0.742042
0.256492
4.04508
0.00352093
3.12208
2.43978
0.614738
0.714432
1.19037
1.02764
0.00866338
0.797893
0.741118
0.430303
2.30498
0.0750946
0.850598
0.992834
1.52463
0.701105
0.0001154
0
0.000149837
0.31565
6.81363
0.00239534
28.2389
0.0427214
0.170314
0.824146
0.053433
0.690436
5.9567
0.0894634
23.5984
0.256433
0.318762
0.201983
0.0574411
1.653
4.6795
1.58644
2.37977
23.9227
0.0942714
0.429151
10.3379
0
0.811532
0.045351
0.019138
34.5461
3.79412
9.76311
18.9839
4.44486
11.9544
9.92661
6.69381
35.9254
16.1608
9.24581
0.437347
2.31836
2.70954
2.19859
2.84892
9.52542
20.5289
19.8004
38.7004
10.3399
14.1816
9.60819
0.995089
9.28797
6.15115
1.63291
24.4947
16.4449
5.22073
0.471317
2.51799
0.138894
1.3035e-07
0.986117
0
0.912381
0.953554
8.18623
6.25716
5.5791
8.19972
1.18816
104.568
3.29298
20.7913
0.470924
3.00227e-05
1.75719
3.07329
3.28129
3.03271
2.87486
0.880972
1.75244e-06
20.7348
14.5319
0
1.02025
6.92134
8.71562
0.967589
3.81682
3.6043
10.2301
0.267248
2.32816
0
0
0
0.0138205
2.52815
1.18411
0.370795
0.376106
26.2685
2.15225
8.39771
14.9487
0.229762
29.3018
36.0433
31.1026
29.6428
8.52267
0.725315
9.75656
22.9349
10.0314
6.39526
17.3669
2.43042
10.9774
2.67769
3.79737
6.99298
3.35302
0.943809
21.673
24.6418
11.8231
8.96542
33.6436
23.1948
36.734
27.9602
39.1122
30.605
15.1752
11.999
17.0098
9.37283
4.26775
14.9224
10.6801
11.0668
33.7227
5.00148
4.23111
103.186
34.1482
14.5727
2.02555
4.51928
13.1801
8.96559
14.0117
15.4167
26.3085
26.8882
10.389
33.3301
13.0324
14.485
11.8009
17.5469
18.14
16.1474
15.9366
24.7639
0.808424
2.7511
15.8705
14.0771
8.31089
19.6263
22.7044
20.2482
1.89425
2.11652
0.111489
1.72835
4.01491
8.86975
5.22624
59.1424
15.6055
12.5433
18.0983
40.1351
26.7792
24.8654
8.01421
10.5659
4.03948
0.241314
7.25961e-06
3.54283
2.7696
15.9185
4.8133
1.38623
2.44812
1.68073
1.63296
0.26095
0.89248
3.89489
1.90668
1.10508
10.3378
0.811097
11.1553
15.9043
10.8459
1.31043
26.3469
22.3507
13.0502
19.4349
6.00532
2.20387
15.6043
18.6356
54.3323
20.3259
1.24052
1.42908
20.1314
0.93761
0.194718
1.03604
0.019818
24.0268
53.0863
34.3571
22.3631
47.3839
25.8198
9.63018
26.4947
0
16.097
17.2389
13.5369
2.93599
13.3801
25.4413
15.1043
32.7196
4.008
32.3294
8.30804
6.43804
12.6489
16.7998
3.57159e-06
0
21.3414
0.00315369
2.44232
0.0966267
1.11028
2.44685
12.3938
2.4579
6.12937
1.0464
5.95886
0.173789
0.564374
1.32925
21.2572
7.56712
0
9.97598
12.1343
5.52629
3.15386
7.79197
6.75461
10.6587
13.8575
40.743
27.5047
0.274259
31.6277
1.64163
42.0501
51.4393
50.4738
35.5852
37.0863
7.13971
4.46152
0.0101752
19.1529
0.222642
0.0294632
4.9897
0.00494956
4.79255
9.87291
6.69924
32.259
2.21454
5.20047
2.4108
1.85369
3.36767
36.5989
53.6051
5.40352
0
7.32809
0.092653
9.53509
8.81763
3.30223
19.8039
5.43062
8.59572
8.25925
3.52895
2.15824
21.0894
0.435934
10.907
20.9865
62.5854
3.68348
3.268
44.0083
25.0018
29.1356
23.5095
3.11306
10.7043
23.2514
3.06442
0.000814855
0.000618678
3.31199
0.960819
0.960989
37.2366
10.0502
10.078
0.00696396
0.745011
0.5197
6.18311
1.92405
2.16921
1.70987
2.75157
2.45897
1.75988
0.0578999
3.27273
5.27531
0.505951
3.91695e-05
0.173069
0.791472
0
2.27367
35.8452
1.18633
35.0395
7.16521
3.59866
1.96807
14.2346
1.8074
9.87422
14.3665
0.00917312
0
0
1.02
21.4254
50.2322
0.908205
20.4773
0
11.2769
17.6999
16.5477
22.7383
3.16417e-05
0.485002
2.20918
0
0
0
0.24571
0
20.7199
23.554
31.5449
17.6593
20.8177
1.67079
14.3513
17.1895
16.8206
30.7748
0.0268301
4.93518
0.330957
23.3007
23.9319
9.24866
0
34.2033
14.5403
1.90873
5.51379
0.362443
2.97692
4.94069
5.29784
7.92499
14.7494
9.08122
11.8023
36.7395
2.30565
12.3799
1.26543
0.121791
0.0679013
0.122733
0.000759871
0.0872419
5.17919e-06
0.899593
29.8279
1.97129
5.48362
1.46797
0
11.1877
5.22018
0.730357
8.85273
8.20365
13.2333
10.1921
14.026
14.3166
15.8583
19.405
30.979
24.7935
38.6926
44.0527
0.406647
1.92132
65.5371
4.78937
0.00186338
5.25654
4.12417e-07
52.3615
66.7073
11.1408
20.2168
40.0091
13.7089
14.8905
0.03185
0
28.4359
43.7674
0.166878
0.85955
0.926836
1.25215
65.1498
1.19969
7.02095e-06
0.0568283
0.0199598
0.76714
0.164939
5.40745
13.0854
19.0981
7.5782
0
0
0.876738
8.53931
6.40049
0.00430308
6.18617
39.9772
0.0398457
30.3389
1.56106
8.84044
24.8975
10.296
27.0279
1.37398
10.5668
5.1965
1.08026
0
0.143864
0
0
1.12314
0.00611946
0
3.17229e-06
10.7481
31.0688
3.83944
56.39
20.8427
4.02421
10.2315
4.19188
2.95735
3.4828
0
18.2505
2.36597
10.1674
3.21788
21.7004
13.0858
19.8805
1.22853
0
22.1078
0.30337
18.6869
0
0.86091
1.33528
27.3452
15.7089
6.3108
5.60981
5.91359
39.4943
3.94302
0.0288077
0.759389
11.3686
1.27935
0.581972
1.38391
0
0
0.761185
4.04627
5.03387
1.03026
2.38964
21.13
8.88779
7.4426
10.9787
7.39576
30.8491
0
0.637526
3.81308
36.7671
13.6865
5.58734
0.655831
0
0.0146016
7.31595
23.1849
11.1168
20.5345
5.66915e-07
8.87923
20.6543
11.8881
0.000273671
16.1555
1.30746
0.369866
7.65179
0.291637
0.981104
16.4167
2.06099
0.424526
1.31809
12.5496
0
0.0126796
0.111279
16.4717
10.7919
0.486144
0.630339
22.7248
0
38.8201
0.943604
10.3838
0.102647
0.0715777
0.701222
5.95439e-06
12.7986
0.0191032
1.32712
9.24592
6.51843
12.1926
11.6645
0
21.4618
19.4424
7.11767
3.88182
1.16211
15.9292
1.31
17.3603
12.3553
5.32191
22.2329
5.74091
39.0149
10.9901
11.4715
13.955
0.544694
14.1961
2.07526
2.63956
7.82212
1.86509
6.06176
3.01604
9.16023
15.2138
6.01627
14.2413
0.699439
0.470852
0.180783
0.887238
1.42769
25.9301
10.8471
6.72494
6.20662
0.696302
1.08697
0.595276
6.4103
19.4647
0.0652944
24.1268
18.8788
8.62131
0.0355883
0.313153
0
27.1617
1.53225
35.1144
31.3901
0
0
16.9567
0
0
36.1255
19.5681
9.03771
0.103426
12.9146
39.1764
1.28613
2.10692
4.69382
17.5528
0
0.939118
21.6173
0.0286927
0.864345
1.67172
5.57804
4.19121
11.993
17.3489
0.693179
0.186233
4.11096e-06
3.43352e-06
40.9951
15.5898
5.3844
10.7365
21.5603
22.637
22.1663
0
0.134622
0.262204
2.81099
1.85702
0
2.71172
3.34159e-06
1.58688e-08
19.6677
0
8.88964
2.19004
0.725263
0
0.0399713
2.13959e-07
0.444335
8.74573
29.9084
0.628872
25.9875
19.4193
0.467254
0.373552
0.020837
2.5789e-06
7.43031
5.63962
1.09703
0.774731
0
2.24301
5.71599
6.0031e-05
0
4.76621
0.401434
3.99065
23.0615
2.56631
0.964236
0.670672
36.7333
41.0605
3.69866
3.17214
5.74051
1.11767
3.91855
15.7568
0.326352
0.392742
19.2504
7.90676
2.29998
0.000216869
23.431
23.4713
0.755241
3.16182
0.20772
3.54043
0.670245
0
2.3781
33.8856
0
50.801
0.269853
9.79468
0
22.5972
18.1233
11.0297
32.902
8.80883
5.15132
40.352
15.2696
1.15403
0.845079
1.82967
21.039
26.486
18.6426
19.8197
2.55694
0.000527081
0.108699
9.64067
25.6095
30.173
26.7214
3.90666
55.8152
12.0742
8.84715
28.119
13.4173
3.04922
9.12479
8.87786
12.9787
0.0972222
0
30.4159
18.3826
0.59765
4.83028
4.66934
0.00302852
35.7635
14.7469
19.4817
0.798462
7.26858
6.31553
8.59274
12.3102
30.2549
8.94462
39.757
13.424
14.082
1.51092
0
1.55514
12.8276
16.4922
12.2464
22.1701
15.2205
12.2162
15.1457
22.676
28.8275
76.2764
98.7723
29.7603
9.21331
23.1763
1.11894
0.769711
0.0440125
1.21711
1.88836
3.88582
0.325019
3.53221
16.69
0.0131929
3.39282
11.2492
13.6581
14.3891
26.2317
15.5209
28.8527
23.6694
6.93033
1.8686
3.68127
18.8735
21.0911
0.469244
3.48182
9.66222
14.1751
23.2063
19.6532
25.5028
0.000506498
0.602398
0.0999129
23.9112
6.69585
2.20444
2.70596
4.60422
0.401811
9.3155e-06
2.51665e-06
0
0.000313831
18.2198
0.00593651
14.4809
0
17.5725
9.88064
0.94156
0.0800583
0.00043909
10.9712
8.25997
28.9497
21.7616
0.699697
0.000388811
18.8398
18.1964
6.90622
0.443747
21.5961
14.5516
11.1951
1.42283e-06
18.8972
9.93448
3.8772
6.87208
0
0.102802
7.43849
0.169802
0
1.46374
0
0
19.0472
0
3.61189
11.1866
4.79327
6.22991
8.72396
5.32595
13.6921
0
23.0848
0.000972486
11.8689
15.1813
0.000695116
10.2052
11.8403
5.68259
0.527856
2.58614
0.916055
46.9193
23.8882
2.52815
15.3114
0.000629538
15.52
28.5632
38.2505
6.29216e-06
9.57845
8.67489
53.348
16.9045
0.5527
1.18134
1.12258
10.3954
0.998976
5.24755
0
1.32133e-06
0.0435356
0.695666
11.2585
0.994532
0.16339
0.736616
15.4339
8.99348e-08
5.50039
18.5439
0.0919602
4.31243
2.40126
8.99517
13.7925
10.2325
0.564819
0
0.343289
0.0286785
8.25551e-08
0
0
0.207369
41.0229
7.81264
2.06165
7.7947
6.38587
0
4.68045
11.6631
0.040628
11.9251
20.2919
15.1352
35.2486
37.0129
31.0857
28.0949
0.0307418
16.026
38.3034
26.532
20.0645
29.9912
3.55578
18.5188
13.1732
0.104965
15.8854
0.00141617
2.54019e-05
25.4255
0.00420782
0.0914778
0.000337944
0.351868
0
0.656743
1.26806
0.26478
12.0164
1.78465
1.43505e-06
1.63916e-06
4.45499e-05
0.0534549
0.577404
0
0.038254
0.911871
0.0186717
10.7441
1.01512
37.5803
32.5931
1.71108
2.31004
13.3285
12.4501
1.81511e-06
0.000413354
18.2668
1.32245
5.18532
13.3562
0.260199
0.260228
3.9322e-06
0.322458
3.48095
5.83414
1.37789
2.02764
0.00147586
0.0298936
7.82917
0.0810706
17.9234
13.0433
0.00890527
8.26493
6.8582
4.06547
0.399815
0
20.1294
0.992913
0.016442
0.943258
17.2911
23.9793
5.8258
4.45591
47.4865
6.12124
34.9376
26.0755
7.77178
24.8071
0.000374495
3.69073
0.000607824
6.91736
12.1026
4.55435
16.1227
0.129767
4.15259
4.99558e-06
0.122686
0.508449
0.0478893
1.08148
0.0178672
1.73223
0
15.3821
16.0042
2.18615
30.9215
0.104785
13.9277
1.98014
0.0270839
2.03896
0.000389584
0.564435
0.0010177
23.259
17.7283
9.80414
24.3529
20.5517
7.02264
0.159451
13.262
38.9744
0
11.7182
0
3.16331
9.14282e-05
7.97524
23.0762
0.019439
1.46378
0.073745
1.425
12.8381
12.659
2.90017
7.90926
5.34775
1.05935
0.209806
0.273259
0.0144711
1.31303
2.63617
0.00388878
0
6.36907
7.31654
15.6765
10.3673
3.22002
2.68838
6.13925
8.23358
0.172783
41.2572
0.108425
26.0384
5.04197
1.96992
56.6755
61.7489
1.13751
0
53.9038
53.9976
6.58069
11.2817
6.73485
66.1276
6.38793
7.33807
0.0245769
9.40758
10.8226
5.96881
12.9911
11.1805
16.4004
9.23457
10.2746
9.61516
31.4175
2.33196
0.668137
0.00293776
0.0436714
1.35627
1.1454
0.8857
3.28168
0.607504
33.9009
0.585424
0.72265
0.756742
3.49839
2.65282
10.0865
0.940571
0.391633
26.0803
20.654
8.01901
32.6914
12.9424
2.7063
1.46219
27.6656
21.7014
28.1139
16.4431
0
3.32327e-06
15.6044
13.6085
3.61887
0.00761087
9.47467
0
0.00639905
1.71049
1.83695
0
0.914425
0.0879717
5.20034
1.24143
11.3901
0.000400109
108.431
0.146234
0.638771
1.82421
6.10548
0.272128
5.78096
9.52809
0.00483016
6.1747
30.9107
2.27439
0
62.4963
0.281171
0.00880977
1.38748
0.0978587
0.686662
0.203042
1.39128e-05
1.26233
6.26406
0.614155
4.26092
4.33709e-06
1.06865
2.31964
15.0494
0.135774
0.475947
0
2.25051
2.47571
2.39041
0
25.7374
0.0596626
58.2879
0.294545
4.12161
10.0584
1.75049
0.0148007
5.73378
2.78929
0
1.84582e-05
34.7076
7.90228
3.6071
9.40212
4.94125
4.09495
0.93538
0.84926
0.421759
0.210502
1.49184
3.86811
1.54661
2.70516
1.90494
60.7532
10.6134
1.36554
6.93962
0.709112
0.165257
0.00263399
1.99915
2.83193
0.402502
0.0378856
2.64029
0.706785
0.618266
1.13887
0.457837
0.982433
1.53623
2.48974e-06
0
3.62878e-06
2.50787
6.19223e-07
0
0.0635747
0
0
0
1.85094
4.31172e-06
0.0986178
0.268139
16.5861
2.6421e-07
1.19063
10.2244
0.00404043
1.17901e-05
62.7973
2.9931
10.3616
0.406019
1.92878
1.2588
0.00273134
0.0887123
2.27051
0.491525
0
3.34067
0.89753
0.063021
0.765965
13.9135
0
3.01909
20.9203
1.70626
0.572096
21.5421
0.382978
1.32643e-05
2.81798
0.253915
2.52576
0.496719
0.0569185
0.0125712
1.88107
0
0
5.70132
1.0458
2.57004
0.596658
3.41691
0
0.991113
0.840721
0
0.224338
0
7.04002
1.0516
14.2778
0.00149624
0.0687321
0
1.1778
0.000401936
0.0180024
0
0
7.75607e-05
17.5412
0
18.5473
31.8012
10.6848
45.0574
0.0112678
27.9393
8.81209
18.3121
1.42748
0
8.6414
0.297166
26.7385
2.13076
1.22517
0.329475
0.885192
8.52483e-07
17.7163
8.20064
0.00750879
0
16.2994
4.79455
3.49025
8.26282
5.53599
24.4817
14.3319
34.2634
0.000613799
6.08017
15.469
0
12.3441
14.2081
34.9061
56.3423
11.0006
6.04871
36.2014
15.1956
57.1922
65.8318
42.0981
6.63127
6.46205
0.399719
9.25508
9.76677
0.219375
0.454865
0.0373494
0.000288697
8.37829
9.08446
7.26014
0
2.07626
0.049801
0.000428137
3.47778
9.55364
5.43341
13.526
3.30668
5.39066
6.07168
8.50666
4.03564
4.00533
5.5426e-05
0.855023
4.81847
6.47949
5.07497
1.98291
0.490157
0.0125695
8.49556
0.866603
0.867811
0
0
0.0192854
0.796149
0.000725494
0.000357453
0.251266
0.0349378
0.000809126
1.3478
1.16974
0.0367053
2.07639e-07
9.1245e-05
3.56681e-05
0.205051
4.02422e-06
1.08588
0.00107999
0
0.766014
0.0844028
2.07924e-05
0.986492
0
4.08235
0
0
0
0
0.597841
12.1448
0
5.09218
0
0
0
19.086
0
1.41335e-05
0
0
0
11.6138
0
0.0544764
1.83804
0.0251342
0.000142165
2.49669
0.694156
13.5466
0.147893
2.56192
0.253903
8.27924
22.4239
0.0345111
21.9855
24.8842
26.4173
13.4223
37.9024
40.5729
36.4868
60.1158
43.2407
42.7856
13.698
0.0480579
0.00107359
33.229
20.3446
34.6276
32.3663
28.5651
20.4284
4.86658
25.822
28.1418
40.8228
8.4343
20.3531
35.1756
29.2864
23.7631
20.7132
0
23.2815
0
18.8524
30.0764
65.9224
25.5163
6.80154
19.9351
30.3282
23.5388
1.57124
21.0752
20.8278
14.425
20.9281
47.1123
48.3266
33.6979
38.8708
22.4553
33.5279
9.44102
17.0674
0.93936
36.0085
12.4411
19.6055
0
17.1454
13.8821
2.16184
3.17612
4.28137
0.0100076
1.80654
4.7853
7.6594
1.58212
17.4947
2.01379
0.777613
1.12255
0.148253
0.954829
0.229926
11.6616
1.18621
0.138401
1.72477
10.5498
0.211387
0.0317333
0.944446
0.10526
1.23931
0
0.594902
0
1.83324
0.861009
15.6434
5.298
2.27251
1.70729
2.6964
14.0593
6.32686
11.5722
57.4926
18.8198
29.2366
21.399
16.8677
50.7405
23.3347
58.8485
24.4851
25.497
13.0068
0.320195
10.6502
10.4769
21.7748
0
23.4366
0
2.69346
7.61479
1.40343
9.57989
6.58003
11.3064
3.07858
14.8817
0
0
12.4711
5.54126
1.39674
0.000349363
7.62837
2.8426e-08
1.42362
3.36606
0.52427
0
0.269497
10.1184
0.0929934
0
1.68102e-05
0.0124688
0
4.11622e-05
0.000391275
0
61.5371
0.0130032
5.87401e-06
0
0
14.0906
17.7103
0.0854629
0.147515
40.726
11.1323
0.801322
15.2984
0.228896
4.11834
0.169331
1.28106
0.0600039
3.44156
1.22163
20.0689
2.92615
46.549
2.05146
0.56722
0.47398
0
0
34.874
1.1858
0.0326471
1.43431
21.1047
1.3483
9.61966
4.05337
9.56375
19.7577
11.6168
26.8548
1.0025
5.64827
9.72753
1.97677
1.2009
29.5703
2.41876
0.00663604
18.8049
0.0905809
8.20826
0.604108
16.9195
3.64003
9.81047
4.44329
48.0626
5.65815
4.6582
0.138756
6.33867
19.4598
10.7508
8.41223
32.3532
5.74644
0.960218
0.341994
2.23191
0.297763
1.55999
10.6265
9.66929
34.6314
29.5388
1.71936
29.3242
34.4251
4.80764
31.3012
5.05485
110.594
4.21154
3.96419
5.61813
69.6076
30.2014
21.3228
26.9642
2.86236
0.526539
1.95874e-05
0.0505079
0.0265107
0.386892
0.638917
0.710557
0.0457309
13.5295
15.2157
21.8564
1.82402
15.0736
0
0
0.00424399
0.0518207
0.0285327
7.91258e-06
0
7.53626e-05
3.59036
0.127686
2.54063
21.2668
1.86203
18.0842
7.22005
7.87424
0.088603
8.82402e-06
17.8973
6.08567
0
20.7296
5.94628
8.00817
0.0170203
10.338
8.25332
0.0955966
11.1315
13.2544
0
0.0876131
0.27171
0.0395622
0.043377
0
17.9915
0
31.7435
10.1646
49.2592
0
0.0486705
0
0
0
18.1956
20.0847
23.2803
0
16.9273
11.4069
23.3118
6.12524
3.82117
0.512297
11.861
0.397491
0.0530205
0.421143
0.0513702
0.402073
0.0206542
0
0
0
0
0
0.561686
2.9659e-06
0.00250503
0.401045
0
4.11479
1.91941
0
0
8.73549
0
0
0
0.00621641
7.37099e-05
4.03776
18.0474
0.0970043
5.21955
4.37811
0.00982205
0
0.285724
0
10.7739
3.38751
7.2181
2.44141
8.31474
3.1159
2.81919
2.79179
6.8005
12.4829
6.85972
2.72267
14.5961
6.91131
17.192
12.9713
17.2658
19.3543
25.2368
11.9882
22.5168
15.9673
22.4928
15.4181
19.7251
10.528
10.6972
10.5503
20.7932
13.3174
11.4348
7.1144
7.44152
10.1512
11.3282
13.1538
4.60867
0.292561
2.6946
3.27178
0.0331187
0
0
4.40896e-05
1.12007
42.2479
26.858
0.0434784
5.36752
5.12846
5.88748
0.00499356
0.995056
6.91382
4.34778e-07
29.2181
3.47296
0.739672
0.403202
27.2562
25.5065
0.684201
18.6715
17.3612
13.4722
13.5726
3.51365
24.1484
0
23.6483
30.8025
13.8801
31.1972
7.22964
12.0378
9.16926
8.04882
7.29403
10.4099
49.9414
8.76804
2.38934
2.36578
4.50872
1.59149
28.543
13.1843
40.5216
18.6568
24.2229
23.2797
19.8198
19.9901
22.2964
19.7014
20.718
21.5681
25.3586
17.3044
24.1145
18.6079
12.7654
0
4.97322e-08
0.525899
0.629017
5.97281
13.0157
9.78104
6.09115
5.92391
12.3598
10.088
11.2293
19.036
2.19205
16.346
9.19199
4.28104
2.40017
0.452041
2.44488
9.54083
4.70474
78.2723
3.95993
1.86465
9.62111
8.39078
6.96586
2.02988
9.8737
9.27991
8.78683
6.51807
15.9679
20.8491
8.05118
6.68162
30.755
33.2954
55.059
24.0991
14.585
18.5454
0
3.88434
0
8.47669
14.16
4.05194
12.5187
0.826494
14.4222
26.19
18.8693
18.2147
8.98405
12.2369
38.2095
58.839
0
0
0.000901737
102.733
104.331
75.8647
4.87769
81.9017
0.420867
22.1327
0.72186
5.96835
0
2.14888
11.8864
3.73289
12.7229
45.9463
26.8032
22.7719
17.1002
0
81.5552
15.5657
72.5371
14.0937
5.53315
64.6463
52.4392
34.5624
44.2089
23.316
17.864
23.0909
34.7127
7.01704
22.1081
36.6974
42.7925
8.5605
34.9284
15.9502
18.2462
21.6588
37.4936
13.222
18.3141
29.6962
24.8228
40.8696
7.28603
5.48801
0
16.2663
0
4.46697
14.3358
28.8813
11.7474
8.9969
8.22495
14.8168
18.1219
11.9374
15.832
18.2469
14.9443
15.8916
21.1352
13.7612
5.13189
13.9685
8.67003
10.3896
5.50163
17.1897
15.5574
0.271126
21.7755
0.705597
20.1454
1.67877
18.9422
0.708003
1.48844
0.0836238
9.41229
8.5177
19.6861
2.05627
11.3191
17.5472
4.53914
7.329
3.80269
2.32174
10.6232
15.8038
10.228
5.81106
0.43175
18.0625
1.91851
1.69049
4.60835e-05
3.71043
5.2485
0.16224
0.377226
1.78523
1.88087
0.195478
8.3414
3.60975
2.40876
1.29394
19.8747
0.574222
0.919327
0.906701
1.3176
2.2378
0.939298
1.52825
1.12316
0.855988
2.96715
0.135002
2.60098
0.791888
1.65464
0.0311628
13.9093
0.00748157
0.674312
2.46406
0.197893
12.1806
0.830244
0.0153481
2.9163
0.752333
0.162719
0.11787
21.4968
0.0160279
12.8193
0.835406
26.9206
1.30116
18.7532
1.92491
1.5932
20.667
0.00369281
24.6382
20.7576
44.2062
0
8.55731
0.524243
0.858505
1.85833
0.40437
17.1659
18.7364
3.24288
0
23.0087
0.0440032
0
1.66942
0
1.15422
0
1.22437
0
1.68382
4.55726
8.86176
0
21.2989
2.88791
0
5.51293
26.6093
2.42433
16.9923
0.35432
25.2626
26.5713
19.9759
9.30146
0
0.000300847
2.7414e-08
4.02202
23.3285
1.62647e-05
0.794992
0.275331
2.23721
0.737807
0.0158864
0.59529
0.000115086
6.12872e-06
0
3.66571
0.536228
4.36235
2.05788e-05
2.54012
3.45038e-06
3.21565
0.168866
0.864953
0.0287239
8.03354e-05
3.26496
0
0.256526
0.855992
0
0.433179
0
2.67599
11.8695
5.91214
15.1418
19.8372
17.4624
14.0872
4.99113
3.06896e-07
1.92788e-05
0
0.659752
3.84489
7.49818
15.9677
0.098439
2.36687
19.4357
30.391
36.4524
25.8553
6.06956
2.21965
8.69459
14.3843
1.8457
17.8891
16.708
5.30275
15.0096
6.42491
1.04094
26.1831
20.1718
15.4362
16.3418
0.20103
23.0245
4.21155
103.709
0.0323952
112.295
116.094
5.11553
0.349817
0.349228
1.46739
0
2.19446
0.000182556
0.0353829
0.438473
0.098258
1.5965e-07
16.4238
0.017817
15.3734
2.36669
27.6536
10.2898
11.4072
18.3654
15.0995
7.01934
2.69664
0.523686
16.9949
20.6469
20.2795
4.9308
23.1407
21.2572
13.5326
0.459358
8.25147
0.528456
18.0601
13.0402
7.23331
3.15197
0.770042
11.202
12.9413
42.1708
14.2382
13.5475
7.44746
4.47051
2.8956
6.21881
6.68371
3.32459
5.03127
0
6.34359
28.0452
4.90244
2.13655
17.1907
0.0254889
11.534
6.53981
3.46543
13.409
1.67238
36.3795
2.21987e-05
24.5128
13.8526
22.7193
47.4584
24.4153
12.4893
2.89988
6.88664
0.00115869
0.154829
5.67369
3.64808
6.787
4.50295
12.049
12.3875
8.32886
23.5775
23.9689
50.5534
14.1067
14.2732
0
4.98857e-08
0
10.2237
0.186074
3.85867
6.12138
0.431211
0.0124284
1.07787
8.00867e-06
0.688889
0.358787
5.30321
4.6694
0.000255564
0
1.4982
21.4419
11.7525
7.15321
5.23184
32.7944
0.390646
14.5254
0.186619
32.0049
0.0647931
29.6627
1.43989
0.0990189
24.6048
0.408193
0.00856834
0.0033478
1.90804
0.727267
1.60211
0.000412295
0.234477
1.58787
1.31781
2.57019
0.010705
0.0120362
0.581767
0.492564
0.00784792
3.44711
10.4866
14.2137
11.124
0.131038
0.0863425
9.34607
0
0
0
0.00127344
22.0466
0.772422
12.3708
32.5946
39.4488
17.9426
44.4339
20.2989
45.4733
3.49733
16.923
4.6848
1.54938
7.27983
5.85237
3.19902
0.0438138
42.1778
0.0923287
39.5972
20.1165
18.1793
5.62112
19.6064
17.8247
1.83505
29.3248
27.9557
19.5696
28.893
0.217975
37.1357
0.915381
12.4486
8.51344
0.711576
9.3517
12.4336
4.35568
0.807451
0.0065957
13.352
2.52587
8.02034
18.1988
0.52972
0.603275
43.5656
36.0425
13.8766
14.6797
16.9317
11.2657
21.642
5.27932
20.6451
9.62168
19.9587
20.7477
17.8678
6.27868
22.0177
0.111135
5.65869
7.76964
40.3604
7.9537
17.7042
22.531
16.7153
9.86632
16.5363
28.0979
11.9812
25.5215
17.1454
8.0933
45.6947
25.6534
12.4431
32.2947
20.5301
2.18854e-07
14.2664
28.4852
13.5182
10.7021
48.8042
0.73276
36.356
53.6983
3.60506
0.0181596
0
51.752
23.1646
39.0953
31.3659
6.62119
38.1874
20.4123
3.12189
17.7631
47.9739
11.3781
5.40889
23.8653
26.0669
17.0165
19.0931
34.6611
17.7402
21.0674
21.913
46.3723
40.2258
1.50302
50.3697
25.4584
14.3104
4.11828
29.3075
45.1679
87.8303
37.3272
0
45.0469
37.4717
22.7514
0
13.2477
14.7095
21.4252
16.0282
13.9295
24.0441
17.8249
2.48565
0
12.4897
6.19863
28.3432
1.55419
12.8944
44.9824
40.2413
43.6966
33.8785
0.98021
22.4682
0
18.606
22.5562
37.6123
31.563
18.2618
38.1537
29.4306
54.8586
28.595
21.826
12.435
25.1649
0.00609263
16.4624
20.1636
29.5387
0.500324
14.9871
8.08077
25.6969
20.3711
6.00211
28.9262
15.2655
0.0825248
10.4725
11.216
8.63552
11.7368
7.27579
0.41763
4.37886
12.579
7.89934
0.00621835
6.18339
1.40924
3.66719
2.66011
30.8821
4.26544
14.767
20.5842
10.5372
19.4171
15.7531
0.0881734
37.6536
0
6.14724
17.0656
7.66213
0.0346269
16.1939
33.3012
5.98697
12.0382
14.4087
18.9623
35.5514
18.6743
16.5702
11.3186
12.4228
22.4275
8.44554
15.9568
17.8361
18.7187
34.0609
0
12.8576
18.327
39.1364
7.58869
1.54031
28.4145
0.541124
4.91466
9.25321
18.4462
41.8169
12.7886
32.3089
12.875
12.5968
21.5102
6.55359
13.5481
17.0045
15.8727
9.79054
0.0884709
15.7123
16.1393
5.45025
21.3855
1.5255
2.44263
17.8087
5.94713
48.3445
13.0745
5.10186e-05
16.4401
2.54335
21.2923
6.36486
17.7971
0.459571
7.83331
7.27349
12.0822
16.1658
9.75687
3.26186
3.61314
0.0111811
11.0391
23.9074
9.60629
6.58244
10.4215
17.2624
20.6031
2.74273
18.8152
2.70166
0.0717329
15.7728
12.9591
12.0129
14.3251
29.8073
11.4937
0
8.49021
1.01721
14.681
1.13318
1.25661
33.2403
1.08445
2.12407
114.385
2.24558
83.5585
1.24462
36.0104
2.27413
0.52502
37.2646
0
1.91121
0.0227137
0
0
40.7376
3.92011
6.55355
14.8248
15.5537
14.6793
17.7102
6.66883
11.8637
7.63129
22.4607
49.8182
1.59915
65.9905
54.4646
0.598731
33.3211
2.12673
18.9533
13.4702
1.86401
16.582
0.946115
2.98275
5.13121
0.00475145
1.0453
2.1134e-06
0.202254
0.0297539
4.23146
16.6288
16.3184
0
3.56464
21.6082
6.19747
10.6222
11.8425
9.31582
9.33451
8.20234
11.6529
16.4832
10.8962
1.82456
7.99137
8.25637
13.2725
15.9872
0
8.45076
20.5323
22.4139
7.90658
6.47234
7.53789
135.03
6.2765
20.6102
8.80171
152.001
4.28403
7.33132
5.69679
10.9788
9.56949
14.3374
6.43484
12.6396
3.22352
7.89495
7.13668
8.10107
9.36809
118.171
9.27492
62.062
8.32765
0.676736
16.8838
52.9835
0.583504
0
0.0579188
0
4.60815
1.76654
0.794759
0.0154547
0.056691
5.39703
1.37686
0.0466885
7.35569
0.0239758
10.7265
31.1659
1.89821e-06
0
24.1706
1.79312
22.2786
0.539371
4.4645
3.82115
0.0440622
0.444621
0.00384471
0.910622
0.00307331
0.796097
10.7267
9.11552
0.0684063
0.331242
0.549571
0
0
0
0
8.6705
33.2674
16.6201
1.93845
20.7194
4.69792
25.4238
6.90123
19.6438
13.9451
13.4392
14.0994
23.9057
4.87914
9.26759
20.8721
25.1526
17.7058
6.4629
5.39158
53.0999
11.5552
21.9362
17.8859
26.9449
3.53711
27.6283
0.994963
2.59461
23.2788
22.7651
11.5371
5.90644
7.03569
7.10837
5.94869
0
1.82519
7.33655
6.01061
10.9514
14.4132
26.4548
25.8521
8.44004
8.1196
7.24054
6.41957
20.3173
20.2724
20.7258
14.4777
1.38136
14.0113
2.35916
6.23043
0
0.00164254
2.6745
7.65516
2.32278
0.0143542
1.68528
22.3688
31.5655
11.591
8.08499
12.0542
23.6156
65.3161
30.3904
17.3363
0.0040299
3.52319e-08
6.38727
19.238
8.71843
18.5412
20.9327
6.66254
22.8416
15.6201
2.18241
0.0889901
3.94931
21.2569
12.4737
1.9238
1.73536
0.0594103
26.503
3.04242
0.606082
4.90022
2.54235
0.923382
6.0408
13.0047
13.902
4.20836
1.04552
21.1962
12.2354
1.96398e-07
0.00010312
0.0027086
0.722056
0.034317
0.0464826
18.1389
3.3457
6.29437
0.0216852
1.04366
0.0619792
39.4332
0.00411875
45.8735
51.9141
0.00234609
58.5077
11.809
1.08118
1.46735
17.9836
5.19123
0.267559
0.197091
0.0189474
0.0734729
0.00399037
0.000120535
0.0727244
0.246004
6.29184
12.733
19.4874
14.092
3.91908
2.64158
0.658883
32.663
4.36527
3.43527
10.06
5.69575
7.29331
25.4031
19.0955
8.69338
24.2147
38.4883
4.94353
10.796
15.3767
1.22168
30.1187
8.44679
7.61582
30.8273
14.3384
11.2804
3.88855
8.76689
42.1855
0
0
0.169813
0.995703
0
0.0219677
0.0386268
0.0598674
1.32089
1.64311
3.36751
17.2209
0.079381
3.67111
0.186677
2.25717
0
50.0902
18.3303
21.8863
28.9266
47.8129
41.3212
31.1489
5.60557
1.26021
12.0215
11.0951
6.0244
16.1369
13.3849
3.23518
6.12677
18.7789
2.36058
19.2305
8.94237
11.5406
10.9653
9.10209
5.70064
16.7315
7.67094e-07
4.90883
0
9.84992
3.22674
0.00377486
15.1081
13.3866
0.0109368
41.1084
10.4231
19.4302
19.7241
1.47282
9.13739
22.8433
21.8585
12.239
18.1949
26.2344
4.05681
2.25104
8.50125
9.95484
4.29233
1.77094
29.0864
0.483199
2.56119
1.70712
0.256397
1.20506
0.562835
2.08268
1.97181
3.2876
0.937507
4.7577
1.13185
3.05273
4.90663
0.380825
0.615183
0.867041
1.93363
0.866306
1.18761
0.916585
0.726417
3.27296
0.188019
2.58168
0.591736
2.4423
0.0514785
0.0179249
0.972571
1.58293
46.2301
2.18886
42.7357
20.8348
5.34329
7.71818
27.1221
0
2.90375
0.17763
15.7177
0.00124159
2.321
7.32776
7.43419
1.45652
8.24887
14.6021
22.0057
30.3514
16.4864
23.3921
43.3681
2.60147
20.5279
33.7642
0.736987
1.41289
24.3872
0.307812
6.7741
55.6894
0
5.23943
0.852569
5.95423
1.06062
0
0.46201
0.287522
6.95696
0
0.688023
0.0272835
0.946154
22.457
17.7465
10.6769
11.3842
0.972042
29.0945
15.3588
4.40902
29.5974
31.4217
33.5966
5.31145
1.25188e-05
5.81814e-08
20.734
0.891868
0.00316828
0.000995609
0.935865
0.992733
0.468009
12.2984
0.0116363
1.55797
26.9511
0.0991552
0.914659
0.0229853
0
19.0799
25.3661
1.29873e-06
0
0
0
0
0
55.1765
0.506959
0.900035
6.90879
0.743077
0
1.57387
0
0
0.0103485
29.3023
34.6253
0.400713
0.130144
0.00101963
0.00292409
5.89591
6.02899e-06
0
0
8.40977
0
0
0
0.00194861
0.0365961
0.546545
2.97873
0.332751
0.0670414
0.0164733
10.5287
0.0601786
0
9.17216
0.0262773
0.582283
0.0813511
0.0678526
0.0653921
0.91021
0.076618
0.79951
0
0
0
0.00692778
0
25.7069
0
0.976314
2.10981
0.0222636
1.05091
1.34502
9.53709
0.94561
0.188445
0.914114
0.752514
4.22564
27.8537
3.81208
1.9469
5.84384
0
10.1747
8.18204
16.8204
3.90048
0.0173905
6.51679
8.81794
11.3122
3.64024
0.355297
0.409915
3.36855
0
0.0263012
2.51475
4.60863e-05
1.41731
9.27897
14.9802
12.5604
24.7391
0.00574156
31.9289
10.2713
3.21688
14.0931
0
18.4288
38.0153
3.84856
1.60486
8.16464
17.1831
0
1.48496
0.163722
1.73363
40.976
4.83276
0.000176374
17.5764
0
0.0958109
3.31152
6.95208
0.893583
4.34656
22.3898
0
0
4.87485
0.182341
0.0488382
0.295211
0.052938
1.33926
0.437195
1.04993
3.46648
0.574832
0.360166
18.1802
31.0843
0.972042
0.819402
0.95031
0.611047
1.76331
16.9375
7.15337
1.17512
0
3.51114
83.6553
21.5883
19.9189
0
13.1196
35.3439
18.5938
62.8942
1.1644
0.00892683
24.6662
2.55124
57.1546
4.06462
4.9155
25.6346
1.1117
0.0707956
1.24744
1.07842
22.8849
1.04434
1.79915
16.6506
28.5971
0.782213
25.9842
12.4098
3.17572
25.2455
1.43614
11.3545
32.7322
1.11564
0.876199
24.0574
7.64487
1.36441
0.681248
31.841
17.5842
14.5312
14.7806
17.0302
5.17076
15.1679
13.706
1.03287
19.6158
0.312108
15.421
24.7147
9.96591
16.368
0.10735
0.0301963
1.54938
0.220947
6.40656
2.5576
0.460192
0.0123176
0.0064718
3.07557
10.916
4.2225
0.193205
0.131466
0.625663
1.40593
0.120328
0.00386536
8.00157
10.9964
4.07411
0.0107527
2.23307
29.6357
0.0631212
9.33456
80.5307
4.32325
4.92642
37.6187
17.7726
0
2.45177
0.0143784
0
44.0732
0
1.48555
33.8648
4.14373
0
64.1064
6.2962
1.25914
0.342432
0.877854
32.7945
2.03536
0
59.1117
13.4766
5.31774
16.735
23.1145
13.2779
9.93273
5.20454
13.7103
28.9926
51.9926
36.1764
42.1368
69.7383
22.2335
10.6885
0.812354
14.4362
0.280957
3.40871
13.8139
0.716452
14.2427
23.2489
28.0979
4.64256
0.000989329
0.775705
0.51128
2.68016
1.09173
0.662722
0.333396
0.633836
0.619845
0.260427
0.856386
0
69.4836
50.1819
0.696709
17.256
47.844
21.9585
10.5932
8.80025
9.2707
1.32015
12.2891
10.9946
5.70897
4.05923
4.27307
20.435
14.7783
28.2618
10.8425
46.3956
36.0135
20.3618
61.6558
18.5464
16.1516
36.9629
39.4431
0.863032
9.45403e-09
0.0623781
0.000221269
0.000447694
0.182456
0.8663
13.5235
0.0599161
0.687529
13.4604
19.3594
31.6297
15.5852
13.7238
13.9101
0.00104543
2.584
1.09672
0
0.000277125
9.50222
2.0001e-07
0.935067
0.825049
20.1503
23.9638
20.8036
10.6666
23.9433
4.97312
1.09503
0.0857368
2.18397
0.979619
0.712045
3.7247
1.04718
5.56855
0.0152981
0.314057
30.2396
0.786672
0.0164314
1.57402
9.00786
1.61255
13.0381
7.22753
5.57364
3.75129
1.08993
1.25933
0.194698
0.890472
12.2687
0.414558
0.997878
0
24.6014
1.3316
0.0853628
7.10175
0.216432
25.8002
0
0.0190987
27.0287
