8.67359
8.25938
9.83638
0.37142
0.955394
8.66783
0
10.4668
0.112181
10.1697
18.3714
2.77917e-07
2.98985e-08
2.18851
8.89723
0.0483508
6.13488
15.8972
20.7641
7.37654
11.6075
2.04115
0.0733306
0.0704124
3.96307
4.23176
6.3467
3.36
19.0827
0.553687
1.67124
0.358976
0.269869
0.466644
2.87257
0
1.85981
23.274
10.8521
15.1258
11.2375
34.0054
6.48604
10.1776
0.808241
12.2211
3.51791
0
1.09593e-06
0
6.58945e-05
0.0326498
18.8078
0.88419
2.12542
1.41048
25.0812
1.58562
0.373513
1.51536
9.06816
0.940181
12.1523
5.13791
15.0376
6.17093e-08
7.08447
4.02829
7.10492
0.00839044
17.9341
0
0
0
1.90251
1.11413
5.93605
4.84757
0.42654
0.0700898
0.440043
0.901989
2.83295e-08
0
28.968
3.42716
8.88436
14.1245
8.52312
10.104
17.7623
7.87528
1.7603
11.7982
5.90461
9.85671
7.7022
15.7037
1.78997
1.39462
7.16944
8.61861
4.87009
11.6389
7.19245
8.48282
10.9392
6.4196
2.23992
7.87506
7.87686
7.10993
8.71416
6.14459
5.68949
12.2175
5.31751
4.3553
3.50688
4.61887
2.9007
2.5194
3.53006
4.481
0
2.76086
1.72329
0.0440831
0
0.049463
6.71376
0.709102
3.21523e-08
9.32614
0.4598
9.17036
10.2218
0.0709525
0
1.3907
0.000747459
0.000159557
1.01946
3.90404
0.68268
0.800802
0
0
26.7703
97.3583
2.31835
1.57108
0.198448
0.0922497
12.4479
10.1704
28.7428
12.1254
23.2537
3.60124
9.98877
17.9107
6.24124
8.18248
2.14136
1.96844
5.42207
2.26723
0
0.418891
8.30948
3.81866
3.8901
1.38
0.110682
0.115612
0.00174503
0.0338496
0.0459234
0.322902
0.000663395
15.5664
0.00540564
0
19.7336
10.9264
17.4189
5.33339
24.411
71.2324
22.0783
25.482
22.3478
36.2159
2.01588
0
17.7728
2.89914
17.0533
9.58793
51.3275
117.874
26.3965
45.1744
20.4714
12.4278
18.233
5.52431
57.2404
6.69335
17.1251
8.91703
6.1063
20.1897
21.1465
13.2255
6.31185
32.5465
22.3649
9.54788
4.21055
5.00418
28.0886
6.16624
16.2983
13.9705
10.4793
34.8107
41.9444
3.16842
0.391252
7.58655
29.4639
2.41163
3.1903
1.95796
6.75915
4.47247
3.97428
7.75979
3.12624
2.82915
2.53774
1.40527
0.898678
1.22275
0.117737
0.8698
2.75507
0.0890189
0.878629
2.56334
0
0.0712011
0.86409
0.0318802
0.285631
0.0815532
0.160801
0
0
0.00732161
0
1.87304e-05
2.02606e-05
0.00420143
0.135935
0
0.000917129
5.52019e-05
6.53211
0.0388509
14.1894
0.0868737
0.0777868
0.828094
0.179654
0.0246459
4.43647
0.273126
19.816
2.06702
0.233759
0.0325202
0.315429
0.885482
1.7483
2.40792
0.671567
10.6416
0.181151
0.0158746
8.72564
0.285993
0.0230489
0.000216586
0.936993
24.908
0.721352
5.5442
9.56932
2.63764
10.9915
8.38105
5.11653
28.4087
3.80757
5.96073
0.102501
0.19174
0.653973
2.0324
4.46651
4.89462
13.0293
16.1124
33.6855
6.72012
8.90045
2.62335
0.478827
8.16303
3.52994
2.03062
11.1124
2.45281
3.43756
0.000838154
0.0887135
0.000248844
5.74006e-05
0.817542
0
1.05892
1.09592
3.6876
6.90062
8.43431
9.50027
0.95544
61.384
4.0457
8.12094
0.320494
0
0.834282
0.838885
2.06653
6.47899
6.36556
0.391803
0.187555
21.03
13.9766
0
1.25463
9.15994
11.3366
0.442395
1.28353
3.44322
8.10429
0.832373
4.578
0
0.0040983
0.0146162
0.0532968
3.72864
0.430938
0.488637
0.4099
10.012
0.905282
5.26153
6.95807
0.000145945
10.8876
18.2585
20.6071
15.8618
6.98118
4.57805
8.74962
15.0055
7.40834
3.53726
7.44373
2.52328
8.07913
3.79342
2.03198
2.40809
7.48741
1.92906
18.0001
17.6889
14.1022
5.99038
31.6477
11.3033
25.1431
19.5389
20.1522
28.5038
15.8144
16.4184
18.6329
14.7936
3.32695
13.8685
8.70491
7.7447
22.3118
3.76013
7.33119
76.5845
15.324
9.33546
3.48353
3.45595
18.4689
11.3893
13.6267
10.9106
20.5705
12.3471
9.48006
21.5581
14.5551
13.8739
14.3669
17.7444
20.4511
23.0075
17.2657
30.0198
0.617308
3.39353
4.72404
9.08737
12.4985
21.0446
19.5133
16.3143
0.691965
3.91107
9.91323e-07
4.77813
5.18243
9.56873
1.50724
31.6869
4.37808
12.03
12.341
29.9272
12.656
12.771
10.3726
4.59468
1.11476
0.915457
8.05147e-06
2.16282
2.29763
12.7737
14.37
0.0701693
5.95019
2.1558
3.12573
0.661074
0.000139907
1.04287
0
5.73385
4.21362
1.01666
8.78785
15.539
3.99536
0.842525
20.4379
28.5758
11.3613
14.5727
8.46815
1.2074
16.5445
13.8333
27.8109
18.0338
3.41376
1.06223
12.8078
0.823771
0.216499
0.190678
0.0129695
18.8226
31.3849
11.8121
21.5088
53.8976
17.4281
6.47405
18.7261
0
7.27646
9.09341
3.78706
1.00095
12.3989
14.7924
15.7862
32.9426
5.30935
19.9628
7.25408
7.42272
10.7155
9.87131
0
0
14.4354
1.86815e-05
4.9106
0
0.301661
1.38895
9.42893
0.0979535
2.81601
0.30741
8.72591
0.896865
0
0.786038
16.0729
0.79419
0.50842
20.2962
3.30527
7.78008
2.38708
10.3664
6.5328
11.5319
11.9307
32.5091
25.2701
0
32.1777
0.75047
33.5348
21.1209
28.1582
24.7928
18.5254
8.09329
0.132184
0.0150731
13.5905
0
0.812219
8.69722
0.47632
15.934
12.2392
5.53148
18.1076
4.87003
1.93334
1.11205
2.71693
4.97486
24.2452
40.8512
3.65657
0
4.22832
0.0488144
8.64158
10.6759
1.9242
3.32481
0.133366
7.50513
2.25195
1.42801
3.80685
6.78192
0.731272
6.13
8.86816
15.5537
5.00778
2.5698
12.9241
8.84694
11.7109
7.6919
0.828206
6.10148
13.0167
0.755339
0.040224
0.0318522
3.29808
0.969286
0.0132566
25.3364
12.2112
11.3111
0
0.920363
2.10561
9.9304
0.242014
4.81552
1.74736
1.79098
1.81575
2.44367
0.816687
0.203101
4.72372
0.447448
0.752179
0.0813961
1.31855
0.85428
0.667138
13.5096
1.02227
16.1369
3.83456
2.15898
2.41587
3.41074
1.89579
9.27824
11.3211
0
0
0
0.0897582
16.4129
31.7319
0.106695
17.091
0.0137298
11.4451
24.4587
17.1234
28.9798
0.467312
0.928852
0.459641
0
0
0
0.125629
0
11.2182
21.0867
13.3946
7.74252
16.9852
2.10329
14.9561
10.505
18.6018
23.983
0.00011325
5.817
0.434102
21.0656
25.4063
4.14046
0.332261
13.6055
7.97175
1.08009
7.40599
0.000199811
0.40464
3.79513
9.76436
5.14618
18.2693
9.47217
6.45523
20.7952
1.50195
3.57716
1.01055
0.519922
0.626181
2.07888e-08
0
0
0.854415
0.294105
15.6431
1.51961
2.12529
4.33042
0.244843
5.35672
5.52549
0.116541
6.303
15.3057
12.4629
8.37245
8.06465
10.7813
14.4014
12.3387
7.93851
11.5367
35.5206
39.63
0
5.33468
40.5044
3.78285
3.66996e-08
7.545
0.817582
40.1498
105.41
16.8034
20.6455
19.3342
9.20613
6.10162
3.44947
0.0369118
26.378
29.6148
0.000961966
0.0703298
0.827533
1.50525
33.3641
1.28475
1.35085
0.000106255
0.863484
1.63777
1.72174
5.44225
11.316
9.93466
6.40904
0
0
1.02505
13.6419
7.87082
0.00673037
4.44866
45.7646
0.248226
25.6943
1.52424
9.12143
31.7708
12.3765
31.0314
1.49508
5.44683
0.38067
1.24869
0
4.29373e-08
0
0
1.90309
0.110675
3.60768e-07
0.673381
5.68203
23.4451
3.52057
26.2271
12.7561
3.55473
9.87189
4.89734
3.37191
4.12504
6.82699e-07
22.0721
2.31027
6.80235
3.58365
19.4504
9.25454
13.8915
0.52221
0
12.5265
0.320375
21.0362
0.979017
0.501779
0.183129
14.9753
23.0948
7.5525
14.6072
8.4056
28.5826
1.0936
0.127579
0.430811
8.80352
0.674814
0.00636473
2.1364
0.677582
0.0184217
2.14386
10.9063
5.11102
1.56975
2.01133
17.4612
7.30274
5.569
12.849
7.08023
16.451
0.145606
0.120174
4.59277
27.3264
10.444
6.5573
0.84204
0
0.356699
3.10727
13.4603
9.76312
16.4172
0
10.7018
25.3803
4.06964
0
10.8006
1.39998
0.188035
9.82401
0.0679112
0.0191526
14.5408
0.50421
0
0.0751608
8.53005
0.485826
0.414164
5.03727
11.9596
8.66175
1.04435e-05
0.915396
25.5793
0.0199156
36.2643
0
3.80084
0.50515
0.787642
0.00272295
0.988386
5.55776
0.014985
3.70578
5.73565
4.01091
14.0203
5.0394
0.208128
20.8039
7.94897
1.72331
4.99862
1.16007
8.14397
0.987121
8.58308
17.8714
8.24155
16.3779
7.86296
19.6428
10.7926
7.09546
14.3307
0.647848
10.0046
0.935824
0.966475
6.39397
5.17615
3.32357
1.29434
10.0206
6.88063
9.85756
12.6526
1.51537
0.00098584
0.000771085
0.131553
0.614904
8.50486
5.56528
11.2254
8.26702
1.51935
0.0184035
1.10912
5.9008
22.8385
0.992234
10.5718
13.4361
5.5935
1.51881
0.968499
0.182248
10.5294
2.28209
14.2182
15.1866
0
0
23.6085
0
5.26264e-06
27.0043
11.6922
10.2172
1.62487
4.48598
21.2855
4.03284
1.38379
7.97532
19.8329
0
0.11196
8.24119
0.954251
0.0755304
2.69385
9.9488
5.35991
8.35538
25.0417
0.001766
0.175414
1.67062e-07
4.99985e-06
38.8126
19.7206
10.4225
7.05467
13.8659
18.919
22.0156
0.299822
0.423376
1.55567
1.37349
6.79391
0.910005
1.4994
0
8.53563e-08
23.6999
0
12.0552
3.53306
2.63075
0
0.98575
0
7.94184e-07
4.7078
22.0387
3.4005
21.1198
14.7851
2.5711e-07
0
1.19649e-07
0.57533
3.89791
3.6785
2.41898
1.39133e-05
0
0.0205754
3.09836
0
0.0818004
6.33469
2.16498
0.317866
16.0915
6.31544
0.902841
0.383002
24.5643
23.1089
5.50733
0.901914
2.0466
1.81158
1.74379
9.37743
0.97135
1.23997
15.2665
4.72846
0.311653
0.00740969
18.6078
7.96222
0.997685
8.38714
0
3.88153
0.00148431
0
1.21469
19.5738
0.0229926
34.7776
3.29661
3.93103
0
17.4717
12.7596
9.88025
19.9733
2.81593
5.82069
35.9755
13.9125
0.0467633
0
0.104929
19.4863
21.0405
14.357
16.2949
0.686237
1.17773
0.0450424
14.8776
18.5323
19.129
18.3027
5.19582
25.8276
12.8643
11.7761
13.5706
21.5095
5.60849
6.23538
10.2854
16.1093
0.345571
0
23.0958
17.6394
0.278645
7.61616
4.75794
0
23.1485
16.3151
15.0577
0.612921
7.72868
6.42217
12.9537
8.80645
15.6303
6.29744
34.8894
16.3996
11.7585
0
0
0.88019
12.1217
23.7594
16.9605
12.753
20.3205
14.9243
12.793
25.1992
24.5362
49.9021
54.853
42.5609
9.02519
7.75192
3.05201
1.44875
0.00954988
0.941454
2.66243
1.1823
0.0703615
1.7052
16.4295
0.000311757
2.32276
10.3007
8.82229
14.2138
21.1708
7.54859
26.725
6.27103
1.62618
3.51308
8.10647
13.9812
11.1826
0
13.145
8.37221
6.27377
18.5303
28.5497
12.4797
0.132918
1.7457e-06
0.00680145
23.0664
8.60105
0.629654
3.21609
5.42592
0.000718037
0.39198
0.171558
0.911187
0.0840258
21.494
0.51251
29.2027
0
12.9647
10.3742
1.83604e-05
0
6.25874e-06
9.69816
8.89833
26.425
24.644
0.00619754
0.000121806
21.4867
25.5385
3.87129
0.706575
11.6881
17.528
16.477
0.000319533
6.08081
7.82429
2.50809
10.5765
0.00426545
1.46802e-05
12.2185
5.29093e-05
0
1.05227
0
0
21.4779
0.0394073
2.26422
9.97428
7.09345
7.23321
12.235
4.76073
14.1057
0.00115584
21.8169
0
6.43194
10.8202
0.000296665
6.54634
9.26114
13.1988
0
4.20158
0.305739
25.633
17.4882
2.11129
23.1237
0
8.35332
24.4005
26.7009
0
8.27744
2.15493
31.9815
7.08521
0.0235139
0.0162974
0.753887
12.0168
0.277713
21.2849
0.000326208
0.0495177
0.0486718
0.268907
10.3023
1.75948
0.140547
0.253974
9.83535
0.803477
5.84973
10.0779
0.490813
6.10129
0.957167
9.65466
10.7926
7.05909
0.0383949
0
0.947355
0.00412864
0.0124514
7.5421e-05
0
2.55959e-07
16.4085
5.1689
3.62768
7.48353
3.90922
2.45375
5.54144
14.484
3.77164e-06
18.6104
16.6877
13.5518
21.2501
23.3827
28.4126
24.3637
0.0407164
9.223
16.9938
24.9268
27.4313
17.1501
10.024
25.5545
17.5563
0.0981613
16.4659
0.0141921
0
17.3327
0
0.775892
0
4.76418e-06
0
0.48094
0.826442
0.947356
15.538
3.61375
0.155998
4.99498e-07
1.91677e-07
2.42678e-07
0.164583
0.872394
5.09945e-06
0.237134
1.34592
10.6825
1.99755
29.5782
29.8549
0.0907486
1.81564
11.6588
13.1244
2.0373
0
12.1155
1.45307
4.63593
18.5864
1.48433
1.10744
0.00699548
0.702937
16.9092
6.86599
0.0544237
0.189473
0.929492
0.000304906
8.11482
0.162447
12.365
20.556
2.0821e-06
6.82987
4.20203
2.62093
0.020778
0.608735
13.3831
0.0270957
1.49848
2.16806
13.245
28.2553
7.09013
4.55414
34.119
0.895977
13.3102
23.6202
2.83857
12.5565
1.82466
0.689084
5.84774e-08
5.63934
13.7946
4.95666
13.8658
0.129848
2.46278
0
0.0679631
1.4087
0.95754
0
0
3.48922
0
6.54357
20.8621
2.03141
25.745
0.191098
7.03973
0.0517673
0
0.813228
5.2261e-07
1.01088
0.59687
23.7403
12.4278
11.1866
37.1041
14.6632
12.8251
0.0265891
24.6853
37.5673
0
5.72878
0
1.25855
1.13116
6.27681
8.91759
0.000170315
2.74747
0.0476952
0.135669
4.3011
7.02243
3.4569
5.42577
5.60249
0.92561
0.0503515
0.465248
0.0804659
2.05996
4.28759
0.0341695
2.9835e-07
6.11062
6.54044
9.63368
1.84773
0.494874
0.285454
10.4187
2.47651
8.10354e-05
12.3993
0.0278643
24.0398
1.47012
2.85903
51.6235
50.0563
1.3395
0
41.4941
38.5552
7.30689
10.5048
1.55457
25.2098
4.59566
4.72479
0.595899
7.16445
6.55621
13.8791
11.763
7.20044
9.4068
1.96144
4.79044
3.76849
14.4281
2.39241
3.32154e-05
0.0521707
0.000829842
0.561011
0.00486619
0.0363871
6.39056
2.3718
31.6992
0.0496628
0.0477089
0.201282
4.04903
0.253367
13.6584
0.935566
1.36423
30.6056
18.0789
11.1707
29.0047
5.62304
1.15651
2.48638
17.4713
16.4618
22.0041
14.2724
0
0.00308872
11.6877
4.53589
2.3396
0
6.40265
0
0.0205749
2.06328
0.864894
0
0.325713
0.00723036
8.19221
0.471665
12.7616
0.00233404
57.4
0.296745
0.968283
1.11262
5.09596
2.36913
5.55426
7.16718
4.2034e-05
9.0137
32.7812
5.67258
0
56.3766
0.086592
2.16075
3.83498
0.445095
4.02724e-08
0.0677909
0.00646917
1.02908
5.97647
0.621924
0.834554
0
0.390377
0.426259
8.66297
0.709506
0.317534
0
0.380308
2.70876
2.47725
0
20.6436
0
29.622
0.847368
0.172301
4.85882
0.105202
0
10.4677
0.3146
4.8132e-05
0.00109264
19.1107
8.00506
5.5107
6.8319
5.84658
5.6913
0.00459632
1.40954
1.66975
0.736591
0.554144
1.54965
1.51289
2.14433
1.62356
36.719
9.4293
0.575009
0.0419171
1.13982
6.98653e-09
0
0.0822968
6.82013
0.75865
0.748942
1.17146
0.582551
0.54688
0.929118
1.28029
0.464793
0.00583313
0.171819
0.753134
0
2.37708
7.6017e-06
0
0.374979
0.00031189
0
0
0
1.61878e-05
1.54189e-06
0.0893796
20.9904
3.46925e-07
1.47511
6.57537
0.00639699
1.57304e-06
34.3771
1.85707
7.35346
0.712449
0.434077
0.409848
0.131624
1.7631
0.702282
0.979924
3.61638e-08
0.253353
0.92644
0.740709
0.604565
8.32635
0
1.8432
12.8127
0.836628
0.883747
12.2479
0.910072
0.0555415
0.908958
0.00839637
7.52728
0.85549
0.00424896
0.927019
0.718949
0
0
3.87396
0.0098803
2.23141
1.65701
2.2613
0
0.254288
1.34499
0
0.85679
0
8.39343
1.22576
13.4175
0
0.0111751
0.101441
0.000120693
0.00260041
1.41536e-06
0
0
5.40241e-07
20.3508
0
11.5752
6.95005
10.998
28.1084
1.00735
18.2954
6.97063
21.2197
0.559854
0
1.37308
0.000620344
15.886
0.00096916
2.09765
2.31942
0
0.474794
16.2201
4.87631
0.0634396
0
14.7568
2.49167
2.31186
10.3653
4.67512
19.7944
14.7519
39.0992
6.61136e-07
3.25634
11.159
0
19.7927
17.9413
42.5654
41.6587
4.88821
11.4922
25.1549
12.3349
30.3835
38.9573
39.9733
2.58723
3.37149
1.17505
15.9738
3.01443
1.91069
2.05188
0
0
4.30167
4.78836
6.33767
0
2.75321
0.00337609
0.00376336
1.50848
9.732
6.64646
8.38118
1.2074
4.30432
4.03204
6.99955
2.41808
5.62887
0.0373896
3.49127e-05
6.90953
2.16473
3.6846
2.33876
0.00594348
1.23729e-05
4.96245
0
0.355846
0
0
0.982216
1.63209
0.178964
0.016456
3.33458e-06
0.184737
0.301865
0
0.832904
0.122455
0.540939
0.826442
0.0199564
0.00010908
5.02e-07
0.0184045
0.0238301
0
0.643551
0.921057
0.0723927
5.3526e-06
8.33254e-08
3.56135
5.51195e-08
0
0
0
0
25.5782
0
10.9724
0
0
0
15.3885
0.508209
0.00539457
0
0
0
9.53506
7.27964e-08
0.238448
2.00324
0
0
2.44491
2.18399
12.3711
4.42589e-07
0.276608
0.182199
10.5977
20.8651
0.610883
17.2859
18.0347
16.4689
12.04
16.8369
19.2823
17.9856
50.8795
24.4578
28.3429
16.5706
0.669901
0.749668
22.7993
15.398
16.3285
25.5149
21.2831
28.6457
7.0999
23.9874
18.7241
35.4281
5.24311
13.5024
27.2229
20.3804
15.9756
12.8374
0
20.7793
0
20.5837
23.8519
19.7133
27.5598
6.03693
15.5897
21.511
17.2924
0.751104
21.2373
21.8037
11.9882
8.84586
46.4326
30.437
24.9484
37.362
24.0776
26.6606
13.2475
21.6881
1.11288
18.1259
13.4885
10.2429
0
8.90465
9.71387
2.18254
1.10044
0.976221
0
1.87342
2.26816
4.82227
2.38938
11.5644
1.49516
1.99352
1.62878
0.0404745
0.905918
0.0709304
10.0391
0.0195527
0
0.131834
10.849
0
0.181755
0.990496
2.77936
1.49841
0
0.226691
0.0070554
2.57079
0.865856
6.41882
2.72281
4.39333
3.51434
1.32097
6.17965
9.52922
13.657
33.1935
10.7999
16.3916
20.1274
6.91016
27.9527
20.2822
45.6425
19.97
30.4248
13.7508
0
14.9598
17.6244
11.4866
0
21.2989
0
5.02543
4.8159
1.62763
15.0482
8.881
16.3423
5.10105
24.4032
0
0
14.2529
7.01119
1.72717
0.00115746
5.13467
0.0496646
1.25798
3.35358
3.49198
0
0.757978
5.99407
0.482874
0.0085594
0.00355738
0.00817
6.53175e-05
2.29596e-05
3.77068e-05
0.277154
28.0876
0.688932
0
0.335912
0
20.2537
10.8264
0.667633
0.970109
31.7462
12.0363
2.96506e-06
2.23722
0
2.917
1.24099e-07
0.253545
0
3.98373
1.43909
14.4987
1.17965
22.6772
0.217333
1.04487
0.0303804
2.6347
1.20524e-05
19.573
1.71147
0.95803
1.87323
10.3387
0.166066
10.7449
6.5779
8.02514
14.584
11.2434
19.8928
2.26172
7.23664
5.95669
0.415749
1.56607
24.2762
2.88563
0.00490276
20.3674
3.06195
11.6877
0.564035
19.6556
2.86364
2.98079
6.33493
30.4026
5.5051
2.03257
1.79651
8.05615
13.3546
7.19995
4.86573
10.7048
2.67355
0.000371754
3.09782e-08
4.94256e-07
0.00855579
0.107016
4.83159
18.5158
33.7873
20.966
0.275479
23.8349
19.6622
2.92538
23.092
8.2968
66.0333
8.77996
5.3354
1.95408
46.3036
47.2245
21.4929
28.2825
6.5154
1.04371
0
0.0169419
0.000193574
0.653869
0.646774
0
0.0224624
6.08508
19.5606
18.9632
1.04856
10.934
0
0
1.27368
8.45272e-05
0.301398
0.128366
0.262243
0.901085
0.933393
0.10435
3.45854
11.906
0.827711
18.2163
2.02198
5.88785
7.10088e-05
0
12.0308
4.58085
0
7.46461
6.32766
1.72111
2.20468
10.9105
11.3382
0.579921
8.07939
11.9642
0.121714
0.99226
1.24011
0.0415892
0.592848
0.192323
21.2059
0.829065
25.4513
20.2343
27.3013
0.002383
0
0.00195728
0.00158288
0.0105665
15.8767
8.51984
27.2503
0
8.58787
15.5307
10.7546
7.46255
3.63498
2.58325
15.0338
1.99169
0.104841
0.00756116
0.326954
0.0023442
1.87788
0
0
0
0
0
0.17976
7.3231e-07
0
0
0
5.37161
1.77722
0
0
7.74254
0
0.000369587
0.00210706
1.14155e-06
1.68977e-05
4.52554
17.3206
0.533295
4.37207
2.44454
3.33966e-05
0
0.536102
0
5.79097
1.64786
8.62507
2.83183
6.75398
1.79077
7.55772
2.19695
7.31734
21.0054
4.87444
2.7949
13.9898
9.79434
13.1268
10.7885
5.34224
11.975
17.5124
14.3032
20.5443
12.3545
10.0627
13.4037
10.8419
15.1573
11.1024
7.98204
16.1531
16.1992
9.22701
4.19384
7.30473
18.6003
15.1251
10.3116
4.81089
2.70568
1.31849
7.58487
0.000278963
0
0
0
0.00265933
48.0881
25.6029
0.0650497
2.89491
0.743028
5.07628
0.00276349
0.534963
6.6676
0
13.5309
5.53422
1.13641
1.0109
11.1594
12.9507
2.59179
15.2756
14.323
11.0807
6.12481
4.47367
12.9105
0.000789523
11.9931
25.3661
11.2349
36.9227
10.0577
6.31713
6.88981
3.99171
4.46812
13.6517
41.0676
13.7584
3.89535
4.21954
4.0448
2.00939
19.2905
9.79831
47.991
12.3753
19.6276
19.948
26.2108
33.3802
33.9229
18.1727
21.0818
24.3865
25.318
22.6805
15.3402
14.628
14.3051
0
0
0.0446713
1.72163
1.60964
4.60527
4.76867
6.68377
6.54949
6.19306
10.625
11.1684
18.8705
1.20309
20.7452
24.6393
9.13682
3.11445
1.96041
7.08303
19.1369
2.2487
40.2927
3.08062
2.75399
6.6811
9.1394
2.1486
2.29748
1.28194
5.32128
1.87441
18.4931
7.07288
10.9891
5.88382
11.2124
15.2891
24.2779
23.7927
26.1371
15.8206
6.57373
0
0.270123
0.000378496
5.87991
10.1576
6.24168
13.6569
0
18.1153
23.2432
26.5024
10.0925
8.3062
18.1207
37.8957
56.0751
0
0
0
60.93
46.9811
37.1054
0.378559
49.8442
1.89104
10.376
0.880888
2.97678
1.94392e-06
7.49074
9.2068
2.77624
16.4281
74.6312
36.4505
18.9815
17.4238
0.556155
48.1115
15.7114
42.6476
8.82515
4.84949
37.157
40.2172
36.2691
45.2245
11.5888
17.2289
17.8417
22.0649
7.61
17.6859
22.6438
27.6505
7.43828
26.2786
23.1378
4.2097
28.2121
18.0145
27.1074
15.0804
16.8071
30.0382
25.6662
15.1006
17.0124
0
16.8035
0
1.67358
10.0371
13.8797
10.9102
11.633
9.27755
10.584
13.4988
13.4095
14.2906
8.55857
12.0595
4.89003
13.5299
8.88684
9.98059
9.54741
7.03234
10.0914
15.5045
12.2157
7.59271
1.36955
9.51261
1.62391
17.6922
0.800807
11.6667
0.850833
2.08353
0.0250855
10.0899
12.5121
22.5949
0.474362
10.5957
21.6804
4.477
5.08417
3.99093
9.89907
6.03416
8.06696
6.0765
3.32504
4.8537
10.1412
5.81058
0.555184
0.340888
4.42076
8.3101
0.715424
0.114669
1.70253
1.00196
0
13.5942
0.909636
0.017552
1.43781
13.456
0.694936
1.4147
0.56517
0.806373
1.56332
1.20681
0.810638
0.993888
1.23628
1.99439
0.149141
1.75876
0.0443292
0.0107754
0.984874
7.62617
0.870068
0.465821
1.76712
0.254704
12.2775
1.99941
0.427661
1.16451
0
1.09861
0.728575
14.3637
1.43439
6.97567
0.0616529
21.0695
1.06344
38.0187
0.97632
0.583514
12.3931
0.00114245
15.6674
26.6528
34.9926
0.0593262
4.38226
0
0.979068
0.853573
0
13.2956
28.9268
1.73696
0
21.3461
0.0885532
0.0183304
4.35668
0.490662
3.93859
0
1.09248
0
0.669796
1.29855
2.42689
0.184585
10.3916
5.3217
0
6.28548
16.3117
2.82677
9.29024
0.00473052
23.588
22.238
19.55
1.27402
0
1.2095
0
6.84025
14.3919
0
0.140192
0.0219751
1.80129
1.75672
0.203963
0.31171
0
0.00156946
0.206624
3.41687
0.00187791
1.39705
4.35128e-05
1.36515
0
0.959761
0
1.8335
0
0
3.11684
5.49781e-08
0.261445
4.35526e-06
0
3.06516e-08
0
3.02443
14.7997
9.68369
20.4055
22.4686
33.556
8.26146
4.54553
1.17977
0.673177
5.92351e-05
1.64765
6.44259
4.34146
9.96672
0.0521301
2.53544
10.1819
48.6667
39.2507
16.3851
7.13865
1.54682
10.9375
5.8267
5.90869
7.83514
9.38261
4.95774
15.9775
8.2565
3.31186
21.9494
14.4227
9.17737
20.5874
0.381677
17.7325
2.2026
51.0057
0.0357848
73.9678
105.976
2.08781
7.78248e-08
1.01131
7.43787e-09
0
0.0506087
0
0.306355
0
0.471567
0.762604
10.9906
1.53321
5.1108
2.1458
14.4461
4.41085
4.71568
14.3158
9.66908
10.4246
3.53584
0.0614613
12.9961
12.2263
14.2056
8.66897
18.4623
12.6468
12.8846
0.000278598
8.43783
1.53759
17.543
9.66636
9.11408
1.73325
1.08648
6.43706
17.7435
21.1396
4.96217
13.8281
11.7584
5.0202
10.4429
7.0462
11.5244
3.39081
5.76653
0.00192939
7.75141
21.1724
1.28038
1.33899
14.5944
0.0157828
9.06413
3.283
0.716371
2.46805
0.918643
12.0272
5.69338e-06
14.8576
48.136
11.4958
31.7615
11.5911
17.3161
6.87939
8.23878
8.09794e-08
0.789519
6.10488
3.80182
9.36933
5.9918
15.8687
7.13919
3.44315
11.2252
20.0716
24.554
19.4381
14.577
0
0
0.00697101
5.83369
0.683381
4.00989
4.24438
0.726265
0.0221137
0.30314
0.0214808
0.21964
0.265976
2.71699
3.1614
0.989109
0.144627
1.78525
13.9824
3.08457
1.89614
7.54045
13.2078
0.943475
6.60203
0.594003
11.2812
2.936e-06
17.5812
0.0067699
1.97666
9.91013
0.00373482
0.120099
0
0.096853
0.973306
0.534037
0
0.0270912
0.193266
0.0300377
3.38733
0.127775
0
7.57575
0.00413748
0.0028113
2.77077
7.25778
7.23912
5.26889
0.000379811
0.24611
7.33186
0
0
0
0.113871
14.9566
0.305677
7.8718
21.9667
13.2798
12.7127
41.3485
16.5196
28.6333
2.83706
16.3527
11.0975
1.43843
7.6999
4.92596
0.504101
0.0894215
20.9517
0
16.6303
9.05274
13.6048
6.09649
8.04012
9.56454
0.0751527
33.1082
16.5012
16.3299
31.6066
0.0117149
32.7413
0.936603
15.3516
9.15458
0.670827
11.2812
4.71524
3.50248
0.757748
0.000201681
5.71271
1.96198
6.10696
6.12085
1.79239
0.0361101
17.7738
11.5529
16.2241
9.2808
11.2762
19.0896
24.4599
5.00522
22.697
10.5537
25.0251
21.6167
16.1772
7.28744
10.7742
0.0177916
7.35233
9.52108
15.591
4.98234
14.4972
14.9419
7.21468
9.04768
11.1221
14.3492
3.54969
25.4503
15.8267
9.53267
33.1809
21.3039
6.81091
29.2163
15.1359
0.000818464
17.6222
16.4309
7.81041
11.6699
32.942
0.000149244
23.2957
33.5993
5.69464
3.42145e-07
0
27.0022
20.4494
28.017
39.1305
0.963938
28.5169
18.7844
1.44852
20.3866
49.9025
15.4773
2.17154
20.0082
21.0811
32.609
19.827
52.8767
12.2599
28.5529
26.7905
29.8166
39.3434
0.467487
44.1963
24.4348
19.0973
0.24862
24.9802
31.0289
68.4508
46.3199
0
41.8604
40.3524
22.6067
0
6.62327
12.4143
26.9198
15.0662
8.11485
12.9524
18.2387
1.85355
0
7.74329
2.25509
15.9661
1.7824
10.3384
20.6835
41.2978
23.099
21.9438
2.60957
14.2783
0
15.6847
12.1714
14.4776
18.987
15.9849
21.5388
25.3846
24.3558
24.7589
22.1187
25.1315
19.0905
2.07277
17.5228
8.7819
22.6772
0.771332
12.0943
7.07223
15.1722
19.6274
7.35929
14.941
22.3336
0.07585
8.73561
6.43563
10.3024
10.5458
12.9638
0.164418
9.45199
17.5323
6.96526
1.02701
3.32154
0.925933
4.73024
0.282078
27.2278
1.26139
11.6682
13.1233
9.62673
17.8217
9.96992
2.08481
43.031
0
2.14688
6.1189
12.1127
0.291473
6.44687
10.228
9.38724
6.73488
8.89548
14.6394
24.9309
25.3738
10.1189
13.9939
10.1009
13.1854
9.21365
12.4801
6.67861
23.4427
23.0388
6.35092e-08
14.802
11.6038
28.2561
7.72165
4.81017
32.3591
2.77564
20.6571
7.89173
9.86056
42.2745
14.3521
27.4958
20.3082
14.1214
11.7744
14.7776
12.5398
22.5749
31.3825
11.9241
0.310101
11.5859
14.07
16.9226
31.5562
0.782945
1.87959
25.4788
8.38636
28.069
11.8535
0.492073
9.46668
1.55037
12.4212
3.65052
14.0188
0.211662
5.79799
2.47789
14.7058
16.1121
16.2923
4.94355
5.98509
0.559091
4.29599
15.8308
8.60678
4.53683
4.77822
1.17015
10.7246
5.6948
16.4309
8.68779
2.57033
16.5469
9.58823
5.87124
36.7905
17.1699
19.0028
4.72647e-06
9.37383
0.488797
11.7631
1.9694
4.9162
18.6575
2.88314
0.626754
64.3499
0.321484
47.4815
0
20.0947
1.8415
0.496646
29.5969
0.884739
1.2815e-06
0
0
0.00401381
21.9431
5.60427
9.28794
17.4048
21.7655
28.1084
3.5949
0.346078
0.753971
4.5838
20.241
30.9791
0.838686
50.0794
31.2193
0.559412
12.5319
2.77851
11.2006
9.73631
0.438887
11.546
0.745438
4.3711
14.4046
0.280206
0.427849
0.570942
1.6965
0
10.1922
20.8452
10.8456
0.370284
1.50847
13.5608
6.8132
13.5127
5.26877
7.18649
5.05893
8.17316
8.84106
11.731
9.41488
0.209821
5.99303
9.11959
10.6048
7.77128
0.000319575
5.93581
9.66131
12.4691
7.79796
6.26297
8.70275
81.2798
8.2463
14.3152
6.41529
136.318
3.72747
8.13553
12.6193
5.22172
6.58921
5.64314
4.59554
11.779
10.4126
8.93178
11.5652
6.44404
11.2212
68.0569
12.7532
42.4318
1.25773
0.000337257
20.5727
31.1894
5.2904
0
0
0.270744
3.82322
1.72069
1.3638
0.0363832
0.37177
4.56722
0.0618458
0
10.8637
0.00101618
8.26471
16.6398
7.7303e-06
0
19.2834
2.08553
20.5531
0.906357
4.31111
1.75577
0.903745
2.21112
0.681608
3.5206
0
0.937737
21.0401
4.59835
0
0
0.579609
0
0
0
0.172888
7.34296
18.5681
15.7536
2.15774
10.4221
1.07256
10.7183
10.5787
16.3657
15.0314
11.4984
14.9468
14.1252
8.44364
3.51193
6.9223
16.9003
10.1288
4.44152
3.52983
18.7202
14.9575
19.3459
17.3292
20.9011
3.69936
9.58358
0
3.51902
8.8264
21.6135
14.4356
7.02871
6.28135
8.78085
11.2617
0
3.97922
6.81093
8.55321
16.5699
21.76
18.9793
25.1802
7.28203
5.53134
5.77065
7.20385
16.2543
22.3761
16.7598
13.4667
1.82679
8.27772
4.34455
2.67142
0
0
1.90671
3.00035
1.99128
0.706455
2.43519
17.6414
42.5753
16.3117
3.14792
9.71622
20.7522
29.6781
12.2772
15.2592
0.344985
2.27882e-08
4.56774
9.24744
3.11723
14.9436
39.2582
13.8602
21.3499
12.5438
0
0.000257539
3.58387
22.9238
14.2663
4.68642
7.86388
1.66897
21.5279
8.31372
1.61827
4.62703
0.103195
1.19794
1.16222
12.8432
12.3538
3.21081
0.0969975
6.55017
9.83334
0.411913
9.94157e-08
0.912327
0.000646021
0.000684434
0.258042
18.044
3.39303
5.34254
0.0445806
0.160925
0
22.7061
0
29.7627
18.4222
0
39.0179
1.93653
1.66574
3.54059
11.2329
5.76355
0.376741
0.0256613
5.89383e-05
0.0100563
0.104991
0.409542
0.311898
0.101989
1.12621
4.06931
8.06023
6.69764
0.0575797
4.29387
0.00230793
19.7387
0.387132
4.1498
13.5314
2.97387
0.438116
20.5023
24.0411
21.7072
12.3902
29.2224
4.54064
1.30818
7.94145
1.44568
27.6493
6.34804
6.24366
16.6155
8.20523
10.1175
0.707645
9.32367
39.644
0.274263
0.0236727
2.54887
1.95266
0
0.0412097
0.205879
0.332589
1.14853
0.289554
1.03217
8.8171
0.169388
1.29197
0.002142
8.49466
0.305089
36.2694
22.4344
17.2942
37.0594
28.2649
40.9852
15.3131
4.06067
0.904223
6.76847
11.9911
1.21577
5.85614
9.48332
1.36228
2.80193
16.9843
3.25578
13.1395
11.2352
5.28107
14.2254
15.4605
4.60569
14.3863
0
6.97996
6.42246e-05
14.0524
1.22365
0.445131
21.5417
21.3675
0
17.0992
6.82289
16.7065
13.3986
0.00501848
11.8672
18.6973
11.4764
10.4767
19.9957
25.1235
3.30927
7.55476
11.7072
6.61252
2.676
0.410417
26.5377
2.00381
1.76422
2.18848
0.992142
1.01032
0.163285
1.80968
0.867455
4.80683
0.817634
0.746862
0.00102537
0.0431727
5.91189
0.546267
1.36196
0.256193
1.59117
0.816704
0.73787
1.21102
0.683861
1.25947
0.243386
2.40294
0.0615058
0.0134368
0.770185
0.731154
0.612983
1.08898
27.383
0.0712627
18.868
9.55358
2.9593
4.1952
11.27
0
0.251965
0.116401
17.7576
1.06969
1.33208
5.5558
12.8328
1.51542
6.67107
16.6441
8.74395
24.2129
13.4423
14.8384
35.0418
2.46228
25.7705
30.2439
2.27527
3.03373
18.0948
0.653799
0.966627
21.8722
0
6.68277
0.0196521
8.85893
0.596495
0
0.49216
0.0676872
4.59173
0
1.20298e-05
0
0
23.9763
19.2723
13.5757
8.83014
0.95585
25.8879
8.37733
5.05145
24.4608
25.6883
23.1941
2.92811
1.89805e-06
0
11.9764
1.70339e-06
1.66709
0.252304
0.484484
0.902643
0.665953
13.8801
1.10027
0.800727
20.6836
0.0057229
0.000278201
8.89696e-06
0.0226809
9.65474
18.0485
0.00198508
0.218131
0.450981
0.376057
0.842299
0.134782
31.7942
0.098458
4.14156
8.31415
0.0169345
0
1.9256
0
0.135255
0.664688
22.3895
19.5328
0.222472
0.645799
0.858317
0.0673216
8.2012
0.321555
0
0
4.68729
0
0.0278475
0.00308405
0
0.0222702
0.391386
0
0.906661
2.46695
2.89638e-06
7.5537
2.49619e-07
0
10.3562
0
0.0750721
0.676173
0.0985972
0.929171
0
0.17096
0.543908
0
0.0184756
0.455086
0.557026
0
18.3852
0
2.34502
0.709539
0
0.000865668
0.03416
6.6251
0
9.43436e-07
0
0.331179
3.75273
10.4269
5.49748
1.33891
5.28352
0
4.6805
7.63421
12.3925
3.56086
0.498862
6.07252
4.6579
14.3092
3.42979
0.101624
0.00128412
2.57672
0.000312805
0.013768
1.01904
0
0.663655
5.36732
8.54534
5.18689
16.2205
0.868956
26.8482
5.25709
5.3041
7.38812
0
12.9925
23.8312
2.40415
2.48496
6.44323
10.1214
0.000973779
0.89509
0.211419
2.01225
55.4632
7.08354
1.52295e-06
9.48548
0
5.57027e-05
2.77013
10.2386
0.497167
4.02037
24.2633
0
0
3.79715
1.34558
0.2612
0.00264798
0.138266
1.70366
0.19687
2.99106
2.57435
2.52186
0.104005
10.449
8.89266
0.0423768
0.0294898
1.03281
0.243581
1.39779
29.335
3.87643
1.94369
0.00348352
4.0247
55.3725
12.9574
26.5618
0
17.899
41.3919
12.4789
42.3048
0.810113
1.10623
27.8811
3.18507
34.1166
6.64255
4.97187
18.7727
1.403
0.156412
1.27061
0.308174
23.5567
2.67362
4.39234
16.0024
22.5217
1.87893
13.8955
16.8541
5.38468
18.4046
0.69285
7.99996
22.5116
9.71872e-06
2.2834
15.6226
5.27581
1.33145
1.40862
32.5405
12.371
15.6027
9.1871
15.7731
7.6841
25.6018
16.4961
1.43184
22.4704
0.910066
7.61946
19.8966
12.228
12.8274
0.968443
1.52173
0.0567499
0.00729545
0.10446
1.89893
1.11728
0.00999839
0
3.92781
7.06903
0.42484
0.485825
0.000167813
0.00361921
4.26126
0.529297
0.00662934
19.8075
8.89203
0.858135
0.371966
4.77397
10.0851
0.0135741
5.69679
41.3811
2.3362
14.1474
16.1072
21.7039
2.69533e-05
3.76133
0.000150386
0.201619
22.2646
0
1.61775
21.3622
1.69536
0.118007
44.4889
10.0546
0.559557
1.80536
1.17712
23.4586
6.67139
0
43.2416
4.09346
4.55435
10.5433
23.0643
11.0569
14.2914
8.4177
11.0048
14.6301
13.861
14.0301
22.0421
39.5729
7.78624
8.4318
1.57044
19.848
1.72033e-07
4.57187
4.47505
2.11911
14.5068
11.8882
15.26
4.02912
0.0039089
0.995012
0.0334902
0.226948
1.56798
0.0366464
3.86752e-05
0.299796
1.19985
0.940132
2.12537e-05
0
45.4115
37.509
1.88731
29.0804
24.0501
18.8719
9.67773
7.88738
11.83
0.934198
17.5487
6.78689
3.23802
5.583
9.94888
13.9665
12.2376
17.4067
6.47238
25.3812
28.5908
38.5479
35.1657
18.0533
20.4829
25.4014
18.3982
0.430872
0.715115
0.588355
0.0439194
0.0184129
0.0805765
0.362257
18.1118
0.336851
0.0338413
13.9764
12.9651
18.2358
13.7524
12.8282
19.4135
0.783571
0.851141
0.000306172
0.735053
0
14.6859
8.10365e-07
0.996897
1.39085
25.4138
23.1421
9.91311
9.90325
11.331
2.74927
0.101807
0
1.56694
2.08204
0.000373004
2.43893
1.33685
2.32674
1.43812
0
15.0415
0.276655
0.0814289
0.521977
5.22226
2.66997
9.52832
4.5839
6.05285
4.94968
1.2128
1.13692
0.68474
0.645625
4.79999
1.19572e-05
1.21673
0
20.3242
2.14488
0.0902728
12.5014
0.487306
26.2953
0
2.78843e-05
35.9207
