0.906096
0.546869
0.0888707
0.20948
0
1.16704
0.00599121
0.0633034
0
0.171197
1.82079
0.000138199
0
0
1.33009
0.000359137
0.919951
2.59125
4.27444
1.6245
0.608552
0
0
0
0.320406
0.606165
1.01328
0.106218
0.0748993
0
0.196553
0
0
0.0793941
0.128038
0
0.0119139
0.485762
1.08624
0.876518
0.00623259
1.82127
0.0626242
0
0
0.136254
0.883469
0
6.50545e-09
0.00396443
0.443758
3.4485e-07
0.617991
1.3478
1.04395
0.10153
1.62843
0.0196627
0.0224496
7.52703e-05
3.31974
0
1.4748
0
4.15466
0.00163893
3.92016
1.13084
0.24846
0.445992
0.431373
0
4.48211e-05
0.00892672
0
0.636531
1.33412
0.202355
0.94835
0
7.02008e-08
0.924012
0.0114164
0
0.442402
0.516701
0.552632
0.306015
0.00387324
0.928351
0.368098
1.66042
0.000338607
0.011948
1.14745
0
1.25603e-06
0
1.24572
0
0.233349
1.33564
0.883899
1.99003
0.0582412
0.706342
0.209332
0.209953
8.75266e-06
0.111321
0
1.09573
0.344261
0.760879
2.30949
0.363849
0
0.0172335
1.79303
1.46713
1.01503
1.07486
0.00331445
0.120105
0
0
1.8568
0
0
0
0.615817
0
0
2.06136e-07
0
0
1.01543e-07
0.553911
0.910806
0
0
0.0575602
0
0.01683
0
0
0
0
1.60804
4.4302
0.0382758
0.0216397
0
0.00453816
1.37611
0.129664
0.947425
0.921852
0.0109092
0.00852168
0.507076
3.10824
3.0922e-07
1.57697
2.98412
0.00154995
0
0
0
0.0124978
0
0.128553
0.672889
0
0
6.87588e-05
0.0517267
0.000805815
0
0
0
1.82184
0.00848075
0
0.843601
0.330346
0.24008
0.0216379
0.911216
8.26407
5.54198
4.86208
4.88644
2.60637
0.950611
0
1.69929
0.645426
1.37519
1.21911
4.01442
8.04681
0.336961
10.1231
1.12159
0.435586
0.0331625
0
7.29274
0.00116727
2.15691
4.84724
0.0434008
2.80604
8.39941
6.71538
0.990016
3.30101
2.11739
1.34168
0
0.371645
4.20941
0
2.49552
5.06009
1.5271
2.5339
1.51722
0.000683933
0
0.9014
0.85641
0
0.248087
0.812522
1.07783
0
0
0
0
6.89558e-08
1.54692e-05
0
0
0
0.0030023
0
0.222957
0
0
0
0
0
0
0.00394286
0.105428
0.372181
0.451597
0.852522
0.0576637
0.00356524
0.614145
0.199683
0
0.0366731
0.9654
0.0145967
0
0
0.364645
8.50854e-07
0
0.000170181
2.43471e-06
0.044968
3.23853e-05
0
0.00487158
0
0.959799
0
0
0.00142436
0
0
0
0.0287875
0
0.440552
0
0
0.447589
1.24779e-07
2.56383e-05
0
1.26426
1.10471
1.15395
0
0.930138
3.97569e-06
1.96793
1.98931
0
2.11697
0.821648
0
0
0.000266955
0
0
0
0.151609
1.83307
1.05727
1.18175
0
0.552836
0
0
8.69604e-08
6.57177e-07
0
0.998856
3.16111
0.649143
1.51323e-05
0
7.75687e-06
2.0744e-07
2.76315e-08
0
5.19426e-06
0.0336827
0.00342737
0.977085
0.0146671
0.364882
0
1.01632
0.739069
0.80682
0
8.03493e-06
0
0
0.147192
0.91654
0.88876
3.59438e-07
0
0.538978
0.142157
0
0.0103647
0.945575
0.00214418
0
7.49741e-06
0.237734
4.60692
6.14636e-06
0.842919
0.912554
0.122676
0
0.00445396
0
0
0
0
0.335174
0.0308821
0.519255
0.0570556
0
8.46477e-06
0.0678921
0.584368
3.88822
0.0531807
0
0.615563
1.12228
1.94182
0.529633
6.71784
0.513403
0
0.584832
0.937702
0.887783
2.10502
0
0.0663183
1.94548
0.962051
0.0909973
2.99477
0.188794
4.72379
3.95576
1.45802
1.08101
1.34639
1.46581
3.3495
0.248729
2.57673e-05
0.00130565
0.0985282
2.06296
0.0897136
0.0155692
0.117884
6.69717
0.977907
0.790027
0
0.00569718
0.663729
0.55968
9.63618e-08
0.00538225
1.97794
1.15527
0.0402187
2.33943
0.61461
0.712397
0
0.432084
0.60234
1.24802
0.587328
2.06571
0.00234428
2.1938e-07
0.618639
1.34348
3.49041
0.00453193
0.93756
2.67492
0
0.721302
0
2.30487
0
0.221014
0.0879316
1.27031
1.01513
1.08772
1.13919
5.6685
0.378258
1.49329
0.686969
0.0133874
5.55301e-07
0
1.55997e-07
0.000282269
0.933158
0.0376692
0.0200772
0.235415
0.0298335
0.878024
0.0042098
0.901225
0
0.419783
0.651232
0.240826
0.466823
0
1.89895
1.02682
0.806253
0
2.04908
2.22017
0.872209
0.0955315
0.511071
7.74509e-09
0.0751959
0.33129
0.0637279
2.44257
0
0
0.058033
1.89979e-05
0
0.00197059
0.0103867
0.581849
0.98518
0.0176986
1.53988
1.3794
2.29306
0.033061
1.13693
0.0902068
0.0140477
0
3.10795e-05
0.000345053
0.000318242
1.18672
0.700699
1.82739
0.000636803
2.76009
1.7239
0.096422
0.644064
4.33106
0
0.0723163
2.43267
0.000579016
1.74414
0
3.09843e-05
0
0.306759
0
0.0137234
1.23649e-05
1.84567e-05
0.300604
0.00234478
0
1.65693
2.56062e-06
0.455991
0.0352029
2.27796
0.000130694
0.011111
0.961348
0
0.036842
0.0540478
2.10846
0.59056
0
1.68808
0
2.56592
2.58807
1.39685
3.04382
3.86455
0.633596
1.49576
0
1.92327
0
0
0.011153
0
0.924098
2.53491
0.289133
1.39167
0
0.0543908
0.0058442
0.286102
1.36657
0.70355
0.585869
0.0573917
0
2.11764
0.964399
3.38829
1.46091
0.113012
0.12326
0
1.90275
1.58045e-05
0.086804
0
3.31379
1.28219
6.19193
0.127903
2.9759
0.000389356
0
7.52545
0.441989
0.93926
0.487884
0.0109209
1.10915
0.930489
0
0.000604777
0
0.393746
0
0
2.16353
0.981155
0.0219404
8.22239e-06
0.00283938
0
0.00133023
0
0.286005
0
0.898342
0.0277781
0.212799
0.00450615
0
0.0743182
0.00488063
5.77786e-07
0
0
0
0
4.29277
0.0943361
4.12673
0.776068
0.0423132
0
2.40312
0.606804
0.350324
1.09823
0.0157089
0
0
0
0.554587
1.54466
0
0.777417
0.000576737
0.116968
1.72509
0.953165
2.37007
0
0.0086219
0
0
0
0
0.246339
0
3.30588
2.63937
2.19367
1.65584
1.02927
0.647821
0.652208
1.06986
2.2709
3.96768
0.939743
0.518444
0.00876797
0.01525
2.86206
0.0249632
0
1.38672
0.00580187
3.43751e-07
1.23129e-07
0
4.36272e-07
0
0.0385199
1.95427
0.918322
1.28162
3.17974
3.10079
0.120309
0.0143004
0
0
0
0
0
0
0
0
3.30593
0.0317946
0.2994
0
0
1.5963
0.000574123
0.000288324
0.452347
1.01689
1.57914
3.38766e-09
0.105392
0
1.76161
0.554511
1.20678
0.80339
1.91385
2.20368
0
0.0119224
3.07854
1.53041
0
0.687685
0
1.06797
5.70904
0.207373
2.98787
1.44951
1.93694
0.836437
0
0
1.20885
0.0155401
0
0
0.00778565
0.580392
5.30762
0.955634
0.000227342
0
0
0
0
0.729333
0
1.33955
0.642975
0
0
0.00377618
0.914975
0.0146992
0.00287815
0.927961
0.66422
0
3.31015
0
0.385909
3.83227
0.0899788
2.91735
1.08632e-06
0.120135
0.16059
0
0
0
0
0
0
0.000227124
1.78499e-05
0
1.6002
0.219498
0.0177729
6.87226
1.91886
3.10492e-07
0.00136585
0
0
0
0
0.725587
0
0.0226667
7.82367e-06
1.2616
1.13211
0.871114
2.66516e-07
0
4.49504
0
3.07642
0.0903468
0.0553831
0
2.00943
0.594999
0
4.02516e-07
0.429183
3.01154
0.989431
0
0
0.421131
0
0
0
0
0.00186424
0.114759
0.230771
0.0502105
7.37955e-05
0.0466591
0.946417
0.686203
1.47623
1.98274
0.158442
0.0316743
0.000200434
0
0.278202
1.71769
0.000361875
0.0850333
0
0
0
0.0864359
1.23838
0.998666
0.302648
0
0.892019
1.95258
0.698064
0.345513
1.56688
1.0748e-07
1.16164e-05
0.553812
1.90718e-06
0
1.20313
0
0.875274
0
1.95199
0.966585
0.631308
0.857917
0.0884195
8.16297e-08
0.84964
0.90106
3.09683
0
3.7092
0.00212813
1.48614e-06
0.912276
0
0
0.0507519
0
0
0.730866
0.315901
0.285766
0
0.891099
0.00795364
1.28092
0.665212
2.25046
0.154273
4.57174e-05
0.844538
0.000211422
1.88227
0.382636
0.0595315
0.102809
0.511326
3.38651
0.0698877
1.00895
0.825051
0.716045
0.0522481
0.916628
1.53435e-05
0.839907
0.00225882
0.517202
0.498804
1.03318
1.99089
0
1.06046
0
0
0.987029
0
0
1.23458
0.0167949
0.245892
0.558656
0.000283299
0.418985
0
0.133312
0.703505
0
1.56936
1.2197
0.0166549
0
0
0
1.27134
0
1.50822
2.19796
0
0
5.84944
0
0
2.11022
2.22627
1.31878
0
0
2.77522
0.0121322
0
0
3.11435
0.860084
0
2.96974
0
0.968834
2.31879e-07
0.227692
0.709631
0.779078
0.58575
0
0
3.55959e-05
0
4.48432
0.896999
0.598646
1.50038
0.704352
1.86974
0.291533
0
0.00260842
0.00382764
0.000291041
9.91674e-08
0.0556258
0.283154
0
3.60684e-07
0.88326
0
1.90619
1.02477
0
0.000560556
0
0
0
0
0.99878
1.94251e-07
1.17256
0.408631
0
0.00274761
0
0
0.3824
0.0104521
8.32316e-05
0
0
0
0.103848
0.00204223
0
9.27195e-05
0.205935
0
0.584351
0
0
2.47284e-05
4.83586
2.25548
0.406911
0.000210939
0
0.0223164
0
1.90919
0
0
0.0366992
0.718902
0.030104
0.00142055
0.229677
0.0540811
0.0472883
0
0.154641
1.56181
0
0
1.18658e-08
4.91817
0
0.320709
0.0282445
0.330927
0
0.428744
0.920941
0.862608
2.81723
0
0.463624
3.35308
0.39817
0
0
0
0.61782
0.641762
0.184464
0.184309
0.0768231
0
0.567561
2.48266
1.18482
0.54272
12.2095
0.898969
4.243
0.0360811
0.126701
7.25423
1.76592
2.88333e-07
0
0
2.57728
1.04838
0
3.36392
0.392616
0.0492603
0.131131
0.429382
0
1.74638
0.80283
2.57462
0
0
0
0
0.692905
0.00188551
0
0.0876927
1.17538
0.262802
0
0
0
0.573704
1.00251
0.871794
0.717526
0.0256355
0.00400142
0.025503
1.80836
2.22459
2.52978
4.29264
6.22781
0.0192396
0.753773
0
0
0.00888708
2.36638
0.0648041
0.521702
0.694545
0.00561715
2.21474
0.961673
0
0.0588401
0.303625
0.499203
2.76948
0
1.81554
0.0205538
1.54311e-06
0.808681
0.179658
0.279183
1.15938
0
0.739538
2.20107e-05
0.572864
0.217595
0.314447
1.57537
0
0
0
0.740298
0.0455164
0.866655
0.0954647
0.193552
0
0
0
8.782e-06
0
0.781366
0
0.515011
0
0.330093
0.346577
0
0
0
0.0577134
0.100271
0.133765
1.61481
0
5.73163e-08
0.324536
5.09641
0
0
0.965057
0.357731
0.00118321
0
0.0865572
0.126831
0.811532
0.324995
0.0217369
0
0
0.00478411
0
0
0
0
0.501441
0
0.0321271
1.81944
2.73345e-07
5.00769e-08
0
0.820995
0.00720717
0
2.06104
0
0.90321
0.0172266
0
2.36613e-08
0.0160627
0
0
5.42202e-05
0
5.77095
2.06914
0.0271758
6.07807
0
0.533858
1.57081
2.49847
0
0.268936
0.000235535
3.59043
0.11972
0.0819373
0.826322
0.755722
0
0
0
0
0
0
0.0675705
0.473354
0.120089
0
0.0123012
0.144281
0.0380516
0.552992
0.444588
0.00978181
0.000251705
0
0.0270813
1.14631
0.0159879
0.00576925
0
0
0
0
0
0
0
3.74672
1.02471
0.0475565
0
0.00176419
0.161286
0.511138
0.254215
0.00553833
0.015813
0.701846
4.49746
3.86399
4.10718
5.97439
2.78197
0.415434
0.243719
1.96826
3.28963
1.12337
0.831029
0
2.04969
2.22319
0.0724379
1.83697
2.85642e-07
5.31765e-08
5.25748
0.000565939
0.559795
5.64798e-06
0
0
0
0.335872
0.00801079
6.07165
0.0109336
0.000770981
0.0418347
0
0
0
0
0
1.09137e-06
0
0.0031788
0
1.06598
5.22864
2.58691e-06
0
2.43917
1.25614
0.00997567
1.15322e-06
0.0461594
0
0.979824
0.342551
0
0.0789763
0
0.59288
5.94736e-08
0.0949302
1.18094e-05
0.0652091
0
0
0
0.00227058
2.01567
0.42515
9.5382e-06
1.16852
0.49093
0.00239541
4.79542e-06
0
1.85543
0
0
0.0340398
3.0665
2.70758
0.00607922
0
1.79224
0.000491644
0.197699
1.23516
0.856759
0.472048
0
0.511969
0.0544945
0.24037
1.10651
0.0670125
1.0777
0
0.0555675
0
0.561352
0
0
0.163816
0
0.393803
0
1.41678
3.41895e-05
1.8496e-07
4.82142
0
0.480435
0.587628
0
0.598548
0
0.80692
0
0.773668
0.364023
0.928104
1.86575
3.67527
0.574455
0.117287
2.89022
1.21296
0
0.929771
0
0
0
1.1665
0.850942
6.01134e-06
0.0153248
0
2.36588e-08
0.456368
1.88632
0
0
0
0
0.00137585
0.00920462
0.000315791
0.883463
0.0943465
0.000110275
0
0
0
1.37725
0.000260168
0.051315
0.0287041
0.127209
0.0192019
0
2.09171
1.85547e-07
0.353728
0.774293
0
7.24365
3.87283
6.48988e-05
0.947314
3.54687
7.27847
1.69644
0.621614
0.0003446
0.230372
0.0410747
4.85248e-07
0.00122036
0.733805
0.262154
0.273158
1.26464
7.24749
1.79457
0.600585
0.668618
0.861089
1.24178
1.24476
0
0
0.00285508
0.000907803
0.00323363
3.12741e-06
1.29916
0
2.06186
0.915395
1.97987e-07
0.0811648
0.000364855
0
2.12846
0
0.768954
0.922696
1.62808
6.74162e-05
5.08574
0.0365881
8.98176e-07
0.00026455
2.48602
1.73305
0.68433
1.88291
0
0
1.52627
0.257842
0
0
0.344087
0
6.06172e-05
0.215121
0
0
0.233527
0
0.106501
0
0.000129697
0
12.1899
2.11129e-05
0
3.83839e-09
0
0
1.95037
1.95107
0
0.000515958
4.63384
0.437363
0
3.66808
0.0236893
0.000133026
0
0
0
0
0
0.00492651
0.848989
0.0963465
0.325417
0
0
0
0.757267
0
1.01534e-05
1.41631e-06
0.0168626
0
0.0985206
0
0.457391
0
4.05108
0
0.0316997
1.52266
7.25539e-05
0.588531
0.0259381
0.915804
0
3.93287e-05
1.19093
0.00989747
0
1.33559
0.124784
1.02744
0.396095
1.12152e-05
0
0
0
0
0
0.0258296
0
0.817794
1.80048
0
0
2.62951e-06
0
0
0.00213731
0.0362936
0
0
0
0
0.148596
0.071245
1.17255
0.000533334
0.0476183
0
0
1.69749e-06
0.281448
0.299907
0
0
0
0
0.00734141
0
0
0
0
3.88819e-05
0
0.806144
0
0
0
1.62488
0.0357147
0.528467
0
0.0490492
2.9012e-08
0
0.00648865
0.766264
0
0
0.083324
0.000171275
0.0553028
0.0246078
0.0556824
0.00996097
0.000547561
0.825496
0
0
0.291527
5.68517e-06
0
8.31296e-09
1.81997e-08
0
0.906061
0.033456
6.40238e-07
0
0
0
0.0389025
0
0.0237693
0
0
0
0.000354898
1.11136
0
0
0
0.543071
0
1.88061
0
0
0
0
0
0.0242205
0
0
0.00111413
1.05235
0
0.827015
2.13957
0.178811
3.96765
0
0.0178269
1.30716e-07
0.800307
0.0713592
0
0.329042
1.11669e-05
1.59518
0.00375035
0
7.91579e-09
0
0
0.813607
0.288777
0
0.000621096
1.14315
0.371907
0
0
0.0407381
1.14007
0.0566596
0.868369
0
0.328702
2.48342
0
1.79525
2.93253
0.715021
3.51326
0.584419
0.310873
0.172916
2.96543
1.13612
3.57383
1.95872
0.375096
6.54177e-07
3.90482e-06
0.811779
3.41822e-05
0
0
0
0
0.14645
4.05981
0.387393
0
2.93487e-07
0.615853
0
7.36985e-07
0.079973
1.02945e-05
0.771109
0
0
0.0311311
1.33123
0.878058
0
0
6.43359e-07
0.0246413
1.00076
0.0582023
0.847232
0.272857
0.979335
0.0206471
0.0294479
0.192519
0
0
0.859966
0.0858884
0.00507296
0.959295
0.0162669
0.0365874
5.12033e-05
0
0.00177093
0.0122327
9.08671e-05
0.0048551
0
1.30524e-07
0
0.0793689
0.00560519
0
0
0
0
0.0895516
0
0.651775
0
0
0
0
0.0905633
0.430926
0.883529
0.010842
0
0.794866
0
0.400213
2.09889e-06
0
0.00561645
0
0.0229839
0.128205
1.00646
0.000778742
0.073411
0
0
3.21294
0
2.12837
6.16168e-08
0.0194241
0
0.00250284
1.24834
4.7804e-08
2.63838
2.25198
3.38265
4.98682
10.8774
5.06635
3.81633
7.66815
0.493466
1.57958
0.822753
0
0
1.03256
0.89414
1.94657
1.85568
3.13686
0.386181
0.818451
2.23293
1.65322
0.141804
0.53133
2.68209
1.42038
2.80822
0.786769
1.18857
0
0.256895
0
0.196365
1.91058
0.754502
0.0415012
0
1.69533
3.32883
2.23129
1.93047e-06
1.16009
0.539545
1.83945
0.934263
3.87062
3.43076
2.72962
0.155291
0.859837
3.03502
0.205319
1.64275
0
0.0608006
0.678743
0.961085
0
0.394676
1.44111
1.02022
0
0
0
0
0.553856
0
1.69216
3.36884
2.72733
0.144072
0.00254376
0.000101991
0
0.0102492
0.370428
2.79041e-07
0
0.180817
1.02833
0
4.64271e-06
0
0
0.0341323
0
0
2.33798e-07
0.000234194
0
0.708956
0.0365483
0.000150942
0
0.00964756
1.42573
1.04553
0.102003
4.43238
0.293531
0.335329
0.119604
0.0156431
1.59914
0.995181
2.15805
2.1641
0.898466
0.0372653
0
1.88486
1.41364
0.627599
0
0.495042
0
0.365334
0.75369
0
1.5611
1.5839
1.10221
6.40095e-07
0.351776
0
0
2.843e-06
0
1.13199
0
0.467096
0
0.15107
0.0791245
0.0858354
0
1.38042e-06
0.259229
1.32722
0.00797335
0
9.37898e-07
0
0.00242401
0.732329
0
4.475
0
0
0.86385
0
0.56898
2.74302
0
0.316113
2.12359
1.89478
0
0.680278
0
0.536379
0
0
0
0.00443191
0.00416518
0
0
3.16049
0.568996
0
0.0328037
0
0
2.28166
5.92447e-06
0.00806175
0.928939
0.0473787
0.0338273
0.114145
0.122743
0.0975589
0.94831
2.20807
0.822026
0.00240489
0.0831869
0.468361
0.0510354
0
1.8193
0
7.60773e-07
0
0
1.26965
0
2.09078
0.993419
1.86797
0.0518693
3.96521
0
0
0.0374865
1.65603
4.80022
0.582892
0.271792
5.62005
0.890787
0.000731784
0.0450217
0.781141
0.0997292
0.0403039
1.16626
0.0916269
3.68502
1.4036
0.125054
0.919442
4.40328
1.07701
3.11095
0.038237
3.33033
0.738221
0.00442254
0.428344
0.108568
0.000194179
7.77886
0.679538
3.63556
0
0.0476841
0
0
0.00113984
0
0
1.87058e-08
0.0461342
2.05081
1.60095
0
1.88956
0
0
0.000594934
0
0
0
0
3.47829e-07
0.000820005
0
0.671166
0.882503
0
0.971476
0.73707
0.0282831
0
0
0.286677
0.0267599
0
1.0519
0.0347506
0
0.0866552
0.0106101
0.479741
0
0.000425667
0.843274
5.0129e-07
0
0
0
0
0.944565
1.20315
0.110647
1.32976
0.747947
2.09118
0
0
0
0
0
1.44855
0.962225
1.49636
0
0.610432
1.39274
1.20954
0.00307139
0.0374937
0
1.02939
0
2.52079e-07
0.174708
1.6104e-05
9.80365e-06
0
0
0
4.39194e-07
0
0
0
0
0
0
0
0
0
0
0
0.186113
0
0
0
0.000749723
6.86715e-08
0
0.0036681
0
0.985841
0.0323697
0
0
0.410289
0
1.05437
0.000147681
0.0691255
0.168973
0.018166
0.15014
3.49344e-06
0.031677
0.890848
3.41426
0.495194
0.0341495
3.1771
0.668847
1.30436
0.443945
1.2356
2.72161
2.13371
1.53901
2.0113
1.71228
2.59126
1.9487
1.11541
0.639228
1.85954
0.140942
1.13404
0.712943
1.10425
0.448846
1.05029
0.0398338
0.244098
0.15406
0.660313
0.549128
0
1.06377
0
0.210341
0
0.0430572
0
1.43895
1.07759
0.0434161
0
1.05576e-07
0.176814
0.0360165
0
0.573314
0.00197634
2.59389
0.425381
0
0.00708854
7.05677
0.447816
0.553983
0.0125235
4.38346e-07
4.51095e-06
0.000512425
1.06915
0.0472659
0
0.544877
0.126282
0.0649891
0.104318
0.177611
1.6584
0.107335
0.0752513
0.0220489
2.78321
4.7737
0.324196
0.00609252
0
0.213405
3.64376
1.57975
0.577609
0.0618735
0.964644
0.974419
1.98121
4.3732
2.64637
1.37219
0.137557
1.54231
13.5834
9.81594
1.05919
1.16794
0.908394
0.55014
0.974743
0
0
0.0618983
1.24796e-05
0.138318
0.909925
0.321985
0.395705
2.47985
0.775158
0.436644
2.00811
0.776484
1.91345
1.8786
0.0644096
0.86944
0.0824394
1.09072
0.000326852
1.34339
5.6862
0.959107
0.918553
0.427484
0.0551136
0.430988
0.0339826
1.13705
0.411044
0.976006
0.1699
1.77717
1.60917
0.0304136
0.038128
0.425017
5.31473
4.9105
3.92505
1.80065
0.0113594
0
0.113644
4.44206e-08
0.379537
1.13726
0.670841
0.977232
0
1.01106
0.0586753
1.7411
1.50963
0.506569
0.0792055
0.944595
3.39356
0
0
0
6.12933
2.94345
2.83131
0
5.73428
0.320135
1.00212
0.150431
0.257413
0
0.00610342
1.3504
0
1.07169
2.72653
0.362394
0.179395
0.74632
0.459252
0.587785
0.381167
0.0879004
0.57739
0.0183322
0.33833
1.75758
1.2483
2.04878
3.37758
0.856067
2.2331
1.40202
0.0033304
1.78348
4.45582
10.1837
2.94378
4.44697
0.864773
1.09592
0.791109
8.81786
0.0132023
2.04756
0.0455054
0.0183668
0.11047
0
0.0204505
0
2.11919
0
0.0163608
1.97068
4.71142
0.686944
0.563244
0.00145778
0.135428
1.12743
1.96911
1.064
0.54915
3.39051
1.69339
1.89443
1.71236
0.243773
2.75969
0.720873
1.70272
1.16232
3.21317
2.07948
0.0178241
2.37714
4.29305e-06
3.66835
0
1.16027
0
8.99603e-07
0.903651
0.21614
0.999788
1.75402
0
0.124585
2.10711
1.1084
0.000937746
0.00982365
0
0.965492
1.7404
2.26111
0.722095
0.0218184
0.0559344
0.905613
0
3.77936e-06
0.79439
0
0.0455342
0.726636
1.14453
0.977884
0
0
0.856484
0.763424
3.25186
1.40698
1.14927
0.0216591
1.31863
0
0.131918
0
0.0453011
0.574596
2.77864
4.30851
1.99
0.327552
0.738528
0.0572441
0
2.12858
0
0
0.801106
0.00837185
1.25207
7.58493e-05
0
0
0
1.64832e-05
0
0.661693
0
0.000895128
0.297064
0.944615
0.75915
0.550342
0.404216
0
0.249808
0
1.21674
0.0218428
2.19036
0.0038672
2.06739
0.259541
0
0
0.768468
1.31394
0
0.0900232
0
2.64259
0
0
0.000238699
0
1.94886e-05
0
1.65271e-07
0.014163
0.0405962
1.32305
0.993231
0.0312535
0.0551989
0.0436006
0
0.438823
5.53833
0.96306
0.951985
2.22061e-07
0.788794
0.784676
0.682153
0
0
0.0791627
0.914091
0.0172925
27.4937
0
1.11704
0
0.859324
0
0.00348189
0.835432
1.45111e-06
0
0
0
0
0
0.000193369
0.0101812
0
0.636383
0
0.443507
0
0
0
0
0
0.00211511
0
0.0330239
0
0
0.723172
0.00447193
0.108359
0.550084
1.95746
0.323848
0.00338996
8.91485e-08
0
0
0.00116945
0
0.112201
0.451464
0.00032276
6.27181e-07
0.59555
2.71689
2.90194
2.11536
0.152877
0
0.809526
0.201473
0.0441602
1.90835
0.865054
0.631898
1.47961
0.000374976
0.0046767
2.68423
0.977933
0.0874062
0.0486152
0
0.0796035
0.000460903
1.82998
0
3.9971
1.04487
0.0128113
0
0.368218
0.0038047
0
0.0809236
0
0.0231184
0
0
0
0.969339
0
0.0162148
0.119578
0.0626269
0.661903
1.3401
0.0131283
0.85734
0.242827
0.175107
2.01983e-07
0.793561
0.000133711
0
0.170774
1.78943
0.275957
0.17075
4.3774e-06
1.01387
0
0.0493647
0.99945
0.723507
0.00228536
0
0.32008
0.482049
0.517396
0.32638
0.000143296
4.08038e-07
0.358914
1.07909
4.32289e-08
0
0.799411
0.331504
0
0.00117645
0.669706
1.84674
0.0614771
0.0222899
5.96049e-09
0.528685
0.0935021
0.00567316
0.988383
0.0567799
3.08298
0
0.429796
3.3988
3.42471
3.06092
0.10516
0.72877
0
0.285907
0
0
0.0806739
0
0
2.25301e-05
0
0.613733
1.46637
0.848178
0.881801
9.9889
0.474399
0.819529
0
0
0
0.966172
1.19788e-06
0.635602
0.162759
0.000661457
0
0
2.54201e-05
0.11911
0.595019
0.282686
0.211971
0
0
0.0826301
0.387407
2.78343
0.0160615
0.372361
1.0311
0.0174725
0.434601
0
4.59602
0
4.72074
0
0
4.80364
0
0.0107672
0.123027
0.0173844
0.0260059
0
0.00183833
0
0.461103
0.0837009
0.0933263
2.03607e-05
0
0
0
0
2.08888e-05
0.0555415
0.000792345
0.985247
0.000391461
0.00736131
0.798757
0
0
0
0.000136269
0.22601
0
0
1.66554
0.00760414
0.154719
6.49967
1.17356
2.76777
0.0910186
0.0183724
0.0516483
0.0920758
0.596899
2.10285
0.0728575
0
0.273299
0
0.122688
1.65481
0.634478
9.43363e-08
3.49898
0.685742
1.52198e-06
0.347225
2.38315
0.754434
2.68658
0.863224
0.993587
0
4.18896
0.946379
0
1.34935
0.538865
0.0259174
0
0
1.83855
0.126499
0.160261
4.49053
1.2149e-05
0
2.55033
1.73025
0.106181
0.0303548
0.344712
1.57204
1.5327
1.093e-06
0.248338
0.0119691
0.0517081
1.82881
1.55541
0.670445
2.21911
3.02395e-05
0.698277
1.19198
2.25874
1.02746
1.07879
1.08308
0.470845
0.0261555
0
1.66371
0.400271
1.27687
1.36752
0.868012
1.81938
3.34625
2.59185
1.27181
0.961743
0.45814
0.0179642
2.96082
0.994515
1.16556
1.92669
0.930066
4.35853
10.9724
0
0
0
12.733
4.01287
2.81404
1.57959
9.12375e-08
2.98324
4.11369
0.00168152
0.146338
3.52707
2.26101
0.17398
0.245401
4.54211
2.87484
2.88114
1.25473
0.0387662
1.89966
0.00218976
3.66096
3.2414
0.00920542
3.52749
3.68177
2.47745
0.177157
1.47499
2.07443
7.35511
1.84296
0
2.14686
1.02818
1.72164
0
1.56833
0.735474
0.973671
0.894072
2.33922
1.31068
0.221728
0.247634
0
0.701262
0.507151
2.96107
0.000118609
2.27538e-05
3.26766
1.55924
2.52305
2.30423
0.84463
2.515
0
2.0967
0.441108
0.294659
1.4548
1.78744
1.72053
1.56937
6.91573
2.82176
1.54854
0.000291105
1.18559
0
0.835293
2.49583
0.122907
0
3.55651
1.3071
0.686073
3.33505
0.0017237
4.18131
1.80627
0
0.00497077
0.0127937
1.411
0.918618
1.9911e-07
0
0.167293
0.409397
0
0.00151486
0.992745
1.44709
0.721296
0.0997251
1.00084
1.05854
0.158993
3.10185
1.56741
1.47339
1.18295
0
1.46122
0
0.0703613
0.458125
1.54724
0.0206094
0.162917
0.480078
0.286583
1.51058
2.47597
1.25415
3.21441
0.153934
1.91264
1.57155
0.0372602
0.794958
0.931437
0.486348
0.0483344
1.41166
1.84355
0
1.06591
0.0705927
1.30798
0
5.04071e-05
0.3236
0
0
0.0851679
2.12904
2.33061
1.35061
1.93752
1.00807
0.0207378
1.92952
1.3069
0.0917007
2.50275
3.7342
0.587521
0
3.66244
2.92922
0.0312351
2.72951
0.067786
0
0.218541
0
1.68371
2.66756
3.93769e-05
0.703442
0
2.71602
0.000304168
2.02254
0
0.496764
0.0661119
0.103886
0.355773
1.30665
0.00689325
0.85789
0
0.0858956
1.18865
0.00498372
0.921221
1.17389
0.513504
1.12435
0.0055557
1.61053
0.876254
0
1.42117
1.53446
2.4859
1.96141
1.11375
4.41466
0
0.789849
3.06084e-07
2.05301
0.856158
0.196553
0.265718
0.514004
1.74032
12.3688
0.937593
14.7135
1.09414
5.09183
2.82589
0.119328
1.84635
0.0216541
0.0201196
0
0
0
1.93111
0.0531437
0
1.47226
2.06305
0.597443
0.119496
0.229745
0.0465692
0.138896
2.17353
2.62638
1.44342e-06
1.42984
3.62986
0.000326123
3.50868
0.553427
2.39213
2.31839
0.0154352
1.52196
0.262091
2.60534e-05
0.402037
0.331995
0.941971
0
0.707927
0
1.63854
1.31362
0.973481
0
0.261719
1.55916
0.268062
1.8793
1.90948
0.649343
0.175488
0.929341
0.887283
1.41284
0.225889
0
0.0114005
0.910758
0.0698476
0.529838
0.00584244
0.985917
0.864328
1.25813
0.0763132
0.959511
0.0104128
19.4674
6.4448e-06
0.452836
6.07387e-07
16.61
0.00338829
0.822609
0.214658
0.000239506
1.04836e-05
0.130963
2.22061
0.0102251
0.685119
0.000303756
0.0730723
0.831502
1.90324
1.73694
0.841379
0.00824759
1.78942e-07
0
0.0133484
2.1022
0
0
0
0
0
0
0
0
0
0.0031968
0.929734
0
0.881252
0.00220931
0.357547
1.19581
0
0
1.33131
7.90959e-05
2.20486
0
0.0627472
0.000991969
0
0
0.814464
0
0.0349065
0.335023
0.126398
0.20988
0
0
0
0
0
0
0
0.047073
1.10137
3.1001
0.0520727
2.34341
0.692638
0.82717
0.150282
0.271765
0.363499
0.000127495
0.497495
2.55195
0.179478
0.000312211
0.00636563
0.615301
1.50777
0.00166396
0.0015371
7.86221
0.147084
2.32893
1.65093
0.868887
0.0586016
0.912239
0
0
1.80255
0.152408
0
0.163041
0.964312
0.71616
0.0221899
0
0.00942743
0.190103
0.0813757
0.00526825
0.0862387
0.455713
1.13695
0.0201158
3.91987e-09
1.44833
0
0.0426985
0.991888
0.140331
2.64207
0.2721
1.08486
0.230612
0.0884904
0
0
0.052011
0.00198913
3.21704e-06
0
0.0145412
5.74361
1.05254
0.198821
0.0283939
0.94149
1.45991
0.742972
0.586091
0.131756
0
0
0.000157512
0.0170843
0
1.404
0.0740698
5.81029e-07
2.93753
0.0702186
0
0.140837
0.0416699
1.84178
0
0
0
0.516297
3.35852
0.534429
0
0.852276
0.0432252
0
0.138306
0.0042239
1.79635
0
0
0.00368474
0.000633874
0
0
0
0
0
0
0.0561425
0.170236
0.212436
0
0.0132445
0.0163925
2.15625
0.0224367
2.1158
1.94587
0
4.2451
1.02309
0.00102389
0
0.819874
0.934654
0.0822408
0
0.000941042
0
0.00325395
0.191337
0.438208
0.00402246
8.45014e-05
0.0698012
0.789101
0.854843
0.00102586
0.696305
0
0.0166025
0
0
0.91503
0.0109176
0.170428
0.72313
0.182427
8.71769e-06
5.9727
1.61904
0.366707
0.0318442
1.73485
0
0.946452
0.373889
1.41575
0.222535
0.524859
0.962789
0
0.11123
2.06128
0
0
0.00149324
0
0
0
0.0342691
0
0.955709
0.354497
1.5026
1.12295
0
0.908352
0
0.00484362
0
2.49409
1.99125
0.000113132
1.97609
2.5873
2.8894
3.25149
0.948777
0
0.0157661
0.17177
1.84441
1.05031
1.22869
1.00136
0.720646
2.26307
0.613054
0.15296
1.2516
1.2167
0.524504
0.00148922
1.59916e-06
0.475951
0
0.505789
0
2.11537
0.0245318
0
2.68412
3.03707e-05
0
4.19569
0.00569035
0.00975945
2.05498
0.118792
2.32921
4.39613
1.23466
0.683892
1.82829
5.08006
0.0067382
0
1.81848
1.49192
1.06285
0
2.68632
0.0234659
0.0410308
0.0815996
0.0522143
2.12493
0.912253
0.92916
0.967384
1.20999
1.42831
0.667851
0.622607
1.17951
0
0.733561
0.0286783
1.50803
0.147358
0
0.212822
0.458014
2.29335
3.49706
2.13616
0.237417
0.992252
0.0486827
0
0
0
0.888685
3.07653
0.0321652
3.34887
2.94314
0.452606
0.0811629
0.645694
0
0
0
1.40745
0
0.223612
1.52206
0
0
8.91574e-08
0.0288811
2.70111
5.45909
0.402176
1.78051
3.25605e-06
0.00244582
2.5422
3.82217
0.00564587
4.45059e-06
0.413732
0.0154143
0.718362
1.54964
0
0.4793
4.55131e-07
0
0.908419
0
0
0
0.907433
0
0
0
0
0.694012
1.17495
1.76692
1.50325
0.191354
2.26709
0.4289
0.283603
3.16328
1.39192
0.128433
0.0056156
0
0.00024046
0.999989
0.0874195
0.034369
0.715045
0.136128
0
0
1.26793
0
0.706897
1.13223
0.0858562
0
0
0
0.779685
0.00950746
0
0
0
0
0
0
1.93393
0
0
1.78666
0.293638
0.231627
1.77872
0
0
0
4.23074
1.50356
0.3905
0
0.479289
0.368423
0.380233
8.29052e-05
0
0
0
0
4.53643e-07
0
0.000695277
0
0.524918
0.18293
0.0137125
0
0
5.13202e-08
0
1.09894e-05
0
0.200823
0.592025
3.5647e-08
0
0
0
0
1.47853e-06
0.00375483
0.0527703
0.867898
0.0116998
0
1.04416
0
0.5611
0.00311024
0
0
1.00223e-06
0.87794
0
3.93217e-06
0
0
0.000108129
0.939947
0.00127991
0.000158151
0
0
0
1.27744
0.723069
0
0
0
0
9.96899e-06
0
4.35818e-05
0.00010049
0.000765845
0
0.133701
0.258223
0.00106635
0
0.0536045
0.00663838
0.205284
2.07032
0.000100304
1.57892
0.726598
0.118613
0.0111091
0
0.328168
3.41847
0.00267698
0
0.000604226
1.89452
0.0274875
0.49115
0
0
1.47957
0.970316
0
0
0
0
0.000107613
2.53348e-07
0
0.0636101
0.480906
0
0
3.47776e-07
0.130091
0.00497708
0
0
0.228663
0
0.00264258
0.275901
0
0.0034167
1.85753
1.23006
0
0
2.58504
0
0.875088
1.86957
0
0.742361
0
0.0177206
1.03536
0.258659
1.53622
0
1.65211
3.26703
0.868562
3.3076
1.38382
2.17608e-05
0.945131
0
3.77145
0
0
2.24233
0
0
0
0
0.846731
4.19119e-06
3.12985e-06
1.01849
0.600294
0
1.45209
1.72419
0.00164905
0.391655
1.25368e-08
1.01675
1.20441
0.633444
0.00172705
2.0313
0.182651
0.000461415
0.322408
0.858417
1.87608
1.43406
0.0120569
1.10683
0
1.64554
0.0629688
0
1.70531e-05
0
0.245499
2.08083
0.978139
0.092372
0.110901
0.602694
0.907789
1.43107
0.596474
0.731258
0.574787
0
0
0.408268
0.10566
0
0.679074
0
0
0.00293208
0.1869
0.00248761
2.79076
1.04996
1.61007e-08
0.0131426
0
0.950208
0
1.28304
7.476
0.19712
0.83577
0.697001
0.746273
0
0.89669
4.56024e-08
0.0145021
9.26749
3.07499e-05
0.80207
0.0234597
0
0.846039
2.37706
0.0366283
0
0
0
2.47651
0.251621
0.0366442
3.63024
0.0981607
0.0105502
1.41353
5.18353
2.53882
0.930817
0.00744505
0.0146652
18.7357
7.94775
3.47254
0.0182092
0.0446021
0.145779
0.926207
0.758623
0.327305
0
0.301953
3.45026
0
0.982028
0.349215
0.612976
1.85358
0
0
0.0123685
0
1.54879e-07
0.699554
0
0
0.056252
0.0222765
0
0
8.30176
4.81238
0.711112
0.927978
6.21198
1.01814
0
9.11968e-09
0.359919
0.0302541
0
0.694766
0.900665
0.00171611
1.00558
4.56822
4.3959
2.89525
0.686573
0.869233
2.74875
0.151358
11.3857
1.80664
3.74525
0.117707
0.00037969
0.929316
0.702955
0.899679
8.01231e-06
0.000457538
0
0.00702907
2.69468
1.03807e-06
0.00316572
0.628291
3.32777
1.93092
1.72259
3.50299
1.45272
0.000605383
0
0
0
0
0
0
0.00225716
4.96508e-06
0.869454
0.0143393
1.86077
1.00058
0.029208
0.657455
0
0
0.0325957
2.41424e-07
0
0.205719
0.0257087
0.0884189
0
0
0.662515
0
1.16041
0.249391
1.64791
0.19623
2.82742e-06
0.840824
0.451639
0.895281
0.904646
0.0211118
2.12372e-07
0.178298
0.931714
0
0.808995
1.43207e-05
1.49939
0
1.07971e-05
1.01565
0
2.21929
0
0
2.45801
