4.21841
5.02286
2.94315
0
1.95936
5.12488
0
7.56111
0.665274
8.87026
20.4808
0.332723
3.45618e-07
2.73426
7.4627
0
7.52657
20.4936
23.6157
20.3286
12.5248
1.44952
0.0548742
0.00156095
4.04874
3.08453
4.44535
5.89225
39.5876
0.0319414
0.532109
4.92561
2.70745
1.55215
0.601227
0
3.57395
12.6473
13.0127
11.9856
7.31939
9.90668
3.343
12.7542
1.27481
6.84576
2.16849
0
0.308331
0
0.40681
0
15.6673
5.07685
1.43564
2.51191
14.3111
0.293201
0.284057
0.513098
1.55843
0.217522
6.67747
4.77083
4.68871
0
2.1994
1.23615
4.21271
0.0574775
15.8958
0
0
0
0.154139
0.657902
3.86631
1.43895
0.51548
0.80862
0.93377
0.00200336
0.928115
1.61621
42.5667
1.93762
13.9343
13.7944
18.1476
15.4901
13.4148
18.0262
7.84582
11.1325
15.0483
10.5165
14.8241
17.675
0.37083
0.131917
6.82463
5.40546
13.9664
8.54892
7.34824
1.70833
13.6478
7.89869
10.9858
11.7213
17.2488
9.73248
13.2941
24.3987
24.6993
12.8567
4.01156
2.51642
1.15316
2.66884
6.33475
2.65214
2.15397
1.41325
0
5.03794
7.59834
0.110567
0
2.56642e-05
8.35529
0.417477
0.992049
26.071
1.26557
12.4233
20.5212
0.000524574
0
1.77467
7.12315e-08
0.954487
0.768814
0.839335
0.51665
1.18096
0
0
18.037
45.5983
2.15834
1.02325
0.0916726
0.613208
9.87634
1.03357
0.769584
0.841165
5.0211
0.621176
21.2118
5.67442
16.0266
31.5327
0.357085
2.90243
6.06907
7.0931
1.86736
0.0452757
23.597
1.89696
8.7784
9.5638
3.03187
0.0044035
0.0257179
0.0410715
0
0.596271
0.0920419
14.5766
0.0203273
0
8.32768
8.93292
8.02395
6.6395
9.32347
28.4805
29.6518
22.4712
23.6584
13.9499
7.03212
0
3.59008
16.1774
16.9977
7.62222
27.2462
82.1903
16.2592
42.9112
18.1355
8.81642
20.9715
5.68353
43.0448
6.86008
20.6515
16.9613
0.549689
10.1799
13.8992
15.6902
1.47501
13.7764
8.41771
5.05391
3.84397
5.28596
11.4856
3.79517
20.5859
7.84861
31.644
24.5206
27.3201
0.0162388
2.76054
1.62312
15.5737
0.000186874
1.27999
1.23989
2.15534
0.0223529
0.209432
1.50315
3.06492
0.7065
1.0678
0.319084
0
0.374636
0.0135832
0.000129807
0.98208
8.50482e-07
0.00011254
4.23617
0
0.00158193
3.01439e-06
0
0.961383
0.00331796
0
0
0
0
0
0
0.729456
0.739186
0.00213785
0
0
0.0181968
2.4598
0.0744614
30.9509
0.795599
0.0828907
0.276632
0.102658
0.0097433
4.56887
0.00147964
13.7479
0.0251345
0.464857
0.0062864
0.0311354
0.210376
0.5821
0.595968
0.0420824
2.13275
0.316126
0
17.9175
0
0.607087
0
0.551317
16.2885
7.76662
22.9377
11.1774
3.66907
8.21805
10.5112
2.88019
9.37567
1.2598
2.43455
0.289838
0.265502
0.800962
0.240317
3.03939
5.84197
11.5528
8.76408
38.7207
18.6147
15.8369
5.46512
0.1745
3.80978
6.23549
3.54899
8.79084
4.51696
1.38167
0.159391
0.312977
1.08263
0
3.59621
0
3.38349
1.8153
5.73924
6.05723
2.9504
3.78501
0.173509
13.3327
3.90672
4.44778
0.885392
0.461572
1.64859
0.316105
1.80498
2.59001
2.41276
0.0255501
1.36033e-08
21.8897
4.59145
0
0
3.05014
22.3079
0.012163
2.06165
1.74199
3.39703
0.0893332
1.74523
0
0
0
0
3.50782
3.44735
5.66311
1.1056
6.59778
3.89757
9.13051
6.83857
0.965495
5.63977
7.96123
8.11335
8.19234
13.3652
0.583461
7.92441
5.7152
3.21874
9.50125
13.2187
12.9763
6.27007
18.5103
28.1445
20.4145
1.48232
1.47093
18.2492
12.6679
7.14144
5.22908
15.8915
6.49475
11.3876
9.44796
9.2619
15.3044
6.32885
5.26474
11.0672
6.03495
7.71754
10.3368
16.7094
2.2424
11.7485
5.67395
6.16486
41.3788
8.57339
16.8268
1.24169
0.343578
25.252
32.6121
18.9511
18.3761
24.234
4.99478
34.6469
17.8828
14.0138
26.0262
39.3728
34.4064
27.0015
16.6688
7.36967
17.4773
0.28588
28.2122
19.55
24.8856
7.64752
7.80123
7.29837
11.1178
0.000154212
3.80939
0.0218829
4.18921
5.07238
15.6556
1.66559
9.14626
19.9476
26.5909
6.02461
13.7762
8.50585
4.5791
28.2966
11.3003
2.98073
2.05461
0.616688
8.27697
0.173658
44.9606
1.82825
0.330293
2.7523
0.422271
1.27895
1.945
0.117807
0
0.0590395
2.04977
1.97312
1.57404
2.73422
20.1422
2.84675
3.00831
13.8944
10.4827
4.69194
4.05811
17.4127
4.11918
19.0169
16.9477
12.6779
16.6584
4.73806
0.911109
9.71872
0.948924
0.020526
0.00318588
0.0480635
15.3694
28.0692
9.54461
9.3248
14.7103
7.55984
9.7998
7.32233
0
3.00298
10.8669
0.526819
0.705059
1.4673
5.48512
3.25171
12.1425
13.8059
1.80392
2.20615
7.4627
20.4839
5.79265
0.000141357
0.348985
6.42553
6.84261e-05
7.0745
0.0256683
1.4917
1.03539
3.35025
0.985107
1.53005
0.214477
3.42631
0.870783
0
2.27643e-06
15.0917
3.19572
0.0195298
5.57915
1.3582
0.737384
12.1879
18.1185
17.0351
21.0866
13.0103
15.0857
8.41146
0
34.9426
1.35764e-06
11.4633
11.8256
5.79556
7.19089
4.32313
1.41568
1.04029
0.102998
19.2557
0.0199389
6.15051e-05
8.67311
3.07198e-06
9.50815
9.32497
6.19652
23.8035
3.50005
2.13332
2.38369
5.72496
12.1495
29.5182
44.8052
10.866
4.8
3.6085
7.52247e-05
10.798
14.7815
2.19458
2.99113
2.3552
11.1316
1.26808
0.393918
0.44701
3.77461
0
1.32932
0.281198
6.20258
0.405708
0.328924
6.44126
6.04695
1.74641
1.22722
0.129385
0.529783
5.91702
9.88328e-05
1.1398
0
3.39653
0
0
4.89122
12.6751
31.0605
0
0.0438188
0.431859
9.83069
0
12.2147
8.83279
0.298899
0.580089
0.70168
0.421997
9.28962e-06
9.96359
0.485619
0.00197037
0.41292
0.00919484
0
0
3.51618
8.27438e-07
5.03802
14.5643
3.7996
1.01446
7.17999
3.50783
25.0681
14.9007
0
0.00328324
0
2.29324
13.8081
40.0456
0.681635
13.5159
0.103333
9.96711
41.7216
9.96013
6.98778
0.421606
0.0108326
1.09493
0
0.834357
0.023107
0.0758358
0
8.11381
10.5682
5.4102
3.82589
9.75155
1.16135
24.4882
5.95846
22.0706
17.1869
0.000318426
9.38844
0.5927
12.5002
13.3653
1.43074
1.20193e-06
15.8552
13.9808
0.50892
4.79255
0.0806388
0.878776
6.36591
18.0212
12.5915
16.9159
4.72337
15.7934
12.6446
1.81997
2.56877
0.207942
0.0679791
0.115902
0
0.0658456
0
0
0
24.0662
1.89192
1.74495
2.17006
8.23246e-09
7.25705
5.59106
0.499922
9.827
1.41461
11.5039
3.86541
8.91645
0.942398
15.0301
21.8085
6.68682
9.90806
14.1638
12.6086
0
3.10326
11.7766
6.45265
0.31391
19.5217
0.195774
24.3348
73.5603
10.0979
22.4096
36.5819
10.6479
9.33939
1.33559
0
12.6229
33.6371
0.867771
0.275983
0.364548
1.443
17.6569
1.8614
0
0.290426
0.0371711
0.000249451
0.0277141
4.05532
22.1558
6.49381
2.85874
0
0
2.92244
4.14961
21.5085
0.85894
1.00069
34.8601
0.471537
18.2823
0.403738
17.2171
24.9407
24.5492
24.2177
0.0245626
1.73589
1.00608
0.77664
0
0
0
0
0.178133
0.0215342
0.000968645
0
8.4119
21.402
2.20502
12.8349
9.02503
0.319662
4.66815
2.41557
1.63604
1.22638
0
2.94875
0.430639
4.47108
0.392184
41.4584
7.09714
14.1239
0.0288733
0
7.81406
8.53542e-08
14.2269
0.0115883
0.18259
0.798718
12.613
13.2094
6.21495
25.0519
4.67112
13.7675
0.00149952
0.443268
1.91814
32.2238
0.152127
7.74355e-06
0.265996
0
0
5.74352
17.1224
2.76538
0.552902
6.58384
13.1243
5.08951
2.87653
6.68314
6.40854
19.2872
0
0
12.4781
9.83255
19.1184
3.51887
1.82322
0
0.942424
4.05777
6.33962
23.0925
8.14994
0
5.58819
8.08284
5.36531
0
19.8979
0.427969
0.845453
9.90526
0.367117
0.051436
10.9651
0
0
0.626784
1.05439
1.1954e-06
0.0524382
0.0454262
4.1344
3.75602
0.166851
0.00284745
14.6252
0.000599494
24.223
0
6.29966
0
0
1.41865
0.877826
10.7315
0.744881
0.586307
5.08003
2.32843
7.78058
24.451
0
16.4041
13.3347
1.3566
2.84452
4.08149
11.5072
4.80003
15.0714
18.8786
8.37811
4.03802
11.8754
12.0383
14.821
9.5716
17.8885
0.332615
12.3299
3.22855
5.46959
10.828
1.30386
11.091
3.29524
4.80568
2.12852
5.03297
5.43753
0.774885
0.229394
0.900583
0.0129278
0.127177
5.23937
15.9546
19.0929
13.4232
0.889273
0.483184
0.000340292
11.5509
8.04848
0
15.1193
5.42815
4.94137
4.09293e-06
0.0475476
0.184515
4.33523
1.98164
18.7301
6.74406
0
0
36.4313
0
0
2.71678
3.30376
2.57666
0.869318
10.6468
12.6953
4.86402
3.48188
5.09098
6.85758
0
1.09453
3.40587
0.0762934
0.255425
3.55489
0.949277
14.8123
36.7433
13.1191
0.350546
3.7781e-07
0.463599
0.190242
28.4725
9.70289
9.72772
13.7048
2.94535
21.5902
7.75644
0
0.0363306
3.06305
1.19122
4.619
0.995348
5.15306
0.000110507
0
15.0679
0
7.16043
5.5416
0.893441
0
0.128764
0
0.581644
7.11518
18.7464
3.4377
17.4639
21.6128
0
0.0669669
0
0
2.15192
0.548789
1.20193
0.148619
0
0.0237684
3.73271
0
4.16714e-06
8.44576
1.8847
0.832717
10.1932
3.55192
0
0.0914643
5.18084
5.81736
4.0044
0.978552
0.814556
1.80562
0.563204
7.2862
0.311416
0.00757331
15.707
4.06381
0.354828
0.0117145
11.3582
4.0281
1.14904
6.00245
0.26765
10.45
1.54058
0.0929378
1.88371
15.5987
3.51124e-05
23.2519
0.548558
1.26162
0
15.8595
11.819
6.15407
10.7692
6.51735
1.58138
37.6106
2.61531
0.266023
0.0225739
2.10699
35.0853
16.9368
8.58306
9.22507
1.01041
0.659044
0
16.466
15.9182
33.1628
19.5667
15.255
13.7418
23.1634
19.3789
10.5588
16.4832
3.63641
11.3206
23.6461
11.1241
1.0623
0
17.7565
13.5093
1.90367
3.73841
3.90992
0
10.3478
15.6427
10.6102
2.03207
68.4875
15.1587
20.3256
14.0429
8.31004
8.62035
16.9991
10.0104
17.9829
0
1.96454e-08
0.0210863
21.0081
24.0328
14.1868
18.0616
24.4933
42.547
45.78
30.3385
28.3666
37.8415
34.8506
21.8549
7.3518
6.55249
0.958475
0.217281
0.132469
0.387678
5.61121
0.811847
0.311446
0.00621393
10.1847
0.103671
0.810776
10.4939
8.52047
2.89003
4.98506
4.46364
9.54504
4.26112
10.2832
4.99606
7.07954
19.5784
18.4351
0.473443
32.9884
21.9129
20.5314
20.7762
9.47395
13.8474
0.040321
0.496105
0.325964
10.8915
5.63
2.54915
2.8044
10.0227
0.255105
0.217379
0
1.00949e-06
0.000253737
25.7765
0
25.3189
0
37.2026
50.2017
0
0.0041125
1.24355
29.9701
34.2346
16.444
9.28048
1.16152
0.0764757
51.413
24.9404
0.583357
0.0384886
5.73767
35.9314
42.1104
0.00266657
11.9253
30.8056
1.70941
22.3214
0
1.76566
22.1945
0.103798
0
1.16888
0
0
45.7644
0
0.911661
10.5832
21.9581
26.8725
26.6394
4.50492
23.3529
0
24.7818
0
27.6777
22.6118
1.57342
29.1865
18.8481
21.6743
0
5.89499
3.00474
20.4275
15.3621
1.39473
15.0887
0
31.7448
17.5507
10.591
0.000604485
21.4983
11.0932
29.0158
22.2123
0.645173
3.56339e-05
0
25.7568
0.00971169
20.2599
0
0
0.389757
1.42089
19.848
0
5.6638e-05
0
25.7957
0
25.9138
28.6069
0.768276
9.6624
1.85852
15.5855
12.213
32.7316
0
0
0.558627
0.213934
0
0
0
0.276566
7.47261
4.05913
0.725616
16.9599
16.0053
3.47691
10.5814
16.7105
0.359472
10.0689
21.5225
20.9434
14.2077
18.2443
19.3718
16.1993
0.0454641
17.8384
20.5178
13.8001
14.6875
23.0341
4.39844
22.6033
13.4327
2.55505
17.901
0
0.0010275
20.4908
0
1.83784
0.00127529
9.92499e-06
0
0
0
1.1156
12.9311
4.16894
0.44241
0.0482576
0.750798
4.77073e-08
0.0740126
0.919696
0.0133417
0.826046
0.0247694
29.0876
4.09342
34.6527
9.21137
0.690496
0.0481997
8.05963
31.4574
0.709396
0
17.1788
9.62166
20.9293
28.7805
0.766865
0.621877
0
0.167138
19.8616
32.1345
0.960946
0.0948306
0
0.0817532
6.89839
0.0783497
14.9093
10.2629
0.501112
3.19082
5.8322
1.83082
0.0304993
5.82657e-06
10.1273
0.00151942
0
1.08614
13.5843
51.6294
2.70018
0
23.3142
2.15074
14.8839
17.7346
2.9772
7.11893
2.00603
0.531351
0
1.13259
1.05187
9.49721
12.8407
0
5.09806
0.238087
0.181177
0
1.64281
0.000732956
0
0.76477
0
21.7387
10.4489
1.95307
5.04953
0.00898741
6.76578
0.918547
0.557663
3.52515
2.26307e-07
0.247757
0.00939136
28.8404
22.6976
30.2786
19.9789
15.8332
11.9557
0.284901
5.31935
15.7896
0
14.0365
0
2.01607
0.00294073
7.80286
4.52436
0.206196
0.832706
0.259368
0.620959
5.80353
5.38705
4.25846
6.23342
5.92761
2.40877
0.039683
0
0.0111889
3.11003
12.9908
0.000574768
0
4.83438
2.09639
11.7626
1.4978
1.18077
0.796272
7.15416
3.00516
0
16.3281
0.377332
19.8966
0.701348
1.52692
35.651
12.0744
0.6554
1.54357
22.4406
17.2781
1.13707
11.9625
3.44337
1.22115
0.721064
1.36629
0.0305615
6.13921
2.95498
19.931
19.9861
8.25879
1.73707
7.80111
3.42835
5.30201
15.821
3.43204
0
0.00153331
0.0240041
2.75499
0.914564
0.0530625
9.77804
1.62041
25.4957
0
0.691242
1.77196
0.705924
1.27748
10.7366
1.60994
0.0757192
12.755
13.5325
1.65065
6.83953
2.22893
0.959064
1.67041
21.6608
15.3895
8.06757
5.94707
0
0
9.52407
6.2368
1.39459
0
9.32768
0
0
0.837843
0.168027
0
0
0.00110035
4.3957
0.0653642
2.69004
0.00178522
50.5291
1.96285
0.67268
0.968504
15.9178
1.28513
2.73455
37.4807
2.58561e-05
6.69231
25.3326
3.51882
0.716712
35.7267
1.61949
0.106646
3.09181
0.0841167
1.64229e-05
0.429976
1.76104e-05
0.558298
8.82914
0.879262
2.63848
0
1.44567
1.10718
12.0985
0.401659
0.0953858
0.0118126
0.151807
2.39877
0.0266267
0.658556
17.9388
0
9.92678
0.130882
0.91571
7.98078
0.098248
0.0363911
4.7139
2.99174
0.0888154
0.0002139
9.05766
5.24967
2.11315
30.8672
9.43071
8.62768
0
1.11211
0.0710512
1.48136e-05
0
1.68399
0.863049
1.23091
0.302186
33.4005
12.7974
1.18324
1.13752
0.370482
0.365176
0.442526
0.201111
7.03367
0.438715
0.0331473
0.216778
0.685029
0.883652
0.431885
0.288783
0.000591038
0.289934
0
0
4.29775e-07
0.516848
1.66735
1.74073e-06
0.50245
0
0
0
0
0
0
0
20.04
1.31416e-06
2.47941
13.8562
1.70257
0
28.2227
1.10741
7.24726
0.711268
0.307054
0.765117
0.0942475
1.66917
0.10946
0.0117039
0
0.538207
0.0798506
0.00252236
0.836349
6.98344
0
2.28477
19.4619
0.269717
0.128848
13.0817
0.21631
0.0024537
0.0308604
1.04685e-07
4.12692
0
0.322942
0
0.722922
0
0.244944
7.43667
0
0.485059
13.6484
0.684131
0.178491
0.457739
0.0152591
0
0.117811
0
4.7054
0.273624
15.7329
0.773948
0.291691
0
0.00318518
0
0.0807192
0
0
0
17.8943
0
15.3437
2.87669
7.62765
14.7115
0
8.61377
14.6132
19.3337
1.12039
0
4.77532
0.010802
22.026
0.954078
0.0268115
3.15259
0.00529651
0
16.3792
20.6638
0
0
6.93214
5.19531
7.4109
6.41312
4.74892
11.0584
13.4254
31.0235
0
4.35602
13.5861
0
14.2838
18.0784
18.2824
10.7689
6.84698
3.95676
8.73896
15.389
10.6586
12.4285
13.3426
9.14287
7.43739
0.247942
4.93875
7.1019
0.027875
0.000101229
0.22094
0.00756773
6.10928
6.13742
6.90189
0
2.29134
0.000100163
0.000972119
0.56776
2.82208
2.33813
5.12545
2.07136
0.988958
3.2696
6.58705
4.22027
8.69325
0.0297313
0.202276
5.67165
5.44022
3.13418
1.41524
0.909327
0.600659
6.76599
0.56479
1.02344
0
0
0.366808
0.036736
0.0815258
0.0742583
0
0
0.00691681
0
0.0107437
0
0.215817
1.18978
0
0.145064
0.0147608
0.80085
0
0
0
0
0
0.303598
0.043884
2.38964
0.0392784
0.937166
0.00365163
0
0
21.2514
0
1.71746
0
0
9.1782e-08
37.4975
0
0.00308075
0
0
0
24.8239
0
1.13745
0.844166
0
0
2.23334
1.18939
5.78657
0
0.759395
0
5.63745
4.41623
0.934792
4.40441
4.3992
4.1103
3.41479
5.75443
3.57605
2.43346
10.3181
9.79807
4.69838
9.96385
1.96224e-05
0.00139641
12.522
10.6004
9.43964
9.12184
11.0995
6.99278
5.89263
5.4195
16.4317
23.8559
6.23342
10.4635
8.25516
7.28214
15.7297
16.8607
0
15.1575
0
13.4763
12.9956
9.26917
12.1319
4.8203
12.4105
11.6681
6.24023
1.17426
9.22661
11.8397
6.37292
10.8678
17.0497
16.3672
24.6013
9.35151
5.70017
9.91123
7.94252
6.40175
0
4.42577
9.84704
10.4884
0.147618
7.02328
5.90632
0.742343
3.31862
1.85168
0.0111356
2.01588
3.05774
4.06436
2.44538
11.4966
0.935877
0.00617077
1.86559
1.05465
1.54138
0.0244625
20.7781
0.686118
0.328699
0.181489
13.9995
0
0.339812
0.956283
3.97461
0.976826
0
0.000836377
0
1.0964
1.94154e-06
1.8006
5.2128
1.0611
3.35017
2.9593
11.2362
5.62165
25.8175
11.705
3.68219
20.5839
7.13453
7.74952
14.9296
11.211
26.2949
18.7314
10.6412
13.4498
0
14.1968
18.3397
9.79843
0
25.1279
0
12.1621
7.59678
1.19237
5.53509
6.04202
12.6939
1.3193
21.4662
0
0
9.01486
3.97761
3.84926
0.00558794
0.114367
2.48695
1.00328
1.37005
3.35954
0
1.81586
25.9598
0.930681
0
0
0
0
0
0
0.00705891
10.7429
0.160245
0
0.783408
0
23.3413
21.3618
0
0.00176374
7.08673
7.40166
0
7.02308
0
1.85858
0
0
1.39735
0.0753478
0.0735557
22.5583
3.36238
16.2393
0.0282466
3.0978
0.382862
0
0
11.2453
1.08703
0
1.11885e-05
17.1394
0.76337
12.28
21.2102
25.0856
11.9399
11.2015
21.5062
2.61017
7.12334
10.2456
2.91059
3.28187
14.7336
0.331136
0.0212867
6.05289
4.13194
4.23239
1.33054
31.0485
0.792687
1.41118
1.87121
27.6782
18.9043
8.65702
1.17764
5.23468
10.6079
7.06894
6.56951
10.6278
1.22064
0.911458
0.19447
7.76949e-06
0.0118299
0.00352784
8.76447
29.2865
31.4607
11.8143
0.550779
11.3327
14.8911
0.733527
15.9888
4.64584
30.4955
2.85281
2.46047
3.67432
36.593
26.8924
3.4249
18.9149
29.1456
0.00156373
0
0.102375
0.0423206
3.52168e-05
0
0.00488127
3.41048
5.02454
7.55966
21.1951
0.363904
38.3122
0
0.0826347
0.125314
0.509274
0.0788756
0.557022
0.93858
0.0205523
4.57766
0.104282
1.54891
24.3001
1.35979
8.25149
1.1756
4.74166
0
0
6.11865
9.91116
0
3.90627
3.28426
6.57443
0
35.4874
24.5063
0.223447
7.13874
12.6797
4.96662e-07
1.18872
2.57086
0.154855
0.735928
0.000287883
24.5822
0.00117606
63.8356
50.3727
17.6516
0
0
0
0
0
12.8011
6.7477
23.0259
0.204624
10.8553
14.3874
13.4302
5.58127
5.18742
0.405538
10.2449
0.652329
0.609089
0.711512
0.173383
0.00795446
3.56754
0
0
4.33045e-07
0
0
3.12093
0
0
0.630527
0
2.65236
0.0709703
0
0
10.4379
0
0
0
0
0.2662
5.06069
25.1657
0
2.69781
4.18741
0
0
0.552461
0
11.5476
5.85526
10.5818
4.06968
8.2268
4.13897
6.1396
3.99227
5.88316
32.0073
22.7542
4.46244
47.4577
30.5464
43.8015
19.6126
10.2849
19.9063
19.969
14.058
17.5306
16.5551
14.286
16.0158
5.08333
6.7152
5.46521
7.11002
8.37616
9.64311
8.48854
9.45713
7.51764
6.88553
9.15804
14.2627
6.15472
0.581036
0.322046
0.252295
1.25578
0
0
0
0
21.3975
15.0922
0.0329239
6.17548
3.99089
3.99564
0.795689
0.000200955
5.38886
4.66366e-05
10.0521
3.81047
0.617146
0
3.47987
14.8795
0
12.7699
16.2545
21.373
14.0311
0.509127
21.7458
0
15.291
29.6416
9.42825
46.2022
9.75491
8.71725
6.2365
4.00432
4.21354
11.9184
22.6677
34.9233
18.5748
2.06505
12.509
0.698987
9.35579
9.02981
7.7549
16.8665
7.29831
20.0708
22.3628
21.9278
16.5031
18.8343
20.2587
22.6315
33.1995
20.831
23.0789
18.7391
21.9316
0.0418375
0.0587523
0
1.46927
1.36267
5.47364
3.55367
3.0983
4.63441
8.66314
21.7553
21.6848
19.2601
4.22101
15.2118
11.7893
9.99015
3.21973
1.82447
3.72662
7.85074
4.47413
10.5081
9.20769
5.59567
4.61195
3.47222
3.44831
2.06751
6.2265
20.6708
2.40306
11.9243
6.36939
9.95495
7.35355
17.603
17.2034
12.8579
3.87718
29.5177
7.13869
2.63571
0
1.37379
0.786589
6.68356
4.45196
5.05977
11.0052
0
10.0954
15.1665
25.3295
20.7517
11.2951
15.312
21.39
32.8117
0
0
1.18466e-06
45.8914
28.784
29.5243
3.02365
47.9132
4.14375
12.1973
0
4.31804
0.78905
8.98463
46.8154
1.05502
6.1921
52.5048
35.9746
15.7327
10.8029
0.028644
34.1054
9.19212
22.9912
13.5304
10.2168
22.0569
25.3284
35.0591
33.3487
9.86395
14.4869
13.446
12.2491
12.8349
13.4288
11.3115
21.4825
16.051
10.2685
16.6944
6.9572
19.4813
5.09666
19.4356
14.1257
9.56182
17.0876
27.1665
19.7911
17.4176
0
10.7725
0
11.2202
6.64688
16.2384
11.8003
7.74017
11.1006
17.4606
13.0524
13.8454
7.88595
11.3118
10.7381
5.35546
17.0848
11.7245
5.48436
10.6323
8.60562
7.27432
4.92148
3.61874
7.77992
0.126028
8.86427
5.67001
13.0305
5.00005
13.6079
0
7.62952e-08
0.837126
7.38265
20.3562
9.58827
1.82681
6.96161
19.0257
9.11686
16.6534
5.35544
16.7259
15.9696
23.07
2.70197
2.2704
0.500236
5.01319
14.5254
0.000243433
0.0487378
2.74619
1.61484
1.6755
0.877395
1.99291
0.187374
0
7.59453
0.64832
0.767978
0.259583
11.0754
1.06032
0.789782
1.77725
0.0951475
0.11855
0
0
0
0.755448
1.91733
0.0235269
0
0
0
0.609404
6.22008
1.59275
0.232831
6.88231e-06
0
15.8884
0
0
2.09336
0
0.206597
0
5.01682
0.987325
11.2331
0.0150914
6.23117
0.213839
12.0302
0.514515
0.341327
14.0194
0.915709
15.6224
6.73662
19.2475
0
29.5726
0.00190971
1.20533
1.11531
0.00237251
9.05093
22.8884
1.84644
3.22789e-06
16.8645
0.209519
0
4.21973
0
4.70546
0
4.18871
0.0149887
2.16898
0.9826
5.13171
0
9.5705
2.63831
0
3.48672
9.39905
0.508155
7.61638
1.03317
8.40136
15.8197
17.9084
11.7594
0
0.825369
1.99862e-08
13.3514
8.22731
0
0.377774
0.942071
0.189771
0.0628754
1.22679e-05
0.0121873
0
0
0
3.2572
0
1.22664
0
0.513736
0.937021
0.278864
0.000979053
0.757642
0.00193949
4.50465e-05
2.53326
0
0
0
0
0
0
2.03212
25.7842
25.0259
28.3626
18.6918
17.5481
5.59552
5.49489
0
0
0
1.08445
12.8792
1.16621
1.50694
0.00642136
0.188848
25.1164
37.923
40.0847
8.56497
12.7215
8.29423
19.9994
16.9555
6.18603
3.88125
7.98037
2.81635
9.52494
6.90505
2.46885
18.8076
7.62802
7.78268
24.7657
0.706451
12.3262
0.513859
19.9664
0.17655
28.6599
24.6255
0.174576
0.343647
0.0466686
0.809242
0
1.39246
0
2.5522
0
0
0
20.4159
0
14.186
0.83131
20.9285
2.02712
1.59598
12.7424
30.9426
20.6484
2.40122
0.0191913
12.0395
27.0709
19.9258
28.483
31.002
34.8452
32.6691
0
26.3053
0.24583
22.4379
15.6206
21.0259
14.0013
1.02426
26.9782
10.4875
26.4492
9.25662
21.466
32.1735
13.5875
3.52059
21.2091
14.0406
21.4913
18.7774
0.13505
3.23119
33.1068
1.93468
1.7491
40.7279
0.00316882
23.0502
1.65856
0.0145044
1.62177
0.100421
3.86776
0.288299
35.0158
49.5328
18.0581
11.9026
5.53116
13.3058
7.05299
3.61282
2.23623e-07
0.0488908
3.52737
15.1861
16.988
20.9538
28.0163
22.6074
15.2839
7.56401
22.2192
13.9485
5.14046
21.5683
0
0
0
12.6469
0.256812
6.06663
25.1225
1.62888
0.465252
1.20583
1.3926
0.526331
0.420341
1.48795
0.393093
0
3.48037e-07
0.70479
8.80475
0.847362
0.392596
7.74155
7.64367
1.13286
22.1084
0.727211
1.65761
0.903745
6.1313
4.45265e-05
0
2.33362
0
0.00076104
0
0.555504
1.17464
0
0
0
2.94726e-08
0.149113
0.338263
3.36606e-05
0.52907
0.268284
0.264845
0.0433312
2.54129
8.51822
4.26186
7.39032
0.000408932
1.4048
12.9993
0
0.0472076
0
2.11914e-06
19.6863
3.25778e-07
27.8138
14.5115
21.3415
8.41202
17.6967
5.33211
10.6965
1.83323
5.949
9.6311
0.582471
16.2415
13.426
2.60418
0.0530839
5.55569
0
8.07672
13.4184
28.1178
11.7292
17.8876
27.5535
2.34201
18.83
8.16494
22.0102
8.275
0.876582
12.8271
0.25994
23.4042
10.9446
2.03505
10.053
5.68555
5.9374
0.0721202
0
2.49659
2.59089
1.84452
1.63413
5.60438
0.241795
9.97295
6.82817
29.9734
19.0067
26.5987
28.4577
13.4492
8.77727
15.6211
26.3634
27.8974
26.8147
7.61058
11.5165
15.9201
0.0463121
8.8113
10.1494
20.4717
11.3015
12.245
8.84511
8.2776
7.18812
13.3017
23.7821
13.0143
10.991
12.3668
10.4566
8.0888
25.0616
13.5627
13.7685
17.8695
0.0554693
7.42801
5.4618
4.92131
4.85331
18.2432
7.6601e-05
14.1774
20.9181
17.1285
0
0
18.7537
5.99139
13.9955
15.2465
4.56407
14.4693
13.7491
2.60566
18.9055
29.4163
8.29546
2.48404
19.5651
26.5628
38.719
12.3615
47.2968
14.303
41.6491
17.6141
36.9495
25.432
0.626758
21.3134
27.512
17.1811
16.1836
27.3024
24.3911
47.7581
27.1623
0.0834819
50.9631
21.3892
33.5849
1.1635
7.11335
16.4332
20.3469
25.0478
10.432
22.5406
18.2128
2.28333
0
5.48169
1.01514
23.7614
0.650922
18.8734
23.5402
36.154
30.426
26.2007
0.0043742
22.4733
0
16.3526
21.7526
17.1674
26.5287
11.1684
37.1578
48.1003
10.495
25.2614
16.3269
19.3479
26.129
0.00148518
14.9753
8.15758
27.8682
0
11.2441
6.9581
10.8224
8.01066
2.52236
19.3522
14.8351
8.85007e-05
8.76191
9.82488
7.45369
11.2768
20.7886
1.16031e-06
13.4972
10.713
3.97172
8.25936
0.871241
0
1.21145
0.552121
11.0939
1.99575
15.7239
15.8425
13.6309
14.6245
1.33202
10.4815
41.4546
0
2.97349
4.74396
10.5694
0.40834
17.2861
11.0608
4.88932
9.04851
8.90225
13.0114
5.81092
14.0798
14.043
10.6929
11.4702
12.9767
15.9735
12.7407
4.68997
16.9412
30.9907
0
16.1122
14.0658
26.5476
3.62361
0.93773
22.2525
13.2875
35.0278
18.4937
13.7023
26.144
7.5149
15.9951
11.3907
15.1869
12.2477
4.06677
15.2999
26.2342
30.7509
7.97628
1.02987
3.35702
26.5
15.667
53.5762
0.600328
0.848952
21.6165
4.71714
8.76816
6.41092
0.00779202
11.5339
0.638879
10.9124
13.445
8.47629
0.189223
3.09404
14.299
9.70348
5.51991
20.7934
5.11621
4.51855
0.283871
5.45172
16.2495
2.59863
11.8091
15.6528
5.82143
13.1949
4.983
16.755
4.28342
4.94757
18.9487
11.3407
9.46985
11.5093
2.92227
7.29774
0
3.76828
0.291386
10.4941
1.16337
0.156397
8.74057
2.49435
0.482533
12.3077
0
10.8566
0.237122
6.1299
0.00467825
2.03107e-05
8.28521
0.00383186
0.0955691
0
0.0159355
0.0183402
7.67766
6.39153
23.1547
15.0175
13.5928
6.07065
8.04987
1.21106
5.34988
2.14349
11.1995
5.04951
0.82367
12.848
24.0236
0.00160404
5.04943
0.362194
3.15712
2.93538
0.985771
2.03118
0.878878
1.19211
15.98
2.11909e-05
0.00126782
4.32596e-07
0.68728
1.61277
7.15707
10.8422
6.55979
0
2.58367
12.2053
12.79
14.6906
14.3051
11.3832
10.7216
5.02086
6.90616
29.8445
9.70776
0
9.98847
9.83922
10.1686
10.2504
0.998531
8.04292
9.04791
17.4819
0.465377
7.12914
7.16677
74.391
5.20694
15.1543
7.11036
120.35
8.6165
7.59239
8.00707
2.1419
6.38283
5.53468
6.68561
42.4427
3.1533
7.20611
8.69175
4.73843
7.31749
20.0172
21.6113
7.1784
0.993519
0
12.4547
14.7555
0.00809618
0
0.12523
5.18391e-09
7.6402
0.941147
0
0
0.0806512
1.01025
0.0195934
0
7.63435
0
4.92439
11.4288
0
0
7.02715
1.51194
12.6059
0.0250168
2.92764
1.61907
6.56928e-05
1.30174
0.00500878
3.6338
0
2.50455
16.4679
7.22032
0
0
1.42257
0.0360033
0
0
0
15.0919
3.97605
11.8346
0.679523
8.55485
0.149241
22.9762
4.04029
12.5799
7.35314
12.5454
5.28825
13.0017
4.15422
4.01881
1.50565
5.73686
7.51919
1.96966
2.19214
7.69678
32.8292
28.2768
26.917
7.59053
1.17883
3.50526
0
2.07475
11.0574
9.4135
9.73228
6.32993
3.88825
4.84304
24.0582
0
15.1257
15.4202
20.4466
17.8595
19.3509
6.63675
14.836
11.4627
8.65809
16.3742
24.0864
19.3325
28.7448
7.10718
13.4285
2.57794
17.0324
10.3904
3.89751
0
0
5.40682
11.8248
4.06978
0
2.56602
17.9041
24.2493
4.11956
9.53067
6.69771
6.8774
20.2258
9.44331
6.41026
0
0.0428276
8.92371
13.3691
45.591
6.54989
25.7861
16.5345
8.23161
13.189
0
1.49378
4.57076
9.7209
27.1549
5.80122
5.16676
0.614953
12.7297
9.43174
0.990922
14.7561
0.793265
6.158
1.33019
32.6811
26.8044
7.37196
0.00973205
15.5593
29.7314
0
0.137983
0.53529
0.0180282
0
7.33724e-05
15.6719
2.62052
7.44094
0
0.0200339
1.22705
4.93256
1.3082
5.7441
1.42735
0.157658
9.83603
1.17554
0.579188
2.23143
7.06537
0.925194
1.47133
0.876846
0.00998323
0.00641195
1.45957e-06
0.000785621
0.0634633
1.81229
1.37737
3.92275
5.34105
3.05715
0.00756616
0.539373
0.0431771
13.9264
4.68093
9.37919
33.9063
10.7166
4.70491
6.87813
24.3221
17.4814
8.82557
19.6465
0.299098
1.08996
5.65457
0.192384
16.6948
12.2987
5.56113
3.85797
2.83024
0.461656
2.07132
1.53754
19.7913
0
0
0.00659983
1.92793e-06
1.77727e-06
2.95043e-06
0.06161
0.749238
0.0650461
0.377845
1.73124
4.03376
2.31433e-05
4.8155
0.0995351
2.14634
0
20.3774
5.59805
8.74918
7.02165
26.4614
22.6415
17.0004
3.91351
7.82115
23.6217
11.6499
2.68828
11.4762
33.6903
1.3552
1.31139
10.9057
2.03466
30.2845
19.4674
13.5722
20.2944
10.0229
1.48899
7.83315
0
2.49633
0
10.6604
0.917502
0
31.599
19.2701
0
18.2666
4.40332
10.6074
14.326
1.28145
11.3084
12.6482
28.0651
12.5355
21.5107
17.4005
5.85763
13.4469
10.5438
1.21034
1.73144
1.08689e-05
13.7281
0.419833
0.136428
0.165046
1.42624
1.48449
0.722404
1.69893
0.112578
0.861608
1.62823
0.471937
0.0159149
1.33598
5.54661
0.903257
0.493943
1.71032
0.0698901
0
0
0
0.747238
1.45574
0.0184238
0
0
0
0.503319
1.28606
0.516146
1.42784e-07
10.6233
0.16936
10.7835
6.43854
3.13962
3.1745
2.60437
0
1.86847
0
8.9066
0
2.95855
5.57967
12.8544
0.342994
3.22702
24.553
5.71582
15.7892
8.86118
8.99158
19.1195
1.1607
15.0729
13.9681
1.03423
0.0275354
7.28605
6.60733e-06
2.32919
22.0756
0
1.9469
0.880222
28.0013
0
0
0.483016
0.00788568
13.6512
1.367
0
0
0
15.2615
54.154
27.0834
37.0469
1.54331
19.9658
14.2622
1.43515
12.0761
7.14545
19.1177
11.314
0
0
33.8135
0.528455
0.232401
0.884739
0.010418
0.225751
1.27236e-05
25.8911
0.00017514
2.36191
13.7808
0.358979
0.448483
0.837452
0.0746427
12.3889
24.5703
0.000917955
0.131354
0
0
0
0
16.5719
0.785282
1.24969
7.07006
0
0.000238729
4.43397
0
0
0
4.60893
4.40312
0
0.0470274
0.000935953
4.79518e-05
17.0189
0.000186486
0
0
11.2865
0
0.830937
6.54715e-05
0.755655
0.169902
0
0.00800619
0
0.533295
0
20.2699
0
0
31.2453
0
0.0701369
0.000197592
0
0
0
0
0
0
0
0.00514924
0.795403
0
13.2011
0
1.73039
0.854037
0
0
1.04395
8.62854
0
0.746858
0
0
5.50396
26.1555
3.37886
3.8243
1.67609
0
2.13774
16.4562
3.95952
2.64832
0.000180274
2.35613
2.14032
26.4411
2.90589
0.000429809
0.0533485
1.72702
0.000239896
0
0.869865
0
0.122251
2.27749
2.22769
0.544461
4.17694
0
8.09209
1.0072
0.21439
3.12768
0.0239275
3.75239
12.8583
6.20773
0.966078
10.2354
19.8349
0.731597
1.4489
0.817598
0.226252
49.9251
2.13698
3.47592e-06
5.08891
0
0.000145316
2.289
22.9341
0.272067
1.20269
29.8099
0
5.78661e-06
0.948699
0.729759
0.773568
0.951039
0
2.575
0.0791053
2.96877
2.56964
1.92598
0.792288
16.6482
5.92454
0
1.47983e-05
1.82907
0.920788
0.204086
21.5955
8.65811
2.37215
0.00625108
11.1629
9.21844
11.1576
17.2897
0
15.641
11.0066
28.6162
13.6242
1.59286
7.86124e-05
11.1826
1.01684
23.1159
3.66339
1.6437
10.9828
0.528291
0.0799355
0.763551
1.4343
16.5152
0.0982336
0.0661983
19.3203
19.442
0.20105
13.8406
3.86548
7.82665
7.9634
0.512406
15.2923
14.6074
0.00646355
7.31324
18.5973
9.58136
1.17001
7.17153
34.5513
11.8983
18.6916
13.4244
22.6795
19.5658
26.4283
33.977
1.34404
14.6365
0.324131
3.29173
15.1398
11.6943
7.76431
0.0857065
1.88291
0.943651
1.05015
0.539443
1.00652
0.0117415
0.66227
0.333967
2.00111
3.14525
0.195412
0
0.000477087
0
2.3183
0.867617
0.0124604
8.42962
34.4
0.990912
1.04358e-06
3.13105
9.62596
0.00849603
1.93905
8.32654
9.45563
26.245
12.004
24.8246
8.70454e-05
2.62044
0
0
29.4189
0.845919
0.797304
13.4594
0.327745
1.16983
20.1823
2.12222
0.045884
0.0306
2.00877
23.5251
0.543643
0.238049
10.1659
1.33984
2.70774
24.5312
14.0955
9.63993
15.7361
7.88946
6.3518
3.37398
4.50878
7.18267
5.83275
4.16344
4.49108
3.17207
1.88778
24.9712
0.031273
14.4213
9.18172
0.798719
12.9919
16.7611
9.10555
6.11151
0.00428956
0.481743
0.166358
0.93034
0.00438233
0.670584
0
0.11452
0.0292625
0.00104138
0.457553
0
10.2055
8.58912
0
36.7729
7.17327
4.21787
9.93626
6.74406
6.87689
0.825382
27.8835
2.99192
6.5739
7.9165
6.04538
8.25395
5.43852
17.195
6.40285
8.90225
7.7899
24.7393
8.34101
5.81329
7.82218
6.81493
2.18193
0.984387
0
7.44975e-08
0.37466
0.160313
0.518711
0.263817
17.6541
0
0
33.5071
13.1593
13.0329
10.5788
13.7571
5.74987
0.445344
1.44901
0.146119
0
2.44146e-05
23.852
0.00394374
0.0211374
0.337914
41.3232
35.4779
4.24292
3.07217
2.61111
2.82556
0.011805
0.0400871
0.253305
1.49623
3.83857e-08
0.284376
0.985505
0.999884
0.0147029
0
7.71275
1.42546
1.48421e-06
1.99904
8.35093
2.30318
11.8666
9.00587
1.60352
5.51185
0.205785
0.662879
0.827304
0.82643
5.32822
0.00277998
0.2186
0
22.1939
1.57356
1.52758
22.1187
0.245836
11.6379
0.0208725
2.33063
13.0961
