8.33073
1.26422
2.51913
0.0179362
1.23715
9.96581
0.00411754
6.14029
5.85201
2.20941
7.54365
0.881917
0
1.02372
11.3854
0.0891612
2.83431
20.3117
14.7649
4.35718
5.99903
0
0.153428
0.969815
0.739755
1.45005
3.515
1.37743
26.1724
0.00462781
1.02114
0.68408
0.667736
1.37725
0.0455746
0
0.347986
3.91685
3.13525
2.77952
2.64065
13.9537
0.381545
4.06433
0.21626
0.0598633
1.73308
0
0
0
0.899057
0.66169
6.34467
2.27065
2.93278
0.719706
15.3342
4.46516
0.371261
4.44806e-06
6.55827
0.00362803
9.96402
0.682614
13.0116
0
3.13773
1.05978
1.41494
1.64552
9.86262
0.000132404
0
0
0.136572
1.05771
7.07545
1.66563
0.120483
1.13572
0.0053116
1.07159
0
0
13.089
2.91717
1.0855
3.20829
2.36911
2.57384
14.5246
7.77593
0.0394912
1.46218
2.48527
4.73284
4.96536
4.08585
3.12185
1.03568
2.05309
4.80905
2.17477
3.24664
5.48777
2.63069
1.3221
1.91539
0.0545048
3.30544
3.10516
0.767352
1.26096
2.07167
0.911325
1.83539
1.23682
3.66092
2.28371
2.69979
2.50608
1.186
3.17549
4.16041
0
0.687783
1.52041
0
0
0.0176146
0.58183
0.70423
9.49319e-08
0.937221
1.02801
1.95327
5.13351
0.348004
1.31922
0.338911
0.680877
0.882802
0.126013
1.55636
1.63449
0.513432
0
0
7.46808
26.9215
1.85048
0.52958
0.0195226
0.22779
2.99491
5.37905
8.7807
15.3925
8.50725
0.316586
4.01484
9.51764
1.05323
0.882606
1.74978
0.00319784
1.04794
2.54546
0.989789
0.970815
2.06223
1.98598
2.17236
0.0433094
0.153873
5.75731e-07
0.000345608
0.0316393
0.361753
0.0154799
0.0216343
9.90541
0.0239136
0
5.04537
2.76884
11.8826
2.71881
12.2132
34.3315
12.9927
10.5315
6.24471
13.4295
2.71435
0
2.91628
5.15302
2.63749
3.0892
13.1383
42.6378
15.2763
22.5355
6.28624
2.19928
9.56924
0.449837
37.7279
6.02855
23.0185
21.6057
2.43407
21.5353
17.9555
25.0595
6.00544
27.9836
15.7006
5.41527
1.06274e-05
6.47321
16.2706
0.444855
15.367
10.1342
11.5742
10.2477
11.5314
0.249914
1.73425
4.47611
17.8207
2.44465
5.03439
1.78296
0.845322
2.1516
2.16681
4.70843
3.10515
4.15589
1.44249
1.60817
1.29056
4.41322
1.01691
0.00443313
0.403064
0
0.00496127
0.16466
0.657334
0.0320421
0.149701
0.997971
0
2.38224
1.04178
0.799953
1.30425
0.923131
1.83724
1.79122
4.65965e-06
1.39581e-05
0
0.104797
0.81141
0.0036103
4.01198
0.0287157
1.86402
0.136235
0.226789
1.89902
0.225017
0.601769
3.29194
0.0516915
7.54925
0.0189577
0.710091
0.221907
0.0175755
0.154722
0.252999
0.0988625
2.14754e-06
12.6091
0.75721
0.0688946
3.29142
0
2.36054
0.0094799
1.07094
7.05617
5.14734
2.40699
1.94463
1.33141
1.37855
2.90725
3.21067
12.6116
5.65348
0.686613
0.222574
1.32933
0.789681
0.437227
0.490845
1.9777
8.57521
14.259
22.0786
1.65815
5.15477
1.42269
0
0.738875
1.33244
1.04076
8.16708
3.79781
7.51106
0.226947
0.914585
0.0659771
0.543083
0.056027
0
0.21064
1.30864
1.98386
4.73389
2.76401
1.40988
0.0289322
34.4763
1.38848
8.65984
0.0598594
0.817765
1.5841
0.100601
4.87386
2.0903
0.972618
1.15901
0
8.04464
4.0782
1.28861e-05
0.617748
1.89034
1.80153
0.406731
0.123791
0.730423
1.04882
0.95265
3.72583
0.849485
3.92368e-06
0.00265264
0.0107859
0.988659
0.0743784
0.178298
0.465981
11.615
3.6815
1.53093
1.36283
4.2399e-07
2.95965
2.66264
2.17006
4.02517
0.0893171
0.0378421
5.06077
11.5396
2.8138
0.0756267
1.31869
2.18634
3.89502
3.97329
2.81545
4.34745
1.87118
0.304193
11.0471
3.84058
6.05929
4.20002
15.9551
8.98011
22.2475
9.41418
8.53465
8.60555
6.48035
7.26676
8.51143
6.02091
0.096612
5.70307
2.11526
4.23949
8.66505
1.03821
7.57645
38.6917
11.9949
4.79019
1.76003
0.714148
1.70556
2.33034
0.590932
4.7545
6.68703
11.6864
4.18364
6.07758
4.86044
3.528
3.81184
7.95528
5.16673
6.95366
7.12881
4.32471
0.156605
1.73731
3.78256
1.99145
1.04366
7.76916
7.06844
9.33589
5.32123e-06
0.745567
0
3.28567
1.19308
3.10307
2.41864
12.2213
6.97878
8.60922
7.43946
13.0608
6.23335
6.70452
4.74272
1.01919
0.00703723
0
1.86208e-05
0.848822
0.981505
3.83664
2.54491
1.67966
1.03697
0.311504
0.62286
1.25033
1.29071e-07
1.00426
0.00509366
1.81126
4.15667
5.03479
2.99895
14.9725
4.16778
0.708141
7.02831
8.68859
2.82877
5.23011
9.18739
0.971169
10.1659
19.0166
25.009
4.4441
1.62589
0.912749
4.59186
0.0144642
0
0.00284768
0.000926657
7.2569
26.9609
9.18524
6.01896
15.4147
3.62374
1.94063
10.8157
0
6.62358
3.80022
4.51431
2.28342
4.63931
6.32843
10.4458
13.1223
5.00555
12.4978
2.54024
1.39849
4.53357
5.00565
0
0.00282161
11.2581
0.00147874
2.29867
0.40389
1.65447
1.72728
10.7682
0.868549
3.34709
0.889105
1.48079
1.48973
0.10294
1.96358
8.5881
2.33315
0
2.68014
10.5709
1.27984
5.26694e-05
2.35423
0.631338
1.60713
2.71671
10.1336
7.92977
0
9.08152
0.234914
7.04823
16.3037
8.89184
7.92346
13.1567
6.12186
2.01726
0.972534
12.5085
7.06476e-05
0.0344792
4.63889
0.170905
1.3201
2.83016
3.08958
8.67081
0
1.41354
1.63728
0.821577
0.106782
7.96902
29.2448
0.357917
0
0.444408
0.312936
2.62528
4.51368
2.08679
12.4606
0.0331559
2.90934
2.52676
0.154865
1.74591
3.59271
1.98202
7.14283
4.89321
26.1236
0.426435
1.0968
31.6628
7.75947
6.83152
4.36579
0.197742
10.1447
11.0326
0.00417715
1.37794
0
1.23873
0.290798
0.261303
20.1681
4.75798
1.32257
0.31502
1.00475
0.861694
0.317627
0.0608073
2.29814
1.68297
1.17406
1.47504
1.94687
0.00189492
0.380023
0.458803
0.336377
0.0213409
0.00780761
0.430116
0.701134
2.64082
9.39991
0.00554557
26.4216
6.59788
2.15861
0
3.60698
1.23021
4.62964
2.18647
0.000675564
0.00944938
0
0.131479
18.0959
16.717
0.805168
9.53689
0.00839325
3.04293
8.19586
6.45583
6.49134
0.0585911
0
1.43332
0
0.0145566
0
1.02579
0
10.2379
17.1068
3.94423
16.5745
5.2602
1.53394
4.81864
3.08287
16.046
14.4176
1.10826
0.154123
0.11196
7.10067
12.9538
2.89843
0
9.71147
5.16626
0.972986
2.44669
0.221933
0.357724
1.56881
4.73174
0.963234
8.90181
8.19368
4.91914
6.6503
1.15506
2.55359
0.192073
0.158302
0.188153
0
0
0
0.157271
5.84783e-07
10.6891
1.77851
2.57445
4.42342
3.38766e-09
8.96089
1.79142
1.02406
2.08393
3.90466
11.453
3.58531
6.16379
1.71317
5.29841
9.55621
10.9852
9.24214
13.2013
17.0997
0
1.11376
24.133
1.49321
0
2.56052
3.25496e-08
14.1079
32.2198
3.8558
8.04201
33.6799
3.2307
6.68991
0.421304
0
5.04535
11.7025
0.0314914
0.825591
0.693873
1.44334
14.0536
0.640998
0
0.0166698
0.415889
0.976836
0.509747
0.494811
2.4749
2.95193
2.59567
0
0
0.0137219
2.26734
0.379025
0
4.21656
12.2321
0.0948186
12.8093
0.582887
5.31729
8.90202
1.12213
16.793
0.842315
2.35189
3.48344
1.17479
0.757136
9.68091e-08
0
0.000262094
0.701845
0
0
0
1.16227
3.91654
1.15023
24.0097
5.4175
7.26852
5.45727
0.869062
1.26677
0.669263
0.123118
7.46152
0.347196
3.85132
7.07582
3.72315
4.22991
4.41034
1.09786
0
6.22685
0.882602
5.69319
0.00202319
0.145645
0.270325
2.29633
5.1879
2.05082
3.80791
4.53383
10.7922
1.04231
0.000288043
0.13581
2.30106
0.874721
0.000277852
1.90641
0.0117042
1.45062e-05
2.27823
1.52523
1.39248
0.426685
2.38698
7.17491
6.12954
2.18751
3.55393
2.98843
4.25414
0
2.023
3.01723
16.1041
1.64871
0.250359
1.63675
0.829065
0.111648
3.32273
14.6262
0.339124
8.76067
1.32313
7.11294
3.95686
1.41089
0.00604836
3.58816
0.195801
0.0472305
3.23625
1.4834e-05
0.0454681
4.56077
0.86303
0.410018
0
1.3576
0.294681
0.000811714
1.22838
3.20877
4.04182
0
0.0168508
8.89306
0.282974
10.4856
1.34343
2.25574
0.268395
0.00738099
0.00175626
0.663194
0.853376
0.470875
0
3.36603
4.94001
5.93886
1.57005
1.97724
10.1481
9.3919
1.93817
2.22652
0.0491168
8.72751
0.0226836
4.34076
6.94239
3.3904
4.90544
2.2232
13.582
3.50367
7.24806
1.42976
0.0582565
3.10882
1.67271
0.0393936
4.46236
2.42706
5.77018
1.82984
5.75072
10.7404
3.60223e-06
3.2309
0.939736
0.427733
0.0172003
0.305041
0.890368
8.59969
2.28962
4.52791
1.37131
0.922119
0.150269
0.995049
3.84696
4.19229
0
9.27193
8.0973
1.96553
0.0919847
4.36006e-06
1.20501e-06
12.7935
1.99015
10.1333
9.53936
0
0
12.333
0
0
9.52241
4.40802
4.67417
0.171183
4.27723
19.5279
0.605591
1.03306
1.91368
7.01969
0.020261
0
5.02508
0
0.00376837
0.0794886
3.89263
1.60272
3.0527
8.4541
6.08846e-07
0.865751
0.47884
3.79393e-07
14.2116
10.5045
1.3169
1.64116
4.43868
2.22864
5.14619
5.34982e-05
0.00143894
0.877202
0.410218
1.35689
0.0857796
0.848288
6.56215e-08
0
3.28083
0.00384889
5.70644
5.42858
0.45901
0.724843
0.400573
0.0702421
0.745887
0.971714
12.7876
1.61237
10.8261
5.17021
0
0.0950802
1.57639
0.485004
1.28701
0.149452
1.78099
0
0
1.26804
0.717378
0.0776199
0.00689987
2.80876
0.290341
0.162244
8.57748
0.446115
0.185592
0.000145708
15.1217
14.7234
4.58908
0.934017
0.233126
0.498936
0.132432
10.7074
0.960601
0.121587
5.59813
0.648199
0.0405195
0.109902
6.04247
11.2086
0.274342
0.204614
0.909061
0.462491
0.0721597
0
1.05312
13.1514
0
20.0306
0.010573
3.16485
0
9.83374
13.4905
1.03119
9.04026
0.0756206
1.59775
22.4891
4.01042
0.383253
0
0
7.28974
4.79481
4.48487
4.52703
0.702244
0.149878
2.27697
12.6506
14.6469
5.84597
8.39783
1.14844
12.9382
3.38774
1.03314
21.3577
11.5119
0.189948
0.791471
1.26134
4.89879
1.25359
0.00162003
8.68846
4.18801
0.0398078
2.96052
1.00221
0
8.81361
3.78913
6.97433
0.00463287
0.255309
1.94044
1.45919
2.81213
7.52143
6.60123
9.64346
7.86904
1.59323
0
0
0.0209441
5.36164
7.6669
3.78745
7.52036
4.21176
6.05108
4.13655
8.73863
9.86714
17.0608
17.1649
12.3254
3.37541
11.388
0
0.63316
0.000112888
0
0.0983819
0.587924
2.61676
0.658951
4.55475
0.0080823
3.14353
1.98561
14.366
11.9034
16.7947
1.7858
26.9584
9.0828
1.95792
0.823967
1.4985
5.07635
8.90074
0
2.35684
0.452067
0.796657
4.65296
4.25535
6.79271
0
0
1.25295
4.67808
7.6847
2.13178
0.0883774
3.11294
0.000413406
0.112165
6.17457e-07
0.0473589
0.954806
9.27168
0.0182004
7.48651
0
17.4874
3.32644
2.72922
0.258102
0.00450866
5.64988
5.58579
16.9468
5.43729
0.561029
0.000115707
7.51139
5.32077
2.32898e-06
0
7.91803
5.83683
6.45685
0
4.27608
4.12123
1.25372
2.39267
0
0
4.07825
0
9.48838e-08
1.01464
0
0
5.63666
0
2.09632
2.25362
0.620248
1.38406
1.25243
4.79618
4.54775
0.000196519
12.1173
0
2.36591
2.92814
0.00014937
2.09691
1.16647
2.97593
8.56248e-07
1.19178
0.0271497
22.3546
10.6247
1.80019
11.0732
2.31286e-07
5.77041
18.0323
8.16628
0.0204543
2.92119
3.69998
12.3809
3.26983
0.936332
1.21114
1.3875
2.51494
0.229858
1.69059
0
0.00439517
1.66246e-05
0.0601236
2.92811
0.018046
1.6722
0.801499
0.666142
0.653753
0.161732
1.22989
0.671223
0.546606
1.01428
0.0726507
5.0898
1.76693
0.636869
0
0.00949627
1.16203
0.0165524
1.45229e-05
0.0298046
0.00518456
13.2805
0.756415
0.0805074
1.66868
2.36228
1.16836
5.70722
10.072
0.873132
9.60237
16.4683
13.5792
30.0107
21.923
14.3197
19.662
1.42732e-06
2.99005
17.6809
12.9986
2.02583
14.7378
0.0118138
9.83454
4.49724
0
3.34293
0.0318456
0.479082
8.03111
0.801709
0.0307048
0
0.017808
1.99311e-05
0.00172508
0.0116993
0.176926
14.0382
0.488058
2.52647e-08
6.16113e-07
5.20483e-06
4.59465e-05
3.62694e-07
0
0.255899
0.0884194
9.65416e-07
4.38237
2.16274
12.6811
10.915
0.0139268
0.471361
8.60686
7.27025
0.119562
0.0890361
4.93588
0.931811
0.194329
4.51632
0.0209419
0.0517044
0
0.142342
2.19347
4.43615
0.0118921
0.736444
0.502614
0
1.5045
0.66619
2.29267
3.08554
0
2.56253
2.75616
4.91819
0
0
6.91544
0
0
0.346032
5.85809
19.2967
0.594809
0.00418499
8.7767
0.948771
10.2387
15.4229
1.7383
5.08673
0.680774
0.188326
0.00459632
2.81507
6.72303
2.73912
5.67218
5.25542e-06
1.31792
0.679551
0.588605
0.0014944
0.000251677
0.0843183
0.0156846
1.81316
0.0318848
0.0483076
5.08536
0.062249
6.27774
0
5.05543
0.762114
1.03644
2.07727
9.04734e-07
0.0782563
0.816073
6.45799
4.23065
2.76478
26.9776
6.23398
1.40882
0.784229
9.48383
12.0366
0
0.324461
0
0.818993
0
3.39712
9.63158
1.9599
3.49993
0.270246
9.69228
3.91208
3.7142
0.663619
2.22471
1.68091
0.00598048
0.978669
0.165414
0.000439937
2.52567
3.94237
0.000589245
2.21265e-07
3.63121
3.02412
4.12015
6.94498
0.229996
1.60915
1.77894
1.04298
0.281213
14.0913
0.314093
7.75951
2.86982
0.22436
20.4102
17.1371
0.0464521
2.16233
20.7306
17.848
3.00513
1.87401
0.610632
14.1014
7.33368
4.67156
0.0045093
3.82882
4.13119
1.37323
11.2597
3.16888
2.15661
1.01553
4.9717
3.71031
10.4488
4.65975
1.47113e-08
3.16529e-05
0.0381977
0.0377459
0.916745
0.000667454
3.35939
0.000211493
17.3061
0.0966207
1.48226
0.807176
1.60731
0.0439004
11.2366
0.0461558
1.58092
7.9568
7.20969
1.57963
11.7435
4.13372
1.29242
0.583094
11.1892
8.50644
14.2153
4.53559
0
0
3.1173
0.340219
0.430025
1.82644
0.775828
0.959575
1.16412
0.00756805
0.313507
0
0.140745
0.0026833
4.59999
1.29673
2.92602
1.45206e-07
28.0766
0.0160621
0
1.81442
4.37566
0.0062723
2.53176
15.2985
0
1.18287
11.9372
1.09336
0
22.8724
1.06656
1.41924
0.28021
0.0710969
0.00394069
0.0949537
2.06477e-06
0.652792
3.69126
0.0751162
2.26818
0
0.684914
0.699432
4.17207
0.0616318
4.67068e-06
0
0.00340026
1.32087
0.333639
0
14.6561
0
20.2006
0.966463
2.81498
12.1443
1.06894
2.86594
3.10711
1.25528
0
1.22438e-07
6.42318
1.07405
1.46935
14.7479
2.51845
3.49365
0.00538746
1.26249
1.22769
1.17182
1.0417
1.89588
1.16096
0.0985593
0.12608
28.223
3.56317
0.0209939
0.501851
1.28504
0
0
0.599142
3.24882
0
0.736204
0.49621
1.30865
0.779627
1.52332
1.57475
2.01614
1.09273
0
0
0.0195735
2.06001
0
0
0.206173
0
0
0.155237
0
0
0.00754831
0.777573
6.7333
2.7106e-07
0.848133
0.717476
0.00247409
0
15.1515
2.19843
1.57472
0
1.65995
0.795459
0
1.17442
0.0724368
0
0
0.0152397
0.000184273
0.0457952
1.81392
11.0309
0
1.10839e-05
6.65475
1.33252
0.0401055
8.40409
0.633371
0.00101197
0.0688382
0.992423
1.22194
0.24254
4.29073e-05
1.00689
1.35285
0
0
5.08828
0.883309
0.389346
0.00439261
1.83338
0
0.0526007
0.307388
0
0.867363
0
1.81323
1.8347
3.96666
0.85931
0.000295917
0.296025
0
0
3.19063e-05
0
0
0.589938
6.26508
0.0211306
4.51867
8.82887
3.22118
19.0203
0.00298662
11.8883
0.443987
6.75839
0.0252617
0
0.735234
0.000125567
10.1403
0.00132698
1.32734
0.00323983
1.02557e-07
0.0221453
9.59471
0.786215
0.00863339
0
6.77243
1.15686
1.44663
1.6413
1.40067
6.65681
4.87934
11.2662
1.12794
0.0962955
7.09038
0
9.0517
12.3328
7.29956
19.9352
0.602013
4.04554
9.35365
6.22991
10.9189
23.5357
16.2124
0.179601
1.6997
3.14069e-07
1.19865
3.79732
0.0160418
0.0882061
0
0
4.14253
4.4635
2.98874
0
2.80826
0.621844
1.10425
1.94962
2.95519
2.81123
1.12707
1.89874
6.96762
7.66665
4.29347
2.43338
1.03827
7.71912e-05
0.720299
3.98382
4.48699
5.36737
1.26364
0.0317944
0
0.387291
0
8.91574e-08
0
0
1.09411
0.088614
0.115713
0.0575856
0.0591972
0.0913455
0.0280067
0.862774
2.63304
0.910285
0
0
5.51003e-07
0.0349319
0.000212355
0.919563
0.0120015
1.68505
0.83152
0.0917673
0
0.591696
0.699292
2.51986
0.542201
0.765633
0
0
0
8.80886
0
0.349304
0
0
3.94735e-07
4.48656
0
0
0
0.990025
0.0401794
5.51169
0.0515283
0.0025684
0.43332
0
0
2.05988
0.821233
3.40527
0.000992229
0.196947
0
3.30235
12.7656
1.48992
12.8363
11.0436
14.0727
17.4662
17.7085
14.3569
14.8482
26.6565
10.1163
12.3733
5.62544
3.13715e-05
0.00643986
9.59298
7.52998
5.57545
7.80567
7.74712
9.70337
4.48715
4.98419
12.5901
15.3778
3.48089
3.31309
8.50678
6.46393
8.53116
6.39428
0.150505
13.6843
0.292766
6.81938
16.0435
12.2005
6.40442
0.865253
3.30768
9.33491
11.0199
0.261023
5.61401
9.90289
2.33724
1.61328
22.8556
11.617
11.4899
6.60745
3.78426
4.19549
8.28306
9.13264
0.0993941
4.20098
9.06472
6.16502
0
3.51979
5.81712
1.05421
0.0328811
0.917153
0
0.224216
0.831403
4.02549
0.606049
6.87276
0.0789609
0.0368727
1.52208
0
0.0917712
0.0191997
3.93304
0.00387308
0
0.555184
10.07
0
0.202374
0.00424758
0
0.31773
0
7.17479e-07
0
0.234161
1.1737e-07
2.36006
3.54076
0.939096
0.917897
0.90528
0.0033121
3.32929
1.59946
20.0431
2.76211
7.60717
12.7194
6.1454
28.3042
6.28565
10.3067
2.11102
6.98854
5.40976
0
5.30435
0.506946
4.91856
0
7.70389
0
1.63963
1.70326
0.978959
3.37582
0.889938
2.86199
1.70919
3.86796
0
0
1.30684
0.744177
1.41017
0.240482
0.329228
0
0.106882
2.29416
0.0253952
0
0.0025823
0.500198
1.28034
0
0.000185639
0
0
9.80721e-05
0.0196708
0.932574
28.7826
0.980168
0.00822435
0.139012
0
6.96466
5.75089
0.0266491
1.71715
15.0837
15.0597
0.615504
6.71504
0
1.43099
1.10912e-07
1.64483
0.637167
5.43025
1.21759
4.18566
0.180324
16.788
0.742752
0.0135187
0.000838681
1.41396
1.00791
8.38401
0.0234919
0.18053
1.06619
10.1527
1.42938
2.38741
2.88721
3.95189
5.11425
10.9286
5.59265
0.187362
3.49925
2.03197
1.19207
0.820053
8.55616
0.919891
0.0331916
1.52758
2.73994e-06
5.40533
1.24592
6.1044
0.982374
2.52156
1.16489
8.17672
1.25816
0.104342
1.7228
1.89433
6.00231
2.6342
2.00573
12.2497
2.65584
0.00735606
0
4.80833e-08
2.8039
0.0416165
3.8698
3.94847
11.4308
19.4502
0.0543243
19.6287
11.3816
0.758182
5.25739
0.414879
90.9864
1.46088
0.925356
1.93102
17.227
7.06347
4.96649
12.5336
15.5188
0.00832343
0.000447202
0.063458
0.0218435
0.639559
1.42619
0
0.0398844
2.65411
6.69797
4.21136
0.0543098
17.4926
0
0
0.221754
0.00747261
0.11053
0.330177
0.547537
0.277352
2.08351
3.22876e-08
1.02738
4.95792
1.04864
7.51666
1.65438
4.23095
0
0
7.88416
0.75011
0.00919421
6.46869
2.75272
4.30833
1.07641
4.74556
4.51186
0.00305493
0.747418
5.84081
5.23084e-06
0.0396952
0.9022
0.0222266
0.0357564
0
9.83086
0
21.8277
5.47605
23.0056
0
0
0
1.78192
0.021165
9.20638
8.95322
13.3131
0
2.17872
3.64055
4.78544
2.71279
0.730441
6.27676e-09
8.27393
0.171247
0.336565
0.000949227
0.528053
0.147203
0.00176951
0.0639994
0.196517
0
0
0.000979016
0.227305
0.845808
0.362676
0.0218666
0.0034071
0.136312
0.442415
0.174024
0
1.33135
1.5242e-08
0
0.495661
0.340301
0.0308249
5.43437
6.05659
0.00296134
2.80804
0.826567
0.0266261
0
0.64438
0
6.8278
0.914633
4.1112
2.9805
1.81139
2.21682
2.77905
0.490016
2.24763
3.94285
1.355
0.406884
5.21801
2.90188
4.48611
4.08709
1.23527
2.27796
3.60612
6.41319
8.68948
3.3034
3.59346
4.21444
1.6465
6.3857
2.06727
4.21765
2.06467
3.55917
1.56497
2.74453
2.15099
1.67527
5.75432
3.29596
0.130676
1.17605
1.30954
4.18647
0.435356
0
1.47028e-06
0.916396
0.269992
8.8711
1.53401
0.838941
2.16398
1.62289
1.73149
0.000989849
0.0033332
1.53486
0.00270147
12.3075
1.98144
0.910972
0.591782
16.1196
3.08426
2.00268
13.3942
5.3411
2.93028
5.34202
2.50691
6.66956
0
9.93808
11.7597
0.903305
11.3947
2.45522
2.59312
2.45078
4.39894
4.89048
2.88913
13.0607
4.45751
0.9551
2.61199
0.369935
5.44776
12.5761
7.10048
15.1646
14.2032
8.47764
15.5478
19.9168
18.1909
10.9229
11.4988
8.34287
19.6798
11.1906
6.18286
7.88709
5.33088
5.24493
0
0
0.0187129
2.01281
2.39226
2.5283
5.92592
5.77801
8.27453
6.0056
4.85418
5.0255
7.76293
3.53745
5.97815
8.07723
5.16743
4.1697
2.38745
5.36781
5.99327
1.71908
21.1738
3.96702
2.09455
2.42989
3.04544
2.93792
1.25511
1.91357
2.88282
3.99342
2.7983
4.71885
4.15907
1.02378
3.97954
9.41141
13.1605
19.4074
12.8344
11.4416
1.21219
0
1.04841
0.913268
5.03751
5.19721
4.82321
8.27599
0.686974
12.1419
6.14258
5.71051
4.49297
0.431104
7.05344
14.3993
12.0732
0
0
0.0357516
37.274
19.0158
17.1679
2.61455
37.2128
1.10615
6.99727
0.324937
1.35622
0.552695
3.82655
4.69384
1.01523
5.41666
18.9191
20.3511
5.6646
3.00423
0
44.4074
3.17649
19.426
5.99032
3.1351
7.57133
9.96896
7.31628
9.0341
7.87913
8.77253
9.04801
11.8791
0.0352918
5.8704
11.711
22.0949
1.76292
9.16402
2.69625
4.59253
2.47629
19.3973
10.0905
10.0378
9.31772
7.42084
15.803
2.40888
1.32621
0
3.18353
0
2.21858
3.50094
2.82911
2.813
4.04631
2.33474
6.37891
2.85649
3.64566
3.89194
3.98324
3.75171
1.58686
8.76805
2.56683
0.188322
5.36389
4.25862
2.72465
2.79195
2.84684
3.64092
0.00508605
7.24586
1.06739
6.10218
0.183519
4.15255
0
0.0815736
0.0349538
2.81071
1.45031
4.13549
0.0737421
5.07765
8.73496
0.468155
1.00274
1.00993
1.82679
0.96424
1.21934
2.05409
2.62447
0.0443002
6.84883
1.84637
0.00898741
0.0282187
3.24702
4.35264
0.263425
3.33554
1.873
0.251663
0.00107323
0.000115273
0.192606
3.06565
1.71052
10.0458
0.0821374
1.61381
0.663445
0.0721923
0.0464364
1.82697
1.32485
0.369068
1.79133
0.386325
0.656059
0.704592
0.0189748
0.0101816
0.369117
2.75231
0.39261
1.71079
0.837009
2.28213
1.81326
0.966535
0.350638
0.0329471
0.305002
0.138047
0.000573479
5.25202
1.68246
4.54985
0.11456
4.524
0.90518
5.78245
1.60819
1.46757
12.8179
0.0759019
3.3747
5.2937
15.9049
0.0173799
1.57642
0.946994
0.186816
2.50802
0.100841
4.68026
5.72135
1.31737
1.264e-07
4.49596
0.0805227
0.015093
1.93834
2.05298
1.54183
0
0.29638
0.921335
1.44074
2.15833
2.25103
0.00886423
8.31777
2.38995
0.367057
4.03884
13.6732
1.73943
4.81766
0.0846089
2.4605
6.40002
6.29397
1.75907
0
0.0705702
0
2.03312
45.5421
0
0
0.00562361
1.01408
0
0.289595
0.685725
0.131174
0.00403033
0.000998394
0.833301
0.0812596
0.693075
0.398447
1.49132
0.00279098
1.73046
0.998888
2.10197
0.00098181
0
1.94728
0
0.153822
0.0328943
0
0.999606
0
1.43104
6.23197
3.94967
6.994
7.76147
9.41852
2.59436
2.3372
0
0.281517
3.64118e-06
0.472801
0.770396
2.42971
9.53753
0
0.669297
1.7645
11.5126
12.5009
6.08865
0.171264
0.0776692
4.86584
2.65913
0.881965
4.66051
8.6997
1.64684
4.72224
1.41467
0.43359
10.48
7.86537
3.68197
7.03116
0.398996
10.3238
0.530158
41.7308
0.0108364
94.4369
68.7061
3.78298
0
0.252361
0.892318
1.47844e-07
0.558798
0.867638
0.00350013
0.00132917
0.000682434
0.163958
8.75937
0
2.13297
0.0187961
4.60176
2.87478
2.31049
8.72726
2.69845
2.30393
2.82854
0
4.2365
9.39552
5.07105
3.89487
13.0356
4.2676
6.77107
1.71634
9.33202
0.997144
5.18868
5.80922
4.19308
0.0246561
0.0649309
4.974
6.33614
17.1052
4.95835
5.49894
4.38602
0.820149
0.912121
6.61687
2.59084
2.37129
0.668842
1.72436e-05
0.88447
7.2547
0.601444
0.231624
1.73616
0.079023
2.59899
1.01188
0.0661191
3.07608
0.840071
11.2277
5.44204e-06
5.19133
4.1933
3.96065
10.1334
7.54547
7.50952
0.118303
4.53316
0
0
2.36071
0.00114396
1.07478
1.16476
5.149
0.843826
2.29726
3.72718
5.56586
24.7185
2.40438
2.75556
0
0
0.186141
0.545895
0.174676
2.54969
2.11203
0.00262325
0
0.844923
2.83422e-05
0.00643924
1.52778
3.12071
1.10241
0.296108
1.0068
0.0385307
3.84129
11.829
4.4241
1.63595
13.6848
2.41467
3.80405
3.04663
7.16806
0.0426898
14.5498
1.78442
0.885756
2.99099
0
0
0.460528
0.000168562
0
1.69628e-07
1.99514
0
4.43759e-06
0.0191499
0.939805
0.885143
0.00100937
0.0229027
0.0177257
5.82503e-07
0.94653
2.39962
4.69042
2.78785
0.00371075
0.765419
5.12386
0
0
0
0.344026
12.8498
0
6.02213
6.48285
18.6575
3.98732
22.5006
5.33954
14.922
1.19065
6.06168
6.08631
0.0755176
4.28976
2.55744
0.762734
0.18114
10.8836
0.000310334
14.4081
8.54164
3.27275
0.596997
7.41523
1.76485
0.400632
8.13139
9.25818
6.19044
8.61745
2.80977
10.2013
0.157098
4.00436
3.4979
1.07704
7.67549
7.40265
1.68342
1.55243
0.932098
3.03041
0.882055
4.41034
6.54408
1.05581
0.0509808
22.787
18.9991
0.887014
2.69111
2.99722
6.77478
11.1639
0.15019
4.59515
1.03557
3.93328
6.81163
13.9261
2.91088
14.1726
0
2.1952
5.08451
12.0693
6.24701
7.90733
6.92971
5.88237
3.39943
4.35075
10.9707
5.57711
7.9962
8.3429
3.58072
9.89959
8.82029
11.9512
8.97375
5.48978
0
6.85649
7.85798
2.39227
3.87595
11.4782
0
13.9063
32.4633
1.29754
0.311109
0
29.2968
10.2054
9.29845
13.5335
4.5325
6.89352
6.26791
4.38954
4.59949
13.7738
3.87208
1.56929
8.71773
7.45185
11.3589
11.4356
13.16
3.97391
10.4983
7.1176
25.6431
15.7885
0.183879
7.57145
10.1483
5.51189
4.09648
8.69009
14.7241
22.6152
17.3865
0
10.1128
12.9371
8.31838
0.114841
3.84067
6.50579
2.00486
9.18162
2.23531
10.7128
4.6676
0.149534
0
1.28794
0.32064
10.4383
1.01289
1.59741
14.132
8.70429
11.5695
12.5285
0.918649
14.558
1.08545e-05
9.9814
8.47923
8.33651
10.7185
3.66025
12.7016
12.4257
25.2362
15.8965
14.4496
11.0983
15.5455
0.852643
5.93706
7.13734
10.1861
0.129688
4.04176
3.72885
10.4085
7.35697
0.741207
4.63862
7.83693
0.00959292
4.84132
3.9822
2.87254
3.72035
1.61114
0.999334
2.22176
6.6053
3.06412
0.177531
3.046
1.76374
2.20874
1.76865
10.9024
1.40931
5.42566
11.8075
6.10914
11.3599
7.43079
0.0233334
10.2416
0
2.27832
4.50297
1.24465
0
0.779425
8.51859
0.293102
5.51914
6.82356
2.33362
10.2216
6.16187
4.01373
3.93553
2.63346
3.27194
3.55667
9.46114
5.02856
2.71153
9.84632
0
1.30278
4.61711
11.6299
1.26582
0.0888775
7.20143
0.0285057
0.34182
0.0533297
12.6542
9.95378
5.91634
19.8336
11.7066
5.60793
9.34209
2.29317
3.62666
5.03153
12.2049
3.71523
0
2.37629
4.23762
1.16142
21.3284
0
0.147604
4.40461
1.6824
8.43898
3.56312
0.366291
4.26534
0.586568
6.3803
3.96534
2.91051
0
2.23414
0.323146
1.34983
10.4073
4.55759
0.226195
2.15861
0.361419
4.32146
2.92162
2.35231
2.4781
3.22931
0.0217821
0.933462
0.0131861
4.58526
2.48211
0.435765
1.10737
4.49082
2.88599
4.40908
19.0126
6.76172
0
4.87549
0
4.91814
3.59394
0.926278
7.24405
0.268767
0.378744
36.5527
0.376057
17.4548
3.56542
10.067
3.58728
0.933954
9.3691
1.4768
0.022361
0
0
0
10.6331
2.96048
0.650053
4.05959
5.91553
7.61109
5.4862
1.94698
6.15843
3.10046
4.65562
8.60787
0.940927
16.245
9.78564
1.62692
9.98731
0.852053
10.7552
8.32653
0.797661
4.32067
1.30792
1.03226
3.13428
1.43146
0.0137758
6.70434e-05
0.396272
0
1.89935
8.85539
9.68233
0
0.0556395
3.88576
3.32894
4.07262
1.93699
1.48339
1.73946
1.25826
3.12952
6.47945
2.84512
0.115748
3.05459
3.38095
1.01367
1.98065
0.532695
1.33882
1.78134
8.76678
1.452
0.682379
1.81087
46.3255
0.797243
7.86178
7.00664
45.6566
2.898
5.83369
4.69896
5.09609
3.03561
2.52327
1.22269
4.40153
2.95147
4.34131
2.7201
3.03343
1.13589
51.1909
1.62771
20.6584
2.64007
2.94231e-07
5.86606
18.4759
0.0119294
0
0
0.076333
4.33051
0.638841
1.03229
0.0307656
0.309209
2.59487
0.226103
0.845269
4.0445
0.211151
3.05383
11.146
6.41381e-09
0
6.52527
0.0864703
4.56848
0
1.14349
3.82254
0.0301062
1.33306
0.0299495
0.231337
0
0.261587
2.32771
3.75863
0.853531
0.909843
1.17704
0
0
0
0
4.03553
6.29512
6.40221
0.148031
3.1753
1.57287
6.0264
5.27151
7.86693
6.47796
5.09663
4.55922
11.792
4.37273
2.79198
6.63507
11.9567
5.73651
1.05722
2.36884
28.3494
5.91561
14.0316
12.8031
11.8494
1.33893
11.6916
0
1.706
10.3679
15.1335
2.77233
2.2823
0.228421
0.645882
3.98848
0
0.0076196
2.37119
1.65823
2.30451
4.5315
6.89494
7.22809
2.05188
0.11203
1.73678
1.67807
3.10664
3.97202
3.82496
4.75795
1.05802
4.26747
1.47007
1.97992
0
0
1.90592
3.25059
0.034109
0
0.206027
18.7453
9.84139
1.8514
3.76449
2.33451
13.5083
12.0501
6.20863
5.64989
0.918368
6.56162e-06
2.2773
3.12941
0.947599
4.26606
6.15619
2.80316
8.34111
7.57684
0
1.70386e-07
0.999762
14.1433
1.90148
3.16915
2.79134
3.25109
10.0501
3.10629
1.39938
5.81005
1.33161
0.0144798
0.169394
6.16599
8.61292
0.174084
0.86631
3.76317
4.31406
0
0.000574815
0.560579
0.211541
0.0335394
0.716304
6.56264
0.448352
1.31441
0.00412627
0.0205938
0.278461
9.20421
0.456647
13.8803
35.8144
0
22.5986
3.37041
0.944227
1.71582
3.64055
2.16221
3.00215e-05
2.65635e-06
0.111542
0.00340929
0.0601738
0.0667855
0.117856
0.000199663
2.58567
4.33837
8.19526
6.24647
2.17074
4.37166
0.571082
9.15846
2.18432
1.56175
2.59536
0.443412
1.88205
9.02099
9.30149
2.31889
8.26733
14.1634
3.33585
1.59232
2.99998
0.713686
7.91204
7.39843
4.53908
6.67745
7.3888
7.6484
0.602716
4.61198
19.7268
0
0
0.00357753
0.939642
7.43203e-08
0.0586471
0.0714857
0
0.62894
0.895943
0.684916
3.82529
0.0822555
0.854532
0.084713
4.1261
0.002951
7.94369
3.05663
8.47647
8.87461
14.5729
11.7862
5.63481
1.07848
0.0571258
1.38662
7.76378
2.14293
8.37213
13.2427
2.7022
1.4956
9.97525
1.07086
15.2268
5.37219
4.3184
9.55141
3.17466
2.72619
7.32104
0
2.75049
0
1.21812
0.0747006
1.68016
5.53577
0.774516
0
9.31747
1.42538
5.03672
3.60079
0.186895
1.51736
6.905
3.81802
2.36893
8.88368
17.7488
1.35852
1.59961
1.30394
1.49487
2.08399
0.0168076
10.2039
0.533934
1.28863
1.00937
0.332182
2.41235
3.88972
1.82282
0.389636
3.6359
0.924031
0.0561688
0.865173
3.58092
0.422905
0.156354
1.70585
0.511085
0.0513948
1.47013
1.1587
0.290426
1.67875
0.499421
0.95163
0.304899
0.00505474
0.000872487
0.616826
0.349717
1.38491
0.514957
11.5394
0.348325
10.7139
14.584
2.26588
4.58006
9.21001
0
0.0506013
1.68259
4.92806
1.04027
3.79472
7.82112
6.30094
0.26605
2.08379
5.98596
12.5076
19.1572
1.955
9.85273
10.1001
0.93626
7.0814
15.3347
0.892848
3.351
4.89517
4.49113e-06
2.96285
16.0574
0
7.94131
0.0186837
0.394981
0.798551
0.0156723
0
0
0.981698
0.0196159
0.047351
0
1.73793e-05
7.49791
6.4592
7.84387
3.63245
1.05493
10.5993
5.52875
1.41486
7.98687
14.2001
8.6085
0.692789
0.573864
0
2.85047
0.837463
0.0958433
0.000636898
1.11434
1.17943
0.893107
5.11553
0.687303
7.28733
10.4729
1.58578
0.436848
1.61878e-05
0.00100999
6.61656
5.50571
0.00123018
0.0577642
0
0
0.02368
0.998751
18.551
0.0402163
0.279184
2.93281
1.82624
0.136631
1.04147
1.36952e-05
1.63285e-05
0.0130742
11.0291
10.1948
0.452253
0
0.000479997
1.64513e-05
1.26704
0
0.415321
1.14893
0.00894616
1.22364
0.834504
0.000832179
0.251082
0.00804536
0.195498
0.0680614
0.741679
0.591348
0.672814
1.26447
0.0391112
0.00117264
1.82905
1.34134e-07
0
0.501018
0.0058276
1.66908
0
0.000221894
0.0434177
1.85604
0.023129
0.0144165
0.649092
1.14287e-07
7.06952
0.0646791
1.97786
1.00753
0
0.191407
0.506959
1.71081
0
8.60836e-05
0
0.117829
1.54377
9.5311
2.34685
0.258306
1.65062
0
3.12504
3.45658
8.18122
2.25078
0.649493
1.22744
3.13968
0.759504
2.01136
2.69184e-05
5.56159e-05
1.77378
0.012441
0.840344
2.20457
9.89024e-06
0.663536
2.99082
5.1735
3.90161
8.15909
0
9.5626
4.18604
0.945137
6.04804
3.86906e-06
9.8123
24.5281
4.01396
1.06018
2.58703
4.78191
0.581145
1.84356
0.784358
0.164779
19.5367
3.87239
2.46702e-06
10.097
0
0.0500622
0.820676
1.15403
0
2.41362
9.47464
0.190555
0.0934534
2.04612
0.342255
0.0326894
0.935749
0.527233
1.06142
3.08128e-05
0.346958
0.585234
1.54047
0.035878
3.20758
11.4587
0.0220587
0
2.65834
0.0778148
0.727601
7.35385
1.02867
1.20038
0.570054
0.711717
12.7914
8.81758
11.0798
0
6.63519
12.9957
2.67701
25.3069
0.460817
1.08463
13.247
0.860803
18.0647
1.66194
6.49405
7.98649
1.63307
0.19158
1.51137
0.0395713
6.92161
0.061824
0.215659
2.35888
6.03161
0.00244795
7.55883
3.2515
1.78446
4.77663
1.58452
10.3983
11.6191
0.960133
2.45582
11.5151
8.16189
0.95953
6.11789
11.1005
4.60446
4.02048
9.94287
5.53391
4.22178
5.4011
4.68848
6.08113
3.65648
3.10137e-05
3.23957
6.83355
4.81144
8.50546
0.129231
0.639447
1.43093
0.76436
1.98005
2.8203
1.924
0.0151085
0
0.822582
1.71971
1.90988
1.04733
0.0291236
0.754924
0.401814
0.188448
0.0480229
3.61663
2.32685
1.01779
0.119881
0.187623
17.6119
0.393198
2.83909
24.0593
2.51903
1.62255
14.0181
7.48135
1.78601e-07
3.76837
0.80017
0.0487375
35.739
0.0129751
1.39525
8.1867
0.419627
5.9287e-06
22.1377
4.17796
0.32747
0.00773975
0.784579
6.45802
0.669167
1.28921
21.5247
6.59455
3.76688
7.39803
9.99561
6.21886
8.18069
1.85218
7.37976
30.8498
31.0528
17.0832
29.572
23.6715
4.22098
0.992078
1.0074
3.41793
0.0981225
4.71297
2.8001
0.240088
6.62687
7.44284
10.1875
2.29074
9.05774e-05
0.499793
0.000346869
0.0255931
0.438615
0.725483
0.0840374
0.00191275
0.0533177
0.0491482
0
0
27.356
13.5122
0.753482
4.46077
12.0692
10.0018
2.50232
2.65722
6.06083
0.0238268
3.05453
0.100901
4.59846
0.953741
0.50556
12.9557
4.1473
8.01205
2.17012
12.9522
12.425
6.73963
18.3305
7.36298
10.3435
9.04903
6.44841
1.45026
1.3316
1.57502
0.000733868
1.04606
0
0.037504
4.35805
0.757649
0.0113778
3.35652
7.68835
11.8954
7.7112
6.68938
7.24004
0
0.262961
0.0660215
5.8165e-06
0.675187
1.28645
0.0878055
1.08598
0.6065
11.9855
12.2405
1.77794
2.78093
11.0338
1.59417
0.925389
0.149215
1.59222
5.33112
0.200706
3.2388
4.49222
2.28996
1.24631
3.90876e-05
8.29909
0.159884
1.519
0.676849
4.87379
0.679481
3.13696
4.54626
3.16664
1.55723
1.61319
0.0962473
0.228775
0.687293
6.05826
0.0384621
1.40085
0
11.9394
1.288
0.00417191
0.834175
5.8838
13.8508
0
0
11.0417
