1.35509
1.7147
1.23655
1.05055
0.481689
0.594887
0
2.52887
0.340858
2.99922
4.69737
0.202371
0
0.912112
1.03903
1.16803e-07
0.990668
7.61478
15.3148
23.8904
6.11398
1.91117
0
0
2.68856
3.27915
2.87104
1.28358
1.87533
1.36776e-07
0.828893
3.04669
2.3285
1.41334
1.14282
0
3.17295
5.22145
2.87272
7.01557
4.96643
10.9458
1.1001
7.14679
0.624599
7.09726
3.59669
0
1.49731e-08
0
2.01414
1.02844e-07
5.64259
2.14684
1.30569
1.01153e-07
16.59
1.87407
0
0.108952
5.43579
0.00149053
4.1246
5.59775
8.18678
0.00390663
0.739961
1.50529
2.37104
1.0074
13.7187
0
0
0
0.92722
1.35947
1.46117
2.37425
0.509908
0.000503689
0.702718
3.80293
0.0234617
1.00249e-06
19.1102
1.31698
5.49311
7.15927
7.56499
8.39457
10.7044
24.8938
1.66694
9.35859
3.7663
7.25444
13.329
18.7942
0.253315
0.310173
8.0065
6.71798
4.80844
8.65313
4.30218
3.66619
8.39221
3.88361
1.54643
10.9197
9.92398
4.24027
5.28367
5.15459
3.47781
5.93395
1.36468
5.04507
6.0096
3.40244
4.84424
4.2843
6.43258
2.80708
0
4.95084
1.74653
0.251244
0
0.00979141
6.53473
2.03359e-05
0.0198998
9.44182
1.46076e-06
4.73677
7.50508
1.01445
0.67747
2.4728
0.0138464
1.02546
0.9556
3.59938
0.892381
0.23975
0
0
11.5477
96.9898
4.18647
0.947812
0
0.0344649
1.88716
1.70912e-06
0.00173718
1.12933
3.89234
0.421168
27.9584
7.30225
12.261
10.9688
2.49423
1.94533
10.4725
2.98316
47.5168
14.0885
7.70365
1.68856
17.3786
4.78486
14.7798
0
8.63342e-09
0.577153
0
0
0
4.42756
0
0
5.70948
14.6355
6.74988
2.04739
7.74247
21.4765
11.0663
15.7569
17.8101
11.4899
0.996298
0
13.0429
4.3667
7.768
9.47349
25.9081
106.048
2.54378
43.5663
7.69284
4.24223
7.10543
2.69672
68.3718
1.3842
24.2596
19.8638
0.0278789
6.60006
15.4815
15.621
3.11756
13.1111
14.0204
1.8545
2.85244
0.402373
10.8396
4.087
14.4379
6.6964
15.3099
16.8282
16.2627
0.474461
0.661051
3.74296
9.65979
0.372575
4.65673
3.28954
2.61584
1.67044
2.97591
8.65232
1.81474
2.8868
3.73398
0.635941
1.46855
1.64392
0.400555
0
1.69242
0
0.35183
1.77501
0.83804
0.0479103
0.0803591
0.870993
4.73791e-07
0.743815
0.00340346
0.00516184
0.542647
0.0134147
0
0
0
0.115879
0.733112
0.00267694
0
0.00185727
1.1311
0.015957
14.6745
0.0533104
0.00198556
0.117343
0.152088
0.0288131
4.61276
0.0582835
12.5127
0.00188456
0.792267
0.0154283
0.00323472
0.0639031
0.845663
1.16515
0.0722277
0.862466
0.000895256
0
6.53878
0.693046
0.716356
0.769096
0.805271
14.2158
10.1908
3.42031
4.92274
0.733147
7.02956
10.7312
3.06695
3.91308
0.0569348
5.69724
0.559794
0.978967
0.125015
0.085457
1.31161
0.818969
5.44685
3.77282
4.53901
4.11569
5.97017
4.11665
0
2.04046
0.0194454
0.00641048
3.72932
3.42136
0.101492
0.00539412
0.636076
0.00019785
0.00351421
0.199264
0
0.703145
1.07829
2.91995
4.34693
1.35682
2.73613
1.47596
3.2606
3.16338
1.3795
0
0.0455418
0.00031807
0.195821
1.01832
3.10958
2.86517
0.9396
0
4.81434
0.0180223
0
0
3.31161
3.789
0.211803
0.0374688
2.54693
0.595766
2.60649e-06
1.9437
0
0.00422365
0
0
1.7593
0.782221
0.149345
0.190528
8.3746
3.40816
2.58781
1.39697
0
3.70636
8.82344
9.7187
9.26519
4.72792
0.285476
3.55834
6.43885
2.3971
2.21982
3.08625
0.810604
0.834819
1.97337
1.60134
1.76
3.35829
18.8872
2.03123
7.19158
9.2149
6.09603
14.4649
2.7592
12.2472
11.6201
10.5582
4.0626
2.58067
3.98658
2.63099
2.33288
0.965575
3.63111
10.1023
7.85618
1.98022
1.08214
4.44125
12.7235
10.0597
8.40793
4.51668
0.57312
18.9203
5.98785
5.17515
7.79186
11.4573
6.68733
3.22512
16.9531
16.1735
3.97592
5.47652
7.59029
10.1766
10.0684
6.03528
14.3136
0.0524072
6.17897
19.8429
9.50439
10.8091
11.4919
9.65407
8.79146
0
1.48124
0.329055
2.10294
0.020542
5.18389
2.51581
4.21051
0.127188
3.62586
21.0249
14.2325
8.34871
7.87085
9.10941
7.97784
0.146145
2.84784
0.0177868
0.619647
1.64615
5.90461
2.24095
0.17493
1.93267
1.69043
3.28746
1.75452
0
0.802956
0.0511137
4.09382
0.824884
0.301631
2.02078
6.73547
1.00431
0.00746655
12.6061
11.1293
9.38129
4.49141
6.87726
1.1122
12.6016
11.1201
7.28735
12.1645
2.13987
0.72332
4.98791
0.00219634
0.0296922
0.000874813
0.0459162
3.81887
17.4811
4.73148
1.72974
18.3405
7.96594
11.396
1.06814
0
1.48802
3.47851
3.55406
1.67233
1.62845
4.88938
2.8682
8.70224
0.317957
11.9697
1.60644
3.65647
6.79871
3.13228
0
0.0191351
7.59517
0.0013769
1.34101
0
1.07923
0.597034
0.712447
0.95945
1.08312
1.58324
3.30965
1.38831
0.239913
1.25436
13.9853
0
2.36438
2.59774
0.0435696
0.757842
2.4967
4.63403
3.05787
17.4002
7.21326
16.792
9.11634
2.52237e-08
12.2803
0
6.96852
7.05088
4.73639
9.88038
7.53296
2.2624
1.19728
2.01938e-07
6.49663
0
0
4.78375
0
2.53556
7.85353
5.66526
5.22531
4.1332
0.856576
0
1.8363
1.86417
9.05801
22.6873
3.40618
2.35981
3.13598
0
10.1027
4.69738
0.00126277
2.878
3.99153e-08
9.75892
0.773891
0.965069
0.00104207
1.76446
0.00630725
0.603485
2.51872
7.36466
2.2542e-07
3.10302e-07
2.08638
2.00717
6.11418
4.56965
0.0052015
1.13695
5.57772
0.256025
0.683493
0
1.90242
1.4471
0.0128422
3.34305
30.8305
13.8342
0
0.0584613
1.5652
6.09265
0.0209121
21.4583
3.23326
2.31776
1.79309
12.8856
0.917431
0.088407
6.73437
0.0128642
0.0132451
0.138559
0.245038
4.47049e-06
0.00709103
7.77712
0.0478984
8.35385
2.73081
7.08145
0.117521
5.35685
4.78215
1.38935
3.09243
0
0
0
0.0152803
3.95295
5.42252
0.813516
8.05586
0
3.99722
12.6636
7.94611
15.718
0.555355
1.07466
0
0
0
0.00157231
1.35086
0
7.09767
10.0838
7.00525
1.44394
5.26767
1.0224
15.2777
3.08125
10.2559
20.183
0.167375
12.304
0.504707
6.85605
12.6363
0.235736
1.93314e-05
2.46082
10.8187
2.0918e-05
4.1036
8.27049e-05
0.000449141
4.833
4.70009
7.38451
14.3703
7.79779
18.6874
10.1123
0.523856
0.815442
0
0
0
0.129053
0
0.0372248
0
0
13.7215
2.1508
0.72597
0.382629
0
3.43976
2.39955
0.10397
2.0128
2.65289
12.3939
2.26124
5.11845
9.1534
9.12935
7.2986
1.06349
3.75749
11.7718
6.35476
0
1.57312
8.78961
2.01378
2.23146e-08
14.0853
4.59871e-06
20.3698
74.0856
4.83188
8.23419
11.0338
5.7253
4.35878
0
0.0268281
12.3623
24.2429
0.000557994
0.0242735
0.199666
0.839413
18.7981
1.02136
0.920878
0.923773
1.80207
0
0.317742
5.56521
7.4427
11.1833
5.6131
0
0
0.0177587
6.0185
8.01816
0.00109581
1.91921
9.45558
0.0180322
12.645
1.0818
6.3449
15.8008
3.44624
10.8187
1.09703
6.9923
3.58441
0.0339367
0
0
0
0
3.62603
0.522886
0.0698425
0.00196099
0.777467
8.69127
0.727435
5.8511
5.06644
2.24607
3.77478
1.67715
1.74398
1.28541
0
2.99512
0.711803
2.94585
2.73923
4.11619
3.56099
0.879577
0.246149
0
6.44002
0.634798
11.788
0
0.0174287
1.00472e-06
4.57994
7.9052
5.92813
3.25846
1.47596
23.4316
0.0355923
0
0.0719082
13.8728
1.73068
0.000226644
1.42447
0
0
3.23438
5.4857
2.8588
0.897894
4.0637
10.0796
4.21006
2.92234
4.44576
4.15079
3.00167
0
0.0327507
4.43208
9.94216
12.3316
1.56049
0.0728811
0
0
2.26658
4.05029
9.30447
11.0824
0
3.98675
8.81761
12.8496
0.00107922
4.40376
0.025166
0.0178743
5.1321
0.000498083
0.0035726
6.04151
1.3955
0
0.766393
6.37376
1.74815
0.0172321
0.072255
1.17095
2.38567
0
0
11.2006
0
13.5513
0
2.56327
0.844836
3.1632e-06
0.0101507
0.000962784
6.17222
0
11.719
6.45371
3.68296
5.50757
6.88995
0.0112747
30.0527
5.5429
3.96915
0.843694
0.737787
4.92659
1.52221
8.10326
4.67237
7.2476
4.3399
6.50501
4.72075
11.4302
4.63986
9.04333
0.796906
8.05148
1.90743
0.64831
5.75657
2.70049
2.64125
0.275436
7.2692
6.0297
1.79676
10.5463
1.25956
0.000197209
0.191763
1.48342e-06
0
0.913011
1.43375
8.01147
5.60646
1.92596
0.954754
6.89996e-05
7.83926
13.1775
0
17.6637
4.84596
2.48896
0
0
0
5.1413
0.0755661
8.64276
4.97305
0
0
16.9256
0
0
14.1072
6.71508
1.94126
0
6.39022
8.16361
0.863709
1.29382
3.05265
5.41856
1.17335e-06
0.0500907
2.64072
0.241648
0.999347
1.06862
3.10786
3.09957
5.66334
11.1563
0.000319023
0.568404
0.100742
0
21.8508
5.6854
4.23204
8.23136
2.80855
6.30552
10.4498
0
0.139867
2.56671
0.731338
3.15708
0
3.4604
0.0612763
0.0161078
9.14209
0
13.1616
0.632379
1.14621
0.88386
0.803342
0
8.99039e-08
11.2472
2.2314
0.298117
14.7572
11.9179
0.000643585
1.73275
0
2.82253e-07
1.8478
0.196574
1.80787
0.0116784
0
6.97593e-06
4.63055
0
0
5.15728
1.31704
4.6355
5.50309
1.74709
1.4858
0.0525876
12.9673
12.4103
4.4833
0.386586
1.04205
0.043333
0.345716
7.08813
0.896708
0.104348
14.2357
0.538443
1.04126
0.000297371
6.49849
1.43125
0.157005
6.68451
8.55869e-06
6.05392
0.295287
0
0.230548
12.2788
0
7.94479
0.739048
2.31825
0
15.7133
9.19368
3.8955
17.2019
5.0958
5.7323
9.0978
1.79294
0.123919
0
0.0587918
3.14479
7.24499
3.5786
3.99568
0.268168
0.143697
0
6.62289
12.1858
9.85807
8.67434
3.67921
2.47683
3.16161
7.39883
5.94737
13.495
4.39551
2.2422
10.9035
8.95094
1.35237
0
16.2
6.39417
3.07412
2.59774
1.99851
0
11.7343
12.7953
8.16046
0.479575
5.87453
6.17264
6.24627
7.15296
10.7234
4.85025
10.6889
12.3336
8.61547
0.595234
0
9.98051
5.9566
11.2017
7.01445
6.84321
4.69094
5.59944
5.78214
8.00637
11.7218
59.1031
59.9433
16.6721
5.46584
9.85311
0.200552
0.0216822
0
0.0355802
1.77009
0.414718
2.12836
1.04415
8.01883
0.939526
0.89031
5.36826
9.57036
1.48662
4.2255
5.4817
7.72504
4.25425
2.95788
1.49903
3.36543
10.7636
5.40025
1.41661e-07
5.73892
10.4542
5.2256
10.863
10.8689
10.4428
6.52911e-07
0.00020235
1.39132
15.8745
4.82507
0.084155
1.28714
2.80566
0.262219
0
0.630973
0.0483181
0.00585671
12.6122
0.000102869
5.23605
0
14.1904
5.79465
0
0
0
2.14943
1.85042
9.98282
8.976
0.00211462
0
7.34297
18.696
1.13598
0
10.0172
10.5318
6.14885
0
13.0015
6.91633
4.29239
4.0873
0
0.000740639
7.8215
0
0
3.20145
0
0
9.40631
0
1.45774
10.4699
8.79126
10.7578
3.58629
2.52958
4.13348
0.269942
10.7365
0
5.18681
3.52946
0
4.2009
4.88618
6.04273
0
8.77315
2.14805
10.4657
7.15878
3.18161
12.4061
0.0249006
6.52028
8.71728
9.69674
0.388195
5.02872
3.4785
10.2033
7.77226
0.911574
0.10328
1.00594
8.68767
0.214891
7.73685
0.872624
0.0710801
0.847528
0.00364331
8.27795
0
0
1.16767
6.23407
0.00666697
5.35749
8.64179
0.0171083
6.02746
0.00526485
11.6731
1.7394
2.23902
0.0178077
0
0
0.092201
0
0
0
0.0113226
2.46436
1.10877
0.339063
4.25449
10.4108
4.15372
4.55738
6.00938
0.103944
7.55384
6.50975
10.9809
9.39077
17.5344
10.1421
6.84427
0
11.157
10.6138
21.3425
13.3864
14.3622
1.12991
20.2371
10.995
1.58552e-07
9.72409
1.59284e-06
0
23.0081
0
0.115904
5.51292e-05
0.00147999
0
0.0335565
0
1.93484
4.04099
1.94501
0.000650216
0.0300782
0
0
0
0
0.0067639
0.93437
0.0198703
10.953
2.1308
10.5422
7.51016
3.6758
1.50985
2.87381
2.4149
0.0084477
0
14.0576
2.11789
5.22212
10.8907
0.391147
0.061358
6.4095e-08
0.709182
9.05035
2.38419
4.00204
0.314881
0.820255
0
44.9398
18.4004
12.9399
7.50119
0
0.175468
2.41081
1.59684
0
0
10.801
0.0214802
8.76201e-05
0.477489
6.07761
20.2743
2.27718
1.00065
17.4174
2.23006
8.18384
13.5877
4.52168
6.1528
0
0.230716
0.130873
2.75059
3.19291
1.41508
6.09556
0.0951792
0.913998
30.5914
0.743027
0
0.435407
0
0.0586904
1.03669
2.93416
9.03287
25.4158
0.653477
12.8464
9.13675e-06
5.44822
4.76077
12.1183
3.56646
1.36364e-06
0.00981838
0
9.23154
6.5779
2.80396
22.2637
15.7631
10.2356
0.00556755
9.48851
10.3864
0
19.0592
0
0.0615103
0.0172593
1.31853
1.22061
0
0.0464324
0.00124964
0.254413
9.12812
3.41926
2.40295
5.6457
4.52008
0.0267974
0.0619398
9.09958e-05
0
3.01324
4.36977
0.00023364
0
6.38944
4.33729
5.71821
0.0242489
0.253186
0.0095328
2.49575
2.86734
0
4.39043
0.00864492
9.47606
0.373625
1.08377
14.4322
12.7216
0.548586
1.14129
8.14099
20.9392
4.31669
9.69098
2.86396
4.40689
2.39058
0.769885
0.209082
2.47065
1.49133
35.4801
4.44318
3.61473
0.339106
1.61819
2.37427
3.88921
7.80248
4.83428
0
7.87918e-05
0
1.03064
0.00113003
0
7.44006
0.372186
16.1118
0
0.0452278
9.33104e-05
0.496221
0.547951
8.16073
0.303519
3.12334
10.5585
9.63854
0.265632
9.81231
2.31953
1.21094
0.00678073
19.9971
9.04104
6.60426
8.12584
0
0
9.37298
3.66908
1.22136
2.01632e-05
4.52285
0
0
0.0281069
12.6257
0
0
0.000386405
7.171
0.416329
0.00122654
0.0426043
55.1886
1.82645
0.0497622
0.000402134
3.08423
0.00665674
7.28528
4.40203
0.649254
5.41641
20.6795
3.46122
0
79.4846
0.000791226
0.0226759
2.5522
0
0
0.000866325
0
0.0294334
8.30418
0.136227
1.39419
0.213047
1.94426
0.0388205
7.38995
0.0290992
5.85097e-08
0
0.780874
0.000610695
0.00155288
0
1.35018
0
1.5368
0.940541
0.0258435
4.84191
0.779147
0
0.3728
0.179972
3.1227e-05
4.61307e-06
15.6953
5.46335
0.74063
5.27084
3.10221
2.61151
0
0.00445275
0.524811
1.31449
0
3.17642e-08
0.342657
0.552273
0.0177847
16.6743
13.8091
0.000132851
2.49346
0.80846
0.213586
2.18346
0.0461453
8.10863
0.857855
0.0749593
0.0742454
3.52033
0.568022
0.205886
0.61722
0
0.00147567
0.0132067
0.860036
0.948247
2.27249e-05
0.171614
0
5.77184e-07
1.0688e-08
0
0.0255222
0
2.40675e-06
1.9028e-08
0.848525
11.854
4.65083e-08
0.441251
4.89643
0.946002
0
23.8329
1.43771
2.13795
0
0.414623
0.0065073
0
0.0805253
4.10269
0
0
1.10575
5.73786e-06
6.62632e-06
0.0244558
1.82117
0.779197
0.00450901
8.98961
0
0.00484395
6.75909
2.4862e-06
0
2.40084e-07
0.00168616
4.74372
0.0299947
6.82232e-06
1.77728
0.063738
0
0.000291561
5.32686
0
1.70599
1.67362
1.25431
0.0244604
0
1.18662
0
3.0605e-06
0
3.22776
1.12925e-06
7.83329
0
0
0
0
0.161733
0.0152918
0
0
0
4.04457
0.758296
15.0315
0.122089
9.7597
19.4542
0
3.97945
1.03632
8.97867
0.146886
0
0.0558979
0.054459
10.4576
0.105726
3.823e-05
1.72075
0
0.311562
3.20669
4.06351
0
0
8.62755
1.68679
4.14649
0.74296
4.94028
10.0481
11.0838
19.3187
0
1.55319
8.9849
0
9.13598
10.5655
16.2551
6.40401
3.54843
13.5555
2.73422
13.2927
4.09316
8.36114
7.06856
7.57609
2.74545
0.0700606
5.56589
2.78868
0.000664442
0
0
0
3.57145
3.92676
3.12225
0
1.08663
8.44489e-05
0
2.42084
1.89183
0.142382
1.54357
1.96488
2.76201
5.96519
4.65997
10.6943
16.4691
0.000849171
0.596661
4.47156
4.45139
1.49589
1.75704
0.452249
0.470669
5.79565
0.30576
0
0
0
0
0.0344832
0.680054
0
0
0.197571
0.0296747
0.766727
0.000316747
0
0
0
0.870827
0
0.441843
0
0.0216189
1.01363
1.13609
0.276904
0
1.97477
0
1.67226
0
0
0
0
0
5.43196
0
1.55015
0
0
1.8954e-06
7.96255
0
0
0
0
0
6.104
9.73643e-08
0.0966032
2.81582
0
0
4.37154
2.00802
4.55624
0
0.10304
0.974895
2.56509
9.91285
0.00234171
7.60321
4.56357
2.86157
3.74792
4.59431
3.49276
2.06438
9.69623
8.42898
5.63562
6.50528
0.561694
0.534508
9.79518
6.04271
7.70204
10.5417
5.55677
3.70333
3.64538
7.34525
7.81878
23.9246
4.70073
11.9796
12.3325
12.417
13.5581
13.2638
0
12.7193
0
11.237
12.8778
7.60048
12.2967
8.55918
14.1869
14.4699
4.51976
1.77955
8.60271
9.97929
6.02228
4.16466
15.984
30.1955
19.7637
11.2694
11.0734
13.0057
8.71627
16.7009
0.151829
13.9379
11.8997
6.48583
0
16.0762
6.55781
1.09688
4.31341
3.32274
0
3.32146
0.432521
3.46034
3.89897
10.447
0.0285519
0.0477464
0.325588
0.00925477
1.84591
2.6131
4.6115
0.803933
0
1.45681
5.59846
0
0.195529
2.298
3.20192
0.821579
0
0.00249795
0
0.896003
0
1.99426
0.728181
0.854999
1.07364
1.38192
3.74938
2.97089
19.0105
7.59949
1.86407
22.0348
3.70075
1.43782
13.4046
11.1081
11.8782
7.13846
16.9103
11.1425
0
8.70418
9.53419
10.493
0
17.4118
0
16.6098
7.20648
0.331482
6.27246
12.4783
13.2994
1.03285
14.4186
0
0
2.60681
0.846119
5.2582
0.00185067
2.11872
0.626427
0.752539
1.02092
1.02582
0
0.338058
4.4452
1.8462
0
0.000210453
4.30328e-06
0
0.0046983
9.61831e-05
0.510721
4.9668
0
0
1.06715
0
7.38178
8.67655
0.290842
0.00126555
7.46875
6.3777
0
3.14461
0.390103
2.0513
1.86621
0.0590318
40.4146
4.49847
4.88472e-05
8.18552
2.79354
13.3376
0.710205
1.97609
0.0785255
0.639784
0
19.9707
0.194991
0
0
3.64602
0.010706
4.29502
7.46536
5.80768
19.0861
6.04004
8.00127
1.1643
0.732237
5.11874
1.44903
0.0611887
11.4755
0.0155074
0
5.7207
1.1879
2.34823
4.37419
6.02926
1.01387
0.388836
3.01383
10.1263
1.89072
0.90558
0.140823
2.32133
6.22302
3.42466
3.65706
4.33221
0.120428
0
0
0.0540761
0.103532
0.77271
7.44407
4.29571
9.55804
9.32052
0.688769
15.3388
10.5164
0.537668
7.41339
1.95745
5.69811
5.05463
4.45115
0.97139
49.9065
25.5299
0.0800486
8.98724
3.89939
0.438969
0.0443109
7.89792e-08
0.00612069
1.54147
2.60437
1.72238
3.93029e-05
1.56549
9.31696
7.02901
1.60323
5.62057
0
0
0.12139
4.61378e-05
0.0258536
0
0
0
1.03141
0.147519
1.62853
11.2831
0.0305001
7.56807
4.57504
4.6259
0
0
2.75401
0.786937
0
0.655605
2.397
17.384
0.521358
4.07865
1.75853
0.000162778
1.52591
8.40852
1.10575
0
0.880576
0.0422559
0
0
11.113
0
25.284
6.41514
20.447
0.735885
9.63594e-08
0
0
0
12.7679
5.00219
14.3945
0
4.418
12.7944
6.58586
6.6279
5.1003
1.82287
2.43877
0
0.0292236
0.809031
0.000545088
0.00246639
0.305298
0
0
0
0
0
0.278641
0
0
0.000154089
0.013486
0.322121
1.84146
0
0
11.8281
0
0
0
0.000256977
0
2.11949
8.86999
0
2.22906
7.66639e-07
0
0
1.05482
0
1.78999
1.52854
6.17287
4.89208
12.8336
2.21528
3.95934
1.30734
5.19082
14.294
11.6017
1.03009
23.3443
11.8134
11.0485
5.80034
8.57729
14.9746
15.1019
10.2266
14.4151
12.9505
22.0677
7.706
11.1501
7.43098
12.9307
1.7583
11.8514
10.4621
9.13001
16.5467
7.79545
3.61329
4.29011
5.34977
3.24487
2.70947
0.791792
7.21875
0.859019
0
0
0
0.212423
15.0338
21.2443
0.9008
4.61923
0.496993
2.08321
0.00497564
0
7.3835
0
17.9372
4.85874
0
0
6.30696
18.3962
1.50492
13.6249
7.53061
5.43609
9.92398
1.33621
3.86533
0
3.32615
12.2254
9.50276
5.95664
4.44872
2.36971
2.09049
3.44021
0.540077
3.95292
22.27
9.51451
0.247609
0.743232
1.0692
5.0726
1.74026
2.62918
14.5981
6.99254
3.59825
8.97011
16.7377
6.91531
5.63281
6.16865
5.9307
4.16785
3.61608
0.632524
9.56102
7.4528
11.5546
0
0
0.0173721
3.42287
2.89392
9.71488
4.22154
2.84148
3.36847
5.18591
2.80312
2.74464
3.31376
0.97948
8.64427
5.01038
2.73585
0.667787
1.33882
4.41959
26.7394
2.42556
9.23354
0.926125
0.775084
1.18714
0.349515
0.0372527
0.524657
2.26377
12.8845
4.49392
9.18464
5.17388
5.37143
2.29029
3.74931
6.40083
11.2664
9.23393
19.0547
3.04869
2.66644
0
0.694072
1.86738
2.87228
7.46416
6.6556
2.76051
0
5.90069
5.67897
2.54982
7.00903
2.84882
5.04317
5.63101
16.4926
0
0
0.0112215
11.1578
11.6449
12.306
0.445849
5.21274
2.20305
5.29509
0.35916
0.367995
0.540909
7.91339
8.99551
1.08973
4.72595
24.8128
18.6044
11.6343
1.68711
1.67724
21.5721
6.09659
9.18959
6.31267
8.88765
10.3287
8.31192
8.51449
14.9633
10.8828
4.90164
17.532
13.3448
12.9161
21.8052
16.4779
11.143
6.52799
7.99124
11.9268
12.8928
15.5724
7.54087
8.08311
9.56207
10.3329
12.8219
21.2218
17.0578
10.7633
0
6.99275
0
3.24429
8.84402
10.8758
8.21933
13.503
4.09889
12.1157
6.83182
8.70082
10.1796
9.50423
10.6168
2.9148
11.8922
7.31547
8.33717
11.2406
3.47268
5.61034
7.41264
7.21753
8.23277
0
5.78104
4.20738
16.2666
3.35506
14.8046
0
1.47588
0.931644
8.3809
14.2924
9.33813
0.0571422
9.65237
7.80599
4.50951
7.08922
6.19385
8.55562
5.87361
17.5678
7.42561
2.89782
1.0143
7.95482
3.5268
2.02027
0.0306665
1.79798
4.06051
0.963554
0.0789034
1.14394
2.39442
0
1.95064
1.30396
1.19855
2.62973
7.90511
1.90675
2.92069
5.28017
0.0659006
0.655875
0.868815
0.779646
0.816246
1.81074
3.23324
1.36482
1.08236
1.47089
0.911688
0.87781
4.50714
0.462089
1.4455
4.52254
0.105114
2.30181
0.584141
1.89752
0.935785
0.190446
0.207088
0.17012
4.73934
0.963556
5.23338
0.983188
6.44178
1.47484
7.6483
1.46288
0.0993696
5.4193
0.00398088
3.34596
4.96357
12.7971
0.000388172
7.8282
0.39445
0.0578006
0.144027
0.525444
7.44094
6.11263
0.928344
0
12.104
0.333729
0
1.08518
0
1.19062
0
0.723975
0.820924
0.413449
1.34376
0.712311
0.644172
2.34549
1.98418
0
1.29659
9.25755
3.415
6.39903
0.00289026
4.71036
7.1517
5.99897
3.73639
0.44865
0
0.875071
1.31082
3.77477
0
1.61768
0.947508
2.14392
0
0
0
0
0
0
2.86119
0.000406549
0.0564997
0
0.242152
0
0.829319
0.00517528
0.0140214
0.87471
0.00125878
0.125606
0
0
0
0
0
0
0.331669
6.10639
1.91399
5.15675
15.9524
10.2488
1.7098
2.30505
0.949275
0
0
0.456949
6.15724
0.337224
4.34774
0
0.560949
10.7604
36.2967
20.1552
14.2387
1.05249
3.35468
14.5041
9.54226
0.172174
5.67826
9.89398
3.7333
10.9431
4.85983
2.02351
10.2437
12.2626
1.97639
1.94699
0.0295265
8.45096
1.26181
5.3131
0.0749949
5.58205
14.4512
0.771017
1.10986e-07
1.65132
2.10724
0
0.015577
0
1.11717
0
0.127295
0
2.16604
0.00211093
0.777351
0.0124038
3.93002
1.3122
2.63653
7.26256
6.99036
3.36928
2.65018
0.251264
7.0688
3.99953
6.75373
3.9126
22.2578
5.53563
10.2831
0
2.00136
0.616853
10.3851
9.56862
6.965
0.721769
0
9.00543
8.81371
7.78729
3.25938
13.7436
9.2352
2.58053
1.71775
9.2205
3.57861
4.44403
6.173
0.423996
4.25216
16.4394
1.73425
1.60945
11.0011
0.0561652
5.48069
0.0174413
0.00246179
1.67649
0.337109
2.76625
0
8.99947
5.75514
11.6053
8.22041
4.7935
4.64927
6.67689
1.84697
5.10575e-08
0.517787
2.04278
2.61023
8.46879
7.22836
14.3927
5.34612
13.6899
9.11638
14.1539
15.7864
4.34806
11.638
0
0
0.00233888
8.42496
1.78705e-07
11.646
9.17736
1.45381
0.0804038
0.00099885
2.89977e-05
0.442287
0.0644656
1.39907
1.17789
0
3.42336e-06
0.0223216
13.8379
0.0400855
2.03995
3.13219
7.881
1.17686
2.15157
0.000225822
5.72375
3.69261e-07
10.9039
1.09368
0.0758086
0.77532
1.18615e-06
0.0456361
0
0.0365594
0.905814
0
0
0
0.000109991
0
0.000843996
0.847632
0.0291582
1.06273
0.194121
0.0155428
1.00493
1.39587
0.865356
4.08832
0.000889605
1.40522
3.391
1.84562e-05
0
0
0.000814131
7.00912
0
6.46974
6.55498
8.53021
7.73828
17.6504
4.44018
12.7666
2.2185
9.35307
4.96358
0.762381
1.07417
7.31027
0.171143
0.0273592
3.1732
0
5.18551
4.55903
3.39627
1.89924
5.27396
9.28395
0.0152559
41.0466
9.74821
9.78282
15.8429
2.14787
8.38315
3.68832
19.3496
5.36844
12.2969
5.59411
3.3964
2.68258
11.1896
0
0.395871
7.37381e-07
1.18145
1.97893
4.12792
5.11392e-09
6.23817
3.52718
11.7507
3.82592
4.72353
8.80119
14.0437
3.59909
10.7797
12.2942
24.2636
16.2364
12.8364
11.781
3.76024
0
3.14447
3.65472
5.48532
3.15813
10.6066
6.97684
7.07379
5.22949
7.72602
7.08956
5.04739
10.4513
12.3853
4.16866
13.4129
23.5989
9.15995
7.78312
9.17814
0.00763032
1.96177
9.83084
2.45668
4.38369
5.62596
1.1526
8.3519
13.7399
3.63432
0
0
18.0514
11.3047
12.3753
4.31
1.85662
16.0422
9.73975
0.314734
11.2934
16.6595
19.9411
0.203973
14.1481
11.4183
3.56097
10.7794
17.1964
13.5061
8.09814
13.4122
28.5987
15.383
0.340708
11.7202
19.8105
27.8296
4.30362
11.7302
15.3541
36.3316
19.2322
0
28.2299
15.7291
14.4809
0.0362085
6.26351
2.0233
14.9962
7.29459
7.25994
11.9218
11.5261
0.112233
0
1.80885
1.4971
5.81105
0.961175
12.4469
6.76282
17.292
6.62697
6.07375
0.914846
6.9946
0
8.83053
7.10978
6.96802
5.05956
7.56579
18.434
17.2968
5.24567
11.846
10.1379
7.43227
25.1379
0.0632054
9.35868
6.03841
12.9847
0.0149263
10.4555
3.60221
11.6355
4.04649
4.41579
10.0493
5.33672
1.79729e-08
6.68898
6.59547
4.4873
8.87722
15.3184
9.9933e-07
2.66577
4.3787
0.0470607
1.23679
5.69166
0.802063
3.9652
1.65837
8.20177
2.5903
12.2526
5.68646
9.09037
10.0451
1.00134
1.83205
9.49398
0
0.506149
3.63545
3.85373
0
6.74342
5.26142
8.09213
12.9549
9.96741
6.95027
11.1106
7.84657
8.11217
7.27273
9.90832
8.65601
16.1174
16.0529
3.56402
13.8423
29.8762
0
8.44003
9.94811
30.8559
3.66664
2.30783
18.3769
1.93279
0.9034
0.51872
11.6241
15.065
9.79874
15.9729
7.89865
7.11088
4.8704
7.19062
5.96752
6.83683
9.7809
13.8216
1.67131
7.34226
1.38836
11.1205
10.2302
31.3723
9.90769
9.10131
40.2843
10.066
8.41582
0.00313316
10.0782
7.66414
8.19986
5.1236
6.51909
0
1.84002
6.7646
12.4828
14.4984
10.6442
2.02461
2.85272
0.0903167
2.1855
8.33335
6.50134
17.6316
8.64222
0.828659
10.0329
3.50179
17.1772
5.98917
1.16582
13.9839
11.4981
4.27422
27.8667
1.06496
13.8774
0
6.15818
0
0.750082
2.21564
0.0864892
2.06872
2.84796
0.798162
8.71015
0.066238
5.46579
2.01295e-05
3.09913
2.82707
1.46705
4.18648
0
0.689789
1.5113e-08
0
0
9.29536
1.67241
4.08698
16.9564
10.8119
2.22958
5.67086
1.47573
1.55544
0.829358
4.66353
8.32851
0.860669
8.42135
2.74872
0.0932465
10.3833
1.05423
6.26547
5.52871
2.29382e-06
9.44792
0.0101608
0.87883
11.9963
1.248e-05
0.60285
0.463613
0.0406565
0.0266676
6.68732
8.05191
9.39728
0
0.436146
13.9115
8.78395
13.5736
6.15433
5.22703
7.79522
8.80669
1.97992
7.89336
8.81065
0.00180116
6.70416
6.01929
7.25275
9.1402
0.00467823
4.70375
11.7098
12.4981
6.98939
6.32686
5.80781
142.271
9.9532
7.33052
8.48
115.656
5.60733
5.53451
4.61452
8.59928
5.54837
5.068
7.88407
4.91443
8.10043
7.25766
4.57362
3.71641
3.2528
4.02209
14.2992
3.82841
0.000913163
3.86279e-07
2.07957
8.0646
0.775242
0
0
2.17426e-07
18.4397
1.85855
0.0577721
0
0.168112
1.91506
6.5389e-07
0
4.61361
0
1.08736
5.87613
4.52956e-08
4.00128e-07
3.58029
0.860576
5.01594
0
0.0271395
0.279091
1.18453e-08
2.09373
0.00572781
0.138463
0
0.247829
18.0566
1.03601
0.101881
0.176731
0.000112294
0.00390223
0
0
0
3.43151
2.00238
12.5891
0.929025
2.55546
0.320867
11.1922
2.08227
6.82151
4.03874
1.60237
5.75025
15.6252
3.13956
1.09111
0.49673
1.60721
0.66894
0.311482
1.72734
4.7857
13.0106
15.3681
9.86692
10.5835
0.257959
1.4563
0
1.37868
9.87306
9.99343
5.90836
8.21286
4.80285
4.71836
11.0922
0
1.7122
6.03585
3.82991
16.1917
15.9432
5.99396
12.8698
6.2139
1.40884
5.2762
11.1213
25.3961
8.24704
17.1867
18.2499
1.29628
3.87325
2.01032
1.10937
0
0
2.18657
6.18402
3.20659
0.0551873
0.000753116
7.43325
12.3286
3.15973
1.6569
5.44848
1.29014
3.6311
1.48176
3.582
0.832664
0.960862
1.87384
2.25227
5.92317
5.56465
17.2157
6.02358
6.31386
16.4215
0.195102
4.06334e-06
3.84801
8.84947
6.13279
4.11912
3.98541
1.53543
12.7108
1.99795
0.950278
1.42258
1.16999
1.56176
0.432192
7.94854
8.97069
7.62419
0.169269
5.02239
3.62473
0
0.124892
0.000159537
0
0
0
10.2435
2.09017
3.85997
0.00384406
1.37366
0.615536
3.57436
0.275543
4.22015
1.04067
1.60319
12.213
3.88764
0.00710063
0.566235
3.29699
3.08462
0.0136628
0.558643
0
0
0.0120846
0.828252
0.00923623
0.00358246
0.0914178
0.355148
1.82824
1.32515
0.308214
7.06384
0.683806
4.44694
1.02086
1.25146
3.32355
0.824113
1.79719
0.610579
6.07778
7.31612
2.3399
8.05869
0.701679
0.662664
3.2387
4.10384
4.58728
11.3566
7.54215
1.23359
3.77523
0.957212
0.09644
0.0758254
11.0177
0
0
0.0803149
0.817928
0.941462
0.164469
0.55336
18.9752
0.0577131
0.00673192
4.68073e-05
3.49219
0
4.62388
4.54606e-06
8.3734e-09
0
16.0932
2.10926
3.22401
6.83073
15.9185
22.0165
15.2189
1.74589
0.826574
2.90343
16.5351
2.68558
14.0313
5.32399
1.38073
2.39711
14.2565
0.578968
16.1729
4.42143
11.2875
3.45199
3.26556
0.899746
6.35434
0
1.88754
0.000507288
4.06078
1.22409
4.63652e-07
12.9071
8.84923
0
12.1171
5.04557
11.9885
9.53516
3.67833
9.88889
17.8109
6.96784
9.88971
8.30339
2.80459
5.76386
7.38042
9.07356
4.81006
3.00131
1.72794
10.0828
0.724205
2.15206
2.77131
0.969822
3.92632
0.0621654
1.09123
1.81584
0.977636
0.608743
0.959458
1.69993
1.18324
3.54916
2.09059
2.75773
4.90213
0.474413
0.606531
0.506855
0.867911
1.81451
2.56694
0.968844
0.936173
1.56873
0.819475
0.645258
0.152524
1.42066
4.2076
5.74489
0.130953
6.98433
4.4549
0.9871
4.26599
5.72138
0
1.06506
0.402059
6.47288
0
13.9617
6.58857
5.26065
0.305021
0.134799
9.41236
13.8186
14.7257
5.48792
6.08754
31.0362
0.00639903
15.8609
23.4106
0.002669
0.967113
16.1094
0.00535845
3.16208
2.52997
0
1.23517
0
3.34544
0.479698
1.34222e-05
0
0
7.50654
0
0
0
0
6.32875
15.2173
8.7223
9.07542
1.61904
17.3456
11.1856
3.68215
12.7424
4.78791
9.61714
4.05671
5.47471e-07
0
10.31
1.9241
0.0255384
3.01982e-06
0.000371882
0.309066
0.614269
6.18235
0.00839724
0.735183
13.5438
0.00908054
0.915709
0.0390639
0
4.22235
14.9213
7.73755e-06
0
0.000362087
0.145366
0.0680661
0.295169
7.77088
0.58965
0.050535
4.34659
0.010151
0
0.729835
0
0
0
12.5768
10.7865
0
0
0
0
5.80941
0
0.553335
0.74761
2.00008
0.156656
0
0
0.0526481
0.0531344
2.55468
0
0.0795506
1.92939
0.000117033
4.10488
0
0.00128309
10.1921
1.02383
0.0606636
0.987059
0.49339
0
0
0
9.4656e-07
0
0
0
0
0
16.1379
0
0.213522
0.298319
0
0
0.604394
6.49625
0
0.0840671
0
0.6785
3.79716
4.48966
3.84934
3.28328
0.605507
0
0.595168
3.41594
11.6021
0.00750542
0.951418
0.698953
0.441242
5.39137
0.00434964
7.41788e-05
0
2.51478
8.3477e-06
0
0.0215222
0.000131072
1.53816
2.47151
3.92246
1.00171
1.95689
0
3.81358
2.4474
0.476356
2.17824
0.0291438
5.42993
8.71242
0.532803
1.99162
6.8516
4.52174
0.647976
0.833492
0.0295067
0.928751
24.5515
0.618385
0.0528492
0.747229
0.145795
0
0.509747
3.20155
0
3.81834
10.4346
0
4.27766e-06
0.163019
0.0572616
0.0501968
0
3.64658e-07
1.8102
0
4.05421
8.83366
1.0999
0.70638
7.8839
0.667003
0.106921
0.503775
4.28826
8.65464e-07
0.735782
12.3104
2.36823
3.68442
0
62.7275
12.0186
8.56141
12.775
0
6.83102
9.40998
3.5097
14.1923
0.79447
1.15738
11.745
0.176294
19.4663
1.86693
3.23471
8.38772
0.0484163
1.61444e-05
0
0.00715734
11.2666
0.4479
0.974504
9.54023
21.7305
0
6.73911
12.8435
10.8261
7.59953
1.28447
8.69662
7.70192
2.0484
0.830684
8.2664
3.4524
0.871934
17.4334
10.5502
7.04913
15.8876
7.51514
13.5608
4.03078
7.56683
10.0273
0.100008
13.1068
0.0284143
3.36662
12.3162
7.92276
4.40846
0.0412921
0.912504
0.596962
0.198674
0.150076
2.07254
1.16063
0.00997523
0.000566204
3.98535
4.12951
0.549614
0
10.5362
0.508414
2.16138
0.102647
0.00453375
0.799112
8.93683
0.0388488
0.379796
1.28435
13.3047
0
0.25881
7.90138
1.56852
2.93529
6.57899
11.1362
0.000976046
2.42181
0
0.0505619
31.4447
0.000940818
0.705673
16.2835
8.77297
0
22.3472
1.81571
0.266824
0.696888
10.7012
9.85075
2.90847
0.108221
5.81747
1.37093
3.39562
16.3075
2.78333
3.69934
7.10212
1.22407
8.31381
5.76964
5.4613
4.69926
2.3967
1.58132
3.08013
2.21362
0.621024
2.59295
0.00242279
1.6299
8.79802
0
5.09226
5.01649
11.3918
0.851175
0.00219123
0.166226
5.37172e-06
0.19052
0.613253
0.849216
9.58224e-05
0.0900428
0.0358015
0.263888
0
0
11.4232
5.42655
0.137345
22.0686
2.44863
6.64058
8.3161
3.228
5.99241
0.297911
6.24743
6.53169
6.48389
4.25576
4.44761
18.3273
5.00355
5.33327
2.43791
4.55538
5.78213
16.9332
10.7234
1.34282
4.38821
6.22089
3.74756
0.481443
1.58494
1.1667
0.0840114
0.00426135
30.3545
0.0120893
15.1225
5.72782e-09
0.712182
6.58301
6.32662
9.98927
4.00157
5.98339
3.45615
0
2.63453
0
0.823941
0
4.7081
0
0
3.66896e-07
6.99763
17.1208
5.29933
2.34319
2.27076
2.22859
1.05626
0
0.84076
0.423162
0.00644744
3.03983
2.62427
5.77802
3.30437
0
1.54397
2.09195e-07
0.838152
0.158303
2.30561
1.30696
1.69287
1.75734
3.71029
2.87695
0.126522
0.0332878
0.841309
0.0725498
1.97283
14.039
0.11108
0
8.22638
5.42626
0.0725619
4.18174
0.00103823
15.5889
0
5.32037e-06
12.38
