0.761961
0.34282
0.372721
0
4.06777
3.11192
0.516344
3.74782
0.0905392
2.04537
13.1898
0.396925
1.49416e-06
0.770982
4.06443
0
2.1273
14.2663
13.7305
8.86509
6.57232
0.193574
0
0.214902
1.69737
2.39447
3.8021
12.5787
79.9557
0.480329
0.0521671
1.39831
1.73024
0.852151
3.83544
0.148978
2.35088
13.1377
10.3757
23.1573
30.2509
16.1894
1.59969
10.8165
1.77564
22.7358
5.94847
0
0
0
2.02358
5.05353e-06
3.69508
1.81082
0.0402525
0.00280407
18.4731
2.97561e-08
0.00377084
1.8478
2.85861
0.000989331
4.0531
0.607297
8.65456
0
1.52573
1.0843
0.729568
1.70484
16.3534
0
0
0
3.43257
0.125288
3.08506
2.15838
0.259909
0.00452573
0.917209
3.21427
0.464839
0
14.261
3.44358
19.9536
16.2393
9.63836
12.4867
15.571
19.5393
13.2079
7.91937
133.013
9.53173
7.10503
9.29199
0.1487
2.5357
8.32265
2.54844
8.83198
9.27278
4.14435
8.19656
7.66297
7.06002
6.02996
29.9152
30.6751
12.921
27.3279
40.8029
20.8245
11.8358
3.95335
3.65394
0.951905
3.54739
5.31624
1.79518
4.6084
5.33301
0
2.90573
7.97604
0.23468
0
0.33992
3.8579
0
1.21183
28.1897
1.03113e-07
10.2635
8.39447
1.72627
0.884739
1.96215
0.0081533
0.912305
0.439122
3.41971
1.18091
2.20763
0
0
21.6504
125.912
1.75144e-07
0
0
0
0.903812
0.033102
0.00430223
0.621194
2.37956
0.231716
14.2837
6.83913
19.247
18.2561
5.56166
0.0890936
21.0226
0.0587399
0.891802
0.045161
25.4063
8.35369
1.35224
0.861181
0.258169
0.155979
0.00279256
0.00294347
0
0.971712
0.00222713
15.5491
0
0
9.4241
28.2282
10.1886
6.09443
10.0758
19.1046
16.376
18.3732
22.8199
16.5701
4.02568
0
6.49318
0.891738
6.32595
8.32076
25.6163
143.517
5.4583
31.0845
11.8112
5.14922
13.0571
1.12207
139.574
2.87188
24.7826
17.0117
0.351776
12.1872
19.3149
25.8436
1.92418
21.2799
14.5808
3.10256
2.30449
2.7711
20.4954
2.1723
23.0304
11.9516
30.125
18.907
13.7599
0.845641
0
11.4636
26.4454
4.163e-05
10.2391
3.55966
2.17993
3.18768
2.45145
4.5217
7.58
3.89233
3.04221
1.09685
2.05831
1.66425
0.34791
0.00720444
1.39126
0.905007
0.238492
0.958181
0.234017
2.33274
0.0111917
0.0836088
1.76271
0
0
0.00783612
0.951995
0.000295245
0
0
0.7688
0.681864
0.00155789
0
0
3.37544e-05
7.99401
0.0496849
23.6482
0.0255243
0.0198277
0.497584
0.0155859
0.388578
4.38763
1.37206
26.7021
0.144889
0.0210107
0.0425297
1.24854
7.80837e-07
0.000125319
1.13268
0.618015
4.12556
2.21678e-05
0
21.2546
0.809293
1.62538
1.70072
0.101399
12.5411
7.96636
31.4833
20.6445
3.61484
9.82085
12.8102
4.27255
7.54784
2.18212
3.53847
0.0111262
0.0174309
0.575729
0.543652
3.88394
2.97169
14.1907
13.4109
66.8656
98.9143
4.03276
18.5033
0
9.37457
0.767362
1.98453
5.62164
6.34362
0.092852
0.0791092
3.93748e-06
0.944213
0.000957473
0.719957
0
1.0212
6.86338
22.9808
7.58699
2.62185
3.39061
0.130216
3.07568
10.1924
0.80676
0.205695
0.392916
0.612292
1.84482
2.56465
5.32292
3.57982
1.08239
1.41088
16.1291
0.287802
0
0
2.52168
4.39099
0.542318
1.31265
9.35854
2.3999
0
3.46407
0.0208953
0
0
0
2.3439
5.25228
12.9611
4.56648
4.76207
10.2764
2.63414
2.05902
1.2171
4.10745
8.42089
11.8508
24.7002
20.1211
0.698779
7.07332
3.50641
3.00766
7.12231
10.1737
1.04419
2.1659
8.73953
3.71064
8.45251
7.8213
4.76751
21.3815
19.103
20.5665
9.62668
27.0362
8.57846
30.2302
14.9809
30.1117
29.9252
18.6793
7.83263
5.11212
2.22539
7.05939
6.20538
12.6574
2.36071
2.86145
4.88774
11.6704
17.5934
11.4185
17.3756
5.37419
3.10459
11.8845
16.7179
24.3024
21.8949
52.9237
7.27396
43.4547
40.7198
22.2995
7.43855
16.4964
23.4707
14.351
24.4029
9.18268
24.4937
1.46582
7.06617
40.7399
41.3616
14.6229
9.28366
9.03521
15.6801
0
2.46958
0
3.07521
1.85921
15.9912
4.87696
2.86503
23.028
39.8943
10.0643
31.4217
21.7545
14.7236
13.3071
12.444
0.987081
1.39089
1.87389
5.76854
3.08307
30.1921
3.02307
1.69621e-05
4.48524
0
2.14577
0.726094
0.00680971
0.988527
0.0126124
5.93868
0.313372
0.0323278
2.7631
7.67857
0.896791
2.2112
14.3352
9.15859
2.51783
5.33548
39.2082
0.698505
47.4789
31.1347
27.1235
27.1628
1.46975
0.867136
8.11265
0.0429787
1.40916e-05
0.00766935
0.490838
33.0481
26.7439
2.4508
11.115
28.7421
13.8209
7.73115
3.14455
0
3.8774
4.46805
2.10147
0.678135
1.05256
6.64074
2.64969
6.71999
0.821828
4.26482
1.59824
6.4427
19.2959
8.94856
0
0
4.6699
0
3.72971
0
4.36582
0.925544
0.544349
1.82338
1.54237
0.703428
3.42578
0.312017
0.812156
1.71416
25.8987
0.0490066
0.078201
0.392011
0.000828774
0.000316202
3.74296
23.9672
18.0314
20.6322
18.1135
6.0483
17.3534
0
33.3104
0
5.51162
17.4956
7.00571
13.1548
3.84471
1.31466
0.210105
0
5.62872
0.000573322
0
12.1811
0.349324
2.80896
7.26384
3.67379
18.7506
0.433183
2.06069
0
30.2826
52.2331
9.95116
30.4551
28.4391
4.47949
4.26153
0
12.2924
5.60662
0.788361
1.68837
1.01357
12.0767
1.69079
0.89219
0.00512199
2.9106
0
0.0474586
0.140636
7.93666
8.4256e-08
7.0779e-07
1.33064
2.19384
11.7626
8.59403
0.000150269
0.000346198
2.98995
0.16635
0.103712
0.076024
3.30327
0
0.0536563
3.65589
6.76778
20.8493
2.08176
1.15306
0.179425
10.5574
0.0151293
0.673586
0.049277
0.891606
3.11447
0.0137387
0.00368195
0.465048
16.058
0.576966
7.49538e-05
1.14323
0.582191
8.21095e-08
0.7651
8.5651
0.0909154
6.07309
38.161
5.80343
0.00151532
8.61591
6.58087
4.22102
2.41748
0
0.00384363
0
0.703985
32.6166
24.2474
0.981742
16.0197
0
24.7164
14.3543
6.88205
6.48879
0
3.65858
0
0
0
0.0748201
0.971856
0
10.2959
7.90993
1.41626
0.109579
8.40499
1.55784
23.5428
3.63246
18.0371
24.7378
1.51091e-06
1.11811
0.163943
4.19554
9.02254
0.14672
0.000373723
8.02108
7.72344
0.00829077
10.166
0.00196002
0.0410813
6.09624
13.8846
7.37441
24.4972
9.49475
32.65
9.19302
2.28932
3.42415
0
0.433027
0.654371
0
3.85474e-06
0
0
0.87817
33.9906
2.02123
0.965633
1.21881e-05
0.0460544
8.50532
18.4529
0.660315
5.22898
2.72433
20.1121
7.665e-07
20.6592
2.45557
19.8921
24.154
4.1331
5.00943
12.4447
9.48234
0.341014
3.75078
6.47854
10.0417
4.04141e-05
23.3929
0.0142863
20.1285
114.205
9.46913
17.149
94.5796
9.10607
6.16801
0
0
16.6559
24.1383
0.1749
0.157824
0.417905
1.63347
46.7414
2.51479
0.540828
0.73272
0.253998
0.854784
7.36043e-05
5.18943
22.7047
10.5449
1.11367
0
0
0.00326059
0.899263
18.0184
0
0.302269
15.0424
0.00708406
19.1576
0.486648
24.8391
16.278
18.8019
9.96457
0.370813
6.13124
2.74405
4.36436e-06
0.162114
0
0
2.98952e-05
6.6201
0
0
0
0.762341
7.3883
0.230283
10.7049
7.37075
3.12758
4.54952
1.032
0.765099
0.839787
0
1.35591
0.425079
3.16956
2.67574
16.4953
4.31933
9.2294
0.552986
0
13.1622
0.892236
3.75322
0
4.62669e-07
0.00153295
7.54006
5.74228
8.33389
18.3858
1.38695
21.3196
1.82317
0
0.571046
60.5528
2.09127
0.532728
0.00614037
0
0
10.2158
23.3234
1.1718
0.750773
3.67242
8.61558
7.41439
4.71256
11.5307
12.9063
12.9431
0
0
1.41498
6.57589
5.34231
2.85808
0.000120473
5.40368e-06
0
2.98215
10.8326
12.9832
10.9236
0
3.86231
2.84353
3.75893
0.0370546
20.6957
4.88542e-06
0.0587917
16.6202
0.000348948
0
6.81898
1.04645
0
0
4.36646
1.27416
0.496748
0.0456714
0
9.8774e-08
0
0
24.1603
0
16.6976
0.104236
3.84763
0
0
0
0
9.97425
0
10.641
4.05612
0.0311056
0.975077
22.3874
0
33.0431
15.5459
4.3424
9.50777
13.1026
14.1753
10.7792
11.8466
13.4079
2.52403
6.05336
17.1634
2.74037
15.1587
7.37872
12.8146
0.00308063
4.75971
2.43256
8.20478
16.6976
0.186961
3.05122
3.39371
14.1679
13.1281
1.43863
2.86919
1.21778
0.00160651
0.773846
1.21931e-05
0.000790046
2.70703
5.26609
24.7274
19.4095
1.78721
1.58053
0.000254182
6.52001
3.82709
0.0294603
33.1428
6.24004
6.07553
0.0537102
0.219088
0
5.60501
1.11093
13.4368
5.20149
0
0
14.8649
0
0
1.44393
0.475373
1.03612
0
5.02437
14.4079
4.71764
4.53127
2.39478
1.8998
0
0.968577
0.465129
0.541587
1.02186
9.60948
3.24042
100.512
16.9444
31.0966
0
0.720832
0.845131
0
10.3642
6.15877
5.5091
12.0962
1.20203
27.1968
2.2699
0
0.0208685
5.94037
0.0198236
0.663145
1.0044
0.789525
0
8.59903e-08
7.60892
5.25505e-07
8.41976
5.76565
0.00286307
0
2.27324e-06
0
3.32175e-05
19.8115
20.5386
3.18739
23.7956
20.2299
0.749401
2.43731
0.968671
0.00788758
5.33567
2.55199
4.10254
0
0
0.00491198
3.29563
0.00762866
0.0399885
9.63178
2.00053
5.44092
6.85189
0.0224698
1.67871
0.0286894
7.86659
7.25385
5.9263
0.664939
2.76289e-05
0.0762201
5.63001e-06
19.0598
0
0
16.5317
4.53923
0.705668
0.0346202
15.1863
2.63312
1.8743
1.15111
2.50781e-05
3.80438
0.287092
0
1.27319
21.4581
0
27.7346
0.273736
2.87768
0
16.0321
11.6334
15.2601
13.6756
19.0415
7.55958
16.823
3.50098
1.26962e-08
0
0.0867148
6.73921
11.4686
3.54691
3.8502
0.632736
2.38969
0.0669958
20.8307
20.4538
16.4506
11.6316
2.58875
14.3893
14.4905
18.2404
9.28174
37.2079
3.0167
6.2007
8.59036
29.4835
0.866792
0
18.4812
10.6992
2.42536
6.56601
2.79378
0
23.5162
14.971
12.1907
0.424792
6.28883
17.846
16.7678
8.84991
18.8833
8.35847
9.55422
15.314
25.6161
0
0.000421686
2.34611
18.3416
28.4187
24.9432
22.5307
29.4613
32.2882
30.5168
29.8898
33.886
119.474
89.55
29.574
15.9734
6.65053
1.96939
1.89902
0.234563
0.148605
4.06151
0.683477
2.60263
0
5.73951
0
1.70541
10.7734
10.5078
2.80409
2.05664
8.79401
5.00169
0.0523547
1.10671
2.61529
4.54556
19.8063
6.52052
0.579047
15.3077
31.6941
9.20901
35.6075
9.43935
32.4864
0.876265
0.0970359
0.397002
35.7117
3.35006
0.865237
0.195946
31.0053
2.79538
0.613924
0.374821
0.00894125
0
79.3858
0
50.4389
0.0667496
112.506
21.148
0
0
0
43.4643
40.539
18.2389
25.2274
0.653609
0
26.5616
52.3047
0.180631
0
9.4714
33.8899
33.4828
0
11.6001
29.7722
2.71708
12.5158
0
0
9.07789
0
0
0.0726028
0
0
26.3668
0
3.02114
7.12477
6.55601
12.3003
13.8615
1.59966
13.8444
1.35126
19.1779
0
23.1301
24.1876
0
29.342
0.0450825
19.0202
0.714494
0.115146
0.00043951
9.20379
10.806
0.896327
13.7437
0
27.5533
12.8119
17.9022
0.97009
17.2387
2.60945
36.7183
30.9199
0.562858
0
0.543042
22.2939
0.89425
10.2648
0.230957
0.573126
0
0
13.8668
0
0
0
21.9762
0
16.7761
20.9261
1.0509
19.5013
0.903267
22.6259
8.75248
20.4814
0
0
0
0
0.0523288
0.000352963
0
1.49101
3.64327
5.27066
2.07482
11.2823
16.6888
3.98571
23.543
17.7955
1.04155
26.986
15.8939
12.631
14.7661
37.2546
27.7834
63.1546
0
19.9267
67.6343
40.5352
25.4442
21.9551
3.72821
27.4368
14.6249
1.81688
15.6737
0.000517997
0
17.6356
0
0.0177456
0.00195393
0.60338
0
0.0948437
0
0.126391
5.00438
1.13918
0
3.30799e-06
0.0085446
0.0015405
0.226082
0.00545774
0.110493
1.48571
0.036439
16.9014
10.768
28.9016
6.87394
0.000348967
2.5781
13.5578
60.8691
0.010449
0
10.6272
5.97169
13.7386
41.0448
0.0184514
0.0908886
2.61848e-05
0.0114639
10.3593
37.3048
0.00111973
2.05463
0.277818
0.669073
12.979
0.0170015
9.36778
19.2712
0.919098
2.58116
1.42717
1.46998
0.865847
1.11836
12.3168
0.132433
0.290979
0.871235
18.2196
38.2922
1.3852
3.82907
34.0704
3.51506
19.262
27.5311
2.8619
25.1877
0
0.746402
0.491554
2.29208
2.48034
1.91726
14.1562
0.682807
7.67621
0.0752958
0.146732
3.22895
1.06425
0.744881
0.0228054
1.03771
0.959559
6.9754
34.1256
6.66825
17.4372
0.520337
7.7832
0.968856
0.340548
3.50503
0
0.159401
0
30.727
32.373
30.9339
26.7936
22.858
6.90197
0
5.157
14.0288
0
1.72508
0
1.08032
0.177357
2.18891
0.486188
0
0.345891
0.0589787
0.316186
0.335319
1.8527
6.98243
7.34795
6.33387
4.06601
0.0570684
4.4887e-05
0
2.54268
3.80759
0.0188214
0
11.4697
9.92563
8.63704
0.333652
0.223218
0.984136
5.40246
1.27822
0
2.08042
4.85029e-05
25.3479
0.225382
0.815988
21.4589
16.6408
0.329877
0
14.9597
16.6141
3.96143
9.48555
2.01088
2.31342
1.26454
2.51024
0.23487
0.9317
0.638474
18.4944
9.40645
3.11236
1.02913
0.395644
1.8602
2.39382
5.34921
3.02052
0
0.000199588
0.437183
1.2932
1.01047
0.00200713
5.71309
0.000861547
34.9074
0
0.65608
0.15573
1.81927
1.11943
2.97225
1.21532
2.42977
23.5481
13.6945
0.22155
4.1796
4.1489
0.364615
7.5367e-07
26.7753
20.4102
8.54503
18.0997
0
5.51292e-05
15.2571
7.93825
1.73822
0
11.1478
0
0
0.405322
1.27376
0
0
0
13.0195
1.32598
2.09035
0
55.0165
2.96442
0.00508778
0.0744936
23.9137
8.41535e-07
1.5106
126.119
0.0802898
3.02499
44.5739
1.87743
3.95728e-08
137.809
0.0743784
1.91858
0.287125
1.64934e-05
1.56494e-07
4.9781e-06
0
0.00780422
6.3097
0.314593
0.591814
0.094386
0.0270315
0.344318
12.2149
0.964001
4.37244e-08
4.06438e-06
2.03145e-08
2.63225e-05
0.136257
0
6.99823
0
4.33076
0
0
20.17
3.54196e-06
0.0671749
1.65246
3.83082
6.7961e-05
9.22575e-07
16.6819
6.80289
1.86524
115.16
30.9589
7.86839
0
0.00177935
0.00470381
0.745073
0
0.737087
0.879141
3.98061
0.875402
16.6743
10.4518
0.412026
0.703519
0.00091323
0
0
0.000760058
6.32526
9.7493e-07
0
0
0
3.38088
0.662288
1.88758
0.0260547
0.000303973
0
0
1.24251
0.0230601
0.000122228
1.31076e-05
0.0579992
0.108763
0.818153
0
0.911006
0.000180243
0
0.813864
14.7508
5.45343e-07
1.34046
9.73659
0.442246
0
17.6242
2.46399
4.99147
0
2.50085e-08
0.0254457
0
1.82868
0.0618443
0
0
3.21585e-06
5.67859e-06
1.93873e-05
0.000976417
0.141924
0
4.01173e-05
28.6703
0.00422053
0
26.429
0
0
1.39012e-07
0
6.35662
3.91763e-05
3.87067e-05
1.23524
0.927949
0
0.908589
4.80229
0.00336993
4.12721
2.07791
0.0560795
0.448903
0.261087
3.7359
0
0.385623
0
4.13405
0.000477699
13.7875
2.88125
0.43629
0
0.0034346
0.0826838
0.139868
0
0
0.0202261
12.355
0
13.0582
0.0624496
9.0555
25.2485
0.114807
11.4499
1.4345
3.88135
0.426795
0
2.93006
0.000944225
40.616
0.0625749
0.901378
0
0
1.52218
14.5384
14.8513
0
0
19.0979
3.48445
7.47131
12.2552
6.59713
14.8546
6.20333
32.7866
0
2.67905
12.0721
0
8.17153
10.365
15.4915
8.943
7.69346
3.71706
7.8999
8.52752
2.92457
7.48162
10.8467
8.65876
2.84151
1.88237
2.9085
6.10856
0.116239
0.379071
0.000340905
2.51888e-07
2.96651
5.32988
6.30215
0
0.740488
0.00236978
0.000588522
0.882646
0.547396
0.878864
0.168719
0.811449
0.59759
0.83521
5.11287
10.1035
12.8602
0.000863303
0.862859
4.51865
4.32473
1.12932
1.94514
1.06303
0.26691
21.2964
0.845008
0.391901
0
0
0.0253511
0.978937
0.141557
0
0
0.686976
3.26201
0.173738
0.00823335
0.903425
0.077668
0
0
0
1.04709
0
0
0
0
0.0239879
0.313578
0.97416
0.0516966
4.84921
0.0974552
0.755699
0
0
0
49.4017
0
0.756677
0
0
0
22.1617
0
0
0
0
0
28.1737
0
0.509233
0.888467
0.00636622
0
4.24828
2.094
8.35486
1.14725e-07
0.0869876
0
1.45355
3.31281
1.32153e-06
4.69644
3.16023
1.8516
1.73895
1.10279
1.158
4.34248
10.582
10.4852
8.24633
14.7584
8.11805e-05
0.00844809
24.8063
19.4064
19.4484
12.6147
19.5868
8.9959
1.71953
12.768
18.5478
23.7651
2.9781
14.3578
34.8557
25.9937
20.0359
19.3008
0
18.4365
0
11.2604
18.2584
23.7777
28.0427
19.5462
41.9345
16.7313
5.70304
1.07687
14.2573
13.429
5.59279
6.87796
15.4334
8.69112
18.6629
3.91561
5.13472
3.84882
3.03965
4.508
0.537613
11.2054
3.02529
8.1143
0
12.6301
17.9223
2.68301
3.55442
2.10856
0
1.99636
2.48315
8.30924
2.78732
11.9114
2.87216
2.33937
0.664635
1.19261
3.3711
2.84944
8.30157
5.01245
0.00275826
2.08504
13.3825
0
1.63265
0.00187221
2.75175
1.64443
0
0.000542712
0
0.457631
0
5.54493
4.09956
3.59086
6.63958
4.55041
16.7978
0.68495
18.4259
4.96474
1.34021
27.329
4.27894
1.68737
11.1156
17.0813
17.7195
7.35701
13.391
4.56146
8.8203e-08
10.0942
5.43623
3.74741
0
16.8192
0
19.1288
6.8317
0.00390353
11.5973
8.33248
15.0243
1.3965e-06
12.433
0
0
9.25539
3.59149
2.96103
4.53215e-06
4.08587
2.46118
1.38534
3.98784
3.86963
0
0.00470233
13.0679
0.61273
0
0
0
0.0241381
3.42658e-05
0.000299207
0.527056
8.44125
0
4.05577e-07
0.0732132
0.00010211
15.5327
18.1925
0.00601225
0.968022
10.0668
12.937
0
3.22475
1.08754e-07
1.64884
0
0
0.639744
4.70998
0
35.5567
2.00363
13.2557
0.789199
0.0854218
0.310701
0
1.71595e-06
47.2758
1.13193
0
0
6.93229
2.03587e-08
13.1864
17.0986
28.5836
17.8185
16.6932
20.6197
0.465517
6.82928
15.72
5.98682
1.34988
15.2746
0.146038
0
3.93644
1.46323
11.7426
0.0695519
18.6269
0.619922
0.699127
1.50942
12.6058
7.1516
3.59959
1.79479
5.26006
9.00387
7.69498
8.40371
12.2492
0.554145
0.77883
0.273113
1.05126
0.0214677
0.00923913
9.40037
12.6545
17.3607
13.6
0.746537
11.3608
7.99626
0.367462
4.6371
0.594706
12.8252
10.6451
7.9784
3.59619
95.9158
42.4808
0.425587
12.5603
70.5145
0.0584728
0.512144
0.0601488
0.0294437
1.40541
2.41175
1.80632
1.30899
2.7538
19.1889
12.57
0.191558
64.4957
0
0.0208903
0.0217177
0.181565
1.04911
0.10838
0
0
6.1117
0.000517941
0.785028
23.7289
0.0827166
12.3525
1.91689
7.78543
0
0.358065
5.67524
0.894884
0
3.06839
2.24272
4.24064
0
38.7008
23.1749
2.17403
3.01297
15.0081
3.77571e-06
0.748072
3.13431e-06
0
0.514592
0
80.4562
0
28.1287
8.17706
52.0972
0.0452247
6.8927e-05
0.863758
0
0
8.79626
5.67645
25.7762
0
20.8109
11.4363
12.0798
2.77664
4.19865
2.494
8.16557
0
0.0691657
2.338
0.707339
0.00642795
20.0118
0
0
0
0
0.000848481
1.62403
0.804276
0
0
0
0.853348
4.04508
0
0
17.5847
0.465424
0.149717
0.00720211
0
0
5.16211
11.8775
0
2.51906
0.0624236
0
0
0.649437
0
2.78434
1.92315
9.0195
4.45486
12.5182
8.7954
5.7541
3.03234
7.35926
29.7304
31.6952
1.84872
54.6628
29.4084
43.6025
16.8699
31.8204
53.1495
21.9776
17.946
13.1465
17.397
17.0565
12.7852
11.6792
11.9451
0.677833
12.1127
2.90114
4.74788
11.8489
18.6875
15.0762
4.06177
9.224
19.4346
6.6567
6.2839
0.658126
15.4666
1.00307
0
0
0
0
14.1192
26.6727
0.0106482
4.94994
4.95616
4.52963
0.000142888
0
8.95356
7.14633e-08
10.1436
1.88216
0
0
2.90002
6.3244
0.0093355
5.48411
7.88936
5.66936
5.32308
2.70329
12.6944
0
6.587
23.3973
6.69983
10.7106
1.52751
7.92767
4.04603
2.13001
2.95079
6.1264
19.9766
5.22852
4.31944
1.2931
6.74264
1.26473
1.95054
7.06963
26.4454
11.1315
6.37389
15.3636
46.8343
44.9619
25.9193
39.4227
23.9169
21.353
11.1314
10.3807
11.9038
11.5576
6.50414
0
0.0181858
2.32764
3.73433
5.48602
8.68931
12.3391
11.7349
15.6327
10.278
4.72176
4.98939
7.73747
1.07207
5.47662
6.92848
4.02441
1.74657
3.09119
2.60212
30.9019
2.09408
6.13847
1.73963
6.41667
11.5298
3.49194
0.657904
0.668285
3.00706
34.2977
1.11701
7.73654
0.94257
1.38436
3.0349
4.23349
9.06252
3.77279
5.59823
9.83272
5.21657
1.78179
0
1.25556
0
6.25442
7.67416
4.3394
6.3652
0.0129896
8.42843
19.8908
15.8197
20.9207
15.8593
18.9166
10.1029
11.4461
0
1.72323e-06
0
16.3389
12.7985
12.253
3.36282
18.6752
4.07673
7.02878
0.0227408
6.96024
0
5.02848
35.6272
2.50628
9.47061
20.3807
32.9745
13.8023
5.44576
0.0115868
17.2907
5.58287
24.1435
6.89913
14.5448
24.154
12.2442
23.1956
23.9473
9.06854
9.66804
15.9693
18.9923
19.0113
23.3452
15.2793
10.2798
10.9459
14.026
6.50012
5.47048
5.9878
11.8495
4.22158
12.1738
6.39741
10.8669
15.4383
5.05709
3.60481
0
6.48976
0
1.72433
3.18589
8.14388
3.67934
10.4624
4.47761
11.2687
7.64166
6.05013
13.6648
10.6967
9.17639
7.94504
11.0509
7.9908
9.06374
10.3776
6.14354
9.30188
8.1115
8.08942
4.43668
0
5.95345
7.32921
18.5419
7.48665
13.2403
2.49842e-06
2.71164
2.47339
9.29767
6.13998
2.54823
1.70328
5.5296
10.845
4.51132
11.0002
2.28611
2.23055
5.06382
35.3429
9.41828
2.00249
0.463949
13.0427
38.7974
0.0349741
3.75557
5.87313
12.1277
3.03522
2.63366
5.63456
3.30842
0.027909
2.83086
1.32582
1.66591
6.88733
15.6184
4.92339
2.0721
4.53379
1.71147e-05
1.75639
0.225193
0
1.58204
4.94843
0.788085
0.200602
1.99444
2.09472
2.93028
0.521963
10.7038
5.28982
0.741771
5.5105
0.0720087
8.07628
0
0.000157646
0
0.104398
0.37403
0.932781
7.13131
0.151896
7.38994
0
3.90593
0
7.41718
0
0
27.8439
0.208856
23.6768
12.3742
16.1157
0
28.0979
0
1.92198
0.00901914
0
19.9527
14.6047
1.15691
0
15.2111
0.337635
0
3.34679
0
1.20759
0
0.186398
0
0.975567
0.850791
0.410696
0
2.7436
3.73041
0
4.12122
17.3435
1.90655
4.7236
0.162508
3.35436
8.9446
4.02733
4.84911
0.0105097
0
0
7.84413
1.14454
0
0.984767
0.330477
0
0
0
0.00025169
0.474232
0.0959676
0.186404
1.03935
0
0.012698
0.52058
1.50795
0.214247
0.17676
0.0836386
1.71528
0
0
0.0886937
0
0
0
1.53315
0
0
0.0137118
19.5217
14.9377
35.405
17.3841
23.2751
7.44867
2.90404
0
0
0
1.55528
9.09996
0.706587
2.63923
0.897736
3.22367
19.7461
33.6961
21.5587
21.3965
2.4407
3.49909
23.3309
31.074
0.917973
5.84352
6.11343
4.72578
13.4535
2.76213
2.52091
17.5502
9.0332
1.40255
7.11096
0.0406803
7.8989
0.247234
7.67373
0.00484873
12.3713
7.99714
0.0873442
0.949278
1.97815
0.405268
0
2.81946
0
0.159973
0.012155
0.825568
0
39.6718
0.701811
8.54747
0.28601
15.4452
1.32976
1.9961
17.5003
9.95586
9.46179
6.27523
0.172357
12.0348
14.5943
13.8804
15.3595
45.2709
26.3634
35.1458
0.998595
125.366
0.0227084
31.3881
41.4722
32.5418
5.17395
0.529609
32.2383
21.7517
26.6189
10.4165
42.2141
21.9192
66.1841
20.4825
15.7579
19.0679
6.82285
13.386
0
11.3628
19.3657
9.9876
2.36578
33.9654
0.00790785
17.9182
0.806478
0.00208009
0.047164
0.0337523
1.83877
0
24.015
23.6466
13.1088
10.4655
3.31466
6.8337
1.72612
1.37073
0.929417
0
4.32599
3.59199
8.58953
6.88157
48.5556
10.749
32.6692
5.49984
32.4178
13.1159
7.78847
21.7961
0
0.0265812
0.829459
25.137
2.2203e-05
3.88014
36.3698
2.30952
0.194323
1.30546
0.0147876
1.79228
0.00181042
1.7935
2.70055
0
0.00489414
2.53277
13.4919
0.00102494
3.43477e-08
12.0849
8.68182
2.00785
13.2825
0.133988
3.54061
0.000292599
12.1139
0.0749858
1.13497
1.79073
0
0.036804
0
0.743351
0.613836
0
0
0
1.30156
0.0128873
0.971945
0.00412949
0.234689
3.018
0.283662
0.965302
1.5491
9.59421
3.43261
3.45794
0.000386604
4.27052
13.5533
0
0
4.32002e-06
0.07965
14.8804
0.482213
33.2664
8.18137
27.4189
8.89705
17.8477
10.9691
30.0301
1.84908
8.52349
14.6421
1.83435
3.66247
19.4265
0.880918
0.00643204
1.89115
3.23171e-06
1.68729
6.48311
21.8978
4.90164
10.7948
25.0324
0.434367
34.9707
16.1744
27.5998
28.1399
1.83891
37.6791
0.23702
32.0532
11.3845
0.872451
11.5527
6.23527
6.84539
1.11821
0
0.00632001
0.0152194
0.0105308
0.0931215
7.21674
0
9.80521
4.80417
22.1569
22.7318
11.751
25.4354
17.3869
3.4459
34.0843
22.0479
30.958
32.066
23.8481
6.49496
25.5278
0.000533001
6.01629
14.6325
14.5913
10.8543
8.08235
10.8169
2.16159
1.79328
6.65519
8.56472
4.90026
9.67387
13.8319
7.77014
8.01431
15.1492
6.7169
13.4957
19.9161
0.000549889
11.0351
0.622845
0.890552
3.22193
16.372
0
15.8809
18.6513
3.63518
0
0
14.4793
9.32131
14.8695
6.28509
6.82946
15.8548
20.9442
0.244833
19.7827
21.3045
19.0375
3.34185
10.556
10.3331
16.9128
8.83165
31.7154
24.2549
24.0865
11.5432
41.8543
27.3963
0.0197401
29.1545
24.9948
17.629
3.95564
15.399
23.701
35.5601
13.8914
0
15.1094
24.2082
14.9301
1.2792
3.19668
11.0065
6.07525
18.9015
6.4701
28.528
22.395
0.456823
0
0.335978
2.25654
38.0602
0.994996
5.27927
31.7557
29.6505
34.1532
22.7802
1.94251
19.3864
0
19.3945
36.2672
34.6827
50.5672
7.26798
52.8898
61.5457
9.3407
41.2289
30.3633
4.7775
34.4929
1.69598
18.4671
4.74237
17.4841
0.00623259
7.69674
6.15355
19.1692
12.2994
9.58081
7.89373
10.1587
3.1717
22.4732
27.3122
6.64953
4.13846
5.62199
8.33364e-06
34.5166
9.24215
2.75769
4.88337
3.38125
0.936546
4.37496
1.30232
16.1401
0.27542
10.4256
5.50578
9.36276
14.0444
2.25129
2.97382
25.3589
0
2.19043
4.25761
7.80005
0
19.1682
10.4427
8.21369
10.1327
8.30609
6.85905
19.0963
16.2308
15.8062
6.16279
23.5253
15.8086
10.7151
10.0981
3.49234
7.87827
41.2428
0
12.005
8.0199
80.9956
1.7729
3.40813
40.3174
3.66193
8.59979
5.9037
27.4097
17.7361
12.0506
35.9566
19.7058
32.1559
5.86561
6.59238
19.0353
25.1806
30.0915
10.738
0.0455275
5.90118
6.38599
4.79448
24.2075
19.9781
13.774
11.6904
18.4448
23.9519
3.44178
0.136558
8.32273
0.959249
6.68072
6.98026
4.09512
0
1.29935
10.105
8.67043
8.51824
12.8056
4.54152
3.69584
0.228596
8.09245
15.8927
11.557
6.41886
2.32211
2.06797
27.3664
6.7702
18.4259
16.4221
0.292586
19.2266
11.6934
1.41504
10.3938
1.77322
21.2329
0
10.4794
0
1.18836
3.52267
1.12769
3.59827
3.30847
0.994712
12.7918
5.75174
9.70808
2.23755
7.09803
3.45406
0.740606
6.67815
1.50811
0.167997
0.390189
0.397872
3.23938e-07
10.7673
5.68316
14.4889
46.1054
44.663
22.7577
5.51591
1.05367
0.541716
0.318166
7.31491
7.31713
1.98666e-06
7.69922
8.36009
0.089792
2.46128
1.14867
3.52905
5.40348
0.0620183
1.70552
0.0245597
3.15915
16.7877
0.808776
0.000465821
0.978271
0.0111025
0
21.1409
22.3837
9.42469
0
0.596257
11.7574
7.77083
3.55783
2.72848
2.50963
2.96669
5.44276
2.13859
27.5006
4.39352
0
10.4034
3.8464
3.85278
0.819967
0
4.5384
6.91409
9.09779
1.75677
3.35089
2.07835
249.851
8.84365
24.0284
7.64467
200.842
2.39566
4.09791
4.01735
3.28111
6.10889
7.60691
11.2277
27.0454
7.85422
7.14834
12.7479
7.5183
10.3144
3.86761
6.34531
2.44881
0.686433
0
4.83962
6.93675
0.750367
0
0
2.33744e-08
10.6137
0.451524
0.637493
1.04129e-05
0.545983
4.07873
2.89391e-06
0
7.49527
0
1.53555
3.15812
0
0
4.17856
1.0704
5.11344
0
0.55102
1.00571
0.720402
0.425695
0.899869
3.54743
0
2.57547
9.51183
4.70222
0.0416018
0.0773114
1.55511
0.235749
0
1.0901
0
21.66
3.36174
8.71726
1.16959
4.6579
0.134357
23.1019
3.15192
10.4225
6.64932
4.28199
2.3023
10.6537
1.92274
2.14316
0.849379
0.724514
3.02212
0.0561571
0.770621
10.6804
30.1951
27.6145
17.5868
13.407
0.0678302
0.0929839
0
1.19981
11.5468
7.45044
3.57089
5.6642
8.07562
8.46375
22.0043
0.00325712
4.20483
15.405
12.6894
26.8183
17.7955
15.2953
30.3695
1.94938
4.29682
14.9539
11.7292
29.559
30.9877
12.8567
33.855
3.8362
7.16709
41.2449
1.64093
0
0
1.20317
5.73041
0.448481
2.46848
0.582923
16.0434
15.2979
7.09959
2.14886
27.7959
3.0967
5.57768
1.6284
3.90931
0.0888553
0.758921
0.146351
1.37376
4.64203
7.56898
8.9464
18.9088
14.5078
29.7117
0.0753356
0.0650773
4.70073
18.9523
35.0943
8.51637
6.65781
0.0720726
12.1476
4.33465
1.9877
9.82338
0.075355
11.6802
0.870961
35.4304
9.67912
4.25933
0.331048
6.65207
40.3894
0
0.00332399
1.73745
0.000381736
0.0994636
0.480981
20.2554
2.69382
5.16844
0
0
0.103693
13.2133
0.167641
16.6357
1.48524
0
15.3012
1.79483
0.407598
1.2376
3.43826
8.90962e-06
0.0353816
3.4546e-05
0.00390623
0.0112188
1.27136e-06
0.00365234
0.214671
1.74334e-06
0.0112265
0.722713
3.27807
2.03698
0.000331338
0.00262021
2.14359
6.77848
1.62523
2.35615
35.8861
1.38442
2.39576
2.99213
8.15374
6.08272
5.67764
11.7487
0.296795
0.0276545
0.732336
0.0101867
5.27851
6.9741
11.7276
0.649022
5.95591
2.25249
0.448255
0.886395
12.2794
0
0
0.0115692
0
1.07193e-06
0.405876
0.195983
1.62896
1.33809e-05
0
0
0.605832
0.0106445
1.06436
0.0310347
0.00776583
0.0288072
19.5493
0.796611
1.2321
6.50251
31.3399
22.7391
27.8396
3.99308
7.08832
16.7938
8.18156
3.51937
11.059
61.8178
1.55167
3.27286
8.24218
0.684447
106.198
22.3517
28.2626
24.8962
14.6098
4.06173
17.6279
0.0113758
1.93554
0
10.7451
4.2108
9.8985e-07
32.6159
21.5206
0
11.6395
6.94209
8.49049
13.6554
0.00020212
9.32384
18.409
17.8513
9.05643
10.9331
30.6483
2.20646
3.22804
9.03492
3.07475
1.69708
0.0239636
13.7343
0.831568
1.73593
2.65073
2.82288
0.650224
1.97492
4.15226
2.40285
2.44351
1.00043
1.17597
2.81139
1.21499
5.82228
3.94284
1.83041
3.45051
1.32632
0.12914
0
1.46693
4.5057
0.534238
0.205427
1.61892
1.56161
2.03651
0.410647
5.36182
0.581355
3.08307
4.19163
0.0223314
7.68337
0.193282
2.85382
1.25619
0.087588
0
1.46642
0.953363
8.66723
0.0438036
3.66368
10.6111
17.6456
0.18566
0.840979
29.1616
15.3244
6.28825
3.40165
11.5129
60.6522
0.0115137
15.7401
15.5746
0.000634749
0.101494
2.71853
3.84102e-06
1.63976
1.69676
0
1.23548
0.00120745
14.5262
5.68343e-06
0
0
0
12.9516
0
0
0
0
14.0298
22.4405
25.7848
36.1147
3.16695
33.1034
21.1085
6.11333
26.0502
1.22268
26.2016
6.25636
0
0
25.5594
1.30194
0.197315
0.149703
0.0243881
0.85062
0.888636
12.0069
0.015012
0.287884
16.9397
0.742997
2.29857
0.129691
0.000168628
11.358
17.6045
0.153159
0.630006
0.00995499
0.94006
0.521582
0
6.96688
0
0.270591
13.9085
0.919778
3.97729e-05
1.1942
0.0449679
0.786328
0.141157
6.93567
6.05215
0
0
0
0
17.5766
0
0
0
7.88738
0
0.00010666
4.06154e-05
0.21612
0.00360105
0.979684
0.130815
0
0.525917
0.981885
14.6997
0
0
9.67898
0
0
0
0
0.0573339
2.56314e-07
0
0
0
0
0
0
2.10008e-06
36.9474
2.09153e-06
0.0797953
0.590824
0
0.0428024
0.0306321
11.1418
0
0.0018925
0
0.993714
2.04097
3.92951
1.09958
0.0877146
1.09708
0
0.203897
13.9808
7.61271
1.15072e-05
1.67181
0.993792
0.132239
20.899
0.0002622
0
0
1.8446
0
0.0328727
2.64041e-05
0
1.29173
1.22481
2.24381
1.43978
4.64918
0
6.31978
1.3833
0.535119
1.96967
0.323482
2.67593
15.1028
1.09053
0.603084
2.935
19.5289
0.000266831
0.60174
0.563134
1.10776
26.6401
1.37144
0
5.33109
0.949459
3.59928e-05
0.916516
16.1389
0
0.857767
11.7581
0
0
0.16172
0.276414
0.084879
3.09267e-06
2.27277e-08
4.65727
0.000116759
0.179413
0.800806
1.39956
0.080257
26.8383
3.04196
1.87529
0.0098499
0.695043
1.69737
0.672715
25.6432
3.6043
5.94211
0.956206
3.32648
6.37155
17.8461
17.0505
0
12.2553
28.5804
5.34857
24.3039
1.14967
0
6.543
0.856981
21.7777
2.26463
0.256429
6.14379
0.153678
2.33404
0.77514
0.0165288
18.2691
2.19958
1.81361
20.8189
38.3218
1.23147
17.6734
8.7492
11.8377
3.13267
1.6089
32.4535
25.5431
3.4004
0.777721
26.6691
19.7646
0.759082
3.14062
26.5161
17.8635
27.0029
12.5317
38.6809
11.2229
17.2222
17.131
0.610484
25.0353
0.000131704
10.3002
12.912
5.22284
6.54169
0.0292506
0.00663564
0.257236
0.997014
0.612484
0.0904672
0.0936619
1.49566
0
4.41655
6.57209
1.73006
0
2.11559
0
1.11672
0.0922523
0
4.87487
42.775
1.23055
1.17978e-06
0.0198438
8.62045
0
0.758486
8.69433
7.62494
2.93254
2.40518
28.9021
0.00225427
5.76085
0.617447
0
36.1494
0
0.0743191
25.142
0.00179414
0
24.8415
1.82963
0.766222
1.54254
0.43811
46.5605
15.8448
0
8.00679
0.350845
0.0273762
31.8887
7.36404
4.04746
9.67533
5.80436
13.9637
0.948264
1.94664
1.74731
0.914874
2.28366
0.763734
0.174556
2.32053
79.4049
2.15009
33.536
7.57491
1.18842
19.0293
13.9526
23.0185
3.89349
0.998857
0.797487
0.401791
1.75198
0.015026
0.814661
0.0214366
1.12527
0.208294
0.359719
0.307681
0
9.14867
7.29794
1.70202e-08
26.5462
1.93605
5.41648
12.5085
6.91408
0.738266
0.152932
25.7805
9.67171
7.86764
15.1475
6.87172
9.17827
19.0287
4.24564
2.02828
4.37176
7.97163
9.37993
8.34027
5.16392
4.63877
4.75739
2.57496
0.933181
0
0.141771
1.0161
0.240616
1.25805
0.39515
11.8922
0.930318
1.54304e-06
16.6772
17.5139
7.25338
9.88839
2.45383
4.26719
0.997561
0.711677
0.169751
0
4.71088e-05
14.7241
0.149778
0.00584854
0.931159
9.5859
9.65111
9.36876
2.07489
5.90517
0.402795
0.818145
0
6.68535
0.776196
0.824641
1.18309
0.990954
4.03975
0.219906
0.50526
5.72303
1.64309
1.12457
6.02219
2.75384
0.845357
2.18869
10.105
10.9146
1.59841
0.038103
0.729842
1.00588
0.154067
5.08052
1.68383
0.0328935
0
24.4404
2.89745
0.000539774
16.48
0.305362
14.7133
0
6.90988e-05
12.7489
