4.1061
1.90201
2.61602
0
2.05837
3.75278
0
8.08309
0.129719
6.73422
14.0866
2.67495e-07
0
2.03131
5.86751
0.104426
2.62005
23.3955
20.5266
26.1906
10.4348
8.58741
0.950608
0.0790347
4.08777
3.84216
8.03316
7.77043
54.3725
1.54876
1.03661e-05
0.854091
1.27669
0.00625206
0.0883077
0
11.6519
24.922
20.5905
32.2968
28.354
11.77
0.656747
9.75832
2.61032
11.4385
3.43025
0
1.074e-07
0
0.0331794
0
14.9519
0.49696
0.937563
1.93286
32.8857
1.23466
0.029546
0.980404
1.63218
0.949275
4.32378
1.25123
3.56641
0
1.8877
3.05113
2.26536
0.88479
12.315
0
0
0
0.913557
3.71463
1.7004
1.89559
0.0345031
0.0587095
2.48099e-08
0.216946
0
0.653243
24.5432
1.58686
18.7463
19.2589
15.6963
11.8967
16.0583
19.5342
14.6738
18.8436
50.2741
17.7163
18.8418
17.5552
2.61447
1.55317
5.50628
2.02007
7.52791
32.0672
8.6786
4.29649
8.77597
14.9182
11.196
20.4258
9.36211
14.2881
9.19678
9.06253
11.5947
6.87297
6.00891
3.00396
8.81231
5.1177
3.85562
28.1081
2.28743
1.48769
0
1.58559
6.97556
1.4686e-05
0
0.019221
7.13862
0.349828
0.748542
28.4587
3.02764e-05
2.32105
8.88734
0.456579
0.0493987
2.53174
0.130361
0.0734673
0.0573928
0.146709
0.19849
0.856905
0
0
32.6978
108.327
3.39835
0.987878
0
0.342116
4.295
1.21907
2.70896
0.37866
5.73782
0.261039
22.5841
10.5932
18.4319
28.4127
1.1133
4.82937
12.8969
6.40206
35.4366
7.80065
5.27447
1.20857
7.99891
7.21882
13.97
0.0769269
0
0.029735
0
0
0
16.0782
1.19162e-05
0
25.2457
14.992
18.6405
7.40445
15.9953
34.1202
39.588
24.8788
17.8927
19.0191
2.72654
0
19.6826
17.578
16.6594
18.1428
30.6049
82.984
10.272
38.1202
26.5162
4.87973
31.5391
5.97965
93.2483
8.11371
32.7984
15.7724
0.00326824
11.9492
23.5579
24.0381
2.47334
33.741
18.8287
2.71817
0.995876
2.46269
26.5166
3.73439
30.0964
12.4958
44.9845
22.9417
16.1041
1.05868
1.24686
4.55643
25.8082
0.0256003
2.96778
1.79766
5.55993
1.819
4.2501
3.34481
0.213888
2.36858
1.4784
2.04282
1.20699
0.465482
0.0167359
0
1.13847
0
0.43349
3.36768
0
0.0283708
0.848191
0.00806255
0
0
3.05332e-06
0
0
0.590196
0.215876
0
0
0
0
0
0.000217881
0.124596
2.71197
2.8834e-05
26.13
0.473384
0.00137033
4.56555
0.00836144
0.10851
5.41783
0.00635825
21.8939
0.0059566
1.87964
4.05364e-08
1.44479
0.797123
2.32804
0.397971
0.636201
1.40851
0.00403079
0.847825
32.5837
0
0.329439
0.278927
0.0959503
11.762
18.0583
23.673
22.1889
1.64455
10.9247
10.6797
6.09325
9.79884
1.67573
4.95899
0.157047
0.90262
1.40607
1.63905
3.40238
6.0547
12.299
11.1096
37.5936
45.1592
10.7856
14.1505
0
5.23468
1.20031
0.649168
4.40896
8.20426
0.927733
0.000508599
0.0051893
0.217602
0.120608
4.38667
0
5.38858
7.78548
23.663
16.5138
4.73628
5.76859
1.67499
15.2484
3.62832
3.90719
0.0749779
0
0.0650848
0.032722
3.45988
4.59254
2.55924
0.000843903
1.36668e-06
30.2398
3.31626
0
0
4.45182
8.08351
0
0.339848
9.77278
4.44526
0
4.0374
0
0
0
0
3.40304
2.25048
11.1828
2.62935
8.54859
13.3809
9.90318
7.36201
0
8.15081
9.62224
10.1742
28.0157
25.1905
1.28265
7.57525
6.52904
1.81687
17.0098
12.4785
14.036
3.27805
31.6748
21.7999
14.747
4.32328
26.7178
28.8353
18.0228
17.345
18.6639
31.1921
5.60547
33.0451
18.4706
23.4614
20.2041
14.8636
10.4258
13.4108
6.34399
11.3789
8.7834
18.6068
3.15059
8.83645
5.78451
7.30399
25.1511
11.6526
14.2756
3.92595
4.42676
14.4748
23.6685
26.4356
24.0424
43.1309
7.71358
51.9186
39.0857
21.4259
26.6002
26.5191
30.7924
17.0148
17.2047
13.7882
23.4844
0.957918
9.7665
28.5881
30.7992
14.2725
16.3907
9.83048
13.0169
0.632218
1.4049
0.0211892
8.71364
3.61265
14.4358
1.57672
9.7249
17.6553
43.8921
12.1152
21.41
27.9323
10.7142
23.839
15.5926
0.693957
0.112147
1.08587
19.7381
0.633563
51.8648
6.76475
0.0425476
3.02183
0.299268
2.46907
0.958179
2.16779e-05
1.83659
0.00852739
0.924576
3.32859
1.93989
6.35892
31.4493
4.08927
6.021
7.24677
4.89893
2.07946
4.28429
29.6038
0.334353
38.1799
40.3276
32.9401
26.0434
2.89325
2.22877
13.0672
0.195645
2.70797
0.0156789
0.00286496
27.775
44.3576
9.40046
17.2502
12.7231
9.53579
14.0579
5.56664
0
3.05094
4.62986
0.285417
6.52603e-06
4.16452
4.10219
3.89085
13.7536
2.49683
3.30616
1.77817
12.2444
34.8338
14.8494
0
0
9.7715
0.000390859
11.4414
0
0.982204
0
1.06587
0.523232
2.02275
0.0755416
1.90838
0.574722
0.322919
1.00789
34.9762
2.52001
0.218456
6.3062
1.73336
1.22861
7.39687
16.0001
28.1181
20.0822
19.9872
4.3842
24.8876
0
35.3153
0
11.8884
14.0857
8.07686
10.4708
2.47903
0.13088
0.996269
0
27.2473
0
1.15528
9.28499
0.444041
5.09445
5.04408
3.00462
31.2957
3.99286
1.55763
0.0243006
23.2702
36.8181
27.9185
46.7529
21.2566
4.42614
4.70198
0
5.01896
3.61568
0.0664778
0.933212
0.711091
9.22939
0.000159076
0.549391
1.40596
0.396918
0
0.0100937
0.942995
7.67979
0.0347969
0.38569
0.929557
1.71921
9.39686
7.66759
0.0253612
1.5365
6.2009
0.329132
0.852057
0
1.20061
0
0.000743559
4.61368
14.1568
30.0871
0.530635
1.97937
0.00637741
11.5468
0.0746212
11.958
5.13295
2.01081
0.411114
4.54455
1.26799e-06
0.559116
14.8205
0.127938
0.00335661
0.453353
0
0
0.0591946
5.90974
5.51524e-07
9.0927
18.2751
2.15185
0.0010714
7.55698
2.34226
18.144
15.8657
0
0
0
0.00748834
34.3857
41.1102
0.00586725
19.6322
0
10.4899
33.6709
7.9108
5.08701
0.14288
1.79793
0.465234
0
0
0.588423
0.0355699
0
4.8695
7.89593
2.91759
3.63319
14.9565
0.0716892
52.3184
4.56252
20.2598
21.8552
8.06466e-05
4.92793
1.2747
7.06776
19.6088
1.48862
9.15045e-09
12.6011
13.9384
0.0252167
12.2579
0.592215
0.0262428
6.27388
22.7126
8.49439
23.1472
6.12044
21.2878
13.4044
6.16419
4.32854
0.421236
3.09511
4.16678
0.119012
0.715568
0.362092
0
0.209735
17.8127
2.94109
2.80659
0.65428
0
6.79951
7.63303
0.534988
4.83956
2.09591
27.0067
3.88253
17.5124
5.60073
26.2241
28.8197
5.406
5.1393
12.7025
17.0123
0
2.31378
16.941
7.22697
0.3226
22.5751
2.63991e-05
40.109
89.8998
12.0326
25.1511
59.0752
31.5433
15.5847
0.57615
0
16.7782
30.3762
0.0017237
3.12763
0.000151745
3.83838
49.3947
5.7092
0.434091
0.000344773
0.919376
0.00146268
2.64401e-05
8.57655
20.4119
3.6418
4.37816
0
0
0.212158
7.51453
13.4488
0
2.47141
44.7312
1.56992
21.3847
0.464615
15.737
18.0905
21.502
25.5612
1.00488
6.33872
4.70471e-07
7.41833e-07
0
0
0
0
1.5392
1.19873e-07
0
0
3.10449
27.1938
0.188181
17.1199
11.0029
4.21874
10.8726
3.83115
2.34464
2.28254
0.520063
4.92851
0.724961
6.40722
4.03713
39.1815
7.50776
26.9684
0.65463
0
14.5087
1.78797e-06
4.76476
0
0.400604
0.00673725
26.838
5.59687
1.62212
29.0325
3.68479
34.4915
0.881033
0.0082041
1.84295
26.7918
4.60875
6.04789e-05
1.72815
0
0
2.76248
14.099
2.24338
1.85278
3.42755
7.64587
3.65837
0.748533
8.51716
6.81289
36.1245
0
0.000106866
6.24762
9.54135
5.50296
5.62252
4.09492e-05
0
0
6.70496
19.7393
12.3492
3.46161
0.30246
5.10281
2.51212
6.21609
0.86249
21.9877
0
0.378864
18.9703
0.0055192
0.156791
10.2776
1.2999
0.0432693
0
11.8037
0
0
0.0950434
3.15415
3.72909
0
0
27.4711
0
26.8321
0.740869
9.40575
0
0.700013
3.18589e-07
0.793055
9.80345
0
6.16971
6.39065
4.0845
7.73644
22.0854
0
23.5867
15.1133
1.8681
10.3655
10.7425
15.17
9.93738
17.1674
15.1714
9.77652
4.75323
10.6221
19.9138
7.12987
7.59657
8.47953
0.365101
11.8047
1.82078
6.66887
14.0869
0.806942
1.42101
1.74929
11.1083
12.586
11.3933
2.2189
0
0.494543
0.111801
0.0236494
0.0364335
3.65928
8.33074
14.6662
21.6094
3.00758
0.755596
0.970961
10.4121
6.6491
0
16.7486
7.6034
3.68992
1.02433e-07
1.21593
0.867264
5.82483
1.6215
31.8818
5.13592
0
0
29.8812
0
0
2.43131
4.07867
3.3129
0.0787339
10.8074
8.23942
2.39825
3.34831
5.21769
8.93593
0.620984
1.90878
1.68901
2.23407
0.257613
2.14004
0.0640723
40.6912
40.6441
18.4301
0
2.13615
0.00224683
0
12.2851
12.805
7.20148
12.3499
0.439397
26.127
2.43963
0
0.138423
9.20052
1.04328
1.63506
1.66498
1.97386
0.18588
0.0218171
13.1857
0
11.2656
11.2788
0.448672
0
0.000194245
0
0.00831901
12.6762
25.9644
2.42403
23.1254
29.6835
0.0452288
0.000813048
0.0308696
0.0536016
4.98695
0.612485
4.17367
0
0
0.0660188
3.81835
0
0
13.6736
1.86489
3.94174
18.2351
4.88246e-07
0.91602
0.729333
6.80319
4.5053
11.1126
0
2.01317
0.00515375
1.46314
18.56
0
0
13.4367
7.19658
3.27888
0.0255158
22.7583
4.25575
0.66691
9.5112
0
8.08546
0.0324743
0
4.17635
26.7218
0
26.3985
0.210182
1.71906
0
15.1229
17.1438
9.27868
10.4902
12.5597
3.44577
38.4348
2.18734
0
0
0
15.897
17.5403
8.58567
9.62182
0.0319469
1.91615
0
23.469
38.4207
32.9132
18.8282
14.288
19.2816
16.608
13.8688
20.9838
27.0719
4.76445
13.6397
26.1832
19.0186
1.15011
0
10.4536
10.4274
2.49762
9.13832
2.84465
0
31.9352
8.93252
15.8159
0.137451
18.3343
10.6843
24.974
7.85656
20.101
6.8618
3.53382
12.5531
11.7927
0.0227345
0
1.31303
30.6469
36.6895
26.1325
25.3882
40.4243
62.6126
53.1736
35.137
39.5669
91.8781
87.5092
26.4469
11.291
4.56969
1.51282
8.97977e-08
0.464425
1.53339
5.65014
0
1.21184e-07
1.21571
2.7071
0
0.003789
8.83365
9.05819
3.61676
8.61005
3.73539
10.9827
5.5354
9.00405
4.7038
7.7958
26.9997
18.9192
1.05556e-05
34.458
31.4226
17.0172
25.6937
9.4875
30.2302
1.63621
0.137725
3.91324e-07
25.0755
13.9399
1.66155
3.32205
30.5997
1.29127
1.45982
0
0
0
40.7529
0.465669
28.223
0
72.6495
46.2467
0.79063
0
0
42.0179
46.0652
17.2337
18.2494
0.216338
3.32279e-06
36.6036
43.2486
0
0.287781
4.87517
46.1143
59.73
2.02759e-07
7.1854
40.3437
3.55701
26.8228
0
0
9.32871
0
0
0.0908728
3.30311e-05
1.86131e-07
33.8887
0
0.732978
7.59282
20.6695
11.8745
22.8929
1.58699
16.1855
0.0353252
24.423
0
21.3713
22.0168
0
22.5135
13.4279
22.6909
0
5.19415
1.36764
19.7594
12.4583
3.47539
19.0916
0
26.4738
20.2411
25.7124
3.29132e-07
15.1526
23.3813
35.8543
22.2171
0.713595
0.0439543
1.35436e-05
18.0003
0.662454
19.4809
0.14612
0.711979
0
0.677023
18.9349
0.0665813
0.00663378
0
28.7737
0
21.9626
32.0379
0.271435
15.3564
0.187627
9.52174
4.67076
30.6653
2.27189e-05
0
0
0
0
0
0.89458
0.00949959
4.5985
4.45458
1.22529
34.9286
34.0944
6.38173
32.2978
22.5867
0.00605451
26.9684
12.7837
11.9566
14.6422
28.9564
24.8038
33.9161
0.0134671
23.3215
54.9052
34.8355
26.232
33.6586
4.98241
42.7294
22.2273
0.583138
15.9301
0
0.000343293
28.9605
0.0016648
0.673864
0
4.04561e-07
0.183313
0.650306
5.88348e-06
1.815
6.56629
3.62157
0.808313
0.0503721
3.15224e-05
2.02176e-08
2.76406e-05
6.17168e-07
0.0279425
2.13149
0.0202292
31.7549
6.77705
41.8985
9.84571
0.8889
3.48282
13.0229
53.7506
0
0
31.1917
7.79018
22.6488
50.8133
1.01089
0.247197
0
0.597452
19.9624
53.9693
1.20052
0.939279
0.628163
0
26.5981
9.83154
14.5375
17.6591
0
5.40092
4.07779
0.560203
0.406638
0
14.0041
0
0
0.349603
10.4345
40.9006
3.90261
9.12741
37.4452
2.50282
17.5435
18.7101
4.24275
16.9815
0.795423
0.653811
0
5.81941
5.00142
3.78283
15.6052
0.239821
14.5987
1.86832
0.115229
0.000985554
12.738
0.133196
0
0.725943
0
23.1084
11.6263
2.24203
13.2252
2.62916
18.4681
0.458284
1.80333
2.58853
2.01437e-06
1.22173e-06
0
47.3716
29.3583
40.3104
26.5599
21.2347
8.7429
2.20192e-06
7.38342
13.4612
0
4.80216
0
1.17011
0.000189313
2.56889
3.61016
0.0238426
4.13647
0.0161778
0.200479
7.9373
5.72139
5.64442
11.0834
8.25218
2.4387
0.984437
1.42844e-06
0.0610224
3.97104
2.44091
0.000462576
0
10.2687
8.77885
21.8189
0.00286644
2.33543
0.876403
6.90141
1.3049
0
3.39994
0.00307301
34.6717
0.116928
2.83244
25.1237
31.2268
1.73589
0.556633
16.801
9.02123
0.656387
16.247
4.425
6.42348
0.686246
3.61148
0.0824322
2.91963
0.586221
17.1652
23.5985
4.31636
0.618692
4.73533
4.32054
6.35393
16.8001
2.50185
0.00122498
2.24307e-05
0.798451
2.32807
0.719505
0.115909
9.63773
1.97661
32.6765
0
0.00226409
6.9688
1.73956
1.25485
13.0337
1.95434
2.39941
33.4248
12.9124
1.58467
5.65094
10.5895
1.81468
2.94923
34.3674
23.0911
15.4979
12.6599
0
0
16.6553
11.2354
3.95141
0
16.0322
0
0.0253614
1.44396
2.99827
0
0.00378915
0.000627605
17.8024
1.92167
2.87451
0.0106547
81.6372
4.42053
0
0.215038
10.0732
0.00498798
1.59937
77.8002
0.326998
5.24688
53.393
2.11988
0
137.122
8.70546
0.91369
1.70462
0.000117416
0.00200924
0
0
0.899296
7.04581
0.244491
8.78437
0.452259
0.94073
1.37185
18.2159
0.469373
0.84706
0
0.0221839
1.45775
0.010074
0
16.6689
0
4.27874
9.23753e-08
0.162321
18.3255
0.922811
0.599138
8.68895
3.02772
0.403612
0
13.5086
6.47396
2.55853
87.8194
35.2604
19.6675
0.0332083
0.64407
0.892607
0.0263701
0.0136133
0.271943
0.706583
1.42437
1.57294
16.3174
12.101
0.896668
0.895165
1.74348
0
0
0.173857
8.5763
0
0.944636
0.355775
0.364163
4.30956
5.84315
1.46805
0.0143922
0.653859
0
0
3.61131e-07
1.07665
0.000713709
0
1.09068e-06
0
0
0.00425696
0
2.67063e-07
0
0
21.5576
1.17061e-05
4.24393
12.5521
0.00876797
0
39.0104
4.59949
9.61186
0
2.55862e-08
4.72376e-08
0
0.00461052
0.636661
0
0
0.0422275
1.20403
0.0414779
1.3649
1.50671
0
1.1275
25.3461
0.00699304
0.0435123
30.4136
0
0
4.05543e-08
0
4.29725
7.99876e-05
0.21467
0.308668
1.0015
0
2.25983e-07
8.63565
1.03419e-05
0.444079
14.0954
0
1.86767
0.00461304
2.63458
0
0
0
5.34042
1.30478e-06
7.44511
0
0.376893
0
0
0.946374
0.164109
0
0
0
19.0983
8.91082e-05
16.008
1.05272
16.0101
20.9447
0
18.8423
3.92836
24.8716
1.46566
0
8.40267
0.022581
38.5593
0.563888
0.0027059
6.7678
0
0.745128
42.0809
15.4988
0
0
16.7952
5.86767
6.40761
7.70165
5.5144
10.3477
10.5495
30.5657
0.478042
6.12502
8.55777
0
6.47159
15.8185
15.3671
17.3425
13.0238
3.13787
7.49814
16.0769
10.985
18.5248
16.547
4.70802
4.4421
1.08126
1.67429
6.10514
0.020167
0.0141849
0
0
0.204354
6.05144
2.62874
0
0.129715
0.164834
0.174282
0.492841
2.80339
2.96381e-06
1.62655
0.000652269
1.93169
3.72339
3.3138
3.91993
15.0684
0.00658366
0.493674
6.10656
5.21338
5.44979
0.777225
0.389652
0.205343
18.1222
1.83789
0.0802992
0
0
4.33494
1.4436
0.11563
0.00308636
2.1814e-05
1.05717e-07
3.12489
0
0
0
0
0.642713
0
0
0.776839
0
0
0
0
0
0
0.0447153
0.0104353
2.4182
0.0129254
0
0
0
0
31.9223
6.31516e-09
3.44316
0
0
0
27.1357
1.80327e-05
0
0
0.88882
0
29.3618
0
0.954256
0.696087
0
0
11.5407
3.67485
7.02508
3.69623e-07
2.50177
0.276164
14.7534
2.99102
0.134294
9.71533
6.38859
5.82133
4.28109
2.73301
5.06116
3.89894
10.0188
7.68738
5.33468
7.51467
0
0
16.2076
11.099
13.3623
20.9098
12.59
5.34115
2.69612
11.4809
14.4601
21.0716
7.11129
12.9548
25.5733
17.2635
37.5955
20.8195
0
29.054
0
24.854
19.4022
17.0776
19.8881
11.1689
30.6728
8.35427
5.03052
1.46752
9.99885
13.5853
7.20001
3.06713
9.65998
6.25968
15.2866
2.87028
3.21946
4.4714
0.953003
5.22398
0
8.20465
6.5163
5.98084
0
14.7011
12.197
2.44476
1.07135
0.201004
0
2.83494
1.67778
5.14504
1.14573
10.6874
0.442554
2.52521
2.03553
0.523775
0.395639
0.951555
14.9907
1.69823
0
1.021
14.6946
0
1.51137
2.14955
7.94065
2.07907
0
0.0378167
0
1.70799
0
5.95789
4.36239
1.47485
2.87249
3.3169
19.719
6.55996
26.6012
13.1261
2.34769
27.3484
10.1897
8.35986
18.116
20.865
28.2681
6.86001
17.5302
10.5302
0
10.3828
6.15003
8.70731
0
12.8182
0
11.9874
2.26475
0.308975
5.21223
5.52358
11.8463
0.650695
11.153
0
0
13.2439
2.54032
2.61296
0.00229403
4.30252
1.29651
0.877458
4.93573
10.467
0
2.0163
15.3946
1.58363
0
0
0
0
0
3.6561e-06
0.950582
18.286
0
0
0.305494
0
21.3335
43.6192
0
0
11.8206
11.7014
0
8.47177
0
2.32432
0
6.21791e-07
24.604
0.896864
0.00466113
42.3038
3.40471
14.8113
0.909327
3.09359
0
0
0
33.9835
2.11747
0
0
9.42443
0.025298
12.0519
21.6492
43.6199
24.7227
21.5675
17.78
2.21024
8.24072
11.1168
7.31927
8.02289
16.1677
1.05217
0
2.17752
4.03396
10.505
0.34828
42.2884
1.92109
0.691047
2.63931
27.0472
32.6408
19.0965
2.57054
7.43838
10.5724
11.47
10.5243
16.8306
1.70056
0.00049616
0
0.00409229
3.82741e-08
0.00157962
9.21928
36.7199
29.7097
26.1853
1.08338
9.21357
17.7928
2.07083
19.2607
4.5747
19.3658
12.1061
5.91972
2.10866
94.3777
44.0965
3.85711
24.0445
29.4248
0
0
0
7.64938e-05
0.123823
2.83948
7.25067e-05
0.86176
9.65247
8.73808
25.4841
2.48897
68.0277
0.00275394
0.499731
0.019968
0.00227969
0
0.0144529
6.79755e-05
0.00815713
14.1922
0
1.1947
34.6201
0.000121319
16.2251
3.38946
14.8866
0
0.00159887
9.61795
10.918
0
2.55098
6.03433
11.911
0
40.8127
29.4751
0.805287
3.90033
31.7743
1.13045
1.35667
0.886976
0.0870111
1.21522
0.00689635
42.837
0.000654583
51.7025
16.571
45.2293
0
0
0
0
0
34.0788
18.0473
35.6362
0
15.1812
18.6414
19.8687
3.97148
5.92177
14.313
9.74724
0.318166
0.0494815
0.134549
1.03216e-05
8.88479e-06
24.0255
0
0
0
0
0.00562488
9.89286
0.161875
0
0.768987
0
3.00726
4.64777
0
0
15.383
0
0
0
0
1.65645e-06
8.92498
14.0636
0
1.80472
0.684236
0
0
0.0151349
0
5.32669
9.33878
13.1245
12.7646
5.60726
6.73357
6.72439
4.94431
12.3968
26.4978
32.4079
2.75447
49.686
37.0632
66.3528
18.2461
16.8209
26.5649
21.2311
15.5807
27.5122
14.5781
14.8173
6.85997
5.16503
4.91487
3.05535
12.8002
12.7981
9.04609
12.7478
13.8076
7.0309
7.97061
10.7755
8.50795
5.27826
1.71773
0.247595
3.30671
0.061314
0
0
0.038951
0
23.438
24.1097
0.990991
10.8667
4.14053
4.66986
0.00296153
0
8.80441
0.000175589
12.3508
2.49479
0
0
3.31154
13.4779
0.635675
9.98743
14.5601
20.4156
19.0789
4.53221
25.0969
0
13.7136
30.0938
9.6845
25.3669
14.8103
15.5061
10.768
8.13899
3.29562
4.93195
31.6116
10.464
8.02369
0.769336
14.9115
0.894138
7.79061
25.4695
17.7495
21.0064
9.43947
19.0444
22.7334
22.9687
23.2035
26.7121
14.4862
24.2121
22.713
14.6501
14.7499
18.4591
27.24
0
0
0
6.53451
7.09617
11.9316
14.1029
11.133
14.7231
21.6292
11.7825
12.3055
27.1185
0.928098
18.6459
13.816
8.27245
3.40464
2.0178
5.52988
14.8096
7.21604
16.3399
6.35479
7.08146
19.0685
9.47804
7.75545
0.545448
2.3803
16.4833
7.85798
15.1184
9.95444
12.3582
4.77792
12.4975
29.3683
6.70346
1.55105
42.1167
2.25027
0.534684
0
0.0276322
0.805715
7.59698
7.81281
15.9655
27.3996
0
25.4488
24.0124
36.0872
22.7393
11.6778
17.9858
26.6181
28.1292
0
0
0.00227437
27.2045
24.6222
40.4971
2.84733
68.0594
6.55488
11.0444
0.106713
6.27118
0.759079
4.70692
47.7126
2.48483
16.623
25.2112
29.5746
19.6693
12.6052
0.0465135
20.1854
8.27215
27.5764
9.58826
7.58954
38.4294
20.9797
30.7313
26.925
15.7767
8.86665
13.5151
14.9628
7.32963
24.102
21.1387
16.6161
25.4146
10.6823
6.34625
9.56717
8.69469
13.0632
8.5492
13.8165
13.6434
10.9474
33.7512
15.5592
4.99064
0
6.79965
0
16.5515
3.81604
15.7689
9.43194
10.066
6.87235
8.53062
12.346
13.2418
7.694
9.17796
4.84576
6.67146
9.90112
7.23903
9.66849
8.18877
5.41182
3.05193
3.48727
8.24088
9.85895
0
5.43844
9.71193
18.5714
3.04033
16.3187
5.9751e-06
3.41683
0
14.4551
11.6605
2.36041
0.231111
10.5855
19.2019
7.42108
13.8843
5.6472
11.2056
14.322
45.1959
11.2109
1.97801
0.30071
13.7905
21.0007
0.412296
2.50786
2.34618
6.81551
0.0118673
4.28737
1.43108
2.24044
0
21.1989
0.077577
1.06736
1.17871
17.6065
2.6739
1.24347
1.36939
2.53855e-06
2.48274
0.289851
0.317392
1.67729
2.60606
0.366708
0.00566567
0.554265
0.173234
0
0
8.14197
0.635905
0.203554
5.93616
1.35241
13.9321
1.15384
0
1.27492
0
1.73614
0
7.6364
0.527339
10.5626
0.254002
11.1923
0.0664686
11.8789
0.22548
0.65096
21.2176
0.0134763
24.26
16.6979
15.4236
4.52953e-05
31.5114
0.000777011
1.22351
0.806209
0
15.9059
17.2343
0.283485
0
16.4266
0.242196
0
16.4215
0
7.95447
0
3.12499
0
6.54221
5.0309
2.12154
0
12.7434
6.44091
0
3.49426
17.5197
0.561049
12.2768
0.00672205
16.3288
19.1178
16.1989
8.03181
0
0
0
7.17579
14.8879
0
0.900161
1.16137
0.0340788
0
0.00454282
0.569298
5.42295e-07
0
0.0156379
0.935773
0
0.0247158
0
1.6469
0
0.0177384
0
0.384332
0
0.00337044
0.856812
0
0
0
0.00100264
0
0
0.476505
21.5464
21.0248
51.3755
27.2142
43.725
4.70323
7.86428
0
0
0
0.402818
10.6293
2.10488
5.84977
0.918093
1.99086
38.5259
35.7458
26.9248
10.1981
6.22575
5.45086
24.0163
23.8395
3.26023
6.12252
6.42274
8.32
9.71232
5.21425
2.91995
24.408
18.5087
3.35197
18.5793
2.33572
14.675
3.21246
20.6551
6.43662
17.9422
21.8778
1.74113
1.22783e-07
0.0905252
0.968636
0
1.71954
0
0.123433
0
0
0.772962
26.6909
0
8.72059
1.68732
15.71
5.04298
6.18237
31.7573
22.7847
16.6718
2.70549
0
18.4693
18.8345
28.6281
27.7109
48.4482
21.46
36.2049
9.36144e-08
47.7037
0.714105
31.656
26.3283
22.4646
15.0792
0.878019
23.3789
19.4356
29.7767
8.93312
38.324
42.367
28.4919
10.1978
21.89
19.8275
25.0815
25.6362
0.00770854
7.06544
26.5148
2.39321
3.98606
24.5258
0.926918
14.0453
0.962874
0.00623743
0.94397
0.201108
1.84764
1.51042e-07
32.4029
32.9591
18.8834
16.118
6.97873
10.9067
11.0354
4.91299
0.00720427
0.258092
5.0712
7.78728
14.6438
20.7296
26.189
8.70545
27.1402
4.7051
24.2268
22.3916
2.41164
14.3896
0
0.209044
0
14.6875
0.0171783
8.858
25.7501
2.68829
1.71616
0
0.600374
0.0624727
0.105587
1.5109
1.23944
0.878348
0.0209453
2.26809
17.2704
1.28064
1.35338
13.8039
8.78004
0.891591
18.644
1.01915
1.65495
0.00623903
4.95716
2.1567
0.218034
2.89268
0
9.02337e-08
0.84657
3.7318e-07
0.00229821
0.132904
0
0
0.938568
0
0.0011844
0.543522
0.065645
0.479264
0.621923
0.0704719
2.16071
10.8902
12.22
10.185
4.22219e-06
6.80517
9.4516
0.0566727
0
0.415213
0.0109273
25.0582
0
31.1301
20.9244
44.6922
20.5207
18.6872
9.71989
15.6749
1.10053
4.90059
12.8035
3.667
8.86422
20.4078
0.0527698
0.0115057
11.0878
0
16.313
11.8327
27.3364
10.8804
18.8851
51.056
0.03682
17.5787
14.9166
30.37
12.0861
0.00669366
30.9419
0.475361
14.6688
12.489
0.0941211
24.7085
10.5705
8.16307
5.96765
0
1.88986
0.799766
1.7465
1.82729
8.43056
0.00578634
12.98
6.75481
33.2349
24.9756
8.59823
27.7965
10.4398
4.20669
17.7518
28.8802
26.9705
30.0479
22.7962
11.2236
31.397
0.000243017
3.89185
8.03807
21.2678
14.0059
13.3297
20.7957
7.0486
4.95071
14.3434
22.5479
12.4126
20.7603
11.0201
5.8748
16.0538
25.4346
9.21379
11.9495
14.7273
0
12.3395
4.47812
0.36019
6.15671
23.1582
0
21.6766
20.4489
16.3947
0
0
24.2388
13.842
19.1372
22.5002
7.61346
22.072
21.7167
1.78472
30.0479
25.3194
25.2113
8.94359
29.1955
22.8456
36.875
17.8241
38.9526
34.5722
31.3025
11.2536
49.756
29.7656
2.52078
34.6513
42.9885
18.7899
23.9357
26.7924
27.2102
47.8063
24.0649
0
29.1794
29.0739
20.6089
0.00243365
7.98003
27.7995
8.89519
27.941
7.35474
30.4342
23.7864
1.7111
0
1.59768
0.52721
31.8316
0.0270953
5.71606
38.6862
28.0793
33.0959
23.6961
0.0157462
32.6439
0
23.1588
33.3202
44.8
35.991
5.81596
56.2682
44.4181
11.8205
31.3762
28.6814
7.05578
34.5422
0.177062
23.0439
3.86642
20.5368
0
3.88038
5.05308
14.9625
12.4414
6.66155
16.2261
9.2314
0.929493
16.1187
18.4715
2.8635
9.51981
16.3357
0.116572
13.5992
17.5054
8.61986
5.84968
5.37942
0.00675659
1.85059
1.75699
13.5203
3.3109
7.93085
34.0584
7.52404
13.678
3.15277
4.58165
32.4469
0
2.74362
6.54311
10.4237
0
29.4834
23.6166
9.00936
25.2105
6.93944
12.9651
21.6968
25.4073
31.9223
12.1278
28.1906
21.6971
24.1756
13.2867
4.81876
9.08179
43.4529
0
8.26415
2.47161
37.4186
5.75825
3.33293
32.5781
17.5166
47.6651
45.3283
36.8637
25.8258
7.17378
27.0465
22.0386
41.8167
14.8725
2.71761
8.60886
24.5701
20.1533
8.62405
1.70479
6.32897
38.409
4.15213
25.8011
29.4796
12.6061
11.0278
47.9193
15.0597
3.95242
0.999662
8.54539
10.0161
14.8996
7.10847
13.7815
0
4.38549
8.75329
16.2198
22.0569
16.8226
12.6314
10.8393
1.44831
8.4895
26.4605
15.1918
13.6677
10.5964
3.47911
23.6305
5.42365
15.3361
7.30037
0
14.4192
26.8159
11.908
26.1223
5.0395
6.55599
0
3.68719
0.274533
5.54639
2.55571
0.248537
6.35321
0.913113
2.94665
15.8191
0.847978
8.50307
0.834589
6.82197
1.06281
2.10514
10.5231
1.17183e-07
0.223808
0.547469
0
0
18.4015
5.12372
10.9143
35.3372
21.8494
26.538
19.8806
0.607891
1.20641
0.462106
11.2048
8.29193
0.0520621
7.23434
8.22221
0.000185278
0.696926
0.0114204
3.33371
4.38639
8.86152e-06
2.42473
1.69358
1.56195
19.54
1.11498
3.4754e-06
0.922542
0.00711115
0.329699
11.3951
27.9574
18.1064
0
2.0138
13.572
7.06571
20.7598
4.26481
3.69385
11.5326
4.57687
4.36786
39.375
6.5055
6.34329e-06
9.08335
8.68866
5.58375
7.80308
0.00035373
8.07444
7.00382
9.68785
4.21777
7.98
7.265
217.948
7.05601
23.7303
6.78969
195.781
8.71963
4.43468
5.26476
7.59931
4.21058
9.90088
6.79755
48.336
5.76023
7.48745
3.96345
7.36065
12.4101
18.4368
11.2741
4.88409
0.751094
0.00638243
8.96629
11.6153
0
0
0
0.0297757
9.50737
0.451485
0.00024946
6.20385e-07
0.896461
0.749968
8.84489e-07
0
11.1361
0
5.74752
18.7864
0
0
4.57139
1.0192
10.903
0
0.717969
1.12613
0.324038
1.165
0
3.18612
0
1.68014
17.9638
4.69034
1.10395e-06
3.13733e-05
0.144398
0.633382
0
9.49138e-05
0
10.8548
5.95933
20.4148
3.50636
8.5465
0.522312
35.175
5.21523
11.1077
9.05124
9.754
8.15938
44.4108
6.31916
2.01377
1.36181
4.46286
6.30428
0.902748
0.172453
14.5499
35.517
31.6243
28.5703
11.2145
1.39248
4.19594
0
3.56206
9.42594
11.781
15.9441
4.96163
6.45981
8.10751
39.4105
0
12.8216
16.7173
25.0241
19.6087
32.2238
15.1308
19.88
11.438
9.59106
15.8757
14.8527
14.3049
35.3548
9.94859
29.0232
5.24764
15.6161
36.1769
2.05929
0
0
1.33157
8.4862
2.24442
0.377145
2.46366
34.0439
16.2633
3.10349
5.84075
9.60691
3.65346
11.9384
3.97965
6.46502
0.277839
0.634939
5.12154
5.34866
22.7637
8.88895
13.866
25.338
16.8787
26.5588
0.45541
0.748975
3.81978
14.662
12.7443
9.90236
8.40769
1.28969
19.5595
6.83168
0.729946
10.8299
0.0516762
25.6001
1.38833
64.4609
19.4247
10.7295
0
30.78
42.5868
0.0029125
0.000200815
0.224468
0
0
0.113366
27.8329
5.15073
3.1577
0
0.0739882
0.173075
6.71323
0.251494
7.71542
2.73791
0
10.5724
0.970935
0.0233244
0.499458
5.54304
2.62037
2.01877
9.0477e-06
4.18981e-07
0
0.647127
0.0139256
0.000351408
1.0075
0.0582138
1.21628
5.23168
3.16392
0.0606901
1.43007
0.223716
17.803
1.96408
15.6208
38.3923
4.58242
5.40916
10.8871
18.8454
8.41767
9.53927
18.6655
1.28111
0.742073
2.53829
1.66809
14.077
11.6941
8.04765
2.55574
6.76003
4.80054
1.48984
1.8231
22.886
0
0
0.0957983
3.01439e-06
0.733336
3.80626e-06
0.417
0.247803
0.0415847
0.0103082
0.26811
0.623342
0.00312825
1.30231
0
0.364569
0
28.2502
0.885979
1.99542
7.35354
51.0408
26.8451
13.595
8.1067
7.25185
29.5756
13.173
0.079185
13.1314
69.1576
0.0380596
1.02765
7.47302
4.00824
79.5538
22.6729
26.2661
27.2928
17.8151
16.6814
25.5989
0.201854
2.78917
0
13.7906
2.47775
0
35.7705
25.7493
0
20.2759
7.96017
6.60413
18.733
0.151834
9.99707
19.1766
45.8177
15.6941
19.5814
31.0972
5.54616
9.13269
10.496
8.53738
1.47832
0.294656
10.7868
0.21137
4.37432
5.08163
0.00712207
2.00326
3.51296
1.34028
1.81993
4.36873
0.512339
0.0844064
2.00068
0.847756
5.208
1.87707
1.04612
1.23641
1.99166
0.173427
0.689725
1.55876
1.83272
0.345102
0.00317089
0.718304
0.141372
0
0
0.263466
0.335937
4.67666
10.4212
0.989092
11.2147
0.718548
3.12682
0.208931
3.75567
0
0
0
15.733
0
0.416503
8.57558
22.5888
0.0990888
3.08217
42.2789
10.365
18.7055
9.76348
17.179
51.5029
0.376267
26.7542
21.6319
2.03006
5.65681e-06
4.81069
0
1.37477
9.54614
0
0.560821
0.0729779
11.9393
0.0131307
0
0
0
9.38689
0.105605
0.927407
0.00930352
0
23.263
34.2006
30.253
48.3693
0.023051
35.88
21.4313
2.83422
15.5607
4.97759
22.5018
7.80759
0
0
49.999
0.101233
0.11315
0.210466
0.402121
1.79606
1.9206
39.0006
0.600858
2.47709
13.92
1.26112
0
0
0
9.72826
36.1931
0.132781
1.59147
1.2313e-07
0
0
0
12.3471
0
2.26403
5.36401
0.34423
0
4.66089
0
0
0
6.04789
3.67934
0.970488
0
0
0
20.6483
0
0
7.67676e-06
10.6211
6.19782e-06
1.12594e-08
0
1.35022e-07
0.0397553
2.16293
0
0.526854
0.320241
0
25.8314
0
0
23.0563
0
0
0
0
9.82323e-08
0
0
0
0
0
0
0
0
19.179
0
1.83237
0
0
0
0.809667
8.16174
0
0.168129
0
0.694292
13.0023
16.9118
7.51679
3.28395
1.59178
0
0.271852
6.39782
5.9459
0.975051
2.95438
1.50246
0.254151
23.4358
1.29469
6.55091e-09
1.33758e-06
1.27652
0
0.100178
0.0454043
0.00770561
3.62356
1.32149
1.77917
2.67037
5.93814
0
10.2999
2.09443
0.76715
9.02491
0
3.34697
9.16846
3.78044
1.34228
11.2163
24.5244
0.110045
2.21268
2.25355
0.510715
28.5831
3.6421
0
16.7252
0
0.0299918
1.70119
27.5024
0
1.84529
16.2924
0
0
0.381283
1.19234
1.61487
7.70692e-05
0
1.15767
0.222507
4.39703
0.207794
0.967665
1.91409
29.6677
4.52462
1.59931e-06
0.0164953
2.12909
0.357702
0.955955
32.0594
9.19447
1.70399
2.94989e-05
8.34109
15.8453
16.1743
17.073
5.89341e-09
19.0688
15.1525
12.3527
18.3389
0.828236
1.55826
9.86956
0.832927
18.2662
4.26359
0.383827
11.6969
0.529332
1.65802
0.000725995
0
25.5113
1.08441
1.81801
34.5501
47.7546
0.890015
27.5905
4.68039
15.8443
2.87375
0.215374
29.585
29.7416
2.74326
3.08799
32.9426
24.344
1.95884
7.40505
28.6165
20.7471
31.8961
27.1171
37.9598
26.9712
40.0172
21.422
1.29171
32.3022
0.711891
9.72718
17.8725
11.855
6.11035
0.996102
0.119974
1.50419
0.0339585
0.025649
1.63818
1.7985
0.0141405
0
6.77876
8.52177
0
0
0.00997702
0
0.648933
0
0
17.909
32.7371
2.96712
6.29331e-08
0
11.4846
0
0.605929
9.3655
6.40504
9.70882
19.8037
38.9635
0.126944
5.23618
0
0
34.018
0
0.913807
28.7012
2.02225
0.178118
22.6589
3.23227
0.206233
0
0.0204247
25.1905
7.89457
0.341138
17.4184
2.08342
2.44808
36.9416
17.9928
10.389
22.5171
10.0247
14.9121
8.40737
7.14159
6.06881
2.48997
7.98701
5.43962
3.33407
2.45984
34.9859
0.108167
18.832
8.21208
0.23281
23.3018
30.0823
21.0823
11.4125
0.293263
1.58957
0.274609
0
0.283708
0
0
1.49275
0.0856397
0.545835
0.128209
0
10.8302
14.413
0.00378088
38.9649
1.54234
11.5627
8.83586
5.63854
2.36003
0.0392624
37.038
6.36598
10.6824
13.1554
5.30062
7.39394
8.93736
6.98683
0.826625
6.57573
6.17464
15.0271
4.23291
5.30126
1.89853
4.55079
2.40072
0.0957588
0.00837239
0
0.812049
0
0.0399009
0.00926273
11.9349
0.0637241
0
30.2589
18.178
24.5231
17.1435
11.4252
1.04016
0.885862
0
0
0
0
23.2582
0
0
1.3081e-05
30.7283
18.7058
8.51679
2.09506
6.54738
4.13216
0.412899
3.01812e-07
0.678291
0.852054
0
0.373983
0.966934
1.18216
0.905194
0
4.37053
0.293008
0.692166
5.14651
2.5785
0.352902
7.49668
7.67473
11.1773
6.41634
0.0974806
0.298169
2.38844
1.00085
3.7448
0.00048364
0.0949278
0
36.8288
9.73285
0.0240548
25.841
1.39527
21.907
0
0.00224236
7.87098
