2.84587
3.67781
1.83259
0.958552
0.120894
3.55408
1.42716e-07
7.6579
2.92397
2.04848
17.227
0.0610683
0
0.517443
3.28317
0.835416
2.17213
13.45
29.4729
14.8169
6.71402
0.00463964
0.00229952
0.011757
0.259173
0.192907
4.64422
4.28554
33.899
2.66262e-06
0.868022
1.95872
0.912554
0.0410314
2.76185
0.00112879
2.61175
20.8261
11.0951
11.7379
10.7684
9.60789
1.90496
6.33732
1.05725
9.2492
0.514993
0.000735011
0
0.188035
0.746233
0.330474
14.5541
0.731948
3.30067
1.39816
17.0965
0.0702138
1.19546
1.12352
3.21562
0.0455492
7.50769
5.3774
6.98397
5.71966e-06
2.48083
2.34198
3.38525
0.705426
33.173
0
0
0
1.84067
1.52906
3.9968
1.43214
0.0428701
0
0.891549
0.00022989
2.2073e-05
0
24.6105
3.12098
11.9687
14.1371
16.6347
10.3171
30.9327
14.6462
1.39569
13.7763
6.61184
12.9084
7.71085
16.5229
0.192471
0.196549
3.994
7.41869
10.6706
13.7333
6.67342
8.19829
15.0101
9.8205
5.76901
13.6257
10.6816
8.62012
12.6427
16.0527
21.136
12.9928
3.18415
4.03835
3.55089
3.52279
3.46308
1.36703
1.87555
1.21915
0
2.02713
1.86284
8.24979e-06
0
0.0772779
5.90061
1.62439
0.104373
18.6837
0.66235
8.48313
21.1424
0.0202372
5.03046e-06
10.6489
0.00700032
0.0619049
0.0508205
1.15571
0.925377
9.33529e-06
0
0
31.0304
69.2758
1.03991
0.736327
0
0.0764696
4.61064
0.62578
3.3106
2.556
5.1977
0.971378
13.1095
10.0103
14.0119
23.4076
0
1.61231
4.34529
5.27082
1.70455
5.24309
34.2391
1.59571
2.02378
1.83956
0.575982
0.109469
0.124904
0.385585
0
0
0
14.9083
0.0918659
0
7.38588
3.66024
8.11019
3.13754
11.8078
22.1224
27.0857
18.2323
7.75721
14.6966
0.877803
2.16171e-06
5.91232
6.80842
13.966
13.3164
32.4411
79.4045
18.7626
38.089
30.7265
3.0032
18.53
2.80338
58.0694
7.9363
22.1586
32.9296
2.07987
15.8729
13.492
27.2227
5.22891
19.8526
11.6321
2.95307
1.87718
3.2159
13.0005
0.23343
24.4216
14.2933
22.7027
20.0432
18.1008
1.07919
2.38294
1.01095
10.5012
0.820216
0.767057
2.47028
3.86248
0.633074
1.0028
2.3013
2.64594
1.10184
0.527046
2.0079
0.435552
1.74404
0.00738056
0.059195
0.958138
0.938069
0.0603919
3.07978
1.01472
0.344567
0.0888105
0.993275
0
0
0
5.39097e-05
4.76011e-07
0
0
0.234699
0.0874927
0
0.127795
0.739925
0
0
1.26831
0.530671
23.1041
0.0461514
0.156842
0.713283
0.0406462
0.260737
6.15607
0.0611622
46.9322
0.026489
2.34836
0.00504684
0.262198
1.37224e-07
5.81848e-07
0.000547622
0.514798
1.91011
0.000712743
0
21.6601
0
0.00542575
0.465976
0.00823378
14.9964
7.27305
17.4276
9.59368
2.1433
4.88794
3.66798
1.96899
3.18465
0.652127
0.155267
0.0293525
0.558594
2.78137
1.35499
1.40622
2.54985
4.65833
9.65336
24.1004
10.913
9.4875
3.76131
0.428765
3.90971
1.35352
0.138483
3.79903
6.01736
1.01022
0.104548
0.596692
1.01321
0.000699566
0.763957
0
1.15546
1.73348
4.47475
8.24026
3.18552
2.26902
0.693468
12.2178
1.91995
2.99413
0
0.00204515
0.813606
1.77483
0.565786
1.51665
1.98973
0.305463
0.000766845
14.2578
3.98302
0
0.13586
5.32433
13.5657
0.0921926
0.221956
4.78347
2.48171
0
3.58717
0
0.252705
0
0.0409712
3.38816
0.708887
0.7886
0.714237
6.76717
4.14286
1.11848
3.06924
3.23716e-07
6.91509
5.5082
4.45768
12.4926
7.48616
0.946664
9.49445
1.4404
5.52629
6.12565
17.5623
5.95041
4.17425
15.9871
13.1741
14.0031
3.71744
5.82181
9.96596
11.8932
13.9305
12.9759
17.4447
7.70708
10.5769
4.40702
11.5375
9.4747
12.9539
8.42003
6.77273
4.5765
9.81002
7.0247
20.93
3.51701
6.58706
0.795106
3.72415
31.9735
7.59095
12.608
2.11345
0.139057
15.8429
23.5248
17.7899
26.7932
28.9046
5.45227
28.9308
23.4013
14.4908
23.678
28.2514
35.8445
25.9865
16.943
5.60737
27.0832
0.518101
28.6482
36.3741
26.2018
8.55191
9.41834
7.15128
14.9318
0
4.60085
0.0945265
4.82838
5.727
18.3566
4.52082
11.874
6.08089
27.0507
8.07436
10.1086
21.8561
11.1171
9.63597
10.9226
2.28417
0.052956
0.211853
7.9774
2.41669
23.4164
2.07594
0.118016
0.240209
0.498468
0.978479
0.0196861
1.02529e-07
1.0318
1.06359
0.00646851
0.933303
0.371338
1.74208
9.55421
1.54728
1.4375
5.57438
8.56126
5.89796
1.81044
16.065
4.05814
13.9903
17.2769
18.9887
20.274
1.46089
2.56557
9.12287
0.949365
0.935891
0.0470448
0.0165853
22.816
27.0242
7.61857
5.88035
11.4037
16.4394
5.01525
3.77859
1.84254e-05
6.48539
7.71708
3.10527
0.0238574
2.00603
3.68495
5.45065
9.09247
5.45298
4.94755
2.58622
4.2161
15.6339
7.73766
0
0.694817
5.15157
0
7.358
0
1.62194
0.214527
2.04883
0.820367
1.39282
1.21252
1.79588
1.12699
0.00905652
1.72716
16.079
0.982048
0.21911
2.28644
0.100424
0.4037
9.11945
31.9115
27.5837
20.4738
13.8855
8.61019
8.40503
0
26.9077
0
16.2159
12.5298
6.99535
6.6346
2.57434
0.549342
2.05188
0
8.70051
0
6.07034e-07
6.50598
2.17212e-06
11.373
19.4322
7.64683
23.984
3.27924
1.09365
1.18585
3.09581
5.58264
22.4688
48.5371
6.2146
1.22765
1.02971
5.56949e-06
17.1023
8.64394
0.19111
0.843397
1.04021
4.01448
1.83688
0.0370347
0.312122
0.866093
0.870527
0.066607
1.63506
8.00776
0.964418
0.26998
3.62857
2.80032
3.41619
2.53714
0.0468867
2.70906
1.48732
0.0962651
0.780554
0.222956
0.847754
0.282904
0
6.66391
16.8913
24.9951
0.371351
0.251432
1.30735
10.3678
0.109658
1.35503
6.29576
0.423959
0.265204
2.07228
1.35695
3.81123e-06
9.20168
0.208623
7.29555e-07
0.74159
0.0101689
0.530747
0.527463
10.5421
5.11734e-07
4.59773
6.83044
3.33193
3.22084
2.54975
0.860742
9.68459
19.1983
0
0
0
0.0159043
25.0413
26.1446
1.8788
13.9715
0
12.9979
34.3582
8.93211
15.475
0.197175
0.765249
1.43491
0
0
6.02355e-06
0.00330244
0
8.05453
3.87393
4.07177
2.09707
7.32676
0.00917905
25.0657
3.26247
11.1735
14.2848
0
1.79209
0.493596
7.72804
15.377
0.206932
3.51362e-05
6.81682
12.121
0.0238836
1.64002
0.831592
1.27465
12.3526
21.0414
11.3912
17.1583
12.6379
14.8514
18.1311
0.557028
1.72756
0
0
0
0.345773
0.00136813
0.716647
0
0.000294432
12.8741
1.87437
2.88334
3.68889
0
3.55722
5.00608
0.461994
8.49053
3.02901
7.53127
1.4401
9.87491
0.970858
18.3654
24.6316
3.15651
4.34065
11.1983
7.07085
7.52562e-05
3.40888
9.57235
1.31038
0.00787451
11.6225
0.0422966
32.6018
78.5058
7.2528
25.8328
21.3957
11.6201
5.34442
0.518388
0
16.1093
50.1692
0.0263208
0.977065
1.12997
1.09751
10.85
1.03197
0.661724
0.00151823
0.000323905
0
0.139639
7.82427
29.602
9.0423
2.37559
0
0
0.153976
5.49298
15.2606
0
2.09572
34.2324
0.0161011
24.3485
1.27647
13.087
11.5997
19.2838
23.007
0.0549988
1.7793
1.74755
1.80929
0
0
0
0
2.27894
0
0
0
2.11148
15.3866
1.89452
10.7038
7.59677
1.80849
5.56626
0.711342
0.985686
0.861235
0
4.50234
0.925529
4.77144
2.09276
25.6857
5.61984
13.7634
0.261399
0
11.6743
1.3813e-08
12.5478
0
0.21198
0.00234404
14.2465
11.5764
7.27392
20.0663
4.7605
18.4334
1.25465
0.142497
1.04036
25.1896
0.676783
0
0
0
0.000151759
1.24842
21.3834
2.34683
0.973055
0.628805
9.1296
4.38216
1.95536
3.42481
1.4783
23.8784
1.67696e-07
0
7.01012
8.69675
16.1673
5.20627
2.26027
0.443656
0.544162
2.78393
9.83892
18.7441
8.45555
0
12.1176
8.84991
9.34204
4.99688e-07
20.8433
0.918239
1.11957
7.51526
0.0324881
0.101702
14.7059
0.904839
0.00112244
0.0669361
2.57079
7.17793e-05
1.73774
2.26624
1.48077
1.41718
0
0.220038
14.564
0
19.5378
0
6.62424
4.04496e-07
0.00240141
0.949114
0.0854207
12.9336
0.0210647
1.909
4.35695
6.10637
11.7107
16.6694
0.00248655
12.64
9.06932
0.991562
3.94645
4.01576
10.0892
3.48659
12.4895
20.5982
4.93265
1.76814
9.90315
6.69181
14.2578
11.4937
30.2485
0.0340081
9.59079
0.867614
0.392308
10.9662
2.24168
6.43982
2.16826
4.03226
3.40036
0.0181667
6.70552
0.191374
0.420744
0.0252013
0.306998
1.60706
3.99445
10.3906
18.8034
18.4201
2.09792
0.206994
1.74364
10.8646
11.1
0.223641
14.8074
3.64697
9.97386
0.000224146
8.42087e-05
0.000305225
5.06063
1.05329
10.6827
8.81031
0
0
23.0346
0
0.263053
4.16411
1.24041
7.81175
0.0187412
7.71277
7.10711
7.0882
0.091644
6.22078
4.43724
1.31324e-05
0.0190387
2.84513
0.164832
0.119355
5.90019
1.54486
5.55094
37.3771
20.2374
0.000263864
0.405991
0.0272167
3.27112e-07
17.029
8.58839
7.67113
12.6769
4.74024
20.9974
3.87826
4.88793e-05
0.00480508
2.82338
0.175333
3.03175
1.6205
2.00346
0
6.34768e-05
8.96929
0
15.7084
5.08548
2.01972
0.178065
0.0457532
1.6544e-07
0
3.71816
20.467
1.62719
14.2551
19.3485
0
0.855824
0.726798
0.108208
4.11952
1.84392
3.34576
6.5421e-07
0
0.396329
1.33874
0.478951
0
9.40464
0.977996
1.0327
12.5901
2.06681
0.171349
0.830029
5.42061
8.04377
1.25221
0.0120996
8.72877e-08
0.00113518
0
12.3991
0.779809
0.38181
23.0119
2.45093
0.464874
6.49065e-05
14.9858
3.39269
1.52636
2.90792
0.16714
10.2935
0.79201
0
0.205253
21.6748
0
29.2483
0
2.34991
0
10.4128
10.3477
8.32481
9.75259
7.1503
0.449778
30.3077
1.19731
1.24554e-07
0
0.397448
14.4831
18.5574
5.67694
6.62997
0.257934
0.665958
0
11.1932
24.2366
25.4837
9.27502
12.1844
19.13
17.4572
10.6881
8.25399
13.7097
0.254783
10.0007
14.011
12.3513
0.0175755
0
7.95889
9.48075
0.145856
4.48155
6.46183
0
19.8676
9.46944
8.3427
1.15965e-07
22.5325
12.3566
18.86
16.6031
16.5018
7.22346
11.6335
11.8149
14.1537
0.277078
0
0.55399
15.4049
15.0941
9.50747
23.1417
21.2014
27.3187
24.2978
25.6192
33.6036
43.4556
35.1662
21.7906
9.25352
1.87211
0.814095
2.01637
0.0542649
0.875801
2.70508
1.38641
0.346821
0.736532
7.9378
0.00463694
0.335803
8.6156
13.1796
4.1207
2.53586
2.92058
4.6411
0.545785
2.05295
1.76702
4.88792
18.1515
6.11289
0.00355263
14.0151
17.7131
14.2239
16.6026
18.3281
20.5388
0
0.0485865
1.4606
9.98493
4.43169
0.22826
1.45868
18.2987
0.863395
0
1.66524e-07
0
0
18.0174
0.000490628
20.3773
0.876073
34.6594
35.4837
0.132494
0
0
29.0826
29.4756
12.4495
10.9892
1.10254
0
34.6091
22.6209
1.84678
0.0109624
5.85204
25.1519
32.2161
0.000658493
8.57102
32.1086
0.610341
16.1559
8.98942e-06
4.30259e-06
21.3338
0.0053235
3.51592e-05
0.366007
0
0
23.6391
0
1.11906
14.1019
11.6993
14.8644
23.1641
5.10447
20.1143
0.00507736
19.1066
0.00118947
16.3853
23.261
0
15.2255
10.8207
17.509
0.451965
5.12402
1.29979
17.6253
9.61807
2.45587
8.20105
0
27.8384
10.1302
9.11776
3.48808e-06
20.5537
5.62647
29.7221
25.4174
0.0646025
4.49319e-05
0.000177669
30.8112
1.91806
31.0714
0.0157672
0.0618921
0
1.22875e-08
23.2981
0
0.000839671
0.000153586
24.2137
0
33.2028
25.9203
0.480262
12.4651
1.74549
16.0787
9.18563
41.4515
0.296139
0
0.384733
0.00241076
0
0
0
1.10494
8.3607
1.55883
1.45347
11.8414
12.9522
1.36016
13.8922
11.2256
0.0154897
18.0019
17.2328
29.8945
31.2635
28.8912
17.8329
34.0904
0.379171
15.7585
32.6199
28.916
13.7883
35.0641
9.23037
25.433
14.0058
0
22.3966
0.0929029
0
17.8564
0.00130205
0.271772
0.000209522
0.0293062
0.00340588
7.55451e-05
0
2.10079
11.0974
5.8479
0.000782645
3.57071e-07
2.09956e-06
0.000277155
0.296695
3.44829
0.000343418
0.000263499
0.102404
31.8986
1.84541
26.9395
4.11296
0.0757968
0.706546
5.06373
27.9117
3.33776e-08
0
14.7074
6.30795
27.4738
32.3565
0.0171393
0.833722
0
0.0914209
30.3523
29.2347
0.14787
0.501599
0.183657
0
23.3587
6.30079
12.2559
9.12873
0
3.72582
2.02688
0.598069
0.101073
2.10037e-05
17.6933
0
0
1.38507
9.47028
47.5622
4.55537
2.67355
28.3768
3.98232
6.71201
15.2141
1.45044
16.1202
0.951675
0.142227
0.971222
0.609412
1.30371
3.75529
7.62276
0.0930828
1.74154
2.49241
0.0331088
0.0265825
1.47752
0
0
0.812326
0.000869553
16.0884
18.7348
4.51673
6.90387
0.165007
8.24958
1.83891
4.6427
0.680951
5.19543e-06
0.00167377
1.7483
27.003
22.7678
19.1665
21.806
11.0085
9.51066
0.221382
6.40467
10.6318
0
4.29696
0
1.54674
0.0400987
3.04354
2.93353
0
0.604679
0.250295
2.97185
5.71264
7.75668
8.87099
7.4942
4.62157
0.587543
0.0194656
0
0.0203668
3.0664
6.86536
0.00232591
0
1.57215
2.16313
5.65919
0.527901
1.17782
0.0358641
3.06687
1.39711
0.524114
7.11384
0.0854736
17.2777
0.0606434
2.38954
21.7519
18.5997
1.23998
2.02255
15.5252
17.2876
1.77776
19.8641
1.91474
4.06719
1.08257
1.74315
1.87709
2.33861
3.03999
13.5351
10.5665
3.90287
2.22324
5.04269
6.35919
6.78201
7.78049
1.49314
4.42783e-05
0.000126676
0.0614196
1.17574
0.948752
1.0556
2.63308
0.818339
20.994
0
0.96807
1.40973
0.536656
1.05142
8.08513
0.201668
1.43239
19.4224
10.8227
2.24199
3.69144
3.25246
2.19355
0.486655
25.7157
7.91547
12.1665
5.63415
0
0
9.70434
11.9782
2.08726
0
4.8044
0
3.56252e-05
0.620588
1.67909
0
0.017415
0.0206653
3.84781
1.20935
0.617925
0.933217
49.7849
2.19674
1.39883
0.0135
14.6058
1.54502
8.42871
32.9315
0.785644
14.5866
24.6595
2.1461
0
45.1998
1.96735
0.301607
2.3707
1.44911e-06
0.750251
0
0
2.02727
8.39339
0.0136746
1.25946
0.207862
0.000834706
2.364
13.8457
1.69792
0.201517
0
1.57976
0.502782
0.380387
0
5.8351
0.00540332
4.40377
0
1.63225
10.3977
0.253891
0.00219449
4.6302
3.98424
0.00043343
4.87561e-05
10.2466
4.40812
1.03579
32.8246
20.4032
10.8935
0.110215
0.0239283
0.000106586
0.485023
0
1.63486
1.07572
0.866616
1.43285
24.1581
12.6869
0.00123965
1.44423
0.878617
0
0
0.37547
6.97424
0.000658717
0.796818
0.8609
1.12231
0.420569
1.03945
0.108127
1.13389
0.000213529
0
0
0.000186327
0.604844
0.545839
0
1.21812
0
0
0
0.000793456
0
0.00781403
0
21.8366
1.23243e-06
1.92146
15.8655
0.00985012
0
38.9507
2.61994
6.74168
0.355727
1.03683
5.36237
0.0197425
3.32681
1.77963
0.0812596
0
2.13146
0.234617
0.459277
0.0844984
1.75229
2.25577e-07
1.35351
13.2653
1.52845
0.000616883
17.9573
0
0.00538288
1.88432e-07
6.41744e-05
4.39947
0.0723843
3.79096e-05
0.604691
0.968149
0
0
9.33397
0.231273
1.78148
5.69323
0.735958
0.000300129
0.00230498
1.03656
0
0.885563
0
4.9523
0.932369
5.34057
0.965711
0
0
3.66508e-08
0.00353723
0.0703259
0
0
0.000304603
17.2489
0
14.1016
1.15226
12
22.2637
0.80598
15.723
15.8549
6.3848
0.0579203
0
2.60546
1.04224
24.6263
1.61919
0.00167365
0.0431709
0
0.0202796
18.2923
26.2339
0.358882
0.0763134
6.32406
2.65588
6.63733
11.1621
6.96261
12.9666
6.22291
38.5042
0
2.00679
15.437
0
18.4372
19.0669
19.7687
6.96503
3.12117
8.70219
8.17594
21.5239
11.798
9.08951
7.73474
11.1152
7.88685
1.3694
2.92552
8.46745
0.022192
0
0.000430169
1.9206e-07
3.73547
6.55082
3.82209
0
2.04851
0.00276697
0.868779
1.08013
1.89581
1.64056
3.49437
3.19037
1.06003
0.763769
1.42796
6.10284
13.1555
0.00014368
2.49286
4.80705
7.89765
1.33593
1.8704
0.21651
0.180129
4.61093
0.670366
0.0117683
0
0
2.56578
0.23504
0.00277716
0.851044
0.320646
0.000134137
0.508748
0.0346486
0.0996518
0
0
1.66337e-05
0
0.000364964
0.621957
0.0515237
0.577336
4.25996e-06
0.080111
0.568094
0.149079
0.698053
0
3.58999
0
0
0
0
0
24.1648
0
3.7313
2.48808e-06
0
0
19.9621
0
0.000337572
0
0
0
25.5259
0
1.23323
1.69301
0
0
2.37926
0.640374
4.45822
0.00482193
1.11319
0.0215645
5.123
9.97838
0
5.70939
6.57643
6.40151
5.84353
6.23646
5.61824
3.57326
10.0705
6.0796
5.24587
9.77813
0.669609
0.672867
11.3891
5.83078
10.077
7.49399
12.5176
7.81627
8.8501
14.9795
15.7742
19.3083
8.21183
9.69386
12.7929
12.5813
20.4797
18.4054
0
14.7965
0
13.9352
19.6425
15.4494
12.4624
4.56152
20.8114
8.89541
6.88455
0.706305
14.8236
9.80125
7.20258
15.6942
17.0635
23.6957
22.7768
8.35324
5.13381
11.2477
8.28547
5.91732
0
8.73657
6.69647
3.02669
0
12.6964
6.92616
2.64433
2.3006
1.36469
6.26651e-05
2.96151
1.83766
1.22869
4.34102
4.74163
0.740355
0
0.132855
0.0512094
0.142166
0.659337
14.5083
1.44833
0.00560929
0.0730182
12.8728
0
0.648367
0.34163
3.96409
0.96156
0
2.60057
0
4.84944
0
1.70614
0.827998
1.96348
1.89463
2.67375
18.1968
7.61203
21.7555
10.4413
2.32335
23.6952
18.0211
4.8239
21.5212
13.713
28.126
12.2673
19.2627
16.7095
0
15.246
15.5603
8.48508
0
23.7176
0
15.9387
8.50018
0.664858
11.1782
9.17232
13.0319
0.676009
21.2926
0
0
5.42807
7.35049
0.119356
0.000965315
3.2472
1.25901
0.327471
1.90081
5.77229
0
0.190676
27.6157
0.0351932
6.39639e-07
0
3.67483e-05
2.35759e-07
0.00202168
3.71218e-06
2.53079e-06
9.61535
0.00213894
0
0.0112857
0
23.9098
22.1937
1.0068
0
9.00177
3.76594
5.79807e-08
2.20251
0
0.177443
0
0.620902
0.969247
0.880272
0.447662
26.6768
0.197786
13.8812
2.97311
0.846464
0.000200349
0
0
23.4721
0.0743495
0
0.97315
13.6261
1.21523
2.76177
12.2326
32.715
14.9644
13.2563
19.1589
0.705467
3.04155
6.25555
1.99392
1.94666
10.7037
0.248483
0.44282
6.28502
5.14484
6.21682
0.331316
26.0912
1.48889
1.25511
5.2554
26.5194
9.90502
7.45713
2.30151
5.01141
11.8159
3.83487
4.73888
9.27601
1.85667
0
0.0511825
0.282647
0.0983687
0.845109
4.68279
26.2365
28.3306
12.9248
1.08526
10.575
6.02631
1.08521
24.4202
12.7121
33.9527
2.69727
2.07692
1.18791
51.2914
28.9428
1.23985
18.8469
11.0422
1.67232
0.617112
0.87817
0.0146272
0.884373
1.12931
0
0.110364
2.84915
8.7964
16.0009
0.466126
30.5277
0
0
0.00174341
0.0186773
0.009568
0.022851
0.514848
0.00599717
3.95492
0.0651345
1.34491
17.6509
0.364248
10.0986
1.41954
3.28916
0.000107145
0.0105085
2.99776
9.02777
0
3.81798
5.88838
4.98306
0.0138471
27.3637
9.97091
0.00444821
2.167
12.5649
0.0146621
0
0.138886
0.010624
0
0.89626
21.6716
0.0504562
67.998
26.796
19.3689
0
0
0.0127374
0.284147
8.88408e-06
15.1669
6.68148
20.0358
0
3.54242
20.6955
20.1029
2.07463
4.01173
3.90423
2.71857
0.0180853
0.0781555
0.235924
0.813112
0.0603194
8.70244
0
0
0
0
0
1.38303
0
0
0
0
2.25036
0.974923
0
0
8.65493
0.0100488
2.01968e-07
0.0161776
0.967492
0
3.2429
17.3185
0.707194
3.49996
0.42527
1.49297e-07
0
0.0786695
0
1.93293
3.89125
5.63578
5.54466
2.30805
2.25219
2.43176
0.878239
10.8996
30.8851
15.9369
2.9275
36.1451
28.1168
37.4697
10.8176
24.2958
15.3907
14.7659
8.07293
16.6105
10.9727
10.4051
4.8945
13.1442
16.4483
10.922
2.55586
9.82986
16.5839
11.0957
12.106
3.08276
8.63297
10.6043
20.6624
13.3334
2.09771
2.59136
6.44002
0.106679
0.000171933
0
0
0.0781762
27.8768
20.5894
0
5.92025
1.00288
5.47252
0.00329408
0
6.98191
0
10.6917
1.14686
9.08982e-07
0.5229
3.50157
19.3878
0.857731
11.2999
13.9452
15.8276
10.9324
0.937804
13.0857
0
14.2515
19.0951
13.1698
24.9964
5.67785
12.1851
8.49111
7.66991
4.32764
7.20592
19.1139
23.1016
3.40412
1.11557
6.83628
1.22114
5.03621
6.79928
17.4012
15.5309
5.17517
26.4064
20.8147
15.6547
19.6856
9.31903
7.6479
15.1943
6.57964
12.4367
14.227
14.497
14.2042
0
0
1.18944
3.62162
6.10879
6.29438
9.23814
6.45809
7.98737
19.2817
12.1653
11.5922
14.381
0.638137
9.47048
14.0281
3.52289
0.766669
3.36569
3.54096
16.697
3.43049
10.4544
1.7823
3.75023
4.78809
1.97872
3.42991
1.07233
0.844571
23.7876
4.31291
14.244
6.85335
7.10611
2.62701
12.8065
25.7963
11.0136
4.89116
35.378
3.02697
1.65255
0
0.694552
0
14.6566
9.85642
7.7377
14.6042
0.00156773
9.86335
19.6677
21.2576
12.0821
12.3698
15.255
7.60368
23.5525
0
0
0
35.948
25.8877
27.2399
1.80866
39.3304
2.16427
9.08594
0.148791
0.88666
0
6.07712
27.7822
0.02668
4.56214
50.9313
34.439
17.3783
5.56771
0.255622
33.036
7.1286
30.8451
7.05914
13.7527
29.1303
20.08
25.0012
31.8685
12.061
14.5306
8.36077
17.395
14.4604
17.4605
9.32191
5.45535
12.5989
6.05
14.5761
6.53618
24.8982
2.94071
24.0718
20.6411
9.54833
10.8999
15.2355
12.4952
15.407
0
16.4143
0
12.2737
9.89825
17.6219
13.0012
17.4808
4.04097
19.3383
13.4364
12.1864
12.8334
12.5324
10.1021
6.56568
17.8979
9.24258
13.4491
13.5719
10.7863
10.4823
8.10432
8.69884
5.02233
0
7.55482
5.29953
20.0237
7.50503
12.0269
2.15851e-06
0.893067
0.91703
11.1657
14.4068
7.97859
0.859225
20.2323
17.7693
10.0216
17.456
3.47419
8.84
18.0991
30.4877
1.31237
0.0276197
0
13.4286
7.41177
0.939918
0.347356
3.75059
4.80442
0.994922
0.535974
1.09507
1.08402
0.0165088
0.146986
0.00137813
0.46016
0
9.7415
0.875155
1.10324
0.449396
1.95312e-05
0
0
0.697276
0.960272
0.159577
0.980199
0.931771
0.710517
0.830855
0.0467926
1.49279
4.01592
0.386879
0.304954
2.60628
0.301543
12.2054
0
0
0.132734
0
4.93745e-07
0
6.92688
0
5.55414
6.89219e-07
9.74595
0
13.7435
0.0621323
0.454956
10.0901
0.516339
16.6913
6.65588
16.1618
0
25.6838
0
0.00108407
2.0397
0
9.74357
17.0535
0.160927
0
18.7941
0.14785
0
0.836283
0
0.371586
0
0.865675
0
1.55163
1.9919
0.678494
0.522186
6.05907
2.36069
0.0200328
6.60048
15.7653
3.21538
14.2145
0.0380827
11.1294
13.4579
15.5693
12.4925
0
0
0
7.1353
4.1229
0
0.483816
0.074065
1.68188
0
0.00237869
0.79606
2.48694e-06
0
0.346943
1.10651
0
0.596269
4.1317e-07
1.25608
0
0.795378
0
0.854524
0
0
0.81102
0
0
0
0
0
0
0.987375
18.2931
12.4806
27.637
15.0162
18.0575
1.58751
3.62622
0
0
7.60836e-06
1.38839
9.39384
0.739305
2.86652
0.497577
0.519847
27.3437
49.8202
34.2152
14.6112
13.2592
6.37721
29.0028
25.3072
3.12892
1.54767
10.2693
2.13801
8.10959
14.8311
4.94094
13.0735
8.43404
3.96307
11.4744
0.085945
11.876
0.848189
18.8468
0.0599516
35.0449
26.4559
0.637779
0.0133269
0.94611
0.591933
0
3.65766
0
0.321667
0
0
0.0768015
11.8186
0
10.5932
0.52052
15.6591
1.6885
2.09784
16.9918
14.3297
11.0781
1.4378
0
7.34033
17.5283
15.2664
16.7118
23.1261
23.1248
28.6704
4.39515e-07
12.5016
0.946421
17.2813
13.6171
19.7883
4.28411
5.46871e-06
18.9232
7.68154
18.9868
1.89474
21.9611
29.0574
4.57564
3.74129
23.82
21.9988
9.86427
21.0136
0.0126276
3.9818
29.9607
1.81399
1.40286
40.1303
1.97154
12.3195
0.191263
0.0611339
4.00019
0.0212775
8.43013
0
38.3667
51.5004
13.3031
7.32034
9.17023
11.2255
2.95945
9.85654
0.164881
1.24524
2.4557
11.06
16.9951
13.8725
15.5531
18.6065
23.9338
7.83216
10.7443
10.7954
4.86391
20.6115
0
0
0
16.4136
0.0612359
10.1648
16.9042
0.350724
0.00810636
0.0613732
0.000405851
0.00645884
0.208388
2.19342
1.08616
0
1.43179
1.40847
14.0399
0.039375
0.0761196
5.58165
6.81743
2.5318
17.159
0.16548
3.85447
0
8.00745
0.00501823
0.501473
3.13938
0.0815248
1.00996e-06
0
0.0803685
0.296369
0.00376197
7.32811e-05
0.0150345
0.622321
0.525243
0.0217277
1.70711
0
0.865839
0.00130972
0
1.9775
6.4707
6.30523
1.01008
0
1.9913
2.64758
0
0
0
0.018231
22.8122
1.53543e-05
25.4032
10.926
28.1648
10.083
12.3861
1.93713
7.36116
0.547184
5.69602
7.39829
0.0768678
13.625
7.52317
0.158743
0
8.02958
0
7.11619
8.3396
21.9486
8.6421
19.694
25.3056
0.0862158
12.101
7.34301
14.5915
10.6281
1.37814
17.4088
0.0631932
24.99
6.85356
1.95365
14.4595
8.08909
2.25377
1.04191
0.000954731
0.492998
0.950758
0.384518
1.26089
4.63657
0
6.14448
4.32733
23.3675
23.0873
26.109
36.9195
18.2292
10.3045
13.0165
23.8039
36.0762
24.683
15.5699
13.2836
18.8026
0.00283246
6.12078
5.7909
12.2222
6.45652
5.73374
13.8994
3.32273
1.84114
12.8046
8.70825
9.67393
12.5794
9.72024
9.26339
6.80833
25.8121
7.90229
7.9953
11.1259
0
8.50996
8.7835
1.06328
4.8628
10.4081
1.69356
6.56571
11.5375
12.8401
0
0
12.5601
7.28288
15.031
11.3581
1.20276
14.9919
12.6382
2.75259
15.5796
26.7556
16.2344
4.69376
18.2189
25.726
43.9355
13.4746
25.0843
22.5932
18.9028
12.6974
28.6332
21.5276
1.82323
28.7497
21.1452
14.5049
17.5057
18.7848
29.165
34.079
30.1293
0
39.7275
31.2392
38.2412
0
5.27515
13.9519
23.2817
22.9681
9.95015
23.4641
19.4081
0.0445655
0
3.80483
1.84806
30.6316
1.25417
15.1973
30.602
28.4483
28.108
25.216
0.0778556
29.5526
6.42414e-05
19.3435
26.2564
26.5788
27.6739
19.1038
48.6182
40.2128
9.43652
27.3972
33.9665
22.2635
27.1243
0.00199472
19.0769
8.76909
29.2204
0.00025863
10.1943
10.603
13.5752
5.96804
2.40153
16.7164
13.3417
0.486989
2.67079
3.56107
10.5899
12.9968
12.5306
0.0688254
6.55613
5.75107
3.26871
1.67876
0.933359
1.66918
5.06284
0.456532
12.8074
1.45605
16.8977
11.3519
6.1244
22.3548
2.82755
9.72066
25.2165
0
1.16469
2.21024
6.69978
0.196789
22.2453
11.4698
13.7373
8.51314
12.6394
11.1713
8.17584
15.5229
10.7911
11.2718
12.236
14.1116
20.8416
14.6494
3.10185
14.3759
29.8583
0
29.9873
12.8903
38.7621
4.38194
0.3794
19.3596
6.08103
38.7371
12.9483
17.9779
29.4182
12.7748
26.8008
10.4289
18.3159
8.11813
9.06213
19.8231
29.6972
34.4266
17.4728
1.9687
9.97864
18.4917
16.5415
53.7535
7.61341
8.762
19.8908
22.5932
12.0154
11.0384
0.668744
12.2563
2.21222
11.5635
13.5909
5.12712
0.897196
4.53362
7.59454
18.7854
13.143
19.4193
10.8123
7.39454
0.413371
9.78341
19.4727
4.61853
8.32912
15.9515
2.9563
13.4543
5.46633
21.3714
3.28209
0.956217
14.4619
14.787
4.6842
21.37
2.12067
5.78498
0
6.13352
1.12489
5.299
0.0757909
1.59164
9.15647
0.725978
0.200022
13.3908
0.806398
8.83531
1.66861
3.49851
0.832571
0.804165
2.45984
0.89175
0.832616
0
0
0
10.3995
8.75
29.0954
15.7385
30.023
11.3992
10.1386
1.80521
1.94476
2.72128
10.4807
4.90467
1.55094e-06
10.7191
10.3302
1.10695
10.063
1.70682
6.09887
2.95259
0.576823
3.85894
0.337098
2.1139
11.9561
1.3167
0.720494
0.000143912
0.0913303
0.90263
7.27476
12.8545
4.84909
0
0.23061
9.72184
8.57479
16.1863
7.17925
8.8222
13.1712
8.3403
8.10121
24.6628
8.9353
0
14.4209
11.9037
11.7874
7.14269
0.206082
7.03376
11.8122
20.0223
3.2228
4.93132
11.9934
145.417
9.151
13.6993
11.1657
112.169
4.82601
3.25659
5.64342
6.23012
4.08883
7.80455
6.56757
22.4695
9.18766
9.10031
6.18409
6.9283
9.04946
16.7868
15.483
7.55009
0.664287
0.00040119
6.40019
11.0242
0.0835299
0
0
0.165653
10.4091
1.67304
0
0.0159558
0
1.11189
0.30911
0
2.84182
0.0195402
5.1058
6.62842
0
0
4.15007
2.28531
12.599
0.0748249
1.25063
1.78894
0.497631
0.740651
0.620379
7.50817
0
0.968452
21.774
0.942441
0.0106568
0.05339
0.463785
2.63378e-05
0
0
0
10.2175
4.10688
9.03703
1.5266
6.45715
0.0934975
24.1536
3.53672
9.43065
5.89162
4.96372
2.90841
14.0354
1.01495
0.0639618
0.588647
2.4779
4.57486
2.02333
0.325703
11.8375
32.073
29.2658
16.2926
14.9331
2.01958
0.955435
2.80928e-06
0.247453
6.71566
5.33234
2.49473
5.56159
1.07228
1.56721
21.4092
0.000351037
10.5294
20.4995
12.6731
22.1744
21.8422
12.4181
16.7886
9.92435
9.14855
19.6533
14.3213
26.9327
24.8255
13.0757
19.8469
1.09665
16.4276
5.09161
2.01088
0
0
0.670682
10.1704
1.8441
1.51129
2.68564
19.8847
24.9547
6.13989
2.13078
6.52198
5.59672
13.5562
5.47559
5.05323
0
0.587
4.12056
5.19142
20.56
9.56891
41.3354
16.9499
14.9985
10.4414
1.11282
8.92447e-07
1.71298
14.1034
32.1701
2.55507
4.73338
1.47043
12.1748
6.64926
1.0265
13.6823
0.901132
5.41641
1.00898
33.4572
35.2243
6.36371
0.0649119
11.7715
29.102
0
0.700608
0.798716
0
0.517
0.000281169
17.2471
1.4721
3.27274
0
0.0284378
0.547163
5.74696
0.152595
6.84478
0.726537
0
15.373
0.217175
1.57514
0.210292
3.59233
1.44772
1.10279
0
6.79095e-05
0
0
8.03888e-07
0.00073783
0.899816
0.555741
1.66973
4.94134
4.45054
0.00760093
2.12142
0.65108
11.4191
3.45164
7.17583
18.1698
4.10443
1.75283
5.90957
29.8885
8.4229
4.97701
16.3114
1.02681
1.36198
4.76613
1.25667
8.83907
2.6931
2.84307
3.68744
6.17748
4.85375
1.3862
3.46975
15.2091
0
0
0.597523
0.000627345
1.16935e-06
0
0.367865
0.217743
0.0504451
0.104384
0.0611964
1.28249
0.0769533
0.898201
0.917025
1.31861
0.00076294
26.431
6.35926
6.07632
4.06015
23.4418
12.7416
10.5784
2.3317
6.92427
35.0819
14.2974
0.535546
9.49625
26.8438
0.820247
1.49317
10.7834
0.477803
33.0667
13.6031
14.0412
18.0255
18.0094
5.15705
9.48222
0
2.25632
0
8.44938
1.06263
0.414471
23.3757
22.5056
0
8.43973
9.32875
7.42293
12.1995
1.19369
12.2525
22.39
31.8524
21.556
16.3096
18.9295
3.52087
6.34514
10.2111
1.9843
0.0291841
0.83072
7.23806
0.281136
0.206949
0.174588
0.890881
0.0338972
0.958623
1.0909
0.942903
0.956276
0.0497081
7.76029e-05
0.332063
0.284348
4.7063
0.825237
0.82488
0.262442
1.07503e-08
0
1.04467
0.793703
0.107787
0.860493
0.78137
0.871098
0.771109
0.0273505
0.966322
0.212501
0.128119
2.78032
11.0545
1.32257
8.3019
5.98275
3.54928
2.31197
1.24028
0
0.0769741
0.629688
9.93756
0.682942
0.0624204
2.62132
12.3084
0.620525
4.08677
26.6182
21.1009
8.16151
3.00659
9.21594
38.3463
1.53055
20.1041
15.1667
0.988643
1.84249
10.4274
0.0251171
1.13746
18.0216
0
1.85549
0.615912
31.3718
0.322805
0.0209498
0.570736
0.312215
12.5843
0
0
0
0
12.5876
42.8082
24.7298
29.7436
1.01498
26.9676
14.0887
0.367407
13.7317
9.2594
15.0418
7.15315
0
0
25.7825
0.842738
0.974668
0
0.74736
1.42298
0.121418
17.6634
0.852457
0.995739
13.7877
0.243867
1.89412e-05
0
0.00018354
7.34563
18.0054
0.0526772
0
0
0
0
0
9.95806
0
0.481038
5.02163
0.0122391
0.0169514
3.08554
9.66604e-05
0
0.651157
4.18562
5.91916
0
0
0.567104
0.0241221
18.0081
0.0162787
0.00305027
0
14.8187
0
0
0
0.0540005
4.78133e-05
1.98251
1.91953
0
0.219324
0
24.1751
0
0
12.8749
0
0.0182595
1.79544
0
0
0.684867
0
0
0
0
0
0
0
8.8921
0
0.118332
0.817597
0
0.113021
2.24699
7.09985
1.62839e-05
0.0832591
1.82617e-05
0.0123888
4.97007
27.4047
2.86194
2.43672
0.449187
0
0.0234265
6.31605
7.38475
0.136026
0.177795
0.416593
0.103038
19.271
0.3703
0
0
2.68617
4.63111e-05
0
2.78273
2.37624e-05
0.435193
1.95906
1.49882
1.06701
1.37735
0
2.14897
1.62757
0.715388
9.90119
0
1.72843
7.4664
4.38659
1.59626
4.5995
22.0751
0.324461
1.27723
1.05716
0.801179
43.803
1.74294
0
3.84661
0
0.81455
1.71975
26.7641
0.295772
3.41783
18.4999
0
0
3.20246
0.086023
0.0842021
0.0352546
0.0659536
0.643904
1.00512
2.38995
3.55322
1.61361
0.000688903
12.3799
3.44731
1.13032
0.937913
0.0534261
0.0383314
0.90662
23.6447
6.77705
0.933018
0.0459247
9.88505
5.29041
15.009
16.2805
0.094389
23.8445
6.66076
14.6808
6.58424
0.0255263
0.583215
14.0856
0.91356
11.0702
1.07996
0.856732
7.22015
0.329071
0.100135
1.86213
0.536599
11.5639
0.598761
0.787009
22.5609
26.9033
0.00020328
17.229
10.2469
7.50062
6.72582
3.54914
13.1427
22.0421
0.343084
1.97052
18.1941
17.8044
2.03497
9.19286
31.7285
16.3626
22.2368
18.2947
18.3115
13.2519
26.0352
17.9967
0.505971
21.6075
1.00061
3.44626
13.8361
9.59396
6.36616
0.694583
1.12348
1.22892
0.900193
1.45415
0.8629
1.22932
0.993223
0.00191209
0.775128
2.17198
0.446332
0
0.667473
3.35101e-06
2.43213
0
0
8.37017
29.1575
2.27863
0.00258118
1.54817
11.146
1.2372e-06
1.22036
12.3598
9.90432
8.02858
6.81591
17.2988
0.00553167
4.46921
0
4.47145e-05
24.5635
0
0.153229
10.5287
1.44589
0
17.3268
1.46307
0.0999036
0
1.91835
19.4415
4.86711
0.0323192
6.74558
1.23354
0.268941
24.4192
9.43584
7.64597
16.3416
3.14007
4.03163
6.88577
8.00038
4.73946
4.13827
4.43838
3.4141
4.05616
4.28888
19.4878
1.31923
7.53823
17.4135
0.351889
8.54649
19.7273
10.0288
8.3358
0.00187892
0.883993
0.945367
0.277958
0.0198733
0.0192929
0.0274293
0.0552692
0.147732
0.304967
0.132629
0
13.1047
8.68673
0
46.4753
6.17875
3.18223
13.7054
5.15728
10.1454
0.585016
17.9749
6.10555
12.4098
13.3117
5.94536
11.4654
4.70538
8.87069
1.50376
3.69772
13.1388
38.3909
10.6902
8.90567
3.67797
9.70981
3.14098
0.599761
0.322594
0
0.236892
0
0.589178
0.00102683
20.1787
4.22625e-07
0.183112
23.3124
8.64956
16.7797
5.27164
9.1857
4.48159
0
0.318124
0.576114
0.976012
0.00200357
20.3378
0.0232221
0
1.03524
30.068
24.2004
5.27413
4.67844
2.44575
2.24082
0.00756872
0
0.0280113
0.952351
0.268822
0.000255451
0.0589232
2.01112
0.342941
0.134249
5.22186
0.0994689
0.98422
2.38686
6.7556
2.02355
4.40525
3.55925
2.17001
1.6916
0.0105502
0.145637
1.57075
1.52365
3.98928
0.344329
0.00880588
0
20.0971
4.57663
0.120839
13.2934
0.630084
23.0502
0
0.00615912
10.2632
