20.3429
13.8366
17.0794
1.45895
1.55275
14.0023
0.022192
22.4791
0.785388
18.58
29.5728
0.0960382
0.0876887
3.00241
19.9793
0
2.05041
23.4608
19.8795
14.835
27.9806
0.158793
0.187244
1.4318
3.8572
5.42867
9.7119
1.88447
20.3278
0.473685
4.19257
0.937577
0.0136054
0.413095
2.64269
0
1.21309
21.4726
5.00675
17.9567
15.2846
23.8558
2.38653
22.0612
2.2088
10.037
4.70044
0.00469239
0.587164
0
2.31928
0.310003
28.3736
2.48146
5.39195
1.11732
27.8614
4.41125
0.205532
0.754678
33.2824
0.873705
22.557
3.2626
20.9858
0.95888
11.8821
6.08681
14.255
0.160105
15.8106
0.0327993
0.0032412
0.89533
1.72542
4.95309
8.23997
4.9324
0.000410814
0.0585648
0.0715429
1.99719
2.72937e-05
0
23.9972
2.38937
10.3896
9.89614
13.9097
7.99528
18.2652
7.46849
3.77497
9.40295
4.49268
6.90028
9.36368
16.2256
1.66908
0.0115069
3.66237
20.9096
3.96527
20.0187
7.48353
4.78057
7.62725
6.11145
1.29485
11.2787
6.12535
3.7175
4.91747
3.57373
7.83655
3.7287
7.86287
5.46355
6.7364
5.75655
4.61789
7.37604
2.64742
4.34391
0
4.35617
3.63715
1.35294
3.22038e-05
0.0430787
4.93071
0.962192
0.611579
5.75836
0.00428891
0.0479473
6.83541
4.42644
0.00586648
0.000210311
0.391393
1.98617
0.404557
3.78819
0.782523
0.638986
0
0
17.7495
79.6797
0.116101
0.0568494
2.07435e-06
0.0430147
14.7241
15.8499
37.3307
23.1541
27.2215
3.6248
15.2001
25.8438
9.69091
8.97455
0.0179146
3.03879
9.10052
2.3328
11.121
1.41162
5.95869
5.45206
3.34924
3.70826
2.10436
1.21755
0.000280735
1.02025
1.19317e-07
0.976952
0.00358866
17.5396
2.60255e-05
0
23.0764
14.2227
30.3841
5.85066
26.4181
45.5568
13.0457
28.3242
21.989
50.129
6.16116
0
13.9352
1.96939
6.07985
11.704
34.6884
66.5353
26.7738
53.6283
20.088
4.10189
15.347
2.89783
47.8804
18.6772
38.5718
35.4171
3.55872
30.8321
29.6278
34.7518
6.71445
38.4365
20.229
19.2581
0.964729
8.62685
34.4698
4.38831
49.5173
14.7988
16.6505
28.7601
37.4117
3.37531
3.948
7.7649
17.3514
2.72238
4.57084
2.6775
9.9476
1.5247
2.86118
4.74455
2.31688
2.10335
2.34179
0.599972
1.20392
3.72383
0.946298
0.000325154
2.59214
1.92603e-05
0.00543805
4.26135
1.01586
0.508251
0.0170351
1.01806
0.0099822
0.599521
0.214328
0
0.0198148
0.00152389
1.73894e-05
0
0.545577
1.95824
0.901962
0.344588
0
0
5.8261
0.178079
18.7658
0.123078
0.30707
0.960729
0.29373
0.305848
4.90636
0.00780196
17.267
0.769369
1.06975
0.00339877
0.0152497
1.12843
3.55429
0.816538
0.0551101
16.9709
0.015302
0.883017
5.98442
0.459686
0.91437
0.0005051
0.916563
30.9787
11.7955
3.72325
18.0079
5.01527
12.7942
12.3786
1.56637
25.6694
20.1843
4.90045
1.15683
2.41195
2.64698
1.40079
0.433181
8.54158
25.1253
37.7639
39.3554
9.11379
9.89845
12.6539
0
6.45429
1.52529
1.01243
16.9665
15.0642
4.70757
0.729919
0.672764
0.0450213
0.90085
0.232635
0
2.28087
0.134124
9.34883
5.88967
10.2085
7.70193
0
71.7338
3.86288
19.3679
0.101187
0
0.286216
0.292757
1.64619
3.93121
4.18354
1.69954
0
12.559
13.8227
0.0976279
0.0921104
13.9451
3.14859
0.501738
0.780079
6.66701
6.03925
0.00210763
6.23772
0
0
0.00213118
8.50659e-05
0.473397
0.45517
1.0819
0.000401125
20.0024
3.47969
4.13815
8.13065
0.000132252
18.9585
37.1136
41.8251
32.6533
9.83493
0.396218
12.6885
36.4013
10.0626
2.6716
8.63763
6.37768
13.2813
3.11912
1.86234
2.19547
7.07161
0.186644
26.6163
22.5063
16.3477
11.7893
45.7949
24.7098
38.1069
18.3193
21.3245
47.3601
25.9343
18.6208
36.3007
14.0293
2.30522
18.7179
11.498
7.12299
21.2798
10.1611
9.06115
75.9728
32.8141
14.71
3.91099
3.78188
14.2524
5.57367
8.38402
10.4546
22.4242
31.719
8.58502
21.6707
29.7596
7.9003
12.2425
23.6187
24.3259
20.6908
9.95033
30.8446
0.296653
4.44731
7.0865
10.5526
9.50827
12.6278
24.2119
23.4911
1.28438
2.3715
0
2.6765
3.00428
9.56141
4.27029
57.7542
12.5288
12.2185
10.0594
43.9085
20.0475
24.4548
9.87162
4.27822
1.05161
0.0124035
0.12817
6.84014
1.67082
10.5392
6.04424
0.287066
2.9996
2.67411
2.13214
3.80159
0.997671
1.2991
1.20377
4.1421
8.35655
2.73468
13.4885
18.9669
11.1453
0.801934
15.9551
30.6034
12.3786
11.1776
8.9599
3.78146
10.4487
29.3372
32.6486
17.3552
1.11826
1.87646
13.6396
0.979403
0.134807
0.00208292
0.0266756
23.5062
54.663
44.3744
22.9022
49.58
20.8497
5.3551
35.9384
0
16.2508
9.9636
7.69909
2.38745
11.8828
21.328
21.909
29.6484
6.48442
23.8751
9.92
5.41351
13.0046
12.2329
0.0023539
0
22.8757
0.07533
2.85474
0.188882
1.05639
0.977955
12.5361
1.07143
7.03503
0.336652
4.49219
0.921856
0.765385
0.217806
19.9421
3.05838
1.82672
8.17669
15.5359
6.68154
3.43106
9.82079
4.22151
14.4828
15.7965
43.2869
19.9132
0
29.1144
0.659797
46.2972
41.7841
36.2892
22.591
25.2696
10.093
3.54186
0.00884304
17.2932
0.0180148
0.183488
10.9454
1.37194
2.44421
8.42471
7.97377
19.5517
5.03461
1.08877
2.61877
2.5659
2.68509
23.2591
53.3841
4.42214
0.841032
2.79618
0.000164931
11.1672
9.49208
7.21379
8.04932
2.93682
12.2162
2.7459
3.0087
2.62879
24.0204
0.594186
19.0682
26.288
66.2782
3.11812
6.83345
56.3663
28.9663
24.7964
18.4028
2.58114
19.3172
33.9959
0.00010053
0.0102389
0.840586
2.39056
0.832492
0.143179
36.0044
10.5393
9.56173
0
0.0744915
1.77882
6.06507
0.980835
2.4096
1.22636
4.98368
1.87806
0.305255
1.7267
1.48918
4.81311
1.38644
0.00396051
0.421266
0.72497
0.000521128
0.4753
26.026
0.873371
31.4235
6.82177
2.68536
1.2714
11.2311
3.36839
12.0191
13.5348
0.015676
0
0
0.769355
16.812
51.7408
0.896955
14.9438
0.0102229
14.507
16.6243
14.9745
32.6164
0.050234
2.52053
2.83514
0
0
0
1.1169
0
13.4711
28.0197
38.5666
12.8302
8.50214
4.01849
11.9458
11.946
16.4697
41.2705
0.00387859
5.33898
0.451607
19.3305
24.9497
7.42423
0
16.7675
10.2319
2.45539
8.99458
1.83068
1.14298
3.31491
4.60072
6.84797
12.5024
19.6107
7.38055
27.016
3.28931
5.07531
0.4142
0.489244
0.383705
1.8633e-08
0
3.63647e-07
0.972749
0.0635693
29.9433
3.88565
5.84409
1.91449
0
12.5345
4.0556
6.12949
6.29284
4.98041
9.11656
8.93275
16.1607
7.01276
15.6176
19.5676
20.1588
17.6179
28.5462
49.7579
0
3.60545
62.7567
5.49513
0
11.4858
0.00608171
31.4823
77.6437
11.9828
19.0929
22.5018
12.8245
12.4107
0
0.00421787
21.3542
34.5049
1.01258
0.528547
0.0421915
3.68594
73.7114
2.62487
2.00516
0.19653
0.0763108
0.0609531
0.547072
8.98688
7.8479
12.0497
7.43309
0
0
1.04027
11.1968
6.32011
0.0148764
5.1528
26.1751
0.67553
40.6945
1.2215
11.6992
32.2797
5.06572
28.0886
1.00473
5.33009
2.4424
0.668684
0
0.0117439
0
0
0.986288
0.13189
0.00727504
0
5.40156
30.8153
4.35762
49.2896
13.7119
1.94779
11.1493
1.36205
2.34327
1.191
1.64623e-06
30.6864
0.74524
8.97722
1.97678
18.7644
9.91763
17.1933
0.357972
0
14.0537
0
12.0522
3.37618e-05
1.68859
0.679515
20.2168
19.6824
7.97697
9.1886
8.44265
30.7858
0.340776
0.143346
2.35414
6.46968
1.3659
0.00615378
1.92669
0.00466712
0
0.961869
3.77531
11.0458
4.05358
0.713744
22.9924
8.1981
7.4944
11.5895
8.46658
41.9661
0
0.589075
3.33739
30.7466
12.2424
3.61863
0.249626
0.203459
0
5.57518
18.2987
4.70969
12.503
0.0485433
17.8897
23.5198
6.71102
0.821391
11.796
3.45492
0.515648
14.9169
0.47983
0.0447214
11.9606
1.78632
3.03067e-07
0.0046798
15.7533
0
0.233624
1.56781
11.982
9.23035
0.0488195
0.0736248
36.5503
0.100517
35.4549
1.38354
2.75088
0
0
0.0463068
0.0899316
2.83561
0.0279168
1.52085
8.41281
7.51928
8.98799
4.4272
0.0136364
20.8118
15.8636
1.98044
7.38551
1.80454
11.9395
1.83942
11.9011
12.2314
8.97598
12.1235
2.42207
41.808
12.9469
11.6357
11.456
2.68531
10.5066
2.76005
2.03354
8.39283
1.31837
7.27177
4.16445
3.90703
14.166
0.56759
13.9941
1.6829
1.7676
0.199659
1.38881
0.147848
13.9604
6.73548
9.88235
6.17509
0.891221
0.99463
1.66383
3.11836
22.0997
0.565745
18.7647
15.765
3.08473
0.00892538
0.00957862
0.000149832
29.6933
0.90036
13.5924
23.6074
0
0
14.3943
0
0
21.8809
23.9972
8.90031
0
25.1628
28.762
4.6144
2.19907
3.30719
9.61092
0.541702
0
25.6194
0.977735
0.26676
0.149372
4.93564
4.24085
7.7899
15.4952
0.898836
0.550622
0
2.25745e-07
38.9136
35.9444
4.18054
8.52719
20.0005
23.0626
23.1494
0.276773
0.293696
2.49336
0.117581
1.08088
0.420428
9.22633
0.66517
0.183781
27.9505
0
10.9399
4.59175
1.17796
0.000738765
0.332527
0.415021
6.21032e-05
9.62007
30.0457
7.58654
23.5175
17.9403
0.79308
0.670246
0.000519818
2.62017e-06
4.06702
2.37743
3.44746
0.465922
0
0.255998
5.56131
1.24181e-07
0
3.58067
0.250137
2.83957
27.3872
2.2816
0.959865
0.231478
34.8694
35.943
2.90952
3.73532
3.89512
1.49211
2.78586
10.3899
0.00569648
0.0161549
18.7948
0.0886086
0.374337
0.00471196
21.2478
24.9561
0.496812
6.23988
1.01457
3.91439
0.0702527
0
1.38009
18.0372
0.425979
46.3685
0.884488
8.74976
0
17.101
10.1061
15.8734
25.8618
4.47208
7.14603
54.8439
22.4191
0
0
0.732482
15.5566
28.4935
21.1531
24.9444
0.552786
2.3169
0.581493
9.76617
36.4256
15.5658
22.1306
2.17837
36.7401
7.28612
8.06904
40.4717
29.6164
4.85849
7.64772
3.97975
11.1974
8.79759e-06
0
18.1284
21.6567
0.068273
7.43236
5.15287
0
29.5341
9.00282
14.9584
1.01735
14.3651
7.08389
8.04537
12.6884
33.2016
14.4836
38.449
11.7603
9.47221
0
0
0.434364
11.5846
26.706
19.5535
19.4101
11.5361
11.8801
10.3457
25.1451
31.5761
75.198
70.9086
24.3365
10.2184
12.4169
2.98282
0.0441905
0.111361
1.65148
3.00961
3.67941
1.27583
0.986878
24.3949
0.00130106
1.01182
7.60231
16.1119
16.1563
24.1446
6.79077
32.1163
15.8839
3.92908
2.87629
6.00743
17.002
20.9977
0.00582556
10.9363
5.70425
6.01221
26.7239
25.0874
24.9406
0.940173
0
0.445496
26.6848
11.4079
3.28705
1.32027
1.47331
0.0118288
0.0457167
0.00250647
0.0901862
0.000547468
23.5744
0
20.4279
0.852427
19.1651
9.12349
0.610009
9.05135e-07
0
7.96288
9.01058
24.4348
24.6614
0.122343
0
26.7009
23.7007
3.40774
0.40328
20.4093
16.558
13.4634
0.0212765
10.3748
5.08721
4.48256
9.75261
3.15717e-05
0.4644
9.69618
9.11809e-06
0
0.319843
0
0
16.1288
0
0.405386
9.50193
5.74159
3.8419
8.79801
3.14814
11.3891
0
18.8842
0.0645179
5.06785
3.92464
0
5.25833
10.8076
5.72335
0.220985
1.88007
1.96534
31.4696
28.2286
5.78343
27.8844
0
11.554
20.8992
28.2775
0
11.1229
2.35522
43.1415
10.1033
0.338989
1.38687
2.09763
8.69509
0
7.15288
0.773199
0.00187633
9.94303e-05
0.0389125
9.59759
0.00777924
0.641153
0
9.00101
0
4.5989
11.6455
0.781939
8.22293
1.71131
8.19072
13.0694
11.6135
0
0
0.001655
0
0.024719
0.00016127
0
0.0821751
46.939
5.65614
1.72866
5.50179
4.97316
0
6.98161
9.92585
0.0481715
5.17015
20.3882
20.5616
22.7318
30.5509
29.5617
16.8741
0.408677
13.3878
26.731
18.2017
23.7203
28.8017
2.70902
18.0141
7.98174
0
11.3009
0.0185811
0.176651
14.2182
0
0.108889
0.117688
3.19475e-05
0.0101141
0
0.0515283
2.75556
13.789
1.39925
0.000174431
0
0.00049582
0.0312002
0.032391
0.950478
0.0746308
0.385038
0
14.1175
9.18742
46.3437
36.2707
1.39233
0.00536973
12.4597
21.0153
0.843443
0
15.0685
3.29275
3.60409
13.4194
0.000315147
0.104743
0.0990136
2.95276
7.76094
11.4033
1.71799
2.43839
0.100744
0.0916251
3.52585
0.819603
18.4057
9.96262
0.00464518
5.09467
1.93608
0.130424
0.000217693
0.0479882
10.4849
8.026e-07
0.000188641
0.395164
18.0276
27.2524
4.67894
5.34709
39.6513
0.848513
23.3768
30.6904
1.08185
24.5513
0
1.90755
0
6.70749
11.4305
8.53106
15.4396
0.15572
4.92487
1.06971
0.00602521
2.03831
1.20737
0.184349
0.948486
1.88127
1.03282
5.25587
8.26139
0.139006
32.4601
0.0901125
8.55495
0.649848
1.23555
3.81979
0
0.20111
0.923482
15.9568
11.4868
6.98904
29.0683
16.6661
10.0511
0.480706
20.5594
27.059
0
12.8834
0
3.27476
1.58671e-06
2.79763
20.8137
1.01699
0.65784
0.955875
1.22398
12.3809
21.5124
3.42067
6.35556
5.20461
1.42866
0.0290873
1.70694e-06
0.000664264
4.02268
1.26802
0.0675261
0
7.66803
6.59218
12.0056
13.1402
0.756539
1.41778
10.4296
8.73578
0
51.2896
0.000886102
23.9723
2.95868
0.567117
42.8343
28.4244
0.335576
0.411782
38.9082
39.0782
7.40598
15.5857
5.2619
35.178
5.91837
16.7974
0.273222
4.53068
9.98795
11.5069
14.0109
8.37344
18.7021
6.71345
7.52683
5.47394
16.3906
3.27905
0.000736839
0.00022051
0.490004
1.90723
0.0643756
0.00119006
7.53876
0.00079872
38.4239
0.858559
0.820862
0.583695
2.49749
3.24182
16.4057
1.3785
0.553727
19.0255
32.8299
17.2941
45.3383
10.1392
0.328069
2.34897
19.9034
25.683
30.2483
5.7057
0
0.0561349
5.3711
9.16277
0.727485
0
7.87486
0
0
1.26269
0.884741
0
0.0278793
0.010584
5.98172
1.03522
11.9139
1.03298e-06
87.4247
1.63347
0.0433265
1.18714
9.04574
0.90769
5.25366
8.607
0
6.75189
36.524
6.83218
8.15055e-06
77.1162
0.37052
0.0220652
2.20081
0.217755
0.12022
0.780031
2.1343e-05
0.44166
2.36057
0.20069
5.53538
0
0.767304
2.46115
10.6441
1.11656
0.11938
0
0.745898
1.87248
2.73249
0
25.4173
0
58.6541
0.0690478
0.715913
8.64291
2.14488
0.551824
6.62202
3.94593
3.68936e-06
2.98193e-07
24.964
7.12337
2.53406
8.93786
1.67887
5.92704
0
0.431276
0.903216
0.197928
0.00186722
0.402717
1.45295
4.1999
1.62552
48.1139
9.89175
2.74521
4.81475
0.581519
0.235759
0.0029528
0.0122883
6.40512
1.0806e-07
0.0291988
1.87595
1.79066
0.758902
0.996699
0.146399
0.494037
2.42874
0.00216539
0
9.86582e-07
2.2749
0.0332907
1.49902e-07
0.8571
1.49371
0.0142952
0.0273429
0
0
0
0
20.2834
0.212265
1.38243
9.61518
0.0622318
0
46.2166
2.11904
10.7406
0
0.360097
2.17479
1.43676e-07
2.91597
0.727496
0
0
0.559957
0.519404
6.44425e-05
0.180099
20.7666
0.00327306
1.12916
7.86637
0.316754
4.17364e-07
20.3208
0.00177773
0.270625
0.0501228
0.962442
3.37997
0.0164722
0.00223033
0.00604557
0.88295
0
0
12.5326
6.97329e-06
3.94087
2.54738
0.0806977
0
0.358618
0.67154
0
4.77637e-08
0
10.9365
0.828688
20.8343
0.168158
0.028424
1.2651
0
0.119796
0.00268522
0
0
0
22.7359
0
14.0718
21.5598
18.0239
72.1292
0
23.6291
8.4795
29.8803
1.30611
0
4.27101
0.0043932
18.9906
0.100278
1.89232
8.12272e-08
0
2.07265
15.4814
12.3881
0.0204946
0
13.8714
3.31949
2.77196
5.98173
3.35452
30.6783
12.4331
37.2391
0.125189
1.60605
13.5252
0
20.1246
15.5887
37.34
68.9257
5.68243
8.20086
28.2982
15.7051
52.8906
59.711
49.6753
7.50183
8.43771
0.877913
7.82799
7.82873
0.938198
0.814629
0
0
7.17102
8.87516
13.8464
0
5.39979
0.796699
0.761748
2.30286
15.6667
3.66633
11.5761
1.06668
9.48007
5.22802
7.59297
4.62565
7.91872
0.000134321
1.17421
2.7436
7.64232
5.02284
2.75471
0.319586
0.0106147
5.14352
0.111396
1.70062
0
0
0.911349
1.01654
0.142786
0.866792
0.0073
0.190422
1.56563
2.6173e-05
1.10204
0.0646738
1.78571
0.0654137
0
0.790435
0.000801637
0.0112124
1.88544
0.776324
0.303134
0.134754
0.530913
1.7522
0.0718226
1.65053
0.0369042
0
0
0
0.000485898
23.4308
0.106751
2.69491
0
0.054425
0
12.4071
0
9.05638e-05
0
0
0
9.92997
0
0.0375308
1.62236
0.444236
0.00642602
2.95893
0.103608
11.0199
0.0266903
0.335202
0
11.4779
22.8999
0.0646202
28.5568
18.2067
13.6412
9.10972
36.0687
38.8368
44.3295
50.2595
41.1818
51.0261
20.6327
0.620205
0.674004
30.303
15.6713
30.6289
38.7877
29.0337
38.1362
4.59517
35.2568
29.1102
44.6586
10.9976
17.5999
31.354
29.9127
24.4872
15.0989
0
32.4041
0
17.879
36.4291
33.184
39.6689
7.15896
22.1841
31.9623
20.4409
0.462837
16.5263
25.8246
16.1536
19.2408
46.6755
46.8429
32.7174
37.341
21.4428
32.3186
19.2483
21.3466
0.0275871
26.0636
16.0442
10.8663
0
11.7986
11.1566
0.123563
2.24152
2.5175
0
3.09675
1.22825
6.4458
3.8642
10.9285
2.94557
0.0512868
2.30045
0
0.464947
0.349809
14.5171
0.0436568
0
1.82326
6.97477
0
0.590196
0.0237254
0.826951
0.944519
0
0.149578
1.56581
3.58345
0.262594
7.67903
7.24955
2.71951
2.32876
3.03307
9.64662
2.94846
11.8704
57.0917
16.3244
17.672
17.6479
25.8218
35.3889
25.494
45.9593
35.1365
32.2881
21.613
0
13.6821
12.9211
22.1387
0
28.3611
0
3.50103
3.66275
2.89772
9.21324
10.2449
6.98944
2.10593
18.6139
0.000751224
0.944777
8.90261
2.87741
0.571147
0
2.04885
0.124099
0.551361
1.98828
0.159106
0
0.859151
12.4953
0.00014477
0
0.0145753
0.000841339
0.016704
0.703524
0.0800872
0
40.3024
7.86565e-05
0.00123726
0.108907
0
16.1737
9.24119
0.274385
2.11581
27.5673
8.35355
2.00751e-05
10.4136
0.459617
4.12459
0.835177
0.0539316
8.53492
1.94832
0.415484
10.835
1.98426
36.6034
1.07161
1.94405
1.26472
1.95349
0
19.0565
0.853515
0.0833006
0.0214154
14.0273
6.93029e-05
23.2839
7.59949
5.53414
10.4721
15.524
25.0784
5.27132
4.30435
9.60359
3.61184
0.61623
37.7954
2.93267
0.0872224
12.864
0.456766
10.5561
0.9867
8.52873
4.19567
7.36537
1.57537
35.6962
4.00242
2.36799
2.17589
5.8743
10.7526
4.35155
2.35571
31.7216
3.94888
0.0320388
0.0375712
0.897666
0.872803
0.148962
7.87951
10.9662
30.1969
30.9074
0.300731
23.5966
25.294
3.35621
18.5277
4.32643
106.728
4.91984
6.18469
5.22043
39.6049
23.5146
23.4854
25.0664
7.96408
0.855301
5.67411e-07
1.69099
0.189698
0.4516
0.839062
0.216877
5.98962e-06
8.54455
17.4187
12.1176
1.69531e-07
7.87355
0
0
0.000857327
0.770472
0
0.102611
0.846177
0.0315507
0.878247
0.000115311
3.45891
14.2622
1.03791
28.0482
4.30376
4.91215
0.243015
0.125707
27.1974
1.66876
0.00048553
12.926
12.208
2.84437
4.33412e-05
8.09138
4.99513
0.000132561
9.07202
6.68591
0.0125739
2.59641
1.33979
0.882037
1.77892
0.619101
23.5187
0.406649
20.7355
9.25157
50.4955
0
0
0.000805252
0.0210417
4.16937e-07
17.2356
16.767
24.3688
0
23.6215
8.57057
17.7749
5.05299
4.76378
1.07473
10.0855
0
0.110625
0.0134951
0.0107748
0.00109157
0.601348
0
0
0
0
0
0.835712
0
0
0.56947
0
2.03323
0.0103078
0
0
6.41638
0.0120893
0
0
0
0
4.62168
8.96817
0.692662
5.68512
4.62607
7.34091e-05
0
1.1716
0
11.0731
1.2124
9.68325
2.15922
3.20385
0.724159
0.587499
2.37425
6.56635
11.9642
9.56918
2.48824
14.4148
7.4275
17.2766
11.6565
11.966
13.8706
18.7544
17.4121
12.2781
14.8601
9.17016
20.2223
14.4622
12.8501
9.31117
8.80022
16.1381
15.1817
4.99868
4.53558
7.33698
31.8069
14.0755
15.8771
3.98633
0.478469
0.886876
2.23801
2.73245e-06
0
0
0.00467477
0.0976237
66.4795
20.5875
0.260355
1.38479
0.231135
1.06172
0.340643
0.930205
9.67373
1.07744
21.8101
6.72437
2.7302
0.367174
15.3754
12.5558
2.55039
27.1335
15.9222
27.058
12.5921
1.77985
14.8302
0
13.1121
20.9968
7.68402
24.8457
6.63622
7.9626
5.3997
5.69733
2.89934
11.861
50.2397
14.8849
3.39633
1.58441
4.85143
6.00514
26.5592
12.7881
46.4418
16.0805
33.5513
14.9938
27.5599
20.7245
21.3584
26.4029
15.1375
8.93966
8.21602
23.1923
16.9591
13.2858
9.24912
0
0
0.000251881
1.7182
8.08509
11.5245
9.07325
5.55472
5.47352
8.11913
7.80695
7.94949
12.226
3.80342
10.9933
12.1381
3.43238
3.38724
6.73999
9.80252
6.85585
4.36296
75.8347
2.444
1.86117
4.71766
4.2336
5.64129
5.64111
4.75928
6.16973
10.1748
10.4307
9.26869
17.8906
12.6189
11.2628
29.2179
36.1278
48.8401
26.9083
17.8338
9.05766
0
1.44047
0.752416
13.2445
18.8716
6.83659
14.7733
1.46496
20.0278
20.5445
13.8738
18.3583
13.6645
16.0042
37.8152
48.8775
0
0
3.8132e-05
70.5639
73.1707
67.2985
0.382334
103.794
1.30103
23.4943
0.896683
3.92655
0.0874427
8.3844
14.7623
1.24666
13.7648
81.7111
44.2681
28.5068
13.0479
1.87765
57.1438
7.80853
48.62
6.15466
4.19578
45.1053
40.6147
31.1223
44.4055
14.335
26.5501
14.3499
28.0614
8.83021
18.3281
40.9908
40.1913
4.49298
35.588
18.4502
6.51358
15.0371
47.6282
13.2072
16.4253
30.3195
15.6819
35.4977
10.3494
11.1361
0
17.5821
0
6.8102
14.7352
28.8544
14.4839
8.75695
8.38534
15.211
14.8857
15.5137
13.2852
17.287
15.3297
5.10157
16.6229
11.8472
12.3788
6.97788
6.87839
9.91379
16.3778
13.5007
11.5345
0.171229
10.8991
1.13303
13.8362
0.781201
11.9651
4.31701e-06
1.78614
1.17542
16.5159
9.20968
22.7425
0.54815
7.99635
10.2097
4.70432
3.08457
1.75792
4.36273
9.39476
18.877
4.97883
2.20779
0.968696
15.1434
1.69693
0.0157809
1.93214
2.65904
3.78446
2.47143
1.24348
3.36438
1.0276
0.247243
0.851073
2.55415
0.45489
0.0118634
24.3568
4.79369e-05
0.661172
1.46359
0.944984
0.209689
1.42419
0.00125548
0.548301
0.060752
0.0263461
0.0458766
1.38276
0.803836
1.26737
0.0333547
17.5144
0.980658
0.0249165
3.34587
0.339206
8.32896
0.803474
0.804166
1.75862
0.018968
1.86345
0
13.9703
1.92031
6.94406
2.62607
38.6603
1.13557
16.3959
0.464544
0.382648
19.7157
1.72467
24.9435
17.7082
44.5966
8.32734e-05
13.4117
0.0989399
2.72626
0.130647
1.07874
16.6137
27.8797
3.5058
0.775281
22.912
0.306098
0.0479353
1.22849
0.993441
1.71791
0
2.30523
0.00192763
2.43585
2.81483
5.27426
1.04728
15.6374
5.01852
0.295669
11.5986
33.0762
1.38737
17.634
1.01574
24.0346
35.3679
27.5148
3.70654
2.55983e-07
3.32568e-05
0
3.08458
6.77575
0
0.0948055
0.000651371
0.782341
3.64721e-05
0.0143291
0
0
0
3.0125e-05
2.20436
0
0.758173
6.54717e-07
2.4188
0
0.253546
0
0.140849
0
0.0156177
5.23743
0
0
0.00859779
0
0.253314
0
4.36248
12.9093
6.51991
13.4779
14.202
21.868
11.4916
9.87871
0
0.0982094
0.90118
0.227814
9.32722
7.04591
10.2824
6.27194e-06
0.0945338
9.33273
41.0704
48.7647
18.1379
2.21601
0.115449
7.1231
9.55528
2.80468
9.02255
12.1161
7.66903
21.9839
6.75329
0.902997
23.5567
21.5999
11.9051
28.8151
1.10537
22.0359
5.59586
76.8139
0.00473041
105.814
91.8777
0.878574
0.0161223
0.662523
0.230266
0
2.6408
0
0.0727055
0
0
0.325813
16.2837
1.03702e-06
11.9654
1.98439
10.9164
3.87728
4.57956
12.8251
12.0103
8.38018
6.50536
0
14.5621
24.8188
16.3756
6.09782
12.2204
12.2013
13.6317
0.0517906
6.32004
0.504288
14.7913
11.2395
6.93917
1.25387
1.01652
9.07356
15.1626
39.3407
6.38368
15.3315
11.1504
4.00292
7.52104
10.757
10.4715
4.68475
6.5955
0.141959
4.25859
24.9449
3.66698
1.53709
23.7302
1.03845
14.6009
10.2447
2.80914
6.02838
2.69178
48.7796
0
19.4317
30.0418
18.4336
30.9071
20.2735
23.0496
5.62483
13.7818
0.00771241
0.881547
8.69066
2.58391
5.92409
5.63048
12.8172
9.59152
15.1803
14.0546
21.2463
44.5274
20.8095
10.3839
0
1.10031e-07
0
7.753
0.984149
9.97532
3.10692
0.544565
0.00691135
0.897176
0.271173
1.80981
0.232168
1.93307
2.92571
0.00614943
0.035328
0.191353
18.3638
13.2223
5.03033
3.17517
31.1906
1.4546
7.76486
0.13919
34.5841
0.199732
21.6129
0.235565
0.864333
14.0732
0
0.525605
0.0737546
0
0.593596
0.355363
0
1.19453
0.611148
0.0593019
1.9696
1.41456
0.0541127
2.89046
0.0521048
3.28575e-05
2.23496
6.04705
21.5886
3.85761
0.00111932
0.418397
6.0332
2.3688e-06
0
0.000934448
0.0109275
16.5337
1.19484
18.2159
30.8911
48.5857
14.114
48.7435
16.2518
37.7889
2.81374
22.4325
11.7259
0.17265
27.6165
5.5154
0.7766
0.878647
37.7651
0
23.9124
20.6682
9.30629
5.09537
23.6843
12.6098
1.11728
24.8635
24.4454
26.3276
31.2905
2.65495
32.1449
1.00082
13.995
9.57855
5.91166
9.28952
9.05115
2.76436
0.501939
0.00424879
7.30764
1.86945
10.3441
16.88
0.997999
0.00860373
33.4576
26.9799
12.1354
3.9402
7.90616
16.8529
41.1676
3.28149
18.7215
8.92178
16.893
18.3541
23.0468
15.5944
12.0791
0.0035463
9.91715
16.0195
22.4481
14.1701
16.588
18.4008
9.14875
6.10047
16.7151
26.3965
6.54824
22.1509
17.2413
13.2585
30.3081
47.3756
12.0737
32.4257
20.5071
0
22.3292
22.4658
16.1951
2.73167
42.9639
0.255335
41.3732
79.4027
9.27297
0
0
44.2355
22.3387
29.43
30.3882
7.51618
40.3761
23.9873
2.84768
22.6039
49.9468
18.3051
4.46217
16.4226
25.1622
23.8296
23.6983
43.3884
13.5381
26.9157
16.6116
49.5828
43.1076
4.57511
48.6707
31.7668
18.0738
5.66588
14.0175
27.9341
79.8717
35.5841
1.24577e-05
53.7994
35.0903
29.2003
0.46323
10.547
10.6043
13.1974
12.6629
11.7841
13.8108
31.3358
1.39313
0
10.3923
0.42079
12.8772
0.351819
12.6881
21.6981
41.7773
16.7854
23.2117
0.030469
15.7728
0
13.1397
17.1503
14.519
13.2533
19.7775
29.4156
39.8364
53.1138
27.4223
21.3404
12.5229
27.6266
0.868163
21.9125
9.51798
19.7
0
12.6835
6.22206
19.3678
17.849
4.18119
26.8527
25.8676
0.0458373
6.91702
7.32059
9.3209
13.733
10.0365
0.18048
7.29506
21.9497
8.11542
1.10681e-06
6.73852
1.85124
3.10405
2.24114
16.6598
2.51853
14.0143
11.2959
9.22055
15.4738
18.56
4.77496
36.4895
0
3.73522
8.35525
12.4566
0.00904339
8.54297
18.6198
10.8389
7.726
6.86468
16.4719
29.9014
15.4036
20.8999
13.9909
15.1093
20.8231
17.2093
21.4811
18.3539
17.4309
24.9579
0
12.9318
16.7856
18.3804
6.51878
3.10081
10.1796
1.83237
2.12752
3.99851
16.7996
74.1647
14.6451
44.3451
14.4292
13.3903
21.973
15.951
15.725
13.6168
32.3426
9.84337
0.0339605
12.7222
26.8018
12.2664
26.3322
0.250871
0.663719
21.3585
2.84773
47.3474
17.5868
0.00849703
18.3927
1.49192
19.0478
5.0662
14.4625
0
2.91611
3.8522
7.87532
13.824
6.65829
1.73698
4.89455
1.27168
4.61109
20.3094
5.34878
10.902
7.36065
20.8422
22.4097
2.93203
13.203
4.01024
1.6757
14.1581
10.2443
11.5601
7.574
23.8644
15.3377
0
10.0738
0.191505
20.8847
4.70629
1.65778
25.3561
2.50365
0.366946
88.9376
1.67031
54.5601
1.45511
38.6076
3.17172
0.453711
28.1207
0.333601
0.271626
0
0.000716559
0
24.2704
2.3541
6.19678
15.372
14.9481
22.4348
19.4769
3.73175
17.6807
7.85188
16.3094
44.1916
1.40624
66.7005
54.2573
1.58494
30.2881
0.539238
15.3757
14.7145
0.627956
18.31
6.36388
3.80481
6.78907
0.911509
0.164675
0.557548
1.73832
0
8.52368
19.0598
8.22696
0
2.71125
15.0081
10.1829
9.67743
7.8751
6.19544
5.86593
8.24734
7.273
11.6674
6.93099
0.000137318
9.77634
6.47102
11.1507
6.96996
0.000183552
7.04446
9.39269
15.5018
11.2599
4.99337
7.11057
95.9799
11.2438
20.2026
9.76968
152.681
5.7274
8.76663
8.01323
2.08099
7.86921
5.17313
6.29804
8.7749
7.60094
9.44628
6.34268
3.53383
11.4249
89.5623
9.08896
41.6574
3.06781
0.00426802
23.7751
54.2853
2.69249
0.521378
0.00381444
0
5.34084
1.73747
1.94222
1.0632
2.91409
3.17116
0.555791
0.000516176
10.4825
0.0569529
12.1267
21.577
0
0
27.0841
0.53676
18.7008
0
10.5096
7.69689
0
0.424977
1.00046
1.44628
0.814907
0.410658
9.52013
6.68115
1.2084
2.40342
0.373011
3.67869e-08
0
0
0
6.99152
47.762
22.8784
0.712863
13.6934
1.23498
29.9201
6.47941
16.3117
16.0472
23.799
17.4366
34.8734
8.14747
14.6746
23.959
23.1243
20.6968
9.42236
6.80071
32.7602
10.3595
27.7915
21.5115
18.1485
4.65728
24.6065
0
4.07519
22.4019
25.953
9.12104
3.01339
4.8614
7.78019
11.3586
0.520147
2.79186
4.85586
7.6013
24.0409
12.5632
29.3387
18.8675
22.4453
3.14899
2.55142
3.10218
11.5666
13.9229
14.6267
14.0156
2.19399
9.66869
2.01296
1.69171
0
0
3.1893
2.42557
3.26016
0.0339977
1.67209
25.1212
39.2914
20.6347
10.9787
18.0955
25.526
64.0038
18.4146
21.3791
0.515478
0.00687179
8.23454
18.6915
12.3468
15.4892
18.9249
5.0042
23.8295
26.9285
0.0375284
0.441937
1.9957
12.8866
6.48728
5.19368
6.39893
0.916347
11.7159
9.13052
2.86366
10.3853
0.210578
0.197646
2.29775
12.2517
25.7992
2.22106
0.241947
8.9518
9.68807
0.0957167
0
0.503951
1.17474
0.0486968
2.01033
25.3183
5.80054
2.80771
0
0.520657
0.621737
43.6288
0.83962
48.4993
68.7605
0.00523115
52.0149
15.8711
2.15591
6.615
11.6557
3.13484
0.763799
0.0774021
0.000295433
0.550738
0.0196793
0.06105
0.737445
0.477817
12.496
18.9957
13.8189
8.36675
1.14637
0.704815
0.0833085
30.5803
3.32228
7.35161
8.13792
19.8902
7.64025
21.9399
47.0428
15.5511
24.0694
33.7862
8.84797
7.60462
14.613
2.7061
23.2191
7.30979
5.67282
19.722
13.9144
12.3384
1.82534
11.3099
35.0653
0
0
0.0241912
0.00847984
0.0100174
0.00561704
0.266964
0.00625084
3.02919
4.31552
4.02374
12.6247
0.0291383
5.33175
0.266418
7.24082
0
32.2295
28.7466
34.9178
31.3029
34.4844
33.6796
35.5231
3.60045
0.677118
10.4176
13.8265
1.09017
12.4823
8.47812
0.323036
0.901083
14.187
1.71462
22.1993
14.9099
11.3929
11.9287
11.7194
4.3516
11.8316
1.26397e-06
6.97114
0
13.2904
4.02401
5.33946e-05
11.4479
14.4398
0.357871
26.5096
7.70449
23.6437
19.018
0.01459
8.74095
15.6861
11.0003
15.7019
10.1068
23.6552
1.98305
3.94178
8.64883
11.9349
2.59737
0.0213847
37.3255
0.538509
0.864693
0.985733
1.7903
2.02581
0.879028
4.22977
0.884277
1.45765
1.36909
2.16363
0.0663169
0.809301
4.47356
2.61957e-06
0.949073
1.3606
0.416771
1.28064
0.00326309
0.871703
0.0573197
0.00281109
0.0556978
1.41661
0.658539
0.995505
0.0237511
0.813503
0.0429192
2.80375
47.4247
0.594108
32.1003
14.642
4.14924
7.95565
29.5222
0
2.59214
0.445013
14.4228
0
4.18093
10.3688
15.8186
0.688506
12.848
6.6724
20.8999
39.7258
16.0191
18.7541
17.1714
7.56
19.0803
60.0158
0.530985
1.50797
17.7285
0.127259
9.2705
20.8887
7.84757e-06
4.30766
1.04656
8.13841
1.07162
0
0
0
10.334
0.00120237
0
0
0
31.6803
11.3071
14.0716
15.1764
1.13826
22.7166
17.3605
6.17152
32.0784
35.1494
31.4865
4.00793
0
0
15.0641
1.86126
1.40104
1.94295
1.85656
0.469834
1.3458
12.9537
0.0201092
1.55932
32.1054
0.0330418
0
0.357735
0.349424
18.73
20.1168
0.000118125
0.0226754
0.010896
6.67896e-05
0.00650807
0.890991
56.0053
0.899078
0.519605
9.55225
0.272714
0.271982
0.652103
0.000125959
0
0
29.3287
29.335
0.0674964
0.899765
0.00429177
0.0893115
7.08939
0.251961
0.214427
0.598952
2.54548
0.92688
0
0
0
0.292891
1.25836
1.42033
0.133277
0.8697
0.00184126
8.82827
0
3.74911e-05
5.042
0.321854
0.545328
0.593191
1.2484
0.0899501
0.000308304
0.000960328
2.98044e-06
0
0.000448799
1.09451e-05
0
0.00315511
23.4855
0.00542097
3.63109
0.470754
0
0.11212
2.72431
4.7705
0
0.0355156
0
0.154492
9.84829
57.4465
8.63999
2.23498
4.82289
0
6.11625
16.1203
18.0504
1.35499
1.00616
6.91185
7.24459
8.73125
2.00343
0.000100294
4.5682e-08
7.43303
0.00215738
0.121556
2.00427
0.0196531
0.990543
9.43488
16.1105
22.7262
23.0286
1.00873
25.2934
7.23825
6.99111
12.4376
0
22.2809
29.3743
4.94173
1.48366
9.14289
12.819
0.401521
1.40991
0.454884
0.578131
58.8404
4.52758
0.0318696
20.6843
0
0.522851
1.24149
4.7875
0
0.715637
24.7874
0
1.29585e-07
4.67933
0.216765
0.052631
0.00518931
0.94188
1.62406
1.81044e-05
1.0918
8.04293
2.88499
1.80701
18.407
14.7869
0.000174276
0.348643
2.10531
0.000394943
2.65245
22.1066
5.04878
2.76556
1.66886
2.0879
62.1218
21.2974
19.2713
0.00429609
14.4112
25.8171
10.2892
51.0559
1.51436
1.05052
33.8972
1.97456
56.9692
1.86008
3.76565
26.5476
0.507072
1.00394
0.00683036
0.0347261
23.4969
2.63832
3.79086
18.0577
17.198
0.514571
14.5227
13.8555
4.26158
17.8729
1.99237
9.72078
36.6204
0.0290711
3.73768
26.1677
13.0012
4.71189
3.99535
45.657
11.2915
15.1486
15.3514
22.5679
4.65098
24.7653
16.2666
0.804491
19.0554
2.3529e-06
11.1372
18.2583
14.8561
15.8511
0.150678
0.970321
1.17898
0.533894
0.876113
0.0195916
0.807303
1.27051
0
2.60623
5.39352
0.890028
1.42373e-08
0.139531
0.00772906
1.03567
0.00100364
0.0424633
8.87796
11.1412
0.206459
8.78453e-07
1.70135
28.0606
0.00131289
12.2047
58.1644
6.60282
4.81652
20.9888
29.3652
0.0502069
6.52886
7.67736e-05
0.00170613
38.3156
1.55178
0.848902
39.8148
6.9879
9.65364e-07
51.8784
12.3473
0.243469
0.110514
4.5354
33.8825
5.82901
0.226131
72.8753
19.5069
6.28414
10.4724
44.4751
21.5575
18.8567
5.16192
11.6396
25.8859
53.6912
40.1761
40.8391
61.6145
26.7251
12.5449
1.4997
5.426
0.00360418
3.98062
14.025
8.21569e-07
6.85826
13.3751
33.6075
1.96014
0.321356
1.0147
0.308158
0.603141
0.0294362
1.75266
1.89208
0.0743518
0
0.0898255
0
0
58.5804
44.7306
2.25027e-08
19.7014
28.9748
24.4296
10.7922
5.75141
11.0488
1.92631
6.30688
1.22706
4.97569
7.53497
4.87593
22.5302
12.6347
22.8919
15.418
32.0621
37.0517
19.7428
41.7948
26.4835
26.918
30.524
27.7712
1.01852
0.264074
0.943352
0.00027681
1.27942
0.0658416
0.294687
18.2165
0.00989419
0.00553019
14.3687
20.81
32.4404
7.51992
24.6737
21.4321
7.47051e-05
0.158743
0.0517152
0.000190793
0.000301194
9.27113
0
0
0.276265
14.9154
16.6712
24.2965
18.9827
28.6912
8.98962
0.0734614
1.70869
1.73787
2.90503
1.17313e-07
0.872909
1.50544
6.54885
0.610581
0.344556
27.6588
0.000756731
0.277059
2.62401
6.40396
1.85782
10.0211
8.55359
2.21618
6.19888
0.530611
0.594
0.00255433
0.734849
13.6747
0.119742
0.399525
0
22.245
3.41225
0.00139419
4.90702
0.755259
17.1892
0
8.37906e-08
36.4203
