2.18443
4.79521
3.72354
0
2.91073
2.70691
0
8.87768
1.64193
4.28165
15.5884
0.0976015
1.09473e-06
1.86612
6.75679
0
4.3442
16.9578
18.6215
30.5098
6.86993
1.57144
0.000104264
0.000879457
4.05952
5.4903
4.43208
1.54354
27.4146
2.10884e-06
2.62335
2.26482
0.628741
0.0538162
3.35557
0.180036
2.08582
17.7969
22.127
17.3785
13.6378
17.1596
1.72806
6.58877
0.819961
8.85908
1.32695
0.394633
1.23898
0
0.655421
0
6.10692
2.89582
1.18944
1.01128
13.9644
1.58978
0.00883773
0.0599584
2.12111
0.358536
3.98937
2.84534
1.44476
0
1.2606
1.44543
3.8937
0
21.8117
1.59275e-06
0
0.348567
0
0.734584
1.59486
1.51679
0.300859
0.00517208
0.0104517
0.99261
0.000550296
0
32.2221
1.73266
12.8734
15.9859
12.6019
13.1669
18.0347
16.2694
8.66289
11.4294
14.3055
11.0134
13.7592
11.3033
3.07509
0.680792
3.36652
2.86867
15.8893
20.4442
11.549
8.24345
6.17929
9.06924
5.72229
17.3413
6.97284
10.7849
9.62313
12.8214
12.5959
7.20179
2.9725
2.85259
1.48506
1.07469
0.372493
1.8826
1.7969
2.41627
0
5.49992
2.51951
0.00195611
0
3.83433e-05
10.2236
4.7688e-07
0
27.5843
6.83053e-07
3.65436
13.9942
0
0
3.82626
0
0.0176174
0.0417594
1.08353
0.102863
0.017368
0
0
21.6561
51.0457
1.75648
0.334969
0
0
5.62556
0.873816
6.02981
2.0312
4.95271
0.768193
35.4167
8.07948
14.074
18.0403
2.07524
1.9814
6.3254
4.62693
1.04266
5.2069
8.27275
3.17769
7.93616
3.27234
1.78483
1.705
0
0
0
0.0299884
4.60891e-05
15.9233
2.67063e-05
0
7.21528
11.8263
8.51131
13.9548
11.8737
18.9074
12.6089
14.7527
6.31345
17.3302
1.31413
0.0152667
7.02217
10.181
13.2811
7.17866
26.0407
71.6184
9.52315
36.5407
24.8157
3.91017
13.5787
4.21865
52.4229
9.85907
16.801
18.3085
0.295395
12.3851
17.6199
22.0929
1.06736
16.8009
11.1768
3.36849
0.214023
2.42333
15.6309
0.987789
18.2438
13.8835
21.477
15.4911
19.0198
0.323885
0.817388
1.2728
15.3382
0.477633
0.742781
1.2842
2.8122
0.964143
5.73333
1.48704
1.84509
0.532372
1.1223
0.374796
2.00838
2.00398
0
0.461788
1.96008
0.322219
0.413981
0.733408
1.99189
0.00972892
0
0
0.0489867
0.0447398
0
0
0.0158663
0.0109435
0
0.00514075
0.963913
0.985584
0.0498219
0
0
0
1.13935
0.0261299
27.0791
2.4423e-07
0.00322249
1.40696
0.00930099
0.0736469
9.16492
0.0115976
22.0594
1.01613
0.825642
0.0541572
1.02346
1.47182
1.00612
1.38384
1.53433
1.46706
0.00717858
0
28.866
0
0.105693
3.09114
0.671419
12.2909
5.96074
20.5792
10.5216
3.39441
9.74952
11.8331
0.241568
8.37844
2.47381
2.59919
0.252262
1.27766
0.654228
2.87672
0.954951
0.209839
7.84784
7.75159
19.6928
10.1962
9.01465
3.45538
0
6.49216
2.28101
1.54821
8.99233
2.00149
0.50826
4.90831e-05
0.0587037
0.00358181
0
0.87379
0
1.27517
1.65839
7.31941
4.68503
2.88669
2.36264
0.020632
11.1262
2.25374
2.07701
0.421657
0.278272
1.76893
0.00792348
3.37601
3.51719
4.24179
1.14614
0
16.591
3.23943
0
0.999211
4.17323
12.4124
0
0.303767
2.25354
0.526899
0
1.98847
0
0
0
3.61964e-08
1.24817
0.432563
6.9335
0.217042
10.1655
10.9333
6.70584
2.86614
0
5.88722
9.38551
7.88399
8.78537
7.78261
0.908958
4.37238
5.10122
5.29344
13.3748
9.018
5.01087
4.55536
19.3696
25.1205
17.3547
2.26889
1.70687
16.273
9.06077
7.13909
6.45711
13.6144
7.28305
12.8787
4.18414
3.4691
10.0115
4.31061
5.31769
4.55768
5.92103
8.24184
7.62695
14.9431
4.03463
4.3036
8.0375
5.64658
25.1636
5.93736
11.2579
3.96318
1.62842
12.1677
30.5546
28.6073
18.6996
28.1155
3.51142
22.5102
20.7262
16.0898
18.8539
22.681
29.8756
24.5559
17.0856
11.8688
25.6565
0.890324
30.2028
34.0908
20.276
7.80834
9.21695
9.15947
8.63784
0.428544
2.6612
0
4.12072
5.11292
17.7619
1.87385
11.2862
10.4304
25.5356
5.49447
10.1554
21.7287
6.93314
10.9681
6.88732
1.45767
0.753095
0
15.5449
0.720499
34.5855
2.70643
0.220018
2.11864
0.00348276
0.0465883
0.0209887
1.14897
9.59435e-08
0.0134643
2.95467
1.7153
0.942742
3.3563
12.1121
2.72984
3.21237
9.91064
7.63451
7.42573
7.92181
28.2721
4.39976
21.1386
29.1181
14.0897
18.4937
1.96103
1.46448
11.7352
0.0617438
0
0.00037953
0.00176671
16.796
16.98
8.74512
9.19322
10.5644
8.76067
9.16596
3.93362
0
5.35087
8.9324
0.104009
0.566732
5.99404
6.23415
5.36366
8.26896
11.2709
8.29738
3.24604
5.43351
12.2262
5.32807
0
0
4.23021
0
8.08452
0.450854
0.0665233
0.861311
2.05038
0.000723431
0.866456
1.15367
4.66543
0.0776825
0
2.36677
22.3996
2.83199
0.00757686
4.19508
1.92524
0.337744
7.29114
19.3625
17.5348
25.8467
15.985
12.6864
5.6142
0.0148626
20.9911
0
10.9849
12.8673
3.34941
10.8271
2.46587
1.05554
0
0
11.2918
0
5.69128e-09
7.16243
0
4.90798
5.31842
2.66202
18.0332
2.17549
1.79282
2.37363
3.26108
7.53628
17.6903
34.6133
2.53814
2.61318
3.70022
0.00749393
9.76822
3.22183
1.61965
2.11874
2.09652
11.2829
0.00862786
0.420281
0.019647
1.20191
0
0.196133
0.690604
7.56953
0.142933
1.06723
1.34256
2.10015
4.39658
2.81538
3.23698e-07
0.000218098
5.28813
0.305181
0.00676117
0.0497208
0.806887
0.209988
0
2.24501
14.063
20.4348
0
0.961279
0.714913
8.78629
0.101914
10.4632
3.96541
0.00214418
2.11979
0.228025
0.0302955
0.000532473
13.1881
2.13466
0
0
0.213331
0
0.351025
5.95456
0.612022
6.62188
26.4124
5.90773
0.762911
3.39314
0.165148
11.4611
17.4871
3.65375e-06
0
0
0.932138
23.6612
24.2908
0
10.7892
0
13.0014
26.7067
5.94648
16.5659
0.000767766
0.78858
0
0
0
0.772724
0.162127
0
7.61846
9.16773
1.3064
1.16488
9.07556
0.589069
25.1493
4.80012
18.1863
13.0832
0.0113328
8.04951
1.70738
15.4309
13.9269
0.640563
1.82576e-05
8.07961
20.953
0.592002
4.38024
0.00874628
1.04482
7.29951
15.8493
13.6344
11.7774
8.64836
18.7256
9.40065
1.12224
0.771978
0
0.464139
0.885654
0
0
0
0
0
13.6711
2.85861
1.58983
0.171428
0
8.11288
4.79855
0.0940518
6.99735
1.8251
7.38525
1.42783
8.55072
4.56117
23.74
15.7222
6.51548
9.17666
9.37652
8.58018
0.252159
3.205
12.5513
3.67459
0
17.1695
6.62898
36.2031
49.1166
5.95866
32.4013
30.0694
9.82476
4.2587
0
1.61411
13.6611
26.0773
0.325661
1.21207
0.0255262
1.79312
22.2492
1.80518
0.000395086
0.292174
0
0.0854091
0.461467
7.0427
21.3385
6.95932
2.10643
0
0
2.48647
7.73101
20.7463
0.00177981
1.58556
42.3988
0.544611
15.8235
0.000123295
17.8479
14.7819
20.9848
15.9032
1.73818
2.73368
2.17376
0.0264053
4.245e-05
0
0
0
3.3721
1.11423e-07
0
0
6.20115
15.0277
0.210606
9.787
4.5317
1.00713
13.0715
3.16639
3.0839
1.92997
0
4.85907
0.705782
10.0978
1.12633
21.0026
3.78482
14.0872
0.136114
0.453751
12.2383
0.00373979
13.1012
0.691382
0.0332345
0.0610004
7.40815
10.6646
9.68092
23.8125
4.61135
19.0818
1.42604
0.0733083
1.4461
14.6867
1.63718
0
0.0460606
0.480453
0.0127525
2.24775
10.1157
2.90918
0.145663
2.8485
8.28859
5.53671
2.82322
6.63416
3.74318
14.6527
0.0633139
0
4.9181
5.07482
11.1874
8.37609
0.00860471
0
0
3.55618
5.74647
15.3732
8.88719
0
11.1393
5.35876
11.6155
8.16755e-05
17.2887
0.0160137
1.20376
5.31844
0.0200687
0.0803846
12.1266
0.709195
0
0.429286
5.26804
0
0.0923351
0.912072
2.25916
1.32317
0
0
14.6852
0
14.4944
0
4.57772
0
0
0
0
10.3434
0.0230834
0.0676793
9.69661
7.37098
8.6724
10.7186
0
8.21303
7.09063
2.73506
4.65726
4.46589
7.37511
3.78678
12.4941
15.5409
7.2455
8.8468
4.47199
12.9104
7.20936
4.71053
14.8376
0.339364
7.98175
3.04811
3.35758
10.2103
0.013745
9.78063
2.61888
5.53238
6.76644
2.97718
7.76232
0
0.00222871
0.111295
0.0273721
0.199732
2.64409
8.41226
21.6523
18.4901
1.08714
0.636752
0.333739
15.18
11.8616
0
17.8917
4.36485
7.77732
0
0
0
3.10997
1.15656
9.65651
4.35725
0
0
20.7151
0
2.16722e-07
7.87526
4.34663
2.46451
0.213439
8.62418
3.88447
1.96043
4.46905
2.93164
6.95639
0.967394
0.601997
3.41229
0
0.00491352
0.608948
1.90312
9.37985
28.3283
12.4869
0.0117183
0.0502608
0.0961484
0
20.069
10.1707
10.3987
9.09868
6.21711
19.2749
9.73321
0
0.0138538
2.07829
0.738405
2.90064
1.92701
1.74213
0.017224
0.00326783
7.72008
0
8.22861
6.16692
0.851702
0
0.207232
0.00755912
0
5.23344
19.2846
5.13078
16.0091
19.7931
0.0228368
0.0241691
0.011924
8.25916e-06
0.614802
0.467048
1.24604
0.000109607
0
0.000504289
1.46049
0
5.38647e-07
12.8432
5.44696
3.09547
13.6453
0.585961
0.0083875
0
9.14968
15.6531
3.85471
0.692839
1.17815
0
1.71932
9.73712
0
0
21.7106
4.46998
1.3757
0
14.0542
1.29827
0.164201
3.24528
0
10.6983
0
0
2.35882
13.0443
0
20.1686
0.0741079
5.80715
0
15.5868
9.20355
4.73872
9.85123
11.3915
0.478478
26.306
1.61616
0.00217462
0
0
20.8736
12.5489
2.40006
2.80719
0.354967
0.981384
0
18.8609
11.6296
25.1559
10.1633
12.3869
9.17048
17.5205
17.902
12.4867
21.7863
1.2602
10.4981
29.0183
13.699
0.0121911
7.33872e-07
14.0257
6.24287
0.0486813
4.26542
5.11481
0.00551088
12.8028
9.18399
11.1961
0.109302
19.3734
14.5111
14.8221
11.0394
7.06178
4.99604
8.39291
10.3555
18.6012
0
0
0
13.6846
18.0514
16.9839
13.935
22.0099
39.9968
36.2671
31.4969
35.5427
53.2657
50.1887
16.9548
8.58501
2.88492
0.187002
0.0396781
4.58557e-07
0.242592
2.78497
0
0.637601
0.528136
2.39046
0.0764133
0.644466
9.96664
8.69191
3.81644
5.11992
6.25764
2.61566
3.16871
2.30005
3.91952
6.89022
18.1454
10.7568
0.0188279
14.5962
24.3727
17.3092
17.7822
13.1306
23.6833
8.34182e-07
0.67907
0.859144
21.3939
8.40314
4.34268
2.82574
14.8914
0.0206896
0.821843
0
0
0
28.3116
0
34.2273
0
37.6078
38.0021
0.404011
0
0.667528
21.2265
21.4502
7.32868
11.9658
0.571412
0.460416
38.6115
26.5832
0.80076
0.405656
5.39227
25.5143
36.7935
0.00178858
5.88981
29.5671
4.1857
15.6813
0
0.000555728
18.0304
0
0
0.287336
0
0
32.1956
0
2.28097
4.44943
11.5535
18.278
22.6711
3.55804
18.4249
0.818434
17.201
0.909441
12.6496
16.6551
0.203876
22.3968
12.2786
21.3065
0
4.04178
0.905527
18.2525
10.5855
3.30438
14.4615
0
26.7345
9.65435
13.6259
0.0100301
19.1124
8.30417
16.98
19.4951
0.0107735
0.124933
0.747063
22.881
0.0237318
30.042
0.318789
0.459048
0.00255838
0.589023
16.2765
0
0.000532115
0
31.8096
0.0738779
19.9889
25.3872
2.02553
10.5817
1.33887
14.6958
4.28836
23.3915
0.302666
0
0.434349
0
0
0
0.722986
0.73437
7.22998
5.8779
1.81763
18.1719
21.026
0.97838
17.6464
12.9814
0.122792
12.8889
14.7079
18.3111
24.6616
19.459
16.0882
14.203
3.07529e-06
21.7438
33.1771
22.074
16.8002
24.5801
4.2305
24.3687
9.5347
0
24.3346
0.314237
0.0154297
21.3003
0
0.126646
0.000150424
0.575387
0
0
0.00042258
1.73309
7.50724
5.07772
0
0
4.25118e-07
0.0691987
0.00162065
0.118683
0.0035459
0.420752
0
33.3335
5.38646
26.0019
6.57588
0.000241706
1.24925
10.5252
22.5669
0
0
12.8958
12.4136
17.5954
24.8223
0.640797
0.100381
3.12011e-08
0.556518
27.9707
24.5346
0.000979496
0.0273425
0
0
1.02184
4.14559
18.6116
10.2486
0
1.77053
4.00691
2.96898
0.00345141
2.38008e-07
12.0413
0
0
1.10082
9.83601
50.4228
1.81568
3.90989
18.0125
2.93403
8.7172
17.8528
0
14.0542
0
2.00145
0.342749
2.69222
1.62693
2.90726
6.03103
0.760622
4.21816
1.43109
0.112803
1.96127
8.49548
0
0
1.05912
0
19.9099
8.57851
1.11773
11.9099
1.52967
13.6842
0.131107
1.90742
0.00984008
9.25057e-06
0
0
21.6942
22.2079
28.5164
18.2869
19.4165
14.9886
0.181604
5.5797
7.5865
0
13.9713
0
1.80907
0.00647905
4.10889
1.8499
0.00940642
1.00115
0.0264252
1.69904
7.64551
6.16654
5.18074
9.61436
7.32198
0.00502833
0.923105
0.0112915
0
1.38683
9.09295
0.00175623
0
6.60189
5.61242
6.45478
0.695523
1.44934
0.110009
7.30656
1.29067
0
7.22416
0.0177399
19.8831
0.00756067
0.526199
23.2071
25.3648
0.233682
0
10.3173
19.0366
0.981603
11.5951
1.09691
1.59709
2.54733
4.21206
0.00471679
2.86448
2.66332
13.7805
12.5994
7.30182
3.59139
9.10993
7.84272
5.82228
6.8201
2.72309
0.0299448
0.010347
0
0.883732
0.539989
0.000714238
11.6826
1.09551e-05
24.4155
0.0593379
0.879966
3.06733
0.67222
0.409741
4.75553
1.31909
3.60526
16.4817
11.3833
0.327486
8.51417
4.11943
0.0686598
0.0258715
27.865
12.3803
9.03033
6.4471
0
2.21249e-08
12.3774
3.01355
0.0048833
0
7.03207
0
4.37737e-06
0.693242
0
0
0.10535
0.45314
12.4305
1.15668
1.72283
0.888378
59.9642
1.1921
0
1.38997e-06
7.45065
0
0.482882
35.6007
0.544048
4.57845
33.395
4.17337
0.85709
55.97
2.9336
0.241027
1.48019
0
0.364745
0
0
1.49943
9.75957
0.450827
2.18526
0.0239877
0.00094845
1.26526
22.6307
1.03754
0.717399
0.0543689
0.293566
0.00316149
0.0870722
0
6.94519
0
6.05042
0
0.624518
9.64778
1.13999
0.711624
2.86973
3.68445
0.107918
0
6.01467
4.28607
1.94306
40.3359
17.039
5.37696
0.000865481
0.191567
0.00997099
0.0440024
1.80363e-05
1.05082
0.16719
0.448557
2.99602
15.3333
9.73369
0.0924304
1.82711
2.14551
1.34771e-06
0
0.336547
5.72609
0
0.102544
0.683139
1.59034
1.10661
1.6862
1.14545
0.113904
0.0950871
0
0
0.00791489
1.30757
1.12498e-05
0
0.00017315
0
0
0.0448049
0.703223
4.35017e-07
8.34581e-09
0
20.5293
3.9055e-06
0.135662
12.1264
0.508876
0
48.6149
2.68079
8.37955
0
0.900305
1.34935
0
0.285928
0.828333
0
0
0.867039
0.731602
0.0396299
1.70149
2.69434
0
0.111567
11.287
0.4641
5.4564e-07
17.981
0
0.937601
1.44255
0.0102792
3.58194
1.98883e-06
0.216075
5.03855e-08
1.20884
0
0.710304
3.60692
0
0.488332
3.90391
0.501986
0.520653
0.0163279
0.0748337
0
0
0
5.62078
0.458019
8.42363
0
0.0184438
2.43488e-05
0.86175
0.000281943
0.0034956
0
0
0
20.9317
0
9.25148
1.781
6.38517
13.0907
0.0401614
19.2261
16.7873
9.14215
0.851499
0
3.07159
0.00238744
19.5836
9.09186e-06
0.0753612
2.19919
0
3.68728e-07
29.1303
18.4459
5.96742e-07
0
12.8084
3.7573
2.53273
4.02415
2.55319
12.2476
9.57239
32.3757
0
2.90772
6.61724
0
14.2295
17.1298
11.6564
8.89627
6.56946
8.0997
5.10992
14.8084
10.3137
12.0045
8.50096
6.91942
1.78606
0.0331429
5.39605
4.32679
0.770672
0.863754
0.0536563
0.00074321
4.96097
11.1971
6.58574
0
3.72787
2.48159e-06
0.694969
0.053287
4.08144
1.93451
5.14122
2.02334
3.12928
3.4815
3.5722
3.58437
14.288
0
7.37164e-09
5.57743
4.83293
2.49098
0.620019
0.00414851
0
3.96914
0
0
0
0
0.219828
0.891182
0
0
6.69258e-08
0
0.0719043
0
0.000891932
0.153021
0
7.36137e-07
0
0
0.0178713
0
0
0
0.313382
0.856132
0.0977022
0.216477
0.605342
1.69801
0.687659
0.0233371
2.82786e-05
0.000455538
0
39.3606
0
1.45705
0
0
0
22.7498
7.18054e-08
0
0
1.08881
3.44473e-07
25.8297
0
0.0309287
0.229562
0.0973852
0.880222
2.78783
0.00306696
5.57595
0.0339704
1.41712
0
3.67083
7.36734
0.0701506
6.15722
5.11624
4.58863
1.75502
6.78322
4.04701
7.01304
10.7529
8.2835
2.31485
8.59944
0.00127577
0.0673851
10.0439
8.62974
11.4877
10.6681
7.89977
3.91651
5.5184
6.43085
8.21107
15.1436
5.84649
8.95979
11.2827
9.66652
20.0146
13.8956
0
23.9929
0
11.2364
10.6
11.4439
15.2421
7.16322
15.062
10.675
9.28462
3.53801
14.2669
11.2043
12.5096
9.77823
19.9253
16.9574
15.3548
9.86515
5.61549
11.5528
8.2967
10.4843
0
11.498
6.54362
7.97939
0
9.55517
4.32408
0.338649
0.29006
2.24677
0
3.29889
0.634871
0.51507
2.65039
13.6229
0.298979
0.0572312
0.163018
0.303475
0.769651
0.889143
21.1037
0.070211
0.112601
0.787779
8.29141
0
0.297223
1.87731
5.46563
0.147899
0
0.00359553
0
1.46184
0
1.96884
2.07824
2.68336
0.458529
4.01721
9.83651
5.14337
18.9874
6.80557
2.64334
20.2192
14.1031
7.10954
11.6896
12.1916
17.0478
18.0162
21.7217
9.11188
0
6.38617
6.75206
7.13166
0
21.942
0
6.75528
1.72246
0.414375
5.69948
6.07366
11.9524
0.0663722
24.334
0
0
11.2446
9.30588
2.75546
0.0010118
2.87602
1.26473
0.71629
0.905023
0.713096
0
3.77834
22.9692
0.0244278
0.00228241
0
0
0
0
0
0
12.4323
0
0
0
0
17.2605
28.9592
0.461704
0
7.87156
9.77953
0
3.7879
0
4.04824
0
0
0.640294
1.95879
4.45858e-08
19.6054
2.20253
14.152
0
1.52151
0.859367
1.3248e-05
0.665025
18.4574
0.386807
1.22071e-07
0.0228164
12.2746
0.575966
12.2762
18.7622
31.8319
19.2295
12.3698
12.6965
3.14906
3.15318
8.10736
6.24734
1.91378
13.3896
0.0269201
0.0163843
4.23069
3.73301
6.82346
0.379284
24.3739
0.863793
0.493598
2.09978
23.2432
15.0373
8.37424
3.11169
4.28358
10.0668
5.68933
4.6118
8.26073
0.900948
0
0.00120315
0.108162
0.0461409
1.75604e-05
5.43139
24.0576
24.2187
7.65789
0.120448
18.4061
9.1786
0.685272
18.1885
1.35273
17.4232
3.83814
4.38242
0.731802
34.2777
27.9703
2.51598
17.5937
14.9727
0
0.47507
0.438051
0.462032
1.14863
0.00204478
0.0975593
3.40378e-07
3.84431
9.52753
8.87777
0.0409599
29.8389
0
0.000635928
0.25208
0.266284
0
0
0
0.0452046
4.62857
0
1.90979e-05
29.5765
0.802579
5.39699
0.296108
1.31791
2.47992e-08
0
2.54945
12.587
0.348567
3.17234
3.51533
4.04356
0.0710449
37.4555
20.9433
0.0221863
1.88404
14.4903
0
0.538492
0.100335
1.23685
0.896251
1.35236e-08
28.1528
0
63.1097
23.2105
27.7159
0
0
0
0
0
13.9449
8.7366
21.9749
0
11.3925
17.6736
13.9751
2.25697
3.57126
17.1924
8.18334
0.276055
4.80103e-06
1.21683e-08
0.000373196
0.000264969
2.39988
0
0
0
0
0
1.47688
0
0.157051
1.1659e-05
0.0256027
2.28404
1.69353
0
0
11.9863
0
0
1.84203e-07
7.94761e-07
0.931808
3.7607
16.0181
0
0.837418
0.958912
0
0
0.338393
0
4.89416
9.37161
12.1835
5.01955
8.35187
2.25897
3.11812
3.2902
6.27176
16.9607
21.0755
2.08842
43.2177
33.8116
48.4306
9.83742
9.02324
10.6306
11.5267
14.7966
24.6307
11.9416
9.74628
8.67406
11.3016
11.8987
8.29879
4.13202
9.22243
13.169
12.278
11.0031
6.09226
4.95799
9.59295
8.32789
5.77282
0.963156
0.112637
2.38107
1.50304
0
0
0.282153
0
15.2533
26.2549
0.750533
9.73945
4.10492
5.75843
0
0
9.48743
0.0344116
12.3139
0.191381
0.27026
0.42687
7.75916
16.3763
0.28958
14.9806
20.7951
16.2803
15.0955
2.39661
14.6177
0
15.5043
23.2502
12.1549
37.7617
7.85438
9.04554
10.1675
6.14702
4.6199
9.39856
26.0046
19.0675
7.08569
1.70552
10.426
1.34892
4.9458
9.10662
8.7352
22.2041
6.45816
18.6825
21.9299
20.0877
12.5588
7.3908
6.61605
12.6637
8.25793
8.26926
9.60102
13.6893
16.3061
0
0
2.06115e-07
5.23188
7.70957
11.2611
9.14545
5.92791
5.30427
14.1312
15.3208
14.3031
14.1533
4.8858
17.5035
20.8503
7.87974
6.92462
2.03822
1.52132
6.28437
1.41343
9.20182
4.08554
7.4895
11.6125
6.59326
5.84799
1.66659
4.55502
22.8754
6.02776
11.1587
10.9827
17.2903
9.07045
14.514
20.2299
6.94787
6.61104
39.8768
2.96351
1.52715
0
1.26173
3.19583e-07
11.4425
7.34605
13.034
11.5712
0.880464
17.6822
11.7273
14.1764
9.59474
14.4895
14.9639
16.4871
22.1343
0
0
0.00714138
26.757
19.0791
18.4988
2.43236
29.7621
4.11358
4.8056
0
1.8457
0
7.621
36.06
1.23367
4.79158
65.0449
38.9035
13.3366
6.82465
0.00057377
18.6566
6.63026
20.7504
7.85645
5.08274
19.4288
14.4443
28.8808
28.7294
5.22621
13.5783
12.0152
18.2592
10.4343
11.8878
16.6396
5.70337
8.28321
8.44455
17.7415
4.95905
23.3716
6.94041
13.0962
13.3031
9.77842
19.1854
12.6532
15.8878
12.2017
0
8.3433
0
9.54975
10.5377
11.3023
13.9204
14.1185
4.78406
12.4756
11.3106
10.9618
5.29708
7.09983
9.89591
2.1347
22.3668
11.702
9.68137
8.87291
11.921
6.33703
4.70762
4.31261
9.29985
0.0813054
5.8878
9.56993
10.4803
5.94853
9.26117
0.217222
1.60603
0.194691
5.13864
11.0282
4.68115
3.73047e-07
9.80506
11.752
11.2125
17.5115
2.29565
9.92224
12.077
29.4396
4.57975
4.9758
0.216719
5.09345
12.8376
3.03337
0.121087
2.21004
1.71976
0.164258
1.32346
0.687986
0.713581
0
5.30538
0.14678
0.16513
2.17456
9.58206
2.38771
1.4637
0.0996012
6.60436e-07
0.908916
0.00881054
0
0.00478599
1.63657
2.31894
0
0
0
0
0
7.18589
2.02771
0.815367
3.70509
0.0779551
14.7486
0
0
0.00701367
0
0.0390951
0
4.82375
0
11.7327
0
10.8811
0.0393558
10.5393
0.187043
1.23904
10.7012
0.08855
10.3006
10.5432
9.5744
1.07905
22.9425
0.194876
0.439924
0
0.863942
13.3847
13.005
1.93066
0.00833717
20.1921
0.192714
0.0331394
6.33328
1.00478e-05
3.87733
0
2.37273
0
1.93488
2.39973
0.331854
0
8.89539
1.79274
0
3.76088
9.36799
0.000643632
6.54929
0.296678
10.7785
9.31459
6.92938
12.9123
0
0
0
8.40865
15.792
0
0.0454309
0.134545
0.379793
0
8.70742e-05
0.678889
0.00723425
0
8.67933e-05
1.2242
0
0.0447633
0
0.168993
0
0.00293085
0
5.02956e-07
0
0
0.83701
0
0
0.637226
0.442009
0.190257
0
0.707294
27.9377
22.7662
28.9227
11.4854
26.0386
3.81046
2.12108
0.065271
0
0.668124
0.925522
13.0239
1.04463
12.4131
0
0.710251
26.9561
52.6094
28.7305
12.2115
20.341
5.48363
22.7747
18.985
3.04823
1.22982
6.4592
2.70383
7.96474
5.24153
4.87911
21.5518
9.63325
0.75134
10.6852
0.639454
9.15858
0.396251
8.88754
0.709586
14.6803
14.5293
1.0129
0.0207991
0.0543406
1.85616
0
1.05372
0
1.02871
0
0
0
12.9701
0
5.30217
0.429691
7.84316
2.33326
3.33153
17.3991
33.1195
15.7532
0.996885
0
14.8755
12.0385
17.7484
27.7799
25.4281
18.2771
18.0012
5.0112e-05
18.8605
0
15.7614
17.4422
22.1821
5.69514
0
23.0616
7.20559
33.1072
3.84926
42.2749
42.1487
5.15621
2.14893
15.4608
10.5229
12.5943
10.4411
0
5.6922
25.025
0.759352
1.5922
40.9184
1.55797
25.2676
1.06379
0.0113049
1.29114
0.0909882
6.30783
0.54679
25.4466
36.5035
14.3395
10.7295
6.58103
9.58512
4.10767
2.81235
0
0
5.93505
8.44169
16.8104
11.3739
16.911
16.069
26.8544
11.488
13.1736
8.70412
6.38448
21.2431
0
0.0216354
0
13.0593
0.00018356
6.62486
27.7318
0.568961
0.0148511
0.0541268
0.589906
0.448074
4.63671e-05
3.38228
1.86315
0.00481783
0.186953
0.940684
13.0589
1.61775
1.30562
4.85659
5.4135
1.35776
11.5166
0.0855029
2.7267
0.000196808
2.39423
0.00592792
0.975475
1.8121
0
0.626426
1.75402e-05
0
0
0
3.8542e-07
0
0.706378
0.00156264
0
0
0
0.107979
0.095852
4.51752e-05
2.4973
6.05218
8.28106
9.57651
7.02271e-06
1.69084
6.03319
0
0
0
0.169373
13.1355
0.0269961
14.297
11.991
14.4074
5.49566
9.22663
8.29876
16.3247
1.56699
9.73669
9.28253
1.16174
16.5654
10.2097
0.887531
0
6.6926
0
6.8844
3.69133
28.2479
11.032
18.1874
16.9773
0.622535
20.4494
4.87088
15.1781
10.9938
0.0065612
11.7788
1.63921
19.9836
3.22131
2.91294
10.5325
4.80086
5.04543
0
0.000202938
0.674714
1.0201
2.7571
3.09427
8.24472
0.000880199
7.79393
3.86842
29.9593
12.9214
25.8629
15.0129
21.6107
5.96744
13.5302
21.372
25.4462
15.6784
7.25759
11.1185
20.635
0.00226758
4.56884
5.99166
13.4197
8.64175
4.57132
7.14122
6.13982
4.54236
13.0152
12.8374
9.01598
12.6398
9.30139
5.0425
8.10889
13.5393
7.20555
8.11523
9.0365
0
4.13039
3.67761
2.36869
4.53453
8.62758
0
8.53575
11.2707
11.854
0
0.00037562
7.40442
4.18208
14.0555
10.306
4.58913
14.5675
12.9969
2.86222
23.5561
23.7767
12.4546
3.69392
14.7282
25.2539
30.3354
13.0047
23.8578
21.4292
23.9286
18.7399
35.9167
26.0227
0.456616
28.4468
25.9255
24.6056
10.9445
16.8885
23.1161
35.0842
25.1768
0
42.3179
23.26
22.8543
0
9.64708
21.532
22.3563
24.6963
10.3677
24.2387
17.9804
0.417926
0
5.11286
1.76899
18.6884
0.0334049
10.9395
18.9569
28.1876
22.6746
27.0383
0.00384919
35.0982
0
21.1823
23.8739
30.4841
29.5942
8.45952
45.4284
32.9612
11.1209
18.6341
21.3993
11.5725
31.8045
0.714257
13.5121
5.43875
21.646
0
10.2356
11.5769
15.5076
3.64971
5.45075
10.8539
11.4
1.05453
7.81432
7.34331
5.45854
13.9705
16.3054
1.42832e-06
3.92173
5.46136
5.53656
5.20591
1.87964
1.47374
1.74425
0.0128692
10.9197
1.59727
11.3246
24.7556
6.21788
13.8809
2.15673
7.93028
32.3269
0
1.44755
6.99098
6.52774
0
24.213
10.9811
9.4354
9.59431
7.2149
10.4319
9.75735
12.7873
10.9194
9.48835
9.99458
13.7123
16.4239
14.1848
4.85905
17.0493
35.8596
0
15.3915
5.65711
23.1974
1.75321
0.729814
10.3917
4.60735
17.4133
16.8791
15.5339
17.1064
4.6004
26.101
13.4781
24.2949
5.07071
3.74647
7.56256
29.5074
38.0336
14.2564
4.95974e-05
4.16005
36.7036
11.6808
42.04
4.61709
0.695948
25.4589
4.23514
15.7961
9.0897
0.0215559
7.86778
0.0171427
10.2802
6.87259
6.80523
0
3.31506
8.80868
10.1118
12.9827
8.02012
5.72023
7.29401
0.439983
4.71572
17.8346
9.65593
10.3331
13.7936
4.67517
17.4895
4.89727
21.5916
4.34734
0.999416
12.995
25.3261
7.35733
24.3082
3.45766
7.9553
0
6.59566
0.0032208
3.90557
1.13619
0.101612
6.17127
3.52182
0
13.4599
0.180677
10.5752
0.000296384
8.04466
2.2746
0.654589
8.88271
0.740761
1.81625
0
0.0973724
0.00417679
13.5127
7.49198
15.8912
16.9772
12.7478
13.4349
16.5676
3.03958
3.42334
1.83789
8.16828
7.07574
2.78533e-06
11.474
11.248
3.31044e-06
7.75525
2.18826e-06
2.66257
3.36484
1.43965e-06
5.84127
3.96492e-06
3.62783
13.7238
0.592728
5.50893e-06
0.00281832
0.0719586
2.37284e-06
6.0917
11.9565
6.0598
0.0078252
2.43487
13.0846
10.9831
14.2089
12.5379
10.0539
11.72
8.10514
7.25432
30.6164
9.91634
0
15.8053
6.43622
10.3644
10.8687
5.11621e-07
12.774
10.9507
22.382
0.978522
6.40194
9.76772
135.267
2.18991
19.5631
7.33968
100.203
7.37374
4.92128
7.51054
6.73324
5.78029
9.81281
8.40814
34.6349
3.27673
7.95911
11.3647
5.64081
7.17533
17.69
12.1938
5.54076
0.450795
0.0297766
8.49622
8.49891
0.900099
0
0
0.0512299
9.15907
0.00219284
0.570867
0.316001
0.00107749
1.14608
0.0609552
0
9.32679
0
1.89772
7.38962
0
0.352508
2.06481
0.96855
6.22316
0
1.42881
0.0955822
0.757165
0.971311
0
3.24881
0
1.69445
26.5298
3.59478
1.0025e-05
6.48292e-07
1.73347
0.814244
0
0.843306
0
9.43496
3.3355
11.56
0.313781
4.92171
0.675751
14.9904
3.73553
9.41389
6.84688
4.78234
5.8724
16.8877
2.88912
1.21801
1.09052
3.1411
5.35103
0.892678
0.996863
6.49014
49.9562
24.9323
15.5014
9.55958
1.55024
4.0836
0
1.046
10.0919
8.37558
4.09135
3.14849
2.73094
3.8429
21.5738
0
5.92472
15.7994
13.7649
20.3561
18.6581
14.7156
16.0928
17.3614
12.1014
19.5104
19.3253
14.5291
21.116
13.6666
14.2689
1.93382
16.7738
8.42752
1.40913
0
0
1.55995
10.5689
1.58533
0
0.709283
17.2172
25.3566
5.75102
4.96021
7.69347
5.70448
11.3284
4.44192
3.81784
0.718598
0.0219175
0.526093
3.70711
16.1411
3.6839
38.831
18.4992
6.37483
12.3873
0.294351
7.00202e-05
3.12753
6.31102
14.9518
3.07217
2.08856
0.00010321
17.4055
3.66494
2.08274
7.59524
2.55759
6.39254
0.453802
38.4841
28.2949
8.77441
0.00228027
15.3459
33.7165
0.0436596
0.0238765
0.511756
0.00778428
0
9.44093e-06
10.8741
1.73501
3.54294
0
0.0152438
0.139897
7.11878
0.164103
8.11509
3.90929
0
13.3079
0.263373
0.271183
0.344775
5.07561
2.12791
3.57029
0.00990182
2.55282e-06
0.10517
2.77974e-05
0.000150647
0.0125502
2.98121
0.0621449
1.97448
5.30193
3.25358
0.00375589
0.515323
0
10.3258
6.26421
8.55849
24.618
7.21625
3.32395
5.27853
13.9929
7.26898
5.94027
8.63127
1.31753
2.10506
4.54655
1.40377
7.66406
5.77618
5.64105
5.16181
8.01829
11.2208
2.55552
2.98154
9.81027
0.0104814
0.870092
0.0010936
1.69116e-07
0.0337329
1.46949e-07
1.29219
1.03859
0.0957679
0.00997649
0.000138004
1.66962
0.00801287
1.62753
0
0.503184
0.00136779
24.3943
2.5712
4.12672
8.9623
23.7544
14.2688
11.1199
3.3174
10.2528
20.2458
14.0368
4.55879
7.71913
27.8832
1.16748
0.255797
19.2005
0.569401
33.4875
22.4226
14.4221
21.188
16.5874
9.92154
13.1536
0.0154844
2.98676
0
8.73211
0.872669
9.93078e-07
26.8798
19.6541
0
9.3561
3.97932
10.3691
11.861
0.832145
9.99795
10.1844
36.0852
11.595
12.7246
18.531
1.84724
10.8041
9.43891
4.40106
3.46482
2.58907
10.9288
1.03213
0.536501
0.860675
0.122666
1.7586
1.14606
0.722334
0.560451
1.80211
2.38671
0.0751815
0.781561
0.126982
4.39931
1.71991
0.893701
0.0729017
0.550286
0.00339974
0
5.73028e-07
1.24575
1.57149
0
0
0
0
0
1.73792
0.688075
3.30674
6.45437
1.04878
9.17016
4.19996
4.05986
0.342293
4.42242
0.00435282
0.00779552
0.0768951
19.947
0.0121377
1.01757
6.31509
8.18035
0.265268
0.375552
21.9282
10.9415
10.4109
5.46337
8.64101
36.529
0.0966935
24.7033
15.7336
1.31051e-07
0.726145
12.8798
0.000777016
9.23044
13.3587
0.054281
5.53604
0.211458
20.0194
4.53452e-05
0
0
0
13.5864
0
0.000154791
0
0
6.22699
50.2338
30.5799
30.9154
3.94054
32.96
14.8117
0.486854
17.8439
3.17822
19.6963
6.77413
0
0
22.5094
0.262571
0.0882429
1.65056e-07
8.05194e-06
0.348519
1.15282
22.4161
0.0169858
1.1544
11.6742
0.0159121
0
1.61369e-05
0.00104418
8.98959
16.2879
0.00226758
0.852927
0.0685062
0
0
0
8.46861
0
1.3318
6.8532
0
0.162114
0.112401
1.70311e-06
0
0.00982598
8.84929
14.4539
9.32791e-06
0
0
0
22.7298
0
0
0.000727998
8.15557
0.00290968
0.000379953
0
0.0326705
0.59532
2.6426
0
0
0.0938624
0
20.1796
0
0
32.8983
0.000313057
0.0699395
1.09276e-06
0
0
0.105617
0.877729
0.0022296
0
0
0
0
0
14.1803
0
0.697135
0
0
0.277293
0.0676011
6.91775
0
0.00195277
0
0.274373
5.6719
15.482
7.67276
1.14478
2.19445
0
0.732641
6.4353
4.67828
0.134497
0.970375
2.18245
0.376284
30.8316
0.0266581
0
4.97646e-07
1.63691
0
0.0155129
0.490132
0.000175622
1.08845
0.157922
0.873486
1.40423
5.31942
0
7.75332
1.87231
1.16095
5.24999
0.135225
1.8522
4.09005
2.12433
1.1451
4.98473
19.1444
0.156513
3.37848
0.832314
1.03168
51.5146
1.54939
0
3.00413
0
0.210687
1.16437
19.8501
0
3.27513
21.7135
0
0
1.53222
0.525758
0.0745697
0
0
0.857176
8.47909e-06
0.512784
2.466
1.94635
1.62182
19.6011
3.0073
0
6.9624e-08
1.5273
0.240922
0.0590641
19.9924
12.4948
0.0868854
0
9.58748
6.58323
13.972
10.743
0
17.5726
17.2578
16.8576
10.995
2.8572
0.0103719
7.26074
0.923153
15.5237
2.74118
1.25175
14.1221
1.03521
0.0130393
0.352147
0.0140763
12.9438
0.950729
1.2202
27.4036
27.5665
1.14577
19.5178
8.71109
17.44
6.7517
0.182297
21.0717
18.8659
0.774365
1.46668
29.5436
13.5955
0.429225
5.48727
20.7085
18.5309
23.5375
22.2845
28.1705
16.8342
20.1227
20.8561
1.21904
16.8877
1.26738e-06
6.121
21.6877
13.5116
4.76393
1.38951
0.453978
1.52204
0.764517
0.440637
0.881872
0.537461
0.521583
0
1.90892
2.40077
0.151115
0.00754506
0.0310581
4.31758e-07
0.214565
0.863991
9.86437e-06
4.9778
26.1276
0.000179121
3.98199e-08
0.881478
11.6289
0.0540792
2.80966
11.9451
7.43491
12.5144
7.91692
17.3089
0.980144
2.75028
0
1.50877
18.7124
0
2.09699
15.0804
1.74482
0.180809
19.6101
1.19423
0.115739
0
3.70869
17.5237
5.84598
0
9.19818
1.84271
1.33674
18.3723
6.0131
4.69203
17.5626
8.99818
8.69769
6.93565
1.38244
2.68349
4.66811
5.52314
5.12274
5.24983
3.72083
12.4716
0.917292
7.25825
15.608
0.12964
12.2156
19.2793
17.241
9.4284
1.44075e-05
0.42187
0.0792421
0
0.9014
0
0.197575
0.477419
0.0281135
0.0506257
0.822706
0
7.54916
9.31463
1.91365
33.9295
5.45626
3.88487
9.85942
23.9703
7.12093
0.853755
26.3971
6.28354
10.0122
8.9219
5.32897
9.2639
4.22995
2.2246
0.944484
6.00584
9.15355
38.5331
6.64167
3.65602
5.15344
7.1498
2.18757
0.146973
0.102094
0.992031
2.86808
1.2806
0.89986
0.869314
15.0556
0.722457
0
23.2931
10.1134
13.4887
8.07399
12.2408
5.19922
0
0
0.873753
1.53495e-05
0.00074177
15.2622
0.0183651
0.712732
1.26789e-05
39.4785
17.515
9.57541
1.32168
4.07456
1.54212
1.00314
0
0.252936
1.23285
0.112099
0.607407
1.27338
1.41336
1.55677
0
6.04445
0.400204
0.000239392
1.58768
5.07106
4.92614
0.373625
5.02732
3.59621
3.94187
1.23022
0.338308
0.885178
0.72357
4.31201
0.034818
1.15764
0
15.3642
5.03563
0.000899805
16.6859
0.437194
15.9525
0
5.86531e-06
9.55958
