10.7485
10.0225
5.7714
0.702077
5.24447
13.6007
0
11.3475
2.80151
6.03435
25.9715
0.0728953
5.33602e-05
1.91008
16.3427
0.0779762
3.42327
39.5048
27.7226
7.84506
18.0159
0
0.254869
1.26307
5.84097
7.2865
5.99334
5.11846
51.2758
0.497333
0.0291033
0.278519
0.066224
0.231856
2.05331
0
3.27493
25.3171
14.8734
27.7166
13.3624
26.696
4.64388
14.9883
1.94632
7.32672
6.61845
5.63191e-06
0
0.00218067
0.491038
1.10981
13.4992
3.21567
3.35342
0.714242
20.9296
5.50444
0.570366
2.97527
6.96592
0.00582803
5.97461
5.87251
7.90949
0.855677
7.02924
6.03626
9.02427
0.91551
14.3376
0.0185257
0
0.00267758
0.640499
5.50939
5.21679
2.68976
0.126115
0.35359
0.0139273
1.54755
0
1.70904e-06
46.8619
5.80275
4.612
13.7228
12.5454
15.4628
13.9806
9.95081
3.46067
14.1323
10.1103
12.2587
11.8082
13.3465
0.713915
1.79358
11.9155
20.0352
12.4528
19.4185
13.8878
5.42505
8.73979
4.78467
3.68379
4.29743
11.4981
4.25807
8.6988
6.01102
7.986
12.2876
4.0317
4.69826
5.65697
4.38163
3.24321
1.81723
2.71809
2.32547
0
2.00155
4.64189
0.878871
0
0.413426
7.65878
0.000556465
0
10.5275
1.11212
4.99718
6.77447
3.99598
0.81754
3.76384
0.207404
0.0379641
2.51091
3.25072
0.818145
0.958455
0
0
26.2266
98.4015
2.21905
1.18713
0
0.00145558
8.65118
9.55584
30.5956
13.4026
11.1283
1.52758
7.18458
20.5189
7.87869
6.87125
0.95471
2.09656
8.60391
0
0.81611
1.00022
9.10824
3.09622
2.37995
0.020098
0.110145
0.0171992
0.165854
1.50964
0
1.26744e-06
2.34053e-07
32.7347
0.0850071
0
14.6715
9.80392
30.3236
9.25639
19.7303
41.648
33.4073
19.6411
20.903
39.2203
5.19843
0
13.7612
3.57282
17.8665
11.5125
29.3252
76.9726
22.6455
42.6414
20.9668
3.52479
14.3688
3.76599
86.9465
10.326
64.5328
65.263
1.71944
51.4262
57.8659
52.0355
3.94815
51.8459
33.3323
8.9062
0.0224097
6.47676
26.728
1.30499
19.892
21.3383
22.8604
21.3669
30.9058
3.20367
2.67184
4.93456
22.3048
0.0348817
3.76367
7.47349
8.40399
2.16636
3.36911
7.38442
9.57479
3.8084
4.91942
3.48849
2.82533
3.35726
0.185312
0.356431
2.54084
0.940588
0.0216842
2.73653
0.0499352
1.10516
1.39172
0.221991
0.0108612
0.784016
0.094406
0.847364
0.0160363
2.39367
2.03469
0.380164
0.731274
0.0128894
0.00104435
5.92531e-07
0
0
4.73888
0.220531
22.4865
0
0.0143504
0.0834657
0.103012
0.0321444
6.5485
0.00295357
18.3725
0.152778
0.959915
0.021956
0.0833146
0.468608
1.89171
0.871289
0.917019
7.89748
0.245635
6.43173e-05
5.14901
0.00074525
0.216841
0.196378
0.761703
18.1977
6.33004
9.87349
31.288
11.1186
18.9866
21.6033
7.83331
27.2284
5.37434
11.6825
0.597822
2.6755
1.74096
2.18627
2.79693
4.98683
16.0389
30.3241
45.2036
19.7449
16.9183
9.43788
0.000252711
8.96611
9.29212
3.29919
53.8259
12.3026
2.9089
0.893327
0.0211193
0.0454736
0.0179052
0.380548
0
2.63011
1.9531
9.65635
9.23134
8.14505
11.157
0.00820515
45.4486
3.53239
11.4838
0.00976427
0.000132878
1.04544
1.36948
2.69826
4.45018
3.9652
1.41834
0.0963548
17.289
8.66952
0.80854
0.274196
6.32491
19.3758
0.179849
5.25539
4.35787
4.48763
0.0402558
5.75481
1.23152
1.47745e-07
3.01792e-05
0.828863
5.41437
3.03526
1.79165
0.845863
22.763
3.38689
6.01911
6.15023
0.494146
19.3654
42.7442
43.941
24.1317
12.2053
0.655513
9.79108
22.0541
9.65953
6.97445
11.2214
8.86866
7.69119
9.5155
10.994
11.5448
6.17977
1.87646
26.4214
19.378
13.068
10.1671
28.4844
13.737
28.231
13.7458
11.8167
15.3
14.1159
11.2722
19.8047
8.94832
2.40919
16.5707
12.5264
9.05143
24.864
8.24197
15.0697
61.9496
11.3496
13.7778
3.33568
3.57936
35.4214
14.9918
12.6975
13.6701
24.0873
14.2728
24.2046
33.4857
27.2783
20.1093
23.3262
25.5292
16.7816
19.0095
18.9769
27.2456
1.11802
6.78946
15.9418
23.4161
12.2996
15.333
16.3758
22.2088
0.554876
3.05659
0.0469484
4.4128
0.942712
11.3777
3.01632
37.577
13.7789
32.9496
24.7046
16.3379
21.4722
16.2515
22.2396
4.39151
1.01996
0.284654
0.0238855
7.70426
4.55505
26.2243
7.15819
1.79198
1.75097
0.955872
1.95713
0.823064
0
0.222942
0.00572776
0.693554
4.19772
3.26899
6.97093
19.4291
5.49163
0.400604
10.9041
17.7593
11.971
13.2875
12.6639
8.09771
42.3897
37.1464
33.6551
17.3598
0.838055
3.22661
17.3688
0.815929
0.951698
0.00188061
0.0210218
24.4934
62.3335
21.059
18.1441
35.8738
15.2621
8.42214
18.8007
0
8.18545
6.22094
1.48395
0.321951
10.6533
8.19283
13.8672
22.1887
4.64539
15.324
2.85196
2.75377
28.7589
10.0634
0
0.354229
21.3344
0
1.39706
0.698444
1.27235
1.9023
9.93892
0.332863
4.80451
1.23471
1.70867
0.225057
0.748184
1.58624
22.8589
4.12134
0.794331
14.165
9.343
2.38666
6.53523
10.9376
9.35193
12.9345
22.2076
31.6281
21.1621
0
36.6838
1.04304
24.2573
29.8811
23.8301
17.8258
12.5487
4.28615
2.18957
0.900459
21.1655
5.46464e-06
0.996037
7.81632
0.526667
4.38875
4.2011
9.18353
16.7563
5.76733
2.14659
3.72353
0.519428
3.39774
19.791
48.3299
10.3223
1.95001
8.94716
2.6929
16.4009
9.24939
2.15141
4.7421
4.02844
17.8869
6.37383
1.56403
2.60348
9.1266
3.94017e-08
10.3455
5.56799
34.4452
0.7522
2.12806
25.6254
13.0451
25.1812
20.6599
0.281824
9.29741
20.9122
0.0207286
0.870409
0.139054
3.78771
1.08571
3.76901e-05
20.3255
14.8627
19.8769
0.00556807
0.245866
1.31408
20.2486
1.75932
1.64547
0
2.00556
4.32566
1.47698
0.121638
0.258788
2.99425
2.24718
0.044067
1.18556
0.102385
0.00203732
0.762596
11.7596
0.457622
18.4791
4.98614
1.9243
4.50068
15.5385
6.13774
10.4417
25.5274
1.31071e-05
0
0
0.16052
16.4156
50.4809
0.816867
23.8364
0.75438
14.846
29.0545
9.91421
17.9327
0
1.477
1.49056
0
0
0.890114
0.892819
0
12.5215
19.0831
15.9268
6.67037
41.1572
2.15755
21.4735
25.9143
27.7732
28.76
2.51876e-05
4.60004
0.102171
14.6903
28.6256
1.27128
0
20.3777
15.4647
0.705102
7.39324
0.413587
3.37943
9.70215
6.94766
8.32306
15.9938
13.33
14.3988
16.7765
1.37182
7.5962
0.0340636
0
0
0.0390874
0
0.0228408
0.0686056
0.00031875
25.1061
4.82019
5.64894
4.22859
0
15.7085
11.0991
0.407122
7.2874
7.18825
16.2485
8.83311
7.97372
5.97659
22.0135
26.2101
15.9127
49.0881
27.6698
43.607
0
6.34117
41.4301
3.31717
6.63385e-09
9.25995
2.23467e-05
30.6756
93.7142
14.3637
19.3788
62.3899
15.7625
9.36031
0.304844
0
19.7801
44.1392
0.392185
0.0799101
0
1.4468
39.6448
1.39593
0
0.0203041
0.02188
0.79779
0.0113631
3.59551
18.1789
10.5706
5.28058
0
0
1.94477
11.5001
11.4647
0.00194859
3.89837
30.4979
0.232487
42.8435
2.82422
21.6663
23.5833
17.0209
34.8998
5.059
3.08475
6.45175
0.166615
1.88533e-06
0
0.279256
0.00486227
0.899188
0.0249371
1.07513e-07
0
3.54468
33.1892
6.54927
27.4434
10.4584
6.75588
7.64959
2.85546
2.22818
2.57403
6.06316e-08
10.5877
1.84148
5.63573
5.12394
18.782
7.80324
14.1056
3.60861
0
16.4478
0.115879
18.4236
0
0.170458
0.08494
16.2073
15.9366
4.68036
15.4072
11.8981
17.8769
3.20914
0.0422394
3.45062
6.17649
1.39195
0.0168039
0.890682
0.460491
0.00933287
1.54661
11.73
6.22268
1.23334
4.34861
22.1675
2.56639
5.72263
9.25049
4.6857
51.9424
0.0590446
1.93328
3.99884
20.1614
10.5405
8.28648
0.754664
0
0.228009
7.79523
40.3368
12.1326
14.4667
0
13.0915
26.9843
12.7754
0.837084
24.5586
2.2626
0.911946
8.02976
0.0258423
5.31285e-06
15.4815
0.20102
0.647568
0.263142
3.40604
0.000322308
2.19793
3.28813
10.6924
8.61832
0
0
26.1696
0.33694
47.4681
0.705443
6.91266
0
1.0418
0.0119329
0.789942
9.15509
0.0778731
1.22213
28.6718
11.198
12.6902
8.85474
0.0450662
16.2229
30.9754
1.84286
8.47377
3.08086
25.7573
2.33043
8.88473
23.9324
17.7663
13.7581
9.46495
34.3663
9.79755
18.1485
12.7078
0.372913
19.6288
2.16751
2.43055
16.1312
1.91729
2.832
3.59817
8.07675
11.3807
0.34431
13.0303
0.461234
0.791703
0.0378159
0.0357087
0.000115473
14.6774
8.89329
14.89
13.399
0.000350314
0.32506
1.32638
13.4104
22.6531
6.31837e-06
21.8279
11.4858
10.2491
0.0253159
0.00109326
0.00615722
16.4954
2.51197
25.4416
7.09935
0
0
18.6116
0
1.03395e-07
15.8051
16.1582
6.32944
0
10.8084
24.8648
5.16625
5.38541
3.85598
5.73515
0.0373238
0
9.86771
0.702323
1.89821
1.57948
6.78313
11.5389
18.7225
23.5312
0.00032288
0.00123911
0.916467
0.00814847
42.1672
22.8215
10.2222
8.36752
6.77037
16.9372
13.2235
3.05092e-05
0.508475
4.80302
1.16667
5.62737
1.25641
6.74016
0
2.73281e-05
26.8022
0
11.7859
3.8753
1.95668
0.679414
0.00113149
0
0.0999174
8.16748
51.7666
2.65761
33.1056
15.05
0.00115324
0.730059
0
0.00142548
5.82634
5.05614
1.70838
4.51201e-05
0
0.391058
1.58227
0
0
10.3358
1.20161
2.01858
16.0184
2.51274
0.831037
0.027501
18.4749
27.8416
4.43425
0.857609
2.32663
0.744293
1.37441
19.1871
0.0290478
0.357374
14.9479
1.49122
0.936724
0.050883
22.519
26.9887
0.307087
5.68205
0.774103
8.41912
0.057866
0
0.768794
34.1887
0.000644829
64.4009
0.105785
5.40162
0
22.3772
14.1142
13.2567
17.7629
4.28386
9.71726
57.1607
8.53715
0.0733652
0
0.862947
18.9737
29.5322
7.6836
8.27212
0.83692
0.407652
0.047251
19.1997
36.9045
32.6436
30.583
8.09562
32.2955
22.5063
8.8084
21.9951
21.8807
1.08706
9.38433
14.2369
13.6427
0.137988
0
14.001
15.76
2.27208
10.6478
5.38405
0
19.8435
8.79259
16.3755
0.00887841
97.2161
9.54944
12.53
13.8566
40.4157
4.76416
25.8273
17.4427
11.5789
0
0
2.24041e-05
24.9798
25.5656
25.9565
25.3069
23.6068
29.935
26.37
34.6125
38.5617
49.3494
58.6824
37.8534
23.9678
11.1964
0.928898
1.58497
0.469741
0.428317
4.38635
1.31196
1.19107
0.371113
10.4925
0.0829629
2.9808
5.74552
22.392
14.6053
19.2395
4.75506
18.0212
12.0722
2.74446
3.41265
5.34051
13.9978
25.4535
0.00132042
8.97826
12.0468
15.4089
26.847
25.8027
25.8482
0.0616165
0
2.30952
22.6964
7.11603
4.01396
0.713897
23.1086
0.100447
0.718468
0.656734
0.00627293
1.65237
40.2349
0.772855
35.069
0.00133016
35.4206
20.7266
2.77781
0.294622
0.000321468
21.3053
32.9359
33.4334
27.3424
1.63073
1.31211e-07
31.7675
26.9909
6.01537
0.364889
19.1878
31.832
30.6736
0.0428809
15.2778
24.6993
1.85685
25.8775
8.95371e-06
2.49937e-07
9.7475
0
0.0490885
1.56168
0.786426
0
39.3713
0
2.38379
15.6894
11.9476
8.30409
10.5938
4.48813
31.4743
3.13231e-05
24.5612
0.000104507
8.35881
15.8417
0.00339436
8.80671
9.82375
10.9311
0.00262382
1.81115
1.28013
27.0981
20.715
4.16318
29.1349
0
14.0137
27.9803
37.7419
1.42124e-07
12.7454
5.49584
44.1815
17.372
0.437468
0.536568
0.620711
17.3818
0.437899
14.5466
0.830431
0.726762
6.88913e-05
1.50901
11.1016
0.0739242
0.0361246
0.298727
13.0383
0
12.8336
16.4416
1.57231
9.87969
0.259389
15.1094
11.718
18.8066
0
0
0.00539177
0.0465453
0
0
0.469121
0.240886
25.3507
6.19951
2.74207
10.577
6.0682
2.83685
11.2473
14.0575
0.206589
30.5544
23.1739
17.4248
36.4112
41.725
26.1765
25.7668
0.797866
16.208
36.0881
37.5026
29.185
45.7743
2.52743
52.2549
12.7622
0.157808
14.2231
0.867638
0.427276
21.1258
0.711165
1.05511
0.32349
0
0.00587904
0
0.889422
3.7685
16.0917
1.76709
0.363705
0.737027
0.117576
4.9059e-07
0.0293094
0
0.0268821
0.356083
2.32199e-05
5.97621
2.33929
58.0014
17.7646
0.35207
0.964743
10.3626
27.6483
0.983291
0
19.2475
0.893179
13.7916
32.2155
1.82594
0.27192
0.0534436
0.378676
13.5474
29.7151
0.225024
1.85938
0.769078
0
1.93791
0.62401
16.3216
19.1049
0
6.34292
2.13695
2.95062
0.02447
0.0276769
14.7953
0
0.000333245
1.45409
19.431
75.2716
3.96298
2.67356
37.5017
0.443747
39.3814
27.4299
4.20138
14.707
0.275868
5.35587
0.00383341
7.20545
5.92785
2.75053
8.15801
0.0778601
3.6524
0.0111521
0.618784
0.58476
0.261886
0.0133025
0.0250331
1.81055
0
13.6472
20.1633
1.14687
20.171
0.0726239
7.76429
3.33189
0.0326531
2.25944
4.30104e-07
0.0062051
0.332327
10.4004
11.3827
27.0499
34.3524
19.6517
8.75135
0.981399
15.562
28.8955
0
9.12487
0
0.70311
0
3.99689
14.9406
1.25874
2.6334
0.0272396
5.69318
4.97468
8.96977
4.82525
7.33853
4.28611
0.0222629
0.128317
0.00136169
0.816128
2.12679
5.87261
0.000657027
0
5.12079
5.37624
16.8051
3.60949
1.4919
3.30171
10.736
2.44251
0.0706014
23.5646
0.00529678
21.7999
1.58942
5.1593
40.181
29.4669
3.39585
1.51005
29.7934
33.8703
2.68472
18.8606
1.83925
29.2115
3.93666
6.85517
0.439205
6.14996
2.84483
8.73292
20.3128
4.94887
9.12756
6.56895
5.82364
7.40447
16.7163
5.63208
0.000539211
4.94972e-05
0.791395
0.787919
2.56746
0.809662
8.55336
0.299461
31.308
0.311217
0.466931
4.55737
4.37962
3.31452
11.26
1.11451
0.764023
20.619
18.5875
10.7478
23.8483
3.99292
0.102948
2.0795
45.3926
20.405
25.5316
6.92776
0
0.0277598
10.2488
19.0985
2.27983
0.560329
19.6024
0.810309
0.870855
0.479489
0.00260921
0
2.2374
0.00172745
5.77428
2.81565
8.69198
0.0337365
61.5781
6.384
0.529053
3.48506
6.34324
2.59685
4.67801
32.5838
0.543478
7.52259
40.0493
3.01716
0
64.5653
3.96384
0.0249608
4.76704
1.99127
0
0.0864826
0.0221302
1.09097
5.41082
0.741615
2.72525
0.14748
0.846819
1.41761
14.9219
1.80059
0.642577
0
0.421033
1.84077
0.360204
0
27.4144
0
28.5941
1.448
2.93481
12.0229
1.84675
1.90996
9.14417
2.12406
0.929421
4.78315e-08
23.1002
7.6196
3.05213
26.5244
24.6013
6.65402
1.86826
2.07473
0.285478
0.00496779
0
2.90986
2.92298
1.18016
2.47744
44.3686
13.0632
0.496169
5.15405
6.73263
0
0
1.8988
9.03538
0.915297
1.28683
1.45953
3.48963
0.602242
0.0953345
0.923795
2.17906
0.922264
0.0361111
0
1.27076e-05
1.15855
0.00257898
0.0029801
0
0
0
0.178883
0
0
0.00908545
0.113656
26.4777
8.22027e-07
2.3198
9.66472
0.144006
0
32.4574
0.961179
11.6483
0.00568876
2.3546
1.4964
0
1.92089
0.44391
5.54002e-06
0
0.539038
1.1099
1.25924
2.97565
10.151
0
2.20109
27.8054
0.000106104
2.78329e-06
15.5231
0.0387742
0.842969
1.88805
1.14592
3.70586
0.923244
0.0129851
0.512829
0.922178
0
0
2.01651
0.00209683
3.80094
2.28368
1.14731
0.432453
0.0276617
0.118358
0
1.52717
0
6.27298
1.20709
13.8314
0.27769
0.267643
0.162259
0.617563
0.000114723
0.00646593
0
0
4.11181e-05
33.5587
0
18.044
9.97803
14.3229
58.717
0.117082
19.6824
7.47616
13.547
0.632867
0
6.36577
0.904182
39.8426
1.99054
2.56659
0.0413382
0.0236542
1.32942
31.7606
14.2439
3.5734e-05
0
12.1933
1.7445
2.88224
12.9239
3.07181
26.4713
8.23553
41.5104
1.30072
5.47152
15.6762
0
18.7405
19.527
35.9786
48.0651
16.1606
12.615
18.4407
22.8345
37.0837
40.8613
42.0027
6.9785
8.58239
1.90747
7.5724
17.7845
0.297947
0.294647
0
0
11.054
7.51983
11.6237
0
4.48502
6.25394e-05
0.133685
3.76664
5.30743
3.05537
9.54314
5.04032
7.84485
5.05259
8.89349
5.36267
6.8532
0.714773
3.8457e-05
6.25741
11.8668
3.23916
6.72534
0.0418741
0.00921912
10.7011
0.944305
0.455984
0
0
0.108456
0.408098
0.697937
0.855967
0.0193847
6.29044e-08
0
0
0.00499603
0.956369
0.0424502
0.465015
0
0.00463449
1.4602e-07
0.335525
0
0
0.410038
0.620587
0.0881726
1.01286
0.622643
3.0425
0.45822
0
0
0
0
27.9266
0.0371532
2.82181
0
0
0
32.2554
0
0
0.00391506
0.419076
0.00527933
13.9774
1.27871
0.110235
1.67281
0
0
5.11411
1.65234
8.48597
2.74495e-07
0.782957
0
10.7033
16.9807
0.366353
22.0597
17.3816
13.2208
11.8371
24.6205
17.8706
21.5668
45.022
23.769
22.6054
16.5688
0.0555219
0.0381857
17.6046
13.706
18.045
18.0415
17.8381
14.6778
3.93285
23.0493
16.6471
36.0713
2.40434
12.3511
20.9589
14.713
20.3993
12.9429
0
22.0126
0
22.5681
40.7544
28.1056
21.9553
7.84734
20.2224
34.9961
18.5131
0.489912
18.2974
21.1539
12.6723
19.5176
31.8697
30.4662
29.4224
22.0244
16.4588
17.7049
11.5495
19.3259
0.00305086
7.99688
13.0232
14.2607
0
11.7706
9.89496
0.612378
0.8025
2.76622
0
2.22361
3.1691
9.50438
2.51046
14.0269
0.95762
0.11913
4.65826
0.729561
0.763951
0.946558
16.6187
0.3426
0
0.359213
10.5033
0.0445608
0.519708
3.42869
1.86903
3.42576
0
1.9653e-05
0.0243883
2.4958
1.54037e-05
9.59247
6.91088
2.99696
1.51251
2.01295
6.63608
5.29673
8.20717
33.4264
8.94143
26.0312
32.185
25.9087
66.5918
17.9459
68.3392
14.849
28.1422
14.9386
0
14.088
17.2659
14.6611
0
22.4312
0
6.55201
2.15678
0.876105
8.33098
5.46251
12.1916
0.421891
20.5675
0
0
16.821
5.46577
1.18228
0.689613
1.39824
0.0694541
1.37989
1.70867
4.58262
0
1.10153
12.4081
0.119283
0.00207102
0.958846
0.0169581
0.0279196
0.716935
0.204522
0.748892
20.9075
0.871873
0.0219244
0.204504
0.561539
20.3948
9.0644
1.07185
0.881099
25.2333
14.9014
1.12596e-07
10.1808
0.0892222
5.19861
0.914846
0.0830552
0.698929
1.41984
0.000425349
20.7773
2.89791
29.577
8.02324
2.35741
0.0421688
2.98025
0.0290684
33.7015
0.0677141
0.960328
1.15859
19.8941
0.0707011
8.18279
7.16412
23.842
18.5229
29.4849
22.4459
0.621725
6.838
14.5385
2.04786
0.288519
36.3997
1.76331
4.76534e-08
3.92438
3.16949
10.4288
1.88313
20.0577
4.7464
3.76938
4.17208
26.5638
4.1112
4.8777
1.75566
7.17892
11.0265
6.80801
7.5272
18.9646
1.11909
0.0250908
0.0105603
0.336934
1.51287
0.0209432
7.8156
16.8468
29.5078
34.4549
0.827619
19.9195
25.25
4.09476
25.9213
8.32628
105.936
13.8903
4.32001
4.06712
51.1599
47.2994
13.7738
33.6471
21.996
0.00241121
0.000375113
0
0.00102526
0.982737
0.0112657
4.65421e-05
2.67687e-06
14.3861
25.3458
37.9415
0.0211098
55.7134
0
0
0.209748
0.195646
0.0212602
0.681608
0.0133793
0.00561013
2.27121
0.364674
0.685106
18.2211
1.60575
13.9028
1.40569
4.13452
0
0.979194
19.4013
5.352
0
11.5851
6.17942
7.00389
0.497741
30.1524
10.4818
0.0966962
8.34333
16.6623
0.199769
0
0.211035
0.0129074
0
0.000400609
39.875
0.0065036
74.9151
16.2562
45.8975
0
0.0123599
0.173266
0.195494
0.0911079
23.9748
16.5622
26.2556
0.777692
26.1661
16.4953
17.475
3.39882
2.56585
0.00202294
10.4951
0
0.000191996
0.016805
0.000138887
0.0161053
7.50565
0
0
0
0
0
0.0164225
0
0
0
0
0.272615
0.716191
0.0492609
0
7.99368
0
0
0
0.0131254
2.61538e-07
4.7715
14.3593
0
3.19241
1.20505
0
0
1.00531
0
26.4846
4.89616
5.37334
3.70636
6.21963
1.92644
3.22551
3.964
5.48572
7.50553
6.1164
5.55756
17.1561
19.9897
25.3585
12.2707
16.5474
13.4544
25.4301
14.2715
19.1405
11.9387
14.2251
15.0111
9.83546
7.0278
11.9973
10.1188
13.5278
6.9801
15.0683
7.21452
8.27084
15.6178
10.133
13.1696
2.62506
2.49139
2.11676
1.04555
0.641732
0
0
7.00974e-05
0
33.0829
22.7764
1.11502
1.67801
2.7137
2.21
0.0126459
1.27137
10.1623
0.0118611
29.2254
5.94942
0.964008
0.367467
14.7932
17.9042
3.09715
21.7234
11.2274
17.1154
15.06
0.584918
16.9842
0
15.6078
18.9259
6.43885
29.9236
7.27285
7.27802
5.08035
9.2558
6.27915
7.49235
29.7583
13.0416
11.7266
6.93407
6.93502
6.107
16.5715
12.509
21.625
20.1452
15.4127
30.0465
37.0235
40.4497
28.5985
15.743
15.4969
26.7581
24.2401
21.3265
21.574
33.7783
12.2413
0
0
0.213515
4.14112
8.78946
21.0718
12.7888
10.4793
8.17417
10.199
6.31229
6.34139
13.5628
6.47508
10.0796
15.4345
5.5505
1.37163
4.13608
3.56271
16.1309
2.8915
33.5103
5.95793
4.52977
7.41915
8.69715
4.50958
1.57236
5.9099
12.3144
4.16135
11.963
5.54449
8.92086
3.26018
8.17387
14.7818
19.2305
31.3107
36.6988
13.3931
5.31718
0
0.871322
0.706832
12.9663
14.7684
5.53795
11.5478
0.480763
15.3898
33.1915
20.7717
16.1777
12.1482
15.6591
23.6438
47.5775
0.375159
0
0.00135708
64.128
36.9906
32.4551
7.11687
71.649
5.91196
17.346
2.08826
1.77131
0.135713
6.16814
28.0634
3.19666
4.14351
110.738
72.18
20.8047
13.2583
0.616665
58.7195
10.4002
100.057
9.87331
8.58225
86.5128
72.5323
37.7556
31.8124
9.11579
21.8344
19.2324
29.9054
11.7712
19.3196
31.2352
34.966
17.1538
28.6339
16.0329
12.3598
27.2716
35.3159
11.9467
18.0353
25.815
22.8088
38.9865
12.7462
9.2786
0
11.1193
0
4.7039
20.9608
33.867
13.4027
11.6635
7.40075
17.0146
15.2519
12.9454
18.0972
11.2457
12.3126
11.4133
15.9157
14.3545
6.52801
10.0262
6.05388
8.67476
7.93756
13.1834
11.2281
0.518683
6.50233
4.11076
16.9791
1.56986
18.046
0.482065
0.894323
0.425258
13.2016
17.0043
25.2728
0.164647
18.4979
31.3288
9.12253
3.64923
2.13415
8.40759
8.79621
17.7591
1.42449
1.50741
0.0899372
21.4804
4.73687
1.06708
0
3.25355
5.3034
1.91286
0.0794062
0.826422
1.96956
4.5205e-07
0.478353
0.567779
0.0416368
0.717517
15.8659
0.0333239
0.00457808
1.28417
0.831546
0.449842
0.294662
0.621343
0.289703
0.307304
2.42727
1.17824
0.134913
0.00929344
0.755212
0.0433896
14.514
3.0843
0.176937
2.9039
0.0145073
19.1451
0.23036
0.0338231
0.293627
1.97243
1.36387
1.50761
12.5717
4.90647e-08
10.2102
0
24.4521
0
25.0078
0
0.0115882
21.175
1.57996
20.0648
10.3741
35.79
0.019665
5.52254
0.158729
0.18162
2.15902
0.861009
8.74856
26.2671
1.16707
0.00462522
26.3159
0.157313
0.0132597
0.43052
6.13653e-06
0.166207
0
0.0832661
0.000463334
0.160704
2.86805
4.50136
0.386528
12.4308
2.10726
7.75722e-08
5.87444
27.1525
1.84807
22.5819
0.547931
16.0211
16.3138
14.827
8.91371
3.14442e-08
1.12603
0
10.4841
22.3141
0
0.0363828
0.243127
1.50148
0
0.0169217
0.468546
0.589249
0.0942407
0.919401
0.679098
1.37835
1.35683
0
2.32676
0
1.08311
0
0.808454
0
0.0176551
1.81521
0
0
1.39754
0
0.454331
0
1.57343
14.0145
20.433
27.2782
11.2137
18.8598
5.48723
4.23537
1.36293e-07
0.559444
0.863888
0.530906
7.9145
1.5648
9.59997
0.0204122
2.15681
17.5838
33.1971
35.3651
18.1108
2.66514
5.19391
13.9715
14.32
4.6098
7.74576
15.6094
2.97146
10.2189
8.70797
3.2184
26.7914
17.6905
9.29629
19.3145
0.760059
10.7474
4.31849
72.0691
0.0458627
116.458
71.2164
0.470141
7.9655e-05
0.624364
0.860552
0
0.793574
0
0.524125
2.63938e-06
1.17495
1.07869
20.2757
6.47536e-06
15.4722
0.359989
17.6009
5.08567
6.72462
15.1642
14.7069
17.6179
3.58525
0
26.8156
28.8181
29.0558
28.4976
54.6698
41.9947
40.87
0.023922
12.4426
0.0799359
18.2547
13.7198
19.026
3.40017
1.82597
21.4287
15.9637
48.6428
8.03437
17.6738
19.0568
11.6369
2.55466
15.0811
17.0828
5.41854
6.89918
0.00283135
9.35153
32.5027
2.37079
1.16236
20.0145
0.0217252
16.2153
4.07171
1.76713
3.75882
0.672334
32.4217
3.34195e-06
20.1961
34.4408
16.0924
25.1867
13.4817
12.2507
5.09323
10.4845
0.654162
1.62459
8.22012
8.05984
6.95638
9.30683
18.1223
18.1981
11.1455
13.5235
24.6776
44.1873
13.7542
15.2797
0.0186244
0
0.00735316
9.5462
1.06999
7.49115
9.0685
1.33203
0.494217
0.757609
4.5052e-07
0.0292854
0.175775
3.67197
3.77337
0
1.53049
0.472166
22.8637
8.31536
5.63297
4.79503
13.1594
1.11395
14.3799
0.0026719
7.81443
0.828755
8.41895
2.04478
0.797054
8.70459
0.259388
0.380031
0.0923528
1.10516
0.122206
0.000110895
8.15066e-05
0.0113734
0.714661
0.00961482
0.0923693
1.72253
0.000231527
3.11498
0.16051
0.513646
5.3582
11.226
15.7303
9.47846
0.00155238
0.719968
14.3237
1.14204e-05
0
0.000414747
0.018567
24.0643
0.208357
16.6252
29.7163
52.2447
18.5857
39.8941
14.9006
23.4347
2.42325
6.32983
10.5161
0.0117416
12.0318
1.52274
0.727094
0
19.653
0
17.6461
18.0143
15.1072
4.57728
31.8707
43.3024
0.443503
26.4432
12.9192
22.2306
24.293
3.02155
30.1081
0.0203881
20.6222
13.525
0.352583
13.6341
10.466
3.80879
0.148366
0.00191323
10.826
0.697061
8.01265
13.1643
3.50452
0.0273641
44.884
32.0192
14.8156
17.8156
11.2966
25.5365
27.1017
6.2366
13.9726
16.8404
30.4265
17.3694
19.8487
9.70618
15.6023
0.285175
7.09648
13.1564
26.1476
17.1502
16.9534
13.7554
7.78501
5.42464
15.1569
31.9885
12.8486
29.3438
21.0204
9.68272
18.8592
34.2929
11.8629
19.9594
14.4323
0
14.5012
16.7536
4.49017
8.96285
46.1964
0
22.7519
40.5776
20.0123
0
0
48.3769
26.1747
35.5404
43.6414
4.36359
43.9835
30.3539
5.06105
31.7571
24.9027
18.8043
4.14227
21.4484
32.1911
32.5683
24.8958
50.5725
19.7077
30.7122
22.7999
46.8206
42.1958
1.20022
47.0145
25.1968
15.3523
6.40362
30.6074
34.5922
50.85
32.2258
0
37.9463
38.0415
28.9776
2.63268
10.1675
17.9241
27.2363
23.321
14.0141
28.0666
18.8356
1.97181
0
8.82151
0.425674
33.9138
1.80496
10.6194
35.0718
29.2427
23.7735
21.0433
0.449656
15.6446
0
21.7672
21.5981
13.3148
15.8231
13.0826
42.0755
55.7579
28.7759
35.637
22.5426
12.293
37.86
0.0831158
22.7943
7.83276
34.3847
0.238604
11.8242
5.93983
21.5489
17.8834
6.96028
32.2155
21.6388
0.0306854
7.71559
8.62785
9.82451
13.2307
11.9957
0.893253
11.0492
16.8829
8.48692
0.536839
3.24878
1.74596
3.13197
4.09473
18.3184
4.04229
19.4955
19.0743
10.0615
20.5282
6.84277
0.557129
41.4542
0
4.45905
11.8102
11.6885
0
16.3793
30.9464
5.34988
19.4212
9.62296
18.4671
27.1773
20.427
20.0755
12.5753
12.4511
11.1974
11.1001
23.1742
12.0717
16.0685
35.5582
0
13.5916
16.6227
46.1545
17.4816
0.983189
39.7328
2.30445
19.9346
5.26629
30.0858
32.6195
20.4182
36.5003
42.0398
37.2891
18.2846
7.17749
14.2983
40.5321
36.2125
12.2232
0.000199247
11.3275
29.8289
9.60366
22.4792
1.22515
0.207384
19.9767
3.76749
29.2945
20.447
0.00302731
13.2616
0.00904714
14.5855
8.67982
10.5316
0
7.02936
7.38728
14.7111
17.103
14.2143
2.42287
6.32889
0.569256
5.8303
18.7607
3.892
13.0547
9.06975
2.74608
11.0131
4.59571
16.5424
6.92019
2.99389
13.7156
23.4826
11.3135
39.5352
18.343
19.0841
0
10.0459
0.653763
8.4271
1.65359
1.52155
20.7573
1.78615
1.47251
59.7158
1.47755
45.1931
2.99323
20.9871
2.87927
3.72702
31.1052
0.45998
4.01392e-05
0.0262903
2.57579e-08
0
31.176
11.3616
11.5458
12.6847
20.8598
17.1353
11.2558
3.78514
11.2355
1.83158
16.5571
23.8071
1.51464
26.2701
23.2179
0.152983
19.8851
1.16477
10.741
20.8126
0.820958
6.9972
1.5295
4.42919
9.67835
0.714776
0.0266998
0.0198195
0.761409
0
8.50548
13.7548
6.15848
0.0130652
1.30686
11.2077
13.0466
18.081
12.6556
6.18313
13.2418
12.3604
6.82388
27.6986
10.7344
0.164402
13.0843
6.56295
12.1416
10.5653
0.447901
7.62359
15.9281
21.5995
5.46457
6.74075
8.60594
111.475
10.3507
15.6222
14.3745
162.383
11.6886
5.51399
13.7796
5.23178
14.0863
7.07577
5.33483
23.4628
1.91718
8.97711
12.5437
9.03171
9.15121
63.386
17.2946
21.2045
0.260667
0.00346117
28.831
46.6084
0.740236
5.00559e-06
0
0
4.23837
4.48414
0.289384
0.0826835
1.27848
5.99294
1.59211
0.0858832
13.3862
7.96848e-05
9.44239
18.9608
0
0
10.7482
4.68765
14.1593
2.90059e-05
7.30157
4.34835
0.251941
2.03517
0.949292
1.51482
0
1.10453
10.3986
10.0905
0
3.11892e-06
1.58361
0.478532
0
0
0
11.869
21.2425
27.2871
1.43941
8.66369
0.579155
23.8471
4.29954
11.4546
8.48818
10.0045
13.534
33.7166
6.55879
11.3523
24.0854
15.527
9.54164
9.89618
6.05846
31.8293
27.2379
41.5008
23.1701
18.7694
2.86736
13.9646
0
0.106819
19.7787
30.4086
19.658
10.6534
6.52466
9.16192
6.16151
1.28709e-06
7.13244
18.1954
22.9445
14.944
9.91538
19.6065
21.3983
4.09718
5.14001
6.30223
6.28399
26.3329
17.4462
15.0225
11.0333
1.80961
16.7507
1.59706
7.36131
0
0
3.21799
3.61288
2.98286
0.160735
2.35504
25.6801
33.7199
12.8481
9.43739
8.85904
14.5504
43.4241
15.2874
15.0755
0.960912
0
7.03063
10.6388
32.3498
13.9637
27.4285
11.9997
18.2392
23.2069
0.659215
0.293197
3.75759
20.5274
8.336
4.86567
5.57354
2.11157
23.5215
7.8729
1.17707
13.412
2.02646
1.15361
0.905709
27.5147
11.9828
10.5866
0.799046
13.2344
29.0749
0.351501
4.38369e-05
1.62657
0.627876
0.07415
1.04033
19.8926
1.49955
1.64728
0.0423121
0.665009
0.196946
23.134
0.227933
27.0626
17.2523
0
27.2153
3.38778
0.957236
2.75141
25.4659
4.99532
0.344717
0.0445125
1.0288
0.000101903
0.00128742
0.0868892
0.117357
0.102521
3.61881
11.8955
12.9498
7.21183
1.04411
3.33719
0.0546866
16.999
4.30769
4.57753
28.6549
2.21317
4.39006
21.0578
24.5358
14.5569
15.8415
28.592
5.02846
2.72842
12.9103
3.9577
29.1762
15.7341
4.80649
13.2062
17.3449
8.14811
4.18025
4.74292
23.9696
0
0
0.00546571
1.68195e-06
2.78335e-08
5.65169e-06
0.271603
0
0.615489
0.926847
0.0646478
13.2328
0.879831
2.37782
0.0231096
5.26063
4.82986e-08
21.5914
15.3099
14.9288
22.5272
51.9142
27.6427
7.71344
2.50395
3.16659
17.6211
13.7038
0.579757
13.9487
53.3264
2.14889
1.84187
10.8934
1.6934
34.8936
28.8027
7.45366
26.3494
23.8858
7.33798
16.6552
3.45923e-07
3.51906
0.0252975
12.2182
2.15187
4.00714
27.8282
36.756
0.00916415
29.6518
8.78176
19.2158
20.883
1.18359
5.64543
19.0514
12.7875
18.2174
29.1817
28.314
1.98393
8.30725
5.47739
2.87634
0.909007
1.09622
34.1518
0.485276
1.72647
1.76283
1.86999
0.832055
0.0665392
1.044
2.45763
0.549558
1.18311
0.765929
0.902578
0.0694964
16.2424
0.132546
0.00357528
1.51586
0.608784
0.341622
0.847284
0.18721
0.163289
2.15192
1.69861
0.140194
0.0188948
0.975062
0.0342506
2.34221
0.166983
2.79634
32.9551
0.208931
27.3396
10.7582
2.3134
3.29666
17.334
0
1.19721
0.230685
16.7817
0.0364131
6.84732
11.7958
18.6662
2.17069
13.1554
12.3717
45.0367
36.8455
15.7053
15.0856
81.9424
6.04354
28.5488
32.7155
0.582422
0.123782
7.27579
0.0276596
4.44652
23.587
0
5.37259
0.982809
14.3211
0
0.000787611
0
0.765664
9.60293
0
0.325556
0.000934584
3.866e-05
24.1995
39.4825
27.5881
24.9709
1.28326
33.7505
22.3384
7.39868
17.1082
21.0922
25.4752
5.90687
0.197753
0
44.5588
0.851097
0.0154935
0.438461
0.684362
2.84857
1.81849
21.1248
0.147344
1.66058
24.006
0.562456
0.0147237
0.000641147
0.00101132
14.9652
13.632
0.000700643
0.608011
0.276571
0.500764
0
9.24653e-06
45.8323
0.106121
1.28975
11.6668
0.0589896
0.0600497
3.24155
0
0
0.124571
14.1625
23.0335
0.0267414
0
0.724018
0.0234332
13.4114
0
0
0.0877704
5.51016
0.261282
0.0131441
0.0207215
0.00611581
0.000868994
1.5382
1.46231
0.00712405
0.0220894
0.00012103
12.1596
0
0
12.6133
0.478952
0.276462
0.0197177
0.244522
0.699545
2.27195e-07
0
2.88839e-06
5.8676e-07
0
0
0
0.00954918
23.5541
0.00240087
2.3549
0.678261
0
0.401022
1.22845
7.45535
0
0.458432
0
0.661742
2.49647
24.5504
7.6421
1.50823
4.64796
0
9.41314
9.95468
17.5412
4.22302
0.143327
4.85027
7.87468
14.5413
3.73794
0.00205386
0.734245
3.69034
0.118862
0.00471948
1.26048
0.139619
1.24012
3.29304
4.35632
3.72371
19.8372
0.0063581
24.916
3.10542
2.82637
12.4903
0
8.48097
24.1458
2.58581
1.28813
8.83774
19.001
0.998887
2.32284
0.0255761
0.1042
95.6233
2.82672
0
14.6332
0
0.0419261
1.95306
10.0685
0.000937295
2.45171
26.6577
0
0.00245163
2.6048
0.482512
0.0712426
0.397508
0.0570469
1.33611
0.311155
2.38764
1.52821
3.28257
0.0554413
18.3447
14.4671
0.153422
1.51228e-05
0.941163
0.184994
0.228223
26.0332
3.26078
5.32189
0
5.71858
34.4939
14.9833
26.6575
0
16.5284
24.739
10.3088
27.3716
1.40278
1.59896e-05
24.1935
2.92872
46.5649
3.02334
2.74413
21.1012
0.687722
0.725037
0.0579522
0.0338242
30.1687
3.23769
4.74581
27.3227
36.3267
0.881463
28.8924
5.56731
5.95173
12.0057
3.27416
21.833
42.0297
0.503777
4.66298
26.8827
21.6266
1.23744
6.17932
27.8134
14.0086
14.7421
15.8226
19.0852
10.5996
19.7388
21.0498
1.20697
19.036
0.0882124
7.95359
25.9288
16.2163
16.6254
1.08977
0.081771
0.0421104
0.0863402
1.92519
3.38362
0.267909
1.022
1.07793e-07
2.75738
5.28692
1.63123
1.41867
0
1.0628
4.10796
0.252286
0.760857
8.34886
23.1256
4.3265
2.41108e-05
1.78645
30.0904
0.00295059
5.98397
38.0319
7.92561
10.8682
19.2586
25.0635
0.128354
4.28044
0
0.315008
53.6399
0.825854
0.837757
21.4955
3.58843
0.530255
50.3006
5.95702
0.411798
0.020595
0.43924
15.9846
4.50461
0.0415212
50.6143
13.4325
5.40465
33.3296
26.7244
17.4093
16.5245
6.6452
13.3062
14.1757
25.0395
15.4037
25.1516
32.028
6.03162
6.4331
0.00421139
20.348
0.0249647
6.30494
18.5689
0.996096
25.3723
27.0783
23.2254
1.43801
0.00432813
0.977679
0
0.421935
0.656743
2.52998
0.947705
0.854947
1.88582
0.283921
0
0
30.7801
35.1456
0.906136
29.9778
15.2318
15.9308
7.43887
6.86327
10.4447
5.73681
23.4682
8.53551
6.75945
9.41308
5.53743
19.4434
5.61004
20.5875
8.70586
26.8003
19.3755
29.7625
26.2379
20.5499
13.7981
33.6284
11.205
0.926313
0.275744
1.59288
0.104556
1.76325
2.42746e-07
1.06665
16.2233
0.0985798
0.633407
20.8903
22.49
22.6795
16.061
19.7247
11.7446
0.972294
0.949697
2.5869
1.07274e-05
0.59793
11.4335
0.89867
0.93212
0
24.2808
27.9066
7.37981
7.30684
17.1018
5.44485
2.29133
1.74023
0.465384
0.0360614
1.53109e-07
1.47673
1.75337
3.4397
1.37503
0.000164516
10.7724
0.0862133
1.96171
0.633458
4.78822
1.99071
8.60278
11.0385
6.70998
4.85823
0.599079
1.28063
0.0257619
4.07864
18.9325
0
0.465718
1.31193e-05
25.7891
3.51247
0.0605818
7.57403
2.03717
40.0577
0
2.95564e-06
20.2344
