2.79469
2.85307
2.89601
0
2.33399
2.02923
0
10.5418
0.00612559
6.67897
21.0417
0.59582
0
0.593318
4.46851
0
5.66027
14.349
16.2214
13.8492
9.91317
1.64312
6.6961e-07
1.73444e-06
0.978269
0.902759
7.07287
4.56177
38.8166
5.8887e-05
0.00118792
4.09338
0.759723
0
1.04215
0
4.27716
20.5607
14.911
15.2084
11.9592
13.1539
1.52528
7.51574
0.718797
6.5645
1.70481
0
0
0
0.590969
0.984496
18.1973
2.16632
0.0797648
1.43404
13.9024
1.08631
0.0100793
0.138629
1.81911
0.002392
5.2788
3.73256
5.55453
0.000100658
3.24086
2.01348
3.88876
0.0308619
24.9694
0
0
0
0.983881
2.63453
2.95119
1.0019
0.99688
0.000205329
0.0307788
2.69177
0
0
36.3566
2.65229
14.3842
24.4508
10.2625
12.8112
17.4848
22.1092
6.17322
13.0397
19.7805
10.682
14.1325
21.1576
1.62624
1.20184
5.75814
8.20481
15.1863
18.0962
8.17431
3.84388
10.771
4.29295
7.30831
18.3035
15.1104
9.40552
12.9681
23.4396
18.521
10.7938
1.00246
5.67529
2.95441
4.54518
3.56585
2.80231
2.20247
2.97864
0
4.14223
1.67112
0.0528546
0
6.12252e-08
5.24092
0.370864
0.00847869
29.2823
0.511988
14.9611
24.4777
1.23646
0.116111
3.51419
0.132423
0.3904
0.0486899
1.80841
0.00126864
0.0225059
0
0
15.5337
52.6604
0.478139
0.527946
0
0.0547006
8.74194
0.729037
5.44264
4.01218
7.90257
1.11678
19.4749
6.34827
21.2304
18.2516
0.85165
3.41413
13.2586
8.29373
2.00738
0.827798
28.4002
2.39307
5.21524
8.97892
1.8064
8.45503e-05
0.281489
0.22996
0
0.195006
7.4581e-06
16.9966
0.000315835
0
10.2295
4.83283
8.43809
6.33786
8.07931
38.6668
27.4809
20.583
16.8348
7.79161
3.33059
0
10.1088
18.9416
10.2296
11.2032
33.9766
98.0679
15.3174
37.9733
21.2862
5.53755
26.184
4.09418
42.6242
5.59268
17.2263
17.6672
1.75784
16.4855
13.7489
14.8169
2.07511
18.014
16.6832
2.91252
0.00281298
1.31969
12.6033
7.00972
15.3987
22.7347
26.7981
26.3635
37.46
0.415803
1.37787
2.0124
14.0975
0.329123
2.47221
4.94211
3.96777
0.312907
0.519153
1.1492
2.45114
0.115276
0.000268652
3.92442e-05
0.000715605
1.77017
0
0
1.36847
0
0
4.25645
3.95113e-05
0
0.0506679
0.942035
0.0019714
0.178114
0.696052
0
0
0
0.440586
0.340735
0
0
0.0198877
0.511821
0.00709737
0
3.65015
0.166519
27.4765
0.896958
0.0116372
0.0376297
0.000180567
0
6.60583
0.00255595
20.7214
0.884297
0.897859
0.00625233
0.0521872
1.14143
1.76647
0.632468
0
3.67167
0.00260844
0
17.7332
0
0.905771
0.0339708
0.713106
13.8884
9.76115
21.2492
11.4801
1.86042
5.37804
7.68178
1.24594
8.4778
0.89413
4.44107
0.700428
0.737017
2.88093
1.6039
1.81087
3.15728
11.1025
13.8439
27.5148
8.69112
11.3591
5.80464
0
4.91501
3.60828
0.758849
13.3171
3.53642
2.92626
0.0589792
0.0557463
0.0641514
0.154034
1.60302
0
1.47088
4.95351
5.09125
16.9777
1.16
7.22889
1.02292
18.8771
6.9239
3.2631
0.000271778
0.735126
0.411249
0.909828
2.00113
3.01445
3.34068
0.653367
0.856055
18.9853
5.55239
0
0
5.00499
24.9116
0.211971
1.01759
2.29429
1.77678
0
2.11476
0
0
0
0
1.32426
1.20086
0.27633
1.09268
13.6275
6.92366
5.75139
8.38963
7.21829e-08
9.9684
13.603
15.8463
14.276
13.7655
1.18072
7.09345
4.03852
3.02507
9.83909
13.461
8.7594
4.12846
20.8768
18.8274
23.3634
3.21242
2.74918
14.7614
12.615
11.0745
7.73348
18.7382
8.08717
17.1636
9.73808
12.1353
8.47687
10.176
9.01641
6.59111
4.19197
8.81938
7.86698
16.2627
9.6888
7.63516
10.2973
4.95927
30.57
6.63893
8.39128
0.878064
1.84238
24.9083
19.478
28.0275
28.6736
30.0341
4.85237
24.5234
12.8499
16.4587
24.6761
30.8512
36.2693
23.4303
20.3539
7.80114
20.2296
1.33424
24.2074
34.2751
22.8481
11.0677
9.03699
5.26654
9.99588
1.26916
5.61845
0.801892
6.87782
4.70291
25.9838
1.12548
8.97399
24.3498
29.9155
7.77405
14.0663
20.4089
6.60626
21.4434
8.37708
2.15046
1.53784
0.0366115
7.92599
4.61071
39.7046
10.1613
0.236348
1.16094
0
1.30939
0
0
0.246249
0
0.876068
4.18579
1.04502
7.93949
16.2694
6.19488
2.5645
12.7467
12.4089
5.5936
3.0109
20.6581
2.25959
18.5672
21.9872
8.12852
13.9685
1.22254
2.16648
17.271
0.276567
0
0.00116682
0.288867
21.3459
25.6222
3.74553
8.33373
11.793
12.0299
8.68422
12.5589
0.00108534
7.07551
5.06293
1.09965
0.0313453
4.44094
3.29489
8.54507
12.9226
14.8073
6.06531
0.964529
2.84803
25.9448
8.2748
0
0.781976
7.79137
0
8.38399
0
0.0128746
0.506586
0.987392
0.153573
1.39
0.144566
3.89859
0.924057
0
1.15685
33.3732
3.37921
0.0562176
5.79262
2.21913
0.242343
9.06977
18.1355
27.5488
21.0355
15.1484
10.6003
6.40608
0
30.4338
0.259597
16.6975
16.3158
13.0467
8.121
10.9159
2.19724
0.489961
0
15.0144
2.88141e-06
0.00508267
11.1326
0.0120211
3.10286
10.0866
2.0843
16.3449
3.61661
1.69761
1.88634
8.74489
13.3664
23.2711
47.6999
8.31621
2.14337
6.51736
0.900054
13.5779
14.5571
0.0568679
2.73597
0.807564
7.60188
1.5991e-05
0.207735
0.213834
0.552657
0
0.199956
2.15661
11.4273
1.13327
0.0105122
5.04279
4.21747
7.92817
6.07393
0.214572
2.62771
3.06875
0
0
2.76738e-05
0.668417
0.823701
0.0317253
7.84699
17.3348
28.9563
0
0.906305
0.533826
9.18196
0
5.76365
9.97267
3.63802
0
0.263943
0
7.06174e-05
12.4031
0.900419
3.6001e-05
0.461818
0.296613
0
0.864584
6.57436
0.771126
7.6057
21.4901
3.51857
1.10688
4.69469
3.01241
19.9699
21.7751
0
0
0
0.74583
29.9654
31.7605
0.0316466
12.8329
0
14.8295
28.7243
10.3578
13.8994
0.425908
0.60519
0.33418
0
0
0.00421875
0.0376105
0
4.02317
9.08554
2.79011
1.88386
7.24865
1.09736
14.7849
9.63185
18.6494
20.2441
0.000820477
5.76884
0.929274
8.67116
12.8297
1.22273
0.000246222
15.6261
15.0327
0.584483
7.6153
0.000444246
1.18792
9.60371
18.1503
6.32449
7.43387
13.3123
14.1524
11.345
1.33282
3.13201
0.000680607
0.292274
0.362289
0.707844
0.00853613
0.416745
0.0249564
0.223739
14.6401
1.25157
2.64812
1.37646
0.0495456
5.15426
4.60087
4.24606
11.8704
0.246848
9.53222
4.27323
5.94872
3.79468
21.4402
23.2118
3.75406
11.7974
11.0042
15.3539
0
4.99179
12.1667
0.575782
0.041615
21.1661
0.127169
44.0125
76.3102
4.38524
33.9343
46.6003
11.8675
2.59189
0.224354
2.859e-07
15.6494
42.8972
0.177816
0.0877106
0.203928
0
21.3234
0
0
0
0
0
0.0310385
10.0247
23.1296
7.20495
1.16226
0
0
0.224151
9.8749
24.9728
0
3.0071
31.9796
2.30676
25.5425
0.951126
12.5024
14.6462
21.8867
19.7393
0.00727443
3.88113
2.02845
0.0166287
3.02574e-08
0.839489
0
0
1.35666
0
0
0
4.2482
6.90534
3.99317
5.59611
5.6641
1.13231
4.15289
0.831144
0.529981
0.716315
0
2.24139
0.425706
3.62404
1.01886
46.6081
4.45649
14.4247
1.6017
3.12572e-07
8.62051
0
16.213
0
0.350695
0.897152
7.78222
13.3635
6.00668
18.144
6.77429
11.2717
2.25628
0
2.98467
29.4086
1.67158
0.0430819
0.969578
0
0
2.01852
17.987
4.2403
0.279404
1.83942
15.6538
4.88265
3.30378
8.23409
5.55902
31.7974
0
0.362901
9.02513
13.944
13.7927
7.9507
1.61476
0
0
6.36147
6.92796
12.3503
11.0011
0
8.65611
9.13562
5.32686
0
26.5547
1.35067
0.512286
9.47421
0.190884
0.195307
16.0476
0
0
0
1.74407
0.00516933
0
0.0112294
4.95887
5.01182
0
0.0902194
8.63646
0
19.463
0
6.25384
0.332559
6.3269e-05
0.00276981
0.486454
11.4495
0
4.46801
5.17252
5.23297
11.6267
21.0759
0
20.706
20.2197
0.0972134
5.89736
2.63747
16.532
1.53981
17.2392
13.9996
7.99778
3.30873
15.3229
12.3418
12.7369
11.1883
20.5892
0
13.3317
1.61945
3.70074
10.6022
0.0092594
8.22442
6.41975
4.96063
3.95264
3.75567
6.68956
0.124774
0.0212189
0.0173987
0.0243723
0.0131929
1.76501
10.827
18.9455
28.2887
1.04083
0.200438
0.106761
12.3386
14.1329
0
12.7527
4.94446
9.2604
0
1.60152
0.814171
4.4071
2.2089
26.9203
5.31635
0
0
15.9001
0
0
7.00359
3.3637
2.53338
0.0130995
12.6463
5.83434
5.68894
2.50297
1.75609
9.78674
0
1.56998
3.11663
0
0.534515
2.71733
0.840565
17.4731
35.8319
11.9443
3.87497e-06
0.0480224
0.0464106
0
21.6731
10.1901
8.46416
11.7691
3.13908
25.0462
13.4035
0.630917
0.0124275
5.39743
1.20432
4.299
1.16056
3.28734
0.0812657
0.000152717
10.5011
0
11.4143
6.67266
0.0060404
0.11992
0.0810996
0
0
14.1065
20.6123
0.773727
13.5292
13.7399
0.443747
0.0107934
0.00235089
0.00947652
2.7479
0.533918
1.8591
0
0
0.0296328
3.46619
0
0
8.49103
1.57289
6.30782
8.10811
1.05072
0.00141636
0.0386711
8.43096
5.15951
3.32329
0.0570712
1.54917
0.0414181
1.28893
11.8738
0.75625
0.10401
22.9066
3.12674
0.0838526
0
18.9905
3.20856
1.49355
6.64519
0
15.577
0
0
2.97444
10.9
4.60978e-06
27.9917
0.000450083
3.19686
0
15.1966
4.63762
15.774
10.2341
12.4777
0.860167
33.8379
4.85495
0.00143604
0
0.0263616
20.2319
16.7907
7.46261
9.49372
0.676612
2.94811
0
29.2097
24.8734
23.4639
17.1477
17.421
9.38452
25.5625
15.0445
9.21386
16.8186
4.93849
10.7779
20.0075
11.6464
0.0359415
0
16.8199
10.3001
0.972708
7.99915
2.24838
0
19.2993
9.62495
7.9486
0.868522
63.8339
25.7158
23.2198
10.7022
12.4045
4.30409
19.7839
8.29138
12.927
0
0
0.00781188
24.9564
24.9424
14.2271
18.7432
27.6438
38.8122
40.5444
26.5509
30.8894
35.7832
33.935
23.1121
9.99905
2.11349
0.0175426
1.27336
0.0201158
0.784745
1.87225
0.171349
0.931648
1.16934
5.77712
0.615948
0.574023
11.2531
6.5742
4.95718
5.66314
7.61414
6.79618
2.90311
1.40462
3.11495
11.5895
12.9054
13.7084
0
24.6332
27.7924
19.959
19.2286
13.2156
6.72558
3.49884e-07
0.0774879
1.53512
15.3798
11.9249
1.64428
2.36181
16.6619
0.966537
0
5.33817e-07
0
0.00346833
36.1197
0.00164592
21.811
0
43.7975
49.8581
0.128097
0
0
25.9386
20.3113
11.4483
6.99109
1.01416
0
48.2501
14.3084
0.328044
0.000866087
7.80793
39.1457
39.2645
0
9.95331
34.3661
4.6697
15.3417
0
0.114415
26.3361
0
0.273812
0.752352
0.00668551
0
48.6182
0
0.821252
13.0316
26.7779
18.6263
29.2176
3.29065
29.3481
4.41863
23.5039
0
22.7679
25.1266
0
23.0584
13.7745
19.06
0
2.91567
4.16263
16.9877
12.6314
7.51269
8.83147
0
26.6091
24.4752
24.2823
0.00427566
30.5091
9.69034
31.1679
18.9327
0.668488
0.336904
0.578184
26.791
0.755633
20.9726
0
0
0
0.0775952
15.001
0
0
1.36412
27.7772
0.852202
30.6875
16.7911
1.1567
12.7829
0.548637
13.935
5.47974
28.1487
0.00211236
0
0.38081
0
0.00431439
0.000571469
0.590709
0.016768
6.97704
3.60704
0.868398
18.1692
17.9385
6.42013
10.6584
17.3871
1.13793
17.0798
13.3074
12.9736
17.575
20.3981
29.8566
22.5418
0.146664
21.4795
19.5381
19.8988
16.5719
20.204
3.47084
24.3426
15.0579
0.241181
24.7837
0
0
21.9358
6.69443e-05
1.46119
0
2.17279e-05
0.0293847
0
0
4.75637
12.4787
3.17918
0
0
1.60907e-07
0
1.04828e-06
7.17559e-09
0.0582211
1.75978
0.0876035
26.9134
1.27085
25.5072
14.524
0.516626
0.369256
6.70364
29.5968
0.332372
0
19.5147
5.48615
25.3187
35.8665
0.0105926
1.35629
0.20616
0
19.3863
18.964
0.709822
0.114416
0.552829
2.33665e-05
12.1167
1.15455
13.553
21.8321
8.37478e-08
3.03498
4.40909
1.37493
0.0191059
1.65485
10.5161
0.0218767
0.221473
1.21501
14.1379
52.4911
3.68642
5.71926
28.7288
0.189892
6.61925
14.282
0.716753
16.5979
0.667048
2.4878
0.111944
2.37395
1.82755
6.36889
11.7035
7.77612
2.19824
0.36439
0.623052
7.18307e-07
4.25783
0
0
0.0967173
0
20.2495
8.79518
0.988376
13.8104
0.0950531
5.99865
1.62247
0.653415
2.21319
2.71165
0.0374709
0.593843
30.5368
29.2107
22.7349
26.0339
14.7025
9.07169
0
7.26181
13.9709
0
9.63368
0
1.52261
0.136004
6.11204
3.38121
0.838977
2.14616
0.491771
0.00225853
7.31566
4.47709
3.43292
6.99496
7.62723
1.779
0.5764
1.4093e-05
0.00405578
0.33936
14.0787
0.00189069
0
1.22881
1.29874
5.18508
0.0703713
1.68876
0.182352
4.62197
3.59019
0
8.23271
0.0361502
25.3586
0.429534
1.32137
22.1012
16.8629
0.807639
0
9.58642
30.9531
1.68215
12.8299
2.19824
2.88731
1.69528
1.02012
2.5749
2.40534
2.41285
22.1019
16.5927
10.1991
2.6737
5.80853
3.2594
3.73539
13.1815
8.79637
0.0111045
0.000101753
0.00676877
0.90913
1.35924
0.0136206
13.0671
0.105248
31.7505
0
0.629181
0.654338
1.1516
0.584315
10.134
0.542066
0.717724
29.0695
10.4537
4.90701
10.7901
3.19772
0.560339
1.35981
34.1141
8.72405
7.34075
8.05845
0
0.288695
4.60181
6.21528
0.869185
0
4.89035
1.53589e-06
0
1.31065
0.186031
0
0.325826
0.00231915
7.73864
2.34211e-06
2.30157
0.00608746
52.3178
1.40561
0.000195059
1.08372
16.8316
0
2.26423
36.8693
0.000639922
6.97046
27.9452
3.10705
2.61642e-07
45.7816
0.660242
1.17326e-06
2.59983
0.129906
0
0
3.70965e-06
0.979907
11.0225
0.358516
5.81355
0
0.898891
3.23142
15.0447
0.559357
1.4142
0
1.12518
1.08177
0.945938
0
13.8791
0.555975
7.35537
0.516481
0.0642543
4.03831
0.484903
0
8.55771
4.8774
2.34918
7.64173e-08
12.2106
3.84467
1.26472
32.2918
18.4219
11.3323
0.781441
1.26284
1.47946
0.00850705
0
1.00712e-05
0.203225
0.721246
1.48012
23.426
8.53461
0.87379
2.61798
1.66869
0.000486974
1.38848e-06
0.0534508
7.45837
0
1.28229
0.245605
0.65329
0.986621
0.0834493
0.106799
0.000117425
0.623239
0.00501636
0
0.012844
1.65315
5.83224e-05
1.27815e-07
6.06786e-05
0
0
0
0
0.135873
0
0
18.2455
6.99555e-06
2.26998
13.34
0.00393869
0
37.7779
2.71628
5.52359
0
1.06017
0.00352426
0
0.220556
1.15916
0
0
1.69507
1.76738
0.00165196
0.00079611
3.60817
8.01379e-07
0.86287
21.878
0.047457
0.0612583
27.9162
0
0
1.50455e-07
0.000552418
4.27622
0.0433226
0
0.208186
0.933521
0
0
4.45965
0
2.53786
12.0998
0.0773444
0.0570854
0.0313083
0.139928
0
4.88376e-07
0
5.47988
0.278812
12.9961
0.244788
0.887941
1.27865e-06
0.00709865
0.3108
0.0242562
0
0.000517601
0
26.2646
0.028819
17.6776
1.01288
16.587
20.2157
1.03163
10.4286
17.8245
18.0189
0.650764
0
1.5225
0.00333908
28.415
0.143828
0.820267
0.778551
0.00232891
0.0301761
20.8624
19.0051
0.000283852
1.17798
14.6368
2.85294
8.11823
6.30438
4.18141
18.0548
13.0771
24.1514
0.000512992
2.02142
11.0675
0
11.8268
23.7329
19.5015
15.1723
4.90836
6.01841
9.77306
17.5487
10.7519
12.1157
17.228
8.9125
6.2147
0.358927
7.65628
4.99068
0.702955
0.52969
0
0
3.16062
9.8135
5.35399
0
2.22374
0.000541239
0.0010517
0.603491
3.24943
2.43867
2.17517
0.532799
1.45151
1.81434
6.55956
3.96445
18.9319
0.155357
0.236485
3.87134
4.28609
4.23943
1.34557
2.36287
0.314868
10.0617
1.27093e-06
0.000240928
0
0
0.623938
0.0213432
4.40481e-06
0.295345
0
0.0912251
2.30204
0.000120396
0.309465
0
0
0
0
0.814711
0.970294
0.24044
0
0
1.0046
0.152349
0.000983862
1.02121
0.209078
0.679078
0.183521
0.000686143
0
0
0
18.8879
0
0.692527
0
0
0
42.5817
0
0
0.242578
0.0106069
0.91108
24.7936
0.0326389
2.49173
1.51867
0
0
3.53989
1.57213
6.14301
1.69724e-05
1.28362
0
3.18525
8.4785
1.73155e-06
7.08783
5.22519
3.32081
2.436
6.49999
5.75694
2.62518
9.21216
10.1216
10.5058
17.2302
0.000818044
0.0473186
14.6841
7.85301
8.33763
9.05586
13.8212
7.48935
3.15888
9.16467
12.9956
17.5023
5.50682
9.03404
8.43025
11.8082
21.8177
10.9779
0
8.28983
0
13.6218
14.315
8.78464
6.50663
10.8673
13.3097
15.4706
6.62853
0.819432
13.4296
13.8576
6.66772
9.25889
8.41282
10.1269
17.4383
10.922
8.36007
8.53109
7.91373
7.52245
0
7.46656
6.60201
2.87171
0
3.67544
5.13802
0.00661539
0.976979
2.81101
0
2.52993
0.895316
5.12592
2.47552
10.1045
0.19964
0.941532
1.65031
0.0079594
0.212523
0.574672
30.41
1.62758
0
0.539082
8.1153
0
0.46197
1.63257
3.06648
0.0331727
0.598416
0.0473936
0
2.34799
0
4.49489
5.4994
0.596828
1.16211
5.62528
11.9734
4.10636
23.2594
9.71358
3.14749
15.3579
15.484
7.39665
13.5639
12.1835
33.4425
17.1884
21.7464
16.7538
0
14.9423
13.1454
9.95154
0
18.2373
0
17.6602
5.80457
0.0233997
6.24773
7.19831
13.8573
0.161655
16.0531
4.28875e-05
0
10.244
6.67194
5.46299
0.0014015
3.31426
1.43415
0.25701
1.93286
4.42132
0
0.883841
22.0251
0.0725766
0
9.14727e-08
0
0
0
0
1.38968e-07
9.3107
0
0
1.91528
0
16.9002
24.1982
0.0756197
0.0074021
8.34728
4.77264
0
6.88546
0
0.657964
0
0.0685614
1.96835
1.90019
0.808541
29.0405
3.03487
20.0324
0
2.28192
0
0.322126
0
26.7833
0.3809
0.00100534
0
12.9989
0.060016
8.19694
24.6731
34.5919
16.3047
13.0841
19.8889
3.06923
10.4332
8.24918
6.53405
2.27159
16.039
1.14599
0.000203706
5.05484
3.15993
4.28441
0.269267
32.5214
1.17529
1.9907
5.15213
23.8947
11.7476
5.22707
3.82145
5.79621
11.3296
5.04767
4.16123
12.9299
0.410842
0.0123454
0.102946
1.81152
0.0185866
0.231295
4.40283
39.5973
31.6418
24.1962
0.406849
9.84586
9.86642
0.702229
22.4421
3.40311
39.7444
2.93296
1.16379
1.80338
19.8711
27.2569
2.94828
13.3842
28.2253
0
0.0231532
1.17216
0.0538316
6.14986e-06
0.690913
0
0.00164016
6.37872
9.91382
18.2017
1.53415
29.007
0
0
0.105724
0.118334
0.0403169
0
0
0
6.73876
4.51687e-08
0.411759
19.9209
0.451049
10.9296
1.22196
5.15363
0.244731
0.191605
7.03306
13.5118
0
1.78893
1.41519
7.45583
0.028214
26.6803
28.8679
0.285103
3.33814
15.4076
0.125472
0
0.0384391
0.00566346
0
0.000291249
32.5276
0.000400386
61.4169
45.9465
21.5277
0
0
0
0.897016
0.00244141
17.52
5.67929
17.7609
0
12.9372
11.1044
15.0724
4.29469
4.75914
5.6611
8.77007
0.0636184
0.349287
0.0515074
0.0161226
1.76288e-06
4.90715
0
0
0
0
0
1.98678
0
0
0
0
1.47895
0.54186
0
0
14.4072
0
0
0.036396
0.00582896
0
3.62829
16.7156
0
1.92678
1.0252
0
0
0.219375
0
9.7309
9.78199
11.4928
8.06591
6.25131
1.00036
7.14837
1.30152
7.78404
23.765
22.339
4.63392
53.183
36.5541
40.8369
17.4172
19.6526
35.798
24.333
12.2849
14.1158
12.7194
12.5477
14.4041
11.3842
8.97157
8.10618
11.887
6.32002
9.62522
2.8486
13.3018
12.3424
11.1513
7.079
23.9505
4.03117
2.72009
0.879259
1.14517
0.000269766
0.00330582
0
0
1.43706e-06
26.4614
19.8019
0.850563
7.1303
2.18032
2.69341
0
0
4.44852
0
13.3483
1.63317
0.352651
0
5.46199
10.4159
1.39475
17.3619
18.2697
22.7365
17.9771
0.892751
15.7944
0
11.2872
27.3285
8.46047
32.447
10.9618
15.8653
11.5315
8.66153
8.14232
9.81885
23.0782
20.4374
8.77494
1.48934
8.78829
1.67482
6.7882
14.934
15.0278
15.7355
7.7326
14.3129
22.2176
20.6789
25.4555
12.9975
21.0002
29.3761
31.2783
24.7585
18.5973
23.0415
23.7618
0
0
8.3503e-07
2.2217
1.14481
4.0943
1.96155
2.8556
3.09467
7.37322
14.1297
16.0044
20.5066
2.2876
16.854
12.5685
8.10871
2.15674
1.14851
4.76449
9.10339
2.39714
7.45511
4.66524
2.22099
4.49342
4.57773
4.35289
2.77096
6.96529
22.0662
6.22802
8.43934
8.95574
10.8
5.29128
8.11939
21.2918
11.2712
11.0493
39.6748
3.53905
3.1101
0
0.910534
0
5.49266
10.8363
11.0648
11.0734
0.0515728
10.7106
17.2121
16.4452
13.0288
19.143
22.6816
22.1586
31.2224
0
0
0.218767
32.9784
27.6329
35.9121
1.66146
42.0301
2.93874
6.21639
8.51393e-09
1.46962
0
3.74252
32.4313
0.83323
5.58243
62.9569
49.0652
19.0747
10.8637
0.00769238
23.4995
11.3828
27.769
6.16846
13.1071
29.2083
27.6815
29.3868
31.0606
18.3126
10.9432
16.1067
21.4847
11.0551
10.9358
15.0095
15.5911
17.0637
7.41795
19.4212
7.30998
22.9083
9.35799
11.0066
16.5313
5.39916
23.379
19.972
19.4712
27.0177
0
13.2041
0
9.32047
9.51055
25.1914
18.3246
13.6802
13.5997
16.7025
10.9889
13.862
8.49925
7.94432
11.213
3.1213
15.7106
10.561
7.21347
10.516
8.76975
6.6882
6.64104
6.47308
10.1898
0
9.55557
9.94295
16.8652
8.51536
13.2971
0.806201
1.89879
0.000959534
15.136
16.0184
9.79803
0.715101
14.3602
18.3115
17.1087
12.2447
5.28842
6.6912
9.70115
18.8129
2.7228
0.728221
0.00273458
5.04148
15.0598
4.11066
2.26968
0.718051
1.32224
1.7233
0.981247
0.0818482
0.990978
0
6.19854
0.000196209
0.00563448
1.10039
11.7247
0.820285
2.25243
0.0204658
0.0228955
0
0
0.767013
0.0168737
0.703578
1.68874
0
0
0
0
0.266811
7.24026
2.89949
1.94105
2.95871
0.0695313
16.1226
0.105759
1.8527
0.0335088
0.0210352
0.879183
0
4.17913
0
7.77145
5.05554e-06
9.91971
1.07926e-05
12.2002
0.0141722
0.665783
13.3604
0.456156
17.8595
8.36549
14.0811
0
29.3245
0
1.42307
0.0134046
0
16.0845
17.5413
0.0684968
0
18.785
0.254072
0.000465892
4.73651
4.84162e-08
3.30444
0
3.53428
0.405058
2.98427
3.09087
1.80697
0
7.1902
3.17213
0.0918539
4.566
7.42639
2.83992
13.3917
0.187044
14.6272
18.2801
18.8938
11.1647
0
0
0
13.336
15.6135
0
0.105399
0
0.0103635
1.64447
0.0461593
1.15212e-05
0.787496
0.165323
8.42345e-05
0.234046
7.30773e-07
0.029341
0
0.471631
0
0.969237
0
0.261062
0
0
0.250129
0
0
0.000705635
0
0
0
0.0678034
24.5112
30.9703
28.6155
13.4416
20.7424
1.8943
2.25691
0
0
0.879034
1.08927
14.4719
1.71385
4.9375
0.0345555
1.67736
18.3346
40.1697
31.2435
14.2575
14.351
8.90454
20.7634
17.8688
4.70863
2.64022
7.86253
2.21206
11.3292
7.50084
5.25373
20.3921
14.3906
6.59704
20.6554
1.34297
13.0614
0.661688
20.7732
0.323453
39.1807
31.426
2.15955
0
0.0630951
0.0122877
0
0.986203
0
0.407089
0
8.80959e-09
0
13.1348
0.822616
18.0146
1.60242
16.2698
3.66506
3.67082
13.1416
19.7325
19.1873
1.05159
0.0391803
20.3595
21.8672
30.3616
36.6578
21.8999
48.448
31.0015
0
22.7909
0
30.5258
15.1866
23.9615
9.2962
0.0909134
27.0885
11.2467
25.7049
3.09658
23.8524
30.7771
14.0215
4.35996
22.1454
16.4781
11.4129
26.3412
0.479
2.46799
35.1449
2.43982
1.0974
32.1681
0.00383308
13.503
0.843753
0.0377391
0.0973014
0.485709
5.36516
0
31.3423
99.1532
31.2321
11.5343
5.08212
9.73746
7.54313
5.05385
0.0464157
1.10184
4.35129
13.781
18.4083
25.6028
27.4084
17.7038
21.4596
10.339
13.5208
12.9132
4.14356
16.0822
0
0
0
16.0716
0.890408
9.36752
28.8575
2.72665
0.104118
0.131458
2.20887e-05
0.338261
0.384288
3.07206
0.457796
0
0.515959
1.09744
16.6798
2.31903
1.09099
8.47631
5.77835
0
17.7333
0.457922
2.13319
0.860229
6.19846
0.53853
2.30506
3.49087
3.13514e-07
1.96065
3.78169e-07
0
0
0.000256556
0.000507748
0.00791531
0.00912502
0.0318889
0.501965
0.679595
0.00824946
1.71364
0.764415
1.00653
2.30599
9.54424
7.90807
3.89608
0
1.77228
20.3669
0
0
0
0.00383077
17.394
0
44.4435
14.6702
31.9581
10.0281
7.18092
3.89641
12.9817
1.33621
7.3729
16.1014
3.07971
10.0776
10.2331
1.16834
0
5.98887
0
6.71893
11.6126
35.4008
13.3303
16.284
28.4606
0.566469
21.0504
4.60398
11.2257
10.1893
8.08836e-05
9.17935
1.05173
20.4847
8.50315
0.643412
7.80848
4.06815
3.30019
1.42082
9.3557e-06
2.09311
1.35235
1.26488
1.7801
9.2068
0.0105147
8.88695
5.31219
31.7186
20.3426
16.8832
23.5142
10.2634
7.95269
14.9905
26.8844
23.3638
25.8435
10.1547
11.5538
16.1685
0
4.62593
11.566
22.7859
13.3056
4.55273
9.48341
5.87462
4.59617
14.9638
19.3285
12.1559
16.9027
16.946
6.92521
8.93352
17.4646
6.39136
6.00984
13.3901
9.83856e-09
10.3623
7.80315
3.05251
4.8572
15.8004
0.0018832
9.81784
19.0985
18.294
0
0
15.6334
12.5219
20.7746
15.4709
2.17912
17.9181
13.6125
2.37712
17.2262
21.6073
20.5341
3.40867
17.2305
39.4119
37.3467
13.5761
43.5682
8.86065
32.2484
25.7671
38.5695
42.4509
0.287567
29.1462
26.0914
28.7997
11.2344
20.9
23.8491
25.7843
30.7855
0
50.226
19.3395
26.8175
0.000159227
11.4981
16.1048
26.4018
23.2741
11.448
17.4698
23.9581
1.86941
0
2.36533
0.0407219
26.1403
0.555699
13.5181
22.4146
37.8488
28.816
23.1951
0.282748
33.4872
0
30.3711
18.0548
37.8305
30.7701
12.3791
36.8714
53.4613
5.26604
32.9101
27.9675
11.5211
21.6154
0
16.826
10.5867
31.9187
0
10.6154
8.78303
16.3631
4.92434
3.29299
22.9761
11.3803
0.00306968
5.62338
6.8171
6.27124
17.8381
19.963
0.00728232
9.68008
7.17437
6.22105
4.4149
1.23253
0.494469
1.70326
0.710859
9.42411
5.2213
13.8103
17.6983
11.9725
15.9682
1.23673
3.61293
33.2881
1.3004e-07
1.94942
2.44881
5.20298
0
24.1984
7.32216
8.417
18.051
9.69289
10.6646
16.8386
20.1683
19.4432
12.3095
7.04452
12.4342
12.5729
9.5068
2.51036
24.6598
24.4814
0
19.2152
3.65242
19.5682
8.5403
2.45107
17.9054
9.64053
27.3055
14.1533
15.2379
29.1278
8.4911
24.3653
11.6186
18.7104
12.5577
5.4208
25.007
24.8704
34.2368
12.8974
1.42352
7.14349
23.4044
29.6054
48.1537
20.8885
13.3911
16.8329
7.43106
10.9814
10.6316
0.045215
9.03777
0.687411
6.91554
15.4569
5.30083
0
5.03373
11.2319
12.2927
9.66667
12.8082
6.04556
8.78753
0.421166
11.7474
20.5127
3.68468
9.33066
12.0559
4.57472
11.7874
6.55829
11.1942
6.12093
0.963722
23.6909
14.139
11.0253
19.3542
5.80414
9.11719
0
5.40907
0.166798
4.677
1.16753
0.0394939
7.46322
1.24796
1.55652
15.1633
1.01556
9.90738
0.00359293
6.74982
3.93258
0.387125
7.02398
0.599861
3.02324e-06
0
0
2.41043e-06
10.9557
12.1732
35.0646
17.1
16.3243
13.6595
12.3996
2.16734
1.34006
1.62364
18.4039
8.81685
0.273987
7.34057
12.78
0.146257
4.06948
1.10473
2.38877
3.31761
0.122073
1.48194
0.0335527
0.607225
24.5525
2.05375
0.275463
0.758277
0.0159593
0
11.3512
13.5234
8.47551
0
1.02222
10.9232
10.7077
12.4658
11.8993
7.25277
7.39362
10.2031
7.3363
27.2863
13.6321
0
13.4289
18.7847
10.6322
6.90318
0.0020835
8.23131
9.2938
18.5489
1.47156
6.90308
3.65556
102.436
8.39345
23.8602
5.39641
119.73
7.70388
6.19429
3.19254
6.5811
5.71998
6.90278
4.64267
38.8661
3.89519
13.8772
5.41901
7.09054
4.20859
26.0467
16.1205
8.67716
0.372052
0.0391529
13.91
14.5164
0.0168888
0
0
0
9.93368
0.731379
0.00142695
0.0450432
0.533226
1.36599
0.000104872
0.255003
7.24767
0
8.16525
10.8984
0
0
5.08986
1.24643
16.2134
0
1.52717
0.0958042
0.957183
1.15628
0.0101207
4.81803
0
1.03218
17.925
9.10628
0.0213025
0.0265133
0.447379
0.0188965
0
0
0
14.9847
3.78369
10.567
0.240917
6.41699
0.348793
18.9249
5.57124
11.0325
6.04473
4.70401
4.31665
14.2973
1.28071
2.02572
4.66429
5.06106
6.16238
0.419073
1.14413
15.7788
34.1267
25.3584
29.3309
10.0546
0.443795
6.48048
0.176086
1.26492
7.66267
7.24929
10.3107
6.58888
8.53967
8.1874
29.2923
0
6.88747
16.6628
16.7929
24.8974
12.8244
8.61969
21.6225
16.5142
8.15236
15.7436
18.991
15.239
24.8646
15.5488
16.3417
1.50554
17.5831
14.3781
8.14126
0
0
3.02198
7.14274
1.01581
0.0128726
2.86965
18.0954
21.8307
4.0988
6.38243
3.51251
4.24239
13.1032
7.21553
5.95334
0
0.751898
5.3331
3.84719
48.5817
11.2546
36.5979
18.8488
14.7844
11.697
4.68906e-05
2.8277
7.51346
8.94277
30.282
18.4416
18.334
0.00203161
11.8786
12.9751
0.974068
10.9755
2.07958
3.89509
1.0649
33.7595
26.5909
5.65097
0.000877169
16.4207
23.7086
0
1.8439e-07
4.95667e-07
0.00305954
0
0.00024865
13.2588
1.21202
4.04546
0.239788
1.34702
0.124299
5.39882
0.247941
7.43288
3.16187
3.29861e-05
11.1734
1.19351
0.00133988
0.0044296
9.07015
7.5858
0.103721
0.000564798
0.847756
6.83504e-05
0
1.58027e-06
0.00180454
0.0271495
2.73878
2.45839
3.35069
3.04378
0.0912665
0.511713
0.00597136
17.1218
4.01842
14.8747
23.5519
6.20912
1.3492
8.79352
24.4533
11.4027
9.36889
19.0767
1.37765
0.968983
5.65033
0.10106
7.40094
12.4105
4.77448
3.47847
1.57985
2.15469
1.58887
4.11274
24.1875
0
0
0.00356188
0
0.00229912
0.148486
0.202372
0.664777
1.95263
0.321854
0.0210457
6.02317
0.00552008
0.999249
0
0.683565
0.000837575
18.1116
5.32044
8.20035
11.02
28.2209
18.242
15.1708
2.58542
5.42326
24.8802
15.3496
0.442931
7.37432
28.1548
2.14654
0.448069
13.0775
1.44114
43.3933
15.7964
13.8921
19.4737
13.8054
6.1777
11.4767
0
3.18551
0.0997724
5.50264
1.90475
0
26.1635
19.5626
0
10.0097
11.7645
12.4917
21.4756
0.116069
4.91497
18.3287
21.0591
14.5805
18.3682
18.9704
5.01412
7.34535
4.2816
1.52955
0.597167
3.6512
8.4579
0.117846
0.101371
0.145902
1.23977
0.0632093
0.748876
0.085865
0.754273
0.632701
0.00270345
7.47306e-06
0
0
5.55614
0.497571
1.79426
0.0144016
0
0
0.519388
0.0387154
0.964611
1.1048
0
0
0
0
0.344421
2.14054
2.0168
2.09399
7.4736
0.884327
8.82466
4.26872
5.13866
1.65488
1.41738
0
0.196983
0.102527
12.3618
0.0161836
1.39662
5.40165
10.0171
0.980547
6.81455
27.7906
13.6016
18.2009
8.25397
9.8823
23.9011
1.6703
18.5477
9.14746
0.344152
0.366323
8.20466
2.40436e-06
2.07841
13.7939
0.177541
0.369996
0.330498
34.961
0.770964
0.413618
0
0
7.05601
0.746428
0
0
0
12.0279
53.1441
26.8968
33.0731
0.760403
28.8943
16.0013
0.716034
12.0806
13.4899
7.98532
8.62614
0
0
36.3869
0.985785
0.106081
0
0.293211
4.31428e-06
0.00332198
25.359
0.00354321
0.796523
19.1984
0.259474
0.571178
0.000438377
0
9.50823
22.1506
0
0
0
0
0
0
15.8604
0
0.766305
6.47897
0
0
3.00005
0
0.014008
1.11328
6.56571
3.94247
0
0.000145002
0.117083
0.0235731
31.6454
0
0
0
10.4358
0.0514677
0.447513
0
1.45782
0.978523
1.39237
0.599748
0
0.0082237
8.82598e-05
26.3971
0
0
21.1252
0.539922
0.234581
7.83431e-05
0
0
0
0.267314
0.389134
0
0
0
0
0
12.8068
0
0.74295
0.196764
0.20126
0.351741
0.944006
4.24851
0.191756
0.673544
0.392426
1.01491
8.34745
15.6765
5.66108
4.35597
2.00776
0
2.21413
7.59667
5.89327
2.55351
1.27123
2.53374
2.61427
31.2796
2.11082
1.11988e-05
0.000100379
2.30346
0.627602
0
2.97559
0
1.03535
0.392466
0.64134
1.43671
4.68937
0
7.30782
3.26151
0.259184
5.39588
8.93138e-07
3.02443
5.7682
3.28025
3.87398
5.54756
26.3492
0
0.490843
2.16391
0.654999
56.3063
1.59784
0.063959
5.23762
0
0.000419041
3.16729
31.9533
0
2.21359
39.1774
0
0
1.77667
0.230341
0.0535054
0.0276562
0.0346919
4.35652
0.0033897
2.11809
1.53201
0.943633
0.0305557
22.1206
2.29886
4.23907e-05
3.79485e-05
0.0720483
0.791535
0.809886
18.3413
5.03388
2.07387
0.0195392
7.12709
7.42173
7.92179
12.3947
0
20.0208
16.0509
16.5877
15.2687
0.00595902
1.59166
9.342
0.650922
17.1814
1.95534
0.454573
15.3587
0.00300215
0.00215041
0.166689
0.0564606
17.6422
1.72241
1.39755
20.9466
28.9254
0.80007
25.324
7.83836
8.65261
6.57522
3.39344
12.0871
25.2161
4.11706e-07
2.26637
16.7961
17.7347
0.535562
4.56224
22.3888
11.7923
21.0829
18.3858
33.284
16.6318
25.3512
23.9895
0.874162
13.8448
0.010268
4.2728
18.1148
7.20852
8.67822
1.91061
0.761015
1.78926
0.228024
1.54373
2.67001
0.00221328
0.13523
0
3.8796
7.20544
0.0206424
0
0.773272
0.0088273
1.9094
0
0
7.3281
28.581
2.33265
0
0.480637
12.0776
0
2.04085
11.7673
5.35626
23.011
8.58925
27.7455
0.321688
2.38153
0
0.00682488
28.4235
0.103444
2.61594
16.8613
0.520494
0
26.4411
2.82119
0.0606539
0
0.458285
14.7456
2.7597
0
14.7322
3.28402
2.20976
32.4027
8.8434
5.17531
13.7255
7.8183
7.11521
4.84202
2.27896
1.9996
3.06289
3.89559
6.88699
3.3256
2.51364
26.5896
0.0104605
15.7098
9.05426
1.15684
8.48317
24.691
12.9017
9.54853
0
0.00378499
0.072214
0.0365056
0
0.00235057
0
0.494696
0.0697639
0.0465329
0.147316
0.201264
11.2817
9.01674
0.0295342
28.6526
4.79919
3.63959
13.2884
5.19902
11.5632
1.79571
18.0829
4.09377
13.3395
11.9399
6.95203
9.99755
3.77505
6.18478
2.93952
2.60958
16.0459
38.4861
4.14355
8.82689
4.42627
5.88975
1.98085
1.80152
0
0
0.637294
1.03779e-05
0.550357
0.450586
15.5403
0.737225
0.455684
28.4525
14.0721
10.1512
11.8704
22.6167
3.47544
0.00517809
0
0
0
0
26.0684
0.0028141
0
1.58666e-05
42.5048
31.2342
3.53947
3.93327
4.60563
1.7763
0.0959185
0
1.88185
0.383987
0.00155853
2.88885
0.657577
2.99435
1.66092
0
8.8275
0.972115
0.0706926
3.33321
7.18653
4.43487
6.3183
13.8811
3.52317
4.00801
2.39333
0.402805
1.33395
2.73681
6.78306
1.00681
2.23879
0
15.1742
6.44592
0.0212365
20.0483
0.421713
13.8519
0
0.722408
13.2136
