0.880176
0.731297
0.382528
0
0.610079
3.88211
0
0.128877
2.01431
0.674198
1.25422
1.38637e-07
6.02327e-08
0.86097
3.3032
5.13007e-05
0.0114737
0.985146
1.43786
1.07849
1.35058
0
0
0
0.000744941
1.23533e-05
1.06019
1.00265
3.54904
0
0.000206911
0
0.7901
0
0.00545098
0
0.000232519
2.92118
0.0559666
1.32177
1.6167
1.02715
0.0195861
1.7463
0.0502604
0.0618673
0.00024143
0
0
0
0.0776126
0
0.292358
0.0265182
0.0186594
1.76636e-05
3.45149
1.12798
0
0.000480226
1.62081
0
2.93918
0
8.85337
0.551711
2.05165
1.20468
1.37357
0
1.77665
0
0.000457124
0.213433
0
0.174701
1.36506
2.29125
0
0.105118
0
0.903365
0
0
0.165474
0.0583458
1.40267
6.83733
2.06858
2.85406
2.81363
0.0161977
0.00531995
0
2.03594
0.562735
1.00957
0.370848
1.05659
0.553548
0.842065
0.159661
0.259024
2.07548
1.65457
0.0404393
0.756688
0.260354
0.000162079
2.31661
0.906145
0.101702
1.39864
1.1036
0.387281
1.01685
0.280457
1.14842
0.256836
1.5603
1.1405
1.43943
0.0609163
0.13572
0
0.132
0.30863
0
0
0
0.964065
5.94265e-08
0
0
0
0.0108927
0.424348
0
0
0
0
0
0
0.396674
3.02972e-07
0.00618116
0
0
1.32743
5.43261
1.21708e-05
0
2.65531e-05
0.134383
4.97383e-07
0
1.68795
0.570256
0.0197209
0.00209461
0.0972339
2.47141
0
0
0.908763
0.0860082
0.178234
0
0.00604499
1.86994
0.979414
0.359326
2.84325e-06
0.0640999
0
0
0
0
0
0
0
1.19472
1.58949e-07
0
0.980969
0.713861
1.0927
0.183027
2.61345
12.4537
3.5185
2.30848
2.71787
0.721745
0.992224
0
0.684526
1.44698
1.66529
1.74745
4.39925
3.21668
3.62541
3.92011
1.34741
0.171354
3.13895
0.0390822
9.0804
0.0465807
10.0603
9.58078
0
5.61281
1.30624
1.96232
1.67736
2.86772
5.65545
3.35706e-07
1.0377
6.82352e-05
3.28408
0.775334
1.53955
2.80281
1.57378
1.86751
0.996423
0.728631
1.39562
1.44322
1.27374
2.71017e-06
1.21913
0.454047
2.53218
1.1355
0.0373945
0.987991
0.0154529
0
0
0
0
0
0
0
0.0163947
0
0
0
6.52864e-06
0.0584074
0.0950063
0
0.0249414
0.662077
0.11811
0.787666
0.05196
0.00272529
0
0
0
0
0.0208534
0.000464216
0
0
0.186388
4.36492e-05
0
0
0
0
0
0
0.20585
0.0272548
2.52441
0
0.162386
0
8.56829e-08
0
0
0
0.680816
0.750922
0.00140275
0
0.334865
0
0.0185048
0
0
2.17206
0.107106
0
1.20695
0.00624533
1.39548
0.575999
0.0725741
1.85686
2.34294
0.802896
0
4.09192e-08
0
1.15244e-07
0.0323169
0.00287228
0.048387
0.00270023
1.00074
0.999328
0.133888
0.0248191
0
1.17758e-07
0.112363
0.0117307
1.86011
0.743878
1.27811
0
0
0.327416
0
3.01611
0
0.98412
0.0552947
0.00418747
1.00459
0.649999
0.0113814
0
4.42073
0.567485
0.816769
0
0.00478523
0.0988528
0
0.0364715
0.571222
1.05869
0
2.43945e-08
0.276751
0.000263455
0
0
0.554844
0
0
0.00170086
0.0839964
1.81784
0.833792
0.0202314
0
0.196267
0
0
0.201351
1.20178
0.00344872
0
1.1273
0.00048748
0
0
0.0241278
0.180048
1.02561
1.81154
2.16031
0.205741
0.352413
1.66202
2.05513
0.00531471
0.127806
1.27675
0.76672
0.997542
0.902179
0.0525317
1.29132
0.00228826
0.798445
2.19668
2.07799
0.794986
0.218948
2.50288
0.100304
3.17785
0.0631015
0.208399
1.95688
0.377677
2.06157
0.276629
1.34917
9.43129e-07
0.169214
0.0443744
2.55393
0.966835
0
0
7.00876
1.94728
0.559845
0.221715
0.0241185
0
0.135477
0.0872233
0.810129
2.9975
0.81043
0.871017
1.5418
1.00212
0.0700931
0.308387
0.014344
1.03083
1.92317
1.44893
6.3557
0.0325395
0
2.09403
0.393519
0.30331
0.384599
3.6055
2.82924
0.028961
0
0
0.467494
0.175512
0
0
4.01358
0.0315511
2.84887
0.00198341
3.95171
0.915612
0.579302
1.63099
0.0425302
0
0.614551
0
0.844792
0
0.918082
0.630848
0
0.00118551
0
0.732302
0.578307
0
0.520193
0.0172287
0.000205426
0.000169763
0.996117
9.00355e-08
1.8569
0.00012905
0.232398
3.18717
3.28378
0.496998
1.50288
3.2519
0.000901715
2.33703
5.0136
7.75625
0.163198
0
0.0686275
0.068383
2.65228e-08
0
0.00205179
0.0253207
2.5526
2.33555
0.41543
2.67553
6.61936
3.0876
0.0900588
0.68475
0
0.127195
0.0114532
0.855692
0.490147
0.0426537
3.82158
0.179557
0.836381
0.00263328
1.37208
0.761192
0.0275616
0.285495
0.888873
0
0
2.49096
2.19265e-06
0
1.56219e-07
0.00259485
0
1.2549
0.0422371
0.323846
0.0581131
1.20502
0
0
0.527069
1.3585
0.622413
0
0.880592
1.85373
7.22495e-05
0
0.0324733
0
0.0565572
3.51947
3.26502
2.68965
0
1.42705
0
0.127651
3.16613
0.162492
1.89199
4.17366
1.03139
0.806441
0
1.72178
3.4869e-07
0
1.47328
0
0.0848767
0.327501
0.0404579
0.0215337
0.744825
0.721902
0.0825104
0.000122413
0.426126
0.129876
4.3906
0.276653
0
0.275109
0
0.191784
2.43394
0.486853
0.96621
0.00961404
0.533293
1.80573
0.227003
0
1.63518
0
0.44442
0.102659
5.41287
2.34983e-05
0
6.27654
1.63059
0.887468
0.324553
0.087398
0.838193
2.07147
0
0.827125
0
0.0264708
0
0
0.667556
0
0.0290641
0.0529331
0
0
1.24256
0
8.76151e-08
0
0
0.438575
3.73041
0
1.255e-07
0.00393734
0
0
4.62601e-07
0.161838
1.1197e-05
0.00263713
5.3306
0
3.5819
1.85023
0.023692
2.77388e-07
2.17677
0
0.0872234
0.324062
0.000261752
0.40837
0
0.638773
0.530428
1.11359
0
0.776669
0
2.09282
1.47647
0.00323332
0.977291
0
0.057912
0.0155064
0
0.00355489
0
0.805152
0
3.26551
3.13391
2.78487
2.246
0.13492
0
3.95471
0.359842
3.65887
4.27279
0.000339207
5.42199e-05
0
0.209396
0.856688
0.00307935
0
1.37235
1.61727
0.162361
0.00390621
8.55362e-05
3.59112e-07
0
0.985549
0.780326
2.82592
0.899197
2.07742
2.92727
0
0.0173393
0
7.41429e-09
0
0
0
0
0
0
3.32707
0.00453589
0.0226518
0.341047
0
0.706515
0.107759
0.555731
0.178364
6.38206
3.07114
0
0.380526
0.602369
0.454096
0.563
4.02279
1.6971
2.33206
2.85821
0
0.367651
3.1398
0.943353
0
0.0246674
0
0.715994
8.92755
4.34327
1.1908
7.97419
0.929989
0.0337658
0
0
0.138653
0.0275644
0.244612
0
0.00464318
0
1.24576
0
0
0
0
0
1.78856e-05
0
0.030462
0.00494232
0.794787
0
0
0.000877933
0.708137
0
2.50574e-07
1.27228
0.349761
8.49396e-08
2.90782
0
0.833341
3.53879
0
4.16071
7.8453e-07
0.00842432
0.173013
1.18542e-08
0
2.65291e-08
0
0.00457931
0
0.107158
0.0135518
0
0.00639278
1.25793
0.0387913
10.2272
0.0450479
0.0333776
4.01129
2.07844
0.827352
1.38885
0.00447332
2.22235
0.500263
2.18189
0
1.09923
0.123388
0.420859
0.0807856
0
5.02816
0
1.22737
0.84803
0.0187763
0.5309
3.30151
0.90676
0
0.0869663
0.0272493
2.72865
0.000634114
0
0
0.723825
0.000669382
0
0
0.274012
0.240243
0.647188
1.17345
1.80149
0.00262146
0.02153
0.416857
1.33285
1.55201
0.329823
0.0146871
0.428985
0.861801
0
0.00653649
1.68015
1.05117
0.256861
0
0
0
0.0377447
0.91019
0.871202
2.00504e-07
0
0.652424
0.0853826
0.00524686
0
0.424319
0.0833047
1.4053e-06
0.437225
3.25988e-05
0
0.504735
0
0
0
1.51864
0.140355
4.61227e-05
0.00236569
0.102737
0
0
0
1.86946
0
5.57918
0.294153
0
0
0.0560338
0
0
0
0
0
0.309898
0.126739
0
1.14168
0
2.01871
2.35266
0
0.791974
6.97383e-07
2.03217
0
1.30066
2.87653
0.799376
1.38808
0.948255
0.926961
0.133841
1.76654
0.0910081
0.632258
0.0221746
0.0345974
0.000366815
0.0528306
0
0.000430704
0.789641
0.361403
3.34158
0
0.751464
0
0.000106076
0
0
0
4.37702
0
0.573117
0
0.0165501
0.0051871
3.08581e-06
0.214247
0.968318
0.936962
2.03721
2.16243
0.97478
0
0
0
0.968751
0.980813
0.198086
3.50749
0
0
0.850376
0
0.0111996
2.29849
0.223376
3.46982
0
0.0430795
3.50921
0
0.86016
0.654678
5.45007
4.18008e-06
0
1.85094
0.659704
0.613602
0
0.991471
1.0943
0.913565
2.07775
0
0.0641138
0
0
11.5751
4.00609
7.06021e-08
0
0.975663
2.20017
2.01183
0
0
0.00360431
5.56599e-05
6.55853e-09
0.0558307
0.00519065
0
0
1.54168
0
0.0469317
6.66748
0
0
3.00408e-07
0
0
0.10138
0.75043
1.14921
1.81603
0.99052
0
0.936757
0
0
1.30292
1.21591
1.51714
0
0
1.00642
0.815229
0.612914
0
0
0.122712
1.00151
0.709664
4.99512e-06
0
0
6.39885
3.68695
1.61438
0.338773
0
0.0192162
0
3.13179
0.0349695
0
0.00201931
0.000462414
0.0681805
0.0723315
0.398336
1.02076
0.000607277
0.0377845
0.447637
0.00510795
0.92288
0
0.0444173
4.17951
0.929107
0.74204
1.17504
0.0536438
0
0.98306
0.0917146
0.700188
5.25434
0.865856
0.931986
2.98383
0.132563
0.0534819
0
0
1.59424
0.176519
0.568658
0.676319
0.145336
0.480696
0
3.805
0.148655
1.75628
8.22155
7.5416e-09
7.06855
0.0282608
1.05965
50.2506
1.11198
0.605975
0.675683
1.37559e-08
3.29674
0
0
4.6833
0.903005
0
1.00763
0.87105
0
1.42493
0.114085
4.56976
0
0
0
0
0.493553
0.0917712
0.294208
1.81572
0.855336
0.483703
0
0
0
0.190502
2.26196
1.63824
0.943523
0.501083
0.4923
0.779177
2.81881
2.73465
2.6946
2.48945
3.99324
0.597
5.75831
0
0.00414633
0
0.00380941
0.216092
2.54308
0.00373055
2.22121
1.42687
0.0121234
3.37157e-05
1.75954
2.11778
0.383148
0.701979
0.806211
2.58699
0.0214543
0.00915132
0.0316347
0.0722635
0.995842
0.909146
1.7521e-05
0.0365315
0
0.702164
3.43115
1.99231
4.65343
0
0.0259447
0.00304827
3.44315
0.503832
0.418957
0.00716924
2.04886
0.63308
0
0
0.0478637
0.921311
2.72438
0.0869932
1.71834
0
1.17158
1.2636
0
0
0
1.47794
1.34568
4.60734
0.821582
0.683909
0
0.0380763
0.075764
0
0
0.235233
0.748046
0.981949
0.000403622
0.233777
0.568199
0
0.845518
0.00011611
0
0.354685
0
0
0.00409511
0
0
0.00226704
0
0
0.000240562
0.000697471
0
0.405382
0
0.0472115
0
1.25744
0.00143039
1.69246
0.0717442
0
1.43825e-06
0.695061
0.266968
0
0.00675614
0.00166232
6.36685
3.29156
3.56524e-06
1.39514
0
0
3.87878
2.06248
0.890809
0
0.727168
2.72419
0.0665951
0.368377
0.000403347
0.261519
0.0207563
0
0.50409
0
0
0
0.00850942
0.0489393
0.0289747
0
0
0.00572092
2.28181e-07
0.116156
0.299048
1.99157e-08
0.473166
0.256531
0.942065
0.0256404
0.670266
0
0
0
0
0
0
0
0.0181767
6.97362
0.00588478
0.00146789
0.0599372
1.9143
0
2.44651
0.356126
5.61906e-07
1.42792
2.15261
4.95058
2.78783
4.87903
2.13984
6.27869
0.0171851
2.00893
4.83444
4.6359
2.44978
5.50252
0
3.74073
0.323568
0
0.0450326
4.66886e-07
0
1.01217
0
0
0.00340723
0.070211
0.0582008
0
0.000390391
2.81028e-07
0
7.07697e-07
0
0.0030457
0.374695
0
0
0
0
0
0
0.896078
0.315772
1.54606
7.32943
5.40632e-08
0
0.0920372
0.832398
0.0526517
3.42806e-05
0.938008
0
0.188924
0.603221
0.0451327
0.181481
0
0.579926
0.315846
0.497909
0
0.0230306
0
0
0.0195826
1.03882
1.77301
1.40664
0
0.00995386
1.26728
1.24759
0
9.40253e-06
1.75543
0
0
0.000360101
0.000871708
3.1246
0.103586
0
2.14598
0.00359675
0.577966
0.865872
0.143839
0.118601
0
0.607486
0
0.401569
1.75857
0.0141805
0.743675
0
0.077032
0.343663
0
0.010372
0
0.0490691
0.371422
1.56817
1.82096e-05
2.39163e-07
0.112127
0
2.30409
0
0.846513
0.0850646
0.824483
0
0
0
0.0423299
0.426261
2.51392
1.83937
5.18937
0.967054
0.763881
0.224309
5.10686
1.96004
0
0.0024395
0
0.708776
0
0.0109564
0.89113
0
1.04747
0
4.46089
0
0.011246
0.392463
0.398993
0.213013
0.000151035
0
0
0.0505515
0.830618
0
2.25989e-07
0
0.0878149
0.0581704
0.877107
0.0180568
0.00608073
0.137551
0.0162195
0.0261978
0
6.39851
0.002529
2.58864
0.0202025
0.180696
6.19603
4.04692
0.0804507
0
0.396274
3.54878
0.108717
1.46693
1.30158e-05
1.13688
0
1.64841
0
1.00344
0.00121303
1.71374e-06
0.902322
0.239637
0.228717
0.0257577
0.941666
1.58267
1.56584
0.0422485
0
1.67412e-07
0
0.00332335
0.418586
6.04919e-05
0.6735
0.0330022
4.91063
0.114393
0.00156749
0.00512144
0.297006
0.0718786
1.39518
0
0.65496
1.25258
3.97941
0.0391199
1.58152
0.0237349
1.0553e-06
0
1.5722
4.25571
1.83481
1.50776
0
0
1.49845
0.791787
0.0486404
0.0674268
1.51983
0.894525
0.950555
0.00159756
0
0
0.00532586
0
0.0216568
0
8.14695e-05
0
11.5002
0
0
0
0.00634917
0
0.108272
4.15174
0
0.00821897
4.93178
0.178113
0.680429
2.31083
0.00606322
0.00594499
0
0
0
0
0
0.585578
0.0137306
0.000737463
0.797987
0
0
0
1.61195
0
0
0.00925787
0
0
0.754905
0
4.45414
0
1.65454
0.0927629
0.0123672
1.99559
0
0
0.0921136
0.890549
0
0
2.37747
0.173389
0.489705
4.31974
1.9487
0.668214
0
0.104643
0
0.134774
0
0.0580789
0.00187857
0
0
0.480387
0.43953
0.000378943
0.603445
0.00994684
0
0
1.84101e-06
2.43789e-07
0
0
0
0
0.0332612
0
0.0269422
0.0524094
0.000890887
0.500593
0.341396
0.401519
0
0
0
0
0.000385864
0.00280732
0
0
0
0
0.000156618
0.927229
6.26607e-08
0.537264
0.321788
0.0201467
0
1.99085
0.000989628
0.267403
0
0.00500349
0.059785
0
0
0
0
0
0
0
0
9.57955e-08
0.273334
0
0
2.46008
0
0
1.5327
1.09715
0
5.47624e-08
0
1.58079
0.518089
0.276161
0
0
0
0
0.176067
0
0
0
0.722121
0
0
0.000951175
0
0
0.437114
0.177161
0
1.20067
0.919236
0.133293
0.890809
0
0.000193427
0.392015
0
0
0
2.83406
0
0.285916
0.501642
0.349016
4.24969
0.292069
0.0798147
0.00425278
0.587201
0
0
0.794176
0.000144596
1.47381
0
0
0
0
0.00161179
0.248974
0.0030101
0
0
1.99626
0.0967687
0.00243304
0.231144
1.0412
1.08633
0.0447006
0.503593
0
0.60766
0.0358842
0
4.18335
4.53882
0.611129
2.52324
1.11055
0.872008
0.57543
0.0897392
4.67686
3.27997
2.93097
0.442563
0.983778
3.00296e-05
3.23506
0.813428
0
0
8.76643e-06
0
1.12215
1.60762
0.890195
0
0.0416822
0.164247
0.0113568
0.541994
0.443348
1.6674
0.376754
0.704802
1.71471
0.63969
2.36429
0.044479
1.02356
0
0.0238987
0
0.00604839
0.0674943
1.15072
0.0224968
7.76494e-08
0.102325
0
0
0
0
0.853482
1.04579
0.702454
0.0147179
1.02598
0.012249
0.95404
0.845919
0.163776
0.464807
0
0.0548515
0.0557265
0.000401688
0
0
0
0
0
0
0
0.13982
0.0268784
0.7846
0.0543434
0.892766
0
0
0
2.60921
0.672296
0.129095
0
1.37501
0
0.0277497
0
0
0
0
0.0780402
1.54782e-07
0.773054
0
0.00205539
0
0
0.25229
0
0.552242
0
0.0192397
0
0.0346681
3.9791
0.477773
2.83023
2.02204
2.71645
7.86309
2.60825
4.02501
5.14394
10.3864
0.83529
2.93253
0.351258
0.0134412
3.49528e-07
0.235121
1.73938
1.85585
1.07063
4.04159
1.51878
0
2.57167
3.50544
5.08406
2.07755
2.39854
1.84726
0.903016
1.30585
1.89204
0.0797288
2.03389
0.136201
0.207462
2.64775
2.67637
2.9168
0.285582
0.301547
0.837017
1.37003
0.186055
2.21237
0.493682
0.0729478
0.996762
3.63923
3.3794
0.926215
1.07482
0.915985
1.36328
1.02686
1.77839
3.06912e-07
2.06996
0.747177
0.0391039
0
0.831147
0.436086
0
0
0.00701236
3.68205e-05
0.710627
0
0.126783
1.36094
4.07704
0.264288
1.76081
0.0170513
0.0770758
0
0
0.464786
0.193025
0.000291249
0.000271152
1.76166
0
0.00395531
0.00881367
0
0.0103955
0
0
0
0.0266255
0.00620058
0.273416
0.17206
0.417584
0.048539
0.104193
0.0031262
4.03568
0
4.01185
0.787977
0.158694
0.846338
0.0492173
1.43849
0.0519244
1.49584
0.0288194
0.712104
1.5338
0
0.0287747
0.00208673
1.58799
0
1.62351
0
0.000455645
0.0856874
0.0422807
0.831931
1.18849
1.60679
3.98202e-07
0.778262
0.225478
0.173855
6.67074e-05
0.0240071
0.0464487
0
0.0579199
0.0757528
0.000825346
8.22039e-08
0.00260803
0
0.605685
0.000610165
0
0.759586
0
6.51201e-06
0
0.716681
1.31408
0.026957
12.4705
0
0
0.000585347
0
2.86888
2.89287
0
0
0.434123
3.49789
0
0.0650603
0
4.65483e-07
4.07089e-06
0.00805698
0.00185286
1.46615
0.000317805
0.87096
0
1.98989
0.0271642
0.00877751
0
0
2.22859e-07
1.33872
0
0
0
1.39363
0.359856
0.933554
0.0429881
0.478259
0.885142
1.87536
1.96746
0.507832
0.0277834
0.0649705
0.0601509
0.671321
2.59462
3.13484e-06
0
0
0
0.598289
0.00328229
0.785787
0.687138
1.20287
0.0296609
4.76539
0
0
0.000564169
0.0809534
0.657782
0.0394449
0.190884
1.76677
0.000151162
0
0
0
0.00319855
7.40014e-08
1.52604
2.20216
2.76832
4.91606
0.0247068
1.40015
1.17944
0.474522
0.578763
0.841461
11.0369
0.00847492
0.291676
0.11944
1.795
0.097679
1.74771
5.25318
2.19844
0
0
5.16774e-09
0.00127306
0.910095
0.81208
0
0
0.884568
0.156794
3.23005
0
0.456418
0
0
0
0.11911
0.080681
0.471762
0.00488222
0
0.0014552
0
1.21908e-05
3.28975
8.65255e-06
0.989769
0.716736
0.626845
0.717878
0
0.694922
0.0528494
0.429021
3.29241
0.753391
3.81876
1.38115e-05
0.233039
0.80328
0
0.0507147
0.861122
6.58822e-07
0
0.00191903
0.00532766
0
0
2.57702
0.0425785
4.96374
0.540596
3.30156
0
0
0.026988
0
0
0.764906
0.973399
1.49078
0
0.978635
2.09968
1.70429
0.790232
0.117375
0
2.5477
0
0
0
0.0255471
0.588837
1.59697e-05
0.0210128
0.0828685
0
0
0
0.146053
0
0
0
0
0
0
0
0
1.02452
0
0.769848
0.190725
7.30796e-07
0
1.49228
0.348088
0
0.112207
1.53829e-05
0
0
0.842636
0
1.43753
0.165514
0.975114
0.000224007
1.07446
0.410957
0.843869
0.173077
1.28539
1.99618
0.500632
0.00746761
2.10385
0.692432
0.472691
0.0810003
0.935894
0.950618
0.854551
1.63274
1.69339
0.0608588
1.12224
1.58215
1.3576
1.28577
1.84677
0.103161
4.29195
0.395547
1.78575
1.02785
1.38102
0.707407
0
0.759193
0.0142956
0.806331
0
0.777687
3.98202e-07
0
0
0.0222787
0.10632
0.902369
1.01258
1.21866e-06
0
2.45407e-06
0.0696999
0.842248
0.000249063
0.00320674
0.00338129
2.74555
0.0635743
0
0
4.11607
0.270853
1.06044
0.36846
0.117033
0.666944
0.0136647
1.85033
0.764265
0
0.102525
0.950491
0
1.20531
0.000697418
0.320607
0.306976
0.107159
0.183315
3.27812
7.15371
0.781328
0.066924
0.326232
0.484701
2.75577
0.00153385
0.759938
2.76972
0.695178
0.511193
4.78763
3.37279
3.04526
1.69021
1.89667
2.08612
14.9826
8.64331
1.56049
1.87227
0.112037
0.742743
0
0
0
0
0.436342
0.784798
1.74092
0.716557
0.881578
2.36455
2.62435
2.45875
0.793568
0.725421
0.155705
1.35432
0.0587787
0.944163
0.0389119
0.0152679
0.0065971
1.48189
6.72455
0.403078
0.17038
0.555315
0.531691
0.241215
0.0390189
0
0.271084
0.0362833
0
0.903914
1.14959
0.566097
1.68763
0.960655
3.5752
3.63066
3.0067
2.10645
0.397989
0
0
0
0
0
0.282637
1.74128
3.20185e-06
2.88297
1.15652
0.999172
0.023504
0
0
0.0535485
5.29247
0
0
0
8.72462
2.96393
1.98439
2.86408e-06
8.09244
0
0.874864
0.000313235
0.107943
0
0.0250768
1.64583
0.522249
2.46416
1.55059
2.58984
1.26632
0.933784
0
1.21916
3.09097
0.860866
0.147008
0.0873602
0.234959
0.692517
1.37228
1.91911
0.0810438
1.33471
1.5576
0.595512
0.460563
1.48361
2.72909
4.94288
1.03755
4.13747
0.360983
1.50242
4.71962e-06
11.3278
1.1244
2.4846
1.19899
1.35301
2.17981
1.77851
0.0390299
0
1.31298
0
0.0184611
0.0364657
2.32003
0.85248
1.37688
0.0381723
0.0656492
1.3478
0.401985
0.0415839
2.04438
0.211713
0.354699
0.438444
0.398721
0.190513
0.0656983
1.97131
0.873119
1.16113
2.81917
1.42096
0
4.81604
0
0.625518
0
0.239291
0
0
0.00880784
0.361633
1.74319
0.0612203
0
0.991063
0.0127057
0.0372275
0.000132861
0.0718677
1.77906
0.815539
0.118829
1.62106
0.577867
0.851807
0.551636
1.12982
0
0.604684
0.377539
0.407531
0.0250337
0.211456
0.310924
0.0720017
0
0
2.71065
1.39164
0.800826
4.30729
0
0.00116438
0.588006
0.382326
0.60977
8.99299e-07
0.00410148
0
0.196363
0.65495
8.99506e-05
0.000114081
0.0125986
0.869449
0.0294363
2.4554
0.492912
0.202984
1.04575
0.0151515
0.360675
0
0
0
9.94108e-05
2.03162e-07
0.00108519
1.09473
0.018977
0.998706
0.21211
0.141115
0.564855
1.73946
0.889702
0.0963439
1.00783
0
0.290054
1.04073
2.33399
0
0.865972
0
0.00817853
0
1.34213e-06
0.000994816
0.0279563
0.0312594
0.523508
1.45
0.143053
0.743592
0
0
0
0
0
0
0.400955
0.366445
0.00465759
0
0.200079
0.0179433
0
0.169571
3.71779
0.0505996
0
0.324788
0
0.737346
0.320666
0.00168632
0
0
0
9.62165e-05
10.7434
0
0
0.170552
0.00537876
0
0.425839
0.331774
0.00166296
0.00181254
0.941434
3.18459e-06
0.00163678
0.369514
0.00902546
8.37398e-06
2.95516e-06
0.00308075
0
0
0
0
0.229287
0
0
0.0847239
0
0.91018
0
0.059396
1.77864
1.4176
0.687096
2.94986
2.58417
0.521322
4.10072e-05
5.23538e-07
0.00247114
0.00423864
1.04164e-05
0.386118
0.0720339
1.67776e-06
0
0.964851
0.822106
7.41483
2.99608
1.11774
0
0
0.203222
0.0527008
0.00209323
2.01516
1.52604
0.27809
1.07371
0.0213632
0
1.12845
3.63177
0.0467202
0.010291
6.30254e-06
0.985499
1.04281
1.78295
0.000263935
13.5136
16.1144
1.46884
3.39306e-07
0.265722
1.73004
0.00865251
0.033959
0
0
0.371551
0.00512308
0
0.000303862
0
0.616542
0.000594513
0.0169765
1.24115
1.26372
1.67327
0.807108
1.00779
0.196556
0
1.09121
2.3964
2.88828
0.24348
1.23519
0.837016
0.244971
0
1.41428
0
0.352694
2.23937
1.81794
0.0182163
0.753364
0.0870666
3.28327
0.827497
0.00958094
0.248964
0.33802
0.477298
0.571521
0.944787
0.0232333
1.3504
0
0
0.223161
0.967418
0.0407984
0.264026
1.83002
0
0
0.4272
0.129101
0.0170849
0.0084205
2.11394
0
1.85552
0.120999
3.37914
3.33417
1.94545
10.4919
0.0434897
0
0
5.76693e-07
0
0
0
0.00230817
0.14893
0.107017
0.0143313
0.907267
1.36061
7.80899
0.239326
0.50115
0
0
0
0.231656
0
0.825751
1.58007
0.578564
3.58576e-05
4.11903e-08
5.80773e-07
0.379829
0.000518222
0.104197
1.21397
0
0.208898
0.301942
1.02863
1.99024
1.32692
0.583241
2.13647
0.199384
0
0.0134701
1.66485
0.887309
10.1256
0.0475591
0.818501
2.19026
0
0
1.35651e-07
0
0
0
0
0
0.000324761
0
0
0
0
0.00218356
0
0
0.00674096
0.11437
0
0
0.00222463
0.000144179
0.719789
0
0
0
0
0.907176
0.916081
1.12127
0.607832
1.77387
0.00138709
3.13035
0.955181
2.50748
0.0638321
0.089993
1.89684
0.000109265
0.324657
1.02753
0.642938
0
0.460248
0
0.0703647
1.63256
2.38128
0
0.039355
1.11009e-06
0.830933
6.37589
1.2626
5.4959e-05
2.29678
1.11976
2.49407
0
3.39955
0.575907
1.31162
1.15369
2.43403
0.032219
0
0.878749
3.28186
4.03869e-05
1.85466
4.82072
0
2.55795e-06
9.94428
1.29892
0.00265495
0.0978703
1.2012
1.04149
2.5774
3.1564e-08
0.224867
0.0103777
1.56951
1.82016
1.6949
0.813836
0.317378
0
1.44449
0.793404
1.59211
2.70496
0.694502
1.88117
1.20988
0.25182
0.977983
1.17302
1.01508
0
3.00031
1.74486
0.029707
1.73149
2.17385
1.06115
0.449291
0
0.0889605
0.124727
1.39094
0.734398
5.54712
0.697676
3.68887
7.06861
0
0
0
8.62864
0.317652
1.55186
3.06151
0.776169
1.94559
2.01484
1.32874
0.970144
4.65638
2.24881
0.216918
2.47747
2.50367
0.0867617
0.659349
2.80924
0.281422
0.373045
1.60927
1.06986
5.34131
2.76509e-06
4.67219
5.51743
3.41815
0.395467
1.7966
5.69846
10.1357
6.65739
0
2.71521
0.225906
2.64718
0
1.01184
0.189165
8.35878e-05
2.71161
0.68889
0.906885
2.01836
0.0139513
0
0.535381
0
2.25599
0.684478
0.777988
3.12507
1.58896
4.18989
5.73351
9.23328e-07
6.49224
0
2.71758
2.18185
1.19883
1.62656
1.61536
4.59054
3.48178
7.95906
2.36462
1.33403
1.01066
1.64777
0
1.93458
4.36046
0.0706405
0.172484
0.201251
2.53498
0.591805
0.833897
0.164374
2.36456
0.981696
0
0.671803
0.95748
0.623734
0.639642
1.62035
0.00335189
0.0642383
0.417801
1.64253
0.948261
0.370747
0.503421
0.949524
0.0335748
1.04209
0.0371841
0.092905
1.06815
2.1077
1.5167
0.105262
0
1.86953
0
0.000501438
6.7905e-08
1.03373
0
0.00144431
0.928229
0.194385
7.16129e-05
0.122556
1.45139
0.545247
1.60098
0.294602
0.268636
1.10593
0.94158
0.474182
2.26931
4.08599e-07
0.849227
6.53016
0
0.0740376
1.77657
1.77016
0.00508082
0
1.37017
0
0.079138
0.880037
0.314061
0.394772
0.0506569
1.54016
2.34793
2.42547
1.72772
0.867387
0.829996
1.38896
2.95166
1.3215
0
1.65566
1.76323
0.0390795
1.55538
0
0
0.533938
2.02267
2.26647
0.0509314
3.12121e-05
2.35371
0.857595
0.565759
0.0716271
2.62584
0
0.825196
0.146211
0.954852
0.044587
2.0045
0.152913
2.84676
0.228916
0.410816
0.341085
1.01753
0
0.278969
0.384285
0.910232
0.0457961
0.167547
0.132203
0.472071
1.14486
0.188166
1.21203
0.0244028
0.030163
2.57263
0
0.958229
0
0.00094369
1.94948
0
0.0640031
0
0
11.99
0
1.43404
0
1.4671
0.569094
0.148642
1.94781
0
0.942836
0
0.025613
0.0101475
2.13422
0
0.804479
1.34975
2.40225
0.671584
0.78713
0.153721
0.150401
0
0.896314
1.57087
0.020911
6.69281
2.54141
0.0157998
3.53778
0.915704
4.62292
4.06682
8.31054e-08
1.34148
0
0.826964
0.104527
0.000290175
0.085546
0
8.07198e-07
0
1.69615
1.48372
1.21689
0
2.77979e-07
1.0101
0.295956
0.0708508
0.921866
0.00578014
0.00835809
0.943273
0.0470929
1.43117
1.41262
0.000298939
0.875271
0.82425
3.87882e-05
0.87099
0
0.0211238
0.960024
1.13546
2.67542
0
0.0339402
17.9899
0.987646
1.50668
0.019538
12.7192
0.176368
1.01238
1.96776
1.05766
0.958551
0.745416
0.0378813
0.694671
0.0324514
0.0117494
0.0262581
0.939914
0.531383
5.97266
1.50048
4.07809
0.269859
0
0
1.87677
0
0
0
0
2.37995
0
0.549344
5.47589e-06
0
1.05358
0
0
0.906345
0
0.980846
0.693119
0
0
2.65802
0.00125108
0.364673
0
0
0.00041932
0
0
0
5.71388e-06
0.233109
0
0.254195
1.69704
0
0
0.041391
0
0
0
0
0
0.00510191
1.08656
0.00453459
0.00054711
0.122297
0.379527
0.441174
0.77088
1.31302
0.026503
0.49893
1.2285
0.209633
0.125235
1.49024
0.112861
1.30643e-06
0
0.000967517
2.65484
1.07665
3.58957
2.2564
0.190577
2.18256e-08
1.01258
0
0
4.70739
3.93857
0.057749
0.999657
0.0209595
0.0282566
1.53285
0
3.10899e-08
1.01393
0.349874
1.92464
0.00150627
4.01234
1.5304
0.808922
0.191469
0.0351746
7.71178e-08
0.982226
0.519711
1.68052
3.52413
0
0.819439
0
0.00296839
0
0
0.0035556
0.000489277
6.2221e-06
0.0070092
0.062122
7.02105
1.01668
0.0367065
4.14184e-07
0.0452883
0.695786
0.258742
0.397474
1.80694
0.104074
0
0.0524654
0.00949318
0
0.931399
1.46387
0.286505
2.51386
0.821828
0
6.73259e-09
0
0.785809
1.27075
0.652339
0.936704
0.0141602
2.46163
1.28382
0.283094
1.12258
2.09526
0.348959
0
1.31587
2.01163
0
0.000863892
0.89419
0.0636742
0
0
0.032764
0
0
0
2.87785
0
0.0161111
0
0.0168555
1.54372e-05
2.68273
1.08477e-07
3.38345
4.58655
0
2.44144
0.118337
0.35912
3.38165e-05
0.309521
2.91904
0.0588269
0.000104583
0
0
0.0184461
6.39351e-07
0
0.0162847
0.00792863
0.0271606
0.105409
0.178327
0.277426
6.99776
0
0.00385764
9.78063e-07
0
2.48559
0.000839577
0.00655294
0.892033
0.436626
8.30374e-05
2.72257
2.15182
0.319155
1.8175
0.899224
0.175239
2.23728
2.05034
0.453219
1.03408
0.321148
0.000564985
0.0181021
0
3.49911
0
0
0.00499454
0
1.10766e-07
0
0.0568566
0
1.80371e-05
0
0.429167
0.0804595
0.01181
0
0.0540729
0.0887825
0.0258587
1.58997
0.956793
0.0100234
3.80547
1.515
7.77562
2.37189
0
0
0.591729
1.50555
0
0.28451
0.562465
0
0
1.28027
0.236946
0.828937
1.68022
0.737509
0.593462
0.0564295
0.0293383
1.6638
0
0.301985
0
0.961799
0
0.654129
1.01326
1.29518
0
3.39049
0.556955
0.395381
0.794795
0.0302421
0.0113463
1.07729
0.347235
1.34662
0.00672562
5.43803
0.0704775
1.39369
0.00419992
1.73376
0.24971
0.000920327
4.25758
0.0274447
0.0390629
0.0286972
0.0554357
1.51288
0.126062
0.72482
0.116823
2.07903
0.084421
3.11168
0.215553
1.07642
0.0917711
0.00475929
0.00317384
1.01444
0.691135
0
0.0348603
0
0.268805
0.56921
2.98138e-06
2.05995e-06
0.0261358
1.01432
0.0236433
0.460796
0.112444
0.571743
2.98879
2.83096e-07
4.80939
3.50955
0.0262667
1.28569
0.105584
0
0.22491
0
0.035012
0
1.58235
1.96318
1.28203
1.38272
9.72004e-07
0.9933
6.84204
4.45002
0
3.34267
0.084129
0
0.740849
5.67854
0.000143875
6.72667e-07
0.147698
0.0271313
2.93705
2.65669
9.58519e-05
0.862994
0
1.08781
0.928227
0
0
0
0
0
0.133554
1.53388e-06
0
0.755069
1.06768
1.29611
1.51631
0.493603
0.785486
3.03752
0.772319
1.42227
2.5985
3.26212
0.460233
0
0
0.0228528
0.261087
0.0079624
0
0.000704529
0
0
0.021279
0
0.774757
1.96973
0.540444
0.200557
4.20866e-05
0
0.365992
2.2877
0
0
0
0
0
0.0341001
1.87397
1.95128
0.0790034
2.0081
0
2.73866e-08
0.988476
0.000249834
0.576225
0.346284
5.13145
2.79081
0
1.84158
0.109244
0
0
0
0
0
0
0
6.54692e-05
5.52133e-05
0.00106877
0.000118047
0.15811
0.957708
0
0
0
0.739024
0.736817
0.0205154
0
0
0.00224358
0.785306
0.000213874
0
0
7.68492e-06
0
0
4.286e-06
0
0
0
1.68411
0
0.00228826
0.145557
0
3.03013e-06
0.261857
0.817169
0
0
0
0.639524
0.989398
0.174852
4.08213e-08
0.092007
0.0339417
0
0
3.0594
1.6963
0
0.00774719
0.043897
0
0.0874121
0
4.4005e-05
2.37682e-07
0.941374
1.79536e-06
0
9.91144e-07
0.0991992
0.00010052
0.0024475
0.0138381
0.383971
1.79286
0
2.16789
0.153121
0.000855994
0.398566
0
0.399539
3.97872
1.3324
0.240993
0.657742
0.626354
0.0933943
0.036815
2.11117e-05
0.0342048
1.01653
0.112172
6.14193e-07
0.0440235
0
0
2.18861e-05
0
0
0.0238262
0.246251
0
0
0.399241
0
0
0
0
0.183615
0.000653533
0.0474022
1.20423
0
6.69275e-08
0.926823
3.96314
0
0
1.3538
0
0.098362
1.95344
0.3707
0
0
0.00575111
0.372598
0.0492455
0.372521
0
1.20976
2.25028
1.85207
9.47518
0.0713332
0
0.884156
0.192069
8.50178
0.635694
0
1.95849
0
6.0649e-07
1.27337
0
3.30211
0.639753
0.917981
1.91808
0.6258
0
2.2571
0.77829
0.137744
1.03012
7.43464e-08
2.81981
0.58096
0.274447
0.0722754
3.61614
3.62434
0.00114955
2.49102
0.612075
0.05068
0.703558
0.255525
1.49489
0.586631
6.17131
0.271027
1.39655
1.49222
0.00218009
1.35539
2.61902
0.046576
1.9128
0.00210453
0.204394
0.515309
0.0214483
0.046809
0.618668
0.00809037
1.18534
4.74323e-05
0.00105622
0.003878
0.14305
0.89677
0
0
5.92964e-05
0.721377
0.957723
1.17452
0.875246
5.74454e-08
7.57826e-07
2.60921e-07
2.72941
0.0375006
0.0402634
7.28028
0.214979
0.0777394
0.199723
2.56024
0
0.0492344
0
0
7.35809
0
0.0488224
1.77651
0.314663
0.95066
6.29318
0.202253
0.0599242
0
1.08062
2.83045
1.93132e-05
0
2.63938
0.0944521
0.00396819
2.04507
0.213954
0.0107778
0.00228256
0
0.0885349
11.7523
6.91609
3.41789
2.36923
1.42102
1.79539
1.08297
0.91384
0.711936
0.00058254
0.559283
1.11901
0.457949
0.133676
0.710533
0.543197
0
0.000252216
0.790801
0.0706106
0.000422259
0
0
0
0.00617013
0
0.0134799
0.000235334
0
6.46328
7.31909
0
2.91437
2.86292
5.12133
0.0643174
0.0651291
5.00982e-05
0.00234474
0.299951
0.918002
0
0.602176
0.411376
2.93432
1.06347
1.00614
0.213017
3.24559
2.98157
1.44673
7.2273
0.655362
1.9528
2.19619
1.16172
0.00142633
0
0.871159
4.61872e-05
0.000576632
0
0
0.0273231
0.758391
2.99937e-06
0.15889
2.56184
2.27048
1.10764
0.294329
0.919236
0
0
0
0
0
0
0.00908226
1.19655
0
0.529667
0.319803
0.819942
0
6.70187e-06
0.0386763
0.00820407
0
4.41307
0
0.0580979
5.15927e-07
0.920433
0
0
0
2.66768
0
0
0.104553
0.00154127
0.660623
1.02226
0.129531
1.05284
0.434217
0.00524824
3.17439e-05
0
0.508103
1.13161
0
0.00349942
0
6.49003
1.70595e-08
2.80102e-07
0
0.419118
7.67957
0
0
4.51987
