0.840283
0.672906
0.0790861
0
1.82585
2.25812
0
1.74297
0.00771136
0.242564
7.54453
0.193214
5.34658e-05
1.23232
2.58084
0
1.99622
1.41548
8.34668
4.31385
0.57533
0.870425
0
0
1.11319
1.50403
0.84494
7.5924
31.0222
0.000237341
3.8696e-06
0.156302
0.0649597
9.88166e-08
1.07029
0
1.57743
2.935
6.31013
6.45663
6.49342
11.3356
2.31609
3.69614
0.931408
4.29879
0.932565
0
0
0
0.105515
0.264194
1.66607
0.734832
0.45498
3.40702e-07
7.9029
0.285413
0
0.64447
1.73908
0
3.22133
0.370155
4.64068
0
2.23427
2.84056
0.348475
0.0192397
2.27556
0
0
0
2.12979
0.948891
0.165932
2.1451
0.0189572
7.57512e-05
1.0417
3.55367
5.77148e-06
0.776707
4.92555
1.29081
4.05082
4.08399
3.02653
4.15518
3.50591
7.2628
10.1525
3.55556
72.6837
4.73689
0.878798
3.12391
0.00012894
0.445378
5.23106
0.17984
4.78803
3.93436
2.6722
2.93939
7.62656
1.70691
2.73693
18.7727
5.02155
3.97461
6.04836
6.71882
4.73612
3.3679
0.00259385
0.63351
2.63571
2.55183
5.86142
1.59678
0.485461
1.97841
0
0.013939
3.41946
0.0810587
0
0.000341039
1.92581
0
0.00329141
5.92592
2.72713e-08
3.02525
2.56768
1.86339
0
3.49162
0.509447
1.69737
0.42538
2.40803
0.0736996
0.010337
0
0
11.7915
48.6597
0.854089
0.229486
0
0.00590455
0.924091
0.000613223
0.00019417
1.27009
1.55492
0.317589
1.5512
3.21257
2.72902
3.38967
0.128883
0
8.63168
0.496381
0.846284
0.0117749
10.354
1.12799
0.0322975
0.303488
0.0990045
1.83561e-08
0.144654
0.244073
0.0631337
5.30985e-05
0
6.92629
0
0
8.23506
4.96783
3.32445
4.5138
3.75581
6.57999
5.33368
8.03464
9.14026
8.05386
0.809302
0
6.11522
2.28843
4.71509
3.87073
32.3856
132.588
2.12498
23.9864
4.76208
2.88714
7.3643
0.435442
126.254
0.435952
16.7191
10.4241
0.000249259
8.64866
8.60281
13.9979
0
9.11232
11.5861
1.58389
1.11472
0.903709
5.36915
1.75941
8.48866
11.9267
14.4311
11.3381
8.39713
0
0.286043
4.8117
10.8875
0.0559548
4.59042
2.46767
5.48404
0.668442
2.09216
1.45626
1.85115
4.24312
2.00807
0
0
0
3.22486e-07
1.20429
1.48815
0.894629
0.0202921
0.460298
0.0577698
0.814596
0.00208849
0
0.416011
0.0119493
0
0
0
0
0
0
0
0
0
0
0
0.0886037
2.69706
0
5.23755
0.00649409
0.00183295
0.034271
0.0293216
0
0.239717
0.0366916
3.31882
0
0.00762575
0.00212348
0.517048
0
0
1.92732
0
0.611893
4.51775e-05
0
13.6016
1.46326e-07
0
0.409642
0.0108488
13.4136
4.64843
3.34853
10.433
3.24834
6.9897
7.63382
0.0634672
8.10717
3.96678
1.27598
0.101878
0.0610114
0.323015
0.361695
0.533187
3.53284
6.70879
4.40116
25.9015
58.7545
3.28813
15.3521
0
6.84975
1.70406
0.165803
2.63163
1.79793
1.10874
0.00020873
0
0.0148935
0.58068
0.396673
0
1.0085
3.32276
9.36304
3.54216
0.577617
0.94305
0.0112172
0.107605
2.1286
0.733041
0
0
0.772975
0.42642
0.48534
0.133908
0.465929
1.05408
0
9.02679
0.155182
0
0
3.47654
3.12206
0.54075
0.0378785
2.0001
0.321576
0
1.0212
0
0
0.00223482
0
1.41251
2.70323
6.9481
2.01736
3.22168
2.73192
2.21663
3.15171
0
4.53493
7.15659
8.6883
12.4391
6.2481
1.62585
6.75919
3.25587
0.0109304
2.70821
5.47424
2.63363
1.07898
2.15143
2.10355
5.23447
5.05051
2.43066
14.0202
11.281
9.4124
6.91602
11.4344
2.4268
9.33086
11.6818
11.2712
5.7484
5.86416
3.80238
4.87031
1.5693
2.01766
1.14792
2.68363
10.7216
0.431407
0.00247361
8.64021
4.96512
7.53252
7.53167
4.47442
0.162076
3.00704
4.41952
3.45835
3.90805
16.4045
4.93525
10.5255
19.5202
10.3363
3.97107
1.75071
1.598
4.41964
6.45977
7.93022
11.2677
0.41397
2.86828
7.99522
3.77724
5.04538
5.81182
9.79182
18.3057
0
2.46602e-06
0.0144642
1.692
1.00929
2.636
3.58171
8.16219
31.1771
23.3904
4.08525
13.2252
2.13895
8.85471
4.22831
5.32556
0.0506366
0.959612
0.0628527
1.08103
1.35173
16.277
2.48939
0
1.45065
1.83863e-05
0.0508244
0
0
0.145631
0
2.13819
0.838839
0.00547435
0.925985
2.71949
0.745923
6.193
15.7245
17.2346
4.45133
2.66781
14.6218
2.05594e-05
16.1497
9.82572
17.244
7.07158
0.729338
0.316874
1.89817
0.685296
0
0.00204124
0.47197
14.101
13.6541
1.22008
2.64152
15.2728
5.90873
2.8961
1.11939
1.70009
2.53645
1.01089
0
0.423132
0.935338
8.04815
0.0636279
4.78844
1.07796
5.0567
0.462633
4.13764
6.96837
7.02016
0
0
7.535
0
1.2712
0
0.0230483
0.271354
0.974179
0.0255573
0.395995
0.0182776
0.758235
0
0.959439
1.23385
9.18737
0
0.104929
1.1088
0.379091
1.6667
1.59657
0.160035
3.48926
9.64487
6.58004
4.61877
9.48718
0
12.3795
0
3.42
12.5273
5.28976
9.28712
4.91406
0.0884625
0.0624967
0
1.41252
0
0
3.88789
0
0.0630449
1.45764
1.67433
6.5736
0.479839
0.70582
0
9.20519
29.4861
3.71773
5.51278
19.2139
2.53142
6.13437
0
9.05294
4.50455
0.00285407
0.0618449
7.22692e-05
6.74073
1.53911e-05
0.0251183
0.583204
3.11127
0
0.0494622
0.0299468
3.10129
1.68013e-07
1.87718e-07
0.670815
1.04129
0.525388
0.225268
0
3.98604e-05
3.58855
0.0108153
0
0.318109
1.50863
0.65555
0
0.2291
0.836749
9.26349
2.07758e-06
0.0386858
0
4.04494
0.43308
0.00260213
0.42535
1.76673
0.783073
0.708552
0.0443802
1.65301e-06
3.70399
0.0338796
0
0.357487
0.938529
0.189862
0.909039
5.63124
6.92899e-07
5.6317
17.1882
1.6434
0.0416476
3.81059
2.92634
1.86022
4.85568
0
0
0
0.0029548
15.7975
5.32487
1.37958
9.90298
0
15.5373
5.35318
2.20939
1.43026
0.661118
0
0
0
0.587745
0.240102
0.0250475
0
5.09029
6.46812
1.86818
1.0238
1.22437
0.125946
12.8868
2.33724
7.39814
20.0781
1.66171e-05
0.666117
0.172793
7.3178
7.39558
1.03851
0.000270522
5.88388
0.18477
1.26358
9.60934
0.00171519
0.179262
0.396518
2.2702
3.2825
7.8494
4.1819
19.7277
6.37891
0.574842
2.04676
0
1.59748e-06
3.10409e-05
0.00139958
0
0.000111908
0
0
14.3687
3.8689
0.58357
0.663742
0.0291542
5.85629
9.6194
0.000114713
1.25169
3.27915
7.27835
0.0722139
14.2541
0.714234
5.91531
10.0797
2.29434
2.74539
5.71405
3.66114
0
0.183234
1.86501
3.44413
0
7.11705
2.53122e-06
4.19599
60.7198
5.62198
8.11915
60.2678
4.71445
4.46006
0
0
6.33443
8.41994
0.00124027
0.385771
0.136339
0
23.5065
0
0
0
0.760746
0
0.114934
2.65013
7.45596
10.3301
0.958244
0
0
0.794737
1.04886
4.03002
0
0.570905
10.0053
0.0254299
13.0941
0
7.45801
10.0637
2.72238
9.95105
0.00198843
3.14025
1.30628
3.996e-06
0
0
0
0
3.33944
0
0
0
0.739209
4.63196
0.000205387
6.61279
5.80336
3.15471
3.06125
2.66627
0.767308
1.66638
0.837811
0.977949
0.886669
3.09489
2.7208
1.36694
5.15234
6.4054
1.03336
0
11.1174
6.6435e-07
4.11799
0.972923
0.344297
0.200708
2.97436
4.13944
3.17874
7.67093
2.12528
15.113
0.530077
0
1.62085
5.19018
0.636878
1.32427e-07
0
0
0
4.94855
3.86877
0.0836074
0.968806
3.79986
9.20157
3.30708
1.43346
4.26867
3.70863
4.26475
0
0
0.760748
3.28129
2.07508
3.40085
0.000203256
0
0
0.590303
3.48629
5.41709
2.01381
0.0433825
0.124272
5.75042
3.6346
0.714329
11.0889
0
0.596519
8.41187
0.0601879
0
6.30285
0.0286127
0
0
4.20449
0
0
0.0286388
0.175475
0.190853
0
2.07839e-07
12.5285
0
6.37109
0.68807
2.73601
0
0.0149701
0
0
2.46755
0
0.387463
3.13093
2.2031
2.80661
6.99874
0
10.8664
13.9434
1.48717
2.02284
1.37429
14.2129
0.847358
5.10598
7.92977
3.13356
2.34415
1.87572
3.83378
4.82405
1.95846
2.84396
0
2.12754
0.902684
4.05184
6.59157
0.00397576
0.934307
3.04497
5.15953
4.34478
0.0181732
4.91669
0.863608
0.000587256
0.177385
0.000519494
0.000187796
1.96505
1.78753
4.57296
2.92098
0.168745
0.58598
0.637858
5.00729
7.90045
0
5.37831
3.38822
3.34211
0
0
0
3.89893
0.197175
4.20853
3.89571
0
0
4.27598
0
0
4.74039
4.34877
3.05604
0
0.644828
6.01992
0.429212
1.67159
1.69523
3.29659
0
0.0206896
0.50537
0.00544045
0.187055
3.43913
0.730559
54.1524
1.38139
6.54933
0.0224683
0.22083
0
0
5.03725
0.193765
1.09134
8.37564
2.12515
5.75046
4.79376
0
0.0763497
4.05923
0.0602223
0.897278
0.464947
0.847947
0
0.000845813
3.86618
8.95068e-06
6.99542
4.86251
0
0.0161131
0.279433
5.19752e-08
0
8.29496
9.08853
0.844444
12.2852
4.929
0.0255323
0.996301
0
0
0.958057
0.662243
0.268417
0.000464743
0
1.24325e-06
4.12036
0
0
5.27719
3.90386
0.214608
3.16297
0.41493
0.102543
0.0046753
7.91872
6.56955
4.18008
0.422586
0
0.406053
0
9.27287
0.00517816
7.38163e-05
5.01536
1.77339
0.0902703
0.0070731
4.52539
1.0723
0.062991
1.42106
0
1.61076
0.0182243
0.00189668
0.38385
11.8136
0
5.56888
1.14678
2.07271
0
12.3101
8.6693
8.23649
11.132
10.8289
0.148371
10.3696
1.25455
0.000560742
1.38682
0
2.22967
6.38656
2.86382
3.04879
0.000228192
2.54168
0
13.2276
4.26839
10.2498
5.37305
1.2806
4.94273
3.42275
6.17744
13.2486
15.1301
2.47555
2.48918
1.52575
7.27349
1.02407
0
19.4442
4.95062
1.02652
0.471618
2.43742
0
11.1797
7.08546
3.26874
0
1.50109
2.00442
4.51979
4.56368
7.46274
4.37444
9.38046
7.73174
9.18026
0
0
0.41361
7.24756
16.1834
8.50697
10.8622
9.57361
13.3375
17.7505
28.7206
20.4502
40.2478
45.0025
13.6139
2.42412
6.08512
0.573844
0.0987561
0.622768
0.0745372
2.77987
0.84584
1.01134
0.0135956
7.45303
0
0.0021596
2.2111
5.01249
0.372515
0.284315
2.59215
2.98622
0.082808
0.24616
2.98028
1.81786
5.59607
4.59173
1.88108e-05
2.77191
4.3906
6.79461
4.90239
8.93977
11.578
7.51343e-06
0.00387375
6.50526e-06
3.11308
4.2345
0.309142
0.35198
9.42785
0.132846
5.42869e-06
0
0
0.911695
18.1054
0.0186702
14.648
0
27.0855
2.09807
0.196912
0
0
13.7908
14.0878
7.29211
5.05391
0.835972
0
2.04085
22.0582
0
0
8.78602
10.3146
10.9626
0
6.08681
6.55959
0.0873649
1.28253
0
0
2.75804
0
0
0.0215179
0
0
4.45909
0
2.34623
3.53919
2.62815
2.51523
3.06351
0.0618113
3.54735
0
11.561
0
7.3879
5.79329
0
4.6812
0.896274
5.88186
0
0.00420773
0.000108694
10.3888
4.8083
0.0680951
6.56876
0
5.46238
6.39497
6.2685
7.64533e-07
3.84226
1.49794
11.6903
9.37846
0.0173545
0
0
8.29731
7.75857e-06
7.23066
0
0.426748
0.388073
0
4.38313
0
0
0
10.8601
0
5.54219
11.0235
0.039608
5.50213
0.409984
2.58613
1.4351
8.47546
0
9.90485e-08
0
0
0
0
0
0.00782371
1.86477
2.13833
3.00506
7.36056
8.67942
1.54059
3.98473
8.42119
0.640295
9.64602
2.53003
5.00172
8.1729
19.7139
17.8142
31.1642
0
1.84548
17.096
9.05144
9.58114
2.38111
0.168504
14.7795
3.28943
0.158647
9.01328
0.0143695
0.00920945
8.1404
0
0.232425
0
7.21562e-05
0
0
0
0.362088
4.48566
0.36226
0.140998
0.717794
0.00193188
4.14361e-08
0
0
1.83655
0.0565579
2.24009e-07
5.85915
2.33818
11.5897
7.96569
2.3304
0.0538461
10.7828
38.2105
0.00089085
0
6.73076
1.50729
3.41275
9.83283
0.0754638
0.085528
1.06197e-08
4.39109e-08
6.68297
9.69717
2.3104
0.00389967
0.139188
0
0.489088
0.00489077
9.77765
5.17565
0
1.954
0.000474031
0.064231
0
0
3.20918
0
0
0.447627
13.6886
19.074
1.16491
8.18303e-05
14.3287
1.05921
3.09895
13.9689
0.975987
12.9575
0
0.0639225
0
0.734861
2.57874
1.17498
4.05727
0
1.3701
0
0.0566045
0
0.637086
1.35249
0.204457
1.36567
0
2.57452
27.4325
3.04226
7.0949
0.218759
1.3324
3.14024e-05
0.00345857
1.46542
0
0.238205
0.808616
8.74468
12.6458
16.17
10.2282
4.99997
5.04808
0.00397448
2.03802
4.66794
0
0.905008
0
0.463146
0.12593
2.28361
0.832717
0.00963401
2.18433
0
0.00229592
0.0276958
2.08558
2.34626
4.24311
3.54097
0.000923577
1.06043
0.000330706
0
1.17873
2.28741
0.00134319
0
3.21621
4.41922
4.06432
0.0625833
0.255332
0.29578
2.42918
0.971997
0
6.32502
0.000203377
8.55508
0.153576
0.277154
9.61309
7.67952
0.0664264
0
13.2677
26.526
1.57532
2.78143
0.521434
2.6061
0.412112
0.573446
0.00186571
0.618681
1.17291
9.12072
1.91136
0.126273
0.191019
1.85355
0.454
0.708902
3.62165
1.00988
0
0.00096787
0.944635
0.963543
0.688573
0.0440319
2.93953
0.902323
12.5528
0
0.969008
1.20246
1.85692
2.26037
4.05847
1.1981
0.425036
12.9389
6.80282
0.882811
6.26113
0.112834
0.0879205
3.80785e-07
11.0334
5.69139
3.01727
9.51488
0.0232539
0
14.4068
1.71952
0.00381112
0
8.6959
0
0.0875075
0.220042
0.869189
0
0
0
3.07295
0
0.00777872
0
76.676
2.04397
0
0.00428167
3.4424
0
2.01029
24.6555
0
4.62008
31.0074
1.23397
0.0163778
134.487
1.34303
0.0100563
0.248945
0.0450982
0.88375
0
0
0.151583
4.44772
0.0527167
0.0793696
0
0
0.58083
2.15248
0.00547549
4.1785e-08
0.0557931
4.20525e-09
0.555975
0.0267675
0
5.94339
0
1.34429
0.000434495
0.0261911
4.71312
0.0152792
0
1.34608
3.04206
0.0640143
0
10.7494
4.98584
2.28224
20.1938
8.68173
0.618317
0
0.0113725
0
1.69846
0
0.00520235
0.772824
0.083409
0.0955406
7.29287
5.21103
0.000120589
1.71222e-07
0
4.50803e-06
0
0.000926532
2.83089
0
1.40865e-08
0
3.03849e-09
0.499816
0.0136593
0.331791
0.00239535
1.06384
0.0950253
0.00451382
0.000121453
8.30867e-08
0.000100567
0.00080528
4.53976e-08
0
0
3.48093e-05
0
0
0
0
4.88429
9.77054e-07
0.0810909
3.99359
0.000195216
0
4.1574
0.226776
3.01053
0
0.0228413
1.43384e-08
0
4.41303e-06
1.18976e-07
0
0
4.9726e-07
4.4409e-06
0
0.00967383
0.0890518
0.000444694
0.736591
23.513
2.18206e-05
0.974402
8.70421
0
0
0
1.51755e-07
2.64191
0
4.71184e-06
0.0543231
0.232795
0
0
3.59705
1.0327
0
0.851026
1.12254
0.882286
0
0.845489
0
0.602555
0
2.48409
9.18282e-07
9.24923
0
0
0
0
0.322429
0.00116224
0
0
0
6.73292
0
8.13359
0.0250559
3.28964
9.77256
0
1.96494
0.219636
3.47706
1.02472
0
1.77405
0.00261538
20.0244
0.165488
4.22519e-07
1.79033
0
0
2.13232
6.07796
0
6.46295e-05
4.30617
2.04811
3.78563
2.93645
2.26809
9.91606
0.737864
10.5498
0
2.59832
2.82271
0
7.64242
11.643
9.63593
1.96758
4.78084
1.44004
3.7468
3.42805
8.5693
2.03054
3.70054
1.39108
1.65255
0.328658
1.76652
1.41398
1.15905e-08
1.429e-08
0
0
0.0290039
2.27997
1.00947
4.24459e-05
0.30331
0.0166456
0.000261675
0.0106223
0.0637492
0.072734
0.873537
0.00691334
0.00223647
0.027715
0.998512
0.629398
3.61717
0.00408785
0.00806852
0.299069
1.43334
2.2036
0.00532137
0.845303
0.975138
15.1428
0.00821243
0
0
0
0.309967
0
0
0
0.124509
0
2.06757
0
0.00106698
0
0
0
0.00622956
0
0.000218667
0.000255414
0
0
0.173595
0.0562169
0.153991
0.421776
0
1.12792
0
0
0.0313525
0.00245418
0
13.9725
0
1.35391
0
0.000433592
0
3.16354
0
0
3.50187e-06
0
0
4.60738
0
0.00417792
0.00785298
0
0
2.54687
0.000688661
2.11095
9.92839e-06
0.166755
0
1.23017
4.91198
1.75167e-06
10.0652
7.04506
2.44423
1.10052
5.06226
6.62496
0.694691
6.50388
5.05508
3.81475
5.55981
0
0
16.0942
5.12062
5.43337
8.90939
7.9958
5.28962
0.380279
7.31832
13.3038
17.4107
6.62805
8.33019
14.0019
6.93771
10.8791
8.32034
0
6.10118
0
9.27887
14.0293
11.8965
11.348
8.04913
17.1736
9.12698
4.68137
1.3238
7.89724
13.1809
7.86937
5.29433
6.29625
11.0871
9.54689
8.62309
8.42227
8.31697
5.48841
5.63043
0
8.46115
15.5863
6.14888
0
12.3866
9.3626
0.24994
1.48185
1.05952
0
5.13021
3.85072
2.19593
0.541568
6.39433
0.0490982
1.44425
0.764217
0.488935
0.63952
2.33276
3.42862
0.667907
0
1.82715
2.73049
0
0.000341064
0.00439301
0.458894
0.0284675
0.000153923
3.25649e-05
0
1.23885
0
2.95558
2.11201
0.0522213
0.114137
1.0676
6.18788
0.305213
6.0768
5.05856
1.38371
15.6604
6.38001
1.36103
11.7906
9.79641
4.10437
6.60104
12.6727
3.49542
1.42832
6.53614
7.86352
3.0219
0
12.935
0
1.75829
2.54852
0
3.37356
3.57342
6.5592
0.692444
11.5861
0
0
5.38761
2.85014
2.77888
0.324834
1.45609
1.12086
0.865891
3.53324
1.68007
0
0.421299
7.9984
0.670705
0
4.76776e-07
0
1.10873e-05
3.75885e-05
0
0.8992
8.72111
0
0
0
0
6.89282
10.4517
0.15209
7.27125e-06
7.24686
2.03783
0
1.88016
0
0.810417
0.00952712
1.57606
0.70847
1.53586
0.206771
10.0889
2.42071
7.19195
0
0
0
0
0
7.63434
0.385537
0
0
4.25406
0.0499128
3.75133
3.54601
4.50679
7.01319
3.06018
3.92632
0.00209006
2.99628
6.73819
1.51004
0.0557501
10.5295
0.679422
0
0.973647
0.0270245
5.31731
0.0574509
5.33287
1.70893
0.918628
0.0428522
6.59884
1.94438
1.44237
0.105193
0.0374172
0.30032
2.12674
2.49721
8.02423
0
4.75059e-08
2.21392e-05
6.50137e-05
0.0394222
0.136318
2.83375
4.44979
6.38035
15.5532
0.0329772
10.8055
2.62715
1.27918
8.80947
1.12754
1.48223
4.45118
1.30204
0.184337
51.027
37.1517
1.32696
11.3461
34.44
0.0326187
3.07295e-07
0.796326
0.0176757
0
1.68973
0.00355343
4.71695e-05
0.990659
7.80147
2.75945
0.00827569
13.5345
4.03847e-09
0.617146
0.243449
0.000130557
0.0444657
0
0
0
0.213224
0
7.90265e-06
5.60524
0.00713043
6.25049
1.15509
2.41299
0
4.27919e-07
1.15829
1.4268
0.0194246
2.68537
2.22034
1.12644
0.0409448
12.4677
5.96928
0
0.289676
6.58532
0
0
1.95942e-06
9.84435e-06
0
0
17.5676
0
9.6952
4.50792
12.1686
0
0
4.81754e-07
0.000427382
0
3.05329
4.38244
9.44329
0
14.2768
4.71048
6.81476
3.09731
2.61231
0.744174
3.29396
0
0.00021465
1.69118
0.000233375
2.87552e-07
7.03956
0
0
0
0
0
0.00166657
0
0
0
0
0.0174985
0.122455
0
0
8.53973
0
0
0
0
0
2.51136
5.09498
0
0.311341
4.90946e-07
0
0
0.741868
0
3.096
2.77532
2.90117
0.98421
5.285
1.10632
5.92368
1.22029
3.76711
15.9391
8.26617
2.43709
27.6853
10.3144
14.7309
5.57739
4.03902
19.212
15.2615
12.1178
16.8696
5.56115
18.1993
9.62063
5.56915
12.4047
6.84343
3.28534
15.8049
12.5536
6.11847
8.06778
4.31407
1.82169
4.33344
2.23903
2.26575
2.09407
0.0429852
8.41458
0.0135192
1.2423
0
0
0
6.8346
11.5481
0.123869
0.666768
1.70364
0.834999
0.0583892
0.52296
7.88715
0
9.43875
4.66756
0.0249605
0
3.50358
9.13755
0.914455
3.83925
1.73388
3.38398
5.34317
0.0536007
4.08753
0
4.53638
11.3083
3.83011
6.39253
1.0433
2.5463
2.34369
0.924801
0.385329
2.9395
8.15489
3.14984
1.27113
0.810436
2.01941
0.956215
0.585912
4.49221
15.2696
8.68674
1.41589
2.38432
24.5288
16.0411
19.8531
17.069
12.5098
14.3897
8.78094
4.3636
3.51487
4.48421
3.14152
0
0
0.00840711
1.09269
2.45622
7.90198
9.74753
5.00386
4.45123
4.11218
2.47992
2.08026
1.18254
0.650329
2.90668
10.1008
2.78477
1.71747
1.70852
1.09226
26.9207
1.10456
8.81301
1.94301
3.43619
1.66632
1.20254
2.2471
0.0240338
1.93793
5.36641
1.03172
6.85974
1.37378
1.73261
1.13031
3.6273
2.57602
12.0048
5.7815
3.92466
3.69832
0.0601532
0
0.683246
0.872335
0.536974
2.16773
2.16216
2.10688
0.0593231
7.83638
6.34328
4.00172
3.31616
3.44806
6.20017
3.50583
14.9957
0
0
0
4.58226
4.41481
4.88479
0.409984
6.33452
1.46524
1.80284
0.0991875
1.46895
0.194425
2.81878
10.2503
0
8.00225
18.5805
30.3835
7.16777
3.74525
0.0151187
10.2034
2.65622
6.32059
4.2216
2.30113
5.85132
2.98843
8.89962
8.76463
3.39289
6.82
13.5785
8.40835
2.16459
11.5036
11.9737
10.4879
3.98247
8.56909
2.17332
1.52941
2.57513
7.00377
6.65214
6.51448
6.70416
5.46167
11.4903
4.08518
1.88838
0
5.42697
0
1.11797
2.99371
6.39657
5.24942
6.09155
1.3055
3.91852
9.08613
7.76087
9.88393
10.9587
6.95161
4.15113
15.192
4.78151
7.00641
3.64755
1.79552
0.892689
1.23032
8.86974
4.5834
0
2.9515
2.5478
9.48739
2.69551
8.61668
0.775672
1.38758e-07
1.43006
3.57147
1.86627
5.91803
4.72033e-06
1.63391
4.06455
1.64227
1.40445
1.06136
2.07389
2.97054
6.60444
6.0141
4.57985
1.94376
5.73639
21.6383
0.204602
2.65338
1.64342
4.01428
0.805798
1.45569
2.28059
0.0176743
0
0.0413185
0.0593765
0.853162
0.126721
10.8601
1.51099
0.823575
0.938091
6.45655e-07
0.110601
0
3.93422e-05
0.326342
0.402196
1.00387
0.653925
0.0130227
0
0.0778905
1.34208
4.85367
1.91952
0.603099
1.72738
0.0539792
2.83112
0
0
0.0363813
0
1.14728e-05
0
2.30698
0
2.82606
1.19023e-06
2.29568
0.050203
4.25933
0.183337
0.736809
6.77824
0.0006461
6.56303
6.37794
16.6625
0.00227847
11.3706
0.00141086
0.0547189
6.05049e-07
0
2.4972
10.1465
0.120714
0.131069
19.2572
4.12706e-09
0.692788
2.36192
1.0411
1.36827
0
0.432357
0.03946
0.291194
0.172291
0.999151
1.10146e-07
2.28423
3.89647
0
2.54658
9.14365
0.000857591
3.40135
0.00529162
3.22684
7.73208
1.87377
0.941972
0
0
0
8.16407
2.24104
0
2.36202
0
0.063542
0
0.149079
0.189303
0
0
0.397116
0.85904
0
0.0225728
0
0.457924
0
3.7664e-05
0
2.18254
0
0
0
0
0
0
0.0112105
0
0
0
8.16786
8.34893
9.03796
4.42791
8.9435
3.84637
1.66317
0
0
0.0334516
0.557687
4.251
0.648539
1.22436
0
0.396538
11.3194
23.1455
19.2036
10.1489
2.14184
1.79095
4.15239
6.82475
1.75591
3.95161
7.31783
1.90781
6.07271
4.41909
0.897018
7.75854
5.42748
1.39906
0.577002
0.0200998
4.60374
0.155876
0.67579
0.000568134
0.911426
2.21088
5.46058e-05
3.46268e-07
0.734933
0.0182105
0.0458717
1.71205
0.00677151
0
0
0
0
12.8568
0
1.59916
0.161027
2.93428
3.791
3.48706
2.26295
3.34529
2.28623
2.8099
0
3.72689
6.75592
13.2395
9.37553
29.3711
13.1098
15.508
0
45.1388
0
9.64661
18.1266
13.067
0.244734
1.04144e-05
10.6764
11.7959
8.32009
5.61552
6.15394
5.38046
35.4525
15.0749
2.56291
4.85602
4.99024
4.57009
0
9.29205
2.53879
4.25553
2.57062
4.05954
0.00542639
5.02323
1.05309
0.00411895
0.55131
0.000974049
0.0846699
0
7.33096
4.79526
7.57005
3.67857
5.34514
2.33883
1.70104
0.288214
0
0
1.18069
2.8579
2.53475
1.81382
2.34809
4.27568
5.38112
4.15634
10.2901
10.768
0.210747
6.39547
0
0
0
10.7351
0
1.47854
16.6182
0.0304703
0
0
0
0
1.61669e-05
1.59239
1.17506
0.434397
0
0.708465
6.54122
0.63661
0.101751
5.85914
5.49578
0.29366
1.28985
0.417655
2.43121
0
5.51904
0.0507459
1.73015
3.00449
0
0.874248
5.52508e-06
0.0121109
7.9593e-09
1.31385e-05
0
0
1.1163e-08
0.217531
0.0849101
0.0509411
4.70198e-07
0.0179832
0.678611
7.91497e-08
1.32723
5.37792
0.177458
1.68871
4.41599e-05
0.292494
8.25452
0
0.000435714
0
0.0135571
1.72368
0.244276
5.66546
3.66386
7.26173
5.68027
18.0297
3.15236
7.11636
0.112175
4.06178
5.89843
2.09996
1.20368
6.62649
0.0042799
0
3.63933
0
2.51343
1.15219
6.60954
2.78412
3.86298
5.023
0.0297763
31.0244
13.1677
12.4862
12.185
0
17.5251
0.0585819
22.039
4.31073
0.0452283
14.5263
5.72558
3.74112
0.935377
0.043343
0.0221293
4.99192e-07
1.01459
0.267177
2.50672
0
10.3091
6.03544
4.77561
4.07809
9.19713
6.30364
23.2992
0.6339
7.99806
8.08695
21.6651
12.0115
9.75039
2.23095
8.79198
0.00805556
6.46895
5.12539
5.73019
4.78754
4.08739
10.8404
3.42788
2.24862
1.99976
4.36843
3.84846
9.78893
8.11814
8.18049
7.74786
6.34907
4.71885
5.38078
7.57945
0
5.0786
2.02906
0.0980611
3.70997
10.3658
0
7.61994
19.5364
1.66184
0
0
13.1918
7.26481
5.97599
11.623
2.4483
10.8568
7.77469
0.195855
9.34773
18.6642
6.52724
0.324661
7.95012
5.77459
6.24268
6.40175
16.0057
7.55905
12.1776
5.48693
22.4963
18.6372
0.0567577
17.9184
16.4506
11.3914
1.2731
5.45618
17.7178
26.5707
8.7205
0
8.20184
12.926
9.11578
0
3.62419
5.88688
2.69214
7.62951
4.49179
14.4974
7.61708
0.847439
0
0.842907
0.502047
24.5918
0.451867
2.65686
14.1863
7.61107
10.1379
10.6669
3.84355e-06
10.8815
0
10.4113
15.3094
18.2839
21.1239
5.29633
17.9294
20.4601
4.72487
15.1558
13.7712
5.24656
14.6516
1.547
7.19178
2.44321
5.0771
0
6.04667
2.24584
5.92541
3.84533
8.5618
6.02111
6.5344
0
6.75965
5.6415
0.827935
5.09896
3.79315
0.124351
9.63821
4.42937
0.85926
1.01695
2.27539
0.00880874
2.45854
0.05927
8.3765
0.189306
3.3384
2.44664
13.3857
6.03381
0.0816234
1.59171
10.8719
0
2.5691
2.43066
4.24575
0
8.17151
1.44827
5.61467
5.01235
2.57098
7.49651
12.422
3.99121
6.88234
5.50431
10.7005
4.81912
5.9716
9.00578
2.85914
2.5362
14.0277
0
2.49187
6.77615
31.216
1.5098
0.0153358
22.896
0.693525
4.00749
1.43255
10.2975
7.4038
7.73878
7.42422
14.1494
11.8202
1.01322
1.40129
1.94806
15.737
11.2727
4.44309
0
7.81214
4.86446
1.63983
13.4124
0.864059
0.00243037
6.02493
0.117688
6.55748
3.0654
0.0300757
10.2492
0.237803
5.10309
2.90793
2.55937
0
0.826546
2.20134
5.62355
5.11785
9.67957
2.60836
0.954063
0.365178
1.77536
4.97915
6.31769
1.63072
4.8028
0.990904
6.93878
3.10006
14.4877
7.83946
0
11.0079
5.14827
0.00685056
5.12125
0.0604523
10.165
0
3.98311
0.060114
1.57619
2.15963
0.547123
0.18451
0.358109
1.16547
13.8608
1.97102
3.55772
1.00559
5.45558
0.757217
1.7842
7.20203
0.0827631
0.225941
0.28081
0.961538
0
7.56793
1.15549
2.55295
13.1553
16.7793
7.80071
3.61087
0.100016
0.37236
0.577623
1.70798
2.51095
3.95913e-06
5.32669
10.0171
1.57749e-06
2.24641
2.7978e-05
3.47048
3.76742
2.35149e-06
0.952154
0.0239911
0.0840898
10.5421
0.0788319
0.0049135
0
6.74356e-05
0
12.2226
12.0564
6.15709
0.047863
1.56681
6.58663
3.35322
4.50924
2.91037
1.3592
3.47693
3.61878
1.1555
9.72563
3.10607
0
2.84507
4.42364
1.33433
0.425757
0.000872231
1.04733
4.46278
14.0977
1.91525
0.0598715
2.02842
108.412
3.68107
8.56329
3.40047
96.5564
2.84831
3.66813
2.607
3.66902
4.38947
5.28755
3.43145
19.126
2.3298
2.1314
3.12725
3.62179
6.19707
0.571911
1.72805
0.748727
0.0005178
0
4.73803
3.64567
0
0
0
0
6.08374
0
0.0649841
0
0.171736
1.00978
2.326e-06
0
4.76352
0
0.274537
0.877914
0
0
1.5543
0.540859
1.12181
0
0.0163469
0.873385
0.000220564
0.924765
0.406903
1.61433
0
0.375406
19.7546
8.45744
0
0
0.0528986
0.364618
0
0.00636844
0
5.36929
0.620989
6.85139
0.0855443
2.97217
0.854924
5.3067
1.32774
5.17625
2.44109
2.98714
0.050444
13.7407
1.43775
0.0340203
0.405301
0.204967
0.560202
0.0177324
0.0109723
7.317
6.83726
8.70576
8.57438
4.05365
1.0025e-06
2.38966
0
2.92502
8.85705
1.81271
1.83221
4.06624
3.20006
6.01648
8.34732
0
0.54375
1.69145
1.66927
13.5912
3.78596
2.46773
10.214
0.368283
0.111511
4.79975
2.34639
10.8715
7.53977
9.33679
12.9028
0.176822
9.2541
15.9896
1.93635
0
0
0.604478
0.940528
0.898228
0.310689
0.479935
2.03908
7.403
0.208199
0.0224158
14.8863
0.0322641
1.31834
0.584311
0.34584
0.00913869
5.98375e-06
0.0680241
0.0631308
1.31042
3.21355
5.58118
5.00708
6.36275
8.03347
1.2093
0.0310591
1.81105
16.2158
4.60516
2.03075
1.58603
2.34417
8.23616
2.21442
0.856646
3.18554
0.0108246
0.454057
0.0390484
8.95611
2.15934
1.70898
0.25959
0.817301
9.54608
0
6.25392e-05
2.72909e-05
0
0
0
7.11812
0.801662
3.53489
0
0.0137907
0
1.49689
1.89012e-07
2.32824
0.0110487
0
11.3512
0.100166
0.0594364
0.492813
2.21523
0.899055
1.30146
0.010264
0.00102592
0
0.00884143
1.15738e-05
2.00786e-05
1.75437
0.000723195
0.216185
1.29304
0.925808
0.273333
0.985081
1.1855
2.56773
0.407722
0.208134
16.6549
0.583922
0.812298
4.28991
2.48614
4.78267
3.78771
4.36403
0.164805
0.0634308
5.36022
0.10378
4.77844
8.93616
4.08524
1.32409
2.98929
2.17258
0.878352
1.1281
3.10459
0
0
0.00622954
0
0
0
0.0593524
0.680714
0.0206524
5.8627e-07
7.25489e-05
0.0108357
0
2.6773
0
0
0
5.55561
1.48636
0.987202
3.16091
30.0519
8.8375
11.0967
0.214572
3.02237
5.73336
5.65612
0.913646
11.6033
11.1757
0.237625
0.229526
14.8024
0.385044
23.1913
3.36581
4.38085
7.58245
7.51689
3.12159
6.6022
0
1.01932
0
6.86
1.90855
0
8.03418
5.88615
0
10.1301
6.38887
5.71942
4.3151
6.38178e-06
1.26402
9.38895
6.71745
2.45593
3.22489
27.566
1.11457
2.18591
1.11438
3.04313
3.0834
0.169826
11.2787
0.41841
0.482724
0.559763
0.649838
0.815271
1.18696
1.70398
0.00899597
0.0711724
1.52679
0.029162
0.00751348
0.806194
2.66218
1.67933
0.810324
0.8258
0.0642033
0
0.000368447
0.382551
0.225389
1.08315
0.987999
0.0126441
0
0.146299
1.68025
1.40504
0.409634
1.28491
4.06313
0.0654592
11.9979
2.16855
0.893414
2.13479
1.93333
0
0.00626423
0
3.26815
0
0.81016
7.30245
4.09506
0.125635
0.0233185
12.0933
4.49856
3.65152
2.52433
2.66737
27.9303
2.21412e-06
14.1963
10.224
0
1.64794e-05
11.1387
0
2.00811
1.52516
0
0.754521
5.60837e-07
2.67668
0.567604
0
0
0
5.75205
0
0.0428294
0
0
6.57563
7.41786
9.78587
7.75023
0.345271
10.5576
3.1349
0.0667604
11.1652
2.48411
9.35298
1.19843
0
0
6.42139
0.504957
0
0
1.86842e-05
0
0
4.78085
0
0.839094
13.116
0.99985
0.941096
0.00427468
8.30463e-05
5.81686
6.79278
0
1.39752e-06
0
0
0
0
3.73324
1.07369e-05
1.05997
2.03994
0
0
0.157881
0
0
0
7.78616
5.86189
0
0
0
0
3.41197
0
0
0
3.09552
0
0
0.0111321
1.75704e-07
0.000926876
1.08453
0
0
0
0
3.17068
0
0
2.35383
0.0477155
0
0
0
0.084293
0.80333
0.00498536
0
0
0
0
0
0
12.2072
0.0690793
0.0708051
0.0220001
0
0.000888601
2.66683e-06
5.59723
0
0.0228415
0
0.786466
0.832442
1.13767
0.0752492
0.027323
0.0150745
0
0.15911
4.3813
4.27992
0.591833
1.01161
0.00361641
0.325009
3.91372
0.801391
0
2.73759e-06
0.0526737
0
0.176523
1.00015
0.00317799
0.263867
0.00195715
0.00261713
0.0872906
2.77224
0
7.21746
0.69701
0.248437
0.732843
0
0.325104
5.41479
0.0189574
0
0
10.6979
0.0219253
0.501072
0.159544
0.00446963
17.4197
1.35898
0
0.728556
0
5.21647e-06
0.360425
3.69724
0
2.60623
5.69394
0
0
0.952604
0.770538
0.0377981
1.58241
0
0.9691
0.0720927
0.134412
1.85233
0.533645
0.00386186
10.0986
2.30007
1.09313e-06
0
0.999625
0
0.931627
14.5686
3.79459
2.50223
0.0534874
1.53334
6.79537
8.40915
10.695
0.806395
3.01688
15.8403
3.00555
14.035
1.75769
0.0307378
6.56148
1.81198
19.3321
2.66877
0.737421
8.39768
0.000582092
0
0
0
14.3721
0
0
5.44341
11.2515
2.07415e-08
4.75827
2.29596
3.11139
4.54406
0.499345
9.52836
12.1727
0.00507626
0.0149161
8.13003
4.57542
0.857291
0.669153
8.4927
9.49152
7.24159
5.84187
11.6983
4.10042
11.5962
3.22181
0.0773816
10.3483
0.248584
3.01252
11.587
8.31556
6.88537
1.99501
0.00508604
0.803716
0
0
0.18143
0.00562693
0.0175477
0.300967
0.112002
2.80901
1.78347
0
0.0450329
0
0.154151
0.969863
0.0261106
4.44003
7.03351
9.67829e-06
7.11396e-09
0.717021
5.01457
0
0.0522266
11.4129
3.96829
1.89516
1.56787
14.2744
3.07981e-05
0.648927
0
0
42.1357
0
0.448022
8.61153
0.531182
0.0428382
18.9018
3.28703
0.0994827
0
0.0401842
22.2208
5.29139
0.0305633
2.04705
0.37418
0.780321
14.1603
6.9739
2.86942
8.39805
0.491789
5.72662
6.08473
1.54386
2.36218
1.14325
1.17454
0.98794
0.0706862
0.728288
46.7502
0.0529919
12.1263
6.53105
0.0593662
3.20203
6.8452
14.992
1.03169
0
0
0.0149429
8.31912e-07
0.0681956
0.927315
0
0.0380401
0.501308
0.67812
0.0146769
0.0420311
5.24382
4.60226
0.396073
11.1815
0.898667
2.3123
4.55668
2.81322
3.63016
0.253611
9.73732
3.91192
1.30273
3.12907
3.31558
10.7343
4.98542
1.32858
0.0893865
2.64509
11.3482
6.22514
5.09978
1.78346
5.90412
8.05854
1.65854
0.0453206
0
4.82242e-05
0.982855
0.815442
0.253698
0.0151213
11.0017
0.845243
0
5.9223
11.2801
6.17768
7.13627
1.12335
0.0526603
0.300559
0
0
0
0
6.02489
0
7.90975e-07
4.9104e-07
3.99574
3.90094
4.7152
0.61941
0.273211
2.01279
0.300576
0
0.617168
7.94375
8.14626e-07
3.03021
3.14135e-09
3.39215
1.76391
0
3.49355
0
5.94648e-08
0.230722
2.65882
0.97966
0.953121
6.04138
5.27411
1.93748
0.0832266
0.115522
0.973654
0.161346
2.46102
0.0196366
0.0641578
0
17.0699
3.62693
0.0563032
3.17288
0.14322
5.83118
0.000241076
0.0825964
21.1194
