24.0981
3.72378
7.37821
0.766243
3.15582
22.5503
1.16939e-07
25.3714
9.87829
12.8024
33.5896
0.887417
0.460805
2.0145
39.1648
0.22791
2.29337
56.4402
25.0374
11.7554
33.2538
0.456619
0
1.57615e-06
7.01991
8.78539
11.596
3.13234
10.2217
0.073826
2.05406
0
1.59161
2.97189
1.83762
0
2.37683
21.8151
6.89689
26.2201
20.2738
38.3921
5.97524
23.5446
1.56822
6.00109
4.68365
0
2.69859e-06
0.554743
0.776073
3.64795
18.6065
1.90722
10.8903
0.476766
35.6616
9.32177
0.0012199
0.405387
67.1442
0.834512
47.6996
2.71135
32.2738
0.688003
24.2523
15.4292
3.4403
1.4207
25.312
0.384079
0
0
2.73604
4.15178
17.909
13.0623
7.29762e-06
1.54337
0.00477438
2.17708
0.0185217
0
27.7675
2.58642
12.0205
17.0397
16.2911
11.9632
26.7659
7.11232
2.76106
4.78109
1.6404
8.74319
9.77448
13.9368
4.79329
1.58545
5.66019
37.1879
11.986
23.1519
11.9004
15.5861
3.74124
10.0491
1.17721
10.4187
3.78872
5.05734
7.80761
4.09533
7.49369
9.94387
4.21872
2.78044
3.59712
5.53055
4.65202
2.18004
0.85708
2.89835
0
3.33936
3.81229
0.850347
0
0.335946
4.65184
0.675525
2.47803e-05
9.91492
1.6531
3.32562
7.70607
1.13817
2.82673
1.98475
0.172838
0.918678
0.855795
1.95673
1.19471
0.28896
0
0
25.4765
70.5495
0.532111
0.851208
0
0.0542242
14.247
9.65045
31.7368
30.3069
35.7989
1.78004
16.2014
29.9913
6.77385
6.74321
2.79888
0.312345
13.9496
16.5471
1.63657
5.98434
9.60396
5.66138
1.39695
5.92984
2.2423
1.05214
0.019971
1.63956
0.00276111
0.333597
0.000444368
16.225
0.000526686
0.0151384
27.8642
7.75622
35.7271
5.91492
24.1164
48.4118
21.7879
26.2477
26.5043
33.3986
4.33568
0
23.5695
8.64741
17.9706
11.9134
36.0656
62.243
63.8702
52.3534
17.7984
10.1981
17.231
4.3287
54.4843
28.4147
39.6163
34.2113
0.736469
34.1805
42.4009
42.224
11.1011
41.96
38.3075
20.3243
2.36517
8.88605
53.3414
2.83117
52.0819
16.2405
25.4638
29.2504
25.9658
0.953848
2.95936
11.146
30.7534
2.19715
9.59423
9.55859
23.0934
6.06753
6.27053
12.7773
8.2008
8.51069
7.37337
4.31238
0.366167
2.59195
0.0412456
0.971419
2.26962
0.894697
0.314887
5.79111
0.00910415
0.969501
0.0187694
0
0.0013583
1.82691
0.0247499
7.00918e-06
0.00213201
0.522512
0.398893
4.10966e-05
0.000119688
0.00125813
0.00259229
0.000936622
6.58204e-05
0
6.1588
0.856727
14.7343
0.193697
0.240964
2.03787
2.17847
0.0251052
11.1308
0.0674373
25.1288
0.0363222
0.484093
0.181704
0.0152497
0.716481
2.71409
0.56331
0
21.8388
0.736707
0
16.9736
0
3.55495
0.153366
2.77959
28.6714
7.49754
7.08045
9.96921
3.5106
10.2236
9.14242
6.95429
29.5664
10.7856
6.76902
0.240404
0.527159
3.4311
1.46844
2.18599
7.09035
22.0232
21.805
28.1466
4.74612
2.36862
7.62105
0.316236
1.67803
2.28278
1.21556
40.5678
45.7604
14.7121
1.02328
0.267358
0.914847
0.0173518
0.764037
0
4.23897
3.3475
7.58075
9.25941
6.16668
9.66709
0.554082
133.125
2.78065
24.4549
1.25813
0.0438223
1.09826
0.864
3.08967
5.95452
5.09343
0.76733
0.247967
15.73
7.33845
0.000208614
1.71996
10.572
6.13283
0.815088
0.896819
4.06917
33.8739
0.00654955
2.7109
0
0.0498811
0.353456
1.20371
4.80968
1.60776
0.335369
2.77048e-05
22.9865
4.8064
9.48316
15.3644
0.130249
21.2174
26.0999
23.9959
16.6128
7.5385
1.85216
12.9868
32.4731
11.1402
11.873
32.2955
5.35696
11.7064
4.62909
3.96163
5.37075
7.26581
2.03305
26.7554
32.9817
25.0191
16.3452
42.8842
22.7799
41.226
14.3082
22.1675
34.8853
17.5282
20.0883
19.4064
22.3284
7.69566
19.1953
11.5001
15.4719
47.55
5.95624
7.21696
128.878
46.4867
13.3128
4.53498
9.31888
7.84053
10.0681
8.5767
8.22182
28.9698
38.9949
8.78726
32.8819
22.4326
30.2663
13.3276
11.4443
20.691
18.3249
12.3826
21.3852
0.458274
3.09497
5.36441
10.7779
19.3758
23.5204
31.6344
28.7131
0.915503
2.8811
0.00509773
6.11417
0.885204
7.34732
5.88277
93.2165
3.32731
13.103
15.8746
41.7024
41.0118
22.7963
19.8653
3.6525
0
0.793135
0.00167297
7.05657
1.4943
8.12917
7.31571
1.03549
3.00494
1.53535
2.8415
0.117984
0.000293618
1.35607
0.188895
4.5584
9.09334
1.67226
9.22058
16.0577
11.5447
1.31676
26.4557
30.33
16.0102
15.8036
8.31737
2.61872
12.7919
27.9264
83.3825
27.5683
0.699838
2.81056
18.9229
1.3889
1.42006
0.0287098
0.977322
31.4283
81.0419
50.0578
26.1712
64.0614
26.5647
10.9317
46.128
0.000387166
15.2444
8.46164
8.77746
0.161838
21.5938
18.2703
25.0316
39.176
2.54461
33.7726
13.6537
6.16233
16.7358
8.71843
0
0
30.4161
0.271265
3.43647
0.731616
1.52003
7.95798
11.3313
1.09651
5.87424
1.26291
8.25629
1.04589
0.996174
1.7973
20.3056
5.47613
0.0826854
11.5155
25.3842
9.92473
3.71695
6.7851
3.33654
11.6387
17.5329
36.2517
29.7522
0
43.2212
0.74694
36.9533
69.3032
55.6231
46.2602
48.7997
27.7248
2.3704
0.162289
13.553
0.000507653
0
5.82405
0.0059431
4.34254
10.5776
4.91865
43.594
1.02825
2.25841
3.34416
0.447455
1.09606
13.7193
47.6123
1.59007
0.777726
7.11241
1.73159
8.96684
9.50909
1.09617
11.9863
1.61149
9.06957
4.61516
5.94384
0.961699
33.6513
1.36427
21.9563
23.2914
107.781
2.10106
0.664024
61.1256
23.5251
37.3089
31.0105
2.76648
9.82245
30.9791
0.239182
0.00981404
0.918324
0.865417
0.285846
0.0458075
26.948
11.5405
9.13564
0.858881
0.864707
2.21507
7.25965
0.00724768
0.733584
10.6643
3.47854
6.90105
3.31313
0.427519
3.69812
5.0925
2.24631
0.0451993
0.56238
0.0364274
1.80452e-05
3.94576
42.6875
0.264574
59.9664
7.39904
5.27653
1.84626
13.414
2.28687
15.1753
16.6457
0.690542
0.00170838
0
1.38661
15.8083
43.1114
0.499406
18.769
0.678362
17.8158
31.285
13.1348
29.4755
1.54456
1.90318
0.314729
0
0
0.0243783
1.30415
0
30.1166
37.5174
54.6416
13.5462
8.43041
1.8924
17.7295
48.0343
16.7347
30.1911
0.00132718
4.74148
0.446084
24.3702
31.7022
5.10618
0
77.1922
19.6597
4.66777
7.234
0.0266208
1.36844
4.97521
6.67022
8.12432
15.4461
25.8017
7.20538
26.0164
2.61497
8.18714
1.8876
0.00162775
0.00493363
0.0208984
0.0261175
0.0509539
0.406169
0.911512
38.3635
4.1879
5.41459
4.08054
0
21.9895
3.39939
4.82547
10.7054
22.0727
19.497
3.82534
13.8055
8.59817
23.2435
33.851
40.2548
42.0924
36.9639
54.0121
0
7.51949
82.1453
3.46474
0.115093
10.0098
0.458166
37.7907
82.8665
11.4998
23.557
21.134
10.3311
17.7118
0.0204835
0.0540572
25.7121
52.923
0.834246
0.555374
0.328358
1.8668
76.3257
1.66004
0.295704
0.69724
1.80235
0.000876948
2.40435
2.20479
8.1
13.4267
7.41262
0.109664
0
0.17396
13.0049
6.34166
0
2.75578
27.522
2.74892
40.1684
1.6423
14.2727
28.3306
4.70372
52.4017
1.47794
6.70934
5.6412
1.15009
8.83326e-08
0
9.42415e-05
2.64974e-05
3.54135
2.83269e-05
0
0
14.808
24.7274
9.038
74.2344
18.6363
5.72811
22.35
2.09254
5.41795
2.14459
0
37.1243
1.78648
18.4627
5.37584
29.8316
11.9781
27.2403
0.945974
0
17.2374
0.00115604
19.7251
0.00529612
0.462056
3.20309
16.622
23.175
5.24329
13.4927
12.0509
38.1046
1.50428
0
1.58442
6.80974
1.63506
0.0103924
0.912894
0
0
3.30138
8.85204
2.56556
1.49903
6.2803
27.2155
8.53496
9.06731
9.32852
6.06586
37.3987
0.000168502
1.69321
2.65165
43.2843
7.86679
4.71009
1.68619
0.30776
0.832354
7.9729
35.8784
7.11343
30.8331
0.0205849
13.2711
23.26
9.38745
0.000422446
14.9155
3.34532
0.0822342
13.3349
0.0253916
0.0326559
21.5416
0.813052
0.766053
0.886687
12.3474
0.947363
0.926938
1.72805
12.3439
4.36379
0.573792
0.0145107
23.4871
0
38.5344
0.00861839
6.60922
0.0237203
1.17466
1.805
1.13402
3.94306
0.231563
1.74849
12.9363
6.93485
9.5811
5.3922
0.00644283
23.9157
17.8076
5.13339
4.18591
1.29702
19.3318
1.70422
11.5195
18.4593
5.58612
16.906
7.43405
37.8194
11.3004
12.7171
10.7863
0.981522
9.93612
1.31808
1.41734
15.8235
3.07002
2.58873
2.10307
10.892
16.1794
0.164473
17.8942
3.04933
0.0218675
0.131372
0.412658
1.11441
21.0203
4.24861
10.4575
7.52912
3.1628
0.295045
0.522793
8.53047
27.8685
0
23.4397
17.2599
6.90065
0.04493
0.262659
0
34.6093
1.59971
30.7429
54.9381
0
0
18.9575
0
0
44.9252
27.1139
17.0631
9.00877e-06
11.364
51.4748
0.741343
4.74115
2.39628
17.6588
0.551569
0.323994
42.8661
1.67948
0.238764
0.109957
5.40775
1.78907
10.452
14.2045
1.65414
1.60938
1.46877
0.000191907
22.3897
12.6486
1.92741
9.04722
40.6535
25.7421
30.1742
0
0.00221298
4.50815
0.973938
2.58036
0.540642
5.85617
0.520076
0.0935076
26.5165
0.295243
13.3118
11.7001
0.971824
0.0175393
3.24843
0.952455
0.000525232
12.861
25.5197
2.94547
36.9218
22.1906
0.898138
2.46908
0.792967
1.3807
8.24124
5.63078
3.61134
1.05571
0.076536
0.985252
8.86461
0.95255
0
4.25451
1.37488
3.84094
38.1855
7.06851
1.20825
1.1996
42.3647
53.8679
2.31914
1.53745
2.15163
1.39664
1.60465
19.4542
0.117437
0.0421352
13.3002
1.83388
0.551856
0.667031
9.47673
16.1482
0.531607
3.48723
0.695579
6.19019
0.0152077
0.00363826
2.10785
36.9804
0.505548
41.9611
1.01433
14.7239
0.81443
29.0558
20.7836
15.3721
41.852
8.8269
8.86751
44.1709
31.4594
0.784364
0
0.847364
17.3072
11.2006
9.94745
10.9372
1.71734
0.610729
0.351011
16.4889
42.4253
39.2862
26.9363
5.90627
96.3758
10.9822
11.0016
51.1108
20.0812
2.8362
6.72577
3.81483
17.2382
2.33063
0
32.0477
18.7199
0.0632029
8.02461
3.4289
0
36.141
9.56606
18.3302
0.735655
11.163
2.8508
2.87789
21.5603
53.1646
13.7058
45.3731
16.3245
9.69735
0.549423
0
0.000874332
14.4838
20.3996
25.4509
32.7792
18.7031
9.76649
8.44298
21.0614
23.8827
48.5246
50.853
50.3482
9.28909
19.859
0.0149739
0.0164308
0.0836533
3.0964
2.18765
4.25445
2.16518
2.17498
27.0075
0.89813
3.19112
3.95824
16.6827
14.4965
28.4601
10.9351
20.4906
20.6076
4.58144
0.959603
6.00104
20.7372
30.3618
0.0157769
9.47461
8.63269
5.52559
26.2846
27.1662
26.2318
0.109084
0.199643
1.7088
16.8529
13.7075
1.93031
1.2021
7.74508
0.541222
1.88645e-07
0
0.0430903
0.123696
30.6391
0.761088
16.297
2.65939e-05
21.3507
12.8194
1.47933
0.844031
0.0497093
10.0398
12.333
29.8592
27.6253
1.67991
0.948786
14.7923
21.8425
4.28269
0.37379
21.4144
20.3191
13.5309
4.69453e-06
14.0963
4.74962
6.77773
11.7947
0.302646
0.844291
8.43223
0.572231
0
1.38873
0
0
14.908
0
1.16405
12.3106
2.37984
6.5296
7.34456
9.07204
13.8774
0
21.0342
9.15087e-08
7.62593
8.97627
0.048482
6.35457
15.8309
7.08277
0.994901
0.699798
0.892375
20.295
24.1129
6.77931
17.0161
0
12.6444
23.0688
28.1028
0.669817
8.89056
7.61443
49.85
15.9697
2.06444
1.53759
1.30157
10.2468
0.30654
11.7705
0.00360551
0.0275965
0.00454142
0.19862
11.6069
0
0
0.0693388
6.98939
0
7.64037
16.4414
1.01557
11.7369
1.04555
10.1714
3.76674
12.4082
0.00109861
0
0.198985
0
0
0
0.204501
0.958764
84.6115
8.4572
2.14921
7.64821
3.45511
1.14951
6.72265
9.71459
0.582601
14.5623
12.9488
21.1405
16.7145
27.6249
27.6808
21.2692
0.451999
13.1724
39.7046
27.1668
22.1921
38.8866
5.00643
25.2513
15.2343
9.97489e-07
15.1439
0.0376545
0.107266
23.8796
0.00139961
0.244478
0.00188475
0.347117
0.54696
0.386428
0.926749
0.109897
24.7889
6.71873
0.000160523
2.66817e-06
1.19416e-05
0.00157574
0.744115
3.56123e-06
3.65186e-06
0.0114722
0.826856
10.0099
3.73515
37.8242
33.5754
3.76814
0.661161
25.4677
17.809
2.5524
0.113659
21.58
1.5531
5.26477
20.6296
0.353601
0.118538
0
1.15422
8.79783
11.0164
3.75323
1.31582
0.162808
0
4.33537
4.11819
13.1496
19.5812
0
10.9339
4.55759
5.98148
1.11894e-06
0.743652
20.5219
0
0.000146347
0.0406551
16.7371
49.4646
5.15611
5.34709
27.1717
0.786146
45.2872
25.9837
4.82099
18.3957
0.00123643
5.54165
0
9.02092
13.5944
6.41152
15.8781
0.15572
1.94693
1.36356
9.64359e-05
0.0108124
2.00099
1.33375
0
8.47723
0
4.19534
4.03302
0.134982
26.197
0.0901125
11.779
2.53873
2.18238
1.8453
5.8902e-07
0.089911
0.901121
16.9789
9.02928
5.29444
30.1952
15.5917
16.7182
0.134195
16.9275
39.3414
0
7.33687
0
0.985087
0
2.37639
26.4259
0.0166417
2.11392
0.0600557
16.6074
4.57637
21.4732
6.19362
7.34293
2.97455
1.59258
0.171649
0.0241453
0.0957517
5.62569
7.04334
0.0119393
0
4.01444
3.2086
17.8638
8.0883
3.29246
0.950866
19.272
7.99059
0.0392163
95.1131
0.799516
11.4873
8.40321
3.1142
33.8422
51.2381
2.02447
1.40249
48.5145
42.5101
8.29208
11.5838
2.14264
68.2436
4.19887
9.8363
8.69613e-05
7.1877
11.054
12.0773
12.3109
35.4195
7.27818
8.15432
11.0931
8.85085
57.7882
5.54283
0.000208847
0.000408346
0.236231
1.23225
2.57036
0.0150119
3.92054
0.319431
33.5045
0.618787
1.01236
3.98132
3.26767
0.831711
19.3344
2.07561
4.80561
22.7521
26.4374
8.09973
31.2514
14.1648
4.26476
2.17218
36.6174
29.5384
28.3963
14.7848
0
0
15.7933
4.66246
2.60899
0.727792
4.39395
0.907581
0.400459
0.677705
0.0319673
0
0.0209335
0.0106687
7.63922
2.39383
5.36867
0.000214441
57.7657
0.986765
0.704589
2.95454
5.26477
0.111563
5.23134
8.96645
4.99783e-06
8.42888
37.8454
8.01692
0.00219246
78.718
3.22776
1.39195
3.45793
0.13932
1.63643
0.11844
3.66082e-06
0.989544
6.77345
0.123275
3.35728
0
0.0357964
3.30016
12.7991
0.874399
5.5629e-06
7.69038e-07
1.32233
1.90535
25.2848
0
34.5802
0
55.4795
2.56311e-05
3.75375
5.15524
0.367904
0.951942
10.2407
3.10082
3.77772
0.000128184
28.0432
8.81605
2.20353
10.2202
7.23449
11.0963
0.0246418
0.274429
1.29035
0.601917
0.484933
2.31932
1.46959
2.90669
1.06201
69.1252
10.185
0.541899
1.38088
2.1025
0.544231
0.00830054
0.175903
7.69842
1.1154
0.927679
0.697999
2.01452
1.22464
1.52271
1.74024
3.35356
1.71846
0
0.0421614
1.02321
0.57787
0
0.0601054
2.67867e-06
0
0
1.07685
0
5.72169e-07
0.00593041
0.00589317
20.9865
6.61917e-07
4.98131
3.5977
0.311134
0
67.6959
2.02237
9.44171
0.221879
0.550212
2.18923
0.0119679
1.10469
2.06705
0.109802
0.000716125
2.27833
0.000118603
0.110795
1.85164
16.1779
0.271707
0.0892858
17.4356
1.34174
0.610775
17.8979
0.00185415
0.526719
0.843865
2.39996
8.14876
0.394978
0.378717
0.042089
2.2189
9.34913e-07
0
13.0852
0.966161
1.71572
1.61837
1.61552
0.00823149
0.211971
1.89745
0
0.519381
0
16.9127
2.71407
19.0978
2.45605e-06
0.14963
0.868815
0.00692197
0.0550041
0.0613578
0.0853256
0
0.76389
18.6501
0.00114119
18.956
31.7617
17.4233
57.5999
0.618995
13.9261
6.19644
22.8308
1.97115
0
12.903
0.195377
23.2117
0.302458
3.38924
0.27322
0
0.0465607
24.8081
8.90691
0.0908873
0.0256482
9.58922
3.32803
21.7115
16.0516
9.02621
24.0655
11.2783
42.6524
1.74829
1.49212
21.0887
0
15.4101
12.955
40.871
75.6394
3.47597
16.2291
35.7611
15.1399
84.661
77.4554
54.5377
3.03016
7.67537
0.12383
20.5278
9.42927
0.0283164
0.010485
0
0
6.08626
16.917
7.08322
0
0.517982
0.0160937
0.0912797
2.0147
6.96461
1.05987
3.61467
1.14971
13.0549
8.56668
11.0951
2.36302
4.70145
0.0274465
0.798698
2.78144
7.99132
6.92897
1.29228
0.0450703
0.324161
5.85373
1.47539
0.819926
0
0
0
2.5212
2.15041
0.997581
0.911332
0
0.63285
0.217687
0.787911
0.0620425
1.43006
0.196808
0
0.0713481
1.71651e-06
0.00054551
0.0271068
0.594746
0.0697562
0.511799
1.00384
0.686443
0.0136524
3.85042
0.0126508
0.000107375
4.8188e-08
0
0
17.284
2.56952e-08
5.53835
0
0
0
12.07
0.945303
0.000198043
0
0.754703
0.00306891
9.73462
0
0.205809
4.59567
0
0
5.08421
0.655304
8.52131
0.00841111
2.84928
0.0447719
12.0334
26.4577
1.90171
25.9392
26.5518
20.4088
21.853
36.0735
27.0733
37.6661
79.5438
42.4485
51.121
16.3392
0.000281002
0.0286148
26.966
19.9387
39.0577
30.7652
24.8044
11.5781
5.82997
22.627
28.9547
53.484
11.8923
21.4342
44.2666
35.5808
27.9258
25.0663
0
24.8912
0
26.6092
37.7052
87.0864
55.4355
12.8346
18.7179
34.0164
21.7369
0.389135
27.9697
30.0932
11.7953
19.8871
54.0459
43.6637
39.9461
49.2083
26.2993
42.1232
15.4249
33.9708
0.378172
28.3883
22.1586
19.8765
0
18.8436
13.3099
0.096105
1.03388
5.62377
0
7.19828
2.42843
5.6997
5.70994
22.3967
3.35993
3.59759
3.78609
0.502708
1.09433
0.406936
10.4877
1.14761
0
0.96895
7.45271
0.617127
0.00228902
0.826249
0.81377
0.406301
0.805919
0.656718
0
2.27743
0
12.9208
6.87577
2.46074
1.12951
0.807683
1.71265
9.32643
9.60355
82.4911
27.4471
19.482
19.3906
21.6853
54.1002
22.8569
70.1312
26.5976
37.8301
14.1046
4.01986e-06
7.71616
13.3385
32.9198
0
22.344
0
2.29438
5.90121
1.02506
10.0542
12.7003
15.313
4.5539
18.5008
0
0
7.42954
4.45052
2.53381
0.0040516
7.4749
0.000346758
0.255648
4.66067
0.0688668
0
1.03152
9.33535
2.5781
0.000109092
0
0
1.90533e-07
0.130069
0.0319941
0.845644
66.315
0.820897
0.16224
1.03588
0
20.3339
13.4105
0.962829
0.656788
50.1143
19.5915
1.02414
23.2121
0.553015
5.8125
0.0136925
0.0164294
1.24879
5.37249
0.796217
28.6284
2.26337
40.9853
2.26082
0.526026
0.0269001
0.0333261
8.46216e-06
34.5663
0.0874626
0.511744
3.02297
17.4636
1.6415
11.0619
7.15108
4.53405
16.4307
19.4473
27.0231
2.20392
8.57593
16.5156
4.04741
0.402425
44.7124
1.93627
0.0111436
6.32219
1.90004
9.11018
1.5524
33.8406
11.1577
14.0385
2.92527
58.1719
5.98581
3.25902
2.45078
4.25018
20.5175
9.50283
8.27495
46.3286
3.99617
0.0263363
0.000364972
0.0669684
1.33725
0.0297215
8.01145
20.9763
27.0912
27.5298
2.15538
30.6672
33.1217
10.1831
17.9823
4.2288
120.89
11.4083
4.02851
6.32467
44.6992
48.2003
33.4053
26.9834
6.79262
2.74174
0
0
0.121969
1.36398
0.535952
0.013303
1.63987e-05
6.48824
21.7321
28.9112
0.466892
11.2013
0
0
0.550704
0.390826
0.0947515
0.0454153
0.75479
0.124698
6.52023
1.91002
2.30069
36.2862
2.52464
18.2158
5.94526
6.85268
0
0.0731532
14.0958
2.41799
0
18.5315
9.53436
16.2235
1.27159
5.12318
10.1565
0.643151
4.75594
17.2118
0.0335339
0.509812
0.117444
1.15335
0.732969
0.0249567
24.611
0.0215904
31.0936
16.2145
45.7567
0
0.131096
7.35186e-06
0.0481697
0.603717
26.6353
21.3807
35.5629
6.05173e-05
34.4841
14.8847
16.7343
4.60067
2.55395
0.614895
23.6932
0.00018973
0.181364
1.26771
2.19705
0.379839
0.122654
0
0
0
0
0
1.00392
0
0.490328
0
0
2.26585
0.91773
0
0
5.09032
0.0380499
0.142519
0.206654
0.829357
0.825714
10.4975
13.2616
0.554144
3.06435
0.411266
0.0018681
0.299293
2.96986
0.00512578
14.592
1.8894
9.2629
2.01733
9.62682
2.70479
5.118
2.56131
11.6437
10.277
4.90168
6.23791
12.0622
10.2384
20.7928
7.60793
12.7344
24.9826
17.4321
17.0037
14.7186
15.4153
12.856
19.6816
18.7367
19.6692
16.7453
8.21984
16.7061
16.072
7.15537
7.15409
4.08848
11.8756
15.1696
13.2657
8.57082
4.30221
4.34289
3.95026
0.184961
0
0.013004
0
0
34.1386
20.114
2.46791
2.84069
4.85886
6.19318
0.599651
0.000902512
8.01688
0.00930487
25.2716
3.11616
1.07617
2.08841
24.2069
28.2149
2.73894
8.92017
5.95519
13.8977
21.0419
4.03014
36.5301
0
29.2321
22.3874
9.32571
24.8582
7.16607
24.506
19.9134
9.73609
7.96652
15.0342
45.8783
14.9636
5.3592
5.85514
2.44678
5.81862
37.4746
13.3036
68.5912
18.7988
28.1073
21.824
20.1916
28.7667
22.6346
13.6921
12.253
24.0522
10.1678
13.0404
21.8978
15.3826
13.531
0
0
0.929162
0.939337
5.51568
16.9685
5.86282
5.40662
4.0158
9.66207
8.23072
9.86079
26.266
5.75948
16.356
15.0563
5.25084
2.53989
4.38952
5.08978
4.07157
6.23372
80.0072
5.23176
4.15092
12.1743
14.4668
8.87451
2.58813
11.8467
6.80264
34.7851
15.6163
13.8661
15.7161
6.71604
8.4684
14.3184
36.0213
58.0248
18.8412
21.7536
12.5985
0
1.77641
0
5.59763
12.6687
4.14949
4.60654
2.859e-07
10.9366
21.0645
14.5516
14.765
11.5156
15.3362
21.2002
28.3379
0
0
0.0149597
125.251
118.805
89.4525
4.40955
128.429
4.37133
29.3872
2.56287
2.12356
0
10.3624
13.7523
3.01087
11.0527
35.3006
25.2038
25.6953
11.797
0.0566302
95.4711
10.757
59.4426
16.9029
7.58212
50.3866
69.8055
31.5194
23.0995
29.9148
30.8142
21.0966
28.8967
11.5135
16.2934
27.6161
48.3563
4.77954
36.3816
23.2061
19.6985
25.5589
37.7082
15.2428
12.6573
39.9652
24.804
53.5719
7.64046
7.91707
0
15.5505
0
4.01139
18.0516
24.0534
17.8287
19.0336
8.20609
16.0493
11.2244
8.78929
12.2965
15.0508
20.8162
7.93414
21.3759
14.458
15.4725
8.09945
12.7747
12.8163
7.69064
14.0013
18.617
0.755774
13.4879
5.44454
15.5365
0.436296
18.0788
4.31701e-06
1.78615
2.12146
15.8001
11.8918
21.8855
1.278
10.4711
24.1408
6.91379
3.9452
1.69111
5.7551
4.62762
7.84918
6.03764
6.50584
1.18159
18.179
2.07025
0.360287
0.876053
5.25514
3.9636
2.08175
1.72835
0.803946
2.8916
0.149458
0.558629
3.32778
2.08882
3.50277
17.9837
2.49873
5.35143
4.29663
0.467391
3.01885
1.7809
0.445324
1.69542
2.77053
2.32512
0.652484
1.04375
0.152604
2.24511
0.924162
21.7838
0.0170279
0.0679477
2.04439
1.52049
9.02434
0.375112
1.3651
0.232596
0.0985022
0.784978
2.50035
17.288
0.000793605
15.8998
1.11644
25.7874
1.35487
19.4315
1.18317
0.482763
24.5447
1.40852
31.9063
33.2246
40.894
0.0642401
12.5282
0.955974
0.207737
0.0432619
0.0249371
18.4141
32.3704
3.20986
0.00304297
30.051
0.078517
0.0194371
1.26485
0.00190249
1.07115
0
1.45771
0
4.54435
20.8395
33.6301
0.862102
18.413
2.55918
0.00366647
8.27531
28.1725
2.76342
20.844
1.23421
15.8389
11.058
17.2766
2.03547
0
0.761085
0
4.07122
47.0789
1.24225
0.944865
0
3.43652
0.000676387
1.18054
1.56924
0.885896
0.0877434
0.00938671
3.08981
0.418942
4.29122
0.693355
5.78068
0
1.87909
0
3.82084
0.000730267
0.00392298
2.96484
0.00115283
0.012679
0.559545
0
0.0113024
0
2.10688
16.2542
4.26181
21.1703
24.658
25.8883
5.53134
8.48303
0
0.0938971
1.18047
0.0549875
5.01502
6.17764
9.69807
1.0207e-06
1.7826
14.2209
29.9584
32.5354
25.8396
1.89245
1.13259
6.84296
15.9431
4.76606
15.7734
16.2754
9.09279
24.1051
8.80029
4.75942
16.0293
16.0144
11.4272
31.9895
2.98575
43.0153
11.2433
182.066
0.0886106
125.596
93.8082
11.3534
0.00267899
0.852104
0.0126256
0
2.0408
0.00614325
0.964729
0.935476
2.55412
1.17987
9.60495
0.00836327
5.41891
0.654169
24.4649
8.34569
8.40535
18.1585
17.4954
13.1858
3.90359
0
15.3552
19.9111
18.1064
11.0408
19.7407
12.6498
19.2751
0.350621
7.89355
2.15882
25.0881
13.1981
8.75735
1.7542
0.893818
10.2378
18.0302
58.3386
6.06933
9.05118
14.5131
2.04819
2.86888
6.74677
6.0903
2.60275
7.06249
0.638538
5.60308
34.5223
3.25462
0.960546
6.31855
1.95078
7.94702
9.82757
4.31556
11.2829
2.59257
63.7582
0.920536
25.4442
22.421
18.7911
23.5543
40.2077
34.5576
3.47019
5.84304
0.0115143
1.07759
7.31995
7.60184
7.26221
2.4182
11.7052
9.98022
8.88199
13.5605
17.383
36.8683
10.9666
8.4335
0
0.279209
0.000643562
10.7024
0.866636
7.49224
3.25618
0.112947
1.67749e-05
0.93749
0.000213424
1.83988
2.92852
16.204
5.21499
0.666526
0.183287
0.151474
18.8291
24.1585
10.2446
2.83474
40.5051
0.866056
3.12879
0.13764
71.7623
1.64802
39.4736
1.55819
0.249038
29.1523
0.203577
0
0.921324
1.91042
2.11294
0.00406313
0
0
1.80453
0.208808
0.56526
1.30629
0.676634
2.85361
0.000218535
1.41961e-06
5.32465
14.6403
12.8248
4.02548
0.00193044
1.85906
11.6964
0.0412004
0.013765
0.568164
0.0322634
39.3393
0.986868
17.8607
30.2241
48.3635
17.6819
73.349
13.4103
41.7582
5.80882
11.8993
4.98257
2.70954
7.02941
1.24484
2.70778
1.32641e-06
53.9304
0
40.3634
28.5394
16.0197
4.93587
13.8181
23.0813
1.87265
38.8553
15.2663
10.5649
35.5382
1.32334
30.2256
0.05151
33.5553
13.637
0.638263
12.0192
10.7225
2.7047
0.44506
1.50093e-06
12.9478
0.0793044
16.9304
15.2828
6.13376
0.0681679
54.7845
41.0713
11.8123
7.65139
14.0464
11.4071
36.7246
4.63765
14.8704
10.6578
27.1701
17.3674
32.3156
11.3608
16.6743
0.003132
8.2861
26.1716
96.8261
27.0992
19.6212
30.227
15.6989
12.5132
13.644
36.2535
11.7487
38.3042
32.7369
11.6609
41.9794
45.2649
17.1854
42.5525
24.8366
0.0329288
23.9968
33.2904
14.6807
11.4999
49.9048
0.684079
34.9063
43.6495
6.70129
0
0
37.3953
10.4316
23.2948
19.9208
8.25843
33.2727
20.6545
7.04745
20.4657
19.9553
18.1615
5.05077
27.8322
31.7631
22.7592
28.3702
39.7272
12.4994
22.83
25.9319
32.5604
51.1884
0.305155
43.257
23.4331
20.8406
1.78687
29.919
34.3804
92.1583
43.1774
0.12845
25.472
44.2041
26.0784
0.0226187
18.1028
15.8563
22.6608
26.6949
15.1929
20.3903
22.2921
2.0327
0
3.3177
1.18656
26.28
2.44113
8.18501
33.7344
20.6583
29.5522
20.1026
3.65757
15.3024
0
17.0259
12.609
7.51628
12.3125
18.5008
33.0419
32.8209
62.3818
21.6762
21.8122
14.5511
16.7514
1.46514
25.0815
15.9639
20.7882
0.511354
17.887
11.3885
22.0871
15.5452
6.35828
28.3007
27.8227
0.997247
16.214
16.0963
13.5346
17.7064
6.93965
1.83164
2.1894
18.0231
11.6339
0.886237
7.0946
2.38631
7.02885
1.35866
21.3568
2.32721
16.0923
32.0033
8.63385
13.9153
14.8622
0.480215
41.0155
0
4.6017
3.22204
12.951
0.124948
5.97746
25.0977
14.6513
4.22063
6.96359
11.8979
33.1422
18.9735
30.8426
8.44582
17.1651
23.4322
20.1511
22.9829
6.41332
28.3917
33.3234
0.00149889
12.3035
21.0357
35.9433
20.4225
3.66699
21.0184
1.26548
13.123
6.16379
23.4402
29.5478
13.2432
36.2967
15.4561
13.5384
29.6324
8.10421
13.5529
17.7115
25.8193
17.85
0.278426
16.0949
8.94953
6.77273
59.1857
0.621974
0.816326
17.8985
4.56309
45.5616
19.4001
0.256006
16.5046
0.0531474
26.3601
3.19841
23.1649
0.757663
3.65464
14.2397
4.01921
19.8765
4.72071
3.30951
10.3755
0.954377
3.73642
18.0081
4.33546
3.89072
13.0387
20.9247
14.6494
3.98994
15.7275
7.40708
0.932324
12.152
5.17413
10.4386
14.9866
26.8635
20.3803
0
11.3672
0.0833805
22.6435
4.21923
2.0175
14.4531
3.04094
2.77672
107.027
0.830667
102.337
1.34383
53.4961
5.57277
2.14776
32.4342
0.282663
0.603587
0.97721
0.240066
0.034099
43.7558
9.05414
6.51371
15.2173
20.5382
15.9256
16.2318
4.51811
26.0121
7.76553
22.0242
42.3816
0.67824
82.2221
46.7313
0.0846085
39.716
2.29002
36.048
7.88285
0.0356561
27.4526
2.80209
3.23977
9.34826
3.18716
0.751209
0.979994
1.44329
0.0706022
5.67015
21.2112
10.5153
0.528242
4.85143
16.5653
18.0182
17.446
10.9584
9.16086
12.1141
12.4169
5.35509
19.4501
16.463
0.69401
8.8115
12.7168
9.72913
6.10556
0.0171355
11.6929
13.1731
19.1527
13.9288
6.4403
6.68049
111.48
11.0047
19.055
13.0809
148.164
5.29067
3.57944
6.43797
7.01526
16.2383
5.80536
8.12747
8.35332
4.96157
5.77913
2.92017
6.57635
10.9465
140.751
12.4032
79.9369
13.0675
0.00144698
27.1367
80.5622
0.99869
0
0
0.0588069
3.64369
2.03859
0
0.0713522
1.00587
5.01492
1.83157
0.5046
17.2293
0.287644
14.4669
35.6838
0.584174
0
31.7213
1.17127
20.1508
0.0940709
5.92341
3.49828
0.117122
1.25998
3.8593e-06
1.82149
1.38232e-07
0.600309
9.46802
9.95923
1.88879
5.32711
0.787822
0.166296
0
0
0.0277222
6.81033
32.6089
33.2979
1.28207
17.2845
0.873911
15.9048
4.45996
28.0073
17.7015
19.0046
27.8418
34.7188
10.9043
9.04209
15.6286
30.1415
22.352
5.48259
2.38303
65.2561
14.1062
33.5584
18.4291
23.1864
1.70417
40.6439
0
0.31331
30.7144
22.6983
5.1154
6.76597
6.23232
7.7537
14.6218
0.694729
2.47561
9.55555
11.7859
20.3008
14.3812
22.7246
22.7908
7.31288
0.756705
6.32189
6.19396
9.09949
9.45423
14.3601
8.01832
4.87244
27.8599
0.258802
5.61219
0.650687
0.76547
5.09151
1.34374
1.14661
0.961452
0.752066
38.7561
37.9257
10.0603
5.619
13.5948
8.63902
28.9349
26.0855
16.545
0.0114187
0
3.47949
9.36334
5.45226
12.0002
25.2631
5.91678
22.8878
24.6292
0.179265
0.000402365
3.80277
25.545
10.1358
10.2052
9.32519
3.61877
25.3697
6.33202
1.17234
5.58375
0.0299032
1.82496
0.534115
11.3829
15.0621
3.28177
0.551745
32.9721
5.98364
0
2.25675e-08
1.39441
0.0215407
0
0.000170287
10.8131
3.7934
3.64579
0
2.55654
0.253431
35.6774
0.131016
43.0059
39.5535
0.0134541
56.8718
4.34958
0.208075
3.18721
49.6968
6.14064
0.663587
0.709961
0.693794
0.0836109
0.885079
0.978821
0.218695
0.88953
11.4832
11.4746
19.3418
15.0778
5.79059
5.55768
0.727153
30.7703
3.41501
5.08217
5.37473
6.0498
11.8942
22.2383
37.6344
12.6299
34.4628
49.1469
7.66796
8.54788
13.3748
3.17051
26.7004
9.18831
8.52113
42.6581
12.7565
5.66569
2.7377
7.31437
49.5921
0
0
0.010287
0.0879961
3.60318e-06
0.00128115
0.331346
0
2.1565
3.11742
2.97947
15.7619
0.000280018
2.76666
2.25101e-08
3.97524
0.047774
24.9507
25.2989
17.8385
28.8659
31.573
43.0123
22.1873
5.6076
1.49573
11.1061
14.1424
1.37877
15.4243
9.99442
1.04568
3.17177
21.2371
3.16576
23.1886
9.27229
14.972
22.564
13.7156
4.54678
19.9067
0.307794
6.37341
1.36967e-07
13.8854
3.86734
1.67021
22.9323
15.5966
0
26.2099
7.61096
25.1371
16.6832
0.998767
11.9611
18.4331
13.0284
13.174
24.3333
24.8091
1.68029
5.56509
12.7817
9.80276
4.62789
0.243724
38.1609
0.597361
2.50149
3.15229
2.49647
3.57419
1.77406
1.10205
1.93858
3.74349
1.43851
3.35747
0.461354
2.36436
5.38279
2.40638
5.08339
4.29588
2.65013
1.25999
0.739257
1.1845
2.15581
1.76351
1.01949
1.70488
0.163996
1.30725
0.707559
0.00769623
0.117049
1.65701
83.3873
3.15143
31.9069
23.8205
4.58876
10.2985
38.697
0
1.9321
0
7.8433
0
7.5367
18.8923
14.146
0.471303
7.51113
14.5765
23.7301
28.3631
11.9797
33.8909
40.5262
6.41777
27.1494
42.1431
0.927577
2.28432
15.1084
0.020535
2.44444
47.4543
0
3.01822
0.612231
7.27501
0.00314324
8.6019e-07
0.399913
0
2.56722
0.00542666
1.29836
0.0124916
5.47476e-06
25.4226
14.4471
22.3358
13.5427
1.0786
34.6033
25.7331
7.40953
32.1268
40.9474
27.0334
4.43068
0.000142561
0
23.0167
0.862777
0.521729
0.766019
2.67269
3.33971
0.276455
11.504
0.413089
3.3181
33.1494
2.84342
1.11705
0.674508
0.00551106
28.6812
20.2115
0
4.06751e-08
1.66044e-06
3.29381e-07
0
0.527645
82.1169
0.304463
2.86695
11.1436
0.348262
1.5414
4.62266
0.0623787
0.9882
0.908019
32.3543
42.7974
1.28667
0.837205
1.14947
1.27333
9.77441
1.12552
0.209565
0.602025
4.65598
0.251873
1.6645
0.130612
0.0178095
0.0830861
0.731141
3.19689
0.0627814
0
0.00787059
5.80165
0.0791415
0.406725
3.32643
0
2.3207e-08
0
0.137338
0.0186574
0.0533212
4.42237e-05
0
0
8.00634e-07
0
0
1.73883
23.6606
1.85486
1.39382
1.26385
0
0.366217
3.59073
14.9882
0
1.39982
0
0.874931
5.69389
43.8549
3.36775
0.880549
4.59073
0
5.88158
25.4057
15.0998
7.3492
0.0814302
5.22151
5.21543
6.39848
4.78572
0.00852578
0.0587174
3.11354
0.00049672
0
0.600393
0.00718665
1.14442
6.66111
15.968
14.114
26.1212
0
26.397
5.81018
7.67094
10.4412
0
21.0307
54.1189
3.04893
2.64035
8.08941
15.3306
0.283713
1.55041
0.0377912
0.774238
35.1834
4.99751
0.853183
16.9728
1.10095e-06
0.207002
2.09871
3.54036
0.1959
2.14694
17.892
0
1.67337e-06
2.34906
0.316521
1.80088
1.4309
0.718125
1.0212
0.000916873
3.12926
10.9533
4.34471
0.32356
14.8286
24.8284
1.45331
0.708686
2.6543
1.46421
2.42742
31.9204
9.00387
1.63363
0.00117725
4.10905
69.7902
22.3683
29.5786
0
18.161
33.6654
43.7974
59.1568
2.0636
1.28414
36.5297
1.72993
66.8602
2.31154
5.06744
20.1046
1.16263
0.0134005
0.28297
0.74074
29.2017
1.72895
3.04646
17.4382
24.6273
1.02114
24.262
14.205
4.44238
17.2919
1.00439
15.7655
29.7207
0.49939
4.81898
30.8276
9.59287
1.72075
2.28476
39.7812
11.0736
15.3252
19.7893
17.4516
5.78669
16.247
13.181
1.42256
24.365
0.0184223
12.5509
20.7119
15.5871
17.4734
1.47138
2.93957
0.797457
2.52406
3.18791
3.71909
3.91012
2.03209
8.82124e-05
2.08597
5.58302
1.71521
0.00117345
0.65621
0.00745889
2.53099
0.130606
0.00486431
13.5924
13.7309
3.65436
0.000131217
5.88773
32.5862
0.467965
6.37686
69.89
3.79263
6.87157
38.1661
23.7646
0.149823
2.88711
0.0105107
0
38.736
0
0.801653
52.2231
2.48412
0.02189
85.3313
6.03415
0.377508
0.325246
0.435639
39.5747
2.85648
0.0247294
79.49
21.1307
4.85147
17.5946
23.0022
13.697
12.9579
9.98545
14.5494
49.7396
74.1292
47.3726
35.0205
67.0427
18.9886
10.8775
0.16602
13.4928
0.266928
10.0005
9.24222
1.05247
12.2425
14.5401
30.7283
2.85301
0.0184578
2.05092
0.478164
2.72915
0.464168
2.65643
0.438213
1.2942
1.47354
0.952893
0.407781
0.533299
78.1113
56.174
0.163224
18.4092
45.6068
29.554
6.80879
10.1128
18.4022
1.04168
16.0014
2.74565
8.13345
8.69872
4.74199
22.8981
16.1216
41.4191
13.7154
54.625
44.6143
26.2443
47.6227
14.8328
28.0586
60.7861
32.1818
1.96885
0
1.13271
0.0945271
2.34251
0
2.19915
11.2798
5.29942e-07
0.0589821
32.1206
30.978
29.8659
17.14
24.8826
7.24361
0
0.00528702
4.43659e-06
4.45272e-05
0
4.02058
2.88332e-09
0.000939653
5.59559e-05
27.1559
17.181
12.6931
10.1497
22.0578
4.64024
0.333851
0.840641
3.85504
1.09275
0.937899
5.02559
0.763381
2.86455
2.37241
0.747061
29.5982
1.94458
2.4618
1.38887
3.22885
1.84928
15.8275
6.24377
5.41006
4.66379
0.162918
0.068679
0.101793
3.13353
15.3629
0.270932
0.185703
0
31.8412
3.67223
0.256509
7.58007
0.625466
23.2771
0.0121248
1.02862
36.6863
