18.513
3.97687
5.12567
0
2.51712
13.373
0
16.0029
1.69663
18.7457
26.7472
0.0346609
3.43399e-06
3.61477
16.0808
0.0693951
2.05579
28.8635
26.7268
9.43724
18.9341
3.27908
0.0161132
0.0779221
4.97723
5.40487
11.1617
5.66551
40.6389
1.65731
0.062154
1.09627
2.14619
0.980451
2.50584
0
3.82738
13.4695
12.6091
17.9591
11.1315
32.2879
3.44171
11.5723
1.47618
6.57292
4.96485
0.769809
0.0737557
0.880393
0.82578
0.75557
18.7715
3.0822
6.7207
2.24
32.7624
4.90039
0.219455
0.996552
12.0453
4.77148e-05
14.1986
5.89276
10.7749
0.00127472
4.76677
1.81046
3.19304
3.75923
17.7664
0.0246578
0
1.83033e-06
1.50043
3.32985
8.65895
1.47506
0
0.798934
0.416098
0.805534
0.626625
4.84848e-05
46.3759
1.66284
8.0441
12.3475
15.7288
13.8608
17.375
9.34406
1.58518
7.50035
9.11141
6.9658
14.196
13.5178
3.05061
5.79585
8.6413
12.9514
14.4206
16.4164
12.7102
14.4252
11.9395
5.72985
2.28287
10.5717
11.4001
4.77845
12.7388
5.20313
14.3474
6.60635
8.95704
4.48388
2.17054
5.43212
2.16997
4.11957
8.40886
5.75582
0
7.27007
3.0774
0.419725
0
0.00374324
6.68364
8.50579e-06
0.361434
8.5182
1.02967
2.25898
5.62231
1.88216
0.00900824
5.29763
0.184441
0.917484
0
1.93113
5.03045
1.11473
0
0.420646
30.8234
71.0215
3.49673
0.992687
0
1.71372
17.4778
8.85976
19.4876
21.3842
14.9762
1.96511
10.2567
22.5453
5.47742
11.513
1.72858
0.619681
9.25435
4.74054
0.00794191
8.67967
9.36165
1.36259
1.5017
0.330555
0.418652
0.23103
2.12042
1.62426
0.0036966
0.0217126
2.35505e-05
30.3761
0.0377946
0
20.395
12.2128
16.4487
6.11338
15.5873
56.2773
29.3613
30.5974
19.9785
30.2414
2.41064
0
14.8435
5.01073
17.7704
14.3609
26.8696
93.2707
26.9701
64.4047
24.217
5.5194
33.1692
2.93768
68.9521
17.0653
33.5963
33.3362
1.38587
25.4859
31.0643
42.2338
4.70523
62.0358
37.5019
10.0455
2.4335
3.37153
62.4842
2.96041
29.968
29.953
28.2562
24.926
35.9008
5.41813
6.4986
9.84616
21.0999
1.60426
8.61211
4.30861
2.12618
3.37698
3.91274
7.30917
3.23551
5.35938
4.31403
3.16029
1.5587
1.89956
0.424695
0.00316534
2.35968
0
0.0008571
2.18835
1.48541
1.90889
0.934446
0.170123
0.91541
0.087878
0.190959
0.691712
0.00164497
0.000538713
0.810147
1.34477
1.36288
1.54669
0.469699
0.961817
0.0450432
0.0017588
4.58242
0.655389
28.0323
1.05358
0.52118
1.85519
0.0468434
0.111934
8.55553
0.71802
11.5946
0.797429
0.605606
0.0196749
0.869988
1.50393
3.61855
0.114863
0.666947
11.6803
1.20573
1.37276
4.34584
3.12926e-06
0.0060888
0
0.00945387
29.3509
3.10019
6.91773
4.4495
7.35395
8.85326
8.80356
6.63567
28.8212
8.1278
6.03475
1.63617
1.29384
0.630756
1.17586
0.734356
5.32734
20.347
19.9951
38.2202
18.6158
15.1932
17.2513
0.0331059
8.76613
5.9781
3.15826
18.987
7.98256
1.14203
0.506863
1.57388
0.15038
0.484976
2.65544
0
0.893269
3.75799
12.2725
16.6148
4.42444
4.95019
0.0373446
64.1576
3.2752
18.9708
0.409091
5.43369e-08
2.33647
1.39157
3.3723
3.96185
2.68459
0.772317
0.121121
20.3697
11.9167
0.20856
1.25401
7.12934
18.2037
0.64358
3.46788
11.0214
5.74387
0.990773
1.7668
0
0
1.95378
0.0234603
4.2724
3.5346
2.79519
0.241757
28.3194
10.914
4.15716
9.57854
0.0051733
23.8117
39.9321
39.122
28.5924
7.51713
7.55219
12.1532
21.5505
9.4598
4.42619
20.1195
8.03903
2.44254
7.02149
7.51921
6.23618
4.59787
2.3511e-05
16.0681
18.8179
18.3773
6.97361
32.3965
16.3536
29.8791
16.2281
25.3432
34.8424
12.4787
14.1367
14.6619
8.45878
6.29529
7.82072
10.386
8.79144
14.7936
11.1715
7.10201
74.8784
18.5783
10.9538
1.84283
3.25147
16.8789
12.3365
8.2551
13.1483
30.5715
14.2971
41.3869
28.2754
27.463
23.5267
18.56
16.1687
20.9779
22.8938
21.3234
35.6674
0.598973
5.69877
14.5869
14.6916
8.56066
20.1488
17.872
24.7377
0.186723
3.77716
0.0401465
7.14135
2.92254
10.6729
2.73506
32.8131
10.8823
31.8235
19.2512
23.176
23.7269
14.0627
20.8864
3.40532
0.977331
1.36511
0.49784
6.12485
2.6121
23.909
9.02859
0.000552666
1.67456
0.799275
4.70409
0.788477
0.0550006
0.0157458
1.11869
1.68779
6.05162
3.64037
7.36982
24.1504
6.15038
3.82518
13.6507
18.2564
14.3912
14.7199
10.3512
5.99342
35.7565
38.2986
53.8406
13.5391
0.808776
3.41846
16.2842
1.9081
0.1718
0.00262444
0.0810345
31.0977
56.7997
18.0295
18.3814
40.1005
15.02
14.2033
21.8586
0.000100096
10.0529
12.9215
2.71463
0.242615
6.38162
10.1334
18.2465
26.3606
4.05601
17.9878
4.55746
1.46299
21.804
9.77035
3.12903e-08
1.17741
22.1706
0.00217303
7.53812
0.255003
1.53433
0.778097
8.62923
1.63529
4.8122
0.68622
6.39869
1.14629
1.55138
0.798686
33.7365
4.43895
0.495036
16.1682
4.74847
0.461136
3.92339
13.5993
10.7763
14.6902
22.5062
28.8205
15.5556
0
44.6517
1.51433
19.7867
43.3076
25.8311
22.6609
18.1424
5.84914
1.17542
1.18542
21.2838
6.25859e-05
8.70161e-06
7.71324
0.000420467
3.46448
7.36092
4.53305
38.3578
7.47534
2.87106
3.98575
4.83879
6.35895
25.5174
61.5085
7.70455
1.22774
6.58441
2.81916
16.0365
10.2865
7.72964
4.85449
3.76464
8.41098
4.90502
1.02813
3.63098
13.2899
2.65681
4.99297
8.48636
43.5418
1.34423
1.22284
22.7197
10.22
18.2969
14.9345
1.2829
12.7736
21.1753
0.000462284
1.40682
0.0523376
2.83885
7.14284
0.852544
20.5523
15.6319
14.7623
0.0507418
0.747333
1.68273
18.3739
0.80248
1.11878
3.28249
3.80812
1.57303
3.14386
0.851504
4.3202
3.63102
1.28421
5.56016e-05
0.317557
0.421907
0.131699
1.52896
11.4923
0.0486431
20.2703
6.22452
2.43098
1.8161
10.4753
0.922574
14.7032
13.6501
1.60541
0.0249019
0
0.854647
19.1926
65.4433
0.294437
22.4131
1.06461
18.1075
33.8379
10.6367
21.4095
1.53863
0.715003
2.19494
0
0
1.90622e-08
0.485404
0
12.1015
19.4934
14.7744
4.69778
8.53949
0.170229
14.7227
9.63129
19.0879
37.3401
0.0460513
12.8593
0.612939
27.5491
24.0062
2.9278
0
21.7725
14.3101
2.28437
11.5144
1.60918
2.25398
10.6192
9.28515
8.70513
19.8384
7.03269
6.08015
15.6802
2.09299
10.8241
0.946713
0.0108667
0.0161122
0.0323231
0.0305118
0.0500842
0.00823646
0.728485
33.3157
2.27915
5.52022
4.77986
0
10.5394
6.80285
0.388492
6.20986
3.49068
17.0371
11.9562
12.3463
6.72302
19.166
26.3449
17.9241
18.8707
46.3775
33.0969
0.0829465
1.5869
46.8778
7.58279
0.125011
6.88493
0.00014092
40.8679
98.7189
10.9854
16.3285
34.1702
9.80137
10.5957
0.695038
0
23.7704
40.6148
1.19916
0.0124925
0.0142383
0.9892
45.6305
0.880421
0.000808676
0.310986
0.0131963
0
1.91176
10.6914
13.8265
9.74565
8.08222
0
0
3.35734
12.2372
10.3796
1.15118
3.42099
42.5862
16.1654
33.1796
0.165594
18.5048
29.2782
14.296
40.8207
1.79259
3.83068
2.96483
1.5316
0.0250129
0
0
0.00043385
0.957488
0.0524968
0
0
7.749
27.6472
4.13863
33.5297
14.0712
3.43927
10.4671
6.70518
4.29229
5.81631
1.39059e-06
12.9158
3.21096
10.6653
3.81857
15.0905
9.50581
21.018
0.899105
0
13.3882
1.61963
16.9215
0.0379691
1.5845
3.27256
16.9986
15.8194
5.92291
15.4561
15.5456
33.3275
3.96475
0.412027
1.47453
12.6744
2.04398
0.139098
1.32412
0.00805047
1.09516e-05
1.51134
16.4599
1.98432
2.35099
4.33273
24.2587
5.38563
10.6779
9.39681
3.10975
50.532
0
1.94754
7.9236
38.3215
6.69477
7.64605
0.675663
0.000239703
0.00300401
5.41605
22.7444
12.3483
19.309
0
10.8169
19.7225
9.30578
0
20.9066
2.86448
1.59416
21.0813
0.0440974
0.109827
15.382
0.890517
0.0978193
0.0711721
9.3329
0
7.28382e-08
0.662143
13.0548
13.2501
0
0
28.8405
0.120025
41.5802
0.0537606
2.8962
1.27439
0.000133022
0.177178
1.6708
12.3715
0.00205747
1.24033
14.1999
7.40601
11.4412
11.8954
0.0496091
26.8736
27.7818
3.18229
10.3889
3.87879
29.4213
3.09147
7.81379
17.7568
14.133
15.0875
7.30586
19.173
14.1426
7.94286
16.3919
1.65066
10.293
2.40558
1.19624
28.4653
3.32478
3.82898
2.48795
12.5082
12.8776
2.77981
15.4591
0.527717
1.99217
0.0577919
0.523624
0.0487158
13.2946
1.96869
8.3711
16.8112
1.04267
0.443125
4.95174
10.3532
20.1814
0.0236843
23.7448
11.6289
13.9526
0.358956
0.0424446
0
13.1749
1.89584
20.1552
15.8478
0
0
24.3332
0
2.14876e-07
19.4541
9.52314
4.14204
1.62609e-05
13.3567
17.9173
4.55827
2.88479
4.58801
9.31213
0.621462
0.0848547
10.3027
1.59334
3.16905
0.46652
5.78467
10.2459
25.3074
17.8522
0.00571928
1.59778
7.62766e-08
6.18326e-07
36.3072
18.273
4.81635
12.0459
10.0446
31.8034
19.8122
0
0.45533
4.87749
1.6984
1.32112
0.723206
8.40743
5.84051e-08
0.00185474
34.5418
0.021405
16.5758
6.95658
1.76432
0.42916
1.43286
0
0
8.42605
56.0066
3.9077
39.8776
21.9267
0
0.313808
0.667069
1.45691
3.86274
1.65398
3.68732
0.00682057
0
1.0029
6.49796
1.13209e-08
0
7.91421
1.034
2.18263
11.512
3.30905
1.12763
0.551238
27.8353
23.3994
3.86069
1.22775
3.29037
2.5553
2.40742
17.2334
1.48928
1.03083
19.94
0.931623
0.120878
0.00554546
27.0713
14.0503
1.17604
9.17138
1.98328e-06
13.9275
0.00108084
0
2.47825
49.9489
0
54.593
2.25426
12.2341
0
29.5721
13.4863
13.4724
26.6997
8.3004
7.15603
75.903
10.6762
0.0090108
0
0.531718
23.981
26.628
8.51229
9.72247
0.195628
0.147837
1.48148
25.9162
40.3356
30.0764
28.9488
5.35435
29.9821
18.8902
9.61761
24.8256
19.8179
3.48771
9.22037
13.5588
6.52851
0.857331
0
16.2341
27.1816
0.591435
6.43398
7.07588
0
26.7132
3.93815
12.5498
0.00232303
5.30283
9.86588
8.41745
9.73761
26.2194
7.98501
26.6358
21.9112
18.4741
0.522403
0.00126773
0.0608613
18.6339
27.1987
17.3124
25.7441
24.7934
26.2089
23.7771
33.656
39.8535
69.0424
73.2705
37.7949
7.93609
16.5388
2.30055
1.98212
5.66883e-05
2.68647
3.38065
1.2801
0.00292912
0.531359
10.335
2.0637
3.08194
2.41313
22.099
10.6964
15.5199
10.8524
21.7906
9.4052
2.80588
8.42221
9.76445
20.2035
22.7234
0.600795
13.9457
6.27128
20.2691
30.7481
22.6994
19.6856
2.07691
0
0.17603
22.7621
10.8361
4.81792
1.77933
6.57347
0.00844692
0.460482
0
0.385831
0.00847143
28.3498
3.94046e-06
23.5608
0.260006
49.1669
28.8783
1.28475
0.0622743
0.00708119
33.2802
31.2047
28.5992
19.3827
2.97539
0.884706
19.0247
27.0355
5.64619
0.498038
14.7388
19.3765
29.0201
0.00120066
15.7926
22.9326
1.86281
17.2568
5.85344e-05
0.000554227
7.03226
0
0
5.62755
0
0
29.3212
0
0.4744
11.5551
13.6789
14.6214
11.1757
9.80775
20.2763
0
29.6667
0.258177
15.604
7.73111
0.00563514
7.09749
8.79734
6.11355
0.692899
1.77011
0.794423
30.164
23.087
8.11682
22.5664
0.211261
16.2047
43.4899
38.6682
1.6888e-08
10.9689
6.1512
45.0042
13.5588
0.874791
1.0852
0.0159117
13.6576
0.199229
16.2029
0.731671
0.032813
0.000217746
0.399205
10.7919
0.973177
0.00995157
0.244376
13.1606
0.139295
11.1901
16.8335
1.14428
14.416
3.18186
12.8139
13.9806
19.5793
0.365726
0.0778237
1.16753
0.944186
0.0125454
0
0
0.363238
16.0539
10.7414
3.47726
11.374
7.4952
0.509904
16.1413
8.4121
0.034287
26.1026
18.3179
22.519
19.0819
34.8544
23.2699
38.3893
0.19352
18.5737
46.6207
28.3419
25.046
38.5516
4.16835
35.5644
17.7312
3.35669
21.8499
0.0218047
0.48645
24.3773
0.000776569
0.527605
0.0015855
1.23298e-05
0.000318646
1.72722
0.049425
0.960684
7.91209
4.67806
0.0364277
2.17987e-05
0.0112493
0.0264866
0.00371099
0.0106648
0.0843932
0.00112288
4.61471e-08
16.2549
2.09647
71.6034
24.7866
0.0309795
0.763036
12.2425
29.0999
0.922954
0.0177047
22.0997
2.94758
10.4577
25.4286
0.27733
1.98497
0.119946
1.85844
17.8757
35.3169
0.0129119
1.96602
1.41325
0
0.336514
7.82118
19.5944
16.5819
0
8.11189
3.42414
2.92957
1.06035e-05
0.00669454
16.869
0
0.000885629
0.761363
18.5219
55.8428
7.17054
8.94446
45.5545
0.895755
26.262
40.9559
4.61244
18.4713
0.83847
3.21909
0
2.29561
11.2076
6.51013
16.8408
0.259533
6.16189
0.785053
0
1.07533e-08
3.42928
0.660964
1.06736
0.854942
0.00793314
7.07211
17.4622
0.572877
25.47
0.696849
10.7916
0.343873
1.87654
1.63206
3.38153e-05
0.128523
1.67664
10.6813
9.06133
21.9386
37.9808
11.985
15.5874
0.052557
16.0862
45.1415
0
22.2632
0
3.18356
0
1.86815
19.3106
1.27266
3.01615
0.0520365
1.55144
4.62917
10.3289
6.38953
8.03518
7.76311
2.69052
0.155843
0.000523672
0.138927
6.50046
7.06388
0.00260916
0
8.15604
6.81211
16.4856
3.79043
0.463718
2.67682
13.4936
4.54678
3.09888e-07
25.8507
0.163936
31.5334
0.420956
3.35311
32.0733
38.1452
1.97683
0.989382
23.8227
34.6369
6.63367
13.7278
2.92241
32.3289
4.7988
4.21256
0.0481276
7.04618
4.65477
16.7775
10.3718
6.71728
10.5746
6.23571
5.75852
5.46262
27.0448
2.12183
8.80543e-05
0.488985
1.01672e-07
2.3578
3.20941
0.0365035
8.2456
0.923072
37.1048
0.191636
0.923787
1.91174
4.55808
3.65263
18.4233
0.584363
0.682661
27.2811
26.8842
8.15214
30.7091
6.21184
0.00117415
2.39218
37.6382
26.4064
15.9844
16.2382
0
0.0875572
5.81197
22.7502
0.664396
0.892604
4.77948
0.0209199
0.613917
1.27341
0.249018
0
0.308105
0.000238474
6.64952
3.32468
5.58957
0.0132578
68.8396
1.9101
0.105524
2.42902
8.40502
0.743053
2.68728
32.6911
0.370145
9.41141
31.6385
3.14376
0.000377987
84.4388
1.26054
1.62925
4.18637
0.0930417
0
0.0462611
0.839995
2.02871
5.09568
0.0280951
3.78588
0.170004
0.030712
0.880542
11.9851
0.0505356
0.917866
0
1.12354
3.35483
2.20623
0
29.7932
0
39.411
0
0.804184
16.2091
0.895035
1.64472e-05
9.53175
2.83328
3.20505e-07
1.30382e-07
25.7649
8.15034
4.28479
36.3564
8.39003
7.93271
0.00244623
0.00966032
1.47247
1.0421
0.00235786
5.23659
1.90951
2.1007
1.32267
48.369
10.2036
4.41858
3.92882
3.74145
0.12958
0.92269
1.70288
8.5183
0.343321
1.4855
1.63628
2.1607
1.65724
1.82082
0.656921
1.9282
0.00381342
0.809031
0.907487
5.05864e-06
1.97139
0.669065
1.79159e-06
0.420003
0.0103143
0.131809
0.0201549
1.24212
0
0
0.512989
29.133
0.0103611
3.48406
4.56627
0.0156368
0
41.8596
1.39399
18.6908
0.227485
2.1591
1.79916
0.0480885
2.74091
1.78104
0.0016351
0
1.94067
1.24286
0.438618
4.51159
17.9444
0.010823
2.44054
19.8689
0.107421
0.0902042
24.3522
0.715647
0.827947
0.398454
0.0360525
11.1472
0.0251603
4.96615e-07
1.28333
1.0088
0
0
5.36404
0.0865502
2.00846
0.992128
1.12578
2.33253e-06
0.0515381
1.09541
0
0.815984
0
9.52851
2.05488
21.1061
0.0368384
0.00639377
6.10289e-06
0
0.00667823
0.000912469
0
0
0
29.8724
0.0227302
13.1182
9.87887
9.2303
61.0175
0.0804117
25.7282
5.17873
24.7979
2.37084
0
8.71418
0.020814
34.2682
1.11694
0.292539
0.900684
0.932575
0.11527
38.4471
14.9177
0.00216188
1.9987
18.827
1.26768
11.3479
10.4896
5.07143
22.2045
9.60649
48.5252
1.17351
2.36748
12.6351
0
30.6688
29.2189
33.9066
33.4751
3.02856
14.2991
21.4184
28.92
31.3527
47.5102
31.4996
9.52131
5.40832
0.768908
11.7056
7.28505
0.746698
0.390877
0
0
6.51508
15.3555
12.9366
0
1.72343
0.0358993
0.130251
3.04804
5.0883
5.40474
4.13273
3.67018
9.27093
4.04313
8.58824
2.88478
7.81009
0.0354988
0.732683
5.38684
5.56912
7.22393
0.814534
2.62438
1.24216
8.61135
0.994272
0.0175761
0
0
0.0904119
2.62903
1.19173
0.901454
0.0513334
0.966751
0.166862
0.951811
2.30329
0.0196333
0.833508
0.0204406
1.90981
0.680517
0.340916
0.214247
0.185909
0.659515
3.48027
0.370162
0.294936
0.324238
0.0503151
2.95139
0.0950526
0.77389
0
0
0
30.2186
0.000379649
2.1521
0.162251
0
0
30.6109
0
0.0279186
0.0246562
0
0.368264
14.7208
1.08186
0.969023
0.799706
0
0
3.80857
1.13248
9.38957
0.250336
0.198908
0.0920572
12.7359
17.9142
0.991416
23.7813
17.1153
15.842
7.59271
30.0414
24.3029
31.1727
34.0144
25.112
32.8662
18.7465
0.0458534
0.403862
25.1607
12.5836
20.3014
29.5853
18.4468
21.2248
10.5682
20.6488
22.9664
37.4072
6.34181
13.4155
31.1236
23.5445
35.9133
17.743
0
23.0217
0
23.883
34.9137
45.8481
46.3243
8.97861
17.9862
34.3831
17.2169
0.24031
27.1054
19.1236
13.055
16.1985
30.2579
28.23
32.2056
27.5792
16.794
35.304
12.2028
15.909
0.158551
14.5527
8.34923
15.2963
2.21023e-07
12.2385
16.5821
0.230671
0.49194
1.29102
0
1.37806
0.51188
5.89171
2.97589
13.2333
0.994977
0.0932813
1.07279
0.0315579
0.290709
0.00141988
12.6572
0.0417254
0
0.857457
14.8529
0
0.121661
1.0875
0.418052
2.62407
0.121693
1.48528
2.72663
3.36917
0.0179249
7.96736
6.11605
3.09676
3.8537
3.00248
7.01522
3.70129
16.5145
27.6286
15.7351
29.7471
22.5779
12.5693
58.4401
15.8739
63.0297
25.029
30.5201
12.8781
0
9.07061
13.9864
22.1904
0
25.6299
0
5.81512
3.2849
0.911511
14.7527
6.35879
16.4428
0.18817
16.7931
0
0
18.9747
3.44646
1.04086
0
4.1582
1.10233
1.79602
2.44866
4.30604
0
1.82018
16.4576
0.770614
0
0.089595
0.0107672
0.00298955
0.136783
0.791483
0.0373649
23.5646
0.114157
8.42018e-08
0.127794
0
21.7531
6.6444
0.433884
1.06881
21.513
12.6547
1.04705
10.1454
0.0103964
3.87771
3.22381e-05
0.898307
0.0021628
0.712891
2.19757
23.9342
4.88472
33.3479
1.24086
0.362512
1.32367
1.27543
0.000111526
29.9699
2.15838
0.75519
3.29184
28.4802
0.337723
9.18312
10.8826
22.9391
18.7465
18.457
13.1725
2.59092
4.88529
18.5292
5.29799
2.84053
31.0762
1.81597
0.759553
8.50924
0.500876
11.3382
1.62471
23.6113
1.47514
2.19265
2.88627
33.6484
2.59754
4.20019
1.68
8.5868
13.8414
6.177
4.44613
14.1199
6.69647
0.0152913
0.849315
1.5509
0.844264
1.0164
8.70164
20.8202
43.9579
39.7587
0.873967
28.7217
25.0318
1.4673
25.6416
7.53772
100.165
7.61226
4.12269
2.68693
53.9581
58.8449
11.7331
28.3305
12.0466
0.38742
6.13399e-07
0.87301
0.0688698
0.289912
0.623522
0.000518319
0.000195875
21.8793
16.838
27.3169
0.0505924
35.8347
0
0
0.00177299
0.68122
0.00471804
0.00978541
1.14212
0.534981
4.11133
0.109293
4.51181
28.7216
0.21135
18.1035
5.56662
12.0847
0.00019526
0.0025011
15.8394
2.80857
0
10.5515
9.27378
15.1414
0.206633
30.9659
11.898
1.35423
3.92506
20.5357
0.0034277
0.396707
1.61968
0.164378
0.522343
0.253213
31.4107
0.00957213
65.4128
17.3966
39.2697
0
0.106946
0.105
0.754628
0.0209296
16.8462
17.7611
28.1085
0
26.2769
22.8865
9.80255
5.55705
1.75703
0.587827
3.10445
0.000282657
1.34199
0.0297365
0.0921919
1.1017e-06
5.28805
0
0
0.00647986
1.87817
0.0307989
2.81869
0
0
0
0
1.80351
1.21188
0
0
7.60405
0.169814
0.0187945
9.32791e-06
0.764903
0.529604
3.65406
30.5846
0
7.51916
5.78438
0
0
1.56349
0
18.0223
4.88228
9.9919
2.01492
9.50312
1.82726
5.09776
4.34823
6.98363
13.1321
8.80099
4.86178
13.3794
15.0415
27.6221
12.6606
12.6651
12.4794
13.3273
10.8371
13.1653
12.8268
12.5378
20.1479
9.95342
14.3493
14.2274
8.91086
10.9369
15.2479
10.3763
7.89155
5.38245
21.7707
14.4925
17.277
6.593
1.83491
3.41407
1.89063
7.262e-08
0.000610945
0
0.00820665
0.640825
32.421
15.5133
0.258131
1.91423
0.773464
3.13061
0.00246014
0.00458172
6.76137
0.10487
25.1793
5.15179
1.48804
2.14469
23.8281
10.5217
0.825803
29.2553
22.4595
15.0452
11.2308
0.635919
21.5315
0
21.8684
23.155
13.8179
38.2455
7.7482
7.04063
7.15555
4.02076
9.13715
11.1197
38.2042
13.9099
13.105
6.1815
4.14779
3.88974
24.52
5.51894
38.5079
17.3113
23.2033
19.3524
31.5092
22.2775
17.7309
27.5542
17.5731
27.1504
20.564
17.6898
22.8749
21.3438
18.0577
0
0
0.435884
5.57614
6.33359
14.0917
17.6162
13.3702
12.3684
15.3977
14.8548
14.3898
24.3411
5.98573
28.3569
23.986
4.77346
2.21719
3.73704
7.36292
14.9613
5.56434
38.6601
9.29603
4.0836
10.5322
12.3503
7.99107
4.52772
5.41768
9.93578
6.88327
12.9763
9.35806
13.0235
5.11784
4.74158
21.7873
29.2367
31.6726
23.0269
7.96623
12.0093
0
5.01152
0.683007
10.6655
12.8353
9.55003
13.0348
0.955432
22.2844
28.0989
16.6585
16.4135
9.40607
22.0384
26.2719
37.8776
0
0
0.0640902
69.6069
56.487
46.8075
1.17102
76.1915
1.93364
19.6481
1.56648
5.91537
0.104546
5.93914
24.3129
4.17729
3.65083
112.708
64.0828
22.3874
7.48167
0.64686
55.5342
8.21703
77.0212
11.1544
7.94031
67.761
58.3603
38.63
45.3442
23.2321
20.7214
20.2649
23.577
10.2197
28.0279
39.2849
38.9399
13.4967
28.5343
18.2729
13.4701
17.7056
26.8249
15.9476
17.4585
22.7858
21.1842
41.9567
10.4859
7.43793
0
19.1152
0
8.59678
14.6481
29.0691
10.3972
14.352
9.45534
14.8554
15.9629
13.8075
14.6431
22.7615
12.7999
12.2783
18.2992
18.4547
10.987
7.80311
8.63631
14.4439
9.20735
7.58447
6.37411
0.469641
14.0778
5.20375
12.9715
10.6868
13.0354
0.134649
3.07641
0.797613
7.70361
8.02112
19.6993
1.58649
15.4394
22.9091
15.8917
5.96865
6.15526
8.20419
10.1628
14.3934
5.56476
2.28989
2.29773
28.4319
3.05618
1.59469
0.108146
3.65427
5.23785
2.51803
0.161204
2.23896
1.63911
0.528958
3.42541
2.05497
0.554816
1.85684
22.772
1.03054
2.20386
1.60754
0.0750295
0.0773859
0
0
0.295716
1.85092
2.4877
0
0.707121
3.26152
1.95283
0.0590265
18.7176
2.06691
1.21986
1.71351
1.59989
20.3728
0.291966
0.0669789
0.452017
0.847533
0.439983
0.225322
13.3285
0.448248
8.1113
0.990206
16.2826
0.0548188
29.4863
0.0909815
3.08571
20.5138
0.651163
26.1484
20.6522
36.337
0.155716
7.85248
0.00126307
3.25237
0.501221
0.671355
12.6897
22.9713
2.45202
1.11648
31.7443
0.178601
0.0306216
1.76302
0.00268732
0.659195
0.265415
0.0815523
1.80594
1.10208
1.92826
1.16895
0.00257061
14.4054
5.77254
0.0489006
10.791
30.5169
5.97351
28.3797
1.47426
24.759
25.0113
18.7857
4.25479
0
1.64239
0
11.0122
14.7003
0
0.978552
0.755003
1.76091
0
0.497897
2.18901
0.837709
0.507913
1.10603
1.50183
0.301021
1.11288
0.240472
0.952341
0
2.12985
0.0381753
3.236
1.7662
0.0579316
1.55212
0
0
0.00287684
3.0527e-05
0.00956085
0
1.5894
12.1979
18.9734
29.4235
21.8344
24.3565
7.36082
3.01066
0
0
0.0246686
0.591985
7.50976
4.12747
5.80078
5.06001e-05
5.53908
17.3763
38.8311
28.7305
26.1179
5.94663
3.90874
14.5113
13.5568
3.38342
14.6183
19.1461
2.46237
16.8737
9.76
3.82183
25.8109
16.2379
14.7025
49.5109
24.5658
19.7708
2.7201
55.2711
0.867425
103.49
68.1829
1.87682
0.952334
1.02126
1.62754
4.24434e-06
1.69509
0.80499
1.92448
1.72268e-08
0.176261
0.032393
18.1643
2.42775e-05
10.2125
1.60038
18.2083
6.26845
7.0641
14.949
19.006
13.2871
4.64216
0
8.51195
19.5587
21.6326
20.8964
61.6957
24.6259
46.4478
0
9.60533
0.0623785
10.9785
14.308
13.9808
6.93018
0.653633
17.5644
18.102
29.8898
11.2061
12.8353
27.6812
10.4714
4.65442
11.4442
8.66222
8.18391
11.7376
0.201783
8.99518
29.909
2.45623
3.47603
17.8434
0.0637184
11.4752
2.5704
0.509049
6.59633
0.97326
18.0879
0.511389
20.6416
43.027
22.599
23.3551
20.4445
21.0481
10.7352
14.3895
2.90963e-05
0.00216484
8.10196
4.42584
4.71946
11.9403
21.9431
19.9201
18.2631
18.1278
16.1998
60.6657
6.53425
17.4819
0
0.326721
0.00153189
12.5761
0.175955
15.2639
5.00811
2.00396
0.771409
0.570307
0.000264214
0.00316675
0.947361
2.01572
4.68176
0.771987
0.27503
0.858126
17.5674
3.47016
5.22039
3.29001
17.4822
0.278368
19.8281
0.993532
13.2235
0
12.6928
2.15804
3.08545
6.34301
3.68415
1.42876
0.248575
0.754732
0.730752
0.00177834
0.00463782
0
2.50288
0.173624
0.0291936
0.31208
6.54999e-05
2.94665
0.000155877
0
2.98717
6.25231
18.861
7.69665
0.00091192
1.57737
9.44768
0.000894691
0
0.55294
0.188638
20.5046
0.182856
17.2886
26.8562
42.5512
14.921
43.5704
21.2767
39.5497
1.95617
15.6206
9.64851
0.849632
15.0965
4.65328
0.56209
0.00112826
17.8987
0.113982
20.2238
16.3083
13.7686
7.91822
27.8257
30.883
1.23634
23.1174
25.4634
19.5339
22.9081
1.97461
28.046
0.686223
20.4732
9.15412
2.49315
12.8225
8.06199
4.19021
0.165062
0.00564424
9.46414
3.30924
11.7501
8.63712
4.92443
0.00191004
24.6369
17.8014
13.6339
7.3674
20.053
24.5088
26.292
5.02987
21.8769
14.7653
23.6091
27.6181
21.1302
12.5237
9.91052
0
8.29194
18.7554
33.5006
17.2798
13.7548
20.2384
15.8058
11.5772
19.2149
26.7882
13.4037
15.9442
19.1574
11.1207
31.6706
37.1297
8.566
25.1506
36.7598
0
15.478
18.6899
4.20362
5.95165
31.9635
0.205071
38.979
48.1098
3.38489
0
0
60.7033
19.4889
25.0168
31.414
2.64597
28.0395
28.8695
3.05337
27.0651
38.0106
23.7615
4.50514
30.4498
46.426
32.4762
23.0227
46.0498
19.9023
38.6002
19.5593
43.3368
49.7022
0.830918
40.4555
27.5322
20.745
5.73068
20.2592
19.8507
60.2492
34.9088
0
43.2229
36.006
25.1704
0.441328
5.82588
29.1234
15.7432
26.8868
15.6775
27.6642
27.1055
1.92808
0
3.93024
3.23096
16.9285
0.747587
5.98723
29.4763
44.9771
21.3263
17.942
1.09499
11.9411
0
25.7108
16.1924
17.3884
13.0964
19.7525
34.8997
55.1469
31.0319
33.1483
26.9466
16.6059
31.8335
1.64269
23.8787
10.4781
25.7211
0.514764
11.8288
8.28252
19.1873
14.5874
8.87337
26.0821
22.6037
0.115196
10.5237
12.3849
16.1
10.2573
8.40119
2.02692
8.45992
26.7893
10.1322
1.32791
8.26331
2.53232
1.44294
2.71163
21.0785
3.86047
15.35
13.865
13.6978
17.8576
10.9238
1.27769
43.0038
0
3.30237
12.3047
5.10161
0
13.6424
18.706
11.9794
10.2928
7.73877
15.7019
25.1956
24.318
15.3679
12.1898
15.9791
19.953
12.4823
19.6741
14.3753
19.4783
47.6766
0
14.4842
18.4357
32.9632
11.0715
2.29164
22.6395
1.97913
30.6615
17.5834
33.8329
35.7694
16.4356
37.0254
41.5342
35.3141
18.2505
7.71738
15.1034
26.1248
24.8659
14.0018
1.00291
8.7821
25.384
6.72084
26.5243
0.318054
1.57232
20.33
0.496071
33.4374
15.0411
0.406858
22.7647
0.555795
17.8651
8.82913
10.7059
0.0247045
5.61851
7.24329
10.7157
34.1279
17.6011
4.29215
2.93637
0.370224
4.74379
23.709
4.73661
14.9664
6.73075
38.4457
17.4387
2.64328
18.7224
8.8568
3.16193
15.0103
13.5931
11.121
30.7464
17.3263
12.8502
0
5.32127
0.499795
20.9466
1.3442
3.155
23.2953
2.15438
0.0706956
65.9793
1.14778
59.366
2.2604
25.515
3.66579
1.38511
29.934
0.762915
0.0151668
0
0.0774576
0
33.5006
10.4182
10.6496
11.2667
17.5884
13.6511
21.2634
2.56635
5.5863
3.25502
13.5634
25.2951
0.27397
32.3958
38.5903
0.620211
22.2885
2.19566
22.3071
17.5491
0.899142
12.3454
0.799435
3.86972
11.1608
1.68533
0.00593657
0.719045
1.95903
1.04264
8.86386
20.6811
14.8461
0.000156771
3.94709
15.8922
8.25327
17.8401
14.2853
9.37486
11.4767
8.70389
7.21657
21.2227
11.2185
0.759073
11.2382
14.4809
9.27102
13.5929
0.594729
8.82788
7.40563
19.5006
10.0265
5.71998
7.59408
113.31
8.03759
23.9899
8.00477
133.783
7.02209
6.47612
12.6869
4.6856
9.10919
9.10908
6.21253
21.9844
7.16248
4.76761
8.08342
7.68775
5.77714
84.8937
9.2353
35.1342
2.27756
0.000772134
29.4275
51.4355
1.25435
0.305463
0.0346471
0
8.06737
0.553093
0.530171
0.0531648
0.674855
5.41766
1.71632
0.386134
10.8922
0.484268
9.88479
22.4762
5.21974e-06
0
13.5495
6.12954
14.5229
0.00485899
5.05409
4.78675
0.886645
5.1047
0.924735
1.83221
0
0.820721
12.552
7.04709
2.32919
9.54551
2.07783
1.12304e-07
0
0.00017913
0
13.3025
16.5583
18.5725
1.83385
11.0819
1.34181
29.2488
4.76384
14.5758
11.3289
10.7913
10.6175
19.086
12.2005
10.983
16.0521
18.1245
18.0103
5.18939
10.1837
32.3164
32.0422
41.1169
29.8055
22.0294
2.33174
18.8381
0
1.75759
19.2312
20.4031
12.8958
9.03544
9.22536
12.1483
7.1714
0.000203052
7.52836
12.0585
14.7366
14.9825
19.6953
33.342
19.5129
8.81325
10.4216
5.71002
13.0931
27.8889
19.361
16.1854
9.51664
2.76138
12.1048
8.23793
6.79066
0
0
2.01899
2.19602
0.48458
1.54385
4.89933
33.1141
49.7089
9.15318
8.88053
14.3037
13.5848
39.6497
14.8875
9.34104
0.379943
0.195405
8.78446
10.1976
8.63443
8.46505
23.8392
6.31934
15.0921
25.7513
0.0207414
1.26788
1.02077
26.4238
12.9965
3.86005
6.7456
4.43085
21.5519
11.2542
0.283032
14.1901
1.77601
2.52651
0.149993
31.1661
15.5001
2.88135
0.801816
14.3466
32.9438
3.24589e-07
0
0.0541496
0.00169369
0.00020171
0.00267459
12.4148
3.65187
1.28542
0.000554646
0.13583
0.0109376
25.5999
0.0337179
29.497
31.168
0.761312
33.9128
2.55867
1.41009
2.07337
10.1202
6.37593
0.238407
1.33032
1.12816
6.48833e-06
0.969649
0.0342748
0.0556397
0.139428
2.37747
9.8729
14.2047
11.6017
1.34825
5.62305
0.758132
15.3498
4.67131
5.04788
16.5371
4.36266
11.3929
23.3931
29.4872
13.2502
11.0895
35.4638
6.84022
7.10932
5.08083
2.0628
23.006
9.55812
7.60575
10.0143
16.6191
14.2738
3.30278
11.8409
33.9401
0
0
0.265078
0.536134
0
8.99473e-07
0.0203295
0.218882
0.997987
1.77192
7.6282
15.7667
0.628194
0.426651
1.37553
5.64186
0.543351
30.7906
13.3234
13.4551
26.0542
43.0184
42.5324
17.6871
5.87676
4.99432
19.3747
23.6097
1.5534
12.4563
43.239
1.88693
1.69706
13.8181
3.45596
54.2517
27.7355
8.36311
28.5568
22.0484
4.96386
12.4222
0.563888
5.15791
0.0952728
6.80597
1.02753
0.269359
24.3683
36.928
0.325164
27.1631
7.2352
12.7759
17.6253
1.83103
11.9701
14.0987
9.05666
13.5376
19.7305
25.1197
5.55369
6.52213
12.1374
7.44025
2.2706
1.1257
25.7189
0.902063
1.549
1.28225
2.31871
1.65778
0.170635
2.85386
1.85106
0.992846
1.03259
1.28896
0.38219
0.482204
14.406
0.908667
1.94913
2.42573
0.0938254
0
0
0.435406
1.77377
2.24152
0.00349147
0.852188
3.76036
1.6094
0.0491039
2.31968
1.04237
1.09387
33.5686
0.16847
21.9613
13.6423
4.17268
7.24582
11.0368
0
0.142273
0
19.3878
0
2.66106
8.66801
15.5497
0.721589
4.49256
16.6062
34.5637
29.0236
17.4066
24.3282
53.4148
5.35283
29.4444
40.7537
0.0110813
3.20181
22.2739
0.0508189
2.52842
13.1703
0
8.43923
0.979271
11.9917
1.01017
0
0.109748
0.0972779
9.19347
0
1.63289
0.943072
0.0248277
38.0088
46.374
16.1149
28.3668
0.0615115
40.8014
21.9831
5.98394
29.0912
17.1313
23.3182
5.65243
0.768647
0
31.8026
0.287607
0.0960906
0.861067
2.39945
2.41743
1.33791
25.701
2.14273
4.90221
28.1958
0.989415
0.643906
0.156788
0.00297974
20.2001
17.9577
1.1532
0.337057
0
0
9.57738e-06
0.0189542
50.0024
0.0275368
14.287
14.1291
0.923584
0
3.89083
0.00702398
0.0924928
0.0345753
21.9847
19.3523
9.82373e-05
1.47507
0.0988295
4.85523e-08
15.8615
0.0190512
0.0834819
0.0242188
5.56071
0
0.000156501
7.47247e-05
1.39285e-05
0.00569276
0.356212
0.0308769
0.174753
0.836936
0.0420004
10.5234
0
0
14.6086
0.661394
0.0240221
0.156709
0.0120038
0.892119
0
0
0
0.0222845
0.76545
0.0155052
0
0.709439
26.0547
1.15319
0.981196
0.445548
0
0.668664
0.111562
10.8678
0
0.156856
0
0.726586
4.34207
31.9796
4.93926
0.808313
2.34422
0
7.2092
10.8646
15.014
9.26925
1.04418
3.1936
7.41125
7.27651
6.9163
2.21042e-06
0.00349074
7.00384
0.749413
1.31504e-05
2.96116
0
1.83187
9.91539
15.3639
10.4206
15.8979
0.915173
28.1176
7.72449
4.8969
12.7895
0
18.3224
18.3618
3.46102
0.28064
7.40748
17.7847
2.45854
1.30829
0.318479
0.0711736
97.4827
3.98994
0.0176807
25.9245
3.19664e-08
0.0833931
1.44712
12.2837
0.0715192
4.78
24.6256
0
5.11394e-07
2.28317
0.0455441
0.00962312
1.04405
5.60253e-08
1.32532
0.0196624
4.92189
1.62688
3.07061
0.158372
9.71091
14.3655
0.159429
0.168707
1.40178
0.942581
1.02655
31.2051
9.27563
1.01629
1.36848
3.05113
49.701
17.5525
25.6767
0.00667182
32.416
25.4354
13.1947
32.2651
1.01963
0.337575
32.5569
2.94124
42.862
3.95347
2.90469
29.5907
0.5946
0.174315
2.43605
0.364111
18.3115
1.973
2.97465
36.1032
31.588
0.000844936
32.6775
10.9552
4.09652
13.8871
1.48966
23.6158
38.3133
0.369847
4.51639
27.2251
23.123
2.69851
7.39511
19.5982
15.0411
16.4552
14.7338
25.1748
13.9104
29.474
29.4964
0.628217
26.8823
0.147508
7.00084
20.6681
13.3427
15.43
0.904932
0.0609662
0.816413
2.78909
0.117108
0.22227
0.913789
0
0
3.93193
5.58756
1.73323
0.00381703
0.654221
0.585599
7.54475
0.00715272
0.353838
6.8728
13.0171
0.928075
0.0431677
2.45718
26.1976
0.4617
7.31664
44.8718
11.1496
13.3391
22.7761
32.3727
0.000341425
1.73368
0
0
41.9709
0.674105
1.92194
20.9659
3.04747
0.0640478
58.0017
5.53414
0.730325
0.619448
2.24986
22.7142
5.32295
0.0165727
34.6187
8.17565
3.31636
26.4879
22.1632
17.2466
16.6984
13.0104
18.0511
16.9667
29.4108
13.9344
23.6059
30.5244
14.1396
11.2264
0.952539
11.8104
0.921415
11.4503
11.5053
0.381427
20.4206
35.6855
21.9172
7.79736
0.251088
0.899183
0.286927
0.964807
1.16943
0.613124
0.339414
1.00381
1.11583
0.00815481
0
0.00779516
33.9079
38.6893
1.18515
25.6389
16.2434
12.4228
12.7027
8.85628
15.3616
1.91827
17.9329
7.69728
8.79687
12.2589
5.04215
27.1681
5.61311
18.5097
8.72552
35.9118
35.9385
23.1861
31.0563
26.2693
13.501
20.9891
21.2547
1.16238
0.214818
0.12879
0.0268214
1.09446
0.446653
0.483357
15.6156
0.81628
1.05487
23.4287
22.5888
21.9066
15.295
16.9503
7.60794
3.21949
0.745413
0.999023
0.4877
0.00245806
10.2288
0
0.00489409
0.422043
29.9009
25.9713
9.3088
8.25584
25.0613
5.92298
1.66817
1.42599
1.17716
0.53955
0.00145756
4.31705
3.22085
5.40699
4.89143
0.808441
14.6875
1.08808
1.96139
2.3931
1.54513
0.522874
6.83458
8.01664
10.7893
5.5274
1.15711
0.279365
1.44097
0.776323
9.64567
0.686387
0.938425
0.000127013
35.7974
4.67934
0.0117493
4.9841
1.15129
34.3874
0
0.875507
23.0313
