1.66214
3.03019
2.37837
7.77027e-06
1.20303
4.63354
0.000216383
7.50901
0.0968268
0.476579
10.7986
0.657507
0
0.921595
5.16318
0.991753
2.59196
5.62686
12.1268
40.7533
6.38359
0.0662592
0
0
0.835108
1.49329
0.709979
1.09693
4.14664
4.39325e-07
2.01075
1.0071
0.100608
1.16609
5.47883
0
1.86709
7.37651
5.88999
6.84515
2.9418
9.20316
1.20734
8.16518
0.34707
3.76173
0.570665
0
0.388881
0
4.36503
0.500481
6.05069
0.0744554
1.22841
2.75946
10.0428
0.527473
0.459976
0.116496
1.64764
7.6243e-05
5.42198
4.95189
5.30392
0
4.09156
1.16301
2.78865
0.812654
13.3923
0
0
0
0.00465911
1.37582
4.22475
0.363762
0.102559
1.28421e-07
1.78242
3.64054
0.0533553
0.0139889
23.565
2.48236
7.4646
10.6261
33.7099
20.399
9.27442
14.8182
1.47888
6.32488
6.41888
6.47175
11.9203
16.0264
0.124185
0.522173
5.44007
2.84971
7.31475
9.72702
8.70817
2.79421
12.7165
7.46986
3.34079
3.68506
6.05939
5.52947
11.4344
13.4893
9.11431
4.17612
4.72997
5.5019
7.77995
8.96665
3.79376
1.72197
3.51516
3.14688
0
0.457184
8.03634
0.0407813
0
2.6519e-05
5.82318
0.274481
0
4.23941
0.00985114
4.74531
4.58177
0.219552
1.17165
2.48756
0.272156
0.22737
0.0147243
1.94652
8.41595e-06
0.000311031
0
0
16.8852
109.255
0.350164
0.902344
0
0.037127
4.73656
0.0132549
1.459
0.432031
2.1672
0.0618607
46.0701
8.49331
11.5578
6.52787
1.17923
1.34058
7.73472
4.5168
32.89
2.58003
8.45407
1.25773
2.89394
1.81608
10.4909
0
1.02341e-05
0.0693169
0
0
1.82978e-06
4.73451
0
0
8.69425
2.96193
8.8453
1.39346
7.29428
17.4006
9.35215
16.0542
8.41658
10.0672
2.90622
0
6.24376
1.53987
5.53576
5.31183
35.4222
97.3003
8.57368
45.1134
16.8477
1.86732
9.99297
0.455109
61.053
0.547489
27.7052
19.3509
0.68884
10.893
13.3215
13.2112
2.17689
15.9945
13.2028
3.9828
0.985379
5.30476
14.4569
3.94045
17.0331
8.86163
18.6894
7.99444
9.70196
0.153201
0.407642
1.93399
6.80875
1.37428
1.23318
1.46789
2.0851
5.22128
2.23496
4.82623
4.24977
3.64172
1.87604
0
2.97208e-06
0.0988854
0.971674
2.38428e-06
1.4105
0.0884159
0
1.57057
0.46833
0.543601
0.00123973
0
0
0
0
5.09887e-05
0.00136362
0.0197209
0.00171305
2.99473e-06
0
0
0
0
0.0171073
0.845105
2.90347
0.0787286
9.27265
0.178707
0.0610234
0.683958
0.798902
0.000187345
6.64016
0.00575276
14.7297
0.0595275
1.21414
0.046148
0.855601
0
0.0498789
0.536665
1.0041
2.53944
0.00499628
4.84688
5.20577
0
0.0491908
0
2.21723
15.2076
12.4653
5.10009
4.62074
4.18873
8.65483
9.74516
1.59015
8.50687
1.91292
1.20724
11.8888
27.0592
4.19655e-05
0.858964
3.52092
4.3338
6.2607
8.1034
9.85582
2.23082
3.4844
1.38692
0
2.12046
1.55608
2.10183
2.76126
2.73509
0.0350537
0.904598
0.0692656
0.0671958
0.840308
0.02452
0
0.0268417
0.889973
4.78107
4.83913
0.330754
2.09392
1.78212
10.7451
3.18775
1.62705
0
2.76005e-08
0.775641
0.432096
1.07459
1.71011
1.80145
0.516483
0.0960495
6.57598
0.621705
2.5453e-08
0.00352093
4.35998
5.82622
1.26105
2.72975
1.39803
4.10952
0.0488418
3.42634
0.0712262
0.00929561
0.00647108
0.00219959
2.97624
0.114764
0.302975
0.61619
7.67133
0.612535
2.93169
1.75091
3.7943e-06
2.42131
2.73356
3.8102
13.8083
6.38719
1.19315
3.70336
4.48863
6.54804
2.16659
6.6072
0.355897
2.72617
3.25629
5.4608
3.13871
2.24131
18.7813
5.12752
6.16539
9.08269
8.61376
6.1676
2.22187
9.38973
7.74736
8.27017
9.7364
2.41452
2.77274
5.35671
3.71735
3.75167
9.49997
7.79404
5.62394
4.31584
4.13187
3.12037
13.0984
5.06675
3.23199
7.36468
0.550245
12.6255
9.34677
8.17766
1.09712
21.1803
3.96358
5.22788
11.2033
9.44922
9.65388
5.66858
14.1984
8.82745
8.66919
8.3357
16.7798
0.285895
15.819
17.9541
7.66904
10.7456
6.26667
8.69193
14.866
0.163916
3.31382
0
3.45898
9.60043
13.3639
2.94186
9.19383
1.8455
3.67663
6.59627
13.2722
6.65204
4.41011
1.8829
2.20727
0.195961
0
0
3.07226
0.775523
5.03337
2.81092
0.715853
1.70339
0.6052
0.809501
0
0.94143
2.58244
0
3.50018
1.62617
3.2487
3.65706
3.54644
2.19355
1.82495
11.224
16.3192
7.00307
6.7045
3.82838
0.00890522
11.2713
10.5477
10.1851
11.8226
0.293842
0.593918
3.70638
0
1.00587
0.00145803
0.00301171
17.2266
12.6425
3.58853
6.96649
26.1091
6.03701
4.5572
4.44417
0
2.62101
4.09502
3.39998
1.36965
1.42896
1.32887
2.31215
9.71715
3.01689
6.7767
3.71732
6.81034
2.57519
3.77747
0
0
5.86981
0.00118714
3.1932
0
0.000487844
2.15218
1.05111
1.17581
1.30079
1.95984
2.67865
1.84118
0.0626898
0.610875
10.0669
1.42343
0.495953
3.21163
0.00226138
0.0278719
3.90401
7.81811
6.00974
7.53774
9.65993
12.4846
11.3221
0
9.66629
0
6.89479
13.4408
4.03226
8.87078
3.98425
2.98093
0.323069
0.000404203
3.77129
0
0
2.95664
0
5.00555
6.95078
0.455704
16.7963
2.67143
2.40125
1.49422
3.47107
2.52128
11.2625
9.43868
4.30432
0.681212
2.39929
0.0407734
11.6363
5.78209
1.90982
3.31175
1.3443
9.68962
0
3.43878e-06
0.112353
3.41402e-07
0.996478
0.0617215
1.78886
9.02212
0.617895
0.126068
3.64814
2.22574
4.10523
3.14886
0.0252489
1.46409
4.11841
0
0.0148295
0
0.650313
0
0.0312724
6.11545
8.40115
9.08497
0.914294
0.111346
0.00828538
4.52029
1.68289
4.48247
4.59199
1.37795
1.93706
1.0238
0
1.90689
4.35086
0.259311
0.000111501
0.479275
0.019148
0
1.12748
4.1835
3.84464e-08
6.15793
3.15718
7.07504
1.27634e-06
2.5688
2.1081
2.28791
3.39649
0
0
0
0.83935
9.08907
7.28569
0.000145685
13.1241
0
5.28118
14.2451
14.1991
14.2585
1.15536
0
0.647177
0
0
0.428972
0.542371
0
6.39757
11.1413
6.14403
1.49639
7.86718
1.42839
12.9999
1.30302
16.0822
26.4587
0.000283632
6.53313
0.786563
13.6536
17.3462
0.47329
5.57854e-05
13.4849
11.5005
0.0671166
2.61894
0.0131355
0.0317352
8.22736
3.57407
13.763
15.1013
10.4853
8.90066
6.78827
0.853705
0.477114
0.0285742
0.789914
0.979997
0
0
0
0.453182
0
11.0257
0.475431
1.26023
2.24755
0.00031322
7.2704
7.02157
0.102653
5.80209
1.06311
11.4383
4.35564
8.47217
1.56964
4.84099
13.9085
5.66344
2.64076
8.78692
5.67377
0
0.75935
11.3615
1.6166
2.65529e-08
10.7329
0.920531
15.927
63.3461
3.11401
27.2479
12.221
3.75023
6.1982
0.0423725
1.12545e-06
15.4296
19.9297
0.3735
0.87694
0.623095
1.39547
10.7082
2.04008
0.0113547
0
0
0.94418
0.10023
3.84023
11.7832
4.88757
2.81541
0
0
0.0575929
6.46986
5.80481
0
4.58221
11.9169
1.28714
14.4531
5.45391e-07
6.56018
12.0075
4.78377
11.0806
0.0215717
4.38137
1.50723
0.0437553
0
0
0
0
0.0863716
7.68952e-07
0
0
3.47592
2.91108
2.14964
10.4002
10.6321
4.24131
4.35105
0.829989
0.308357
0.455225
0
1.68631
0.135872
2.83152
4.84128
4.68082
7.19832
8.18442
0.448118
0
4.09804
0.720065
12.3296
3.33299e-07
0.0399739
0.0042342
2.24375
9.46284
6.77492
4.50195
4.65645
23.9723
0.548082
0
1.65878
8.37361
1.08194
0.0113813
0.281069
0.161221
0.181799
2.28213
9.69046
1.79624
0.028394
3.68694
14.4934
4.96733
2.61103
9.48084
7.39939
4.34574
0.706465
0
2.85615
7.2119
17.967
7.37543
3.17564e-05
0
0
1.70741
6.21243
9.5512
10.1091
0
4.2982
9.77546
8.45368
0
5.0075
0.243367
0.622782
4.95292
0.0152206
0
4.383
0.998268
0
0
5.42201
0
0
0.129098
4.28282
4.72205
0.824415
0
6.59531
0
12.551
0
1.28843
0.0376981
0.0115549
0
0
7.42914
0
8.99602
8.71728
3.56841
4.26161
5.38277
0.0388632
8.01079
4.59677
1.49567
1.56413
0.641063
3.40178
0.229794
5.83352
8.56194
4.19995
7.00101
4.68376
9.38579
9.28449
9.51411
19.1531
0.864006
7.21166
0.0356133
0.917906
2.89012
0.0689748
5.09467
0.275546
3.17947
8.12106
0.668272
7.58971
0.0216828
0.00968911
0.120144
0.176946
0.357406
4.42468
2.81765
19.8235
10.3628
1.93245
0.340946
2.25843
16.8255
16.7286
0
9.97829
3.96474
3.96404
0.0236114
0
0
3.67513
0.31939
2.62681
5.456
0
0
13.976
0
0.000137521
4.83878
4.98045
1.57374
0.219368
6.45229
5.04409
0.077504
1.58145
1.04324
4.27181
0
0.0134661
5.86589
0.0128507
0.025844
2.49807
1.92369
5.63539
10.1075
8.80859
0.000139479
0.201946
0.0291145
9.64219e-06
11.9607
1.47878
3.58843
8.53692
2.09525
6.63363
6.78446
0
0.00256585
1.15967
0.0883511
2.23298
0.949318
1.75699
0
5.25812e-06
20.5256
0
22.4791
1.59453
0.83757
4.23781e-07
0.203356
0
0
7.8977
8.94975
1.51657
15.6796
4.90368
0.974426
0.794824
0.000575825
0.271592
0.738181
1.94127
3.3472
0.00526737
0
6.49554e-07
3.95861
0.00689105
0.091147
2.17487
1.46996
2.91256
7.23148
0.00242048
1.85006
0.848588
10.9947
11.0488
6.47106
0.0248875
0.108918
0
0.0286019
4.41524
0
0
16.6319
1.20028
0.305025
0.142494
4.67846
3.4187
0.127207
7.13883
0
5.10719
0.275393
0
1.01159
16.2852
0
17.944
1.69693
4.1695
0
16.0471
13.3583
2.96616
16.1478
2.7811
4.43593
12.7508
0.746497
0.91279
0.712224
0
4.86771
8.51638
2.48371
3.29077
0.200119
0.0667362
0.451079
13.4293
11.601
8.86297
19.6107
8.2096
4.73954
5.8286
4.66571
9.05978
14.5894
4.86755
2.59902
3.35786
11.6735
0.0290532
0
13.6981
7.44532
1.7663
2.29795
2.71689
0
10.4082
13.4917
5.48821
0.00326131
19.219
10.2651
5.55425
6.8149
9.50746
2.23479
15.5081
7.11164
10.727
0
0
2.03568
2.65077
8.26311
6.35957
17.8048
6.49115
4.59314
5.39753
13.647
16.9994
45.1288
48.6523
23.5637
7.44294
6.40041
1.21914
2.0256
0.36974
0
1.50829
1.08223
4.14932
0.49283
10.4688
0.0527997
1.63455
8.59402
16.3158
3.88068
4.76693
5.01307
6.39614
3.19335
0.285007
2.80331
2.12173
5.17556
5.40384
0.104975
9.44449
3.92228
2.57815
10.9443
11.1581
12.6566
0
0.00451901
0.879747
10.9664
10.573
0.657923
0.0793157
3.64164
0.348252
0.00061779
0
0
0.0012507
11.6276
0.0036266
13.0123
0.000409057
9.11511
13.5195
0
0
0
5.25807
3.38418
12.0962
7.29291
0.205446
0
16.8039
27.1811
3.63932
0.0967083
13.032
6.02045
4.5833
0
10.2573
3.97935
2.54148
10.0419
0.0273352
0.000991566
5.81365
0.00334235
0
0.31661
0
0
13.162
0
1.24471
7.96608
3.4201
4.23891
4.79295
1.35377
5.62246
6.73354e-05
9.49291
0
7.17732
5.59019
0
6.09703
8.59135
10.49
0
4.16378
1.02443
11.7643
9.14137
1.14968
8.24718
0
5.25309
11.1852
11.4131
0.171177
13.1585
2.0508
20.1858
8.41686
0.766223
0.993266
1.53288
13.1852
0.130769
19.2081
0.943477
0.0444982
3.28895e-08
0.811021
9.29081
7.65482
0.107828
3.47337
10.1474
0
11.2663
9.19596
0.294805
6.06828
0.448933
4.03031
4.74967
11.3941
0
0
0
0
0
0
0.601664
2.06629
5.92434
1.42984
1.2926
4.032
5.30879
2.36225
3.80837
9.39944
0.553817
10.0859
13.6491
13.4021
11.401
26.0181
12.0358
7.98215
0
11.0732
15.1865
21.0455
11.8998
18.7015
0.300417
17.3858
8.42673
0
9.95904
0.0374257
0.634558
12.3248
1.15202
0.0259882
0
0.679477
0
0.00651639
0
0.130387
4.52838
0.25582
0.00925561
0.937982
0.0514369
0.0253562
0
3.02884e-08
0.594153
1.77571
0.0090425
15.4254
0.168803
10.1574
10.1083
1.21268
0.10787
9.61572
5.82481
0.62131
0
4.36283
7.54638
11.0098
6.66285
0.143362
0.422787
0.142248
1.3103
12.3781
4.39822
0.953254
0.400283
0.830227
2.66485e-06
64.9088
2.69021
9.1925
7.94631
0.000226139
3.08618
5.23945
1.82053
0.00362298
0.121748
24.1064
0
0
0.805392
22.1754
37.7256
4.06528
0.000616612
6.70231
4.06228
6.25205
14.8465
4.32268
6.89035
0.0188168
1.28104
0.115129
0.974717
0.447638
1.87892
5.55886
0.00208951
1.12857
28.5624
0.279443
0.115923
5.64851
0
0
0.136853
0
9.33696
18.3817
2.3003
12.034
0.410636
1.87175
4.12499
12.8802
1.40418
4.17736e-06
0.0445175
0.354782
23.0015
9.55721
13.0326
12.7625
7.62918
3.63893
0.571092
10.2829
10.8733
0
4.24207
0
0.332493
0.0397895
2.8563
2.39095
0
0.0405125
0.0180166
0.151105
4.93392
3.22142
2.42681
3.5638
3.97657
0.00196123
0.882693
0
0
0.984024
2.90369
0.000161019
0
2.92315
4.48993
7.68697
0.36332
0.172266
1.05811
5.69432
1.801
0
4.75372
0.57246
14.5292
0.983299
1.26987
14.971
15.5991
0.432087
0.402021
9.59806
21.3726
3.8477
12.2229
2.14299
2.7522
1.74679
2.1562
0.0873775
7.04285
0.477691
10.5647
6.86025
3.23426
2.2278
1.28775
2.19194
5.37984
6.82901
1.87787
1.28788e-05
0.024048
0.524817
0.430368
0.117088
1.51405e-07
3.45452
1.46257e-06
19.9639
0
0.640411
0.495192
1.20885
0.0933215
14.2767
0.222921
1.85496
18.1032
2.88965
2.17243
5.26141
0.394988
0.0386582
0.574265
20.8495
12.8058
7.72038
8.41591
0
0.128744
7.48127
2.94706
0.53782
0
2.80647
0.00012277
0
0.581963
3.34472
0
0
9.3734e-05
8.27947
0
0.0200269
0.00350974
60.0506
3.94734
1.83942e-06
0.43035
1.23666
0
1.81088
4.91482
0.241039
1.73426
27.0653
0.294308
0
69.7225
0.174839
0.389118
2.4099
0.0293077
0.958001
0.000473122
3.42145e-07
0.794874
9.52168
0.0409755
0.185898
0.27378
0.241897
5.1066e-05
7.9792
0.00368943
2.85936
0
1.80129
0.774109
0.018194
0
8.91131
0.158502
3.88063
2.0309
0.10803
4.50711
20.2495
0.756304
2.58848
0.406428
0.000538964
2.33931e-08
15.3945
6.67635
0.329578
2.58188
2.64974
4.65179
0
0.310726
0.0260261
0.208065
0
0.124611
0.00635761
0.970556
1.31004
10.6959
11.4862
0.0328251
0.407777
1.90537
0.135593
0.807268
0.035727
10.4938
0
0.921584
0.113732
0.957859
1.49148
0.566583
1.28641
6.45206e-08
0.0194963
0
0
0.0651016
2.16611
8.23068e-05
0
0.0192506
0.956511
0.0370324
0
0
0.0101879
0
0
16.3053
2.78602e-06
0.299176
6.34703
3.00571e-07
0.000139746
19.1292
1.08692
3.59165
0
0.0420595
1.71549
0
4.02327
16.5862
0
0
1.5252
2.84571
1.93443
0.0142542
1.65875
0.00768066
7.84985e-06
6.92437
0.829195
0
6.04676
0.0467998
0
1.20403e-07
1.7913e-07
13.6441
3.14722e-05
0.127161
0.495861
0.000800709
0
0
1.23208
0
1.92139
2.32841
1.25763
0.836848
0.461803
0.236501
0
0.583908
0
4.07735
0.208615
10.8909
7.88081e-08
0
4.17818e-05
0.0426584
0.0522885
0.0082037
0
0
0.851126
8.07584
0.0704092
11.0119
1.82083
9.95209
6.43865
0
13.0996
1.30116
3.59713
0.244507
0
0.143926
4.24308e-07
15.8836
2.22144
0.211189
1.04507
0
0.0472788
4.86965
9.3183
0.000720682
0
11.9229
3.99401
1.09991
4.16613
5.82563
11.0209
12.0991
19.4929
0
0.915404
6.62574
0
17.2368
28.27
18.377
7.41579
1.72899
3.41858
5.05463
16.0848
9.39713
11.4677
5.7593
4.02923
7.5135
0.0620049
2.24417
0.369698
0.0587977
0.223092
0
0
6.26954
10.5033
3.80246
0
4.69936
0.010482
0.214515
2.85713
1.89614
1.7651
2.72048
3.08137
5.98623
2.37636
2.91768
3.2429
14.8002
1.28373
0.000265061
1.80968
1.85577
1.08328
2.12382
0.00982159
0.00238273
6.91277
8.05977e-06
0
0
0
1.06178
0.0046406
0
0
0.105414
0.0882655
1.66848
0.0275082
0.0131294
3.80494e-05
0
0
0
0
0.12788
0
0
0
0
0
0
6.20354
0
2.09896
0
0
0
0
0
14.607
0
1.26537
0
0
0
9.95236
0
0
4.65874e-05
0.530912
0.641149
3.77509
1.64728
0.105458
1.5235
4.10288e-07
0
5.91797
0.331937
9.46973
0.0309044
0.0603938
0.0382579
4.48735
10.2959
3.96875e-06
8.09748
7.39697
5.28684
4.38735
4.9564
4.41965
7.54295
12.1578
6.79588
5.92798
2.2434
6.85378e-05
0.0100456
9.82027
10.2618
10.6231
9.32844
9.52997
5.81047
3.24829
3.48607
12.8648
21.6682
4.98327
10.4208
16.1546
10.0619
15.8644
11.6092
0
6.24038
0
11.6055
10.9832
11.6936
11.6778
7.16969
16.5406
9.66901
9.13972
0.148422
11.9036
8.14461
10.0739
9.13525
12.2937
14.1106
18.9727
15.4582
6.63543
10.3207
12.2656
10.2436
0
8.43285
5.71218
5.92672
0
12.1209
10.7007
1.90095
0.708443
1.6734
0
2.13067
3.01512
1.81959
1.84185
8.17607
1.67307
1.19172
0.119453
0.0167756
0
0.117824
11.0964
0.898806
0
0.798312
4.66343
0
1.26173
0.239301
0.00960416
0.0706347
0
0.724119
0
3.23878
0
3.4351
0.998224
0.166197
0.265565
0.778052
12.0847
1.64095
15.9844
10.4541
2.20514
13.2133
5.60036
3.6778
12.8358
16.3911
25.357
9.56467
18.4741
9.97107
0.469605
19.1077
10.4356
12.6621
0
18.9018
0
6.82515
6.11047
0.0213799
4.79714
5.36008
14.8082
0.000862955
14.0041
0
0
9.77144
1.49578
3.73084
0.00130984
0.795408
0.159333
0.24622
3.85247
1.87674
0
0.29447
11.5232
0.127693
0.84685
7.43218e-05
0
0
0
0
0.542709
7.88444
0
0
0.357304
0
8.6056
6.90018
0
0.000936908
9.56656
10.9548
0.494221
1.50885
0.0125053
1.12687
7.14808e-05
0.0905493
30.0772
1.83846
0.95136
11.0112
2.61454
13.3825
0.716948
0.816048
0
0.765001
9.23443e-07
26.9891
0.529135
4.32787e-05
0.490188
3.39792
0
1.00672
6.4616
3.23879
4.34
4.03127
16.4506
2.38704
1.03783
1.44402
0.469389
1.86382
8.96027
0.335964
0
4.20709
0.150366
8.50031
0.11681
9.67817
0.740456
2.12883
5.20754
6.63843
4.61739
0.891107
1.87704
1.96162
5.76712
2.38467
1.65974
7.19907
0.419601
8.33764e-05
0
0
0
0
3.16164
7.44126
7.54014
17.9946
0.851248
11.691
7.94725
0.984017
8.6818
3.30448
10.6393
2.62546
1.64434
0.541411
51.8297
26.2546
0.393387
9.97491
8.25505
1.01212
0.00707205
1.55243
0.0970954
0.450699
0.69155
0.0541617
0.000848137
4.16513
7.63771
6.14528
1.96182
4.71784
0
0
0.0142096
0.221803
0.031812
7.86587e-06
0.00152849
3.75517e-07
0.046435
0
2.12192
10.9891
0.0511155
9.38351
6.34374
6.06318
0
0.781319
6.29795
3.68706
0.0219129
4.41985
2.5853
8.91735
0
7.39272
7.76206
0.00274205
1.28843
9.34385
0
0.251755
0.799574
0.168396
0.572897
0
9.70991
0
23.2397
5.18137
28.9131
0
0
0
0.879062
0.012855
11.0986
5.59078
14.8391
0
3.5042
7.97257
11.3508
3.88228
1.36649
7.24388
1.21756
0.623828
0.264409
0.0358636
0.00926772
0.0302766
2.72106
0
0
0
0
0
1.69544
0
0
0
0
8.69971
0.129003
0
0
5.59773
0.631343
0.133233
4.13823e-05
0.00493807
0
1.92601
12.0721
0.244741
0.892742
2.49784
0.000473821
0
0.0104437
0
2.81476
1.79251
12.9159
5.86988
7.10967
0.286934
4.22514
0.53381
4.14127
6.61391
7.04671
1.54428
8.9648
6.26698
16.895
18.1577
7.01356
15.002
16.3189
6.36991
14.2493
7.0448
13.2948
10.8265
7.8809
9.87212
9.07546
2.21168
7.98165
7.24253
11.3296
14.5453
8.22253
9.03711
8.44656
7.41983
3.67001
1.74113
0.701627
6.02894
1.86816
0
0
9.57465e-05
0
19.7709
14.619
0
5.16319
2.5872
2.94138
0.84284
0.00478183
6.54886
0
9.05529
6.13013
0
0
4.2171
9.0368
2.30068
8.18438
4.64102
1.05892
2.5469
0.927409
2.45769
0
4.91332
10.1334
7.09117
10.4012
2.02308
1.29424
4.47679
2.63451
1.99139
2.90596
14.2859
7.38823
1.09729
2.07588
1.36623
2.29121
7.41321
7.34798
9.75573
11.5978
1.2786
12.2447
21.8
7.39042
7.50474
4.77434
13.9999
6.89049
6.13353
1.29396
3.45621
4.84836
8.15409
0
0.386698
0.01148
3.09058
3.86063
7.47214
2.89062
4.00463
4.13117
4.47379
5.51594
6.44588
14.1822
1.1641
11.6812
9.25214
2.34689
0.284232
1.72086
1.67808
20.6745
0.222075
13.1142
3.18654
1.50828
4.91612
2.53891
4.20374
0.176465
2.06573
10.2021
7.03523
9.3577
12.4894
13.1075
1.40443
8.71987
18.9721
6.34814
6.33585
8.81581
5.95443
3.76018
0
1.97081
0
4.81753
4.77363
2.76016
5.92297
0
4.68012
7.41904
5.8028
5.55586
7.48492
9.73375
4.49039
9.21301
0
0
0
12.6001
11.4315
11.4793
3.72697
14.41
0.869126
5.24861
0.949399
2.261
0.0173442
3.26726
4.42635
0.435135
7.86268
43.9395
32.2968
9.76474
5.41494
0.311696
17.8158
6.06954
21.5311
4.20872
5.76628
16.978
20.9919
23.0293
24.7753
17.1411
9.94807
13.1805
9.69426
3.45898
11.4977
17.2802
9.36477
3.77327
10.9891
10.785
9.43517
18.1541
4.60855
19.9443
9.84744
4.56961
14.1626
13.569
18.2887
6.91398
0
9.43898
0
3.53231
11.1678
15.4306
12.0924
12.1475
2.85402
10.6187
10.0488
9.85765
8.53688
9.92653
9.541
2.05606
21.8742
14.2074
5.26336
14.7856
6.21024
13.9704
10.679
7.52008
8.52781
1.81354e-07
7.13742
6.66119
16.3061
5.21442
10.1636
0.871703
0.00251167
0
10.4099
10.1031
8.5234
0.676942
8.68602
11.1998
5.11421
8.80666
10.0701
2.94302
4.06642
10.6173
5.63701
2.20091
1.22489
4.785
1.81646
0.01129
2.02051
2.8872
3.16333
0.563425
1.39314
0.0127679
1.07687
0
1.03808
0.785731
0.613273
0.839925
6.5761
0.748908
0.199683
1.33993
1.0396
1.13951
0
0.394002
0.125925
1.57864
0.646271
5.62053e-05
0
0
0.19518
0.574672
2.07431
0
0.0253868
1.45522
1.17822
7.50854
1.09647
1.55444
0.0201382
0.017904
0.807978
0
1.31293
0.496111
2.36058
0.297801
5.31758
0.0175186
12.6762
0.0852204
1.57484
10.4356
0.0745472
3.37405
12.256
12.0228
0
5.93872
0
0.167203
0.253072
0
13.8942
7.32192
1.98292
0
19.1904
0.553305
0
1.52455
0.950344
1.02834
0
0.123813
0.663414
0.839908
1.1079
0.14627
2.69262e-07
4.17642
3.95516
0.157923
0.15791
3.90127
2.60257
1.34642
0.427864
4.6617
7.47185
6.14675
1.98176
0
0
0
1.53416
3.73065
0
1.2259
0.444131
1.20504
0
0
0
0
0
1.04447
2.15106
0.372654
0.203653
0
0.0133383
0
4.57847
0
0.00633625
0
0
0.000742613
0
0
0
0
0
0
0.00701565
4.89269
4.70301
4.26952
13.9461
7.6127
5.27156
6.8205
1.04985e-05
0.0313968
6.99915e-07
0.427846
8.72962
0.187082
2.04795
0.00721604
0.649927
9.5638
27.7923
25.4391
16.8176
4.6389
1.95905
7.17336
6.87756
0.552596
2.56428
3.93688
1.98184
9.51496
1.83024
3.28331
15.8554
14.462
0.618992
3.55048
2.13581
4.99637
0.0868936
4.73884
0.00240594
8.33223
15.8655
0.00914504
0.144306
2.18798
0.0063809
0
1.32551
0
0.59536
0
0
0.00245139
2.70564
0
0.570452
0.674894
4.85403
1.41305
1.93166
11.336
5.09765
4.52664
3.38221
0
1.60539
8.71253
7.86084
4.50937
16.2422
7.43384
7.30852
0.963356
3.6481
0
11.7033
6.81133
5.83743
4.57967
0.0456749
2.6173
6.14214
6.67902
3.4687
15.5976
11.713
4.688
0.939693
4.72781
12.2892
2.98771
3.89582
0.00145098
9.93425
14.1178
0.603259
1.01701
12.5277
0.084367
11.3779
0.639247
0.0341534
0.983435
0.0375259
9.03448
0
10.5226
15.1164
13.6121
5.07282
4.35027
4.34128
7.10877
1.44642
0.296826
0
1.91943
0.636292
4.07734
3.6693
14.5223
4.26177
11.3391
13.63
12.5821
15.9609
5.25762
10.6475
0
0
0.832383
9.18641
2.16817
5.36402
3.82171
2.53916
0.76663
0.00871596
0.591303
0.23588
0.000460849
1.84084
1.37947
0
1.03986
0.048601
11.134
0.0024701
0.501922
2.67574
4.71587
0.405569
3.94545
0.00306849
1.72252
0
6.76696
2.60947
2.55092
4.82365
0.164221
0.0053814
0
0.00122646
0.218235
0.00672961
0.0305037
2.80129e-06
1.43186e-08
0.000919313
0.869073
0.79355
0
3.17865
1.26413
0.52623
0.363805
1.87044
1.83079
4.20221
0.0104088
0.38287
2.6915
0
0
0
0.00589162
3.86575
0
1.37248
7.64947
7.12106
7.21734
14.478
3.39174
9.5067
1.31865
4.1188
2.30121
0.310225
6.11039
2.24055
0.736036
0.0213793
4.19242
0
3.93672
2.54244
8.58464
4.72477
6.04173
4.50519
0.88035
31.226
8.71438
6.86672
9.2613
0
12.7523
0.338383
15.9082
6.23799
1.14631
9.77886
2.17109
1.00576
2.11299
0.000209327
1.74051
3.38487
1.10116
1.80482
5.40399
0.0015587
7.51197
3.53368
6.40083
6.48842
8.86002
14.0587
23.4332
3.86282
14.2196
6.92935
17.2549
11.5957
9.41149
5.5379
5.45319
0.0532587
1.85042
5.30752
18.2609
2.52023
7.24599
10.0103
3.30755
5.50688
7.49344
7.02994
7.12651
9.29634
4.24922
3.01165
14.2164
8.48826
3.84165
9.09776
9.98481
0.0272729
4.67759
7.12938
1.37143
9.44053
11.0625
0
8.72698
11.789
8.50897
0
0
16.9204
8.3495
15.6291
12.3299
2.03871
5.82065
3.09324
0.0827152
12.9862
19.8112
13.6732
2.6052
9.0595
10.6492
9.81924
12.5724
19.4429
7.42084
11.9072
13.857
19.5362
15.8979
4.96766e-05
17.3228
15.2809
5.19201
2.96354
13.0802
13.6507
26.8024
15.511
0
16.9656
21.3911
15.3612
0
6.98838
10.6156
17.1234
17.2777
10.9792
7.91091
8.66765
0.16424
0
2.48566
2.72451
12.8878
0.411046
17.0314
15.6509
24.0408
14.062
10.8991
0.161047
8.91251
0
8.58318
8.30597
9.48171
14.1973
9.84948
29.7106
30.0833
12.1873
19.9848
7.70436
19.545
19.7945
0.427491
15.2281
5.29036
20.6254
0
8.15604
6.05082
7.16852
11.661
8.88767
14.5322
10.4248
0.561915
9.72616
11.7709
12.5535
12.3689
15.115
0.0441738
1.54709
2.14272
0.803885
1.79783
8.74079
1.68779
4.24628
0.291675
11.9809
1.9709
10.8268
5.99819
8.99297
11.636
0.676068
9.79784
26.2313
0
0.454699
2.42474
8.31491
0
10.0563
13.3374
5.2683
8.73587
13.63
10.0794
8.70001
6.40841
10.1044
7.86904
5.42987
11.8282
7.23072
7.30564
1.88325
11.3143
20.2191
0
15.5669
12.6534
22.4764
7.27318
1.9346
10.7446
1.7571
0.870805
0.0298107
5.38826
17.2583
8.39443
28.534
6.91506
13.2797
2.78513
10.1135
6.59692
6.66168
12.4176
12.0523
0.0138525
7.66284
9.81402
6.64592
15.4563
33.1235
14.4766
9.91517
48.5955
8.66139
11.7921
0.0163469
9.5554
5.07843
10.7132
6.43224
4.48779
0
2.34335
4.83062
5.41989
8.91243
11.8742
1.51674
2.58682
0.0410563
2.99629
13.5897
4.35817
5.24546
9.64103
0.815189
7.54446
3.11896
17.1959
4.45195
1.50597
10.445
15.3246
2.29591
15.7119
5.70681
12.3752
0
6.93702
0
5.8926
0.772082
3.26009
2.60645
2.28816
0.297712
12.8201
0.978417
5.95889
0.734537
2.55717
4.84701
1.55922
5.62807
0.239146
1.73766e-07
0
3.81159e-07
0
13.7163
8.52188
7.52716
6.86148
11.9992
6.69422
9.63365
1.41367
2.54139
0.872779
5.72973
8.23831
0.967419
9.20103
15.2348
0.468412
7.48302
0.369108
7.21946
3.66904
0.857853
1.88115
0.0203223
0.416114
6.84102
0.91317
0.00173826
0.8992
0.192587
7.46345e-08
7.64084
9.15866
13.2168
0
0.78392
10.0983
6.56617
10.5436
13.4223
8.063
6.68977
7.52822
4.36361
15.1795
9.40955
0
12.8555
8.13865
5.77381
12.6708
0.000458296
11.0077
9.56643
21.0437
5.56377
5.71721
5.96757
142.689
6.914
5.45138
6.51872
120.661
8.03326
4.58525
15.334
10.3665
8.49853
8.29259
4.30535
6.62868
4.01807
6.25142
7.85017
5.13813
9.04234
15.4355
11.3883
1.9487
0.000929714
0.000101693
5.30076
8.70106
1.07617
0
0
0.0166552
5.92053
5.31968e-05
8.51844e-07
1.21561
1.21087
4.82197
0.0149948
0
4.10208
0
0.644624
3.23123
2.77741e-05
0
3.91199
1.92274
4.97382
0
0.183491
3.11777
0.00264423
1.49715
0
1.39182
0
0.196511
35.0677
3.41881
0
0
1.71214
0.185007
0
0
0
4.74779
3.45986
16.6527
0.236575
4.47128
1.26935
9.09212
1.05056
4.51746
3.31766
4.15774
1.90892
13.228
1.4329
0.226575
1.25794
4.7693
4.04618
0.313945
0.0369949
8.92643
8.02627
26.3431
10.5241
12.6639
1.01367
2.11613
0.374892
0.869605
7.20077
10.4302
6.53655
6.14454
5.43707
6.05685
4.15265
0
5.93743
4.6112
9.66338
13.3913
6.12746
9.06391
13.3695
2.05913
2.47318
3.05677
4.05907
8.53244
7.23498
16.0604
7.92357
0.335662
4.65999
3.8305
3.0135
0
0
1.20105
2.07669
1.13222
0.134607
0.249163
15.28
16.9655
5.05438
4.1481
3.97145
5.49093
5.42278
2.84828
2.57406
0
0.0749515
2.51788
3.3975
20.6223
2.04761
25.706
9.55057
3.66414
14.2579
0.107539
5.30753e-06
0.593247
15.6594
17.2969
1.78848
2.55249
1.51396
14.3357
1.77771
0.508113
2.50394
0.964497
2.90725
2.47176
3.50526
7.16124
3.94836
0.264968
1.82468
6.51504
0
0.0285454
0.164598
0.900476
0.0407118
0
11.384
1.79158
4.2874
0
0.0421274
0.0900209
6.86558
0.155735
9.16344
1.52161
0.884507
13.2211
2.39094
0.0207076
0
1.23791
1.77664
0.365942
0
0
0
2.03033e-07
3.99152e-06
0.0684256
0.735325
0.0350482
0.773866
2.44713
1.92652
0.286423
0.710824
2.69072
3.30962
2.83084
4.21397
9.89999
3.05127
1.2631
3.01302
5.61553
4.05456
4.01777
5.87141
0.110967
0.697965
0.397635
1.72304
6.77485
10.0787
1.53605
2.04155
4.58645
2.19472
0.144035
0.763553
10.0791
0
0
0.00444967
0
0.000198341
0
0.816905
0.0780207
0.00594799
0.0354465
1.09724
4.36923
0
4.88092
0
2.42969
0
14.122
3.31905
1.82654
5.96515
9.56269
17.8406
16.0194
1.49505
3.31655
10.0183
11.0678
4.41901
11.209
3.6321
3.68068
6.15996
12.0319
0.639434
7.8765
4.54946
7.91173
10.038
4.0105
1.67537
10.1091
0
0.75504
0.00915293
9.31047
3.82745
0
12.5589
11.4242
0
11.3298
5.79689
11.9143
8.35183
1.88153
8.39819
16.1123
12.8782
13.5729
10.0099
9.08822
9.34867
3.10337
7.90581
4.42123
1.81399
0.0129546
15.215
0.688343
1.82634
1.95409
0.803877
1.30539
1.29086
0.0195471
0.901628
0.68586
0.769948
1.08794
2.06188
0.850154
2.17526
0.665145
0.135254
1.15059
1.23722
0.00749852
0.695917
0.1496
1.34214
0.323099
8.13264e-06
0
0
0.177093
0.327111
0
0.0518126
1.58847
11.0545
0.226635
8.51311
4.98396
0.493296
4.08243
3.44949
0
0.0534973
0.356511
7.31383
0.881789
1.5679
8.36786
6.09344
0.494298
1.00253
6.57124
12.0992
10.4985
2.77765
9.2146
22.4533
0.31068
10.8467
12.7008
7.67362e-06
0.0557029
9.74426
0
1.43376
8.54612
0
3.74758
0.846713
8.68892
1.42757
0
0
0
14.6308
0
0
0
0
3.98602
9.35579
8.1302
4.55517
0
13.6049
7.43533
3.13173
14.7775
8.14726
14.9952
2.67731
0
0
5.64592
5.29705
0.00301996
0.000190425
3.33431e-05
0
0.00142209
1.55491
0.258752
3.36526
11.6174
0.110965
1.25302
0.0809773
1.9223
2.9366
8.08247
3.82039e-06
0.000211642
0
0
0
0.045182
8.82286
1.00448
1.61374
8.72174
0.0924652
0.128952
0.723271
0.432453
0.13848
0
11.1842
9.78393
0
0
8.5564e-06
0.000306987
11.1871
0
0
0
2.50504
0
0
0
7.099e-06
0.0606097
1.14533
0.646205
0.281329
1.73338
3.41954e-05
4.84368
0
0
2.35447
0.906717
0.0654856
0
0
0
0
0
0.111033
0.000409203
0
1.84216e-07
0
0
16.0386
0
1.86406
0.165702
1.24761
0.0466836
0.238001
5.42641
0.26034
0.681825
0.586241
0
2.46065
6.71857
3.33835
3.42573
1.55363
0
1.038
6.22824
11.6754
1.93408
1.02822
1.75146
0.826122
8.33043
1.50468
1.88429e-05
6.74553e-05
1.05343
2.94318e-07
0
1.29538
0
0.839383
1.4772
1.78922
0.187653
1.82811
0
6.78934
2.70755
1.0942
6.32724
0
2.57533
5.13749
0.861611
1.08506
1.5037
4.99121
0
0.118552
0.386087
0.0431821
36.2132
0.841006
0
6.57909
0
0.0246389
4.89154
8.53492
0
6.82884
8.70866
0
0.122522
1.30792
0.0581959
0.0661343
0.0485172
0.0269212
1.28795
0
2.79704
4.72088
3.98581
0.398237
10.6744
4.48368
0.00162605
0
1.04063
0.0664088
0.564629
12.5279
3.04927
1.7572
0
2.33369
8.67812
11.6572
12.0272
0.0118773
11.6772
10.456
3.32647
14.9277
0.976383
1.25377
10.3037
0.105665
26.5967
0.624766
2.53234
10.877
0.00914554
0.00233744
1.80994
0.406892
5.59848
0.46014
0.772808
3.99899
12.7736
2.13301
9.25131
8.14437
3.0983
5.96493
3.10697
6.66358
9.22855
2.54346
2.84008
8.07944
3.18458
0.155371
9.27459
10.0146
9.4473
8.14644
6.97549
14.9496
2.8209
11.5996
9.93371
0.726986
10.793
1.19766e-08
4.458
15.2423
9.72132
5.19897
0.253585
0.11702
1.4418
0.303521
1.22125
1.31659
0.352896
7.08134e-05
0.143437
1.62859
2.93679
2.10839
2.24928
0.00014149
0.313999
1.67911
0
0.00846084
0.0373283
7.56789
0.958773
5.62085e-07
0.000224075
12.7919
0
1.11276
9.88017
3.4867
12.3565
3.80508
8.25914
0
2.98641
0.899621
0
26.0747
0.0823321
0.679297
11.9343
3.92766
0.000292046
16.8824
1.39849
0.0605964
0
0.431166
7.0921
3.62788
0.286469
7.74552
0.809857
0.0717467
15.6853
7.26387
4.1142
8.31618
2.90645
5.01252
3.83363
5.19919
7.26416
1.94682
2.23637
3.77268
3.00539
1.43508
7.02453
2.5942
2.6894
8.82699
0.321486
5.9522
5.82127
6.18529
3.26295
0.804954
0.880269
0.0230168
0.0158702
0.104598
0.503774
0.0287015
0.0137378
0.0346564
0.120449
0.0117934
0
11.9514
11.6835
0
19.5185
1.73793
7.54628
10.0463
6.2372
15.1289
1.17856
7.8927
4.71815
1.24285
4.83877
4.68725
5.54499
5.64968
5.31068
2.14245
5.90211
10.1997
27.4772
7.21547
6.19942
5.97315
10.5485
4.84564
0.132502
0
0.378997
0.0259889
1.14791
0.280963
0.100935
13.8692
2.6514e-06
5.01291e-09
3.35154
8.51631
8.25345
4.29289
6.16965
6.16818
0
0
0
0
0
6.08719
0
0.0198411
0.0132702
22.6384
14.8912
1.7378
3.19352
2.88718
2.62803
0.150414
0
0.0815777
1.18434
0.474411
2.73985
1.25345
2.2573
0.968517
0
2.92442
0.115218
2.71405
0.445117
3.9669
0.972285
3.64594
2.12211
4.85893
3.37395
0.229934
0.0392484
0.360208
0.497419
3.50717
0
0.274532
0.0150718
15.4278
2.60971
0.125829
7.71799
0.635323
18.0348
0
8.04844e-07
18.3812
