0.588378
0.834554
0.371335
0
0.292002
3.20696
0
0.298251
0
0.85492
3.18383
0.00019457
0
0.347063
0.92651
0.143137
0.135659
2.85121
0.714829
1.93867
1.92586
0
0
0
0.457987
0.999216
0.653609
0.370422
5.9426
0.173781
5.10227e-09
1.2934
0.207252
0
0.924677
0
0.285123
1.2548
1.9848
1.45999
4.5351
2.91314
0.124466
1.59585
0.0671153
1.1669
0
0
0.55871
0
0.02518
0
1.96758
0.618232
1.90232
0
4.96073
0.0540965
0.122051
7.79167e-08
1.44444
0
2.28413
0.00378023
5.19517
0
2.65343
0.803406
0.915146
1.01848
1.56062
0
0
0
0
0
0.116023
0.223298
0
0.377881
4.11998e-06
0
0.0210025
0
2.02497
0.0091195
1.70062
2.77291
1.95038
1.49944
1.64192
4.12536
0.151046
1.90987
11.0866
0.0870064
0.557966
4.2924
0.823983
0.0682959
0.235872
1.61132
0.363216
2.82863
2.28217
0.059878
0.736785
0.774001
1.7808
4.80088
0
0.700531
1.38528
0.0019095
1.05562
1.24521
0.0107717
0.884435
1.28346
1.26338
1.60089
0.812756
0.595068
2.42217
0
1.47393
2.65854
0
0
0
0.876723
0
9.1294e-08
1.07711
0
0.149454
0.0330836
0.109464
0
0
0
0.417635
0
0.357492
0.323144
0
0
0
1.21052
11.4557
0.123926
0.724327
0
0.000323128
0.935955
2.82078e-07
0.964439
0.0394906
0.0322486
0.0710265
0.731153
0.439818
7.50782e-08
1.90691
0.751424
0.0262248
1.423
0.526472
0
0.101708
2.33761
0.332766
0.757267
0
0.0726962
0
0.675663
0
0
0
0
2.00666
0
0
0.831237
1.17103
1.31428
0.700015
1.9847
8.38933
4.884
3.45513
0.697875
4.70284
0.0722788
0
2.76849
0.056865
0.839536
0.687576
11.4823
28.655
0.0928348
5.65297
2.07916
0.142599
2.29168
0.919585
36.681
0.368993
5.82947
2.37227
0.588762
1.60079
6.60029
9.77064
1.21842
6.9787
1.07358
1.17605
0
5.46869e-07
1.51819
1.12385
4.331
1.92021
3.33208
1.7126
2.62621
0.00121488
0
1.75382
6.97574
0.683887
2.69187
1.07829
1.64512
1.8358
0.100393
0.415507
0.255283
0.598137
1.58012
0.0150985
0
0
2.79121e-05
0
0.571277
0
0.382317
0.85375
0
0
0
0
1.5621
0
0
0.0144823
0.000718869
0.951128
0.0109657
0
0
0
0
0
0
0
1.83742
2.16576e-05
0.889897
0
0
1.01128e-05
0
0
0.00472296
0.00219936
1.71509
0
0
0.000197069
0.0029528
0
0
0.350286
0
1.43898
0.000431053
0
1.03795
1.27869
9.94122e-07
0.213589
0
3.15718
0.446607
0.343104
0.8946
0.570166
0.0229417
0.105597
0.941999
2.09814
0.673423
0.204874
1.82313e-06
0.00109358
0
0.00128119
0.0280181
0.218296
1.79686
2.11757
6.45718
5.13447
1.24957
1.20759
0
0.752354
0.750174
4.23114e-07
1.93483
0.00140924
0.0282798
1.24711e-06
0
4.85917e-06
0
5.60464e-07
0
0.0390209
0.0157896
2.54039
4.48138
0.016247
0.0254871
0
0.0345471
0.942799
0.738399
0
0
0.137118
0.0178348
0.0253766
0.0680497
0.294194
0.0301714
0
1.61634
0.00582261
0
0
0.524586
0.960257
0
7.46774e-06
0.364713
0.582836
0
0.516084
0
0
0
0
4.23751e-05
0.518955
0.193332
0.0195916
0.265348
1.20315
0.330665
0.402112
0
0.117696
0.353687
0.880299
1.87291
2.24184
0.283134
2.12333
1.14685
2.16146
1.24503
2.63532
0.0536645
0.187551
2.28498
2.22698
0.796304
3.16046
0
4.12747
1.41661
1.68953
0.237671
2.60962
1.69589
7.46825
2.29885
0.319658
1.64569
1.83446
1.3466
1.38777
0.358332
1.21784
1.0527
0.507183
2.87896
1.05132
0.000505307
1.21298
1.3981
2.73273
0.661559
0.0243548
0.596748
5.99094e-07
4.88542
1.07168
0.553256
1.4311
1.37244
1.58128
0.543975
0.940325
3.83903
1.49637
1.53407
3.49583
0.644264
2.04483
3.54484
0.116506
1.60561
1.60904
0.377766
2.10051
0.0718438
5.04421
3.39738
0
1.26836e-08
0
1.44234
0.0545844
0.127653
1.17002
3.65183
3.65363
4.98101
2.23126
2.87202
1.58315
1.10628
0.302911
1.53812
0.0319324
1.47359
1.93651e-06
1.07959
1.91672
4.09242
0.181427
0.134081
0.868092
2.37325e-06
0
0
0.371902
0.433009
0
0.882978
0.0268075
1.07642
0.0372585
1.96042
0.000169033
0
4.06083
7.5153
2.30298
2.4306
4.33707
0.122022
0.492714
1.22749
2.50614
3.86737
0.0173108
0.325145
1.82473
0
0
0.526613
0.00147851
3.20986
3.61405
1.39733
0.0248987
3.32089
2.69172
0.0485197
1.3228
0
1.29231
1.85607
0.877801
0.029637
0.0287759
3.35851
0.027097
2.60303
0.000424652
2.98277
0.652822
0.00335672
1.52884
0.231901
0
0
1.63902
0
0.00392101
0
0.927672
0
0.202622
0
0.0773027
0
0.53093
0.0896566
0.841553
0.175221
4.62244
0
0.214268
1.92807
0.9174
5.33781e-05
0.650732
0.586583
0.870229
2.26057
3.65697
1.14846
2.10952
0
3.55539
0
1.76397
2.40331
1.44039
3.88614
2.97466
0.0302991
0.452476
0
2.74134
0
0
1.05487
0
3.79587e-07
1.40229
0.0125345
1.67616
0.479254
0.31633
0.474773
1.65743
2.64678
2.40049
4.64808
2.09758
0.703126
1.14744
0.00879668
1.42334
2.13425
0
1.00672
0.0127184
0.101934
0
0.012292
1.28844e-07
0.930434
0.64464
0.00448751
0.00653694
1.13852
4.72353e-08
1.05563e-07
3.83406
0.344591
0.497353
0.423222
0.00519423
0.162597
1.04056
0.290579
1.89521e-06
0
0
0
0.105581
3.18152
0
1.85348
0
0.00354971
0
0
0
0.373999
0.735053
2.0294
0.689371
0.106509
0
8.97371e-08
1.839
0.215549
0
7.63422e-09
0
0
0.05405
1.93133
0.470893
0.961551
3.27752
0
1.09612e-08
2.28549
0.703023
0.178662
2.8858
0
0
0
0.0190864
4.22166
2.24096
0
5.35716
0
7.16491
4.98365
0.100584
1.13688
0.0318031
0.913065
0
0
0.0273849
0.00285192
0.285372
0
2.48247
0.789085
1.1059
1.89835
0.132748
0.987268
1.40994
1.05318
5.8068
3.28031
1.83628e-05
0.0683686
0
5.08494
4.06452
0.191111
0
1.93155
0.0466136
0.303985
0.622458
9.60462e-05
0.00189864
0.105515
0.7069
0.168642
4.1354
2.51336
4.14388
2.63633
0.00427285
0.0213655
0
0
0
0
0
0
0
0
3.2005
0.018715
0.183183
0
0
1.76865
1.61413
0.00160819
0.0302283
0.980799
2.74503
0.852655
1.41286
0.322546
0.594647
2.22585
1.20217
1.77327
0.768032
1.67661
0
0.0753675
0.405875
0.528811
0
1.05563
0.0123609
0.597277
15.1427
1.99473
3.31542
9.01554
1.76471
2.48798
0.168898
0
1.34923
4.00936
0.00614222
0.589382
0
0
5.45862
0
0
0
0
0
0.316676
0.0262359
1.03714
1.71797
1.30698
0
0
0.0914071
2.06377
0.0495855
0
1.1505
3.66373
2.56356e-06
3.18886
0
1.72182
0.905188
1.03926
3.20134
2.84345e-05
1.47381
0.163225
8.56745e-07
0
0.00547637
0
0
1.31119
0
0
0
0.0138022
1.41708
0.0016342
3.20804
2.02946
1.5974
4.39204
0.0810921
0.279002
0.0306406
0
0.149483
0.0170826
3.3978
1.57155
1.37166
1.86156
3.69395
0.241173
0
2.63377
0
1.49505
0
0.00356702
0.0153248
0.666144
2.95053
1.60901
2.25553
1.21301
4.37942
0
0
0.0198539
0.981669
0.0173689
0
0
0
0
0.103761
0.837142
0.93162
1.08849
1.09874
4.01435
0.824743
0
2.47388
3.08198
1.60372
0
0
0.0455653
0.659472
3.48108
1.42597
0.000212811
3.2156e-07
0
0.407371
1.02532
0.0156418
2.25726
0
1.30435
1.36089
2.02421
0
2.73672
0
0.0332556
1.30393
1.51724e-07
0
5.63979
0.00634937
0
0
1.41807
0
0
0.0130353
0.255244
0.901653
0
0.0628118
1.50135
0
3.69029
0
1.72783
0
3.7729e-05
0.0274875
0
3.96206e-05
0
0.541666
0.737674
2.75934
2.90111
0.665596
0
3.57877
1.25956
2.32307
0.169882
0.926585
0.997409
0.716681
1.36818
1.38819
0.599115
2.56043
0.291616
0.954258
2.4903
0.964373
0.372084
0
0.356298
0.205107
0.0317664
2.38394
1.36465
0.526986
0.407948
0.82148
1.71274
0
2.44689
0.0151871
0.000167747
0
0
0
2.94211
0.00700185
0.652038
0.912605
0
0
8.49714e-06
0.987334
2.48738
0
2.84078
1.78625
1.50254
0
0
0
1.5734
0.416871
1.48148
2.41695
0
0
1.07183
0
0
2.14027
0.0543858
0.763286
0
0.76265
3.86437
0.357766
0.573108
0.0300983
0.892111
0.012239
0
1.66914
0
0.132655
0.0386121
0.823122
8.16748
0.192786
0.410383
0.0258116
1.32101
0
0
0.952093
0.767963
6.95207e-05
3.317
2.81805
3.30427
1.44248
0
0.00033598
0.00494751
0.0223151
0.119827
0
0.0104164
0
0
0.808191
8.43508e-08
1.82282
1.48188
0
0.0182828
0.155512
0
0
1.23665
0.744918
0.950651
2.0157
5.27922
0
0
0
0.000166369
0.041397
0.131858
0.236946
0.000532565
0
2.07826e-06
3.07945
0
0
0.0903168
0.21197
1.20853
1.15643
0.39815
0
0.00988339
4.27394
4.02343
0.723783
0.685019
0
0
0
3.11845
0.976974
0.255522
1.75198
0
0.00356314
0.00331259
0.0806867
0.0645971
7.046e-05
0.0126475
1.65406e-07
0.387349
4.08158e-07
0
0
3.33574
0
1.35993
0
0.104945
0
3.92022
2.57327
2.15503
1.94893
0.597892
0.0238608
5.35782
0.436799
0.340202
0
5.66972e-07
0.072336
1.54304
0.319242
0.369514
0.0313184
0.497534
0
2.85151
2.18309
2.67289
4.28605
0
2.6419
0.394067
0.969407
5.32438
3.50511
1.65227
0.457739
1.49526
3.54266
0
0
5.96539
2.56984
0.373679
0.770029
0
0
2.90557
1.3571
0.958661
0
0.788703
0.0327156
0.184114
0.885852
2.86462
4.2423
2.07845
5.35488
3.47569
0
0
0
1.72897
2.82468
1.74512
3.49263
5.02988
3.69948
4.44629
8.26354
6.09988
15.5993
18.9085
4.19189
0
1.91823
6.84001e-07
0.683823
0
0.0177008
0.397279
0.378134
0
0.604619
1.93369
0.8279
1.09598e-06
0.722971
1.14554
0.272609
0.955606
1.71366
0.121324
0.49786
0.14773
0.112227
0.00112089
4.67504
2.38686
0
0.293015
0.637429
0.47121
0.245852
0.9535
2.04307
0.202359
0
0.60379
1.77376
2.87949
0.105928
0.158957
1.75452
0
0
0
0.337342
0
2.84735
1.75778e-06
4.22274
0.000550556
2.19396
0.576219
0
0
0
1.23076
3.86362
2.35391
0.398091
0
0
1.30005
2.05345
0
0
2.48853
2.1491
2.14781
0
4.31452
0.290529
0.850097
0.0917648
0
0
0.0530028
0
0
0.48899
0
1.15642e-07
1.32963
0
0.286278
2.13214
1.35149
0.863465
0.461486
1.00317
0.840868
0.105136
5.06863
0
1.37099
1.3813
0
0.707875
1.81135e-06
1.28222
0.0194588
0.0299922
7.85511e-07
5.35971
0.981486
0.0232352
2.74517
0
0.397137
0.628116
4.17568
0
0.423286
1.82604
3.89048
0.737463
0
0
0
1.70019
0.0425721
0.810446
0
0
0
0
0.382557
0
0.0684292
0.00655628
2.10088
0
0.183835
6.10704
0.0567095
0.861923
0.466354
1.29279
1.97965
0.560094
1.62821e-07
0
2.50953e-05
0
0
0
0
0
0.619945
0.688872
0.0634606
0.160918
1.32263
1.21751
1.9272
3.63283
0.00731883
3.63177
1.26598
1.52941
2.41263
3.19088
4.41782
6.80405
0
0.338189
6.68433
4.5975
3.46426
2.43283
0
1.16547
0.544653
0
1.53842
0.159162
0.00147333
4.41951
0
0.0232
0
0
0
0
0
0.00135783
0.516319
0.00786092
0
0
0
0.238056
0
0
0.00824323
0.662581
0
1.10754
1.2904
1.66127
2.9143
5.02885e-08
0
3.42534
3.05526
0.0394319
0
1.81639
0.0350658
0.0862531
2.4265
0
0.981058
0
1.28695e-08
0.806087
2.53248
5.47732e-09
0.265755
0.068875
0
0
0.0206322
1.11345
0.681105
0
0.764571
7.54941e-05
7.21746e-09
0
0
0.0916759
0
0
0.0136593
2.73524
10.3533
0.177128
0.637628
3.64252
0.835093
1.26966
4.11056
0.000147846
1.02314
0.547325
0.411636
0
0.160091
0.41194
0.923266
2.71646
0.0449367
0.00220158
2.57922e-06
0
0
0
0
0
0.121671
0
1.04451
1.98619
0.100345
3.98608
0
1.01257
0.000268963
0
0.0709388
0
0.0717459
0
2.79113
1.19916
2.90134
2.2811
0.112069
2.8058
0
2.1913
0.518889
0
0.319688
0
0.270352
0
0.153542
0.967306
0
4.95499e-07
0
0
1.60567
0.0324319
1.29624
1.14167
0.777929
0.00164681
2.97437e-08
0
0
2.6124e-07
0.958468
0
0
1.19858
1.0191
1.12298
0.0457779
0.0238784
3.94073e-05
0.40329
0.0581427
0
3.27764
0.0239516
3.86604
0.0344284
1.10772e-05
3.87791
3.82694
0.000276548
0
4.70785
9.15004
1.5979
1.07344
0.0819586
0.988705
1.69235e-07
2.49545
0.0168657
0.000446671
0.0498614
2.1313
2.55071
1.21577
0.138426
0.0155915
0.0200021
0.239864
0.474317
0.0903458
0
1.79895e-06
0
0.0428397
0
0
1.92008
0
4.73249
0
0.221942
0.011149
0.0193583
0.0406652
3.71347
0.0847801
0.00838902
1.8093
2.19084
1.25188e-05
2.02439
0
0
0
2.48076
1.96814
1.72144
2.391
0
0
2.92198
0.111697
0.206987
0
0.567847
0
0
0.113657
0
0
0
0
0.200487
0.00115441
3.63574e-06
0
20.6944
0.220424
0
1.98519e-05
0
0
1.24628
5.35375
0
0.00220747
5.66972
0.872941
0
53.9685
0.00380371
0.136097
0.00997159
0
0
0
0
0
2.25899
0.0430681
2.76002
0
0
0
0.0832475
0.000918904
0.0133738
0
0
0
0.0216229
0
2.57384
0
0.798471
0
0.00277122
0.904326
0.000112454
0
0.0928879
0.817838
0
1.50404e-07
2.68289
1.17072
0.00496403
5.00458
1.62155
3.29382
0
0.0186152
0
0.0114513
0
0.0115283
2.96433e-07
0.130998
0.000543764
0.0533918
1.18313
0
0.324821
0.000447378
5.70207e-06
0
0
2.11584
0
0
0
0
0.194752
4.68625e-07
0.190968
0.788967
5.10101e-07
0
0
0
0.704685
0.000222372
0
0
0
0
0.709904
0
6.87007e-08
0
0
0.455969
1.69982e-08
1.43845e-05
0.730956
0.0128755
0
1.98013
0.00216302
1.46963
0
1.55526e-07
0
0
1.4083e-06
6.08217e-06
0
0
5.28964e-08
0.0233401
0.929157
0.0112479
0.427619
0.00155867
0
3.95426
0
0.65975
4.15632
0
0
0
0
0.739685
0
1.96019e-07
0.158427
0
0
0
3.22746
0
0.00166355
0.373779
0.798697
0.0383606
0.0477474
0.962813
0
0
0
0.977802
5.7901e-07
0.48202
0
0
0
0
0
0
0
0
0
0.928715
0
0.215329
0.0883686
1.49807
2.07164
0
0.603842
0.584341
0.514303
0
0
0
0
2.84264
0.138247
0
0.0372902
0
0
1.1686
1.851
6.32496e-06
0
1.46793
0
1.01316
0.02368
0.459518
1.19943
2.92696
2.10484
0
0.314074
0.871817
0
1.81095
4.24141
6.30596
0.884734
0.142042
0.382179
2.97748
1.16053
3.2422
0.425911
1.76485
0.412093
0.446645
2.40731e-06
0.0278755
0.863629
0
0
0
0
0.0671253
2.45337
0.0166464
0
0.10572
0.000350601
3.5335e-07
0.530031
0.401805
7.54761e-08
0.828307
0.588311
0
0.00107912
0.175238
0
0.799615
0
7.65831e-06
0
0.177264
0.086078
1.47644
0.0127151
0
1.29308
0
0
0
0
0
0
7.98241e-09
0
0.00287382
0.0453602
0.766728
1.477
0.10095
0.0123197
0
0
0
0
2.03897e-07
0.678336
0
0
0
0
0
0.207989
0.000594368
8.92159e-08
0.00160078
0.425278
0
0
0
4.22849
0
0
0
0
0
0.869932
0
0
0.737031
0
0
0.618999
0
0
0.932072
0
0
1.05146
0
1.62376
0.0797786
0.0336269
0
0.0464427
1.97764
0.648922
2.65349
1.46313
2.59538
1.18124
2.15733
1.38614
2.69764
3.68938
1.97501
0.0500465
1.41528
6.48443e-06
0.00188896
3.7037
4.04865
5.48715
3.03204
1.15379
1.68432
0.87611
1.08734
0.350563
5.18105
2.52447
3.07073
0.955325
2.6136
4.63894
1.24477
0
1.80422
0
1.84024
1.99955
2.97402
3.69014
1.41378
4.36061
1.5273
0.101411
0.869708
3.21319
0.625004
3.45773
4.21461
4.64783
4.02636
2.30879
5.28234
1.8192
2.26485
0.47052
3.10376
0
3.74629
4.33311
1.19107
0
5.29929
1.82673
0.0398012
0
1.26756
0
1.10414
0.000377609
0.957086
2.30887
1.84045
0.119496
0
0.0646398
0.00877981
0.00218766
2.9086e-07
1.64793
0
0
0
3.55696
0
0.000175314
0
0
0.371657
0
2.66223e-07
0
0.0547877
0
0.315558
1.02025
0.0417095
0.177385
0.0484933
2.43887
0.365955
0.993374
3.49924
0.372533
2.09875
0.948109
0.0150829
0.765011
4.31917
2.11143
2.41138
5.76735
3.49785
0
2.56781
1.91681
3.07262
0
2.63414
0
1.08305
0.10181
0.00219437
2.22505
0.251994
2.24513
0
4.39664
0
0
1.57656
6.24852e-05
0.243802
0.00136765
0.788153
0.465628
0.00971479
1.3607
1.07929e-05
0
0
1.93349
0
0
0
0
0
0
9.10978e-06
0
3.28011
0
0
0.992596
0
1.19953
0.389851
0
0
4.59579
3.14557
0
0.1979
0
0.879214
0
0
0
2.04394
0.165894
4.38039
0.865483
0.768507
0
0.0271907
0
0
0
2.66482
0
0.676038
0
2.14696
0.0174179
0
0.763509
0.388803
1.07932
0.181094
3.6393
0
0.399023
2.83611
0.591102
0.000324152
2.49607
4.93689e-05
0
0
0
0.731106
0.421503
0.855252
0.483259
1.45107
0.124812
3.40927
0.876472
0.0883886
0.00695913
0.10034
1.36492
1.0567
1.19104
0.613936
0
6.19985e-05
0.013182
0.0220151
0
0
1.29241
1.31499
3.10016
1.35595
0.000325847
3.40219
2.55649
0.618793
1.21275
2.0002
2.40616
0.116903
0.696588
0.0515369
18.776
9.35479
1.06624
3.5376
8.25795
0
0
0
0.00248768
0.347309
0
0
6.57559e-06
2.7346e-07
1.16548
3.36292
0
4.16239
0
0
6.1333e-05
0.000925295
2.72884e-05
0.218665
0.00187535
0
0.22413
0
0.00790696
2.37909
7.21159e-05
3.9329
0.445149
2.20068
0
0
0.0118579
0.363764
0
2.05618
0.0290901
0.95944
0
0.532619
2.41591
0
0.0030952
0.476792
0.00944141
0
1.49317e-06
0
0
0
2.3663
0
3.16384
0.669373
5.13792
0
0
0
0.0134762
4.61554e-06
0.87391
0.748134
1.40851
0
2.39816
0.452673
1.48933
0.669907
0.0980788
0.000130923
0.392545
0
0
0.0149691
0
0
0.00646566
0
0
0
0.000203468
0.166024
0.00355065
0.00279129
0
0.728649
0
0.00872748
0
0
0
4.82782
0.469033
0
0
0
0
1.53622
0.392861
0
0.247571
1.50677e-07
0
0
0.000489011
0
2.62726
0.867631
1.75044
1.0926e-05
0.478999
0.455848
1.03376
0.448615
0.692977
8.62509
3.04963
0.0825061
5.186
4.01553
2.14195
3.53378
1.91697
2.76652
5.37262
1.46749
1.83682
1.74202
4.06989
0.509489
4.78766
2.96239
1.64534
1.92471
3.16876
3.73723
2.09529
6.82415
1.08916
0.056163
2.11844
1.00448
0.0317468
0.612331
0.037066
3.27367
2.33266e-06
0
0
0
0.0111577
3.19109
2.1905
0
0
0.52711
0.458435
0
0
2.32192
0
3.87224
1.37718
0.00293425
0
1.36394
5.1962
0.246566
1.00754
0.21641
0.765148
1.23895
0.721652
0.760028
0
1.24716
3.61565
1.71069
1.18252
0.138161
1.32763
0.475896
0.0779147
0.638744
0.34814
3.59842
1.34489
0.964953
0.260786
0.107027
0.837837
0.359452
2.24742
3.59701
3.72153
1.65523
0.521853
3.75489
6.54437
6.64921
3.73208
2.80906
1.99839
3.06404
1.9003
0.0846572
2.4932
1.24722
0
0
0.510833
0.00962047
0.498527
2.26358
1.88112
0.332978
0.399939
2.07228
0.980161
0.952711
3.47906
0.295063
1.34607
2.17062
1.08389
0.837891
0.698774
1.54614
1.16005
0.286501
2.25609
2.91534e-06
0.055209
0.994965
0.905153
0.164599
0.0558368
0.663443
2.99056
0.00164451
4.74276
0.195785
0.939069
2.67054
0.0480787
1.69627
0.851716
4.54213
1.66621
2.14477
1.49589
0
0.000126431
0
0.947261
2.807
0.235801
1.64544
0
2.53056
3.94611
1.37997
1.02422
1.37515
1.14821
2.20125
6.77091
0
0
0
1.52228
0.294698
1.17288
0.12428
4.47263
1.06383
0.928523
0.0970432
0.258048
0
2.25018
0.889665
0.907454
2.73615
1.81639
5.61461
2.43925
0.900083
0.0300001
0.305903
3.1217
2.18762
1.40348
0.004529
1.65126
2.34173
3.81654
3.59465
3.11904
1.60337
2.74084
2.67599
0.69536
3.38935
3.64361
3.14425
1.68578
4.16712
0.311131
0.933391
1.90078
2.90434
3.32836
1.22363
3.32422
2.90424
7.05251
0.0857345
4.71874e-05
0
0.127397
0
0.0778867
0.730572
2.78801
2.93687
0.00878836
1.1625
1.6418
2.36027
1.15979
3.94992
5.05295
2.54915
1.1527
2.78809
2.18915
1.68179
0.978708
1.58647
0.175118
1.73256
1.21554
0.758439
0
2.12076
0.204452
2.17337
0.33926
0.269342
0
0.778801
0.398414
1.76475
2.04267
1.31639
0
2.53784
2.72141
0.785503
1.46161
0.0097206
0.00104718
0.787021
1.68339
2.8153
0.547817
0
1.61487
3.74287
0
0.87099
0
0.00317918
0.197777
0.807721
0.0220366
0.792543
0
0
0.927019
0.0895524
0.950216
1.14018
0.686265
0
0
4.60798e-07
0
0
0.000201353
0.433966
0.3317
0
0
0.477991
0.469443
0.84605
0.589544
1.30946
0.0351528
0.92307
0
0
1.33277
0
0.000782293
0.00251398
0.00120635
0
0
2.14217
0
2.39766
0
1.06238
4.66956e-07
4.50303
7.00108e-07
0
2.31267
0
0.755697
0.0893833
3.85455
0
2.53032
0
0
0
0
0.392057
3.30158
5.17669e-05
0
8.43819
0.03928
0
1.00096
0
0.686742
0
0.0750699
0
0.562128
1.05341
0.0195527
0
0.485174
0.0616055
0.480246
1.92024
2.22968
0.936136
2.56904
0.0203373
0.238869
0.664659
1.66639
1.29367e-07
0
0
0
0.359968
1.87168
0
0
0
1.78957
0
0
0
0
0
0
0.103714
0
0.0662496
5.37019e-05
0.0460468
0
0
0
3.74975e-07
0
0
0.0435384
0
0
0
0
0
0
0.00669856
1.15998
3.07742
2.71984
3.45037
1.49379
1.56424
0.714227
0
0
0
0.0410003
1.55547
0.503326
1.06007
0
0.130513
4.08479
7.66441
6.49519
4.42695
0.335983
0
0.130207
0.731808
0.321155
0.728479
0.126644
0.232889
4.04051
0.00572175
0
2.44004
2.52594
0.0620755
0.0281491
0.000106133
2.03052
0.949333
2.60313
0.000218692
2.83458
1.5003
0.867388
0
0.319479
0
0
0
0
0
0.0043742
0
0
2.16924
0
0.318879
0.209359
1.19781
0.665362
1.11713
1.73587
2.23018
0.0695362
0
0
1.41345
1.2742
1.24465
3.12676
8.50925
7.08584
3.78019
0.182846
5.26355
0
4.73707
1.73706
3.80826
1.2051e-05
0
0.490604
5.08475
3.11301
0.210936
1.30362
1.46479
5.13847
1.02651
0.0780762
0.883639
1.84353
0.0857222
0.0602336
2.34804
1.33699
0.127483
1.06664
1.73822
0.0137593
2.65929
0.0422987
0.0888973
1.79837
0.00102097
1.17932
0
1.68272
3.08585
4.43493
2.47671
1.54062
0.552311
0.0577637
0.341522
2.85702e-08
0.698619
0.214968
8.45353e-09
2.22648
1.10061
0.152246
1.18099
2.17473
2.9046
2.41725
5.08238
0.000752663
3.80983
0
0
0
1.05552
0
1.41556
1.45203
0.027895
0
0
3.54086e-05
0
0.0270752
4.41607e-07
0.662484
0.0362485
1.4875e-06
0.117913
2.66277
1.08914
0.040443
0.654013
2.93421
0
0.233851
9.85304e-05
1.71027
0
6.38468
4.26365e-08
0.01627
3.05269
0
0
0
0.0497547
0.924363
0
0
0
3.56497e-08
0.42675
0.944674
0.00272129
0
0.0480807
0.186027
0.0593106
0.591535
2.44129
0.000317884
0.186072
4.43707e-05
0.00087793
0.823503
0
0
0
0.0182874
2.49395
0
0.830014
1.44068
0.77124
0.844355
3.72882
0.369724
2.15526
0.0476238
0.377872
1.69374
0.0396689
2.18983
3.19991
0.0629319
0
1.56597
0
1.19951
0.431812
3.45862
3.15848e-07
4.44958
0.749072
0.11332
21.3632
1.13634
1.79138
2.75231
0
4.30267
0.00314582
7.44845
1.90987e-05
0
0.835902
2.28264
0.614446
0
0
0.148027
0
1.31801
3.02972
0.244458
0
1.94954
0.760682
0.762338
1.27746
0.00728097
3.20679
3.78342
0
3.86509
1.59554
3.83326
2.00235
4.00928
0.611319
2.06012
0
1.95695
0.0585417
1.42102
0.854844
4.79874e-05
5.0623
1.12573
1.30508
3.33722
3.30076
2.41169
0.633595
3.6943
2.62208
0.965859
3.3877
0.67877
2.05742
4.71636
0
2.13213
0.505496
2.94115e-08
0.828488
3.63653
0
5.23158
10.809
0.369047
0
0
4.67875
2.37057
2.17311
2.54065
0.863583
2.73014
2.50204
0.96912
2.25842
9.0438
4.88343
0.153835
5.71246
3.93229
0.574845
3.50859
6.7601
1.53822
0.612863
3.41459
7.4495
5.42036
0.0507363
6.47391
6.57333
3.69434
0.940098
2.42858
4.11548
8.65374
6.84467
0
4.3021
3.1767
2.26125
0.441772
0.658079
0.905632
1.17816
0.953817
2.39932
1.04385
2.85123
0.173003
0
0.840143
0.0102077
1.60977
0.0293858
3.03585
2.71321
3.20738
1.31028
4.0148
0.320227
3.87765
0
3.4975
2.85937
3.38189
1.06917
0.145897
6.76207
4.68089
3.53424
3.41594
3.48268
2.20707
2.50651
0.0138329
1.94934
1.87821
2.0171
0
1.73089
1.52106
2.72939
3.54669
2.07226
2.86459
1.40488
0
1.78413
1.36545
0.0492022
2.31381
0.045593
0
0.399597
1.38634
1.06218
0.860186
1.71836
0.00109919
0.272174
0.00440702
2.70715
0.0655796
1.43985
5.21274
2.72406
1.99086
0.154183
1.57571
3.69909
0
0.087796
0.688007
0.238499
0
1.31181
0.581558
1.36783
2.63308
0.587592
1.70043
3.00511
0.443055
1.05686
0.86038
2.57673
1.03319
0.413187
0.925593
0.940042
0.288957
2.91084
0
0.472317
1.64012
10.9588
0.572052
0.00744289
5.87001
0.682627
0.360605
0.000103377
0.990607
3.18772
3.15503
4.05972
1.44046
1.37664
0.863048
2.21437
0.762606
4.95874
3.76572
0.00592474
0.0196515
1.0369
1.03689
2.38827e-06
4.66486
1.09272
0.2869
5.92645
0
1.93946
0.821726
0.000227941
5.05519
0.737123
4.35546
1.70824
0.932046
0
0.0198509
0.128404
0.0327833
0.0955366
1.68312
0.0548611
0.9418
0.0798161
0.465962
1.73044
0.327569
0.884218
1.76881
0.200495
1.76484
0.431276
5.02209
1.33232
0
0.935973
2.61742
0.319734
3.46672
0.675366
2.55967
0
1.01048
0
1.88249
1.15549
1.59948
1.02807
0.0121245
0.573536
3.35677
2.06583
1.11815
0.369432
2.35524
1.22916
0.299742
2.79811
0.740162
0.347949
0
0
0
2.62028
0.687182
1.33953
4.03411
7.34679
0.369138
1.81636
0.0472772
0.860533
0.169604
0.954747
0.22372
2.64339e-06
1.20062
11.8871
2.09341e-07
4.02106
0.0323994
1.92291
2.0665
0.190985
2.65643
0
0.0574011
1.59374
1.62664e-07
1.22927e-05
0
1.70239e-08
0
1.06527
3.91476
2.03372
0
0
2.16368
2.69017
3.67967
0.754181
0.897674
0.601978
0.962655
0.652601
2.62978
2.64428
0
3.33173
1.40271
3.87682
2.34677
0.00117477
0.22417
1.83777
2.9117
1.07541
0.473539
1.13454
46.7171
2.49764
4.15274
3.0564
23.4147
1.79482
0.956336
1.93211
2.14188
1.98113
0.873402
1.03087
4.78335
1.35728
2.09664
2.35447
1.64061
0.506754
0.22552
2.1489
0.074469
0.0236117
0
0.565135
4.47994
0.984071
0
0
0
0.00316928
0
0
0
0
0.11208
0.651771
0
0.153394
0.00123176
0.344203
1.13591
0
0
1.88489
0.0689689
1.13086
0
0.0334958
0.011951
0.0235158
0.814113
0.00406362
0.01907
0
0.0535978
3.41943
1.183
0.098165
0.463516
0
0.00540629
0
0
0
0.417516
0.250989
1.60589
0.0695652
2.46836
0.0478051
1.78374
0.0203546
0.5231
1.18806
1.62531
0.0280486
3.90667
0.151887
0.000234708
0.00202321
0.132776
0.489332
0.00114785
0.0420214
2.84038
2.87393
3.58504
1.56165
1.79008
0.0524947
0.36583
0
0
2.13148
2.00768
0.0815817
0.221473
0.0225592
0.0537938
2.73043
0.211067
0
0.42373
0.185045
4.15484
3.07628
4.82474
0.788513
0.478787
0.348992
0.157095
0.924331
1.18028
2.56428
0.982982
3.75387
0.154367
1.74511
2.40199
0.0173384
0
0
0.921815
9.78401e-08
0.00268448
0
0.151133
2.53006
4.62171
0.00291273
1.50737e-05
0.955917
0.205787
0.219673
0.0127362
1.84056e-07
0
0
0.876536
0.957006
0.222357
2.29039
1.2763
0.675619
3.33027
3.82795
0.596124
0.00172039
0.832224
1.95775
1.6541
1.45912
0.97039
2.11317
1.74887
0.576454
0.402021
1.46022
0.238053
0.635754
0.825436
1.41812
2.04683
0.223286
1.46739e-06
0.0323125
0.225559
0
0
0.0930209
0
0
0
2.1153
0.419822
0.184095
0
0.0812186
0
1.45961
0
2.2028
1.01556
0
4.43691
0.483107
0.0162079
0
1.04275
1.23832
0
8.12461e-06
0.00973868
0
0
0
0
0
0.000847345
0.289641
3.17591
4.00818
0.996105
0.283222
0.000394642
0.0783095
0.197067
0.441109
2.62171
0.0302009
0.147822
0.769108
2.74253
0.309747
0.589945
2.33694
0.108363
1.5295
2.64012
0
2.14913
2.25393
0.692934
0.373719
0.891589
0.755079
0
0.436981
2.43697
0
0
0.0509531
0
0
0
5.92393e-05
0
0.00256166
0.00239194
0.0412971
0.0480799
0
0.257349
4.14862e-06
0.023827
0
1.60113
0.0322047
0.000163618
3.09658
5.14482
2.26231
2.58966
0.99161
1.95541
0.139894
1.65409
0.253021
2.65963
3.17841
0.370207
0.289743
4.96604
1.22322e-07
3.00692
2.59692
0.701004
8.38047
1.26502
0.220275
3.00458
0
1.31027
0
0.428425
4.36503e-05
0.0337034
1.01282
0.024086
0
2.0682
1.79349
4.4431
0.0847421
3.0479e-06
2.58061
2.48781
1.15389
1.17285
2.34065
8.32596
0.00318505
0.0104666
3.06547
1.43298
0.97223
0
4.11374
0.0452604
0.000316811
0.00186764
0.16987
0.942257
0.620275
0.0443122
0.969185
0.684073
0.102996
0.810964
0.0201882
0.0979002
0.278142
0.751839
0.00206979
0
0
0
0.00138255
0.658653
0.215747
0
0
0.515348
0.377239
0.643249
0.651793
0.0403798
0.638314
0
4.01393
0.000104633
1.70306
0.169559
0.315674
1.17751
0.418601
0
0.141641
0
1.85623
0
0.0877792
1.88979
0.459711
0.0502172
1.57466e-07
3.33204
2.16392
5.91041
0
1.92076
3.96054
0
1.44253
7.70214
0.0845906
8.99558e-07
4.72307
0
0
0.0100253
0
2.78786e-05
0
1.9956
0.900448
0
0
5.78229e-05
4.13449
0
0
0
0
1.69296
0.884189
0.368529
0.538049
0.794512
3.95476
1.50046
0.0343984
1.74869
0.713176
3.36139
1.15736
0
0
1.3718
0.211621
0
0
0.000138165
0.00749393
0
1.92304
0
0.0941284
0.315318
0
0
3.59322e-06
0
2.01561
1.4257
0
0
0
0.000472662
0.244285
0.109905
5.02353
0
0.0987688
0.755359
0.621018
0
2.03398e-06
0.252819
0
0
4.80107
3.42454
0
0
0.000194396
3.65488e-05
1.26447
2.85381e-09
0
0
0
0
0
6.7155e-08
0
0.00156315
0
1.90453e-07
0
0
0.854143
0.202654
0
0
0.998018
0.653574
0.187172
0.703808
0
0
0
0
0
0
0
0
0
0
3.4615
0
0.915033
0.149593
0
0
0
1.78918
0
0.923914
0
0
0.885392
0.0687416
1.03519
0.117332
0.00447877
0
1.28979e-06
2.937
2.51554
0
0.00459632
0.000542319
1.35332e-07
0.985738
0
9.73445e-07
5.61236e-07
1.53039e-05
0.000497955
0
2.93215e-06
0
0.00897233
0.00402116
0.00502706
0.031477
1.36399
0
2.26367
0.149217
0.0526163
0.0563483
0
0.319488
4.23622
0.0309811
0.00470844
1.61809
1.77124
0
0.0700485
4.53987e-06
0.0139758
2.57541
0.00861476
0
3.40657e-07
0
0
0.64464
0.416514
0
0.469293
2.98811
0
0
0.238477
0.0263016
0.0157048
0
0
0.370997
0
0.184636
0.00115801
0.667173
0.44199
3.15043
3.47616
0.541337
0
1.06746
0
0.0164478
4.21785
0.106144
0.389925
0
0.111136
1.79894
0.950368
6.05613
0
2.91507
4.66373
0.654999
3.24151
0.173017
0.0194246
2.75789
0.0205115
6.49836
0.0451786
1.1079e-07
0.91766
1.78472e-06
0.0149612
0.184663
0
3.00385
0.0206588
0.0502944
3.14719
3.17883
0
1.13002
1.95073
0.657905
0.129354
3.69337e-07
1.86912
3.89848
0.037811
0.00235954
3.97428
2.13399
1.39889
0.83287
2.66368
3.08912
1.58989
0.793556
5.12636
0.554531
3.32527
0.591543
0.0361563
1.2325
0
0.416029
0.541007
2.0972
1.34905
0.390135
0.752531
0
4.54054e-06
5.23337e-08
3.53828e-07
0.0638368
0.000243898
0
0
0
0.00708589
0
0.0111802
0.880662
0.00395598
0.241318
0
0.979241
0.697649
0
0
0.708092
0.644218
0
0.0747437
2.80888
0.974807
2.2144
1.15933
2.62192
0
0.0947617
0
0
16.219
0
4.64048e-08
3.45896
0
0
9.55741
0.220757
0.00213518
0
0
4.25681
1.47738
0
0.849446
0.0191295
0.00640563
0.923148
1.72497
0.444055
1.31816
2.02967
0.359965
3.23159
2.1769
0.665254
0.093684
0.0153257
0.818044
0.0199217
0.0612702
11.0127
0
2.29532
2.58029
0.713793
0.289226
0.556097
1.77546
0.00639233
0
0.000345841
0.0103205
0
0
0
0.67529
0
0
0.0420711
0
0
3.32346
4.47408
0
4.75467
0.206486
3.11994
0.217073
1.12121
0.614947
0.0328072
1.72418
0.373498
0.692864
0.424856
1.60336
2.38893
1.29036
0.136822
0.000206409
1.523
2.59828
0.881983
2.96338
0.252348
2.29781
3.24122
0.605074
0
0.000123273
0.0285998
0.0200162
2.67555e-06
0
0.000440872
1.05341
2.17625e-06
2.44688e-07
3.14343
2.59346
2.61857
3.75704
2.17898
0.0275461
0
0
0
5.54176e-05
0
0.165927
8.50232e-07
0.978553
0
3.03355
2.93394
3.0111
0.537731
0.00583897
0.00155868
0.0168709
0
0.0395492
0.0276975
7.8534e-07
2.3494
0.000196317
2.13095
0.897577
0.0192628
0.0497399
0
0.955784
0.229991
0.394729
0.800168
4.20569e-06
1.10029
0.475638
0.0331126
3.1293e-07
0.118015
0.00285082
1.00455
1.72867
0.00372621
8.62654e-07
0.120197
3.92734
0.582089
0.241607
2.01887
0.00351433
5.21693
0
0.000518443
9.79212
