2.47903
4.01585
1.24297
0
4.01095
4.2095
0
10.7662
1.35129
7.93556
23.5751
0.0547356
0.0223989
2.18375
4.59154
0.140798
4.14442
28.5788
28.124
27.9129
16.5462
4.68521
0
0
4.96666
6.14252
5.24737
7.27771
60.873
5.49174e-07
0.400755
4.31767
0.749822
4.05086e-06
2.01808
0
6.20711
31.593
27.447
32.2593
39.7044
4.41871
0.219295
11.4493
0.856976
14.469
4.43652
0
0
0
0.0732021
0.00630594
14.0353
4.3073
0.200003
0.466905
26.4259
0.93267
0.00329409
0.624059
0.207788
0.00195767
3.37986
6.49963
3.34673
0
1.76002
1.83477
4.60971
0.969276
17.3047
0.00215293
0
0
1.65571
1.02643
2.3391
0.847029
0.0202539
5.76354e-06
1.26647
2.3723
0
0
20.4323
3.05133
17.0594
25.4563
16.7505
20.7478
17.4401
18.8449
16.045
9.91069
71.7633
9.32498
18.352
18.8585
0.903732
3.65381
10.4751
6.63137
10.5892
24.572
6.01021
4.40926
9.93613
19.8228
10.8974
17.7019
7.31029
6.59249
7.76903
11.2601
13.5015
9.26733
0.613672
2.18669
6.18478
1.41867
2.39995
2.82003
2.35826
3.19776
0
3.50231
4.91198
0.107473
0
0.0265773
2.23435
1.27329
0
39.259
7.10349e-06
1.83427
12.5868
0.106192
0
0.555573
9.78889e-06
0.176904
0.694375
0.266317
0.637971
0.0251448
0
0
26.3711
91.212
5.318
3.52552
0
0.0225666
1.56678
1.5429
0.0754356
1.32846
3.263
0.760583
25.8902
7.57014
25.8284
21.9366
1.61221
0.497082
14.4445
3.38316
1.98619
1.22511
9.90122
0.31363
4.91388
2.47525
2.33023
0
0
0.760598
0
4.21256e-07
0
27.1804
0
0
21.4389
13.8145
18.8342
5.09325
17.8828
23.6447
40.2701
20.0339
17.0227
17.3441
2.76449
0
12.9082
13.2998
17.6785
16.7422
39.9366
78.5929
15.7739
42.1705
21.9648
7.10098
33.3435
6.59168
75.4573
12.4484
33.9703
13.5246
0.712347
16.8489
25.4816
25.0757
0.146239
22.5396
20.9864
5.67079
0.350106
1.17403
23.7221
7.06779
27.1343
19.6799
46.2941
38.8623
29.1076
0.0223959
1.48633
4.11662
26.2714
2.84697e-05
5.81107
0.715339
3.01749
2.47117
1.88714
3.01847
2.58686
7.51654
1.5612
1.42838
2.10112
0.471081
0.0082976
0
2.07193
0
0.644318
6.47898
0
0
0
0
0
0
0
0
0
0
0
0
0
0
0
0
0
5.50108e-05
3.71255
1.07785
30.6425
0.0204891
0.063655
2.70089
0.506773
0.040936
4.9495
0.549415
22.0111
3.98352e-06
0.879402
0.0046863
0.785665
0.0648745
0.118475
0.24118
0
0.568755
0.0196635
0
32.3334
0
2.31022
0.00101015
0
3.88536
7.70812
23.7453
25.9233
1.77466
9.89614
13.2521
3.49082
10.349
1.41223
2.65227
0.734262
0.462909
1.34762
0.0860283
1.63292
10.1972
17.1525
15.8273
45.2035
36.7107
8.2003
9.75199
0
4.52603
2.8385
2.23657
3.06003
17.6435
0.98388
0.922554
0
0.191745
0.00143517
1.05623
0
3.89596
8.37197
26.0668
12.7383
2.17171
1.96957
0.51424
12.5292
6.71999
3.05014
0.370731
8.32171e-08
1.66063
0.859443
1.87807
2.22833
1.40671
1.3169
1.08777e-07
26.9263
1.03036
0
0
10.9427
14.2634
7.45562e-08
1.53665
8.22697
9.00176
0
0.675643
0.00314582
0
2.95805e-06
0
5.57249
2.86537
8.70141
2.62772
8.4926
26.0538
10.4918
10.4953
0.000273882
16.8836
19.1811
16.41
18.7562
24.5877
1.49288
17.7247
3.768
1.72853
11.7899
14.0746
9.64823
10.5902
20.0336
17.2028
33.1379
6.5629
16.3416
31.2094
36.3028
41.6258
19.1078
31.4262
10.4284
21.5877
15.7248
13.4699
21.3497
14.3622
6.95154
12.3379
6.96237
13.5688
13.6324
10.0452
2.16037
10.9706
11.6862
10.5239
26.8603
12.6418
18.285
1.59506
4.792
14.2043
29.1019
30.5868
22.6481
38.4519
7.9484
44.5985
21.8574
23.4828
25.5
18.6258
43.4799
21.8156
28.1113
6.59106
23.1469
2.12001
16.3064
33.1622
14.0729
8.68846
8.19628
0.723829
2.21292
0
2.37677
2.75067e-07
11.3224
4.6402
19.1501
1.86716
11.034
28.7822
44.5849
15.6325
14.7389
27.8919
11.9419
45.2221
7.01883
0.440074
0.136333
3.3881e-08
17.4572
0.940755
55.8466
6.15628
1.60243e-08
2.04706
0.0132652
2.7663
1.39275e-07
4.04438e-07
1.73409
0
1.97756
1.4113
2.06156e-06
3.75424
29.5497
2.17173
6.00724
6.07697
3.90274
2.62603
0.886021
36.2369
4.48753
38.0739
25.1684
19.4441
21.9134
1.99884
2.10378
8.8547
0.101956
0.502316
0.00174963
0.0437376
36.3538
49.2594
7.86443
13.9441
9.65717
14.271
9.22871
7.16699
0
8.53312
5.17971
1.05151
3.91059e-07
3.04167
0.448681
5.34581
17.4854
13.4013
4.62985
0.888856
5.25258
45.1071
13.2431
0
0
5.19417
0.00203087
11.5835
0
0.0900446
0.915049
1.39338
0.831513
1.29272
0.121789
6.82836e-09
0.0172412
0.0313879
1.22626
28.8799
1.84882
3.09887
1.77387
0.275094
0.65738
3.35608
25.2429
18.2814
15.8752
10.7251
5.27857
8.4509
0
39.2879
0
18.2474
18.1845
7.0962
1.52862
0.0846073
0.0396369
0.0688156
0.000351885
23.7421
0
0
12.9021
0
6.2281
11.8361
1.52118
22.2349
8.4763
1.24533
0.874485
18.6293
47.0356
18.9393
44.7534
17.671
3.4317
7.29116
0
7.56548
3.96061
3.13452
1.69716
0.890794
10.3715
9.62759e-07
0.00616052
1.32472
1.04461
0.700766
0.0135271
0.0499535
1.50635
0.146969
0.218331
0.879889
3.02992
7.17878
5.35481
0.0403
2.35894
3.46566
0.525155
3.93415
0.0195184
3.26762
1.86092
0.00516184
4.96363
23.5353
31.6582
0.530064
0.305062
0.995799
15.0205
0
6.24855
2.87111
1.50599
0.686203
0.829305
0
1.39288
12.4678
0.529743
3.75958e-05
1.51368
0.0043889
0.000926856
0
4.02295
0.0642575
1.071
33.0212
3.22786
1.9169
5.86032
3.42362
14.4737
25.7614
0
0
0
0.748214
28.0511
43.6977
1.0974
10.5417
0
13.05
28.7326
5.69933
8.45679
0
4.27373
0.417695
0
0.295953
8.7689e-05
0.515695
0
3.6464
1.63575
4.8757e-07
0.142455
18.1106
0.275081
47.8632
3.35023
45.7007
12.9413
6.25362e-06
8.13198
0.059597
4.57525
12.2166
0.465631
2.81286e-05
15.6448
9.62715
0.0207683
18.4674
0.00576963
0.774594
6.89174
16.4038
8.04029
37.2394
6.02248
21.3304
23.0273
5.53605
9.12787
0.947695
0.649646
0.90669
6.04896e-06
0.89695
6.68456e-05
0
0
40.2799
3.31239
2.59001
0.282707
0
7.52057
14.1398
0.328472
4.48224
0.207908
23.9601
2.47824
31.274
3.86887
20.5962
29.8491
4.65665
3.39549
10.3452
8.75266
0
3.24346
21.6053
11.1843
0.792378
16.9582
6.80283e-07
42.7852
106.387
10.5896
38.8715
53.4158
19.9324
13.1672
0.434929
0.620594
18.9381
36.1135
0.412395
1.63728
1.48533
4.59072
72.4197
6.02259
0
2.23804e-08
0.30918
9.41392e-07
1.22568e-05
6.07286
15.934
0.907
2.11629
0
0
0.0386733
5.87338
21.2523
4.29247e-05
2.34264
37.9451
0.12426
19.8844
0.116103
17.202
26.096
18.6943
25.3603
0.00903241
4.14019
0.96136
2.75017e-05
0
0
0
0
1.64179
0
0
0.110586
3.75842
20.0027
6.84018
6.19865
13.8649
6.65084
19.0228
3.84049
2.79272
2.1262
0.0712592
0.274654
0.625997
12.0477
5.71525
51.6609
9.47335
34.3615
1.58061
0
5.82405
0.822953
7.18386
0.938603
0.00368584
0.0369354
8.50726
6.82166
3.50405
34.3288
2.31388
15.7675
0.871708
0
0.316377
18.4956
1.93772
0.0403472
0.0527904
0
0
3.59241
10.561
4.13277
0.463825
2.13497
8.59996
8.1912
0.0206901
6.61672
5.58666
41.7389
0
0
1.49293
6.34816
6.78122
7.46665
0.292168
0
0.101967
5.6192
10.1202
13.8144
4.56271
0
3.72034
3.99545
6.16682
0
25.9125
1.32733
0.492771
22.3835
0.0048126
0
19.5016
0
0
0
8.71887
0.014985
0
0.555869
2.52529
2.27204
0
9.80046e-06
26.6426
0
24.2604
0
7.33273
0
0
0.856431
0.262019
6.64451
0
27.1599
4.19541
1.93349
1.58021
24.201
0.000162552
16.9141
28.6678
3.18096
14.193
17.085
25.1811
14.7386
12.4925
16.6043
13.372
1.20992
11.0224
13.0734
5.2269
5.55166
8.80376
0
6.42081
3.40916
11.0555
28.9212
0.416617
3.34511
4.06518
16.6319
13.562
26.4272
2.87558
0.415447
0.00715567
0.124608
0.0315882
0.0297067
3.83436
6.65869
18.4105
20.2156
0
0.59233
0.000604344
13.3272
2.77899
0
7.09233
4.71959
5.5073
0
0
0
6.33408
2.15323
25.5309
3.86331
0
0
18.6235
0
0
3.57012
0.726058
1.98015
0
16.29
2.38846
5.10439
5.59752
6.52452
11.3869
0
0.583635
0.469514
0.297445
0.04335
1.02072
0.846651
54.2689
44.8856
18.1778
0
0.587061
0.939525
1.43905e-07
17.88
9.58743
7.83209
14.1902
1.88264
15.6469
4.68079
0
0.0554121
10.7762
0.0278763
0.039542
0.24626
2.16663
0.927251
0.348391
7.66849
0
18.3205
9.10242
0.0145049
0
1.22149e-07
0.0247586
0
15.4944
24.3423
1.17827
29.3354
29.6815
1.06809
0.0778939
0
0.295825
1.56772
0.427844
2.6752
0
0
0.109771
0.633508
0
0
9.95389
1.68189
1.01783
25.1935
0.0365578
1.00632
0.733475
1.37326
2.76831
8.76268
0
0.249312
0
0.177497
24.6202
0
0
16.5807
5.45785
2.26254
0.99688
32.5
2.89904
0.297581
15.1224
0
12.503
0
0.00446028
2.6291
30.0984
0
22.7272
0.981716
2.53042
0
13.6214
12.0666
8.673
5.74277
16.5805
3.86974
41.1887
7.08418
0
0
0
20.5831
25.5675
12.9536
15.0326
0.171714
0.0994739
2.34018
27.6707
47.1075
46.9199
13.4112
9.69104
19.4787
23.0072
8.53561
20.1456
23.0911
7.40918
15.9702
25.469
14.7647
1.32468
0
7.5818
16.9974
1.51854
23.4939
1.06372
0
38.1549
6.62883
13.4127
1.69726
27.7176
18.8785
31.2166
6.39185
9.96213
2.81307
3.51905
5.60619
8.70449
0.902545
0
3.69754
48.3476
49.5407
34.7978
31.8393
49.4738
60.4834
57.9417
45.2524
44.6858
77.4914
65.4759
33.6271
11.4703
3.21937
0.451111
0.00367749
0.686206
1.26457
8.67399
0.495345
1.23909
0
0.780366
0.0218616
0.885988
6.47632
6.6159
9.65325
6.64398
3.5948
14.5163
5.74947
7.48095
7.39707
14.0842
26.852
16.5999
0
20.169
42.7514
10.8098
20.7906
10.1147
22.3007
0
0.471087
0.806799
29.9922
7.87342
3.99391
4.32215
37.1122
0.217367
0
0
0
0
55.955
0.01484
53.64
0
101.906
57.1075
0.016829
0
0
42.2817
56.8815
29.54
16.311
0.308653
0
53.5844
14.2063
0.45298
0.318905
4.07896
63.9059
57.0117
0
7.22705
51.4681
2.36917
28.983
0
0
13.8806
0
0
0.0723964
0
0
42.0837
0
0.206082
7.63072
30.9357
11.7713
27.9929
4.76926
21.7869
0.14725
27.046
0
23.5203
36.2833
0
21.7758
6.97948
18.971
0.124231
6.38477
2.53612
15.318
12.2862
3.4656
19.2242
0
26.0544
31.9328
21.3673
0
17.8888
21.8239
45.5925
17.8033
0.0191198
0
0
15.4532
0.0119518
18.3284
0.00879541
0
0
0
10.8281
0.561002
0
0
18.9593
0
17.6303
24.3296
0.821742
15.6671
2.78873
16.8897
8.82402
26.4691
4.96706
0
0
0
0
0
1.13304
0
4.50036
6.11121
2.86139
39.9997
39.8655
3.91545
31.2909
34.889
0.295237
31.9817
29.8392
22.9694
29.7447
33.2793
25.8864
31.0905
0.82348
9.27803
59.4745
52.2061
24.7789
28.6479
4.47215
38.8492
24.6034
9.15288e-08
22.2395
0.000683656
0
18.4659
0
0.120228
0
0
0
0.127234
0
1.59351
12.1557
3.02343
0.726421
0.155032
0.00209432
0
0.0481968
0
0.0680041
3.51217
0.299878
22.969
2.75618
51.7741
19.6987
3.27708
1.15132
12.161
49.0867
0.047139
0
29.5056
5.19238
19.1328
57.0886
0.187193
0.181413
0.00703189
2.75779e-08
16.0821
47.5602
3.60922
0.151029
0.698878
0
26.8158
0.542189
5.81308
17.6218
0
2.02437
5.65353
5.55332
0.0139999
0
13.5892
0
0
0.68218
5.65319
44.4038
0.786854
6.23787
42.5604
1.40678
17.5476
8.5645
2.03723
12.1562
0.510262
2.47457
1.41088
2.82838
3.21557
3.43327
19.3049
0.345201
11.8769
0.353427
0.0138101
0
4.87085
0
0
0.100855
0
15.3447
10.3315
0.609795
8.45898
0.80856
15.5421
0.00666152
0.662519
2.92583
0
0.000602438
0.000194219
39.3381
35.4735
43.2735
32.0651
28.139
10.7687
0.94668
4.6011
11.2884
0
18.089
0
2.91054
0.0166416
4.05059
3.9738
0
2.08171
0.279446
1.58303
12.9027
6.22081
7.18274
9.6033
7.10857
2.851
0.828673
0.00343578
0.00357386
1.8662
10.0327
0.536418
0
9.86959
10.099
8.77888
0.0373595
1.64945
0.0292889
9.55748
0.809264
0
3.05904
0.053958
27.8387
1.48385
3.22352
15.1678
10.9615
2.17614
1.87952
14.5288
8.51208
3.20765
15.6015
1.59968
2.10033
2.61891
5.71445
0.785453
1.57558
1.82481
14.7001
25.7938
9.65773
0.39162
8.32425
5.02848
5.58455
12.4313
3.43231
0
3.19661e-05
0.566503
3.71393
0.708466
0.00983393
7.15629
0.128422
30.5932
0
0.338685
4.24564
2.20974
1.46999
18.6439
0.884886
1.95065
28.4546
18.1283
0.0830101
3.55911
3.90716
1.00847
0.0138461
41.1656
16.8972
17.7493
12.1039
0
0.00575435
11.9005
8.01664
0.901749
1.46807
17.1099
0.0322362
0.281167
1.58289
3.98424
0
0
0.481239
14.3073
1.93751
3.79959
1.19296
76.2632
3.07997
0.446859
2.23451
5.40705
0.182316
0.379447
70.2616
1.04245
6.18631
81.9971
3.54193
0
76.6668
5.53107
1.44351
3.3822
0.0823184
0.248182
0
1.11496e-06
0.111708
8.97586
1.01396
7.02639
0.351005
1.55476
1.49978
7.70819
1.97451
5.30223e-05
0
4.19184e-09
2.14288
0.672866
0
29.0431
0
2.5353
5.9879e-09
0.0514356
15.4006
0.684048
0
5.78914
4.87253
1.86502
0
21.8625
8.22099
3.26728
55.948
34.1944
12.9417
0
1.16877
0.00307009
0
0
2.82525
0.830976
2.16095
0.090144
23.0804
7.05199
0.456287
1.30709
0.0723084
0
0
0.23071
4.89752
0.00185851
0.0534881
0
1.17244
1.54465
3.1992
0.945651
0.0229616
0.0612628
0
0
0
0.19271
0.196004
0.000211866
3.49092e-06
0
0
0
0
0.000416716
4.25367e-07
0
6.62909
1.38207e-06
3.30829
9.17868
0.072748
4.34676e-06
36.9945
6.28166
9.68383
0
0.353831
0.00736709
0
0.00550767
0.334133
0
0
1.99276e-06
0.00073861
0.0921321
0.0597674
1.69687
0
0.992125
19.5745
0.00681178
0
37.4181
0
0
1.07501e-07
0
1.85146
2.14217e-05
1.51213e-05
0.915044
0.218415
0
0
1.60173
0
1.13353
13.844
7.66729e-05
0.00258121
0.048626
1.66109
0
5.93677e-07
0
7.7961
1.04851e-05
19.1681
0
0
0.000123399
0.725263
0.0608462
0.0138102
0
0
0
11.9279
5.03815e-07
16.913
3.6944
17.6077
28.3793
0
17.2
10.6883
23.4725
1.53807
0
5.19481
0.0194733
32.4202
0.133817
1.13325
9.61634
0
0.333219
46.4059
20.5613
0
0
19.0679
9.87214
9.055
4.26029
4.037
8.66806
6.68783
31.9984
0
5.49033
13.2768
0
11.6051
24.0285
12.1215
15.9946
12.6796
5.89903
3.83565
12.5829
10.6264
21.6089
8.55504
3.78016
3.19236
0.706802
10.1745
3.57704
2.40299e-05
1.97466e-06
0.0013734
5.17349e-06
3.15156
9.1597
6.44946
0
4.08141
0
0.000481744
1.36543
1.40291
0
3.39659
0.0127812
0.00693447
0.924559
4.07537
4.5549
18.7997
0.0242037
0.374126
12.0148
3.16447
2.8784
1.06208
1.0356
0.455447
18.3856
4.3377e-05
2.68615e-06
0
0
2.08037
1.23075
0.0177939
1.51965
0.00801215
0
0.925007
0
0.069861
0
0.00444661
0.833508
0.0075018
0
0
0.000871577
0
0
1.52577
0.62318
0
0.329507
0
3.56126
0
0
0.00391063
0.000190777
0
43.3426
0
4.5205
0
0
0
31.4634
0
0
0.589533
0.97638
1.54777
26.5631
0.953433
0.343025
1.35038
0
0
3.30102
4.59371
6.59076
5.67633e-06
1.20108
0.721426
5.28325
0.200782
3.8083e-07
5.65542
5.58841
4.40828
2.01561
3.61295
1.33203
2.71138
3.59899
6.91515
9.46992
6.44165
0.000739485
0.0460084
18.0159
9.00702
9.52626
10.7985
10.314
4.54722
6.48802
7.39842
11.3556
11.2806
5.34733
18.3098
27.8878
26.1827
37.7987
22.6122
0
23.3105
0
24.5315
20.2046
19.9335
19.4148
11.6304
26.0157
12.4131
4.34011
2.71373
15.347
13.5058
4.17024
4.07743
9.89481
5.90731
9.68097
5.23004
2.03253
2.31096
1.12009
3.21272
0
3.5859
6.48598
2.42426
0
2.56208
1.66215
4.19561
1.3106
0.0304382
0
1.93064
1.1888
8.48224
2.49368
19.0433
1.26715
2.09376
1.65797
0.0804203
0.249803
0.587472
15.0513
0.525374
0.00441515
0.971779
26.3411
0
0.749362
4.40621
5.27758
0.158385
0
4.15441e-05
0
0.239581
0
9.91285
4.62916
1.89784
3.19102
3.87607
12.2718
5.49363
23.7392
11.6057
4.52085
33.5769
13.5076
8.24053
24.2268
40.5084
29.848
9.44608
17.3704
7.82946
0
13.1349
9.8213
2.44142
0
17.4323
0
3.91114
2.53871
1.39196
3.26644
3.46374
13.1313
0.934156
9.35181
0
0.304463
11.2116
3.37536
0.0144245
0.000609776
1.9798
0.431929
1.41397
2.71565
4.35114
0
3.38536
22.451
1.93699
0
6.264e-05
0
0
0.944651
0.0125087
0
5.98137
0.0743493
0
1.43982
0
17.6908
31.7754
0.625386
0.0478054
9.65938
14.3448
0.535212
4.39003
0
3.81267
5.72573e-07
2.14211e-07
1.41936
1.07085
0.000162589
47.7773
4.20216
13.0229
1.44293e-05
0.73904
0
1.68618
0
35.4054
2.86287
0
0
5.89704
0.0610141
13.3195
27.2047
46.1798
21.2474
29.3009
22.3724
2.6457
7.82772
25.0511
16.8848
6.36007
13.9759
0.625757
0.0153823
5.41836
4.52487
20.5356
0.590123
43.4995
1.20368
0.738062
4.57497
39.8215
21.1675
23.4147
2.29115
5.09737
8.53338
5.80503
3.82119
14.6657
0
0
0
0
0
0.776101
5.65317
40.9943
26.7564
24.1588
1.60834
10.6879
9.98195
1.43561
22.7019
6.73959
27.314
10.5919
12.8032
1.13363
88.5674
68.2251
1.76921
22.0335
42.2063
0.365827
1.46823
0.468117
0.00912935
0.334342
0
0
1.83247
10.6153
12.6431
32.0502
0.759044
67.4285
0
0.0683593
0.788683
0.211866
0.018866
0
0
0
19.7225
0.00344059
2.5182
34.6016
0.598923
15.8419
3.69055
15.7498
0
1.64413e-05
4.93467
16.3088
0.839412
5.48545
5.86384
9.59899
0.00841186
49.4802
21.1043
1.51133
1.70944
28.4712
0.497813
0.378188
0.597416
0.268881
0.461535
0
48.7278
0
53.1051
27.0099
39.0873
0.806572
1.42198e-06
0
0.18187
0.00470814
28.8685
10.0053
20.8159
0
16.3231
27.2637
17.097
7.33954
3.78789
18.2193
14.5099
0
0.0663611
0.203487
1.68094
0.067852
13.4999
0
0
0
0
0
11.7966
0
0
0
0
4.35342
1.1992
0
0
18.5485
0
0
0
0
0
5.18572
14.6855
0
0.879657
0.067095
0
0
0.578405
0
10.8977
13.1917
11.5389
13.2845
6.78465
6.47217
5.04956
6.51516
10.7353
41.3309
34.1733
3.9272
69.6649
47.7438
78.9513
14.772
13.4208
16.4758
13.0613
8.06188
14.55
3.34356
10.2228
19.513
3.39589
3.959
5.2277
11.9301
7.02593
5.41242
5.9148
7.16461
14.5095
3.61435
3.57549
5.09776
5.11451
1.41887
1.78723
1.90503
0.0287843
0
0
0.00344767
0.0259163
20.8865
12.1275
0.286147
13.6507
2.39564
8.97877
0.0383404
0
8.05378
0
7.2092
1.24932
0
0
4.61982
6.36676
0
10.2632
9.59769
17.048
24.4033
3.34636
28.6246
0
17.7275
38.0278
7.42223
26.3559
9.17024
15.7461
15.4413
12.1907
1.60232
5.70399
18.1718
19.5854
9.23146
0.0576513
13.3418
1.44178
5.29219
17.6392
19.3041
32.6425
8.63417
23.8243
29.0445
27.1166
27.0958
19.7502
31.7116
28.233
34.9162
13.6856
19.1978
17.3986
21.2927
0
0
0.692382
4.74674
15.3323
15.2693
12.912
10.6806
14.0865
22.3703
14.6065
12.9203
11.3754
0.313859
14.4547
10.683
1.45857
7.75466
5.37385
4.1293
8.71819
3.75378
6.57788
8.30287
8.94094
15.7221
9.89868
6.53757
0.921301
7.24591
22.5591
6.88843
8.49728
7.79849
8.93839
2.6199
17.9385
34.1397
0.727483
0.684445
34.3527
0.330726
2.99379
0
0.000198836
0.000353711
7.7739
12.895
12.5596
19.035
0
27.8867
36.2362
31.812
20.7429
22.9435
27.1577
12.808
26.4857
0
0
3.15729e-05
25.4301
34.7841
57.2245
2.26865
56.2304
5.09944
11.9697
0.0200978
10.0083
0.0516419
3.85193
60.8105
1.39416
14.7839
68.6088
41.784
18.5115
10.7019
2.51368
30.8287
17.5757
29.7252
10.0817
9.64114
35.2001
26.2465
27.263
23.2354
11.5628
9.83027
9.35498
10.0592
11.8629
19.3864
10.1122
11.8858
27.8874
17.791
7.21009
12.6286
16.9331
18.3911
11.2095
9.46328
12.0458
9.72876
21.0107
6.11794
6.29036
0
9.42557
0
14.7902
4.02812
9.3218
3.24435
3.18421
4.66249
7.70745
8.58843
4.25056
8.01998
9.18012
9.70729
12.8681
6.96796
2.85861
7.95985
9.74097
10.784
7.32588
5.67397
2.98698
3.01004
0
6.62501
11.9872
16.1866
5.78994
16.9757
1.47925
2.16685
0.367773
16.8053
19.2276
4.36104
0.320044
16.9969
20.9092
13.413
17.2778
7.69519
11.4145
8.73997
26.7401
7.67195
2.5325
1.30515
11.5957
20.139
4.80408
1.0682
3.85685
8.59013
1.59611
2.82836
1.07905
1.48385
0.0949066
45.5662
1.44753
0.982237
1.92431
4.6111
2.52341
3.82045
2.26539
2.50648e-06
4.60762
0.15878
0.972643
1.37843
3.01484
3.94121
1.00822
0.602274
0
0
0
6.78227
1.1769
0.913619
4.82856
1.07268
20.0527
0.610814
0.16949
0.0523965
0
4.95729e-06
0
4.04242
0.825926
11.8335
0.950653
12.9768
1.01835
3.94421
1.0802
0.561195
28.1589
0.418445
32.3492
12.1181
13.5986
0.00671365
37.2884
0
1.0657
0.15154
0.0819249
18.958
6.49021
0.0400215
2.54794
20.415
0.424734
0.856074
12.1917
0
7.02272
0
6.73474
0.754382
10.484
3.20626
5.23825
0.0257078
8.7814
8.81557
0
8.29192
17.4162
0.0164216
9.46136
0.543614
15.7211
29.0759
16.1731
9.04748
0.00793587
0
0
8.30056
18.4776
0
0.861405
0.000556117
0
0
0.00154218
1.51917e-07
0
0
1.53666
0.0284983
7.46686e-08
0.00626783
2.84082e-05
0.320163
0
2.61652e-07
0
9.34128e-05
0
0.00083921
1.44165
0
0
0.00779065
0.000114831
3.11848e-05
0
1.67733
29.1817
33.945
52.6164
27.3342
32.106
1.73336
4.21604
0.00513499
2.9831e-07
0.00443595
0.296486
9.05704
1.06947
4.32982
0.183652
5.07578
25.136
28.7478
18.1761
2.94897
6.41001
3.3534
20.0918
16.3841
2.42849
4.06694
7.32013
6.30158
4.84022
6.57669
2.1198
22.5114
16.9197
5.8112
26.059
0.489283
10.7351
0.486483
18.449
2.96106
27.6003
39.6024
0.790449
0
0.0753869
0
0
1.12922
0
1.46444e-08
0
0
0.86578
21.9747
0
23.663
1.33505
23.5752
3.91253
5.96282
24.8532
21.3445
14.4544
9.21648
0
20.7201
21.0119
28.5833
22.6902
57.5274
32.7694
34.5886
0
65.5188
0.00430162
38.2728
26.9653
29.561
17.3901
0.387871
31.1451
25.1417
39.4192
9.39333
47.6599
29.1782
34.9171
13.7794
19.8196
19.3508
23.086
15.2183
0.000169352
16.2706
41.812
4.18062
0.909952
35.5168
1.02095
19.6059
0.0348601
0.0511826
0.239088
0.865216
1.37765
0
51.6224
47.2704
22.6426
10.7038
8.76504
13.9166
17.4683
3.29418
0.000438802
0.293325
3.99211
10.7581
14.7577
29.5856
9.19285
16.1137
19.4383
5.81514
17.2091
19.6372
4.80782
17.806
0
0.586373
0
15.7228
0.223461
12.3264
28.2396
3.7409
2.18312
0.551585
7.31777e-05
0
0.0485834
3.02225
0.908185
0
0.920534
0
11.5854
0.104531
1.23107
10.9658
10.3356
2.60485e-08
16.8158
0.108039
0.213826
0.748591
4.46399
0.0566197
0.837864
2.44681
1.27669
0
0.00731766
0.000596631
0.141924
0
0
0
0.00845107
0
0
0.0631322
0
0
0.943582
0.00823181
4.22188
12.5726
12.7439
10.8011
8.35352e-05
5.8789
18.3187
0.00597946
0.00168241
0.460048
0.0317972
33.1225
0
47.8923
19.0896
43.5764
16.7923
19.3968
10.8979
16.7415
1.74265
7.59008
17.0314
3.32083
12.4219
19.1239
0.612852
0.0156076
8.66377
0
9.91377
6.00226
29.453
6.95394
14.9948
25.5959
1.1034
21.2181
20.1575
34.6291
8.78223
1.61421
24.5196
0.0500652
21.7986
7.06343
1.04508
19.6479
7.10958
6.225
2.97149
0
2.57976
0.301774
1.60373
0.651389
11.5167
0
13.6735
10.3825
27.8095
37.0565
4.73245
9.90475
4.5857
5.14104
6.59892
33.6736
20.5616
10.1858
12.949
9.88047
28.5846
0.000975032
15.203
14.4336
22.3134
12.2732
10.762
21.6105
7.50033
8.00989
9.33616
19.689
14.8419
20.2944
17.9514
19.7066
10.0282
21.4812
10.5078
0.820786
22.9762
0
11.6453
1.84691
0.133121
1.15352
22.9348
6.45744e-07
12.7968
20.9235
16.5653
0
0
24.8749
13.8832
18.8782
16.0209
5.07213
23.3193
25.909
2.15502
21.1185
19.4535
20.4219
7.8441
19.6142
29.3143
30.6351
11.9842
44.2094
22.8604
27.0866
8.79656
46.2362
49.01
2.24603
33.1069
41.0023
20.9555
21.5022
22.5458
25.8258
33.2012
30.2728
0
20.5376
22.1903
33.4168
0
2.0142
21.9804
17.1964
42.0644
2.03072
30.5912
15.4814
0.668168
0
3.90115
1.19547
40.4917
1.18253
7.58286
43.64
23.6302
30.2546
28.7483
0.00216624
30.8821
0
27.3056
36.2782
47.2333
47.1896
8.98497
59.371
57.7862
4.65913
40.4738
38.7215
9.22798
45.0334
0.553737
20.2978
4.8119
21.3263
0
8.28226
9.71301
9.4296
13.7855
14.3701
8.33067
12.0539
4.2013e-05
16.0991
15.3388
6.49112
2.85324
6.56434
1.96449e-07
21.8775
11.1675
8.12847
2.56792
2.12694
0.311666
2.03443
0.0247085
5.66451
0.254687
6.45022
32.4378
4.67202
9.70101
1.97324
6.01581
31.4291
0
2.61771
8.51828
6.20116
0
17.013
20.2811
7.34021
22.592
9.91896
8.99148
18.9086
33.6558
34.0901
3.22544
27.3726
39.2011
22.8933
10.0204
6.10146
7.9918
44.6618
0
8.01442
5.51116
48.6272
4.90437
3.4055
30.959
16.8773
44.3869
44.6863
24.0487
18.6669
7.86987
33.3112
24.0722
49.5481
6.72164
4.61721
5.11527
24.4729
33.496
2.38797
1.06598
1.88802
26.5553
8.02851
33.271
49.8462
17.7759
17.3421
25.1438
30.3276
4.80332
1.02332
7.59947
3.72369
13.2274
4.42086
13.8213
0
5.26692
9.97683
11.6629
15.44
13.2729
15.8874
16.714
0.0474027
8.05516
14.1667
10.0954
12.775
11.4205
8.4716
29.1517
6.90209
12.0165
6.92435
1.5024
5.30162
15.3405
12.8125
20.6606
4.95118
11.4823
0
3.7141
0.28982
5.84377
0.67407
0.282078
4.49136
4.22092
1.41162
7.41987
0.00913373
8.96189
0
7.41967
3.77805
0.217394
8.77954
0.933128
0.716977
0.0225514
0
0
16.1876
11.5056
26.2449
40.1039
17.8357
22.003
23.1664
3.11092
3.71354
2.17533
9.15192
9.90013
1.03063e-05
3.4862
3.14209
0.00109992
6.00933
3.10349e-06
0.00278607
5.76049
0.0716558
1.20086
0.00130832
1.90901
15.1317
0.0035015
2.99627e-05
0.000915353
0.00215048
0.414034
11.2316
32.8392
17.3567
0
2.60796
6.24366
8.43084
8.6636
6.11949
5.54659
2.81448
6.90815
4.09871
38.0405
4.89493
0
11.6998
7.47795
2.92413
8.42994
0.00098674
3.6753
6.463
5.04114
2.41058
8.974
7.33245
157.958
15.1222
42.5724
13.6627
180.562
7.12038
5.72683
2.80219
6.04283
4.45413
6.58228
7.10535
54.771
7.51163
11.5879
11.9891
5.98847
7.51042
15.3819
19.9718
13.1465
0.0478696
0
15.2338
10.4164
0
0
0
0.130889
10.4009
0.153525
6.16969e-06
0
0.00110174
0.825214
0.872657
0
15.729
0.00321813
2.03405
9.59621
0
0
5.04811
1.41451
8.80941
0
1.12629
1.98244
0.398893
1.95914
0
3.01241
0
0.570464
17.8844
5.88364
4.08328e-08
8.11952e-06
1.02007
0.000288693
0.0140608
0.000408487
0
11.6134
8.15442
7.01349
0.683111
13.9757
0.468536
37.5665
3.71447
11.0433
8.81344
14.7077
7.62048
31.8263
3.40417
0.77494
1.99941
4.26466
4.07584
1.97062
0.521152
15.81
35.18
48.0938
23.9897
12.5248
1.69007
2.13577
0
4.25801
7.38578
7.01207
6.83754
10.0501
7.28512
10.393
52.237
0
7.01303
20.1426
21.202
21.6294
33.6457
7.72337
22.4075
11.9556
8.37384
22.9924
9.62774
33.3538
33.8279
3.6399
17.6978
2.66588
21.638
38.0278
3.38231
0
0
3.40051
8.36155
0.349492
1.2631
3.15572
33.342
16.2006
5.42075
7.59504
19.6955
3.7201
6.8856
3.79961
4.42579
0.320842
0
8.03558
4.93641
56.5662
7.84644
17.3283
19.7028
11.6521
17.0815
0
0.0128352
3.43694
5.79912
11.9164
13.0734
13.2832
0.12028
22.8431
8.86746
1.22085
16.0254
1.01257
20.5621
0.462343
51.8531
15.2482
8.08549
0
31.0582
42.5767
0
0.000105745
0.805362
0.714079
0
0
31.6421
3.97394
2.16876
0
0.223538
1.17201
2.82227
1.47929
3.01384
0.251492
0
3.10234
0.266129
0.266013
0.785241
3.50355
2.4707
1.48762
0.0800823
0
0
6.77303e-06
2.25361e-07
1.08934e-05
0.46159
1.48116
2.34832
5.85311
4.15653
0.0170953
1.3744
0.00108218
9.55935
2.09695
11.7777
45.083
5.28739
3.79683
5.12735
12.0813
16.6596
9.27604
13.2648
1.26386
1.03517
6.48832
1.83473
16.7264
12.0159
11.3552
4.19094
4.87895
5.46086
0.0992814
2.91351
16.4108
0
0
0.00533961
0.0348666
0.233914
1.61551
1.05892
0.416767
0.749725
0.598754
1.43287e-05
1.42192
0
0.460611
0
0.000433947
0
20.2237
1.47967
4.61417
5.325
52.044
17.0453
9.80394
4.23791
2.06
22.2803
9.08321
0.821172
7.7894
58.4735
0.2018
1.26406
3.70616
0.819568
77.2077
21.0439
26.0903
30.8183
15.2595
13.85
21.5656
0.71316
5.10028
0
8.65458
1.3228
0
37.8395
32.7121
0
13.8065
4.63111
8.10686
13.4019
0.471769
16.8587
16.4764
30.5918
15.1162
22.4432
15.6239
7.20566
8.89123
17.8383
6.37611
1.98854
4.1722
16.117
0.134792
2.14304
2.8538
1.34357
1.54452
2.09046
0.809682
1.1824
2.87922
0.467699
1.20599
0.588764
0.799935
7.20744
1.81026
3.17238
1.91288
3.5004
0.0886973
0.839303
1.17532
2.75319
3.63997
0.736351
0.904019
0.00763032
0
0
0.713749
0.664367
4.42123
12.4797
0.724879
2.03965
1.81596
4.03273
0.0104588
0.429726
0
0.133246
0.0768951
15.7393
0.0121377
0.486904
8.86667
20.8493
0.0865755
0.431483
46.3225
14.9777
10.5286
11.4051
22.3651
63.2647
0.0961217
28.2994
21.6909
0.976664
0.0224441
1.91044
0
2.75828
17.325
0
0
1.63154e-06
29.1301
0
0
0
0
6.00341
0
0.00507943
0
0.000431474
15.9541
53.1761
55.1923
58.3667
0.761068
34.0051
20.1031
3.29311
28.4625
1.44455
26.2195
11.3381
0
0
28.0875
0.409566
0
3.64535e-08
0.769797
1.1905
2.38872
37.2309
0.405487
3.18817
12.2436
1.23698
0.438962
0
0
19.3163
49.5684
0
0
0
0
0
0.00022949
11.6595
4.89591e-05
2.49022
15.5115
0
0
4.27275
0
0
0
0.93982
2.23876
0
0
0
0
17.3382
0
0
0
4.31467
0
0
3.26658e-05
0
0.0802475
2.90033
0
0.0938684
0
3.19675e-07
23.9376
0
0
28.0659
0
0
0
0.863612
0.0152107
1.12007e-07
7.02671e-05
0
0
0
0
0
0
19.4414
0
1.02827
0.880283
0
2.01519e-05
0.100994
10.386
0
0.949756
0
1.71655
20.5527
18.3424
7.80491
3.54888
5.45939
0
3.68238
14.8508
9.77321
2.72504
1.47227
5.94324
3.74525
30.6725
2.72948
0.00165388
3.04806e-06
1.36118
0.000583502
3.74866e-06
0.776438
0
1.54998
0.127716
0.642173
3.2403
5.2291
0
9.41617
3.22931
0.702555
2.50499
9.87755e-07
2.37179
3.11226
3.42208
4.58439
10.7771
21.5037
0.147838
4.80673
3.53594
1.07254
48.3693
1.35383
0
9.89146
0.00320446
8.89619e-06
0.361512
19.4436
0
2.61133
19.0443
0
0
0.0207469
1.38174
1.02719
7.30773e-07
0.00216468
3.50021
0.000325019
3.32948
1.18916
1.2012
0.43209
27.5512
3.76588
1.20274
2.09479
2.29633
0.227945
0.000481559
32.2063
7.63851
2.9577
7.00913e-05
13.7594
9.08132
7.67296
11.5025
0.0242411
26.9838
4.46096
16.3908
8.84054
0.662817
0
7.87216
1.20407
11.013
4.96475
1.87946
6.01618
0.0583618
1.12021
1.53303
0.00115773
25.1283
0.187697
0.310948
27.5123
36.5961
0
34.3719
3.73131
14.8031
2.81456
0.365056
30.4403
31.0437
0.867151
4.75803
34.9236
20.2817
0.865137
13.1275
26.4166
26.1691
31.3324
23.7613
38.5989
24.4812
52.9393
14.3382
1.36979
13.6158
0.000137738
12.1662
9.75652
5.9841
2.00644
0.000168076
8.36098e-05
0.0409265
0.00336743
0.107453
1.87083
0.959438
0.305037
0
7.04653
11.576
2.68554e-07
0.241555
2.02655
0
0.877604
0
0
21.6102
16.9394
0.247555
2.20671e-05
0.0408259
15.5272
0
0.184388
6.46859
10.8091
10.9809
11.5519
48.0616
0.271975
1.84198
0
0
30.0399
0.00124642
2.46448
47.8723
3.17294
0.116853
11.6213
2.20257
0.728985
0.0586452
1.42707
27.2285
8.0585
0.682546
16.2306
1.35518
3.13038
33.5656
18.1314
15.2683
27.1412
8.77149
12.4609
6.455
8.22823
3.04188
1.19843
5.46421
5.72719
2.17135
0.00822663
45.6046
2.147e-06
25.2667
5.63512
0.0209135
20.152
33.1573
27.2429
13.3474
0.0026488
0.248838
0.0153847
0.00190861
0.961816
0
0
0
0.00742282
0.785574
0.793769
0
9.23569
14.1361
0.704785
49.5936
2.53501
0.79005
4.23578
10.0814
4.25167
0.11388
41.612
6.75097
11.1511
15.4102
10.2161
1.61294
3.30893
7.57416
2.23692
5.18778
1.46142
20.1679
3.02779
5.55308
0.232632
1.06493
2.56171
0
0.297142
0
0.696494
0
0.987694
0
6.40872
0
1.66246e-07
35.9924
11.4778
10.1231
20.1804
11.9287
3.12577
0
0
0
0
0
26.6194
0
0
5.5678e-06
42.986
11.5266
4.12899
9.5477
5.74859
6.37854
0.263943
9.72593e-07
3.04549
0
7.32853e-08
1.10586
0.817884
2.01408
1.71098
0.0587707
6.03996
0.108182
0
9.30398
3.23377
0.201054
1.35328
12.3671
17.4803
7.20375
0.523019
0.571567
2.08708
0.0991084
2.58084
0.86125
0.457238
0.32545
32.0811
9.65455
1.07021
22.506
0.332358
28.492
0.000457753
0.255084
5.37699
