1.9455e-05
7.38779e-05
0.000750961
0
5.16929
1.87321
0
1.77398
1.6912
0.180106
12.0366
0.038353
0
1.09384
1.62968
0.999223
0.778312
2.82502
6.06116
3.36552
1.35599
0.791634
0
0
1.15345
1.58002
3.0664
6.10973
32.201
0.981058
1.25609
1.17635
0.814433
0
1.394
0.0826699
1.02291
5.99925
6.65324
9.12145
8.03484
14.3431
0.907108
5.88046
1.68487
5.39526
0.768226
0
0
0
0.885298
0
3.06031
1.44631
1.50116
0
13.5172
0.000893948
1.3675e-07
0.331475
2.60803
7.12511e-08
2.4431
2.66726
2.87116
0
4.241
0.741157
0.00020228
0.0648295
2.7094
0.0362302
0
0
3.78927
0.118011
0.320174
1.15135
2.45933e-07
0.00967587
2.10271
2.89762
1.70111e-06
1.04916
3.85851
1.68617
3.42315
2.9419
1.56189
2.63695
5.12444
4.18865
7.5761
6.0823
50.4209
4.5376
4.30587
7.17546
0.856555
1.74572
10.6683
0.0557505
3.19318
3.25572
5.36183
2.89283
3.53487
1.24313
1.40593
13.5408
4.83363
0.287444
0.520286
2.80804
3.81125
2.73658
1.30778
1.24817
6.04885
2.84624
1.04866
1.38012
0.941517
0.656083
0
1.52545
1.26196
0
0
0
3.07389
0.0498334
0.0187864
4.50079
0.00843102
1.21211
2.07319
2.64031
0.0131527
2.45813
0.112484
1.5958
0
1.16592
0.609872
0.0106001
0
0
14.6597
51.7924
1.35408
0.649441
0
0
0.878837
0.0698981
0.113347
1.53374
1.68128
0.158399
1.84393
3.15846
0.438924
3.88872
0
0.126708
11.2859
0.911173
1.10297
0
6.97206
0.74924
0.937104
0.071841
1.02532
0.320586
0.00371537
0.0423147
0
0
0
5.21887
0
0
4.16728
7.37117
5.18706
3.09193
6.85303
15.1821
8.61785
8.31779
9.14103
9.12447
0.186794
8.57583e-06
4.74764
1.28132
7.10197
4.39553
26.927
97.6176
3.05993
21.7668
4.66665
1.2481
6.8829
0.480038
97.2956
0.706859
14.596
7.8021
0.00878618
6.62422
6.73378
8.77584
2.04257
10.928
7.47471
2.16538
2.71124
2.46036
9.94114
1.68708
12.7667
5.7238
10.962
10.3984
10.7392
0.00177093
0
0.151364
9.66585
0.000204517
0.422973
0.618472
1.53172
5.85855
4.83959
2.3652
1.55246
1.66505
2.27248
0.0928601
1.08352
2.01555
0.973869
0
0.609863
0
0.0150472
0.979115
0.134119
0.865493
0.0424541
0.0171277
0.0353112
0
0.00461647
0.833219
0.0832735
0
0
0
0
0
0
0
1.67273e-06
0.00763271
0.850057
9.10833e-07
5.93304
0.00155168
0.0719611
0.777863
0.843377
1.99707e-05
1.84762
0
5.14403
0
0.0500104
0.00585283
1.75427
0.252762
1.04672
1.0951
0.595186
1.70625
0.000593487
0.0417226
10.93
6.7096e-07
0.00431347
0.00185843
0.724313
8.05843
0.719322
2.39209
6.46296
2.33432
3.99604
4.62171
0.58529
7.12819
3.0902
0.68919
0.0190257
0.0472774
0.0455249
3.54607e-07
2.68754
1.39458
7.90496
3.04263
20.9294
51.8452
4.24708
13.6127
0
2.78951
1.42752
0.144377
3.61882
1.6028
0.152092
1.88317e-05
0.0147262
3.03906e-05
0.129079
0.0186549
0
0.0660315
2.94587
7.30937
6.58036
1.82219
0.128767
0.0103587
11.6594
3.17375
1.52536e-06
0
0
0.460954
1.38451
0.0785585
0.0575162
0.112678
1.52947
0
5.21953
0.110653
0
0.92307
0.442095
1.05885
0
0.379563
5.22537
0.0484903
0
0.484818
0
0
1.4783
0.000597785
2.47618
2.7752
6.6804
2.23592
4.01203
0.305794
3.23485
2.05017
2.75036e-07
3.08388
4.62438
4.55713
7.53594
7.00511
1.26167
4.40212
4.05328
3.27955
2.82818
1.56601
0.599418
1.36516
1.29095
1.88947
3.31128
3.20251
5.83699
11.5795
9.58367
8.50571
4.11292
9.87847
2.32207
13.0999
7.3924
11.7894
13.6764
6.91709
4.99223
2.22774
3.24274
1.12078
1.16016
3.52483
10.7942
2.34088
0.875039
4.31268
5.3397
7.94136
2.8079
3.33779
0.336314
1.85453
3.23849
4.4907
6.00787
13.3433
5.2985
8.11789
11.3144
8.62546
2.63287
3.43025
3.84351
6.15589
6.62157
5.52445
7.81018
0.917739
0.91009
6.61738
3.50078
11.4729
6.61378
8.01655
9.25156
0.0124757
1.50969
0
0.605369
1.27149
4.66835
1.097
5.51886
26.2779
17.6638
1.78415
10.187
6.87021
6.5288
3.20462
0.629555
1.84219
0.922542
0.0167455
0.044683
1.68206
8.1961
2.70399
0.818184
1.03403
0
0.846365
0.178414
0
0.622119
0
1.62567
1.25869
0
1.84212
5.18924
1.26321
0.746503
16.9971
14.1283
6.77115
8.89128
14.8885
0.270818
15.7456
5.17964
12.9904
8.98557
0.0739439
0.800629
1.81605
1.80097
0
0.211431
0.0326383
8.93215
12.9343
0.453895
2.06919
17.7534
2.82036
2.8326
0.342459
0.00244635
1.446
0.981574
0
6.27912e-06
2.38778
3.86298
4.31459
3.50501
0.629511
5.05862
0.659393
0.88021
6.30777
8.11195
0
0
9.95884
0.00037621
2.05176
0
1.16259
0.259217
0.361948
1.14949e-07
1.14745
2.09699
1.85644
0.699209
0.865273
0.0555415
4.49758
0.000342044
0.194489
2.97764
0.258712
0.712222
0.738766
2.33833
3.18253
7.91639
6.1871
9.43761
5.60675
0.298276
12.9498
0
5.34653
6.43158
5.72845
9.83105
4.74727
1.10477
2.08565
0
4.8153
0
0
4.14753
0
1.51322
2.63518
2.26129
10.1787
0.744094
1.21268
0.546441
10.2635
23.1937
5.5799
11.9717
19.982
1.82493
8.24994
0.00115054
5.74979
4.19808
7.71733e-07
0.215946
0
3.39016
0
1.18985e-05
0.0101448
0.0108843
1.56478
0.301859
0.426975
4.09253
0.508543
0.917308
1.38787
0.336801
1.6252
1.13112
0.01222
0.74853
4.20084
0.00821074
0
0.987467
0.169802
0
0
2.43537
1.08477
3.54497
1.65249
0.0311902
0.0593146
3.90534
0.134337
1.06821
0.634981
1.81039
0.0348764
0
0.00319474
0.973304
3.3036
0.406043
6.72578e-07
0.580774
1.29626
0.137405
0.78139
3.50821
0
5.47866
11.2002
0.996142
8.57108e-05
4.2114
0.922143
0.841143
5.53636
0.0130606
0
0
6.26985
12.9745
5.87636
1.12545
13.1808
0
13.3369
6.51564
5.7933
2.19898
0
0.211319
0.106432
0
0.0152127
0.0926645
0.338836
0
2.77333
6.20678
8.26838
0.744146
3.68186
1.04784
11.0809
4.47437
9.36455
16.1926
3.4661e-06
0.409147
0.496254
6.07223
10.1129
0.255159
8.38981e-08
3.42361
2.50915
1.02859e-08
4.87459
0.141269
0.255812
1.35672
1.22962
3.57175
6.20487
8.82062
15.2648
6.4215
0.806539
1.13934
0
0
0
0
0.0682306
0
0
0
9.86886
3.24511
0.904181
0
0
3.80699
6.54881
0.00186419
2.15846
3.74749
13.4565
0
8.33856
0.772486
1.85632
9.14462
1.54701
4.04168
5.72635
5.70001
0.19777
1.07695
2.76435
1.60604
0.125323
10.3642
7.31827e-06
3.14294
43.6197
6.54869
4.77787
40.0717
1.87761
6.01183
0.0396444
0.00116633
8.59321
4.06509
4.85521
0.0283023
0.0260366
0.00104284
24.2038
2.26171e-05
0
0
0
0
0.000284754
1.90321
4.01497
5.07759
3.19871
0
0
0.00446537
1.99003
1.18711
0
0.993569
11.2615
5.94648e-05
6.08527
0.000834727
9.09548
8.29859
2.27701
10.5674
0.0785979
4.04113
0.826168
0.497423
0
0
1.95298e-07
0
1.48309
0
0
0
0.0522256
8.24051
0.146759
6.29501
6.68472
2.63444
8.30359
3.24838
3.0782
2.78348
0
0.740761
1.37761
9.14694
1.86295
7.85638
4.5844
6.84786
0.582941
0.00452402
4.33817
0
3.76661
0
0
1.7426e-06
5.88903
2.28248
3.63176
10.9579
2.89437
8.55023
0
0
1.87225
3.57174
0.0615467
0.00164781
0.88773
0.0100724
1.73906e-05
1.73263
4.31979
8.43003e-05
0.366335
2.07726
10.3731
9.71951
0.416167
3.75179
2.93675
2.86408
0
0
2.46951
3.9982
5.02553
2.5468
0.000141357
0
0
1.1155
3.91168
5.99626
7.0364
0
1.87007
3.15321
5.47553
0.846213
5.77066
0.109232
0.0189133
8.39996
2.26032e-06
0.000735172
4.00192
0.00709931
0
0.738507
3.21153
0
0.0888105
0.0243035
0
0
0
0
11.2282
0
9.40671
0.778757
1.7106
0.462339
0.0175749
0
0
0.660556
0
2.62439
2.47772
2.45757
7.59511
3.81344
0
6.27844
6.49875
2.12641
2.65824
2.13387
6.10162
1.38957
2.02976
6.65344
1.92742
9.85227
3.74153
7.17909
3.21954
3.68202
4.12734
0
2.74735
1.95291
3.26143
5.33023
1.60343
1.99687
1.7008
1.79351
2.94836
0.0444675
7.52982
4.54836e-09
0.0798215
0.226924
0.240098
0.161654
1.49582
1.7834
2.28938
2.26568
1.34739
1.3795
0.00046635
4.10202
8.71087
0
6.22475
3.37923
3.41108
0
0
0
4.65943
1.11474
3.50792
2.75643
0
6.40613e-08
8.44444
5.00805e-07
0
5.99827
5.08021
1.3427
1.03909
1.6016
9.64297
2.22001
6.70915
1.06207
3.7654
0
0.265122
2.78036
0.228092
0.716075
0.995384
2.26113
38.5797
2.53768
6.05909
0
0.143805
0.847825
0
4.36952
2.42279
0.461138
2.45866
1.21653
8.3981
7.95287
0
0.00350151
0.0255582
0.271254
0.673135
0
1.8637
7.40342e-07
2.43763e-05
5.6721
0
4.70095
1.48469
0
0
9.97707e-06
0.0225062
0
11.4027
8.00852
1.01565
12.4929
7.04085
0.116874
0.425153
0.049867
2.14636e-06
0.421438
2.0063
0.242994
0
0
3.58187e-07
4.31807
0
0
6.77716
2.61901
3.42284
3.02658
0
0.00372528
0.00254798
9.25936
11.9435
4.07461
0.0194263
1.04541
0.167872
0.682806
10.3777
0
0
7.25495
1.43592
0.308006
0.00115655
6.2409
0.407255
0.0675751
2.16227
5.01214e-06
0.738103
0
0
0.00368048
7.44231
0
4.35193
1.12969
0.86033
0
11.7112
5.19721
3.30637
6.95361
8.23642
0.764339
6.53039
0.296167
0
0.0132011
0.157488
0.783412
3.29337
3.4058
3.9741
0.479172
0.167127
0
11.8367
5.4834
7.11915
3.77811
1.28168
4.24408
2.54131
6.98723
8.62487
13.8105
2.33067
1.37704
2.32674
13.7761
0.0928359
0
21.9295
7.04161
1.39641
6.00836
3.17374
0.00022112
7.57135
3.18887
5.39809
5.00088e-05
1.17714
0.854895
2.74038
7.85009
11.2416
3.91993
6.29666
7.95238
9.08131
0.0204678
0
0
6.7813
10.2259
10.8375
9.84558
14.8529
7.69491
9.16045
23.8956
18.4162
29.7466
32.802
7.61369
4.94036
7.53117
0.346138
0
6.11488e-07
0.956685
1.56119
0.753218
2.12301
0.987646
4.05368
0
0.804312
2.4438
5.60348
0.503592
2.58674
2.28837
4.98266
0.284835
0.0141804
4.50441
2.72524
6.22229
5.3461
0.0677718
2.55843
3.36325
5.39978
6.08903
14.0458
5.3637
0.575509
0.00918319
1.38382
8.44142
1.10816
1.10796
0.25283
7.61959
0.491297
1.72083e-06
0
0
0
14.3442
0.00419219
8.18355
0
24.073
2.91723
1.23585e-07
0
0
10.231
12.0098
6.33281
3.85635
0
0.0117673
6.08115
20.5071
0
0
10.7389
6.19063
9.29117
0
3.30181
9.65586
1.03377
1.42465
4.54542e-05
0
2.20815
0
0
0
0
0
4.74024
1.73335e-08
2.16461
6.48943
2.022
2.28946
4.24787
1.68758
3.59873
0.0728967
7.92723
0
4.35237
4.06432
7.1011e-08
2.97446
3.39424
3.23205
0
0.421907
0.0235307
16.7805
7.32575
3.8136
6.20655
0
4.37522
7.60837
10.5038
4.23138e-07
5.57763
0.881055
16.038
12.3806
0.0514423
0.959261
1.89566
6.45355
0.816176
6.91069
0.262337
0.515561
0.0764973
0.0527782
6.33313
0.927083
0
0.0289602
8.18793
0.611935
5.04872
8.20392
0.694511
3.04173
1.69737
2.1727
3.7907
7.11779
0.875029
0
0.654668
0
0
0
0
0.827134
1.79283
3.04314
1.50966
6.1512
4.66713
3.87402
1.31913
6.68333
0.137355
9.10356
5.34028
6.32247
4.98913
10.7186
9.78714
20.2735
7.57417e-05
6.67686
13.8758
15.1898
9.82389
6.32494
1.40964
8.45394
6.26558
1.1758
8.66783
0.0193361
1.12548e-06
11.4692
0
0.0953239
0
0.000621069
0
0
0.587264
0.159294
1.79091
1.23982
0
0
0
0
0.00628709
0.892029
0.0215483
0.942515
0.651933
13.0689
3.7475
10.8537
5.5449
1.35651
0.17329
7.54522
26.7483
2.79177e-05
0
6.30263
2.45666
4.31453
4.96866
0.0845946
2.00839
1.27745e-08
0
6.16222
10.9417
1.41631
0.292338
0.76303
0
5.58368
0
8.85225
5.59645
0
0.0821152
0.237011
0.00035877
0.0406355
0
5.4379
0
2.78818e-07
1.31892
11.0733
26.4091
0.41206
0.012961
13.3273
0.129481
2.0823
12.6702
0.556927
8.39587
0.0272233
0.0730271
0.375138
1.99882
1.93142
2.79978
7.06677
0.319272
1.99204
0.0372366
0
0.973531
1.20258
0.370119
0.0824609
0.736267
0
1.71596
19.2606
1.27648
2.96508
0.977134
4.48168
0.0969224
0.0333245
0.49764
0
0.882655
0
7.63021
10.2299
11.2249
8.63207
6.20518
2.6295
0
3.49109
5.45187
1.55142e-07
0.453724
0
1.9799
0.000952382
0.823207
6.37137e-07
0
0.194225
0.0600363
1.72151
1.93906
0.0628815
2.73726
3.63672
1.24796
0.0188269
0.825764
0
0
2.81045
2.58868
0.0101033
0
6.85365
7.18414
2.47917
0.333941
0.307664
0.0129054
1.866
0.882252
0
4.34609
0.0227519
4.95322
0.0382914
1.72818
12.7455
11.4624
0.826011
0
10.563
16.8652
4.3012
1.92818
0.884943
3.33044
0.368945
1.41844
0.000280838
0.0749979
0.0343278
5.1543
3.09693
1.1969
0.861307
1.51357
0.325719
0.0840303
2.80422
0.148873
0
3.35039e-06
0
0.181572
0.000451533
0
3.68761
0
16.0073
0.685466
0.603085
0.257275
0.823463
1.45152
3.94784
0.654765
0.820006
13.9529
5.83248
0.000203983
3.69035
3.94935
0.0140745
1.13781e-06
7.31613
10.2041
5.14501
13.532
0.00201617
0
4.2549
2.66652
0.434999
0.744415
4.44627
0.00915512
0.804778
0.26186
0
0
0.000251065
0
2.9663
0.130109
0.766771
4.76422e-07
84.0677
1.75535
0
0.020818
5.04851
0
1.22605
17.2444
0
1.8155
35.8256
1.57057
0.0102136
126.138
0.148088
0.075011
2.25641
3.94384e-06
0
0.298389
0
0
4.41759
0.0479467
0.0089208
0
0.000921553
0.0530147
3.84467
0.313091
1.45551
0.0403421
0.880359
0.630619
0.154788
0
3.48933
0
1.73062
0
0.010279
15.0873
0.03414
0
0.967148
1.72297
0
0
7.31605
2.77087
2.98512
14.2858
5.55215
0.517504
0.0729445
0.0433697
0.358177
0.21687
0.637194
0.771721
1.42663e-05
0.474901
1.15182e-07
6.18643
5.47249
0.587676
6.1983e-08
0
0
0
2.79814e-06
8.30087
0
0.094775
0
2.79348e-07
3.45983
0.5973
0.291534
0.000673877
0.600312
0
0
0
0.170342
0.357448
1.28212e-07
1.39629e-06
0
0
0
0.886898
0
0
0
3.14153
1.30473e-07
0.55176
5.50011
0.0243059
0
5.73584
0.03066
7.06603
0
5.53882e-08
4.7083e-08
0
0.00261317
0.792372
0
0.284641
0.732286
1.31077
0.00502152
0.000939374
0.480463
0
0.00107674
16.7839
0.166069
0
5.71147
0
0
1.69859e-07
1.5569e-07
5.87982
2.83743e-05
0
0.567329
0.0289559
0
0
2.0996
1.79238e-05
1.55312
0.157972
0
0.469244
0.359908
0.0409849
0
0.01172
0
1.09379
0.979182
5.70162
0
0
0.0204457
0
0.00067536
0.029974
0
0
0.00174332
3.81482
0
6.55226
0.146521
4.5981
10.9468
0
0.754121
0.384262
7.33807
0.072568
0
0.0744279
1.47696e-07
15.6988
0.0278552
3.10092e-06
0.0606966
0
0
2.00452
2.44176
0.000932948
0
4.83685
3.39545
2.48272
1.24646
1.82913
8.8985
6.81248
15.3593
0
1.50615
4.31836
0
4.34682
8.22443
7.54874
5.12114
3.86655
1.99081
5.12061
6.20686
5.31177
2.74109
6.61299
2.15567
0.0775055
0.157016
2.83989
0.0887436
0
0
0
0
1.76075
4.86649
0.456125
0
0.00835347
5.6679e-08
0.150156
0.640416
0
0.0259648
0.00037825
0.00336938
2.38816
0.835737
1.8634
0.830338
7.23985
0.000125496
0
1.70772
1.39196
1.26298
0.352663
0.89372
0.530671
11.0274
0
0.830066
0
0
0.00886163
0
0
8.70915e-08
0
0
1.27145
0
0.0221559
0
0
0
0
9.15792e-05
0
0.0205518
0
0
0
0.138192
0.724617
0.888846
0
1.94033
0
0
0.950635
0.805534
0.518894
7.9413
0.00085434
2.34646
0
0
0
3.82501
0
0
0
0
0
3.92182
0
0.232929
1.7529
0
0
4.6816
0
4.38526
0
0.186404
0.266728
1.33956
5.19461
0.0358702
12.9727
8.97234
3.58946
1.87052
0.899498
3.96173
4.25094
6.50254
4.5841
4.3734
8.61005
0.000166413
0.0188936
9.39568
4.44591
11.2209
10.2335
4.56187
5.11295
2.41143
4.27811
11.0625
21.1547
2.33788
5.67723
11.2993
6.80734
5.57013
10.5561
0
4.38193
0
7.65176
9.93441
10.4924
12.9582
10.0293
14.1681
6.01232
4.69618
0.577434
4.52964
11.7607
4.79663
6.90069
11.5101
11.51
9.13984
6.13238
6.2294
8.5097
5.03826
4.84097
0
8.78892
12.4191
3.64913
0
11.8672
7.97873
3.1479
0.0556512
2.07555
0
3.56944
1.94769
3.13229
1.88701
3.10084
0.588408
0.979067
0.236002
1.12536
0.766355
1.52409
4.69447
1.62343
0
1.93246
7.42778
0
0.544534
0.170725
1.25225
1.81798
0
0.000682098
0
0.55695
0
3.88421
2.1951
0.802335
0.596011
1.519
6.47959
1.33288
4.64649
5.24094
2.35436
9.19143
3.46557
1.66183
4.94352
6.91351
3.67722
4.52465
15.5179
8.55658
0.141872
7.12605
8.84638
5.66052
0
6.00416
0
5.0257
2.51886
0.0212738
1.15122
3.93604
12.9547
0.0895809
6.20355
0
0.0172584
3.42985
3.96172
0.590555
0.00114929
1.28552
0.15993
0.250781
3.04765
2.71583
0
0.0117329
3.44169
0.0877155
0
0
0
4.51213e-05
0.00235739
3.7541e-05
0
5.83312
0
0
0.152847
0
5.18009
7.76507
0.221937
0
11.7137
4.84058
0
0.982473
0
0.970063
0
0
0.79234
2.53386e-05
0.00208317
11.0768
0.836937
7.22873
0
0.232988
0
0
0
7.99127
0.201712
0
0.157669
5.65386
0
1.74854
5.92848
9.03104
6.40841
4.45106
5.30538
0.356323
2.674
4.3199
0.435643
0.0682094
7.51801
0.0379631
0
3.8917
1.21915
2.58104
0.0167458
8.32424
0.442873
1.68606
0.254924
8.33267
1.33557
2.26994
0.0379223
1.33928
1.92106
1.12572
0.451562
5.53604
0.989533
8.70723e-09
0.0432546
0.171325
0
0
3.02863
7.1209
8.74941
10.496
0.173475
9.65722
4.79947
0.82192
4.52986
1.97291
6.65238
5.98974
2.86429
0.66736
39.2098
29.4621
1.97708
5.59274
16.9772
1.11754e-07
0.163252
0.463389
0.0349191
1.40313
2.25734
0.00102585
3.54329e-08
0.302062
10.1797
5.65
0.0140441
17.7823
0
0
0.848759
2.43456
0.0241889
0
0.0346804
0.000151666
1.3077
0
0.387813
6.39219
0.556263
8.09616
4.36066
3.27939
0.0280528
0.000239117
4.47509
0.995387
0
2.1514
1.22317
1.90977
0
15.5227
13.2445
0.00133066
1.24949
5.75374
0
0.114382
0.0108249
0
0.137523
0
11.9697
0
7.84058
3.43225
9.6209
0
0
2.71551e-06
0.535694
0.00888708
6.0164
1.30234
8.38895
0
10.7141
5.13837
6.60364
2.86186
1.36594
2.54908
5.22137
1.74666
0.0247794
0.131153
0.811248
0.0214736
12.411
0
0
0
0
0
0.0439727
0
0
0
0
1.04558
0.149006
0
0
10.0819
0
0
0
0
0.00142415
0.96844
3.91856
0
0.606723
2.10948e-07
0
0
0.0711046
0
3.40623
2.69042
4.16298
0.599143
2.63983
2.01258
2.42472
1.62922
4.54725
16.3656
18.3188
0.232158
22.5529
7.90722
9.75348
9.50273
7.24123
10.5514
15.0183
9.2591
12.358
12.0804
14.3093
6.00173
6.98029
8.65637
9.09673
2.76391
11.2302
14.9796
6.11495
5.04046
7.23409
2.52787
1.18989
4.40502
5.63163
3.5142
2.20627e-07
5.48759
0.0534037
0.00037259
0
0
0
13.2312
8.87865
0
0.95896
2.46496
0.0929503
0
0
3.82761
0
7.42706
3.55206
0
0.564791
1.01246
12.2003
0.903299
3.21861
2.25945
1.75921
1.58248
2.27667
5.06105
0
5.80071
9.68224
3.47366
5.5608
0.267438
1.10022
1.80253
1.20442
0.758059
2.61717
6.50673
7.82673
3.55484
0.804694
2.63092
1.62174
2.59832
4.78398
10.1677
6.22496
3.07481
4.21652
14.0486
18.2892
20.1324
14.4051
11.864
14.831
10.582
3.65493
5.61058
5.64148
2.71535
0
0
0.00302755
1.22535
0.352066
5.25091
6.74239
7.75022
9.58385
14.7325
14.8755
14.6384
19.0917
0.478245
21.0964
9.94357
1.37757
2.67681
1.36662
5.66769
22.7643
3.57885
13.382
2.76732
1.83551
4.11068
2.14568
2.58802
0
2.09743
4.51336
3.5616
8.97129
5.05633
5.39514
4.11636
2.5827
2.61141
7.53489
6.49527
5.25133
2.34878
0.247979
0
0.365903
0.241144
2.54583
4.72675
2.06727
3.1514
0
6.89727
9.28881
6.46125
4.21564
3.76939
4.60401
1.61134
10.8927
0
0
0
4.06607
4.71426
5.45308
0.484678
9.33674
0.342469
2.33303
0.0492861
2.1102
0.697772
4.50668
7.56753
0.000579257
8.93684
11.2597
16.7361
8.18565
0.775908
0.184886
6.60936
2.91188
4.17427
5.33298
4.98902
5.1831
4.31759
16.6617
17.4875
4.5494
6.05284
16.2685
9.14408
1.70798
11.8213
7.42941
6.91397
4.44262
6.1115
4.25564
1.30444
1.62208
9.74731
6.39671
5.4255
4.01116
8.52517
11.8301
3.98463
4.2867
0
5.08081
0
0.145759
2.78354
6.99714
5.11697
3.99608
2.02248
2.10802
3.25202
6.17052
5.83952
8.82506
6.48435
1.75093
9.29286
7.90231
2.68056
5.69462
5.64117
12.5242
5.66829
5.21301
5.19063
3.5389e-05
2.10598
0.374185
5.61667
3.97265
6.86839
0.0499136
0.0564919
0.5103
4.11928
4.47311
2.58538
0
3.96869
1.80227
0.343184
2.41352
2.21433
1.85675
5.56181
11.1507
2.52347
1.21876
1.41573
6.7393
19.5806
0.8667
1.514
2.55277
3.07286
1.27344
4.84405
1.58853
1.49216
0
0.05519
1.4517
0.00818952
0.00367471
8.17676
0.974941
2.27899
0.99507
1.4209e-07
2.09368
0.461948
0
0.0117058
0.989566
0.923648
0.883299
0.842536
1.73923
0.506124
1.40618
3.23975
2.1838
1.00352
6.16931
0.538404
4.46458
0
0
5.87311e-09
0
1.76674e-06
0
5.64202
0.858462
4.57431
0.0912993
6.20724
0
5.15912
0
5.4144e-05
8.79892
0
4.20658
2.28481
16.5621
7.40098e-05
10.3117
0.00709509
0.31542
1.02972
0.000739065
1.8065
7.17211
0.336037
0.365877
12.7973
9.97142e-06
2.62484
0.756721
0.0167476
0.173335
0
0.0227703
0
0.323739
2.01843
0.602153
0
0.2528
1.98442
0.0191916
1.13345
7.58172
0.54342
0.583822
6.36697
1.66101
6.48715
3.14506
1.34024
0
0
0
2.60995
0.884869
0
3.46982
0
0.0671635
0.154119
0.389245
3.00191e-05
0
0
0.108319
1.2182
0
0.0112766
0.000613111
0.0343336
0
0.469676
0
6.24498e-07
0
0.0018527
0.113095
0.439761
0.016391
0.000705551
1.98936e-05
0.00926019
0
0.122728
7.1386
3.31738
13.2709
2.01657
4.7771
2.61366
3.8103
8.37963e-09
3.0379e-06
0.00639311
1.13737
3.91759
0.679651
1.77322
0.155575
1.61648
7.24626
22.8051
17.1253
16.3869
1.02988
1.81128
4.42793
9.67228
1.48934
5.91246
4.63888
3.07453
5.78235
1.75165
1.41463
14.1958
2.25636
1.48058
0.483085
0.00128314
8.35293
0.160253
1.55292
0.0100467
4.10526
1.59046
0.558711
0.0200718
3.97053
0.0041564
0
2.64345
0
0.753378
0
0
0
12.778
0
1.73898
0.169335
3.18252
2.87095
4.10878
5.40045
2.98862
0.955315
1.57981
0
2.21481
6.02455
5.74458
5.13989
15.7765
13.2278
17.982
0.755245
19.8167
0
7.24819
10.0872
12.554
1.21594
0.134761
6.78613
10.4741
3.954
7.54709
7.36421
6.21696
26.2868
8.33361
1.68928
2.71508
4.34221
2.18115
0
7.68188
7.4761
2.27432
2.72236
6.12393
0.192863
2.35337
0.0127293
0.006614
1.78047
0.0055873
0.287453
0.00122165
5.96308
10.9858
12.9396
6.18954
6.28763
3.12568
2.88915
0.508714
1.32943e-06
0
1.22502
0.564561
1.45758
1.40401
2.64635
3.12121
3.28702
4.93829
6.39417
10.9991
0.00397192
13.6567
0
0.255863
0
5.16797
0.797623
2.8603
10.8849
0.357941
0.00468062
0.466126
0.000244132
0.609707
0.0619578
0.0661969
0.135109
0
1.2191e-05
0.183038
3.94525
0.300199
0.00132049
3.20637
7.09938
0.683406
1.52054
0
3.59445
0
3.72983
0.426183
0.0825042
5.94264
0
0.932429
0
0
0
0.767431
0
0.140267
1.00505
0.00567965
0.74813
0.142892
0
0.196838
0.365649
0.0163515
0.882901
4.48815
1.03722
3.40811
0.0001074
2.65833
4.42466
0
0
0.527233
0.00629117
5.61257
0.397337
5.39953
1.22663
6.58895
4.32026
12.7488
7.25491
16.9622
2.39282
4.41966
4.83813
2.12192
3.0137
8.99192
3.61496
0.0402513
5.5722
0
5.47725
4.1069
9.54625
0.998749
4.97691
2.93584
9.59356
13.0426
11.022
7.74279
12.6791
0
13.9095
1.47121
17.9902
5.43173
0
5.27269
3.3946
3.49151
0
0
0.0470279
8.34447e-08
0.0258897
1.11288
0.396267
3.99561e-06
5.64706
4.55528
3.88106
3.30815
10.3861
4.57559
18.2976
6.34913e-05
9.53977
3.73992
16.79
6.3398
8.85615
0.868842
4.72772
0.0136798
4.29464
4.91682
7.26494
7.07812
3.18093
8.86798
1.72979
0.915641
3.87868
5.2089
1.80545
9.76062
10.3967
5.22555
9.8648
7.28041
3.63385
4.88178
6.46521
0
3.35093
5.41254
1.46688
4.25873
9.61845
0
7.22851
9.15965
0.937771
0.450319
0
13.4081
9.48487
9.15739
6.56746
1.69209
10.8214
8.66812
0.264815
18.8397
17.7716
11.3708
0.962638
14.9449
8.50422
6.69222
9.39664
15.4136
11.1382
9.74481
7.67727
24.7924
13.7249
0.00887038
22.267
11.8932
9.17679
2.80862
5.54689
19.6888
26.5299
12.1927
0
7.23441
13.1174
9.00424
0
4.43112
6.43082
1.7047
9.60762
5.7993
12.8029
6.18434
0.569836
0
0.000283727
1.94638
11.6164
1.49746
4.43391
11.9356
14.1332
11.0336
11.1615
0.509484
9.22184
0
10.4922
13.3711
16.7593
13.5345
4.19865
12.7294
16.9386
4.90495
15.082
9.27975
5.82709
9.78042
2.08257
6.46495
1.52898
4.36482
0
5.92494
4.75163
5.7368
3.97405
7.71783
5.67557
3.39364
0.119267
6.94357
6.0191
10.2961
4.07593
3.48737
3.20554e-06
7.72725
2.42846
1.45779
2.24906
3.23334
0.420497
5.54385
0.0131245
7.17147
0.669485
1.02315
3.14286
8.68407
4.70684
1.17518
1.46251
15.8854
3.79849e-05
0.391632
2.48547
5.56937
0
5.3819
6.10783
2.39717
1.35061
5.32206
2.41929
6.7762
4.76794
5.44798
3.99524
10.7719
4.51055
2.45316
6.80658
3.24817
5.52426
15.1703
0.608414
3.23284
10.0304
40.2203
2.11525
1.56083
15.912
0.10894
4.99828
3.59808
12.0644
9.51786
4.81255
9.28723
6.83912
13.7183
4.30188
4.37463
4.05505
11.9599
14.1931
3.09563
0.0336134
4.02469
3.25203
4.01622
9.67732
7.83667
2.67534
6.60833
8.62377
4.94905
1.91869
0.00465957
6.83614
2.76399
8.42438
5.7782
6.65406
0
1.12718
7.57891
2.51685
5.53246
8.39573
2.26572
0.13222
0.00749228
5.0733
6.09205
2.11562
1.15239
6.17771
2.4021
14.7821
4.88569
10.2058
5.32802
0
11.062
5.7805
3.68232
5.57808
1.43674
13.3886
0
5.42695
7.30102e-07
3.01474
0.513882
0.435742
2.95276
5.83566
1.07589
12.418
0.111329
6.31491
2.38866e-07
4.9245
2.78099
0.848185
5.71269
0.218875
0.0269178
0.0504006
0.886968
0
11.4149
1.45901
0.477226
8.84822
17.2299
6.92755
6.56359
0.0113784
0.242644
0.0162842
4.06309
6.79539
5.17205e-06
4.93136
5.23739
7.71448e-07
1.4848
0.0406126
5.1503
4.63328
0.000470378
2.30143
0.447055
1.00735
10.1187
1.45925e-06
0.000206978
1.13979e-06
0.0210419
0
6.64428
9.2659
8.33813
0
0.0998858
5.14176
8.80157
9.12746
3.13596
1.6774
3.77543
5.08959
2.80649
16.4945
0.697292
0
0.871168
5.39062
4.43315
4.1791
0.155586
2.56362
4.40494
7.79765
1.21467
3.78982
1.32618
114.929
2.62185
8.12137
6.85882
85.3268
5.60102
6.13497
2.38154
4.95802
2.93007
1.17388
3.61209
11.0556
0.187527
1.62884
3.7355
5.11695
5.1328
10.3126
4.6015
0.236472
0.948953
0
4.72419
5.615
0.144922
0
0
0
6.44394
0.0103163
0.0709832
0
0.627169
1.5445
1.77245e-06
0
6.16284
0.00744193
1.50327
5.00886
0
3.68264e-08
1.97929
1.47197
3.0736
0
0.029781
0.617552
0.278752
0.00336064
0.989747
1.53218
0
0.0696019
16.6043
5.99407
0
0
0.0342215
0.254175
0
0.000133506
0
5.19334
3.00744
8.94511
0.226188
6.97659
0.194602
8.45352
1.07486
4.9394
4.78261
1.87796
1.5709
14.0531
1.31928
0.223295
0.920925
1.68175
1.70549
0.00295288
0.0924835
7.1075
5.63126
11.3209
10.423
8.54749
0.180023
0.82221
0
1.53642
3.82581
7.69126
1.67491
8.53908
0.930621
1.64844
6.36827
0
0.681732
1.73482
1.08402
10.1904
7.77625
4.64709
9.41018
1.85018
0.939438
5.1455
2.16632
8.39118
5.75338
7.33661
20.2638
0.104499
8.98412
16.765
0.170859
0
0
0.407151
0.92734
2.17312
0
0.31674
7.58361
9.74986
0.00495062
0.872555
8.27111
0.71602
4.66158
1.57094
1.59318
0.467577
0.0178471
0.00619952
0.188711
1.43502
4.05667
6.07902
2.4457
6.97742
9.68274
0.619077
0.000193231
0.742415
10.8349
6.91463
0.604275
0.574453
0.619488
5.43174
0.458876
1.97125
2.80759
0.366988
3.40654
0.773232
7.04721
4.10079
4.13461
0
2.63116
11.2177
0
0.906162
1.09627e-07
0
0
0
9.83998
0.519703
0.816564
0
8.49977e-07
1.22048e-05
4.44466
1.83912e-07
6.15485
0.223347
0
14.3413
0.154836
0.188474
3.31121e-06
4.63425
0.0169645
0.0335397
0.752797
3.58414e-05
8.86114e-05
0
1.69194e-08
0.00248201
0.357219
0.00724736
0.566284
2.85536
1.98721
0.06692
0
0.951596
4.29212
0.0572516
0.00049722
13.7425
0.857897
0.497953
2.34396
2.13744
3.29008
2.60849
6.08109
0.0352707
0.873472
3.46278
0.167706
4.06369
9.3136
2.06653
2.26666
2.07965
1.15364
0.674498
0.117467
11.9024
0
4.66366e-05
0.00591299
0.000202083
0
0
0.0590245
0
0.982968
0.242221
0
2.1454
0
1.25372
0
0.0167607
0
7.50659
1.23125
0.918338
4.51225
22.4023
10.9508
11.578
1.01898
0.763325
5.88132
3.59219
4.10903
5.76819
15.8868
1.26422
1.46042
10.5993
0.103913
21.9352
6.95998
5.97287
10.4286
5.89286
2.48386
6.08654
0.484997
1.09752
0
6.40895
1.1689
5.51524e-07
11.6866
8.09184
0
12.2809
3.13508
7.94188
5.21316
0.164953
2.30514
5.68774
6.13709
1.85701
1.92968
28.4914
1.80295
1.08925
2.36288
2.2714
1.25007
0.684521
10.2193
0.709768
2.23386
2.49177
1.07918
0.874371
3.90576
1.2042
1.20847
1.9781
1.17703
1.11405
0.756947
0.00360828
1.29372
0.8034
1.89026
0.88985
1.45256
0.814838
0
0.000783036
0.91562
0.637559
0.632291
0.795592
1.51524
0.476182
1.23923
1.17054
0.663349
4.57809
6.8337
0.202842
3.86151
1.1376
0.253375
0.232517
1.00439
0
0.864666
0
2.72577
0
1.18188
3.22717
5.20372
0.902177
0.0245235
8.29716
9.74913
4.89372
2.67458
3.51898
25.765
4.1858e-07
7.57836
6.90702
0.00864148
0.00033072
11.4621
0
3.48999
0.241722
1.56
1.58182
0.364252
0.97427
0
0
0
0
4.4433
0
0.0152461
0
0.00013748
2.76057
4.57502
8.44815
6.45425
0.000775168
11.1052
6.35741
0.71865
10.4934
2.10343
2.67251
2.64058
0
0
3.43406
0.899801
0.00107417
0.000307447
5.97122e-05
0.069582
0.40489
3.30172
0.010812
0.773512
13.0576
0.895614
0.0482547
0
0
1.59425
4.24394
0
4.17771e-07
0
0
0
0
5.58811
0
0.674382
5.77187
0
0
1.59322
0
0
0
9.24065
10.9686
0.0571598
0
0.768987
0.0319908
2.82096
0
0
0
3.63792
0
0
0
0
0.00147498
2.32318
0.813186
0
0.15317
0
4.16503
0
0
3.92588
0
0.195322
0.549302
0
0
0.225072
0.708737
0
0
0
0
0
0
13.8648
0
1.20182
0.714786
0
0.00596756
0.169551
5.67484
0
0.000246282
0
1.22895
1.74508
4.52595
1.35128
0.170849
0.0611425
0
0.188265
5.94822
8.56461
0.819894
0.0124393
0.0570144
0.29602
6.99076
0.890075
0
1.56699e-06
0.937243
0.00010094
0.0218007
0.945805
0.942955
0.00846524
0.00540631
0.00625017
0.133023
2.53542
0
5.82667
1.22507
0.138736
1.93803
0
0.295403
8.3704
1.29356
0.0343878
2.24522
5.9969
0
0.815558
0.109805
0.321712
7.08698
1.00554
0
0.988369
0
1.2188
1.24317
3.2069
0
4.7497
6.65637
0
0
0.27046
0.193905
0.0275332
0
0
1.41184
0
0.0862573
3.0053
0.913501
0.945224
8.62834
1.85035
0.000356206
0
0.986736
0.0306118
0.10481
9.39526
2.59038
0.419613
0.0658579
0.756473
3.22347
4.21294
12.7339
1.3488
3.30739
17.2805
3.94336
11.8596
1.36829
2.60979e-05
9.65489
1.59707
19.1744
3.22748
0.443177
8.86869
0.353268
0.00120578
0
3.78265e-05
8.09973
1.88665e-05
1.11305e-05
4.11394
7.2976
0.00113196
4.60661
2.50129
1.6762
4.02301
1.02995
6.71371
8.73638
1.1387
2.08812
8.77023
4.62497
0.519639
7.01454e-05
12.4552
3.42099
7.79078
6.89313
6.70666
4.37963
15.4363
3.69805
0.301197
5.76734
0
4.87842
7.42801
4.56151
7.35738
0.00240174
0.924295
0.638559
0
0.512247
0.332698
0.00819622
0.00489909
0.0605109
0.0855365
1.211
0
0.0115299
0
0
0.712054
0
0
3.82159
4.4522
5.01498e-05
3.79748e-08
0
3.37149
0
0.51418
9.07141
3.23054
1.32715
5.18228
11.5928
0
0.92787
0
0.0175761
39.9753
0
0.0572134
8.96558
0.712457
9.74008e-08
15.0924
0.429194
0.0856048
0
0
18.3724
6.72298
0.776381
4.89043
0.367909
0.0469079
9.67414
3.44912
1.64949
4.02231
0.436245
5.27692
2.17124
2.77532
0.218141
0.278401
2.614
0.956016
0.16335
2.72536
28.637
0.430628
12.6834
9.66947
0.837358
7.21198
6.67575
5.35536
1.46041
0.000325463
0.813009
0.013384
0
2.02213
0
0.886843
0.949802
0.300069
0.130968
0.025604
3.37317e-06
6.15628
6.0383
0
14.7605
4.35548
3.55754
5.30116
3.51401
0.431142
0
10.6559
0.934316
5.21756
1.6479
4.77879
7.41135
6.0697
4.60122
0.705083
2.22141
8.9832
5.35097
7.848
1.10205
6.70669
7.43337
2.85814
0.0516443
0.0366273
0
0.218453
0.00155483
0
1.20392
10.6375
0
1.57486e-06
4.01638
6.15008
8.264
7.19137
3.80015
0.0873736
1.04834
0
0
2.05012e-05
0
2.44968
0
0
0.0130316
4.44772
6.8273
5.91995
0.143935
0.0660348
2.08473
0.619945
3.63302e-05
0.0475403
1.31734
5.27169e-06
0.610173
0.00511834
2.47949
0.545009
0
1.2824
0.0265444
0.187996
4.14866
1.44789
0.390746
0.171171
3.84638
1.17861
0.598186
0.00940083
0.0323501
0.000705794
0.0198712
1.47146
0
0.00883973
0
13.8055
3.47642
0.0277689
2.33103
0.405821
11.2426
0
0.00469508
17.8674
