12.266
8.26542
4.15309
0.904412
3.76399
14.5118
0
9.82629
3.32068
13.1219
24.5237
0.00176775
1.4705e-05
1.49871
18.2813
0.0654144
3.46014
41.6216
17.833
9.75435
15.5438
0.0628167
0.0290643
0.012592
1.46486
3.1297
6.95635
8.84085
76.1404
0.887963
4.3806
0.200618
1.52842
0.487594
0.839727
0
4.93984
12.8151
9.29259
12.3433
16.7601
23.5233
3.23397
17.212
1.51869
2.57492
3.8084
0
0.104281
0
0.0118121
0.680137
11.1237
1.11991
4.97655
2.50264
20.124
7.91342
2.18241
0.116202
11.7814
0
12.1844
2.21827
15.5734
0
3.80238
2.73045
6.49835
2.27563
17.5851
0.00390435
0
0
1.35879
6.2273
5.51177
2.55928
0.807863
2.49525
0.000176352
1.18262
0
0.01529
51.7851
2.98834
11.27
10.2164
9.11067
4.12554
18.2491
14.5991
4.72092
8.48863
3.08256
10.2555
10.9415
18.942
1.93364
3.64305
6.82897
6.82024
10.8064
13.1354
4.81475
7.68573
7.17884
3.84912
1.33336
8.00488
8.45788
7.88932
8.9531
10.0254
6.72939
8.93606
5.28179
1.85144
5.6571
0.198849
2.70243
4.39484
3.94114
3.98771
0
3.65989
2.38883
0.832333
0
0.0244277
7.61951
1.14465
0
13.8909
1.72505
4.22091
1.94808
1.09652
0.994435
4.21477
0.134946
0.0142094
0.881236
1.43729
1.80757
1.825
0
0
21.6451
61.3404
1.40893
0.917355
0
0.0656021
10.3646
10.6262
26.9363
11.345
11.8166
2.21303
12.6758
15.7363
6.87137
9.15218
2.48284
0.903107
7.47489
5.75128
0.682154
7.31338
7.28003
0.869144
3.96743
3.1317
0.21802
1.51219
0.0139474
0.954009
0.000305746
0.525317
0.0258912
33.9229
0.0307799
0
16.1416
7.61569
26.5944
7.93538
18.7539
53.1006
22.7104
17.6275
22.0238
26.8526
1.19175
0
9.98389
4.44437
18.5319
5.74764
24.9612
68.7616
23.8116
57.3614
19.1925
7.01472
14.9918
5.33104
69.9733
27.9218
47.7846
54.8601
1.81272
50.1149
52.6846
39.3119
3.31294
48.9842
37.0567
11.0951
0.687311
4.71847
37.3746
8.08264
21.7164
33.0482
25.2926
24.1834
30.4425
0.168158
7.03392
4.82162
16.3442
1.043
2.68778
4.48459
3.79962
4.15997
8.47951
6.22796
6.0441
3.39612
6.96252
2.42926
0.544677
1.93158
0.184372
0.02108
2.15005
0.765519
0.816389
2.59799
0.562691
0.171316
0.144821
0.940983
0.699346
0.00358568
0
0
0.0540572
0.200289
5.83223e-05
0.00493983
1.52352
1.13728
0
0
0.00659989
0.484689
3.11841
0.796704
19.3051
0.336445
0.51764
0.217461
1.2458
0.00229442
9.5749
0.754388
14.1056
0.280235
0.8303
0.062368
0.638872
0.179128
0.489539
1.17006
0.0342659
11.4473
0.0270385
0.000549762
13.8136
0.00261287
0.396355
0.940515
0.136368
17.3046
2.15631
9.77051
7.46737
4.57346
9.62464
8.73098
3.98728
31.8717
9.52978
8.33239
1.35574
1.52211
3.11795
2.31732
0.724814
4.14846
22.1071
17.4467
30.9468
18.536
14.3412
7.12132
0.901078
3.52919
2.58119
4.45607
10.2724
14.7793
4.90807
0.96644
0.0104927
0.0691625
0.130453
0.251752
0
0.243225
2.14463
10.6777
12.9159
4.3089
7.795
0.0368802
60.3313
3.14004
12.2865
0.0866019
0.894763
1.20207
1.42681
1.74334
2.57078
2.14958
1.8281
6.40545e-08
13.5112
5.38411
0.0823497
3.19617
8.71587
10.7927
0.183181
2.30404
11.0385
6.52288
0.439816
2.91692
0
1.34324e-06
1.58477
0.392077
3.46552
1.04254
2.32397
0.769521
20.1719
8.59217
8.21717
10.7609
2.43861e-06
18.1103
33.8322
38.3174
28.8425
6.8519
14.7804
14.5383
17.0022
9.57477
6.45334
17.1737
4.14443
7.81617
6.60755
4.07648
9.1771
2.85082
0.601299
24.791
18.4036
13.2076
9.27676
26.4457
14.8514
28.3397
29.2142
28.329
31.4602
17.2746
10.4726
19.8303
6.82418
4.47294
17.4895
14.453
13.2412
18.0012
5.72781
5.74711
74.8743
18.9159
12.4218
0.239753
0.57973
23.1763
8.08817
10.8084
25.6368
23.7961
18.7575
17.7732
20.3744
25.7384
32.2757
23.9507
25.0154
21.95
17.1851
11.2554
23.817
0.947316
6.21748
12.4416
13.44
15.932
23.6969
14.3148
24.2819
0.156846
2.74716
0.651446
4.43976
3.09503
12.4126
3.5322
44.3018
12.5225
24.2874
12.4963
28.1262
17.8696
13.7577
13.2523
2.04726
0.429662
1.34134
0.0297394
7.4116
0.58331
27.3005
8.09691
1.36291
1.69991
3.75525
0.0607053
0.0526591
0.338997
1.56546
0.90979
0.528723
9.1016
2.35753
9.45708
17.7284
9.96533
0.0718342
11.1146
15.7084
10.2101
12.8452
22.0981
3.30096
28.7711
24.6539
45.1676
16.1287
1.35717
0.795333
18.8108
0.753193
1.71817
0.00117946
0.0329252
30.1452
55.5542
24.0323
13.8378
34.8729
11.5113
11.5336
17.6893
0
9.76672
4.67057
3.38064
0.994014
9.15297
15.7807
14.4714
24.4425
4.89808
26.849
6.17144
3.49854
24.0327
14.5445
0
0.519981
25.6886
0.00119012
5.12304
0.000313972
3.31542
3.19588
6.72311
2.47285
3.30678
0.523407
4.96545
1.94186
0.391305
0.044297
27.4229
2.37278
0.026489
7.37572
8.77195
1.69183
2.885
9.02794
10.7914
6.88792
19.0291
28.7591
13.1719
0
40.3151
2.56603
19.1194
38.8328
28.2364
21.3819
14.5667
7.03369
2.10526
1.62639
17.4342
1.63066e-06
0.932165
4.0904
0.737671
2.02753
3.3322
8.69594
34.4393
2.85433
4.59996
2.73562
1.95161
3.54592
15.1062
52.6169
5.26256
3.31201e-08
6.32436
4.29666
8.42641
11.806
2.37622
5.48831
4.7983
9.15097
6.86702
1.29654
5.11228
10.6177
1.85372
7.52069
10.4729
48.1357
5.09008
1.33711
31.2843
9.03885
15.8712
12.7179
0.883195
5.82753
15.6758
0.975982
0.484075
0.336142
1.51866
8.72749
0.0300384
18.3731
16.7688
11.2015
0.0353191
0.0376812
1.263
18.9467
0.988513
3.61799
5.41954
0.832064
4.9912
2.59177
0.046045
0.253041
2.3897
0.708418
0.452663
0.688794
0.86553
0.0017338
1.94277
9.49072
1.04201
30.6218
12.9716
3.8984
2.37678
9.16081
2.57903
17.7281
9.92526
0
2.75061
0
1.09675
22.8295
76.0859
1.43475
16.573
0.539799
8.84842
50.5964
15.1541
16.4262
0.382446
1.17866
3.38674
1.48887e-07
0.740295
0
1.7563
1.88939e-08
12.0117
21.9018
25.6617
8.51271
12.4489
0.313189
20.3524
5.578
20.2095
35.7235
0.00237709
10.399
0.0117201
23.4667
21.4309
4.88031
0
17.2914
20.0341
2.62401
12.7942
0.23664
1.94573
1.85725
5.59788
3.12361
16.1358
15.054
11.7776
16.8253
4.89095
10.8184
0.942097
0.187227
0.148777
0.755197
0
0.548964
0.0297843
0.590393
41.1651
6.31118
5.51843
6.99195
0
12.3602
8.11097
2.59385
4.03912
6.13174
11.7994
5.72264
4.70548
9.79233
16.4494
19.8799
18.3893
10.4321
42.3457
50.0381
0
6.02033
60.1181
9.40474
0
6.56402
1.98362e-07
33.4702
63.0469
13.014
27.78
39.0041
11.6752
9.3281
0.000117132
2.72648e-06
18.5025
59.7183
1.07813
0.133007
0.446709
0.00887564
45.0175
0.000344484
0.221507
0.0264123
0.00754478
1.59071
0.174139
5.88552
9.66634
12.7642
4.11246
0
0
0.848942
12.718
10.3133
0.281307
5.07258
39.7575
49.1612
41.465
1.12905
13.2603
42.0731
10.1303
38.5984
3.30769
4.23979
2.39441
0.0234866
4.08703e-08
0
0
0.0120468
1.33874
0.0104087
0
0
10.5984
23.966
2.76682
42.2715
14.3824
4.9518
10.3055
2.35263
1.16846
1.76866
0
10.365
0.808148
7.02687
3.93178
12.4517
9.92708
12.4977
3.45615
0
28.4029
0.486156
22.9604
1.66831e-05
0.0874162
0.5355
18.963
18.0049
5.31123
10.7846
10.67
26.3523
1.31281
0
0.482994
6.97207
1.04156
1.85493
1.04504
0.0227959
4.01656e-05
1.78816
6.97513
3.77597
1.4046
3.58471
20.385
5.87072
6.18348
3.95793
3.07523
43.3791
0
1.30623
4.68017
24.5173
6.96182
6.02225
1.36507
2.55939e-07
0
5.81793
23.2921
7.90936
21.6722
7.86281e-05
12.3681
14.357
10.9609
0.211882
25.5476
4.44339
1.16283
17.793
0.0342198
0
13.5496
0.514129
0
0
2.26182
1.78175e-07
0.607681
2.90039
8.44164
6.18036
0.00431245
1.03312
32.7849
0.556259
47.7858
0.583916
3.943
7.90159e-05
6.03859e-07
0.713817
0.274371
11.3104
1.004
0.109381
13.6589
13.3094
15.3409
13.8765
0.211816
18.9316
22.4636
1.76872
6.08144
0.835049
19.9276
1.79491
9.58464
19.1161
9.19496
13.2112
5.75338
29.8059
7.14393
13.9078
14.5379
1.32671
14.1279
1.26073
3.13585
16.3218
2.27584
5.02773
4.1176
12.2957
17.2026
2.29826
10.9395
1.53972
0.193341
0.0671191
1.93435
3.5644
14.7682
2.49986
11.6111
9.907
3.66135
0.490407
2.43541
6.90378
16.0763
0
18.1257
10.9129
8.29866
1.04276
0.927544
0.195382
19.5279
2.48572
29.6096
15.8093
0
0
17.37
0
0.0019936
18.7725
6.30492
12.0535
0
5.60219
24.8969
1.27957
5.56918
2.15981
6.27457
0
0
18.3605
0.267985
2.4225
0.3493
3.49656
4.57549
18.6196
20.0439
0.199205
0.625752
0.847717
1.97645e-06
29.0469
16.4802
6.44496
9.63598
8.95177
22.2845
13.9858
0
0.00402394
4.44721
1.27013
6.03779
0.216607
5.87065
0
0.00401029
34.1099
0.0299985
15.8146
5.90609
2.99305
0.285729
0.125774
2.3436e-07
0.392878
7.61292
52.4296
3.77799
26.8692
21.9255
0.36928
0.867426
0.00837175
0.314728
8.92025
3.12271
1.59583
0.0490274
0
3.46123
2.81715
0
0.354517
4.24131
2.14332
4.10875
12.8392
1.81503
1.16968
0.915499
19.2612
18.1735
9.24069
1.47613
0.826512
0.665724
0.511691
17.7085
1.35832
0.333152
14.5644
0.00755683
0.341752
0.0791995
17.3766
8.975
0.117558
3.01625
0.0429841
23.9268
0.000807908
0
1.76891
38.5675
0
92.0263
0.0281822
11.1743
0
24.4344
14.2342
7.47119
20.1956
6.64314
2.51422
60.0773
8.01334
0.476532
0
0.86812
16.8584
20.6893
13.2048
12.8592
1.62803
1.33548
1.41691
20.1572
42.253
24.1096
36.5103
6.64756
31.197
8.81626
4.47604
21.468
17.9457
9.60535
6.70831
8.79065
16.7005
0.652105
0
13.5746
24.083
0.0659535
9.97666
3.27059
1.46403e-07
21.931
9.34774
18.8292
0.0672702
4.32891
6.5245
8.16271
11.3163
25.9558
11.4395
19.4698
19.8028
10.1181
0.00745175
0
0.4672
21.5236
23.624
11.0764
17.6019
23.4652
25.9088
26.6521
25.6028
34.4032
53.4488
63.3487
51.6502
10.8553
16.8279
1.29121
2.2042
0.000775168
0.870546
1.83283
11.4628
1.9627
1.73452
9.26085
0.000381498
0.506988
3.52868
19.3656
11.011
26.0294
6.57962
13.5556
9.75381
4.95072
2.26417
3.90166
21.4235
26.6447
2.13284e-05
11.4997
14.7162
11.4002
19.9225
27.3127
19.6473
0.559027
0.0163067
0.726524
21.543
16.9369
6.11622
0.547078
8.25454
0.594946
0.0463922
0.500922
0.0401893
0.016297
29.0222
2.41543e-05
15.5287
0
33.1609
15.7728
2.37812
0
0.055263
15.5168
25.5952
27.2992
18.491
1.98022
1.73899
26.6591
21.7091
2.1516
0.717465
18.5972
18.397
18.5637
0
19.0501
19.0631
0.940312
8.61941
0.864637
4.52883e-05
2.71827
0
0
5.1023
0
0
14.391
0
4.74832
9.2935
6.46289
4.16044
9.71302
8.90709
12.293
2.79553
21.1526
0
12.4137
9.74355
0.0423211
9.1844
8.53845
13.0685
2.86314e-05
1.98169
0.389849
39.9072
23.6257
4.32611
25.9589
0
14.2844
29.0307
23.4458
0.0225233
11.3801
3.18808
29.1376
7.48982
1.58274
0.993288
1.026
9.06175
0
9.82112
1.58451
0.122204
0
0.290915
12.8494
0.0028327
1.35508e-06
0.297931
11.8518
0
12.7359
13.626
0.895308
10.9674
0.716503
15.2636
15.8738
15.3697
0
0
0.0326495
0
0
0
0.00518256
2.07979e-05
27.1581
7.69269
3.10407
8.90081
13.8176
0.956977
13.5556
11.9469
1.21112e-06
16.165
25.7676
26.8246
55.4138
41.0259
38.5433
43.5561
0.941787
19.5949
34.1774
29.7305
19.503
36.3191
1.26745
23.7328
18.876
0.145019
14.7397
0.0298657
0.817168
15.8257
0
2.06515
0.00343446
0.00774722
0
0.350209
0.0668753
0.924845
9.48467
3.28448
1.15583
0.05261
0.000219614
0.447714
3.88621e-06
0.109767
0.344778
0.146512
0
18.4646
2.10461
50.4634
34.2792
0.0768632
1.00656
17.2273
21.981
1.00485
0.0491266
18.3761
0.869249
12.6003
22.1627
0.179941
0.102443
0.00355498
0.905404
11.2465
24.4055
0.0326703
0.979354
2.15661
0
0.536005
7.2969
15.0391
12.4339
0
8.65692
3.62662
0.527778
0.586532
0
16.3898
0
3.0304e-05
1.30817
20.1086
57.652
3.3198
5.50685
37.0729
0.95733
27.9731
29.3237
3.56959
13.6067
2.331e-06
0.0199464
0.130359
4.11685
9.51108
3.61699
4.95945
1.8548
2.17503
0.954429
0.50656
0.101502
1.81486
0.354544
0.00196241
3.40731
0
6.70466
9.76469
0.337187
24.3604
0.375413
8.11691
4.26374
1.6069
2.21375
0.315227
0.0232635
1.14171
18.269
17.3719
9.67558
44.6654
15.8788
7.72072
0.868491
14.3444
40.6336
0
17.6545
0
1.46441
0
4.0971
12.9194
0.0134383
1.81142
0.513418
3.77312
5.90062
7.03965
3.94417
6.67802
3.97684
1.40764
0.052887
0.0225202
0.284347
2.69229
4.49634
0.00184758
0
4.55728
3.71635
15.5104
7.13965
0.886396
1.78824
8.27444
2.64631
0
30.1639
0.00336268
15.4481
7.3962
2.79676
32.443
28.2048
1.40475
0
15.35
29.1661
2.86573
5.34607
2.6399
23.5113
4.29171
8.81198
0.0826354
4.30656
7.1773
11.9751
9.63239
10.0445
8.49406
3.52068
4.72567
4.32738
24.7788
3.84062
0.51446
0.000223945
0.00735168
0.720071
3.244
0.989682
5.29256
0.0435963
30.5201
0.000135974
1.93953
3.29012
6.07655
1.41594
14.5569
0.82912
1.36943
22.5892
15.4321
4.12907
28.016
7.2659
0.110174
1.11802
34.5871
24.2463
23.79
20.5423
0
0.00809973
10.6333
14.8962
0.619571
0.0498391
3.87668
0
1.00608
0.307719
1.02298
0
0.106934
0.0100646
7.19488
1.3155
4.48451
0.00740849
61.2688
1.30887
0.0937102
0.744152
5.83846
0.995515
2.94475
16.8478
0.000716848
8.69266
27.8162
5.49608
0.00554215
54.8359
2.71517
0.000273495
2.29382
0.0157502
0.000116202
0.137416
2.78337e-06
0.433756
5.04428
0.20899
3.23364
0
0.0169842
3.41932
16.8356
0.217085
1.65194
0.00275946
0.111036
3.07108
1.59478
0
22.1015
0
28.5234
0.928857
0.291538
14.8967
1.32787
0.0787032
9.54535
5.2573
0.0214118
0.000402062
26.834
8.15235
3.8842
18.9889
8.07708
7.96889
0.0334606
0.935735
0.843495
1.69923
0.531621
1.31654
1.86837
3.43846
2.73051
62.3655
11.0245
0.655592
1.97988
1.15752
0.000418815
2.60131e-07
2.68283
9.679
3.21217e-06
0.85507
1.99296
3.28423
2.16575
0.253123
2.07425
1.05815
1.26363
0.969459
0.0548515
4.31016e-08
3.97473
1.32432e-05
3.62975e-05
1.59165
0.0470881
0.000190487
0
0
0.512448
0.000440739
1.47016
19.9166
5.0373e-07
2.50206
5.88268
0.935215
0.666536
45.9795
1.92994
9.95165
0.920474
0.95358
1.75004
0.0645585
2.10371
1.21655
0.157031
0
0.460676
2.54895
0.165147
1.46792
6.49611
2.00147e-07
1.80085
17.875
3.39297
0.323325
22.7542
0.407725
0.812583
0.0266353
1.7471
4.28457
0.029879
0.612558
0.778033
2.09522
0
7.18684e-07
7.39467
0.619461
3.54556
1.98545
5.05191
0
0.168898
1.61162
1.55142e-07
0.000178222
0
7.45011
0.593396
17.2439
1.67598e-07
0.0328117
0.0791316
0.00833307
0.327214
0.0254232
0
0
0.0561398
17.0123
0
14.6492
6.89771
8.63044
58.4723
0.873821
21.447
7.22495
19.3845
11.0711
0
8.07514
0.562574
31.8725
0.412952
0.0255291
0.225739
5.4511e-08
1.08603
36.8402
8.40675
0.405763
0
18.8439
3.24549
7.94405
20.5121
6.43432
24.0287
6.16098
27.3917
0.319139
1.21223
14.3336
0
19.1237
28.2973
32.5595
64.3451
4.15642
12.3634
18.9972
25.7211
42.5686
59.6354
48.2091
5.3287
8.88729
0.0386425
10.4674
10.3511
0.241873
0.662788
0
0
9.21226
12.1609
5.20428
0
3.7949
0.00844126
0.0328732
5.62855
3.99109
3.7819
8.50602
4.76662
7.22972
11.1752
8.48972
3.63138
8.97928
0.672792
0.160328
4.57763
4.07783
4.69122
2.84383
0.146374
0.0507519
7.16945
0.962415
0.813412
7.16999e-06
0
0.896572
0.0336778
0.0071136
0.712244
0.847093
1.20022
0.136816
1.33676
0.198187
0.413793
0.0223131
0.982327
0.0918258
0.0014011
4.64617e-06
0.528716
0.0674022
0.0532764
4.90726
1.0611
0.299818
0.0191601
0
4.14146
0
0.00408184
0.0603734
0
0.0733216
15.3945
0.000525243
4.721
0
0
0
12.5585
0
0.0392477
2.46353e-05
0
0.303881
16.0117
1.26828
0.0611459
4.13914
0
0
4.08657
1.57518
4.53763
0.369667
0.384633
0.0819676
10.7119
28.3827
4.05469
28.1395
22.0719
20.2207
10.9472
19.7309
20.7935
27.9418
37.0754
27.4061
21.4809
15.3619
0.811189
0.658299
12.7967
12.4689
22.8532
16.4362
15.982
22.5425
9.78032
14.6191
21.043
32.6371
4.83654
18.3937
18.6436
17.3126
18.4484
10.7609
0.0118165
11.9513
0.000168912
16.1743
32.6776
33.5933
36.9576
6.53334
19.2355
27.5841
24.3489
1.79326
9.4085
20.1197
9.87091
12.5285
35.666
43.0458
25.5264
23.3643
14.2682
22.5184
15.7012
15.0584
0
12.2381
14.8327
12.0601
0
7.28263
7.00608
1.18629
1.49874
1.33671
0
0.0263168
1.65216
10.01
1.75383
13.4978
0.0664355
2.0579
0.711182
0.501122
1.07311
1.36758
12.5097
1.24472
0
0.550391
13.8667
0.0436771
1.02837
1.80882
0.569062
4.07076
0
1.34493
0.895486
2.87368
0
10.7359
6.99088
2.04178
2.0996
0.864904
6.49635
2.70742
14.3035
39.1515
11.5277
22.7827
32.688
15.6207
146.387
21.3807
102.601
12.1543
24.9655
18.7829
0.00288967
12.4841
13.2067
22.3422
0
23.1174
0
8.29119
3.78834
2.32741
2.37995
8.81549
12.5299
0.972771
15.456
0
0
8.64042
1.6074
2.79511
0
2.41595
0.974246
0.348493
1.23329
3.69684
0
0.294207
8.91381
0.513113
0
2.50871e-05
4.81942e-06
0.0908535
0.0109386
0.630476
0.000110931
30.1412
0
0.771804
0.651631
0.0583877
25.1875
13.1192
1.53691
1.19095
20.5372
11.0797
1.60721
10.8851
0.0801413
3.63014
2.41929e-08
0.055031
0.429557
0.804075
2.03961
26.3747
3.67038
33.942
0.958364
0.34851
0.738108
2.7675
0.215882
29.8486
0.0185597
0.128934
4.56679
17.915
0.150753
6.63017
9.99242
18.7533
11.3987
16.9167
17.2678
1.10491
5.52303
10.8487
4.68707
1.83519
25.2971
4.6428
1.0617
2.23131
0.947218
7.49541
0.476273
21.4515
2.32196
2.21074
1.84607
31.1932
0.00382262
0.840988
1.67231
4.58515
9.97899
7.93726
7.3043
21.1998
2.41543
0.0156352
1.14493
1.60603
1.06999
0.0530741
8.24312
21.7496
34.7573
30.6256
0.536368
22.9481
20.7585
2.12568
21.5335
2.71221
80.5761
8.82947
2.54823
4.92178
64.306
40.6555
10.5782
20.8112
25.126
0.159796
0.139131
0
0.0351335
3.6833
0.214841
0.00177758
1.67025e-06
10.8372
35.0113
18.0673
0.024497
38.8894
0
0
7.90724e-05
0.945436
0.00687114
0.789561
0.91937
0.0157331
6.62544
0.00106763
3.16574
17.2684
2.02548
16.3042
5.30556
13.6557
0
2.16089e-05
20.8056
4.32949
0
10.9394
6.81413
9.12512
0.020047
29.3066
14.2104
1.16431
6.40812
13.7087
0.303638
0.540055
2.56498
0.201457
0.182249
0
28.2834
0
51.6346
15.0072
37.7396
0
0.170332
0.00185485
1.098
0.000438155
21.3661
17.3772
29.9255
0
21.9453
12.0021
14.2781
6.12999
1.7523
1.19884
7.3653
1.44672e-06
1.02245
0.0437475
0.531828
0.0638604
0.958255
6.76128e-07
0.000176952
1.68306
0.0220375
0
1.95847
0
0.166958
0.0607153
0.537524
2.58246
0.996382
2.10692e-06
0
3.71319
0.000762506
0.0225096
0.0555109
0.130985
1.24332
3.14961
19.178
0
4.08962
2.76099
0
0
3.20803
0
11.9068
5.78609
9.51932
0.424102
5.97142
4.44869
2.8552
3.55075
4.41345
7.99315
10.4842
3.27047
13.4939
10.4778
20.1328
12.7891
16.3682
10.5217
11.6097
12.0443
14.9324
9.93782
15.1542
16.414
12.9008
12.5935
10.0362
12.3422
13.4397
14.9113
7.61777
6.99424
4.71916
12.8939
15.6176
9.24388
7.63333
2.1829
3.33176
3.49551
0.00196913
0
0.125317
0
0
17.1394
13.5661
0.932499
1.522
6.12142
3.85626
1.07071
0.0817811
8.7673
2.55915e-05
23.955
5.52519
3.56856
2.77556
11.0061
15.161
3.00848
25.8093
13.3983
14.8999
8.72591
2.16926
17.452
0
19.8569
27.4822
11.0768
27.2026
8.32728
9.52679
8.48498
8.55095
4.33838
9.10301
31.8834
6.40833
4.99886
2.81395
4.01841
4.0773
13.9632
16.3987
28.2845
22.3691
18.7938
29.0756
33.5208
31.1719
26.2212
17.5458
23.8291
17.6337
17.7135
14.8069
31.3133
21.361
8.76189
0.144047
0
0.677871
0.214616
6.00123
11.4524
15.4557
21.6197
20.2369
24.4472
25.9553
24.326
18.6032
1.39764
10.3401
12.936
7.37861
4.9265
4.59423
8.0393
11.7793
8.41068
39.2989
5.99322
2.70961
6.84435
12.7843
7.54198
1.54306
5.81715
8.84881
9.39851
12.7369
14.8924
19.4927
1.98691
11.2469
13.2709
28.6509
47.7111
25.609
12.281
7.81929
0
1.43565
1.14057
9.33874
9.15107
5.21349
12.6391
0.186318
18.9972
24.8072
13.6236
14.5956
6.76724
9.45495
20.3378
35.3369
0
0
0.00577611
63.383
57.6289
44.1085
2.959
65.3431
5.85666
22.8032
1.35033
3.71737
0.824991
8.47098
17.8822
1.44058
4.31014
83.1112
61.1942
21.1231
10.5917
0.00303506
82.9734
8.21149
170.137
11.8197
7.357
143.132
109.858
72.2441
23.3662
19.7009
18.471
18.6646
22.0432
13.4591
24.3581
39.9297
41.5622
14.7164
28.4994
13.4958
13.2041
14.3656
45.4084
19.453
14.0403
24.9967
18.1992
38.2452
6.53382
6.5607
0
7.01054
0
4.98725
14.0463
22.0843
11.8088
8.59129
9.48876
9.54377
10.5887
9.40609
11.9753
20.4218
13.1998
25.3145
12.012
10.4432
7.68413
5.44207
9.07478
12.0572
7.31259
8.44693
10.5948
1.83947
10.401
3.97726
8.24822
4.40592
13.1648
0.00252165
1.92563
0.0163548
7.94423
9.48605
13.5761
0.984426
5.62405
16.9773
27.938
5.85855
3.22313
4.81998
9.9147
19.6988
3.1773
2.11982
0.043522
21.0365
2.48677
1.86478
0.119997
4.35974
7.33158
1.25645
2.4635
2.64446
2.62718
0
3.09084
0.149088
0.696842
1.70803
22.3519
1.81207
2.29059
2.6023
0.847138
1.45688
0.0728208
0.923746
2.30705
1.61309
3.01383
0.656189
0.214271
0.901708
1.00627
0.137148
11.3509
3.36704
0.116107
2.48665
0.72973
10.8293
0.440684
1.57183
0.919314
0.847638
0.247459
3.15025e-07
12.7937
0
7.34172
0.707194
21.0012
0.333109
21.7429
0.113413
0.11474
18.452
0.518048
24.2802
22.2626
32.7775
0.538318
6.76434
0.832473
0.900663
0.0940256
0.230175
15.7661
19.0633
0.363385
1.23752
25.9913
1.15808
1.05717
0.27629
1.70083
0.0653931
0
0.158793
0.471799
0.805487
0.842917
1.84022
0.981405
15.2347
3.90798
3.18655
5.52665
19.5746
0.537461
17.6368
0.991918
17.7335
19.5839
11.7908
2.94169
0
0.05244
6.17471e-07
10.0325
12.6956
0
1.64561
0
2.98669
2.60614e-05
0.802291
1.5955
0.00157606
0
0.955929
3.27592
0.0647112
1.77229
0.000943998
3.40694
0.00100161
0.121385
0
4.37565
0
0.00835802
3.03566
9.25007e-08
0.0149089
4.60858e-05
6.86952e-05
8.24865e-08
0
3.52554
21.4356
13.5821
28.5448
16.604
20.9871
4.70635
5.1691
9.46546e-08
1.94343e-06
1.89202
1.36525
2.82048
4.13607
9.71517
0.388242
4.69545
16.0138
24.4904
28.1898
23.106
1.5741
0.320904
12.3714
9.28951
3.61105
10.6196
20.7361
3.75145
21.9923
8.09914
3.15085
23.3376
19.1377
8.69838
37.9114
63.7841
22.2969
2.74041
53.0485
0.103925
79.0721
76.151
0.411341
6.86376e-08
1.09309
1.22497
1.18596e-06
0.344997
1.91796
1.28403
0.923015
3.29003e-06
0.000744568
14.2718
1.04249e-07
12.4908
0.430136
18.0766
11.7294
11.6483
18.7467
18.8766
14.1636
3.01442
0
18.4826
20.8449
16.449
13.4849
38.0062
18.9314
28.6584
0.917941
18.0804
0.0685989
35.2318
15.1839
20.3251
1.97749
1.54572
20.8811
14.6195
29.7576
6.46803
12.542
29.6637
5.46425
3.05622
8.45218
11.6382
7.04807
9.83352
0.105892
6.65115
38.5763
4.84659
1.68864
13.4343
0.0217707
15.3739
3.33225
1.01349
5.30698
1.96209
22.1437
1.3387
21.9734
29.5671
19.2192
26.4992
20.0452
19.0575
3.51623
7.64819
6.83222e-08
2.41372
5.5236
1.66523
9.96676
6.3453
10.7868
13.883
13.2611
18.5651
19.6218
47.3197
9.84947
13.4886
0
0.509943
0.0560168
11.4646
0.231469
6.2786
8.45146
3.60692
0.0648977
2.22525
0.217988
0.794638
0.477782
1.14616
2.2507
0.00173384
0.399244
4.74481
23.3214
7.34977
8.43719
6.28355
20.1706
0.836412
15.0118
0.00484346
14.3458
0.662795
18.728
3.23794
2.11178
4.1462
0.000198662
1.12344
0
1.18961
0.533762
0.650145
0.169919
0.0412241
1.02402
0.0402567
0.0141095
0.943481
6.08252e-05
2.03845
0.0408331
2.01143e-06
3.48571
11.0024
19.2409
6.57673
0.000943232
0.0380406
6.97733
0.00741488
0
0.535845
0.00920114
33.5626
2.08935
11.1664
21.816
40.1061
12.4975
30.4979
19.7854
29.2639
1.09966
8.72312
3.53991
0.812121
19.8595
4.40375
1.73079
0
24.9414
0
22.3019
17.0169
20.5135
4.7192
17.9881
23.2876
1.42254
31.7475
19.8486
22.8123
22.0506
0.0511943
21.14
0.753401
23.6367
11.2928
3.31535
11.1972
12.081
2.21931
0.434372
8.48912e-05
8.64618
1.34263
6.56213
11.6707
3.4794
0.234348
42.1964
27.8148
17.0098
9.35791
19.2682
12.4799
27.2964
6.85338
31.5204
10.7589
18.8076
17.9526
16.2496
11.57
23.7812
0.0142698
9.64649
13.1245
20.6975
13.3369
23.8996
18.9896
8.39407
7.56356
18.1344
32.7889
10.6168
12.7227
28.2405
13.8367
39.1834
40.8319
23.7365
24.8947
30.3433
0
23.4402
15.7181
4.06485
9.09003
33.7602
0
26.3547
40.0331
7.73671
0.191914
2.54875e-06
51.1029
26.4374
28.0768
35.5903
4.23469
33.3781
23.906
4.74783
21.3445
24.9789
16.9029
4.17581
23.336
39.1244
32.8143
18.106
37.9566
15.3513
27.5628
17.7263
36.8533
28.5394
0.385872
42.8102
19.6093
19.0033
3.83365
25.971
35.4617
54.0522
29.8851
0.234544
25.7578
25.8113
21.7822
0.978026
11.9273
12.6094
14.6241
23.8238
8.91509
20.651
20.4334
2.11063
0
8.58617
3.92741
27.817
1.09354
6.83058
40.299
22.9581
29.8268
26.1377
0.271745
21.2387
0
24.8079
21.4571
21.9555
28.2936
8.83714
45.5745
44.4951
38.7157
34.668
25.1181
21.2719
32.532
2.63017
23.8826
10.3966
20.9104
0.0559639
15.1514
10.1538
15.5841
18.8914
5.36146
23.1458
18.5249
0.912461
10.3629
14.5439
11.5288
12.8865
8.12411
0.854161
7.08845
25.3148
12.4487
1.30433
6.13485
0.675914
2.2909
2.4928
21.0498
1.04171
11.5961
9.5523
9.13627
17.8562
10.6663
1.13412
80.6356
0
2.19479
7.84848
8.99535
0.00531479
15.0996
19.2139
9.05951
13.4598
6.09425
10.9616
44.556
15.0753
20.0818
8.65608
12.8913
15.0295
11.0444
29.9906
9.73886
16.2652
36.3941
3.51546e-07
14.1144
19.0769
27.6431
6.90738
4.54222
17.096
1.9603
14.2537
13.9945
24.08
17.7782
12.6146
35.1317
32.9922
27.7563
19.1193
8.07493
10.6979
22.198
27.5381
8.88765
0.228398
10.2605
14.2929
7.64673
22.6731
1.79278
2.13868
16.1569
2.84142
46.7881
15.9512
0.0724064
22.9379
4.15345
27.0842
3.83847
13.7284
1.95469
3.63583
5.5499
10.2596
21.8892
15.07
4.28186
4.60625
0.600224
4.28265
10.6433
5.7889
9.38836
8.95789
42.6709
16.3365
4.50494
11.8986
6.96918
3.44933
9.30017
28.2685
10.0177
58.8234
11.2642
10.9119
0
9.3844
0.33468
13.7986
2.64459
1.89869
19.9775
3.06463
1.78469
57.8242
2.32885
50.4675
0.469883
33.8845
0.70243
1.00016
33.8896
1.60456e-07
0.915175
0.0351008
0.551959
0
26.2278
5.13946
10.3358
24.2169
16.1891
16.6109
19.6284
2.77884
13.2215
4.38703
19.2707
21.8317
2.01969
29.9711
23.8196
1.868
19.0347
0.974464
9.93656
17.4858
1.92699
20.1346
0.333492
2.57206
10.4115
4.48999
0.0399082
1.22157
3.87621
0.560512
6.89077
12.3278
11.0213
0
15.3103
16.612
7.76832
14.599
6.73983
4.01167
7.70635
8.65553
3.32836
25.7864
12.1225
0.74072
6.58073
6.15847
9.73934
11.331
0.000654936
7.05111
11.9267
13.3586
8.32071
6.49443
9.16305
122.881
4.63199
19.0808
8.72453
134.442
3.01477
3.94802
8.24948
7.96218
9.23777
6.51386
6.14236
22.5545
9.40405
9.61985
8.01935
6.99347
5.95471
76.3342
9.23272
21.9176
1.42883
0.689151
33.7516
54.3975
2.13973
0.795009
0
0
6.5324
1.89191
1.06017
0.883432
0.406927
6.14709
0.133085
0.967961
14.3535
0.739546
8.11307
22.7839
2.96312e-05
0.00996271
13.2868
14.5174
15.8038
0.139161
4.73563
1.39038
0.715871
0.0504735
0.230688
1.07257
0
0.666967
6.72807
11.1756
1.51004
6.2914
3.26944
0
0
0.000267985
0
10.3916
12.8705
13.4623
2.54013
4.53577
2.65703
18.7607
3.68355
10.7483
8.34822
19.9824
6.47063
15.9113
7.1063
11.7366
15.4686
11.8498
9.20065
5.53323
2.84403
38.7029
19.4354
33.5635
28.4441
19.5276
3.1585
14.4158
0
0.0743023
16.0734
17.5614
6.03206
5.67683
6.66487
6.31757
14.121
0
2.1243
9.10837
9.12088
17.9069
17.5933
22.0523
33.5381
6.88082
1.75496
9.36181
3.15205
16.0489
15.5673
7.99055
10.8606
1.50625
14.7943
2.05619
5.17443
0
0
2.60056
4.7409
2.45004
0.0533283
3.26609
17.4514
26.0576
7.82291
9.19213
6.15358
14.8903
28.4217
17.4742
9.78122
0.715814
3.56333e-07
7.82176
17.0869
4.51373
12.03
21.5005
14.7255
14.1016
17.6893
0.0737102
1.67323
1.77919
13.3754
7.97423
4.72588
5.63394
2.41111
25.0975
7.00021
0.975782
10.2232
0.231676
2.63904
1.14571
20.2579
13.0261
6.09015
0.133178
12.7983
32.1667
0.05654
0
0.740114
0.00131815
0.000423662
0.158244
16.9691
1.35832
3.1239
1.59995e-07
0.0960424
0.000206345
23.7972
5.65646e-06
30.3479
24.1645
0
40.3158
5.20857
2.25646
4.87013
5.88879
4.49097
1.33657
0.544951
3.84633e-05
0.0297819
1.11
0.139807
0.000861477
0.791578
3.07258
5.95718
10.7701
7.12192
0.374174
4.07767
1.64014
25.0749
2.19717
4.95379
11.0152
2.76316
13.0975
18.6797
18.1368
12.3827
12.8563
28.6952
3.54439
1.54067
8.64172
3.53736
24.1604
9.01673
9.28503
13.4901
9.40929
10.1273
0.873969
5.56355
37.8545
0
0
0.144383
2.20916
1.63134e-05
0.177109
0.0700757
0.195217
3.0498
4.86696
3.5701
9.98428
0.356978
1.70626
0.00223505
1.89539
0.0732002
24.6176
6.15053
12.9418
21.4393
47.2846
31.4223
11.8664
2.81739
2.63275
17.5515
11.3074
1.92058
17.2025
37.1052
1.1644
3.08872
13.9276
1.91992
30.6488
24.6663
15.2709
20.148
14.6319
5.64444
8.84363
0.662933
4.52911
0
8.45824
3.38001
0.0134782
32.2388
34.9797
0.0024489
36.7717
6.50158
17.6493
16.8871
1.67639
5.49762
10.1272
17.1839
5.22185
16.7956
42.0784
2.79193
4.65037
5.87462
2.40404
3.26226
1.66526
20.5743
0.1468
2.39856
2.05096
1.74227
1.45717
2.93591
3.10924
3.79686
2.09506
1.69777
0.240383
2.28366
1.21003
11.8703
1.83595
3.28643
2.44475
1.67744
0.0698149
0.838534
2.21748
1.81629
2.75788
0.835014
0.207351
0.75382
0.998644
0.0283018
2.84901
0.100343
1.60183
34.8141
1.38245
24.1057
13.5457
4.27455
3.38502
14.7286
0
0.0253107
0.415067
14.762
0.973949
4.43628
9.82
13.9896
0.324306
7.3513
12.329
44.0528
51.8034
15.5252
22.0383
41.9381
4.19842
23.1173
33.6256
1.37783
2.77862
10.919
2.47401e-05
3.3764
13.9051
0
6.23423
0.287483
13.0378
0.00889224
2.0737e-07
1.34208
1.96633e-07
5.62868
0.266102
0.202343
6.9576e-05
0.0504597
40.988
31.9716
27.7804
16.7846
0.709417
29.9271
21.7118
2.29922
21.0971
24.5314
23.6223
4.16349
1.1523
8.76471e-07
23.7152
0.0499615
0.355214
0.125048
1.60804
1.95976
0.13066
21.8077
0.829939
0.46076
23.7419
0.765331
0.850441
0.0847768
1.0034
14.2826
20.1586
0.672839
0.0402307
0.0583786
0.92318
0.0144519
0.00043046
56.6533
0.0757034
19.778
13.828
0.882916
0.0103969
3.14301
0.0414186
0.098335
0.929766
14.0325
14.1593
0.455136
1.28807
0.73427
0.0150908
8.31346
0.734924
0.185164
0
4.18462
0
0
0
0.321517
0.00113083
0.552763
0.821496
0.0612784
0.853563
0.0121599
10.3594
0.0340266
0
8.77821
0
0.000670353
9.74144e-07
0
0.00816188
0.0613656
0.950041
0.153531
0.491681
0.0231428
0.314566
0.00334492
0.981419
29.5304
0.696665
1.08942
0.736058
0
0.908305
1.18942
5.91742
0
0.0792556
0
0.0223977
1.99085
19.5682
4.99632
1.32657
1.53649
0
5.83188
13.0956
16.0674
4.53143
1.15142
1.60232
6.24745
9.36762
4.35548
0.00858769
0.667673
8.2015
0.0221471
0.00370868
1.45405
1.66743
0.661764
4.64219
6.72546
8.87073
24.463
0.0125002
27.832
5.72873
4.86321
14.0395
1.28875e-07
11.3533
24.9347
2.77197
3.3341
7.00157
25.2111
0.0274925
1.48149
0.0893131
0.260012
84.8985
4.40765
0.0726897
20.0224
3.54075e-07
0.00635098
5.6255
10.114
0.661984
2.70479
28.5375
0
0
3.41741
0.0990435
0.0354842
0.923307
0.200386
1.14485
0.67159
1.73541
7.87742
2.52574
1.3829
15.196
16.2303
0.144673
0.17592
1.43474
0.274572
2.02188
29.1372
6.87868
3.34758
2.71001
1.87665
41.0098
17.2503
28.6194
0.234639
16.0522
33.2554
11.8323
39.4402
1.47676
0.0268045
27.7579
2.0964
40.7903
4.39048
3.09081
26.0182
2.0248
0.0134469
1.82898
4.86104e-06
21.3135
0.0365928
0.0771936
20.6893
40.3798
0.0863001
26.9962
10.4876
5.24901
8.01988
5.64334
21.8186
48.4473
2.16115
1.4431
28.2309
16.5408
1.45748
4.06199
24.368
13.1215
10.861
21.0603
28.9826
6.63783
16.2521
10.9572
2.16602
13.777
0.297548
8.21455
24.9361
14.4177
18.7154
1.32776
0.319024
1.01381
0.801656
1.73699
2.60999
1.11
0.959403
0
2.15725
7.13728
1.7898
1.26974
2.3919
0.561514
15.3166
0.819914
0.979802
9.99781
11.0697
2.49855
0.916144
1.01249
28.9079
0.699043
6.09421
38.5556
4.624
7.95494
24.4185
26.0077
0.000114267
3.51192
0.474734
0
56.2144
0.804538
1.90465
23.4134
4.08715
0.0233614
45.5237
9.82599
0.398939
0
2.8325
26.4233
1.76089
0.879875
66.4597
5.91838
4.69951
32.3438
22.1159
11.1308
9.35006
9.46111
14.6582
13.1283
23.9511
18.9508
14.4911
23.3783
10.3676
7.60171
2.99378
19.2328
9.25423e-06
6.46742
13.3198
1.106
22.3679
32.8182
17.328
7.56975
0
0
0.00284253
3.54853
0.0415836
1.08779
0.00690364
0.298058
1.31442
0.0998965
0.035267
0
39.5742
38.5828
1.65656
17.2402
18.308
14.1497
8.65814
5.16427
10.073
0.660816
12.6762
9.49081
4.08915
12.166
5.89627
22.4646
8.28236
25.2263
10.8555
21.695
27.2946
21.8103
36.8543
17.15
16.9713
30.6261
15.3299
2.49701
0
0.845169
0.00636963
2.46957
0.199275
1.42675
12.7157
0.554924
0.27299
17.6902
26.877
23.0225
15.7796
9.17403
12.5073
0.771918
0.0141216
0.409456
0.00562098
0.697112
9.70021
0.000982641
1.25832
1.0544
23.1542
24.6628
11.9744
6.79249
19.1455
4.66928
1.38186e-06
0.796186
2.89033
0.105949
0.0985142
2.4998
1.1575
2.25718
0.195847
0.00695183
22.4621
0.238905
1.45634
0.679724
5.84927
0.932875
10.8558
11.1237
9.34755
7.3091
1.24974
0.328323
2.46779
2.18487
13.8053
1.64008
1.15974
0.605149
34.2074
4.61468
1.02232
6.53576
0.815665
39.3374
0
0.557688
19.7693
