7.02638
8.50722
7.07273
0.0365311
0.968675
14.6062
0.0187322
8.23284
0.116728
5.92649
19.2148
2.41341e-07
0
2.67324
14.7484
0.0797023
10.5437
16.8284
37.2803
7.30141
10.2003
0
0.311609
0.11511
1.93512
3.25392
3.50171
1.33384
18.8317
0.106325
4.76159e-05
0.582246
0.0258335
0.493691
0.664964
0
1.28018
9.95364
6.05099
11.9276
11.8897
19.9322
2.96665
11.5161
1.63169
4.93949
2.38629
0.241796
0.255852
0
0.985935
0.877178
14.701
1.97089
7.31436
8.39779e-08
15.2146
1.82578
0.0945793
3.18053
3.97363
0.00326072
12.7833
3.0989
10.6281
0
5.50307
4.77618
9.39242
0.745761
9.86258
0
0.000138598
0.523615
1.33972
3.39837
5.68311
2.2156
9.91024e-07
1.41599
2.47013
0.000784305
0.961854
0.00899224
21.153
3.53344
8.09491
6.67135
8.00959
2.85462
8.42573
3.56859
1.27209
7.84211
3.37381
3.03302
6.35577
11.262
2.91419
3.6757e-05
4.51368
9.16825
7.08296
10.7914
6.18394
2.47781
11.1438
4.21399
2.1996
5.86159
1.46402
2.80715
3.74972
2.596
5.43775
5.64358
2.52948
1.83239
3.60132
3.59314
1.65965
2.07215
2.6866
3.67337
0
2.58016
4.53417
0.000385546
0
0.0432557
4.15219
0.715815
0.0832411
4.56833
0.0234394
1.90669
3.34774
1.55602
0.60628
1.35326
0.51275
0.84801
0.00801455
0.00133484
0.90707
0.00013054
0
0
21.3059
71.2431
1.25611
0.265707
0
1.43954
6.64734
5.61508
18.9116
16.6067
14.3156
1.54674
9.86286
12.798
3.14446
4.62163
0.31916
0.973013
6.5391
0.32742
10.6887
4.9122
5.32628
2.77631
0.764437
0.00141412
2.2649
0.554228
0.965216
0.810616
0.0255731
0.0800376
0.000120702
11.0048
0.0124497
0
18.1644
4.34077
20.1762
3.82251
18.1214
19.9001
13.5358
22.7612
15.0962
20.4872
2.75321
0
10.5352
1.64191
12.4818
5.65796
40.2281
106.707
22.3805
59.0142
16.6887
5.15609
12.5646
4.19637
55.6142
2.96821
18.764
25.3364
5.30823
14.7099
21.4018
29.2763
8.23556
31.8798
18.1669
5.21442
0.79023
3.38206
27.9622
1.56325
15.3925
11.7967
12.5136
9.85428
13.6798
1.06363
3.93018
6.1792
12.1754
2.00695
2.0921
2.85366
5.25156
1.28028
1.18732
5.45985
4.58301
1.77402
1.12724
1.80721
0.556617
0.897723
1.43914
0.0156498
2.50576
3.18474e-05
0
0.308637
0
0
0
0
1.07683e-08
4.05631e-08
7.73023e-05
0.011553
0
0.392512
0.416062
0.620346
0.1307
1.42346
0.456988
0.0825027
0.954636
1.42375
6.92788
0.0147771
8.64857
0.334426
0.158867
0.894386
0.97266
7.80582e-05
5.35464
0.124601
12.7629
0.0335732
0.158685
0.0324943
0.0127081
0.3181
1.46303
0.549433
1.21054e-07
8.64737
0.00014503
0.000732384
4.06824
0.145263
0.597804
0.188755
1.08336
21.4802
2.45143
4.48684
11.9531
0.510269
5.14399
7.09215
3.3319
18.5452
18.1496
5.06316
0.312547
1.92332
0.966996
1.12379
2.50764
6.73071
10.5716
8.63859
22.1383
2.86205
4.45169
2.7824
0
3.14967
0.926166
0.994791
8.1861
7.80614
0.738935
7.50282e-05
0.317055
0.00314342
0.12593
0.0779589
0
1.04391
0.0399592
4.9198
2.12225
5.92774
4.25423
0.643328
47.4466
1.62366
7.09649
1.20928
0.0233584
0.725534
0.493467
2.46455
3.66025
4.52027
0.972018
0
5.30396
5.84769
0.746162
0.113074
6.07773
3.23665
1.44292e-06
0.115523
5.49998
0.677082
0
5.69118
0.0132253
0.0209927
6.32091e-05
0.0193835
4.86665
0.366797
0.677575
0.00289846
6.92967
1.62042
1.83043
1.74206
0.312502
7.14154
21.478
24.911
18.2044
1.85075
0.890496
5.92073
15.9601
5.19046
2.23123
8.74591
2.74794
2.67625
2.61088
1.73983
2.32664
6.19209
0.629178
6.19035
10.3642
9.13822
5.93301
24.1709
10.9175
22.3826
11.6514
14.0447
26.2744
9.43062
7.06021
20.3559
14.048
2.61294
15.6462
6.1894
10.4148
6.40459
3.97977
4.92871
37.0606
13.1322
7.99688
2.92928
5.25287
4.73274
7.19211
8.51407
10.6716
22.5798
10.4013
7.01669
10.9364
15.7493
12.1826
7.12949
12.1009
14.0516
7.45376
12.4414
12.4745
0.603164
20.507
5.83898
6.52239
10.1828
11.7098
21.1336
18.9215
0.0391707
1.98817
0.410145
3.17941
2.60559
4.49422
3.30282
31.8572
1.51675
19.5101
8.93444
23.5804
11.1863
13.5508
5.43957
1.928
0.189803
1.01785
0.486416
4.56403
1.27186
4.34965
2.90625
0.0549279
4.17401
0.886067
3.67873
0.908816
0.0990351
0.690717
0.00785034
1.68236
2.51169
4.35898
2.49569
7.58617
3.23865
1.04174
19.8828
10.0352
9.98912
13.5306
2.79457
3.89466
10.1267
15.6574
22.061
16.4181
1.57225
2.70254
6.30924
0.0238312
0.839452
0.981262
0.0289693
14.2797
21.0123
17.1573
15.5324
25.5922
15.6997
1.82364
9.16461
0.894133
5.579
6.0057
2.22602
2.23662
8.96905
9.48026
20.8997
23.5872
4.66041
11.43
5.69224
3.72472
11.9041
11.7712
0.0349968
0.511811
17.5843
0.000240278
2.44588
0
0.290056
0.623253
7.97278
0.420459
3.8794
0.861068
4.75892
0.00872208
0.0350747
0.599512
9.06664
2.60182
0
11.5961
5.32268
4.16247
2.53835
7.44468
4.73346
8.58241
14.0341
28.4873
14.0123
0.0208723
15.4674
0.757915
10.6487
21.9454
18.796
19.6715
10.5122
7.75632
2.82676
0.000237776
7.85452
0.00615802
0.789162
4.14436
0.238088
4.34252
3.37813
9.98764
12.6949
3.24603
1.14178
0.0425971
2.6511
1.59999
14.9071
26.9531
3.57237
0.22055
5.74558
1.56877
10.6898
6.61827
0.985134
3.89463
0.334133
6.37609
3.58627
1.1915
0.773295
9.87916
1.02444
7.97845
4.4768
18.545
3.2705
0.0841646
17.0396
7.78864
8.47452
6.34795
0.0899104
3.10215
15.4531
0
0.0351482
0.365741
1.30016
1.28282
0.0346056
15.5119
11.5767
1.74539
0.223981
1.11551
0.926057
3.57995
0.000201575
0.610243
0.144836
2.79412
4.75693
3.08524
0.0884426
0.155361
2.65934
0.192794
0.00460345
0.0366481
0.0335102
0.76154
4.12901
7.84123
0.013856
19.7656
2.90261
9.23878
1.43923
14.5399
3.29137
8.43469
5.0508
0
6.18087e-09
0
0.0273189
12.6174
34.473
1.00968
11.1497
1.09054
13.3749
19.7507
9.34917
15.8992
0.716036
0.306345
1.69356
8.99859e-08
0
0
0.232454
0.605364
6.4724
15.5486
15.5392
6.98393
15.5052
1.20776
5.57321
4.8712
17.2032
26.0264
0.00128476
4.07752
0.391618
16.5515
15.3429
2.70065
3.35915e-07
11.1905
10.4562
0.0441253
2.20144
0.892134
1.16803
1.22946
2.53901
5.54119
9.93906
4.98846
8.66539
15.5825
0.539766
1.8082
0.759972
0.49122
0.720102
0.396409
0
0.430854
0.000231692
0.770491
14.7142
2.27955
3.27332
2.53764
0
6.1053
5.58685
1.30997
3.14393
4.11982
15.4592
8.89945
3.90348
11.0918
19.4954
13.2189
14.7112
8.68772
18.2838
17.6413
0
6.54866
14.6767
7.02579
0
6.52665
2.3456e-07
37.7671
60.4707
10.5183
11.3803
29.8189
9.14849
8.21956
0.655484
0.894307
17.1905
24.7797
0.00603003
0.0234282
1.16831
0.770449
24.6724
0.297677
2.02641
0.000248428
1.63907
0.0294058
2.34555
2.17136
3.23971
10.8398
4.39451
0
0
2.10172
8.14389
6.95143
0.3342
1.39627
13.4737
0.496149
17.4496
0.340156
9.52034
20.3536
3.66217
18.7539
0.0268721
4.60754
1.62392
0.464581
0
0
0
1.05054e-06
0.0724403
0.0505146
0
0
3.70562
19.1718
3.01402
22.9084
6.72813
4.82715
11.6963
3.02223
4.00203
2.23142
0
8.62739
1.25956
11.6423
4.11165
9.52159
4.34539
6.42324
0.819472
4.33085e-07
7.83711
0.00578005
15.8234
0.0884134
1.59866
0.0431853
10.8427
11.6763
3.4566
6.77971
7.96501
19.6762
0.972332
0.27122
2.63009
3.69412
0.0847985
1.82339
0.411051
0.91619
0.0590184
2.05264
6.30912
8.07016
0.587629
1.39815
13.5679
4.85507
4.47247
10.1275
5.37629
26.257
0.372821
0.0761156
1.34367
14.5354
5.94291
5.24384
1.69267
0.0126169
0
8.64955
26.7304
5.93204
10.8032
0
8.86614
14.8607
5.69793
4.14602e-08
10.3821
2.84053
0.472857
6.60733
0.0966062
0.000727334
5.02831
0
0
1.48925
5.55224
3.65942e-06
0.408714
1.00646
9.97298
9.64412
0.0190144
0.0141636
17.7525
0
21.4622
0.00921815
6.12226
0
0.810518
0
0.0439825
6.26738
0.784026
0.495221
14.7615
3.40167
5.53833
2.12555
2.29744e-05
13.7003
7.08443
2.06824
1.75662
0.877993
4.85211
1.02463
11.3432
9.38869
4.4961
13.1849
2.06051
15.7461
6.35719
7.18455
6.16403
4.07155
7.46899
1.88475
1.34665
4.60184
0.0867236
5.2648
5.05239
3.72152
11.3043
8.81786e-06
11.1221
1.93132
1.03756
0.105787
0.479441
1.48928
13.4723
0.931885
2.29435
6.62146
1.32457
0.396356
0.850641
2.75591
19.5802
0
11.5273
8.43069
5.00102
0.00238916
1.59248
0.254931
10.2094
0.00635594
13.5568
12.1027
0
0
62.5041
0
2.00342e-06
12.5441
8.11383
5.31405
0.00169645
8.63229
15.3395
1.23337
1.70568
4.71212
17.2769
0
0
9.5852
0.200548
0.894739
0.622734
5.3665
3.24096
8.19921
14.768
0.505079
0.145148
0.380821
3.46314e-06
20.7138
20.6861
0.914991
4.81773
9.11226
12.225
14.6991
0
0.00471907
1.50824
0.534193
4.66541
1.63962
3.4204
0
0.000174036
19.3593
0
13.2614
1.38346
1.24656
0.727453
2.10289
0.00827106
0
5.55692
18.1873
2.60012
17.3763
17.1762
1.11169e-07
0.307606
0.0490958
1.74273
4.91809
3.31
1.09
0.0488262
0
1.01143
4.00733
0.951033
0
2.03501
0.663842
2.36649
6.47887
0.59343
0.933294
0.00549439
18.9768
15.4929
4.07551
1.51341
1.48578
0.000517733
0.917139
5.19094
0.0293001
0.000166482
9.55475
1.99795
0.195927
0.0135749
13.8891
6.38035
0.157481
4.61537
0
0.681743
5.67613e-05
0
1.00003
30.2596
0
31.9816
0.185147
2.69739
0.838262
19.2492
17.5038
3.20036
14.0258
4.2676
3.3775
33.2177
7.34236
0.11097
0
0
7.77129
16.1988
11.3394
14.1626
0.082694
1.3437
0.0892004
11.8352
17.0581
9.25328
17.7723
6.12211
13.9938
1.30803
11.8095
17.712
16.1582
1.95575
6.33782
6.02096
8.04877
0.823129
0
22.3498
5.42734
0.490159
2.85743
1.60128
1.42027e-05
21.7873
5.53232
9.08696
0.00117902
2.45238
5.47363
4.53905
6.85734
14.0446
5.80223
21.917
9.27749
7.25641
0.170195
0
0.0258125
13.0367
6.15154
8.67307
13.102
14.5049
5.25476
4.15449
11.7007
18.9443
68.3071
73.5321
19.9495
10.2154
7.6498
0.931632
0.402418
0.001329
2.01168e-05
2.44765
3.28778
1.61898e-06
1.43375
6.2002
0.0443666
0.959952
5.7132
12.1216
12.8838
13.0817
5.19511
14.1225
2.19182
0.34736
1.76963
2.09954
15.3339
7.26148
0.641031
6.62852
3.52868
7.47293
10.3489
12.5128
12.4326
0.104104
0.609076
0.0274392
17.6795
4.40092
1.0861
0.915611
1.77629
0.719938
0
0.0471484
0.000238783
0.00482083
15.2052
0.485805
13.2229
0.00136451
16.5874
8.41373
0.963329
0.188379
0.142657
7.66278
4.3349
17.1173
12.3655
1.11933
2.82727
13.4764
21.7616
3.08073
0
9.02502
11.1683
8.6006
0.00733334
11.4914
3.54362
2.52007
3.6762
5.07651e-05
0.0563557
3.16112
0.964707
0
0.303086
0
8.26391e-06
8.87563
0
2.25297
7.77563
2.84982
0.982869
7.06373
6.9806
1.41698
0
17.7257
0.744225
3.40146
4.77579
0.162807
6.44247
3.89964
5.55014
0.926272
1.12419
0.36201
19.4606
11.155
1.39202
14.2911
0
5.62331
22.7722
21.4806
1.02001
5.82273
2.94616
30.5597
6.63914
1.18924
0.243426
0.00200556
4.18674
0.000343205
5.84927
0.00606933
0
0.121536
0.471267
5.48125
0.000103893
2.5365e-05
0.700534
2.70838
0
4.53403
7.85936
0.209452
4.73858
1.70308
4.80453
8.92845
7.67489
0.786406
0
0.486128
0
0
0
0
1.27607
18.1579
5.88643
3.79802
5.65606
2.35754
1.01004
6.75564
7.01717
2.5749e-05
8.6412
17.1849
28.6419
15.9731
26.0064
24.5655
21.7522
0
11.3925
18.1614
15.9896
19.8136
20.5721
3.39897
15.2477
10.4854
0.00036061
12.3611
0
0.303871
11.9374
0.130496
0.624172
0.000296289
0.62346
1.07301e-05
0.00150879
0.00100645
0.601622
3.45592
2.06978
1.14107
0.469466
0.25239
0.00704369
0.538504
0.897515
0.00131353
0.0632088
0.0168238
13.4599
2.19275
36.6157
14.6635
0.0485579
3.61739e-05
14.2305
6.60096
0.476317
0
7.27263
2.21918
3.30693
11.295
0.0752098
1.10329
0.88539
4.94214
5.44139
5.18121
0.0190364
1.84941
1.6327
0
0.072929
4.56017
13.9122
10.8502
0
4.43407
1.91177
0.952067
1.70175e-06
0
8.09553
0.000671481
0.132821
0.276197
8.54773
19.9545
4.17651
4.45591
27.5806
1.66664
17.888
16.3267
2.73431
11.0814
0.171958
3.62231
1.90417e-07
4.383
11.0361
1.91392
0.371251
0.129767
1.94412
2.12416
1.43558e-05
0.000103516
1.20392
0.889291
0
1.13829
0
5.7767
14.5711
0.446651
20.758
0.0750937
8.59623
2.01503
1.59749
1.90066
0
0.458474
2.90056
10.6951
9.55947
3.77376
25.6731
10.4111
2.9595
0.0280971
9.63532
20.4593
0
5.06572
0
2.26926
0.00223133
10.3103
8.10568
0.116054
1.90369
0.0171186
0.18247
2.82429
4.37382
6.98008
5.20782
3.52929
0.0139897
0.018606
0.0173762
0
2.29528
4.469
0.000491319
0
0.396332
1.0447
11.3899
1.47027
1.43898
1.67113
4.542
5.8656
0
14.6407
0.0044897
11.3655
1.20935
2.47734
25.5235
24.4139
1.52358
0.96976
16.7442
33.1803
4.80094
10.9775
1.75721
27.9301
10.71
3.72457
0.717785
3.6992
4.3896
6.7673
7.70538
6.82337
6.19844
4.28424
6.05193
5.51408
11.3036
0.908645
0.000326292
0.000271783
0.000124305
0.353509
2.05785
0.0589578
2.89672
1.42987
28.2413
0
0.0289855
3.08671
0.928641
1.0715
11.0135
0.702624
2.99878
13.4532
11.3767
1.85509
15.6985
5.96382
0.237923
1.06922
16.1813
17.3441
20.196
3.77695
0
0.77392
8.83711
4.84371
0.747498
2.1633
7.8314
0.446715
0.00214896
1.02398
0.177877
0
0.149206
0.00476489
5.59984
1.8368
4.90729
0.259003
99.2623
0.102486
0.375918
1.10884
3.68314
1.37696
6.98747
7.36779
0.143482
3.72459
31.6893
1.83495
3.97264e-08
69.3798
2.46972
0.0715825
2.65441
0.08507
4.19279e-05
0.0138053
2.01241e-06
0.933807
3.03144
0.153501
1.17429
0.000166121
0.0330801
0.877078
9.6773
0.184943
1.15796
3.67884e-06
0.610434
1.15615
1.84708
0
21.8031
0
17.9978
0.555298
0.315914
12.7657
1.1939
1.06345
5.49026
5.69843
0.00020977
2.33266e-06
15.8745
2.03644
2.86044
9.73241
1.46389
1.27432
0.022302
0.0197463
0.185268
2.96724
0.000328101
0.969121
0.545226
0.810271
0.629299
19.3471
5.47142
0.881687
1.62543
2.72924
0.00316904
2.56302e-06
0.0200392
3.40483
0.257149
0.21885
1.3052
0.747398
0.429365
1.09901
0.938006
1.92934
0.204303
1.27832
2.08179
1.13374
0.964974
0
0
0
0.00773579
0.251452
0.154749
0
0.0148012
0
0.982479
14.284
0.0320079
1.09197
5.81939
1.6917
1.51525e-06
23.2715
0.0363855
7.59973
0
1.18766
0.090443
0
0.214884
1.27087
0
0
1.01932
1.68499
1.84153
0.39168
8.51206
0
0.0640711
7.44482
1.62688
1.03323
12.8405
0
0.00256368
0.0309775
3.33253e-07
5.46981
0.518651
3.91609e-05
0.525437
1.24855
0
0.768613
3.60535
0.0441436
1.29601
0.133103
1.22218
0
0.0270091
0.742518
0.268494
1.23702
0
4.63542
0.968196
18.8428
0.722916
2.0139
0
0.0372559
0.000172224
0.0142282
0
0
0
14.2098
2.94962e-05
14.0577
5.89755
7.16074
45.2468
0.75848
17.4209
0.755413
9.67449
0.69037
0
5.18955
0.0166035
16.0794
0.819239
0.767962
0.401975
0
0.845427
15.7536
5.11308
0.0231092
0.840549
8.06591
0.551348
2.01704
2.66016
1.7891
16.2459
7.30995
21.3189
1.82534
2.0431
8.22805
0
16.105
14.0016
25.8439
15.8348
6.8336
8.70846
13.4229
10.3538
32.4552
14.187
18.0894
5.70933
5.23841
2.4198
7.21175
4.84962
0.0348619
0.00342151
0.00363144
1.83432e-05
4.15706
8.82408
5.29482
0
1.64549
0.0902861
0.0316759
1.36662
6.93312
3.59333
7.15802
4.5742
2.8598
2.82004
3.38383
1.55233
4.99925
0.7361
0.0148331
2.38434
6.05656
1.69013
1.07503
0.399574
0.0103784
4.32795
0.0061088
1.31848
0
0.925583
0.0484014
0.775908
0.926153
0
0.00308004
0.189405
3.21254
3.93767e-07
0.217852
0.260304
1.56583
0.672559
0
7.50607e-05
0.0418117
0
4.7951e-05
0.00217885
2.04064
2.81036
0.735606
0.738962
0.000180846
1.93629
0.000486822
0.109571
0
0
0.426213
13.8811
0.968755
5.27411
0
0.353013
0.991899
6.66088
0.050892
0
0.186288
0
0.00817882
6.25458
0.858022
0.0086028
1.60173
0.749719
0.0210563
6.12048
0.049746
9.02923
0.0269062
0.711661
0.139499
5.75847
21.2818
2.08334
20.4364
13.4522
11.5084
9.93385
32.9688
25.2594
26.6639
32.8465
21.7396
25.2427
7.395
0.0596171
0.00100916
18.0855
9.99642
18.5634
22.3279
18.0556
29.991
6.43414
20.9049
19.0138
25.8599
3.59588
12.2902
18.1502
21.7527
9.30762
13.0063
0.546497
18.5186
0.0837004
9.13983
21.9588
20.4226
18.9571
6.75306
14.377
13.7545
14.9113
0.108318
9.21561
15.2697
5.14943
8.20402
34.4008
33.5402
21.3533
26.932
17.107
24.4681
6.98202
13.7472
0
14.9249
11.5683
8.49714
1.99205e-07
10.987
7.38353
1.72626
0.905727
2.82157
0
3.46742
2.50227
5.93499
0.476121
8.70034
3.6481e-05
0
0.660745
0
0.434882
0.815459
4.36987
1.90122
0.0106202
0.960309
8.88265
0
0.0105205
0.465776
0.829373
1.3792
0.214902
0.00242886
0.024958
2.93261
0
3.08643
3.31373
3.9433
1.08745
2.02339
0.851262
5.61555
8.50249
41.5
7.85815
7.1569
17.5428
5.04109
13.6758
14.5074
18.8535
18.244
19.0446
18.806
1.53754e-07
7.35459
5.9634
6.79708
0
15.8707
0
1.19162
8.07244
2.33018
8.66614
3.84171
9.25241
1.70988
11.281
0
0
6.32339
3.23488
2.27858
0.00312286
3.51068
0.0174948
0.373615
1.37237
0.0523083
0
0.525416
5.8977
0.937963
0.0415013
8.12705e-06
0
0
0.457714
0.0057803
0.761788
17.8493
0.478891
0.225023
0.955666
0.000112644
8.59608
9.18455
1.75535
0.971436
9.57735
14.889
0.884153
2.8555
0.105928
2.29709
0
0.893894
10.3291
0.894317
0.974668
9.92538
1.83829
26.2359
2.74993
1.25955
1.43854
0
0
27.5014
1.12754
0.786681
4.75575
13.3532
0.0529401
6.77692
3.71795
3.82468
5.4871
10.7998
13.141
2.19015
5.7058
2.04496
0.277297
0.273363
19.8683
0.547182
0
9.15019
1.11935
8.68232
0.58597
13.2612
4.13749
3.67652
3.19042
20.7408
1.01216
3.14375
3.44051
5.46631
10.6444
2.8702
3.47412
11.917
2.21277
0.141226
1.50599
1.00387
0.479311
0.0306247
7.50452
9.1518
21.9419
22.2662
0.188603
27.5824
18.4126
3.98434
10.7019
4.07478
43.9031
4.813
2.70643
4.32472
32.839
25.1195
7.89847
23.1934
7.15941
1.35787
2.90574e-07
1.06678
0.0702621
1.1671
0.547802
0.252182
4.48217e-06
6.50898
13.2205
16.0423
1.39196
4.33379
0
0
0.0149884
0.0134416
0.0431476
2.39027e-05
3.52647e-06
0
0.64078
0.0215834
1.76758
8.73012
0.228442
10.6028
4.112
5.13461
0.0261535
0
18.335
1.13189
0
10.0334
5.75383
7.1692
0.0583227
6.7515
6.51223
0.00290286
2.85678
11.9293
4.54927e-06
0
2.62547
0.176461
6.10973e-07
0.192058
21.1478
0.0125243
17.8214
7.65563
27.1349
0
6.34266e-06
0
0.0210078
0
10.5569
6.324
13.5277
0
8.23462
13.1937
9.76739
4.46897
1.7168
2.45122
7.09048
0.00938771
0.167179
0.631311
0.8998
0.0130988
1.64503
0.00355549
0.0859911
0.400323
0.342358
0.616875
0.0140964
0.124371
0.0978978
0
0
0.0796032
0.000401792
0
0.420071
4.95815
0.285588
0.50867
0.0264348
0.989328
2.28231
6.21443
7.23579
0
1.92615
0.513389
0
0
0.0792824
0.0234725
2.52307
0.730639
12.3484
1.21839
3.84379
1.43987
3.2078
2.22737
3.09574
8.61658
4.15797
0.886525
9.20115
7.60697
8.89455
5.61263
6.59898
12.7932
10.7179
17.5614
8.37402
3.3799
12.4632
19.0744
7.03265
12.0523
4.44324
8.88806
8.12661
8.05015
8.20934
5.36945
3.74577
13.6587
7.88263
9.58233
3.67295
2.45815
3.05147
5.83118
2.17215e-06
0.623433
0
7.62372e-07
0.702608
35.1055
14.0426
0.034898
2.5689
1.03646
1.6875
0.00585312
0.000455214
5.06438
0.000202774
13.7426
6.40668
0.967578
0.156822
11.6137
11.0727
0.967036
17.9175
14.8302
14.2424
9.86534
1.62116
6.09929
0
16.1486
9.66077
9.51393
12.4971
7.18509
5.6273
5.41746
1.38747
1.75231
6.99891
33.1065
6.4484
1.85874
3.62661
0.246967
5.4157
14.2861
5.87758
20.3002
11.2592
15.5674
23.0521
27.7676
20.9949
28.1599
26.339
8.20339
17.9205
9.24297
8.60407
14.3411
13.1755
7.47456
0
0
0.00827472
0.784297
3.19037
7.14829
9.45538
7.71755
7.88803
7.17367
5.70916
6.04158
13.7499
2.06824
7.33829
6.06644
2.38426
1.72916
0.132217
0.359681
10.8498
1.30273
39.8936
2.42346
0.649043
6.60091
8.21419
5.91796
1.21669
9.26634
3.56162
6.73603
10.9104
9.30608
9.58257
4.81137
4.1658
13.6383
20.9602
23.5796
23.77
12.2356
6.04718
0
1.74046
0.176012
5.30703
8.27273
8.63805
11.0283
0
13.1214
21.5684
12.2344
7.33123
7.67331
15.8278
34.9889
25.0502
0
0
6.56557e-06
40.0832
27.4336
29.2172
1.69193
51.0645
0.450155
6.21431
0.767538
0.418904
0.381494
4.34315
9.08052
0.148169
7.37359
51.3019
28.9598
17.8675
5.08403
0
23.1143
6.49036
33.4708
8.34678
0.826645
23.911
15.9285
22.4548
25.5691
8.22713
18.1137
17.5543
15.8601
5.33937
18.8345
25.655
22.975
4.49604
20.3861
5.83329
7.19656
13.7418
23.8349
15.6718
19.0101
13.707
10.4568
11.1634
9.69307
4.71164
0
9.12918
0
1.67017
8.04033
15.9005
5.05037
4.28889
5.19881
11.0119
5.46707
6.88016
7.30659
8.85545
18.6995
4.94909
17.3161
8.32514
6.01836
4.07073
7.89228
8.22999
5.91015
8.92941
8.74923
1.33704
9.55513
3.3559
13.4983
4.18542
13.5048
3.59751e-06
1.48848
2.46615
7.18497
6.90418
12.6135
0.0617699
3.88117
16.336
0.778376
2.11987
3.78387
5.80602
4.76026
10.0646
3.832
1.76365
0.328225
14.392
1.78815
1.32938
4.33666
2.01282
3.89021
2.17354
1.58898
2.68163
1.43439
0.5328
0.000246911
2.76744
1.11644
0.296276
13.6283
0.211559
0.0349458
0.981523
0.0048131
0.0361525
4.44178e-06
0.0366699
0.738775
1.7896
1.46087
0.740229
0.147816
0.00318125
0.109981
1.08523
5.54923
0.000661209
0.522452
2.41726
0.134149
8.00292
0.821807
0.411189
0.0874768
0.0415626
0.000437831
0
11.6291
0
7.85911
0.29194
7.88238
1.60803
15.0447
1.23318
2.0605
12.4075
0.945692
11.671
13.6497
18.8714
0.260304
4.99068
0.0210921
0.234838
1.68115
0.150144
11.1005
18.9818
3.32288
0.147016
18.2872
0.414567
0.862332
1.58365
0.0304556
0.953485
0
0.425271
0.211652
1.15435
6.999
3.60965
0.23443
6.46283
6.37258
0.000157283
2.81892
15.8191
0.843708
12.312
0.0124803
9.09782
22.4654
14.078
2.10067
0
0.199276
0
4.04085
13.6946
0
0.549788
0.000210693
2.28858
4.50544e-09
0.0167232
1.60099
0.0100445
0
0.969639
3.32694
0.762288
1.16141
2.97275e-05
0.700378
0.0503601
2.51942
0.633224
0.707944
1.55445e-05
0
2.73733
0
0.133693
0
0
2.33692e-05
0
3.35387
2.28979
5.52648
12.924
11.359
27.4014
6.72133
2.52965
0.0387715
0.00636605
0.794011
0.169082
4.91901
2.65626
4.58709
8.57194e-05
0.000842988
6.84334
18.4522
28.285
12.5526
14.8985
1.19047
10.2593
5.96715
3.07467
9.08502
11.7274
2.49772
10.4182
3.84837
1.15264
11.9126
9.58207
8.97807
18.8675
1.16474
12.1536
3.06083
19.8218
0.122357
47.3881
60.703
0.563497
0.441667
0.16482
0.00279467
0.442363
0.86617
0
1.12552
0.00634013
0
1.50256
5.78436
0.0077282
1.66025
1.62652
6.92596
1.70756
2.83204
10.5948
6.90587
5.30641
4.33415
1.897e-05
7.21646
13.5581
6.77024
5.15278
12.7606
7.68512
12.1632
0
8.2065
0.172195
11.5796
10.0899
4.15156
0.192115
1.17854
6.30437
7.33637
30.9867
2.72382
7.62265
3.79213
3.12683
5.54005
4.93463
3.7128
0.681782
0.744858
8.25658e-06
6.48283
16.8438
5.00995
3.13243
9.84642
0.0757959
4.92008
1.78183
0.921747
7.32007
0.17023
14.1434
2.83258
7.62153
12.0412
7.79815
18.1267
4.96876
10.4429
5.24035
3.35858
0
1.83439e-05
5.4687
0.719962
5.00871
3.13339
6.24169
7.57484
7.27856
12.3075
18.5785
22.7529
13.0846
7.00487
0
0
0.537048
8.70814
0.0252959
5.96016
2.78421
0.567381
0.000839722
0.856579
0
0
0.709385
3.88949
2.58017
1.86021
1.92482
1.07969
11.9075
5.12783
1.96058
4.31649
13.2186
2.15925
5.15846
1.21591
5.12265
1.41307
13.1667
0.0969586
0.00516039
5.8264
0.055629
0.00397222
1.27448e-07
0.00707788
0
0.650428
1.23807
0.0450242
1.39615
0.106861
0.464641
0.069677
0
2.43968
0.022848
0
0.687075
2.92624
5.8826
1.27928
2.46296e-05
1.27944
7.33539
0
0
0
1.07478
6.59333
0.0648968
2.9829
22.4005
15.6353
19.1324
26.7011
17.9317
23.7352
8.01486
14.8542
6.40402
0.712439
6.29111
2.27442
0.0365611
0
19.7241
1.43207e-05
14.4686
10.6993
7.28198
2.18499
5.18161
11.0511
0.0579027
25.0091
11.4004
14.9929
17.9397
1.77124
12.7806
0
10.4567
8.24592
7.56551
5.2321
3.86872
2.29443
0.481809
0.00386274
3.74155
0.0545502
5.76938
9.28858
3.49662
0.000322043
24.7574
21.0261
6.23696
3.25945
11.5514
13.6157
24.8275
6.43177
18.3388
0.966158
24.5778
8.11665
15.5589
6.49372
7.19433
2.87012e-06
5.67574
5.56527
12.1123
9.74061
10.3475
14.1645
7.21356
1.76543
20.7147
11.0901
6.83175
15.6635
17.3582
6.78434
17.8842
25.9877
9.0885
9.58332
4.88193
0
8.73266
12.3337
8.61166
3.99398
17.5846
0.520388
18.5496
46.823
0.637957
0
0
23.2685
13.2075
32.59
21.2721
2.2471
25.1677
16.8261
2.16468
17.7055
30.4511
10.7372
2.68383
14.6469
16.4982
13.4051
15.4251
34.106
5.50573
19.3372
11.1716
34.5624
28
0.375602
32.7966
13.0651
9.67106
1.6706
12.029
16.3621
42.6743
23.7625
0.000957025
30.0327
19.3182
12.1608
0
7.2174
8.30255
13.2151
6.27683
7.03211
13.9262
20.9732
1.81543
0
7.32895
1.02359
8.68744
0.302819
5.89608
16.5927
26.9369
10.4003
17.5829
2.94226e-05
15.9343
0
9.92461
23.6954
23.6883
12.3479
9.65264
25.5093
30.2376
24.884
16.6006
11.4524
15.6037
12.7003
0.411851
13.314
6.84031
10.9397
0.704354
15.6659
7.76315
11.6616
15.2411
5.58848
18.238
21.7887
1.07196
6.45061
9.46619
8.25895
5.14166
9.30444
0.904911
3.51308
12.2072
7.59802
0.237097
4.14304
0.0357897
2.14747
1.5972
15.3298
0.66451
9.45279
12.5874
6.44047
20.0047
7.06643
1.33129
22.3123
0
0.395476
2.8001
4.16947
0.0221137
1.94982
13.9917
5.80389
4.61651
4.14479
6.10076
21.3516
12.3637
9.41562
6.73793
5.90511
13.5254
10.4476
15.7345
7.55319
7.50186
32.1502
0
6.84106
9.55521
38.2504
7.01261
2.05187
25.4168
0.206146
4.01647
4.58856
10.162
33.9195
6.65654
24.5684
11.2663
9.81602
9.79251
6.1604
9.47162
9.004
18.8368
4.35126
1.03952
8.10186
17.3391
4.79355
19.8262
0.953197
1.06808
16.2997
0.657521
25.731
9.69898
0.158209
9.94786
1.01103
13.892
5.60177
7.35526
0
2.174
4.82111
4.37189
13.9219
6.65583
3.37409
4.59989
0.892014
1.60089
15.8051
4.76315
9.92433
4.67385
1.07639
7.87525
2.68986
13.373
1.8814
1.93373
7.07378
6.18889
8.83335
22.4753
11.3089
8.02858
0
3.79812
0.00344485
12.3206
1.14825
1.78627
24.8134
0.0658191
0.0632504
45.6483
0.295268
23.339
3.00141
12.0985
2.66779
2.42864
16.1059
0.880037
0.0564694
0.437616
0.344413
0.512383
21.1036
2.86882
3.60156
8.73598
14.2838
10.8179
11.2152
1.74896
2.46714
4.44634
11.0489
16.0386
0.0442169
35.2224
26.6404
0.85185
10.791
0.235707
9.38208
8.00861
0.832812
8.18188
7.09787
5.74259
8.0736
1.39888
1.24288
0.0495592
1.95946
0.165631
8.0789
11.6227
8.89122
0
1.45736
5.84615
8.53429
10.6823
6.47114
8.06371
6.60425
8.76585
4.70645
7.25263
6.05118
0.0508868
7.0842
3.59761
6.44313
6.1765
0.663231
1.91678
3.0199
17.1678
6.21549
5.25769
5.26088
148.722
5.17017
10.1323
7.32803
143.787
5.91294
1.05855
3.70641
4.37552
5.1245
5.71538
2.68203
3.74941
1.00625
4.28058
4.05845
1.90096
2.02368
56.5528
7.28565
21.6133
0.184669
0.00235523
16.8356
26.0183
0.83163
0.000465031
0.0200481
0
2.16105
0.567133
0.130526
0.0301618
1.29629
2.39204
0.978691
0.0313507
7.99338
0.119538
4.5015
10.4405
8.16515e-05
0
13.9578
2.2067
11.4799
0
4.20467
3.26406
0.0607995
0
0
0.690094
0
0.765439
11.971
2.5878
0
0
0.732043
0
0
0
0.882758
10.8063
22.7963
13.726
2.93245
4.53007
0.795347
13.1228
5.14001
12.1233
8.55428
7.76391
6.95285
16.4673
5.84838
3.59982
14.8173
11.9055
10.5102
2.36154
2.09632
18.6881
13.5163
31.8655
15.3771
16.3251
0.954073
8.33385
0
0.645513
12.0102
6.54053
5.34991
4.88481
2.4122
3.41783
6.34334
0.194469
2.3175
5.10758
3.96902
14.9482
10.0068
23.713
13.6746
2.88849
3.46619
4.49592
0.638282
8.24059
10.2625
8.80489
14.9348
1.13632
6.83319
2.59758
3.54583
0
0
0.25751
1.6278
3.92247
0.0844696
2.27422
17.7366
24.1018
13.1343
2.0463
5.74529
20.4526
39.2523
12.9654
14.82
1.47064
6.42464e-09
4.84233
6.01917
1.95264
3.64342
20.9123
5.90845
7.20365
16.6306
0.0937798
1.15727e-05
0.659273
15.7855
6.2832
1.58917
1.19007
2.81135
20.3593
0.962829
0.447266
3.63624
0.482728
0.489574
1.31101
6.46269
10.4688
2.04635
0
6.34432
6.14775
0
0
0.926532
0
0
0.285295
9.92858
1.27817
1.66841
3.74602e-05
0.0813309
0.0427363
21.7622
0.0644972
23.9728
19.0236
4.60002e-06
26.702
2.96225
3.12416
6.41398
5.29822
3.52944
0.0138482
0.779278
0.21674
0.819592
2.06676e-07
0.101736
0.0436765
0.0245315
2.32267
3.75945
7.7557
6.26469
0.166565
3.94135
1.11714
13.3476
1.30069
1.79373
4.63145
3.73004
4.76125
9.70869
14.918
3.02086
9.83616
18.6343
6.51013
4.30904
2.72282
1.18958
15.2676
7.78268
2.83713
13.4131
9.62714
9.8326
0.554673
8.879
14.5778
0
0
0.05348
0.785715
2.18505e-07
0.250011
0.223024
0.03383
1.45865
3.32631
2.80544
9.98598
0.0893109
1.3871
0.828299
4.31521
0.0118237
20.0495
18.6486
13.5597
20.0905
20.7021
17.2292
11.8769
1.68957
0.161053
6.97355
8.05833
3.11574
12.6075
4.109
2.72254
1.74951
13.8525
0.564779
18.6676
7.29473
6.74128
6.98281
12.4737
4.05944
6.80091
0
2.50736
0.124152
3.53933
1.37758
0.5698
9.39484
8.12523
0.304326
21.1705
6.47419
13.8086
11.1162
0.29959
7.82841
15.074
10.1847
11.8728
13.0671
28.2744
3.4911
5.26112
7.79681
4.23531
1.63022
1.4852
19.2681
0.175384
1.25335
0.905684
2.21418
3.84043
1.42757
2.5244
1.89632
1.13874
0.685198
2.0871
0.141351
1.03576
1.32501
0.585111
0.0682286
0.829008
0.0185353
1.55973e-07
0.0740566
0.903818
1.35528
1.32955
0.630206
0.0784812
0.0285998
0.223681
1.51729
3.12764e-05
0.464474
2.77246
33.1884
1.12689
13.3543
5.06989
1.69081
3.81466
11.5367
0
0.408544
0
11.0547
0
3.63269
9.01917
19.7569
0.415807
5.84834
7.17025
13.2003
18.3581
6.74717
12.7735
20.171
3.21296
17.4265
41.0511
0.0717217
1.11301
15.0629
0.268097
0.336513
6.64327
0.0726061
3.97813
0.97518
2.95874
1.30002
0
0
0
6.78536
0.199617
0.294415
0.000597086
4.07302e-06
15.8537
11.3218
9.05317
9.64715
0.166752
18.279
12.6137
3.60991
19.3117
20.3323
16.9311
2.09494
0
0
9.9591
1.01117
0.0627787
0.867937
0.999429
1.42033
1.10221
11.2448
0.651776
4.50215
21.3338
5.14034
0.48283
0.355446
0.0243815
7.20876
12.7716
0
0
0
0.104499
0.879562
0
25.4782
0.24244
0.75662
3.76529
0.00400672
2.32651
0.874105
0.0960313
0.1745
0.456164
15.613
11.6338
7.66909e-06
1.86736
0.0136878
5.49781e-08
7.21397
4.16462e-08
2.23822e-06
0.000117926
1.82699
0.000192396
0.0662857
0.849671
0.0366991
0.00316145
2.24017
0.011984
0.25602
0.108473
0.477839
7.05813
0
0
5.48874
1.92517e-07
1.13795e-05
0.138715
0
0
0.971726
0.0687937
0.884794
0.000387881
6.89657e-07
0
0
0.000624717
21.5859
0.00187207
2.22656
0.288868
0
0.551869
0.367548
8.61107
0
0.811199
0
0.00897676
0.609878
15.9395
5.81155
1.07163
4.07822
0.0673009
2.36568
2.54921
8.50662
1.64666
1.26813
5.76564
2.78077
8.17446
1.57749
2.34976e-05
0.751124
1.92458
0.104693
0.000960164
1.80782
5.61858e-06
0.0410382
3.5182
6.55192
2.71591
10.56
0
15.1717
2.59022
2.4741
7.15477
0.136333
7.98337
15.088
4.11175
1.09212
5.78413
9.94896
0.000476792
2.04733
0.198096
0.322607
40.746
5.80299
3.1309e-07
5.03179
0.192153
0.0912493
0.0243327
4.56319
0
1.35602
7.82243
0
2.22548e-07
0.678303
0.912742
0.115641
0.0455531
0.993152
0.90521
0.0793348
1.2769
2.97801
1.64173
0.0128231
9.99531
16.3157
0.00110519
0
3.21948
0.064824
0.721212
17.8971
1.98761
2.04606
0.031915
3.59861
32.3067
15.0333
14.2489
0
7.97044
18.6366
4.8095
24.3563
0.947708
2.3644
22.3719
2.36943
23.218
3.93476
5.42244
11.7424
0.891278
0.00291374
0.922013
0.834797
18.4604
1.28108
1.45666
18.644
12.006
0.603332
9.2252
10.2859
2.79749
12.038
1.42577
9.94871
19.6726
0.165788
1.9909
18.9358
6.40589
0.880805
4.58348
21.4169
8.57125
13.4675
4.47494
11.9174
3.80339
10.8414
12.1904
0.000861271
17.6399
0.328598
3.5852
13.392
11.1095
10.8832
0.00390872
1.0406
0.297635
1.42803
1.11087
1.97327
0.460445
0.00303422
0
1.31341
4.68718
0.00614678
0.0213139
5.29702e-05
0.169633
2.15018
0
0.00836144
11.6099
7.47526
2.35551
0.0238658
0.557328
5.79705
0
4.27647
36.9343
1.11917
2.90448
12.0219
6.69541
0.000855597
5.7497
0.0244669
0.379678
39.0558
0.000437662
1.64276
16.6784
1.65175
1.00503
33.3573
4.36005
0.905137
0
6.12683
14.7874
0.844263
0.901925
16.3976
1.26733
3.14205
10.9176
27.5045
15.3405
10.34
4.17919
8.73944
7.7659
25.7652
18.9214
24.2946
25.3107
8.96385
8.72596
0.940331
3.84954
0.654139
2.95456
7.87269
0.831385
6.0708
12.5599
21.5589
2.86725
0.696431
0.282782
0.705921
1.6448
1.7685
0.962252
0
1.03797
0.979288
0.329389
0.974999
0.0283962
45.4878
29.0866
0.755099
9.27939
16.2704
13.9486
5.82172
7.25614
13.289
1.62291
7.41896
0.962279
2.33939
4.43478
4.53146
12.3323
4.15378
17.171
2.72
23.3157
22.3163
23.6106
30.435
20.1307
17.7417
16.4973
12.8735
0.0716309
0.212661
0.00124325
0.000488386
0.409467
0.174225
0.00177516
17.5338
1.25246e-05
0.140384
7.45087
10.2344
29.4181
14.5416
11.8409
13.2432
0
0
0.00973774
0
0.344871
5.70042
0.163538
0.83256
0
8.61445
10.2339
8.82407
4.08057
8.36775
1.87632
0.0380415
3.59132e-05
2.622
1.80802
1.09025
2.7581
1.93932
1.71311
0.016503
1.515
15.5614
0.151446
1.33449
3.02579
8.68925
2.07312
4.74698
6.69467
2.73941
3.27419
1.84047
0.953038
0.0128892
2.0312
7.61326
0.000351287
1.73393
0.751291
21.0603
1.33666
0.0232452
5.66064
0.0178787
17.5087
0
1.52479e-06
13.1866
