16.5539
10.7456
11.7971
9.00454e-05
1.43904
19.9495
1.35425e-05
11.8271
1.11524
26.3744
39.9453
0.810577
0
4.02599
16.1208
1.16073e-07
2.23131
32.5867
28.6871
7.29731
18.0961
0
2.17366e-06
3.20758e-05
3.48472
4.00488
13.0184
3.40511
38.8463
0.480562
0.00292919
6.91644
0.507804
0.429227
2.18949
0.085268
3.3198
16.4421
14.8809
19.334
17.7447
35.7721
4.49322
23.4059
2.68616
10.0277
3.48558
0
1.05629
5.16626e-08
1.5402
0.805349
18.5269
0.947178
2.18638
2.92487
23.0735
4.09695
0.289056
0.437814
16.3565
0.00553253
11.9177
11.3769
10.8113
0
9.80919
5.52623
10.5713
3.32854
13.1079
0
0
0
2.09788
3.06466
22.2841
2.58253
0.00564936
0.141241
1.15569
2.1614
0.0143162
0
21.9548
9.06142
6.01796
3.94688
9.5201
10.6195
19.6244
12.6362
1.08384
9.08554
7.48735
8.30666
12.498
13.1403
3.81343
0.585504
9.28277
11.4648
11.1371
17.0894
11.6918
35.3797
5.66663
1.57316
0.659731
9.11352
5.88782
10.1494
4.83847
5.23094
6.32861
9.54339
6.41406
6.01447
4.37007
4.21091
6.58941
5.91955
5.14366
4.09833
0.931276
4.13693
6.5057
1.75994
0.00019462
0.236728
4.67416
1.17587
6.1622e-06
11.349
1.56182
6.12454
5.04107
0.880337
0.648612
5.75988
0.334162
0.184156
0.830574
4.66535
2.79543
0.00932587
0
0.0087369
25.5616
99.8064
1.8169
0.45922
0.0437416
0.686695
12.0006
8.21395
39.3601
11.4671
27.6753
2.63758
7.21665
24.8369
12.3414
13.1304
0.0108716
1.39047
11.7131
0.745113
0
0.633933
12.9326
3.52709
4.5212
0.0535752
0.159665
0.781967
0.0931644
0.313047
0.0651655
0.310384
0.0200674
21.2037
0.0077943
0.575509
18.6927
11.2031
30.037
6.69645
25.7416
38.9423
32.4906
22.3774
31.2528
40.0417
2.6845
0
10.7983
5.49485
23.8299
20.9548
53.3959
106.788
31.3456
45.4448
18.7212
6.88925
32.0009
8.49748
58.4751
22.2259
26.7228
37.8828
3.54292
40.5013
30.3823
33.6491
7.74001
37.4113
31.6692
15.0546
3.5155
4.79289
41.4498
2.06036
26.7049
19.1355
24.4337
21.2001
30.0588
7.56432
1.7345
6.88767
23.4245
1.63063
7.62607
5.24446
9.15984
5.30695
7.51273
11.9868
6.93613
3.02545
6.05459
1.32847
1.49852
2.33248
1.34101
7.94342e-05
1.25544
3.37625e-07
1.41023
8.95295
0.00356203
0.542377
0.131941
0.944404
0.905876
0.789692
0.0216001
0.0833735
0.866494
0.000121799
0.00015088
0.00209617
0.0660194
0.00488687
0
0
0
0
2.18051
0.206667
21.1768
0.0210283
0.125823
1.29543
0.979999
0.00507395
8.43329
1.00377
15.495
0.974025
0.0883356
0.0135884
0.628014
0.588322
2.95967
1.78847
0.804353
13.3638
0.00904854
0.00825345
4.01581
0.114234
0.0821466
0.00453555
2.20699
29.1165
6.29275
7.29778
19.9008
2.48996
14.2395
19.0634
2.7651
39.1903
18.5284
11.2754
1.06226
0.352564
1.78071
1.29599
5.65607
7.22327
32.6757
40.0722
53.0783
17.6533
14.7804
9.30303
0.383024
9.637
2.41504
1.80856
16.0153
17.4781
3.11426
0.578403
0.0836593
2.10199
0.826875
11.8299
0.31401
3.9382
9.77492
13.3049
16.5301
11.0418
11.7938
0.238648
51.5803
4.45124
15.2603
0.865594
0.218871
0.263094
0.00421949
3.23534
4.04546
3.09494
0.252657
2.35773e-08
28.4629
14.1973
0.000360531
1.2627
12.0109
6.7513
0.181349
1.72058
3.16759
7.38602
0.027648
3.94657
0
0.009325
1.33669
5.77846e-05
3.09047
1.32152
4.00631
0.922205
24.0461
3.76529
4.23491
10.1145
0.000644466
25.9133
38.5861
37.8276
36.0432
10.969
1.49368
14.6686
24.4654
10.4313
4.21384
18.816
3.50692
13.782
11.5418
7.16045
7.59973
8.13586
11.7506
36.8437
21.994
22.6854
16.8475
41.8262
21.6805
40.5692
24.306
28.1179
33.2872
15.6058
12.7683
14.1592
15.9585
7.15338
22.2114
11.9265
5.95854
16.9444
5.64532
5.59763
80.6025
22.7969
19.0469
4.44429
0.961802
6.17438
12.2843
12.8511
19.5757
36.7517
20.2154
8.13813
36.6796
27.0048
13.7002
9.78524
23.2232
42.5083
19.9217
13.5982
35.4093
1.30255
0.302353
7.02747
13.2555
18.3591
32.3335
23.7646
37.3168
0.185192
3.00096
0.0831149
5.54866
1.66151
7.04223
3.13066
46.3627
11.8971
34.1302
12.3248
39.9705
19.5666
24.0493
34.7385
3.23733
2.89452
0.90043
0.000492951
16.1471
3.95517
12.3863
8.22874
0.869684
5.51954
2.54697
3.91277
0.714474
1.09536
0.795761
1.56785
3.20868
9.35406
3.10958
9.89505
26.3637
9.0486
6.84395
21.9307
29.5416
11.1487
13.2619
2.92897
2.57184
9.6582
33.0126
19.1265
25.0208
2.76146
0.931085
18.3124
0.0451925
0.0124473
0.438831
0.0405236
30.3597
56.6599
21.2595
25.1716
43.9869
23.8453
16.1225
18.2488
0
11.5008
10.2206
7.28597
2.16738
13.6744
15.757
32.661
33.4572
9.36398
22.6549
11.5975
5.63826
22.0755
17.0868
0
0.0257914
26.9781
0.0730389
6.71644
0.823128
0.692955
1.04068
5.5985
0.0525439
6.27674
1.43846
11.6999
1.59187
1.44743
0.195206
26.8987
2.29122
0.350735
16.4453
9.77004
3.40377
5.43681
7.59611
6.29544
23.7375
11.4447
40.5427
25.8293
0
46.0555
0.000467336
31.6965
41.7644
38.8399
34.7996
25.0987
11.805
1.49503
0.63507
23.5569
0
0.00611677
12.7614
0.0753035
6.69044
9.21245
10.5017
28.4376
2.90511
4.02395
1.05566
1.18441
3.63046
27.0789
52.9231
7.59978
1.01506
4.22136
0.000415915
7.64874
10.2329
3.58435
11.3197
2.92366
16.6537
0.932756
0.550738
4.74657
8.53399
0.525286
5.4488
11.2398
43.697
3.4777
10.8449
34.6339
9.99446
13.5812
9.97156
3.68607
12.1449
24.6603
1.45738
0
1.66602
2.07463
8.10703e-07
0.908099
34.0024
13.6131
9.64397
1.01578
0.096453
2.60221
16.4833
0.494004
2.64951
0.527542
2.62685
6.78323
1.97324
0.31235
2.37539
3.97028
0.495451
0.00618165
3.60128
0.0332981
1.89342
1.81214
21.9617
0.0677655
23.3948
5.69289
5.74356
2.63158
14.9326
2.35977
11.3068
14.3575
1.05156e-05
0
0.178783
0.0915705
19.7951
64.6893
0.334457
29.0371
0.0597477
18.9709
29.3502
20.6165
29.9768
0.232178
1.20427
1.746
0
0
0
1.51614
0
14.213
25.909
28.731
11.5279
21.3404
2.10608
6.32605
13.2116
23.8996
25.9133
0.024972
11.8905
0.162758
29.2499
23.3767
9.40727
0
25.8745
17.1378
1.34988
10.7026
1.11099
1.13176
7.25229
2.36191
12.9947
12.4932
17.6269
20.6774
17.1611
1.78668
8.57994
0.433363
0.596368
0.857165
0.0795329
0
0.066282
2.04954
1.63729
27.2643
5.23428
6.21001
3.34242
0
18.8642
6.52575
3.91848
3.76085
5.09426
5.69058
13.5222
7.41484
9.11178
21.0002
30.2752
16.7713
17.5507
40.5296
57.3119
0.167239
9.07805
55.9943
4.26976
0
16.3114
0.820038
46.319
75.7588
12.2045
30.2574
9.67676
16.917
11.1673
0.0584355
0
27.2829
30.5482
0.0238118
0.935272
0.000291455
0.852243
38.1506
0.434024
0
0.278225
1.29382
1.0413
1.78123
7.17952
11.8382
15.6154
7.93912
0.0209121
0
2.72564
16.8839
10.1066
0.0298577
12.9603
32.865
0.903891
50.5292
0.458286
11.713
24.733
9.26212
46.947
0.169463
9.39248
6.71324
1.51045
0
0
0
0
0
0.00144211
5.21884e-05
0
5.20145
24.007
6.40122
50.5525
17.0105
5.1503
12.8473
5.83871
3.49383
5.33155
0
29.8265
3.99768
8.44052
5.04302
27.0846
11.3754
27.1083
1.24253
0
14.6429
0
33.8149
0
1.20738
1.08135
22.5132
26.9113
12.4483
7.74701
9.30859
26.6006
1.48864
0.0114316
5.5489
6.45209
2.32285
1.13281
5.46697
0.752611
0.160601
2.36568
4.61352
8.55649
1.23644
8.14859
33.8341
7.69506
12.839
10.4811
6.06416
43.957
0.82803
0.203964
2.37531
31.7671
11.0358
8.29938
0.0212597
0
0
5.23597
20.2609
7.63933
21.1583
0
15.7234
17.4115
9.18121
0
22.684
2.10138
1.43131
11.8204
0.0369764
0.133028
21.9105
0.130439
0
1.96214
9.26568
1.04349e-06
0.463283
2.39989
19.7133
15.7825
1.12375e-05
0.880929
29.454
0
51.4601
0.012094
3.95231
0.511367
0
0.815346
0.541594
5.91711
1.05664
5.34128
18.1449
6.78278
7.0739
12.1981
7.16365e-05
41.6296
20.111
4.46513
5.13702
3.55485
17.5551
2.25261
13.1882
14.6642
8.28948
14.3261
6.96837
23.8201
10.4731
14.6771
21.3583
0.791639
9.14843
0.76942
0.71736
15.0732
2.34548
2.44688
1.96821
7.54396
5.81221
0.0636764
11.8715
0.866993
0.799755
0.206687
0.262213
1.00253
21.5406
4.41968
6.46817
15.3181
0.679712
1.11573
2.06153
24.0166
32.1882
4.74242e-06
24.7178
19.2335
7.46811
0.0619469
2.98561
0.324678
18.2974
0.400977
23.3006
14.3333
7.38975e-05
6.3862e-07
33.047
3.41842e-06
1.99765e-05
25.6112
28.0538
10.5176
0.23914
14.0822
31.6332
0.198765
2.51551
6.33998
15.1609
0
0.0102285
18.4351
1.08899
0.487665
1.58299
10.532
8.99956
19.2531
21.3815
2.58624e-06
0.110675
0.931357
0.229716
43.8497
24.4576
4.30654
9.90278
21.9681
17.8593
24.9531
0.0178877
0.0277486
4.47018
1.21777
3.24822
0.768133
8.52085
1.11238e-05
5.62826e-07
30.7227
0
7.82386
7.2542
0.661696
0.825751
1.87459
2.55485e-05
0.128534
10.3879
30.1469
3.66788
28.2949
28.3879
0
0.0184019
0.316754
0.383906
9.00433
1.66204
5.4468
0
0.00570593
2.67647e-05
2.73148
0.682992
0
10.7219
0.928879
3.1479
13.9189
0.687469
1.1534
0.860509
33.1776
30.0522
5.33299
0.936974
2.40854
1.66623
1.33817
13.4112
0.193638
0.278006
17.0232
6.18238
1.1392
0.047613
20.4779
15.6948
0.225749
7.48482
7.40525e-07
4.90725
3.1301e-07
0
3.8534
36.4776
0.0137646
35.6224
0.649198
13.8155
5.63386e-07
21.8337
17.9356
20.5519
35.6634
8.11098
10.9853
57.9116
26.7082
0.0297134
0.807732
0.955251
21.845
28.1634
16.4119
17.6948
0.412814
2.25614
2.82388
20.4669
39.1373
23.2907
29.3209
15.56
34.2239
23.7169
12.9895
28.1396
41.0965
2.77982
10.2996
10.6716
16.1428
0.0949635
0.00194955
27.4192
24.1594
0.841349
21.1189
4.33714
0
27.6284
9.66784
16.7184
0.0199954
58.2394
9.74864
10.9859
18.0679
30.7239
11.7581
36.9525
22.5479
13.238
1.51513
0
0.545834
20.2129
25.0548
20.9636
31.3242
20.9004
13.3216
12.0392
37.1493
41.579
76.6595
59.9434
44.5854
10.8551
13.5857
0.743053
2.43639
0.000135526
0.0457672
1.67265
2.93116
0.43054
2.4476
20.9854
0.702574
2.13235
22.5922
17.5757
11.6155
32.9843
6.64361
40.5081
15.488
3.36629
3.50767
10.7775
27.3931
15.5927
0.909529
13.5275
10.7353
13.8773
26.8835
36.033
22.9846
0.531036
0.0546243
2.29156
29.0759
6.23251
2.81595
7.5081
6.02893
1.23081
0.118618
1.05807
0.91826
2.18337e-05
11.8119
0
16.9252
0
19.4178
20.955
0.142122
0.0146253
0.0155455
9.08677
8.25866
25.1232
39.3554
2.83136
0.964287
28.8314
25.9205
1.33842
0.00640933
17.1951
31.0495
15.6134
0.0559441
21.0726
7.70146
3.56573
11.3252
0.00162037
0
5.99499
3.11477e-08
0
5.63074
0
0
32.0994
0
1.83572
12.9961
15.9012
11.2865
9.94096
2.35892
26.702
0.00221778
18.9063
0
15.0148
12.3953
0.00893927
8.25397
19.9189
5.76819
0
0.773203
1.40748
44.6816
32.7441
5.66719
24.758
0
19.211
24.7774
37.5751
0.0521771
7.21692
3.41705
52.1169
11.056
0.423992
0.536085
0.261255
11.3365
0.596482
13.1375
0.527381
1.00946
0.01691
1.24944
12.644
0.872211
0.148262
0.356654
11.7171
0.780461
13.5652
12.6578
0.392333
12.8185
0.206461
13.1464
18.0412
15.482
0.813408
0
0.0380488
0
0
0
0
0.0266067
30.4751
11.3442
2.48854
7.05859
8.03007
2.6051
11.5783
12.2676
0.533358
15.1677
17.0665
20.7166
24.8692
24.3438
17.9458
22.7215
0.234893
20.4896
47.2738
39.2358
21.9028
41.8176
3.01935
39.2316
11.8771
0.476805
27.3316
0.0022546
0.349042
25.9423
0
0.524258
0
0.0706823
0
0
0.951491
0.0678858
11.4658
3.47301
0.994091
0.0700252
8.91852e-05
0.76603
0.259569
0.734282
0.00871751
0.701168
0.387033
10.3849
3.36292
60.702
28.1695
1.69694
0.0933847
14.8348
28.2562
1.06916
0.816176
24.4112
2.4768
10.4933
28.2684
0.152889
0.0523409
0.0473601
0.556257
13.7196
10.0058
1.56323
0.37477
6.03007
0.136441
18.1117
0.531173
20.2889
16.0619
0.00880124
5.88819
6.00729
2.36123
0.0376339
0
8.01659
0
0
1.68715
26.208
44.7413
5.49815
6.36883
55.814
2.91018
29.247
35.0775
7.55664
17.7001
0.027641
2.16665
0
3.87368
6.99653
11.2329
24.103
0.181793
7.58655
0.00075601
0.000147064
0.0313122
1.03914
2.28665
0.0328388
2.01026
0.878507
14.2974
24.9737
0.97733
21.4826
0.633963
15.9089
0.406149
0
2.17093
0
0.0170233
0.00103117
13.0996
9.33687
6.86209
20.0148
30.4447
23.3753
1.82187
17.0115
44.1469
1.2319e-06
18.4422
0
0.669514
1.36043e-06
2.60367
14.8265
1.65715
2.62647
0
0.828534
6.40582
11.9541
3.85445
6.40277
7.06413
1.57872
2.26992
0.0965111
0.0149558
5.9742
9.81271
0.00894691
0
5.63705
9.86575
14.6397
9.625
1.99074
6.92888
12.6526
4.77725
0.0047363
32.5857
0.0236768
34.3263
7.67946
1.69726
50.44
40.7862
0.874324
3.03338
40.262
40.2343
4.48068
14.339
1.55559
37.542
4.59794
15.1951
0.764664
5.60614
7.23363
12.9836
13.632
9.67149
16.5072
7.39644
7.22106
7.0352
13.6506
2.11545
0.000629388
0.00013186
0.00572968
0.63391
2.88644
1.47671
8.53694
1.04673
42.668
0.0871526
0.122446
2.51733
3.3195
2.03357
12.0122
3.19566
0.447347
27.5988
28.7201
11.8576
34.7757
10.8958
0.621215
5.00468
28.1769
26.1525
29.3842
13.1585
0
0.0410701
7.0971
8.64246
0.377678
1.91389
7.50998
1.6276
1.05837e-05
1.07155
1.68471
0
0.724436
1.0108
8.21646
1.04285
11.5336
6.9591e-07
46.4252
0.171582
0.886899
4.14066
3.30707
0.440233
7.46576
10.4038
0.000962838
11.5386
54.8635
5.37254
0
61.3123
2.70282
0.123222
6.37001
0.091724
0.019882
1.05314
0.00122328
1.15722
7.1225
3.15357
3.05594
7.22445e-07
0.00249466
2.11658
16.4035
2.36901
1.44649
0
0.708292
4.10873
1.92254
0.379784
37.5062
0
39.4395
0
2.30538
6.15474
0.227471
0.945656
18.8273
1.95458
0.00687839
6.11762e-05
23.5691
6.54848
7.37906
12.1027
6.24451
6.84584
0.0732661
1.45346
5.24357
2.45803
0.00149358
0.0667256
0.606534
1.26547
1.06697
41.2376
23.1542
4.21381
2.43656
1.44172
0
2.05717e-06
0.487915
4.71553
0.956377
0.00689345
1.43423
1.63053
0.753236
1.62196
0.556326
0.495063
0.240509
0.220021
0
0.381321
0.386972
2.74718
1.12272e-06
0.117123
0.398921
0.0791944
0.0159633
0.79596
0.00308597
0.000671836
0.0374759
26.7612
0.00221245
3.03797
11.1826
1.2369
3.50934e-05
51.1365
2.91784
15.5491
1.42289
1.41218
1.83611
0.711099
3.09288
2.32091
0.0325955
0
0.500672
1.74172
0.00845868
0.0654159
18.0099
0
2.2374
7.5335
0.855968
0.0175659
28.409
0.0304718
0.777145
0.145545
0
2.72598
0.0025851
0.442153
3.68377
1.24504
0
1.85505
5.23837
0.0106076
1.22118
7.91098
2.11146
9.64769e-08
0.89733
1.7004
0
0.0998958
0
9.63026
1.37625
16.4427
2.38975
0.231341
3.24034e-06
0.00135232
3.31623e-06
0.0927564
0
0
0.00134991
17.2582
0
15.0605
18.5589
19.2294
38.0905
0.975133
26.2887
20.2238
24.3698
3.18432
0
10.1241
1.19865
18.3757
2.70785
2.02461
0.00368336
0
0.570157
23.9793
10.2129
0.0151137
0
24.857
3.15948
4.47762
10.1721
6.4722
17.6353
12.4766
42.5631
0.438361
1.96826
21.9795
0.000972558
26.3753
17.3475
44.9278
58.6901
5.19835
10.5439
25.6939
24.9506
42.3676
51.9254
56.4409
6.54727
9.49723
0.547913
14.5094
13.6776
0.789088
0.913221
0
0
10.8189
15.9461
13.4178
0
8.89622
1.03142
0.303028
0.856015
12.5235
1.28487
9.88394
6.86274
10.3422
6.62764
12.1126
2.971
11.2115
0.000692336
0.103822
11.7007
9.61443
6.56654
3.45683
0.561323
0.886165
8.56721
0.0720012
1.26331
0
0
0.954899
0.000494142
0.367393
0.276378
0.988546
0.0172114
0.133101
0.939413
0.520843
2.3361e-07
2.75779e-08
0.000230996
0
1.57808
0.00267226
0.0843399
0.0675224
0.0154461
2.31954e-07
0.261167
1.37284
2.0572
0.00366464
1.86555
0.00158108
0
0
0
0
19.8408
0
6.7849
0
3.67211e-09
0
24.2688
0
0.0816554
0.021746
0
7.02749e-06
13.5807
0
0.0127054
3.34761
0
0
5.40178
2.23852
9.81519
0.928409
1.67541
0.319988
9.55973
28.6703
0.272792
30.1459
22.6918
14.1636
11.6942
33.4398
50.6158
47.1256
40.5598
34.7888
44.7006
17.6825
0.965305
0.306264
35.9983
22.259
26.9355
31.438
19.1589
18.8533
5.31174
31.643
28.0323
39.0077
3.74209
11.8129
22.3087
25.1514
32.4735
14.057
0
25.5906
0
15.7187
34.8099
45.9676
17.7146
11.9857
19.3862
33.7381
20.8543
1.93492
23.6813
28.1312
15.701
25.3152
30.7881
35.4812
43.8298
37.9336
21.8441
26.948
14.019
16.3253
0.0597662
18.6968
16.7944
17.9492
0
18.0889
16.5631
3.21277
0.896879
1.25289
0
1.85291
1.09173
19.9827
4.82734
17.7494
1.51671
0.26447
3.20387
0.496902
0.232559
1.47451
12.6067
2.3786
0
0.829629
6.35397
0
2.4205
0.197829
2.34629
1.30169
0
0.424896
0.0566108
3.01512
0
13.4348
9.3323
2.79015
2.46532
3.52237
10.6675
6.04031
13.3464
35.6431
9.45508
24.8323
15.1448
27.9953
28.7807
29.7806
50.7194
26.8179
35.0789
25.9768
0.272525
19.4753
16.9197
24.2844
0
32.2675
0
3.9724
7.27137
1.98071
12.9812
15.8973
18.2401
3.23051
22.3652
0
0
17.4896
7.26513
0.612743
0.0120357
4.21223
0.0547757
1.84567
5.81922
2.29237
0.458713
0.602594
10.9591
0.11493
0.249211
0
0
0
0.00875149
0.000278057
0
45.6296
2.07701e-06
0.698799
0.266016
0.216793
19.4478
6.78253
0.219686
1.95627
23.7633
9.58897
0.150994
10.9258
0.0312405
3.84636
0.229681
0.146182
1.8408e-06
2.26679
3.57577
22.3121
3.21733
31.9422
0.539761
1.47391
0.0528711
0.729999
6.86105e-06
37.0666
0.823247
1.79284
0.339606
10.6031
3.15416
14.606
6.87833
8.68323
15.9762
13.0019
25.8809
0.909692
7.11656
14.1981
3.34147
0.783133
35.2993
4.08901
0.0143313
5.59906
2.97123
8.06513
0.651761
24.4402
3.90063
5.10873
5.52344
48.0077
10.7025
4.07408
2.63356
6.61413
20.2118
7.03471
2.8778
22.0485
4.1635
0.164567
0.778351
0.919741
1.23415
0.000209763
10.2242
21.2013
41.0894
32.4074
0.590034
30.9638
32.2623
4.78405
25.1463
6.85735
93.4693
10.8557
4.06712
5.41544
70.3911
40.9198
16.327
34.8744
5.83138
0.41473
1.0664e-07
1.40835
0.0442638
0.0874989
0.0973099
0
1.38355e-06
14.684
25.2601
33.0107
0.55659
12.5687
0
0
0.995072
0.00354736
0.0386086
0.311336
0.158187
0.70412
6.09803
0.658205
0.23623
28.586
1.12905
26.0179
5.71648
13.4716
0
0
23.7375
10.62
4.03253e-05
15.9473
11.6919
5.56156
0.299041
8.19573
9.26575
0.115952
12.8003
14.5552
0.92085
0.548507
1.29415
1.16893
0.474414
0.887984
13.8889
0.087015
38.6359
22.6638
39.931
5.31735e-08
0.895873
0.00250409
0.954565
0.561124
25.8239
13.8249
27.2622
0
27.9148
21.475
25.7059
14.5573
3.61001
2.62241
9.28757
0.648427
0.060232
0.10821
0.150017
0.0461345
0.963841
0
0
0
2.00065e-07
0.00798118
1.41249
1.24653
0
0
9.80992e-05
5.48297
0.273144
0.610162
0
10.8006
0
0.0146542
0.0519963
0.0241057
0.673121
5.84638
14.5598
0.41957
10.1742
9.74449
0.00017532
0
0.696639
0.00451636
13.6966
1.21451
8.3499
1.16273
10.3263
1.11518
11.3677
1.48977
8.98576
23.1704
10.0762
3.01041
26.1529
27.8649
32.3482
12.8822
12.5639
17.164
18.001
21.9143
13.4316
14.2101
22.701
16.608
17.1318
18.9315
21.2495
8.33946
13.0461
11.8537
12.5248
9.6315
8.07356
17.4233
12.7067
14.2619
8.22645
1.11346
2.40214
1.90028
1.4169
0
0.0672526
0
1.08082e-05
29.0691
25.4474
1.06096
1.6753
2.9842
4.13313
0.000577389
0
9.14743
0.0976011
13.5441
3.65559
2.19914
1.11408
18.0002
18.7444
2.49144
30.5178
17.1124
14.1616
15.7484
0.915313
18.4464
0
20.5635
24.196
11.2361
32.3071
13.6902
11.4287
7.83744
8.03273
6.98298
8.03082
49.5972
13.1037
4.03525
7.72683
3.49503
4.53547
25.3198
12.8337
43.6863
22.2249
18.7028
22.1023
29.3811
20.5063
22.6058
21.4275
15.9268
18.4049
11.8419
17.9774
19.3894
21.8534
17.1113
0
3.96888e-07
0.101425
1.56633
5.37305
8.88221
6.6663
8.53309
7.62674
10.7695
7.35586
6.18274
5.2357
4.11674
10.8757
24.6243
6.07802
5.20663
5.41026
6.90754
21.2463
4.85199
50.4127
10.2743
1.60795
10.2551
9.07759
2.59335
7.62536
7.04447
8.52625
7.18883
16.6027
7.00522
6.77565
7.51494
22.1489
38.9669
31.8811
31.8665
22.9288
16.5456
11.579
0
5.34841
0.874848
14.7597
13.6036
5.79114
10.6592
5.3004e-07
17.5406
26.887
19.4022
16.3455
10.8674
27.8733
27.8176
43.0632
0
0
0.667881
81.3687
68.8436
61.0979
3.35755
77.6811
1.12306
23.9297
0.116006
2.75204
0.587605
16.7714
21.3801
3.84046
16.6077
90.0028
44.9047
30.8159
13.2369
0.452347
49.0768
15.9847
36.0054
7.25912
6.71162
39.617
50.8092
56.0442
40.1435
19.8974
16.2768
28.718
21.3809
9.40918
27.4847
40.4286
47.3666
17.9621
34.755
13.715
8.13562
21.5893
31.3528
18.9195
15.0458
26.3617
23.7014
28.984
10.6518
17.5169
0
19.7158
0
5.24485
18.8796
23.7037
13.5146
14.8315
15.5736
23.0472
14.11
13.1125
17.3663
21.9386
11.0898
4.38646
18.1137
11.5649
12.2877
13.8909
11.3443
10.2087
13.3726
9.1718
13.2467
0.0465314
19.1257
4.33166
25.6882
5.34405
13.6629
5.03652e-06
2.59697
0.0300871
17.3281
15.4461
14.7454
0.963842
20.4872
29.9773
5.58365
4.64087
6.88282
6.10067
12.1526
18.1001
6.53914
4.86829
1.25647
21.0511
1.25792
1.21037
0.179304
2.22137
3.1672
0.252208
1.32378
2.53303
2.65964
9.95564e-07
0.0659094
0.194957
1.09069
0.00761895
19.7379
0.54281
0.911088
0.794413
0.116786
0.456833
0.00238478
0
0.838982
2.00585
1.09952
0.0384956
0.711619
0.107126
2.02005
1.67475
21.2728
0.534877
0.67844
4.49003
0.95667
18.8877
1.79829
0.0888484
1.70155
0.642794
0.0376386
1.5762
22.2351
0.424279
11.404
0.874718
23.4083
0.0251057
26.4883
0.0927927
0.992776
24.0837
0.427581
35.7819
19.5251
41.5547
0.0290716
9.56009
0.191008
2.09152
0.0177155
2.38162
5.79565
27.6817
0.956827
0.189802
29.3199
0.424791
0
1.5389
0.0105368
1.1257
0
1.07017
0
0.604495
1.82915
3.12352
0.00106116
15.0946
4.99112
0.0991162
8.96067
30.1226
3.83497
23.5545
0.0789801
26.1252
27.8857
19.6905
4.45575
1.69853e-07
0.798604
0
4.71269
19.7458
1.82289e-05
0.893354
0.0300344
0.944697
0
0
0
0
1.02529e-07
0.82902
2.22566
1.18623
1.83112
0
0.567488
0
1.57351
0
2.54241
0
0
2.82066
0
0
5.49402e-06
0
0.00495841
0.230196
2.85553
11.38
9.63111
24.0497
23.6243
27.9281
14.7745
8.89145
0
0
0.0216163
1.9656
12.5552
9.40652
9.77556
0.0304581
0.995891
14.4526
65.891
43.1878
25.0328
1.60529
4.75834
10.924
12.3217
3.95756
6.81011
20.8914
4.43879
31.4196
11.471
5.68991
28.3073
28.9273
11.2061
35.6433
1.54138
25.3653
5.40327
75.43
0.0581848
103.094
85.3455
2.19061
0.957323
2.20252
1.30338
0
1.28839
0.015676
0.294764
1.1734e-06
1.20486
1.10793
11.3819
0
9.32936
1.49163
20.6847
6.52378
6.34298
19.9945
14.7939
11.0244
5.95895
0
16.8264
20.021
23.2833
9.51413
24.4201
10.2103
13.8398
0.59929
8.71565
0.394102
12.5287
13.3503
9.51548
1.32191
1.75953
5.68394
10.0337
30.8637
11.0779
15.6212
14.4596
9.50326
2.05084
18.116
10.0693
4.5084
2.09943
7.60708e-05
8.94336
30.2961
3.92012
2.79368
19.1017
0.843953
16.0955
6.88508
0.135126
2.80651
1.2845
35.0532
0.612205
31.6844
72.2326
29.9611
26.8276
14.6124
20.3354
6.13903
14.1973
0
0.35417
9.2418
2.69194
4.31482
13.9685
20.673
12.5533
15.7532
16.7932
28.9824
47.5438
17.0349
19.3528
0
0
0.133064
8.59176
0.29925
11.1871
6.07133
1.08279
0.00406511
2.19782
0.0363113
1.16591
0.49447
1.53233
4.33259
1.90977e-07
0.559312
1.25857
22.9543
9.87497
4.03068
9.87742
20.3603
0.344035
14.1169
0.322718
18.2239
0.603637
14.808
1.44775
1.00266
12.3557
0.641073
0.513631
1.713e-05
0.708535
0.0826115
0.00507473
0.00084632
1.0522e-06
1.12468
1.07024
0.00770513
0.919748
0.59064
8.33407
0.101298
0.000371671
3.20025
9.56041
17.3599
7.62628
0.00433046
0.170674
9.31972
0
0
0
8.37776e-05
19.0831
1.3994
21.6558
35.5664
68.7007
15.7098
61.3115
15.0508
38.1536
3.59597
14.5271
14.4385
0.549318
15.9896
7.90958
0.494384
0.000461545
26.8572
0
21.1083
21.8633
16.0081
6.11922
13.4939
26.2151
0.440507
25.996
17.1083
21.9852
31.761
0.58929
33.7266
0.0437219
27.7716
8.59062
0.689829
14.3833
4.38261
5.92268
2.12984
0.435868
11.7584
5.15836
10.8998
13.92
3.95791
0.0058991
39.6733
27.7888
12.3348
9.77436
17.2366
21.814
35.6802
8.04288
23.9437
8.02508
24.6874
16.0841
31.1179
15.4893
12.4151
1.05788e-05
11.2858
15.6206
31.588
14.6848
16.5893
30.2251
7.7599
7.4234
16.9649
18.9776
7.64425
34.5174
24.9332
14.0932
42.466
36.3371
6.59083
29.0021
25.8566
0
21.5344
31.2692
17.888
6.4579
38.0243
1.8558
28.5611
43.0048
12.2796
0.0301912
0
47.2294
25.4251
43.3809
39.1278
4.84109
39.612
19.3098
1.2477
24.7462
38.2656
23.8417
4.06487
27.4519
38.3232
56.3988
17.893
44.8082
14.5378
43.9739
22.5468
58.4551
49.6154
0.317724
64.0783
28.9741
23.0787
15.275
25.691
35.2125
96.8274
36.5988
0.00102176
42.7023
39.6937
28.4314
2.35346
12.5962
12.5113
22.3671
12.2908
11.1847
16.0236
32.8437
1.59259
0
9.86726
2.77331
11.8053
0.328687
11.9799
26.6335
37.1124
16.9967
15.946
0.0485112
12.2347
0
16.359
19.8186
13.1952
12.6919
22.5875
38.721
32.003
46.5997
30.4573
25.7466
17.2103
42.3885
1.23318
29.1581
17.8999
19.9736
0.755212
10.1215
11.0072
16.206
21.9357
9.2303
23.0238
16.1315
0.896565
8.43013
9.34287
9.25373
13.755
11.0542
1.52791
12.3578
13.5106
6.68806
0.0380555
5.18077
0.126675
2.04321
3.07211
22.8688
2.3144
20.5914
21.2215
15.1002
16.3689
20.0068
0.552877
61.5131
0
5.15099
15.4338
8.0524
0.0105037
10.5216
21.1436
11.0915
10.802
11.339
14.6434
32.0786
12.0798
19.7272
12.2461
14.538
17.638
26.5195
24.9957
26.4377
14.3349
36.3021
0
21.65
19.9748
28.3979
13.2203
5.47703
16.97
3.81407
18.8453
10.3357
14.4315
25.6458
18.0998
26.0361
19.6796
11.1701
21.7537
12.9465
15.4186
16.4406
37.9099
15.1469
1.06982
8.61081
14.7209
16.9054
46.2305
9.12112
4.50003
26.1798
16.7886
33.1953
19.6532
0.964713
21.8235
6.77926
23.8009
8.19784
19.7313
0.601335
16.94
6.88262
9.47965
14.0326
15.4661
8.1882
6.90174
1.13562
4.51787
32.5292
4.53619
13.5836
19.3694
34.6084
15.867
3.86292
18.1325
8.43547
3.84395
24.484
15.7877
16.5537
9.80366
22.4449
23.5085
0
9.77691
1.05596
24.3034
1.30374
1.53796
25.2592
2.2822
0.957479
64.3943
0.348513
63.3359
1.38796
42.1893
5.46725
0.413621
46.0236
0.0136699
1.41029
0
0
0
28.2017
5.11546
11.6909
18.7212
28.0735
21.6509
22.2726
5.79973
13.5442
5.5073
23.838
41.4236
1.06761
52.6942
38.8588
0.852162
29.1877
0.981862
22.1754
9.51814
1.06594
17.8189
1.86638
3.71375
13.7332
2.38157
1.70668
1.01842
1.03464
2.10348
10.8617
32.1084
15.9104
0
3.2162
21.7431
12.2332
22.0528
8.22305
9.5067
12.3281
8.64895
7.72881
12.805
12.001
2.16056e-08
12.5205
10.6716
9.76525
11.0872
0.0427788
11.4074
15.2144
17.2566
13.4588
3.88013
4.62702
83.8636
10.0959
28.8041
8.84232
127.536
7.95936
4.6597
8.20713
8.48753
11.2662
12.131
13.6873
10.4964
4.91491
8.30239
3.34024
4.95158
6.13754
67.0915
17.1315
35.6176
0.54396
0.00408266
28.3311
48.1263
1.79027
4.77143e-07
0
0
6.83541
1.05972
0.73221
0.0690808
1.13344
4.51747
0.00592289
0
18.2181
1.43144e-06
12.5033
21.8504
0
0
21.6928
7.50101
22.9754
0.0599629
10.3018
8.40119
0.710649
2.48921
0.0156255
4.97648
0
1.00757
25.6238
11.3949
1.7751
6.4333
1.96536
0
0
0
0
13.0569
23.5098
23.7986
1.40942
10.4084
1.12824
36.2717
6.58067
18.6605
15.4186
21.7483
16.041
22.6215
12.8145
33.4721
28.5342
20.5488
19.6707
13.9962
7.99847
32.1883
18.3802
36.1078
25.0584
19.2992
5.10353
26.1268
0
2.22195
13.6355
26.2058
31.532
9.90284
4.57578
5.75463
13.0956
0.00258032
6.57608
9.46635
10.1409
24.9555
14.0828
26.5249
43.0116
14.365
4.17986
9.32097
9.69026
16.9222
23.7497
20.6466
23.7548
2.16801
13.7476
0.876313
2.77034
0.0102741
0.0140459
2.77926
5.327
2.4077
0.0271583
0.74663
26.4702
41.836
13.6938
10.3824
15.06
25.5411
48.9407
22.7142
15.9977
0.0220787
3.38766e-05
8.58776
18.21
30.8852
10.8648
24.8753
4.65302
15.9137
22.4623
1.20295
0.318234
1.35371
27.0869
10.1533
3.31994
5.05782
2.01416
25.0844
3.52815
1.02908
9.05418
0.863422
2.09565
3.88568
14.5077
21.3116
3.61006
0.403734
14.4562
9.01604
0.819737
0.844229
0.0174088
0.00027275
5.19322e-06
0.00267352
29.0779
0.575227
3.85918
0
1.24567
0.000955644
38.7084
5.1897e-05
41.3406
33.9742
0
45.0966
9.81492
0.89461
0.148724
13.7827
6.72208
0.309374
1.8341
0.110302
0.271966
0.0421402
0.040547
0.285301
0.792902
5.69308
12.8932
17.7928
13.2089
0.100504
3.98296
1.48624
16.0826
2.61167
7.10403
6.99618
5.11299
9.20168
27.4645
29.6194
12.7017
15.2315
43.9775
7.57441
4.08737
8.81754
1.64421
30.9101
12.0142
6.45551
16.7053
11.6813
13.9932
3.38526
10.022
28.4252
0
0
0.016506
2.12599
1.91419e-07
0.114658
0.118154
1.16372
5.59299
6.24922
3.78187
17.3449
8.76103e-05
2.30681
0.17379
10.9482
0.206096
28.9645
27.1306
24.8706
33.5891
50.4103
47.4583
27.7072
1.95559
5.23893
12.0635
19.6065
3.14256
14.8408
13.3935
3.43424
8.90795
23.2514
1.02517
21.4921
15.1724
6.11393
14.1971
21.2758
6.81625
11.0799
0
5.14759
0
8.39093
2.01899
0.336053
13.1548
29.1681
3.02108e-05
24.7126
7.75461
23.5057
21.8343
0.296981
10.4004
26.2303
8.40473
14.2771
27.3236
26.0132
5.49192
4.13683
9.74643
6.51548
4.13749
0.973632
23.3288
1.50602
0.686482
1.1383
0.241247
2.69494
1.51241
2.72014
2.32203
0.824945
1.30237
0.716697
0.782472
0.74794
12.4977
1.25015
1.24785
0.836926
0.180109
0.0176935
0
0.972088
2.08455
1.23712
0.0775787
0.894078
0.132041
1.60347
1.71717
0.586129
0.968528
3.29566
31.4172
1.75547
30.7116
18.8712
1.71124
11.2634
14.3073
0
0.220058
0.0464429
23.3967
0.728523
4.99939
11.4644
15.5384
3.31039
8.77011
14.5731
32.1323
39.9421
18.3374
26.8249
30.9781
7.08095
20.6277
43.6139
1.81668
1.06557
27.6068
0.0237609
5.23799
27.0968
0
9.12408
0.836615
15.3852
0.0612668
5.33162e-08
1.14711
0.00179769
5.79773
0.0431421
0.1867
0.502739
0.94653
20.6067
26.1588
9.93986
20.3247
0
22.9487
16.8157
8.32753
36.6331
33.8676
31.6125
8.03592
0
6.4095e-08
31.929
1.8539
0.732403
0.752823
1.10201
1.10742
0.692374
20.145
0.820691
3.49109
37.2972
0.386775
1.01607
0.924978
0.0494172
23.126
32.5091
0.000876866
0.0656116
0.538146
0.308844
0.00438767
0.906911
45.8038
0.10222
1.84902
10.3552
0.26076
0.491295
4.24168
0
0.494098
1.05399
28.7031
23.8858
0.000880077
0.12303
1.51574
0.223006
18.406
0.956503
0.0658402
0.157804
1.28003
0.539277
0.0322957
2.92958e-06
0.262512
0.061881
1.42137
0.0426883
0.93651
0.145329
0.0297155
7.68738
1.58871e-05
0
11.6739
0.000146098
6.52927e-07
0
0
0
0.744304
0.0600363
0
0.00689726
0.62771
0.0262839
0
0.0965006
28.6257
0.00983969
1.38259
0.302995
0
0.0110261
1.06497
9.95406
0
1.25285
0
0.033759
9.37908
35.1109
7.14666
4.30069
2.67422
0
6.95956
10.4533
10.9734
5.34083
1.18342
2.85853
6.48989
12.4389
5.39084
1.72899
0.0791597
2.13162
0.011874
5.15748e-06
2.75042
0.000255179
1.53352
11.5165
14.9361
16.2473
31.6875
0
36.6352
8.46545
7.36732
9.27413
0.789047
13.4299
33.7063
1.96664
1.25216
7.56135
21.106
0
1.38802
2.47044
1.76336
60.2178
2.55467
0.169549
13.677
0
0.244338
1.725
7.93486
0.515807
6.85727
20.0348
0
0
2.08915
0.0324214
0.0684609
1.13825
1.53318e-05
2.03651
1.58079
3.22946
4.84689
2.42406
1.67684
19.728
21.2128
0.0469459
0.177666
1.88074
0.540118
2.22361
23.6328
11.9224
1.52906
0.00197981
7.90885
55.6815
27.5758
26.3112
0
27.9662
37.9426
18.8797
59.3656
1.16739
0.510637
30.8898
5.16459
51.7162
8.39892
3.92014
25.9004
0.0366177
0.00073081
1.56367
0.0174946
29.222
3.25271
4.4666
36.1556
25.7062
0.879223
23.3056
26.5486
3.9124
20.8931
2.07939
17.895
31.1899
0.53081
6.69138
25.3766
21.7679
2.04228
3.6993
34.1032
16.5571
11.5412
8.51172
23.6258
10.7768
39.4855
23.8501
0.934406
19.5921
1.15867
10.0072
20.4616
17.0695
15.5992
2.07366
0.600127
2.00043
0.0609865
0.862308
2.85209
0
0.00509241
0.0146753
2.80644
6.37284
0.870154
0.655518
3.9312
1.46766
8.65824
0.132834
0.005794
8.8968
14.2743
1.99675
0.0303405
0.341737
28.175
0.00239395
11.9202
43.2973
7.69322
7.36243
21.1557
25.598
0.00289887
5.55508
0.0280316
0.961161
35.2846
0.00016871
2.42902
25.9309
7.04377
0.00529907
66.5068
15.0003
0.292352
0.271494
0.869584
39.8456
5.36467
0.248019
63.429
9.09588
3.06394
11.7585
21.0792
17.3547
18.6793
9.03233
11.6376
23.6
32.0977
26.5124
21.2344
41.7489
14.2569
11.1222
3.14014
10.9
0.190171
5.57286
15.6711
1.91527
16.0059
24.209
27.6095
7.26211
0
7.29435e-08
0.0542741
1.15568
0.786088
1.27273
0.930552
0.0570682
0.16139
0.0136247
0.104343
0
45.8679
58.0098
1.34354
28.5537
34.1574
23.0408
7.925
11.6212
9.34761
1.21064
14.3376
7.82724
11.8278
11.671
9.68082
15.5356
17.5277
26.9357
6.3282
34.8694
30.5858
25.4026
35.4517
21.6534
27.9919
26.6032
26.6097
2.59444
0.722081
0.0430495
0.168491
0.925364
1.57732
2.91776
17.0852
0.0188289
0
20.3603
23.3392
34.8603
16.9336
10.279
20.7756
1.26284
0.0175004
0.195773
0.00901808
0.136271
12.1861
0.0621419
0.000158602
0
25.9241
17.6199
13.1881
12.2187
24.233
8.11297
0.508829
0
1.19026
3.02692
0.0502958
4.77685
1.60784
7.215
1.34707
0
21.6435
0.749349
0.176472
0.838882
3.92199
1.38553
11.4606
7.27486
6.934
9.9311
1.24222
3.60917
2.01229
1.85995
12.5191
1.87135
1.14355
1.30631
25.1619
4.18595
0.105668
9.88847
0.830023
35.6323
0
4.93099e-07
36.9837
