3.3741
3.13379
3.13673
0.0637603
0.242041
12.4048
0
2.28408
4.30807
2.7223
5.70928
0.00866244
7.36013e-05
0.25662
10.1547
0
1.20395
4.46359
8.08747
4.81328
10.979
0
8.14285e-09
0
1.28296
1.44807
1.08875
1.17252
3.08679
0.935461
0.302494
0.167117
9.75197e-05
0.816844
0.0815997
0
1.03721
6.74114
4.21043
3.81843
3.05407
14.1404
0.141648
10.3573
1.0434
3.94894
1.98828
0.119674
0.276478
0.954869
0.235667
0.249167
5.74219
0.199322
5.33293
0.454899
10.2348
4.21179
0.860482
0.00809941
32.5814
0.12259
11.1239
5.05954e-05
29.8364
0.519567
12.0277
1.05687
3.48065
2.26353
4.48803
0.304966
6.58744e-07
0.669397
1.5987
1.73406
10.206
1.40959
0
2.3451
0.918488
1.17423
0.0221522
0.489152
3.09675
3.06936
0.0931172
0.563571
1.14467
0.521833
8.2549
0.00355998
0.299688
1.6531
0.980373
1.18396
1.50371
0.980964
2.28219
0
0.654518
3.14634
1.83261
4.42734
1.75911
1.81536
0.0725528
2.44001
0.0340219
0.473253
1.84344
4.54514
3.65391
2.46936
1.21969
1.44567
1.15068
0.964226
1.757
2.40099
2.41245
1.82363
2.94849
1.44362
0
2.06271
2.48741
1.14665e-05
0.000715928
2.11792e-07
1.37467
0.0373875
0.0133261
0.0502027
0.20775
1.38497
0.551125
1.31073
0.280353
0.0174694
0.00690329
0.244718
0.414258
1.09189
2.20318
0.501276
0
3.71136e-05
5.9615
13.5931
0.242774
1.56948
2.01312
0.143514
1.83237
0.0365037
3.77945
4.46931
5.05178
0.433254
3.65537
19.0827
0.152754
1.66553
0.0417039
0.972446
1.18197
6.71856
0
0.0805712
0.44254
1.12993
0.101307
1.81479
0.408623
0.0913061
0.0134217
0.0160298
0.558949
0.0418848
0
5.50133
0.000402179
4.67086e-05
2.95371
3.55675
5.7514
4.02473
7.40363
36.6781
11.1202
6.44075
8.68971
9.38407
1.69609
0
8.21078
1.53746
8.05747
6.08749
13.6806
12.1781
5.3286
18.8712
8.4652
0.705669
9.08581
0.000109035
19.3785
1.4596
15.6276
9.98157
0.0805156
14.0644
14.8964
13.5796
3.11775
10.9814
10.508
4.60102
3.09036
1.18348
14.9771
0.0198348
8.54
5.28633
9.00268
3.59073
3.5808
4.72697e-05
1.5324
3.8098
3.38492
0.0318936
3.52602
2.12424
1.76175
3.35226
0.164144
1.01908
0.65456
1.00845
2.51984
0.313439
8.39527e-08
0.00588269
0.470575
0
0.410019
0.0157374
0.116348
1.12219e-07
1.8777
0.0161866
0
0
0.0392892
1.48649
0.914264
0.0756324
1.47783
1.26219
0.0298247
4.94726e-06
0.011677
0.252012
0.901789
0.726942
0.607366
0.176083
2.46625
0.678001
2.46538
0.12338
0.0109081
0.634016
0.424815
0.0976954
3.55818
0.495995
4.82739
0.332086
0.226949
0.065967
0.935093
2.78132e-05
0.12293
2.07412
0.0642183
23.7922
1.03693e-05
0.692071
1.59373
0.000379832
0
0.263861
0.916225
8.54883
1.10863
1.12806
1.61906
1.42641
2.17294
2.50551
2.86068
4.67863
3.26462
0.227832
0.386032
0.0444432
0.0644599
0.717261
0.0326254
0.179697
1.94592
2.59778
5.04639
0.0913807
2.85438
0.934623
0.361425
0.661776
0.126697
0.0788413
8.2647
4.02246
2.20745
1.87359e-05
1.14106
2.95412e-05
0.00291654
0.00396261
3.75179e-07
0.850268
0.141792
0.0392359
4.15555
1.85027
4.17158
0
59.7341
0.915956
2.83829
3.35699e-07
0
0.927088
0.00144935
1.58944
1.91934
1.1998
0.000954031
0
3.93019
0.683654
0.820399
0.00797654
1.98747
0.747278
0.111443
8.80055e-05
0.944959
7.44909
0.000337354
4.52028
0
0
0.00123725
0.00703928
0.965875
0.0550724
0.00186616
0
5.34119
1.1021
1.01936e-06
0.0221922
0.083191
0.435897
1.92539
3.09645
6.52504
0.971245
0.102482
3.82535
8.36666
2.49498
0.104575
3.00007
2.43662
1.40419
2.95823
0.734334
1.48665
4.20203
0.510136
4.93798
3.66918
1.82071
2.11149
16.8008
2.61342
18.3568
4.90502
7.49332
5.85717
5.55208
3.1533
5.64297
2.47525
0
3.94311
0.491368
4.72038
19.9519
0.755869
3.03834
49.2947
6.7147
6.6371
1.37718
4.38397
2.66443
0.498619
0.308098
0.440245
4.0731
5.84014
0.377136
7.61282
4.42382
0.00738536
0.341107
0.872423
3.0199
1.78495
4.1982
5.96667
0.690218
0
0.493299
0.764752
1.85756
5.46969
9.22497
5.99483
1.01922
0.0055397
0
1.04774
0
0.00562294
1.14491
17.1467
0.391985
1.67896
1.91115
12.3017
18.0577
5.68992
3.20316
2.29823
0.0537751
0.0872562
0.00816698
3.12841
0.300685
2.09928
1.17224
2.61637
0.718063
4.86305
0.0152706
0.497544
0.834753
3.30779
1.00001
0.168061
0.233609
2.32651
0.929485
3.38089
0.281215
0.373214
9.56262
2.56156
1.22928
3.71236
0.836021
0.947138
2.36255
9.26743
20.4706
7.14358
0.0610469
0.191689
6.12788
0.752343
0
1.63288
0.412306
7.03067
17.4343
7.79524
7.05424
22.8646
9.49354
3.95216
1.95456
0
2.02078
0.0544003
2.65594
0.976414
2.50212
9.24202
4.9521
7.20038
0.0128152
19.2094
3.28326
0.543869
3.59848
4.66056
0.824807
0.0719063
11.6527
0.0282292
0.209621
0
0.050098
1.18516e-05
6.8614
1.53027
1.54456
1.75342
2.60771
1.4792
0.0120309
2.09183
6.88054
1.96511
0
1.50663
9.04996
1.21768
0.0102055
0.184025
6.25661e-06
2.38895
4.42446
17.9462
5.13177
0.0291746
13.9612
0.00127437
3.17019
25.9092
8.20291
11.3652
15.407
4.04761
1.89126
0.00223663
3.05018
0.615643
0
2.24111
0.000274803
4.17369
0.89959
1.6831
8.23226
0.0179615
0.395049
0.579517
0.00752547
0.0432508
1.30278
10.3529
2.12433
0
1.59474
0
1.98201
2.68531
0.815199
3.98879
0.0371789
3.00184
1.84841
0.421936
0.771965
8.34216
2.04556
10.031
5.39874
12.9759
0.839616
0.0202853
26.0111
10.7683
17.8089
15.4317
0.356206
5.02581
8.64857
0.0920999
0.819771
0.126431
1.53267
0.0687264
0.0228445
29.9607
4.0361
4.18629e-06
0.266853
0.798522
0.71406
0
0.620683
0.0689685
3.65522
1.83836
1.58833
3.23153
0.281744
0.974084
0.828273
0.123112
0.007078
0.919299
3.12648
0
1.05149
13.7619
0.057135
12.9435
1.33694
1.03365
0.0253523
7.4684
0.347836
0.736246
2.51146
0
3.12707e-07
1.1843e-06
0.637121
9.69246
3.63372
0.103153
3.4911
0
1.96387
1.08505
3.88015
6.49832
0.757785
1.85524
0.00026
0
0.633804
0
0.200377
0.124848
8.15189
19.2277
27.4527
5.31315
0.79925
0.0509721
3.04737
8.58404
12.0509
15.0103
0.16346
0.0594378
0.00532742
2.62454
4.27936
0.10208
0
5.0791
5.98088
0.492443
4.45041
0.830858
1.38283
0
0.0203594
1.1054
0.992098
2.90772
6.06476
12.4825
0.00146375
0.0514572
1.01753e-08
0
0
0
0
0
0.90579
0.918682
18.7006
0.118199
0.572551
0.0187124
0
9.63354
0.987121
0.929226
2.9584
8.04435
4.46747
5.28176
2.48641
0.020146
4.04954
2.93302
11.6908
8.51336
7.94175
13.6045
0
0.698939
25.516
1.84585
0
4.7592
0
9.86566
20.7264
8.57786
6.08854
3.74537
0.714784
5.48237
0.491727
0.0359525
1.94307
3.49485
0.095883
1.50577
1.67618
0.0316539
26.5192
0.04485
1.56222
0.00113114
0.0165039
4.58092e-08
0.410057
3.25782e-05
2.16637
5.86741
4.2951
0
0
0.489854
1.99371
0.0713648
0.00754612
2.63345
4.85965
0.069292
14.1997
0.950134
0.72514
14.5899
0.555297
5.62486
0.343675
3.72916
1.88823
0.563085
3.04571e-07
0.144025
1.57368
0.0227181
0.831785
0.00137478
0
7.73681e-07
4.80707
1.45358
0.716468
28.3136
6.00203
2.73649
2.85275
1.09703
0.649919
1.08092
0.00244592
6.41101
0.786744
2.89873
2.30946
1.64659
4.62743
4.71062
1.32253
0
8.6704
0.0877132
2.46438
0.0792672
0.694918
0.118669
6.23233
1.79719
2.24811
0.612921
3.60835
7.57456
0.000880623
0.00564915
0.161574
0.167735
0.211711
0.000330305
0.911376
0.776347
0.0548206
1.96734
0
3.05516
1.47647
1.81846
3.58333
3.87405
1.64902
2.0271
2.4816
2.5443
0.18323
0.799538
0.0636395
10.522
3.07508
0.81714
1.95367e-06
0.466543
0.0466603
2.35972
2.16802
1.83499
3.26785
0.293163
4.13683
1.18627
1.63172
0
2.10272
0.774752
0.832019
6.44315
0.0371096
0
5.34243
0.10887
0.0130361
0.95136
3.77459
0
0
0.660865
1.82472
5.7759
2.94301e-05
1.22372
1.08744
0
16.8637
0
8.70406e-06
0.374652
0.388965
0.531304
1.3451
0.480666
0.015125
0
3.21562
0.918171
2.41574
2.24185e-05
0
12.9947
4.30633
1.67884
0.742587
0
3.08566
2.44715e-08
1.31748
1.50285
0.949321
4.2561
1.95285
6.36887
0.990195
2.10788
1.65728
1.79904
0.200331
0.0856177
0.332633
4.99137
0.912834
0.0747412
0.19608
1.53661
11.4023
0
1.56664
0.516346
0.972966
0.00841264
0.0705772
0
13.8465
0
0
0.00254271
1.60962
0.0136253
0.0138021
0.0205237
1.80455
0.000219619
7.94454
3.48654
0.188237
0.1082
0.138528
0
7.01639
1.87735
4.94258
11.8405
0.0234857
0
6.06725
0
0.000164639
5.43135
6.89425
2.26068
0.775891
1.71503
25.2484
0.0217401
0.256781
1.95381
11.0921
9.08763e-07
0.638027
12.6022
0.036649
1.53397
0.0221624
2.85595
1.58594
0.556957
6.29052
0
1.12108
0.698456
0
20.4854
9.74503
0.0364824
0.516363
4.85009
4.06649
3.76841
0.6706
0.00109512
0.222663
0.0151323
0.0647347
0
1.37659
1.65485e-07
3.95129e-05
2.78175
0.0456053
1.38632
5.3751
0
0.890898
0.877044
0.51189
0.022987
0.939454
6.82515
2.86751
5.78445
2.6896
0.00304827
2.88552
0.038871
1.02988
0.806789
1.13557
1.75991
0
0.527579
0.861981
1.32732
0.00836876
0.0796492
1.82844
0.094903
0.977102
5.82927
6.5184e-06
0.582351
0.924906
18.1064
20.2092
2.07699
1.7227
0.176877
0.943151
0.0341914
5.1067
0.000398247
6.41136e-07
2.25412
0.00986482
1.05014
0.0102064
2.02346
4.22128
0.125868
0.00116686
0.00109183
0.057287
0.000134452
0
0.000196038
16.9137
8.05506e-05
1.4087
0.28694
1.28543
0
5.33128
2.71439
6.05134
5.59259
0.227806
3.45723
24.142
2.92818
0.175845
0
0.247565
0.13485
7.77958
3.72545
4.10801
0.977559
0.684067
1.1675
7.81973
6.7503
5.67588
30.0452
1.24184e-07
37.0908
2.50741
6.5706
60.7893
4.0763
0.0729142
0
0.688301
5.15908
2.24752
0
12.0384
5.47207
0.0729906
2.78127
1.91076
0.00348232
6.6773
2.83105
13.5942
0.0884151
0.571644
0.737748
0.911173
0.464159
8.1345
1.39618
11.8693
6.18462
3.2239
0
0
0.0527155
2.31194
6.25787
3.89571
3.97616
1.26011
1.76098
2.46303
3.7733
3.05651
8.63191
9.86174
3.65489
1.77477
6.09426
0.892618
0
0.000263607
3.11432
3.35691
0.588953
2.31131
1.99367
4.34535
1.72722
1.4933
4.41956
5.44675
7.13995
7.91623
7.16255
2.27862
5.94193
0.352342
1.20641
0.00351788
2.71115
2.85109
0.00116796
0
0.158598
1.00211
3.54935
3.50262
7.79021
0.809389
0.316596
0.0319006
7.57781
4.33906
0.145378
1.50393
0.652284
0.147723
0
0.19166
0
0.864703
2.51926
0.414245
0.772327
1.03251e-06
3.80119
0.567955
0.235858
0
0.159809
0.241153
2.40058
9.60246
5.17884
0.00115423
0.433473
0.873375
6.32245
1.39055
0
4.31381
5.27477
5.51373
0.0331198
5.23405
1.23703
1.19203
0.596802
3.11063e-07
0
0.770827
0
0
0.401926
0
0
2.6695
0
1.19205
0.726136
0.0102213
0.162115
0.715731
0.812186
1.58442
0.0231265
6.61802
0.511974
2.24083e-07
0.000753439
0.0600414
0.296446
2.41668
0.0555342
0.821807
0.0760476
0.00157911
18.7817
7.31192
0.0685008
6.0477
0.00361139
0.796425
10.3082
8.82686
0
0.00161852
0.693642
11.9983
0.104924
0.0194859
2.95903
0.849664
1.88605
0.92391
0.314173
0.109851
1.68728
0.0578645
0.0576755
0.840634
2.21698
1.30536
0.719729
0.0959515
0.548447
0.125933
0.806553
0.123715
1.38283
0.290553
0.370822
1.28253
1.64319
0.00617063
0
1.45031
3.11994e-05
0
0
0.000278275
1.86039e-06
26.3778
0.537644
1.11417
2.71987
6.50604
0.16096
2.19695
6.46842
0.00200918
2.57354
2.82034
4.14478
4.28988
7.88552
13.8778
5.58657
0.176783
3.65257
4.24741
6.45404
3.27715
7.08216
0.00753775
6.47415
1.94861
0
4.60437
0.000254798
0.408081
0.120848
0.033313
0.0272037
0.0312752
0.101316
2.33039
0.886108
0
0.957887
9.21994
0.995112
1.0023
0.0702875
1.84219
0.0350363
0.0199529
1.22079e-06
0.0380485
0.654651
0.508401
2.58537
2.26709
10.8741
15.9784
0.0335867
0
11.037
3.55518
0.40399
0
4.36932
0.0165998
0.122984
3.09352
0.00870735
0.0181741
0.00882255
1.43941
0.352808
1.51972
0.0140686
1.32368
1.80813
0.676596
0.0593244
0.0225787
1.96682
9.01916
0.142248
4.03535
5.51253
3.23325
1.57982e-05
0
3.16924
0.0218636
8.87626e-08
1.45758e-08
1.30936
3.50561
0.300967
2.78145
6.51371
0.285653
6.87693
14.5723
0.909153
1.57951
0.501912
2.53324
8.01917e-09
3.81986
11.522
2.68708
6.67755
0.0787884
0.341505
0
0
1.13326
0.177181
1.52571
0
1.41176
2.37638e-07
0
0.427251
0.0142882
9.79286
0.727852
0.439276
0.000115423
0
0.848367
3.05004e-08
3.10416e-05
2.14887
1.35789
1.11776
1.34588
7.25772
3.94534
1.31077
0.333356
4.96144
7.73462
0
0.377298
2.95569e-07
0.686673
3.01508e-07
1.04164
2.363
0.494619
2.09338
0.0242615
7.27595
4.07144
5.731
0.775493
0.144441
0.766728
0.935617
0.031961
0
0.0767133
0.943276
0.331117
0.000495381
0
0.747131
1.08818
3.68241
2.28484
0.407921
1.17631
0.994544
4.00707
0
31.008
0.000131387
4.30167
0.806856
0.414214
14.4376
30.1291
0.115262
0.0333764
17.9932
25.754
2.43395
5.88245
1.87274
7.69991
7.21922
0.784563
0
2.56964
6.17003
1.46622e-05
3.06254
19.3859
0.780494
2.1542
3.47361
4.01461
3.01611
1.37974
0
0.0314072
0.00448765
2.75642
0.00591111
0.00245796
0.00107803
0
15.8162
0
0.251415
0.128914
0.167415
0.0784367
7.60216
0.00814491
1.32883
10.1721
12.1195
2.09006
9.10415
6.02568
0.08999
0.665452
1.50788
4.0342
6.07161
4.68713
0.733956
0.00535404
0.626062
0.336853
0.973817
0.883308
1.29214
0.00488441
0.0493362
3.05791e-05
0.459949
0.000164033
0.037656
0.008809
1.82423
0.063939
0.658969
0.722562
15.597
0.0107722
0
0.328989
1.67836
0
2.98646
1.12124
0.055785
1.01274
12.5134
0.959805
0.00395022
16.6412
0.0491493
1.66253
0.000567639
0.0174177
0
0.0107435
3.88271e-07
0.758016
1.20526
0.465996
0.232294
0.000678077
0
0.0198121
4.12561
0.0848916
0.0419862
4.90769e-06
0
1.51528e-05
2.03978
0
38.9466
0
14.4907
0.217581
0.0926331
3.04549
0
2.4502
3.61757
0.681833
5.7764e-08
1.46283e-07
11.6181
1.0489
0.670148
2.19263
1.03588
1.47359
0.802126
0.732143
0.305311
1.22909
0.268174
0.0852559
1.39068
0.403397
0.423684
5.92274
6.87609
0.00960374
0.119385
0.125056
0
0
0
2.08645
0
0.176558
0
0.709478
0.137671
0.975999
0.267732
0.114712
1.27171
0.112387
0.858618
0.0160278
0.0551595
0.0265014
2.8263e-05
1.11899e-08
0.0298251
0.887671
0.00669325
0
0.000212809
0
0.888285
3.15602
0
1.72872
1.21882
0.00532044
1.62653e-06
17.1401
0.899484
2.03284
0.0203953
0.000185195
0
9.19404e-06
7.35013e-08
6.91892e-06
0.97609
2.97794e-08
0
0.0758152
1.59643
0.00873705
4.39794
0
7.11013e-06
5.61242
0.000610382
0.418941
4.23608
0.000286256
0.97577
7.99299e-07
7.39131e-07
3.41181
4.3652e-07
0.000114553
1.04846
0.140753
0.00190085
1.11122e-06
0.687627
0
6.7541e-05
0
1.79313
0
0.994217
1.2169
0.354712
2.87784e-07
0.00752062
1.29247
0.180715
12.3995
0.753466
0.0178704
0.510612
0
0.0101948
0.000374399
0.0124
0.165476
0.935256
6.63204
0
5.13067
5.79172
3.27614
20.1931
0.735593
4.11344
0.655992
2.72475
0.152793
0.745607
1.01354
0.00762422
2.75761
2.02116
1.21051
0.0710689
0
0.219758
5.35446
1.56832
0
0
3.42363
1.01997
5.03273
0.118398
1.22434
1.44666
0.606859
5.77007
0.0061739
0.592482
4.38259
0.0176175
3.08439
0.312056
7.95605
21.1212
1.87248
1.07765
6.16074
3.26704
16.6729
25.4579
12.6133
1.06561
1.84215
0.000825874
5.2143
2.9644
0.22722
0.102249
0.000304737
8.01675e-07
2.15427
3.55377
4.67561
0.0859335
1.83312
0.0144545
0.0508418
1.20052
2.97915
5.04449
2.63901
4.03048
2.07681
4.93737
7.22308
1.01988
0.0493266
0.000991932
1.81829
3.06799
4.12856
5.65767
4.21461
0.581902
0.0280777
1.607
0
0
0
0
0
1.76575
1.07492
0.329641
0.0638611
3.58834
0.0976254
0.119921
0.251581
1.53367
2.54423
0.561048
0
0.640156
1.0328e-08
1.49643
0.0738
2.29288
0.111294
0.958316
0.26953
0.708489
0.997707
0.627079
1.19134
1.26658
0.737519
1.00141
0.597019
0.475869
0.278616
1.2546
0.00545359
2.03507e-06
0.357538
1.47786
0
0
0.653061
7.03597e-05
3.76242e-05
0.304741
0
0.0148905
0.574338
0.03589
0.998701
1.04397
0.94745
2.65684
0.0587858
0.399057
0
1.56995
14.0255
2.23361
13.1707
11.8382
18.5871
26.2213
23.4778
36.2996
13.3669
36.1946
10.5385
4.65636
1.32078
0.411426
0.0276517
7.42589
2.7824
11.1792
7.23909
4.61592
3.04667
1.85682
5.10762
7.70106
15.0964
1.60916
4.85292
11.6214
6.57092
8.50938
2.3529
0
7.06653
0
4.90528
7.10073
17.378
8.05251
1.15931
3.47612
6.06554
2.33933
0.125821
4.16446
2.61996
0.266342
0.757624
23.4389
10.5419
6.24028
3.80954
12.7693
12.2928
3.94192
8.09627
0.868134
4.5869
6.13707
2.73791
0
5.44673
2.32635
2.89269
2.11419
0.934935
0
2.21023
2.1717
1.45143
0.644053
6.62233
2.85746
0.0815383
0.516194
0.312144
1.22321
0.947843
1.51883
0.510824
0
0.111329
3.26085
0
0
0.0331535
0.0414753
1.01361
5.11962e-06
0
0.159656
0.0195703
0.029393
0.288451
0.9847
2.13077
0.981405
0.840578
3.07472e-07
11.5529
0.25588
21.0754
2.05678
4.76309
1.84929
0.622812
10.1136
6.37102
0.845212
3.24303
1.41942
3.22031
0
5.33203
1.46295
3.00347
0
3.79733
0
3.3953
3.96461
2.17321
1.64568
1.08068
8.1929
0.720974
1.8443
0
0
0.80547
2.41192
0.686359
0.0173615
1.39868
0
0.0933555
0.380422
0.00417227
1.154e-07
0.00084766
1.05351
1.94073
0.0119054
0.0150899
6.39736e-06
2.74483e-08
0.783813
0.024516
0
28.0476
0.194079
0.00126699
0.550864
0
1.94925
2.23128
0.476367
2.07269
5.8288
6.03703
1.02799
15.9089
0.286159
0.799999
1.72318e-07
0.0768145
0
1.07904
1.70231
1.34173
0.678771
17.3398
0.109256
0.528539
0.252409
0.719205
0.0064978
7.74829
0
0
0.999375
2.14343
1.09059
5.6371
0.426045
0.575909
1.49722
2.14858
3.06273
0.0287929
1.28351
3.78072
0.303182
1.76087e-06
8.06099
0.628167
1.23943
0.61273
0
0.234681
0.562851
9.96083
0.732306
6.87697
0.03803
25.7563
0.000307886
0.208313
0.738979
2.99455
7.96239
1.3012
1.45186
52.7944
0.0578353
0.098249
1.17827
1.83833
1.57637
0.26937
7.59941
4.2693
11.7021
10.6936
0.178079
8.67715
11.5877
1.73671
5.32671
0.0186089
41.44
1.59231
0.782441
0.642334
6.47795
4.3945
6.35406
3.43182
0.0385558
0.278873
3.22064e-06
0.894407
0.014087
0.865121
0.0348672
1.02375e-08
0
1.74573
4.42114
3.76759
0
0.977961
0
0
0.037221
0.0428734
0.966302
0.0449806
1.86554e-06
0.088498
0.882021
4.5624e-08
0.240534
6.02457
9.54497e-07
5.86321
2.15768
0.956191
0.00011721
0.00325584
3.42291
1.56454
0.00545234
9.4002
2.48308
11.3369
0
0.753466
0.88876
0
2.07367
2.74184
0.0215406
1.04327
0.304398
0.0301365
0.844634
0.000122106
1.96172
0.00122324
2.89784
1.00375
3.9626
7.53403e-08
0.518019
0.000699876
1.0645
0.697063
3.6712
5.03426
11.6641
0
2.90792
7.98193
6.39007
4.93759
0.042217
0.976206
13.4517
0.901483
0.0843552
0.0700141
1.11959
0.128701
9.87511e-05
0
0
0.0135407
0.466672
0.00172064
7.12548e-05
0.8992
0.00837409
0.112375
0.0595415
0
0
0.00738165
0
0.170819
0.301308
1.04622
0.040849
0.912242
0.909327
2.32429
0.867224
0
2.03308
0.465366
0
0
1.84479
0
9.43857
0.00680442
0.124484
0.8677
1.70977
0.242396
0.908347
0.221154
0.595666
0.452935
1.94826
1.07933
5.73547
2.33952
2.94698
2.27935
2.08542
3.13623
2.6534
2.76012
4.93797
5.6597
0.407188
12.9208
4.21862
5.79205
2.28333
4.72954
1.64358
1.40911
0.999282
0.728828
1.22295
0.305106
1.98587
2.72436
1.22342
0.0661921
0
2.90552
0.0401562
0
0.0401142
0
0.0588911
1.91783
3.6705
0
0.66252
0.0213765
0
9.45565e-05
0
0.705149
0
7.80573
2.70257
0.321471
0.000314351
16.737
7.5982
1.78338
1.57242
1.42434
3.64543
0.721572
3.2781
4.93663
0
4.78565
4.3833
1.06524
0.763656
0.854038
2.36384
1.66782
2.10898
1.81401
9.06074
39.4105
2.05796
1.01691
1.98224
0.627812
4.18095
5.61652
5.15976
9.49155
6.71142
6.19786
4.40672
9.55464
10.2437
9.31472
8.80962
4.237
25.4584
19.6041
9.44401
7.71809
5.65486
2.80498
0
3.98134e-05
0.300082
1.16324
3.0719
10.1211
6.3607
5.56758
4.79949
4.91873
2.82436
2.69809
3.54807
2.08616
0.591381
2.18763
0.689057
1.04664
2.31787
3.52309
1.08835
1.04134
30.8711
3.50883
0.490806
2.84738
5.11366
2.37532
0.925969
2.05001
1.39989
3.38245
3.5425
4.00098
5.0296
0.562591
5.27852
3.10569
10.1506
31.9709
7.85133
10.0911
4.89044
4.10842e-07
0.33134
1.03485
1.46858
3.10892
6.72435
7.41151
0.00921661
9.03036
4.92237
5.69736
2.95494
3.39797
4.77866
3.70601
16.0341
0
0
0
45.9874
32.156
16.8913
0.0598926
23.4591
1.36318
2.16969
0.129843
0.32476
0.320294
3.37651
4.98953
0.0879087
4.21785
5.88481
6.6681
3.11673
2.80193
0
7.59835
4.49572
2.61866
1.1156
0.0452363
0.647394
1.67019
2.6477
2.32531
12.9743
1.51109
12.2793
1.86376
0.665079
5.70245
10.7393
27.8744
1.91521
12.9376
1.74623
8.15303
1.88038
32.4494
3.64431
7.21019
4.67509
4.30208
28.5995
0.940855
1.49129
0
3.06509
0.000808759
0.381598
3.83924
3.98717
1.09423
0.0706629
1.10434
1.08553
4.47291
3.93553
2.36614
6.433
4.67178
2.88225
4.93124
3.45119
3.09262
2.2379
4.70624
4.25858
1.41853
4.20124
3.1162
0.868658
2.02546
1.06721
7.99205
0.0772965
5.16781
0.126765
1.09255
3.55056
2.82698
5.72433
1.40745
0.00362
2.03351
1.3908
0.0283556
0.186204
0.647309
9.16256e-05
0.0239159
0.867042
4.90257
1.62145
0.513836
4.89943
2.24706
0.101415
0.018598
0.779775
1.41746
2.74942
1.66119
1.93219
1.33143
0.0293687
0
3.12532
2.11374
0.0341768
6.6002
0.953055
1.00867
3.85406
0.0611524
2.04797
0.0874276
0.0139785
1.29716
0.923485
2.02671
0.998446
1.28788
1.14358
1.18904
1.17802
5.1571
2.9683
1.12989
3.15612
0.143164
2.13115
0.0500385
0.971595
0
0.162524
0.872772
0.617919
6.03934
0.962018
4.4529
0.0729738
3.30069
1.46523
5.86427
2.37044
2.90064
4.36949
0.00299687
5.42481
3.35701
9.09899
0.000451217
4.16395
0.284459
1.29384e-05
0.775044
1.76574
2.03439
6.22052
0.660935
0.196977
2.78453
0.145663
0.991109
0.0553976
0.741476
0.00857516
0.0133856
0.0941299
0.0839004
1.97529
2.74908
8.20482
0
7.89946
3.77047
1.03775
2.16979
19.4721
0.932473
3.0918
0.152387
4.09884
7.2135
5.87669
4.28585e-08
0
0
0.00011322
0.646345
28.3542
0.488786
1.20554
0.318704
1.07037
0
0.176289
3.74005
0.790219
0.000419407
1.23093
0.327259
1.2468
0.00698527
0.147341
1.05147
0
1.11096
0.020269
1.79444
0.582217
0.000246066
3.43703
4.61117e-08
0
0
0
0
0
3.02216
7.45675
0.0920002
1.92519
2.77764
8.96668
3.92278
1.16888
0
0.787367
0.00173187
0.0113671
0.0638941
0.365239
0.929513
6.73201e-08
0
0.545795
4.22536
11.1226
2.47243
0.000132669
0.784054
0.159254
0.177983
0.876546
11.163
6.14982
3.9308
5.24843
1.10631
0.329324
2.40703
4.93846
1.25981
5.61859
0.277828
3.59485
0.312216
44.8513
0.000218997
44.9723
37.396
0.905915
0.00597612
1.11244
1.85801
0.00429746
0
0.0414463
1.47758
9.01802e-08
0.470803
1.53423
0.0421123
0
0.313893
7.19642e-06
3.18238
2.30246
2.09026
1.19141
7.58963
6.67806
0.792073
0
6.31589
2.83039
2.34298
4.22101
2.02403
1.75235
1.5855
0.0415193
1.17508
0
3.33071
1.1998
0.411106
0.115781
1.4149
1.6105
15.8757
34.9777
0.999232
2.31058
1.92389
1.94547
0.0178435
4.32601
0.156713
1.20102
0.461378
0.0235539
0.527576
3.62435
0.000325154
0.942644
8.12297e-07
0.0691979
0.083772
2.75783
0.103763
6.14414
0.117626
13.8254
0.529777
1.26331
8.20689
9.49927
9.07975
10.327
15.0068
0.00702374
0.365829
4.01887e-05
0.869075
0.463016
0
0
0.00311855
0.786418
0
1.19826
4.0866
7.80688
23.2517
3.687
3.85498
0
1.87628e-07
0.119714
6.10047
0.638826
4.37769
2.18641
9.94843e-07
0
2.9014e-07
9.66783e-06
0.00323596
0.732635
1.17293
2.00262
0.0444052
0.721643
1.00008
3.86796
10.9823
4.62883
3.48756
7.72071
0.811875
0.531077
0.39692
36.1938
0
33.188
0.000459034
0.000279663
13.7337
0
0.814391
0.0107782
0.850496
0.602623
1.10873
0.018253
0.0882234
0.965217
0.0284781
0.221939
0.758145
0.93746
0.536859
0.423734
0.000628105
0.281546
0.314048
0.0257676
0.105188
0.830534
0.0190147
6.07243
1.25213e-06
0
0
0.803932
1.93381
1.03056
0.503524
7.69208
3.92362
2.94852
14.8324
3.54269
11.0513
3.72553
5.60977
2.35801
0.691297
3.37894
0.461786
1.44796
0.0261997
9.55797
0
9.65721
7.15513
0.676068
1.08013
0.000433876
0.921835
0.682498
11.153
5.73791
1.69164
8.46872
2.77688
14.3377
0.000449697
1.23005
1.43944
1.28712
4.2807
4.4718
0.862222
0.891882
0.000180404
12.6216
0.989623
8.42317
19.3029
0.987952
0.033081
74.4629
39.3386
0.978987
0.0154428
0.0448578
4.09244
7.51567
1.19284
7.161
0.000201645
3.55399
2.46186
8.60695
2.57838
5.77587
0
2.80553
2.20058
7.65473
5.82872
0.717638
7.02581
3.88191
4.10169
1.25232
4.27091
6.44038
8.7531
10.2293
3.89693
30.0659
10.3025
8.87704
8.64709
8.97367
0
3.34081
11.4468
5.24263
0.308568
10.3892
0
20.5566
32.8409
0.0988607
3.63636e-07
2.07435e-06
26.6193
9.37244
8.11618
14.8026
0.176388
5.81509
14.3059
7.60819
4.92027
21.4798
4.82655
0.734166
11.1226
14.4041
4.39934
3.72985
25.7193
3.45896
15.4925
4.53605
17.1602
17.7723
0.432392
15.7455
12.0403
6.17111
0.753268
6.96822
16.1276
49.0317
23.3584
0
17.1762
7.15589
9.34555
0
2.45314
5.07742
1.86456
11.8471
4.36959
6.30257
2.22959
1.73768
0
2.73442
1.15318
5.35691
0.20817
3.05724
5.98527
2.29406
8.15544
5.00926
0.899979
12.2842
0
6.06619
7.36472
3.21803
3.57086
3.16104
13.9795
5.41138
24.8366
3.786
1.13224
2.83557
2.41507
0.969673
3.92033
2.81489
5.39343
0.0630415
4.4879
4.69636
1.06477
4.52066
0.204188
2.78503
2.32145
0.000250468
0.418307
0.961062
3.35971
1.05426
1.73868
1.73627
0.105509
3.19505
4.46612
2.0311e-05
1.72888
0.283771
1.68225
3.02187
6.2903
0.0559754
1.24
5.86959
1.72301
5.85305
0.878235
6.56791e-06
2.31961
0
0.189229
0.784652
2.68994
5.78778e-05
0.474405
2.05635
2.92895
0.517374
1.59733
3.79234
6.23826
7.42348
5.9579
3.89845
3.1582
2.05308
2.33972
2.3024
1.92611
1.86333
4.25586
5.41599e-08
1.56514
9.87232
2.17125
0.270535
0.155913
2.11568
0
7.78149e-07
1.34961
3.58526
1.79286
2.86474
10.6164
2.12548
3.06956
5.91604
1.42245
2.55645
0.91431
2.98475
0.0852244
0
3.71537
3.08877
1.27772
8.30746
0
0
5.39024
3.38047
11.5311
4.89519
0.137884
6.17625
0.388355
10.9595
2.76158
7.32063
0.0332459
1.40166
0.090785
0.262352
0.941514
2.37505
1.111
1.74992
2.34938
2.41185
0.536622
0.303436
2.8713
0.859048
0.0664617
2.63625
0.511817
3.10031
1.90632
0
1.55679
0.427298
3.07886
2.64322
5.35165
2.32072
0
4.86789
0
2.59716
3.89623
1.71363
8.0943
1.57509
0.264914
44.5694
0.369434
39.3258
0.775401
13.2257
7.68098
1.95761
6.06477
1.37975
0.993929
0.0379863
0.428155
0
11.8358
0
2.4186
3.21387
7.8021
1.89301
5.69173
1.20416
1.45483
4.17444
4.60856
8.51917
0.963356
14.2225
11.9647
1.06954
7.03661
0.0830168
14.9641
6.32952
1.32405
6.25914
5.695
3.05483
2.18208
0.378646
0.00043071
0.951759
0.804971
0.0512181
1.7293
5.93652
1.53622
0
0.579401
0.956665
4.88162
2.12526
0.812336
0.102311
0.782526
0.910667
0.18805
3.01063
1.31877
0.0389902
0.263804
0.525679
0.792959
0.843278
2.68104
0.36178
1.09429
5.9357
8.47284
0.526854
1.87574
17.0464
1.43527
5.7475
0.17016
43.9462
0.853319
0.517171
0.958743
0.997442
1.84186
1.06117
1.57586
3.31463
0.958148
1.17887
0.286797
1.25875
2.19291
54.2708
5.87507
14.7845
2.75251
0
3.31427
13.347
0.85586
0
0.329722
0
1.23774
0.761659
1.08948
0.0146822
0.574897
1.52586
1.24878
0.000669097
8.01634
0.158512
2.87
6.50743
0.869785
0.232442
8.52261
1.39251e-06
5.39789
0.914548
0.826415
0.321203
0.391117
0.521318
0
0.0311651
0.0725589
0.507988
1.27635
3.80339
0
0
0.0274884
0
0
0
0.428911
1.40817
2.60027
6.45233
1.24063
5.27749
2.12737
7.80035
2.72611
3.93711
4.55373
6.10466
11.5271
6.52718
1.89217
0.97207
0.217794
4.27503
3.14328
2.38496
0.564858
21.3165
1.89236
6.59946
6.54143
6.92222
0.367472
9.89433
0
0.0981185
6.96071
9.46854
0.23926
0.303497
1.04033
0.792684
0.95975
0.971772
0.00477785
1.33324
0.802078
1.40236
1.25927
1.09124
6.01705
1.53833
0
1.05483
0.529004
2.18559
0.877129
1.02615
1.71264
2.44318
1.38242
0
4.33742
0.0306359
0
1.4638
0
0.00206183
0.0302674
0.74694
8.51366
3.71705
4.28775
1.85043
3.40827
4.15112
17.5534
6.2835
4.49622
0.190745
0
3.4992
4.09125
0.0800112
4.76684
1.90986
0.0701891
6.09587
5.87075
0.00464423
6.8927e-05
3.15549
7.96022
1.63611
2.21574
1.76151
2.63579
8.62044
1.97456
2.74668
1.43604
0.175564
0.0281591
0.208628
3.13888
4.90683
0.000841731
0.0132116
22.9021
0.573956
0.0570812
0
0.0766638
0
4.66601e-06
3.38483e-06
5.46547
2.35168
0.851283
0
0.147751
2.70314e-07
22.8362
0
33.3717
17.9416
0
25.992
2.81393
1.557
2.85062
8.93415
9.91585
3.80815e-05
0
0
0.000962252
2.42861e-08
8.19192e-06
0.131195
4.07528e-07
2.24561
2.62982
4.39327
5.10074
0.0459346
7.30524
0.572824
1.17953
0.794244
1.25244
1.95761
1.46814
3.92803
4.42456
3.22702
1.22304
28.7099
14.697
3.42089
4.66383
7.05565
2.53605
10.5155
5.64907
2.07993
6.29738
2.41729
1.19465
0.0567953
2.18806
13.9842
4.14064e-08
0.000410368
0.043873
0
0
2.80014e-08
0.0384529
0
1.12507
1.72846
1.73484
4.81309
2.82602e-06
2.28064
0.011076
3.96863
0.0242847
4.41333
2.48308
3.01626
12.8119
8.24174
18.2017
3.3548
2.2955
0.0226213
1.23283
5.39402
2.01289
3.57742
1.36612
4.12914
0.773392
10.1312
0.592418
3.84305
3.68721
0.985907
2.93625
1.9413
0.681586
8.42769
2.57109e-06
2.26798
0
2.47919
0.0714044
2.82851e-05
10.8765
0
0.00264322
16.2169
1.79712
3.39333
1.07303
9.08358e-05
1.93494
7.99435
1.58194
7.50506
1.92768
9.08849
0.809528
0.00121982
1.98862
2.74488
1.67089
0.0493725
8.99251
0.282197
4.05165
3.18014
2.45905
4.44072
1.72995
2.45267
1.2424
3.26139
2.98483
3.92155
0.701243
2.37844
0
0.848987
1.22247
3.86267
1.59238
0.0433157
0.0297201
1.83742
1.10066
1.94296
0.939148
1.73391
0.834148
1.48929
1.7063
2.51225
0.827961
2.51163
13.6412
0.429913
22.0758
11.484
7.2005
6.20266
7.82485
0.00424883
0.170301
1.87307e-06
0.931466
0.0649991
1.42584
3.7501
2.54312
0.136349
1.33722
7.45379
10.7999
12.9994
0.623032
14.1292
2.10459
0.317945
1.03167
12.3816
2.9058
0.212284
5.99434
0.700895
3.38394
11.6016
0
1.07067
0.0622571
1.72211
3.05182
0
0.0284865
5.15352e-07
0.00838054
0
0.0211679
0
2.80823e-06
3.20217
0.573731
5.88135
4.18863
0.694163
4.2425
4.07676
2.70995
13.2967
11.7865
7.13889
0.69816
0.053538
0
1.77327
0.547575
0.00111321
0.0267277
1.24246
0.302373
0.0212996
3.61783
1.08984
1.2318
8.20182
0.0395663
0.912398
0.0128127
0.247904
6.24844
1.946
0.80594
0
0.0983197
0.836184
0.00687299
0
12.5779
9.59093e-08
0.240788
1.4198
0.0352569
0.831231
3.95598
0.468461
0.821587
0.794972
13.4047
15.3269
3.11563e-05
0.228938
0.387441
1.7427
0.0128357
1.97178e-05
0.49171
0.509301
0.0323794
0.107105
0.00676456
9.62762e-05
2.52599e-07
0.00297985
1.25321
2.26203
5.2617e-09
0.691382
6.91034e-05
0.669715
4.51421e-06
0
0.96283
0.0187443
1.60231
1.53081
0.0996934
0
0
7.57149e-07
0.000206737
1.21373e-05
0
1.03839e-05
0.0995375
0.680734
6.83928
1.39473
0.0516679
0.370773
0
0.350137
2.74059
2.38431
0
0.692215
0
1.63925
0.896643
6.72843
2.07098
0.649813
0.991509
0
0.160664
7.32036
3.25956
0
1.17668e-05
0.903168
0.103485
0.128001
0.000157482
0.969546
0.45336
0.269461
0.000149272
0
1.02034e-05
0.322115
0.126102
1.18791
1.89457
1.4623
5.83084
0.997347
4.40349
1.36019
1.48271
1.58675
0
3.90866
27.6119
1.60856
0.179663
0.538039
1.35544
0
0.699452
0.0302916
0.0743399
4.0939
5.43839
4.53379e-06
1.85051
0.0674767
0.0420015
2.27191
4.16264e-08
0.305914
1.16506
3.19197
0.848222
0.00638475
0.897392
0.00813971
0.00748404
1.0204
0.197987
0.321325
4.81086e-05
0.0353702
0.495525
5.52872
0.0658936
2.77172
13.4915
0.0403754
0.00145702
5.45072
9.11235e-08
3.54384
3.31728
3.13714
0.465429
4.43297e-07
1.9236
30.434
8.29166
4.77131
0.0103791
1.91763
13.8624
4.28629
11.4936
3.2446
0.821343
8.03706
0.861807
18.2452
0.374879
4.93775
4.33599
1.11394
0.141115
4.8689
0.174252
8.11985
2.45413e-05
7.2787e-05
0.696512
4.59497
0.0583348
3.20442
3.41034
1.06739
5.63461
0.000113638
5.37692
4.32194
0.461841
0.293181
12.6045
3.56983
1.30963
0.94016
5.22175
1.69774
2.35611
11.1323
2.3162
2.1006
7.83283
4.02195
2.07703
3.63269
6.74945e-06
3.0754
7.53214
4.72767
7.35055
0.557958
0.0791863
0.0389153
0.0272468
1.72056
1.60596
0.975261
1.00013
0
1.08713
0.702721
0.783474
1.90214
0
0.00395441
0.000283699
1.30537
0.00181276
10.6863
0.639296
1.06042
0.0630821
0
8.82274
0.0167995
0.202403
30.2723
0.47717
0.157402
8.08173
7.28622
1.26352e-05
4.08301
0.925774
0.942302
21.1213
4.00403e-05
0.654109
4.89043
2.2803
0.0123836
27.6357
1.29038
0.107575
1.01302
2.01479
9.2985
1.75117
0.360044
21.9091
1.94215
1.1705
1.37258
5.87864
1.63663
3.81868
1.2961
4.87334
22.6349
24.7744
34.5414
27.6322
25.189
6.14698
2.31923
0.794242
0.948713
3.85684e-05
0.664241
2.34467
0.0500104
2.83441
5.09261
2.81978
0.523847
0
0
0.657442
0
0.665124
1.84151
0.0743686
0.0916562
1.01319
1.12189
0.576635
0.00542395
32.0803
25.2881
0
5.92247
23.5514
20.5709
0.250499
1.20577
2.90799
0
7.06261
6.76938e-09
0.992856
1.08057
1.2641
12.9799
3.94627
11.3431
1.83273
6.70914
13.6703
2.56848
47.0487
5.93466
10.797
14.478
5.31458
1.00867
0.137959
2.77869
0
0.325412
0
1.99737
5.68867
0.0339401
1.05731e-06
4.75246
14.2514
13.8478
3.41645
4.26205
1.63034
0
0
0.00756288
0.13523
0.889562
0.462436
1.10368
2.32054
1.11591e-06
1.16943
4.46074
5.15508
0.920852
1.66706
1.86756
3.4656
0.0190811
8.43452
1.99579
0.556997
5.08319
0.263485
2.56116
0.550276
0.443472
4.23186
1.11968e-07
0.754487
0.226765
0.350406
0.151721
1.89384
3.89318
1.33148
1.90004
0.459852
0.106642
0.0123802
0.53508
5.14834
0
0.367164
1.1568
3.42091
0.321091
0.10469
0
0.81377
14.3738
0
0
3.28706
