1.61349
1.46877
2.34036
0
0.58924
6.75884
0
5.07875
0.800372
7.61751
24.9967
0.952441
3.92203e-06
1.11899
4.94302
0
0.851275
20.6249
17.8789
13.8235
7.02471
1.85682
5.76978e-05
2.70841e-05
1.82306
3.27477
3.22652
2.30358
17.2179
5.8661e-07
0.488643
3.99997
1.63604
1.97261
0.25373
0
2.40573
11.1687
15.5192
17.8065
8.97183
16.2164
2.50171
11.301
1.57633
7.90705
2.42968
0
0.437341
0
8.43871e-06
1.29702e-05
8.17517
1.9496
0.133789
1.27618
20.1123
2.37396
0.135587
0.436862
5.20136
0.00611264
8.6012
9.56353
6.65334
0
3.41231
1.22947
1.77587
1.07332
17.7923
0
0.000102484
0.021514
1.00037
0.0246945
5.55932
1.333
0.0831139
0
0.00601631
4.18559
0
0
25.8614
3.50203
7.72885
13.0865
6.38571
8.8715
17.6437
16.1026
0.962988
8.00524
5.75947
12.4434
8.29369
29.096
0.939516
0.703148
5.91369
4.26275
9.20427
10.2567
11.9832
3.86578
9.98523
8.89284
8.8161
16.1198
9.21091
6.79995
5.66303
11.396
6.58445
7.42044
1.80387
1.24325
3.92198
4.21387
1.86313
4.77737
2.44593
0.515153
0
1.94406
4.05544
0
0
4.70739e-05
8.57901
5.51593e-09
2.10164e-06
17.0793
4.0459e-05
7.74784
14.0695
1.88711
4.97856e-09
2.31899
0.687651
0.00736832
0.803569
1.6377
0.11935
0.0296022
0
0
25.3701
77.7834
0.336427
0.0212868
0
1.0004
6.84627
0.204568
8.37103
4.50117
4.62914
0.506315
16.7402
6.87239
17.2502
19.1683
0.022949
4.04298
3.20238
11.094
0.00192295
0.0298312
11.0123
1.84367
8.06788
2.44267
0.461225
0.0024444
0.00353847
0.876314
0
1.08183e-08
0
13.3872
0.0126473
0
7.39922
12.106
10.4156
4.4974
12.9919
20.5696
16.9369
18.6762
8.91831
9.54221
1.08862
0
9.69465
6.52935
8.22919
12.8403
37.4365
73.8059
20.6419
37.9887
28.4889
3.93488
23.8786
5.7628
70.8783
8.2861
26.6564
26.1068
0.852844
21.7805
18.5925
16.5112
4.47407
16.1755
13.5208
1.49668
1.24684
0.626538
16.6353
3.63224
14.0636
8.29149
22.7639
19.4141
26.2192
0.820998
0.527438
1.01639
20.4589
0.187628
1.44243
1.02374
1.44699
2.4255
2.7007
2.48688
1.75739
2.28119
1.71506
1.59914
1.44105
0.159395
0.86519
0
1.64114
3.92168e-05
0.0107943
2.20099
0.706876
0.510941
0.287637
1.92102e-06
0.91528
0.154979
1.0451
0.426896
0
0.0589229
0.937982
0.00851841
0
0
0
6.15739e-09
0
8.72401e-06
0.469454
0.143319
25.2374
1.55039
0.68575
0.138098
0.000270721
0.00605442
5.69847
0.0458366
19.5115
0.025459
0
0.000798714
0.0380415
0.882704
2.11261
0.653762
0
1.82855
0.000721446
0
17.0931
0
0.48991
0.164138
0.0722326
20.7651
3.15899
17.0587
5.58106
2.00633
9.0497
11.1433
1.32378
9.20935
1.35101
2.40922
0.656158
0.980813
1.71295
4.62982
1.54297
4.16123
5.08447
5.19325
14.3823
6.15216
10.3244
5.59653
0
3.35213
0.268318
0.98818
9.21342
2.7786
4.47648
0.00167678
0.368563
0.058984
0.457692
1.0528
6.76897e-08
2.51021
0.964409
5.34384
5.02633
5.38592
3.21112
0.638232
16.556
2.9143
1.35009
0.560108
0.958419
0.143456
0.00109245
1.99594
2.73408
2.09717
1.44331e-06
0.0965857
18.096
0.713119
0
0
3.43979
8.51983
0.15632
0.560213
4.48372
2.40503
0
3.78273
0
0
0.934704
1.85395e-05
3.54159
1.43722
0.523381
1.34164
4.34777
4.11802
1.30243
1.12157
0
1.65031
4.74057
7.44374
13.2205
6.10947
0.462646
7.81845
6.76544
4.15896
6.92191
12.9898
4.70284
2.32603
10.3328
2.40423
9.40062
2.28186
0.28998
13.9866
8.19104
2.31988
4.15186
14.1609
3.22295
11.469
8.68327
7.77649
13.9419
6.36205
9.89662
13.2868
9.91111
2.91376
4.20652
18.8196
2.93518
5.40701
4.61135
7.3319
46.3621
8.77175
13.376
0.973379
1.67623
9.41777
38.0228
27.0392
24.0655
26.1995
6.12615
18.4056
23.9525
7.70376
19.1157
31.4558
28.4824
25.2184
18.7985
6.13368
37.6096
0.348081
14.1437
16.7212
16.6048
10.3292
8.98166
9.29694
11.0837
0
3.95916
0
0.630583
5.92144
18.2599
0.818237
9.75556
11.5611
24.4883
7.46106
14.989
16.1782
9.16482
6.83881
9.69033
0.669826
0.116679
0.000260099
7.29381
0.746383
33.3018
4.70219
2.0614
0.522357
3.56144
1.08314
0.167965
0.852375
2.25761
0.00363045
0.876511
2.09937
2.44677
4.87099
3.54025
2.9114
0.30421
11.9172
14.3467
5.44118
5.0445
18.3108
1.74259
16.492
14.8035
17.4497
13.0019
0.853252
1.48321
8.67279
0
0.569608
0.799886
0.00313871
13.6786
25.3768
3.11258
8.55619
11.876
4.26781
3.18633
4.58453
4.64766e-05
2.07823
12.0014
1.52843
0.635739
3.43348
4.01078
3.20913
6.38048
11.6978
3.51235
3.73933
0.735509
17.5865
8.04661
0
0
7.25448
0.17707
5.4246
0
1.35687
0.00135694
1.39347
0.00786427
2.41853
1.77063
0.843588
0.80313
0.0133582
0.0317449
25.4972
2.4161
0
3.65039
2.79911
2.18808
1.42147
23.0519
23.3985
19.2219
11.8322
8.2099
13.861
0.437882
22.2349
0.309244
13.2781
14.0377
10.9971
5.78882
4.94922
0.995325
0.830982
2.32732e-05
2.72063
0
0.0671302
6.71021
0.0403197
14.1911
8.02284
1.65885
10.7948
5.20355
3.02009
1.6691
4.1196
4.08724
22.7877
39.1858
2.37891
3.52709
1.99634
5.12567e-06
12.4177
4.13102
2.17843
1.19981
3.8695
11.524
0.871158
0.936223
2.44049
1.24599
0
1.03393
3.7885
13.3716
0.00673422
0.874602
4.81474
0.937792
7.17601
6.47238
0.00727553
0.984674
6.12281
0.00916776
0.811314
0.0585247
1.99296
2.24354
0.527672
9.60622
14.3479
26.0136
0.233055
0.375143
0.00142978
7.34473
0.134856
9.94889
9.01511
0.673387
0.628248
0.760846
0.949492
0.898676
18.4738
0.618437
2.31637e-05
0.522944
0.057319
0
0.111246
5.34043
0.000186504
6.51161
13.6763
6.12092
2.28669
2.08056
0.936382
7.6767
10.6436
0
0.000271242
1.25579e-07
0.0282981
21.8771
30.5454
0.0686918
12.6258
0
13.5941
24.4451
8.13646
14.0039
0.901986
0.225997
0.720952
0
0
3.44898e-06
1.0412
0
6.90729
3.24887
2.9576
1.254
14.7653
0.0524455
20.6345
3.97524
16.2304
16.1287
0.870663
9.31872
0.0660643
8.7908
16.0142
0.510884
0.100085
6.09483
7.07357
0.030458
7.48422
0.000407421
2.76045
5.46794
17.1959
7.79061
13.7783
7.83879
14.6896
17.9071
1.16545
0.333592
1.54253
0
0
0
0.0945149
0
0
0.2833
13.8399
1.69937
2.65214
1.18155
0.00172107
3.4916
5.8186
0.0445008
12.5399
1.81848
6.29436
3.23835
7.03613
7.43533
20.8692
20.1086
4.92001
8.43659
14.4966
8.60539
0
2.27848
12.481
2.31196
0.328758
13.2849
3.51095e-06
31.2241
86.15
8.92051
38.5554
18.1667
6.9072
11.2444
0.54149
0.0072265
11.5464
28.933
0.0165195
0.817254
1.04154
0.386501
17.8841
0.831104
0
0
0
0.00518894
0.00384385
9.08349
14.1026
7.6208
0.22428
0
0
0.964925
7.76949
13.6376
1.84173e-05
0.441966
45.9175
0.077539
16.3695
1.98499
11.9146
13.2511
16.1064
15.3814
0.0187456
2.18901
2.88942
0.784157
0
0
0.251264
0.00199797
0.225258
4.23203e-08
0
0
4.06976
8.65973
1.05162
13.7007
5.63276
3.95382
6.83657
2.53458
3.72573
2.11587
0
4.97546
1.10612
7.42206
5.19649
28.2167
3.83244
7.22547
1.13377
0
12.5711
0.785051
8.57978
0
0.151918
0.0227915
15.2105
10.4668
5.85607
8.36296
7.21039
14.6354
1.16107
0
0.123157
14.4677
1.16617
0.153091
1.94832
0
0
3.1066
7.44284
2.07022
0.978888
1.76766
16.4962
7.13172
4.89464
4.36961
4.57874
19.3225
0
3.15186e-05
9.70868
12.8145
19.9392
8.15288
0.683492
0
0
1.98588
2.57076
16.5413
4.79578
0.0570901
4.86147
17.3453
10.5656
0
14.7461
0.050503
0.803121
11.1514
0.0148718
0.704399
15.9363
0.0535183
0
0.153688
3.907
7.44918e-06
0.98225
0.0263308
3.91855
3.61968
0
0.592525
11.7993
0
21.7601
0.0218479
4.12426
0
3.46015e-05
0.543957
0.0593526
4.29618
0.654678
0
5.90085
7.68171
9.35951
17.2007
0
13.3469
6.53443
1.17651
2.00738
3.66487
6.7071
2.08398
8.90776
10.2118
4.79116
5.12413
4.81345
12.2166
9.49526
4.98492
29.3181
0.261584
9.53724
1.75445
0.328716
8.82754
0.170014
3.7415
1.79286
3.30154
1.13008
5.85083
6.04637
0.701339
0.000475857
0.684214
0.120264
0.666111
6.60743
9.23703
20.4629
19.9482
0.857871
0.877943
0.000229044
6.94277
16.4339
0.00667557
15.5118
3.61525
6.5356
0
1.15941
1.11638
5.12872
1.14607
16.6247
9.56547
0.111044
0.244704
23.4332
0.131654
0
5.35388
3.13907
3.92745
0
6.41925
8.76686
7.78165
1.00642
3.33172
5.16385
0
0.0809
2.46053
0.530954
0.311481
2.24022
3.08633
5.39678
32.4087
19.9493
1.40327
1.05645
0.385062
0
19.7524
7.1204
3.35525
7.73994
4.86998
23.4335
4.90222
0.00727722
0.069129
2.33296
0.830863
4.48972
0.355354
2.15658
9.48252e-06
0
14.6389
0
12.0526
6.57813
2.3443
8.43579e-07
0.0226523
0.588605
0
3.16849
14.6606
2.65212
19.4137
14.7257
0.00176791
0.0565347
1.7725
1.43884
2.98453
0.292218
2.20598
0.275817
0
0.100307
1.4139
0
0
11.7241
1.63599
2.43153
16.2491
7.99073
0.0169392
0.642055
12.0274
8.08735
1.56335
0
2.55147
0.763562
1.49768
8.86554
0.627753
0.0264356
17.3048
4.81126
1.92702
0.0209776
9.54617
1.5314
0.0276026
8.13254
0
7.79498
0
0
0.152324
13.2954
0
24.8316
0.573934
1.48166
0
7.5255
14.7427
9.04408
15.1285
2.58522
1.96341
25.0944
7.77917
0.00663158
0
0.000350325
17.4963
15.1915
6.58711
7.77337
0.471457
1.17562
0.0728315
15.0781
16.4138
21.2689
19.989
15.1218
7.6915
18.7718
9.26768
13.2177
14.5676
4.49864
3.89304
12.7452
19.8515
0.0110033
0
16.0032
8.33651
0.899169
5.19754
4.13825
0
12.9374
10.1239
6.73902
7.24539e-09
54.1302
15.651
9.2275
8.5758
12.6994
6.9418
11.5252
9.88603
13.4219
0.52233
0
0.0923195
17.1287
16.5702
15.2764
19.0762
20.3339
36.3873
34.4724
32.0066
32.7361
65.9095
54.0352
23.3233
12.4745
3.83207
1.52336
0.195233
0.717263
0
2.95822
1.10756
0.569844
0.99959
6.97373
0.0147221
0.310078
11.2696
13.3768
4.86746
3.74796
3.94373
4.20015
2.57248
0.294731
11.1053
3.19774
15.1344
10.2915
0.118869
19.4494
15.2549
12.2457
24.1309
17.3734
10.8023
2.2407e-07
0.139086
0.710746
11.6022
5.81539
1.37175
2.41469
9.02264
0.459183
0.0680364
0
0.0055162
0.0842499
33.3291
3.88868e-05
29.8317
0.00103389
25.156
34.6795
1.07602
0
0.546448
15.4543
23.9609
14.3465
15.006
0.00896987
0
32.7752
17.9865
1.27527
0.633552
10.0532
33.247
38.0293
0
11.5578
22.7693
2.72338
16.3013
0
0.33913
16.463
0.000886964
0
0.142347
0.00336433
1.36824e-05
31.3993
0
2.20991
11.7651
13.0663
15.8639
15.5712
3.79251
21.5155
1.08596
19.4899
0
21.1889
23.9433
0.162018
18.9867
8.93469
14.4668
0
2.01618
0.103771
14.2558
12.3687
2.75397
18.0443
0
25.4986
16.2053
15.3895
0.00968351
19.9744
6.35478
26.9873
11.9786
3.38252e-07
0.0233657
1.51126
16.9554
0.0837369
18.6908
0.215174
0
0.000489213
1.75675
21.1779
5.32826e-08
0
0
12.3669
0
11.0819
24.3371
0.232799
7.86347
0.10935
10.8867
4.96053
18.6885
0.280038
0
0.111569
0.723626
0.104365
0
0
0.0419469
12.3413
1.99482
1.17731
21.2858
20.3467
2.20601
9.97352
12.646
0.609458
12.6138
19.2208
13.0266
18.253
22.7907
17.3663
20.1028
0.463387
13.5806
15.4803
25.6398
20.1108
27.0063
4.11208
22.0616
15.4012
0.801418
15.9046
0
4.30536e-06
19.8512
0.00108137
1.34859
0
0
0.0591243
0.00123047
1.11473e-06
0.806243
6.70299
2.33362
0.00549063
0.570235
0.0314789
0.182455
0
0
4.85668e-06
0
0.0118734
26.6071
4.12606
27.0294
9.48847
0.045016
0.856682
9.83355
15.8746
1.00011
4.3974e-05
15.736
4.59781
8.66051
34.325
0.0342266
1.45866
0
0.459726
15.1048
25.5969
0.0309627
1.3912
1.45966
0
2.86701
0.0132408
15.164
8.93965
0
2.79932
1.82249
2.43475
4.71093e-06
0.0249857
15.0039
0
0
0.425859
10.8727
50.4638
2.61773
3.58238
20.4394
3.05302
4.46377
9.00563
2.96571
10.9934
0.835954
0.784849
2.26733
1.74301
2.61318
2.9617
10.9861
0.845472
4.81804
0.00022061
0.115951
0
3.06092
0
0.955974
0.556809
0.0208032
14.9088
16.9723
1.54776
7.59195
0.0684155
5.95985
0.057753
1.04609e-05
0.257823
0
0.00480412
0
25.5367
16.0351
16.7018
33.6201
10.4103
10.6256
0.0410432
5.38977
13.9924
0.187551
13.1564
4.73279e-07
0.544075
0.05619
0.863858
1.62373
3.33606e-07
1.74786
0.00720235
1.00002
2.25955
4.17041
6.32731
7.67974
8.56776
1.65369
0
0.00396378
0.000407415
2.86033
14.2286
0.000298382
0
1.89809
2.46764
2.53833
0.568441
1.42726
0.926219
4.88376
0.0280956
0
8.98832
0.0169299
10.3342
0.942145
4.23512
27.2742
23.6664
2.23008
0.861315
9.86255
17.8462
3.66086
6.22867
3.7274
2.891
1.84204
1.87891
0.0540932
4.22847
0.852793
13.723
3.79746
6.16055
1.48118
5.54676
4.22534
5.03216
12.8174
2.71999
0.000552625
0.0238829
1.49528
1.17429
0.018244
0.0345884
4.63398
0.968022
21.2069
0.000175968
0.0228752
0.166228
1.85514
0.563558
6.48095
0.311841
1.72713
14.5336
11.7395
2.92313
10.7312
3.30382
0.284165
8.38331e-05
18.048
10.3205
11.3731
7.55955
0
0
11.8219
11.0551
0.00412132
0.015147
6.14849
0
0
0.368393
0.0726213
0
0.209343
0.000855109
8.0727
2.31462
1.79556
0
27.8797
3.3696
0
0.176318
2.29223
0
2.98985
23.9118
0
8.67081
29.3908
2.43761
0
55.2179
0.191073
1.5241
5.15895
0.00725756
0
0.00428274
0
1.13621
12.3849
0.43096
2.94794
0
1.44234
1.98404
9.83143
1.41646
0.000971663
0
0.7294
0.607643
0.000772275
0
12.2111
0
6.2371
0.951896
1.32205
4.1601
0.832033
1.0103e-08
1.1952
2.35514
0.000515333
0
12.4373
3.26722
2.2825
24.3491
8.15014
7.91313
0
0.0699596
0.761195
1.68064
0
0.826616
1.42061
1.26215
3.60963
25.968
7.69527
1.60394
0.630611
1.55696
0.362674
1.79177
0.913137
10.0221
0
0.017527
1.7587
1.44278
1.94228
0.188226
0
0.178345
0.160831
0
0
0
1.66826
0
1.59999e-05
0
0
0
0.000622908
0
0
0
0.00633819
21.6562
2.74035e-07
4.10619
10.4007
0.00576832
0
24.429
1.23476
10.2031
0
0.3834
1.91346
0
1.71734
1.05391
0
0
0.663179
0.0142038
0.00372312
1.17934
7.41942
0
0.123491
22.2141
1.26388
0.910067
17.877
0
0.12548
0.0108944
0
5.12547
0
0.190954
2.43201
1.63538
0
0
7.70265
3.50993e-07
0.0105309
2.60678
0.973915
0.000186559
0.0883323
0
0
0.0043088
0
4.22944
0.774281
11.457
0
0.00223993
9.82373e-05
0
0.747455
0.00938561
0
0
0.000845421
26.4893
3.81523e-05
8.58518
1.28387
3.23784
19.7986
0
10.6921
10.9275
24.0283
0.212547
0
1.72978
0.00582147
18.8822
0
0.756279
2.95466e-06
0
0.019011
13.0672
25.9538
0.00402351
0.454839
14.4808
1.20403
2.39581
1.24215
4.32223
11.099
12.395
38.6216
0
3.25536
8.28219
0.00882355
19.2312
10.866
21.768
13.8601
5.24996
5.81846
8.08272
16.946
10.1019
11.598
7.84208
6.22776
6.0062
0.327547
5.53339
6.38437
0.032951
0.000547526
0
0
3.45214
7.99366
1.45546
0
0.796767
0.014849
0.00920997
0.408796
2.30986
3.11302
1.43493
2.51253
0.111527
0.606707
5.57487
2.77627
7.25067
4.57915e-07
1.09359
6.0067
7.34008
3.1443
0.978919
0
0
3.95162
0
0.00614706
0
0
1.1823
0.0001975
0.506946
1.10191
0.763801
0.543974
0.587159
0.875104
0.91678
0.714333
0.0190601
0.000194402
0.000520667
7.18578e-06
0
0.21484
4.07133e-05
0
1.74448
1.31222
0.109503
8.67569e-08
0.930309
0.631884
0.993693
0.0204448
0
0.0429194
0.050287
30.8545
0.978436
2.34688
0
0
0.270228
23.7264
0.167701
0
0.208856
0
0
23.9423
0
0.437098
0.850506
0
0
3.18583
1.05979
4.8569
0.313486
1.22554
0.612347
6.45489
5.85971
0
6.72022
10.9943
12.2232
1.91199
3.3957
8.55112
7.93407
13.2187
5.51738
7.0235
7.27678
7.33637e-05
0.0380703
15.3305
4.25572
11.9562
9.19377
7.75073
12.7242
6.42453
12.5978
13.905
24.7525
7.40111
11.2827
12.9426
14.5712
22.1867
13.5482
0
11.6258
0
13.6176
19.6226
13.6818
15.3837
2.70974
15.5377
13.4165
5.26614
1.94137
9.95342
9.0419
8.85852
8.39299
12.4837
10.4889
25.3696
14.9357
13.4349
13.5023
9.41214
5.37044
0
6.42876
3.43872
7.15475
0
7.13259
4.68601
2.63432
1.77454
0.978563
0
1.07066
0.00252094
6.04343
1.4325
8.89902
0.900843
1.70925
1.30166
1.04891
0.861549
0.743704
13.5364
0.956342
0
0.857649
11.4489
0
0.00598392
0.0377331
1.50269
0.930247
0
1.01298e-05
0
1.73876
0
4.56711
2.58427
2.80178
2.31026
2.50603
14.7545
7.31866
26.0315
17.2155
4.62308
15.4733
9.27083
5.59758
18.0515
14.2469
24.8679
16.5857
31.0005
11.0493
0
9.24497
17.0785
10.0939
0
17.971
0
1.45411
0.995245
0.00540564
0.73381
9.45695
15.6633
1.06947
13.9509
0
0
6.07998
6.88887
2.24106
1.3613e-07
2.06508
0.220811
1.10444
2.32929
5.32831
0
1.95169
29.9471
0.00498629
0
0.000150914
1.51482e-07
0.0342892
4.27961e-05
0
0.148818
10.7455
0
0
2.13537
0
9.79186
19.7227
0.869015
0.9738
6.462
12.6782
0
6.14061
0
2.92405
0
0.277373
0.0195484
3.90317
1.7909
20.2126
1.15068
8.27912
0.462725
3.1364
0
0.00509532
0.119588
22.5812
0.242031
0
0
12.5364
3.08458e-06
3.71378
13.0927
23.2819
10.2562
10.1275
11.4561
1.83089
3.51713
8.07191
2.48037
2.42104
11.4612
2.55383
0.259596
8.72158
2.21721
4.20314
0
19.1204
1.06974
1.63931
2.90108
21.8488
9.19283
2.79116
4.77078
8.21658
13.6745
7.33338
3.51586
11.4006
0.782858
1.17784
0.343839
0
0.0034413
0.00991332
0.464583
31.0747
25.2117
12.4855
0.0502024
10.5901
6.97762
1.95007
6.17439
5.94359
27.515
3.60493
4.15403
1.22921
43.6031
42.2155
5.13669
30.7476
10.8061
0.193041
2.04055
1.34264e-06
0.0335414
0.115202
0.139345
0
0.000351027
6.76588
5.12827
15.3464
1.04466
20.7645
0
0
0.00490732
0.0770183
0.024341
0.000216359
0.00233404
7.4578e-06
1.00454
0
0.499297
11.7097
0.402611
10.1812
0.619209
3.64958
0
0.454549
3.32676
11.3828
0
5.74786
3.91089
3.53179
0.00599514
19.9095
13.2669
0.143635
4.0574
3.12554
0
0
0.0301074
0.992704
0
0
36.7135
0
40.6819
22.5999
25.6483
0
0.000533501
0.990124
0.180139
0.157017
16.0116
4.90385
21.4035
0
12.2786
26.9149
18.195
3.04967
6.64788
8.86196
4.44548
0
1.98891
0.449329
0.315399
0.00139291
9.19807
0
0
0
0
0
1.77052
0
0
0
0
3.65608
1.08324
0
0
8.90782
0.00242492
5.14386e-06
9.6446e-06
7.09078e-07
0.0106157
2.3127
21.8183
0.15317
1.09949
0.507566
0.000500849
0
0.000171195
0
3.06495
8.50617
5.54289
1.42888
7.04032
3.22082
6.62535
4.78364
6.96087
29.7658
16.6546
2.29918
37.2249
31.2236
30.4633
6.42187
2.19904
10.3265
16.0764
7.39863
17.5627
13.0765
15.494
11.6171
5.5046
12.4459
10.0873
3.70581
7.24151
7.065
14.2964
14.731
7.11319
10.0856
8.71068
10.9135
4.32606
0.937294
0.971483
3.36395
1.18963
0.000363289
0
0
0
22.5628
13.1423
0.119456
1.2981
2.82154
6.12434
0.00156361
0.00054453
11.4344
3.23612e-08
11.3673
3.59218
0.000340706
0
4.60696
7.44805
0.393304
13.0928
13.7096
11.747
11.4891
0.585932
12.3084
0
10.4019
22.0862
11.305
40.5624
5.71285
15.1585
7.0469
3.19411
4.29794
5.02101
22.4883
20.6429
5.10625
0.627079
3.86808
2.84313
3.07785
7.68936
6.07447
16.5336
8.15032
22.1369
21.1021
24.0896
16.3808
15.0995
8.568
10.5317
7.69523
9.10235
11.4262
15.216
11.5892
0
0
0.730574
0
0.000430775
0.218547
0.00237215
0.0432976
0.422686
8.40148
16.2751
16.5865
13.0519
4.41036
20.3319
15.8868
5.80279
5.98255
6.553
1.19152
12.4074
2.95356
8.72943
1.84385
3.52534
8.31242
4.95439
2.10158
0.129237
3.84658
18.7604
3.50036
5.39886
7.18279
10.3524
9.58378
22.9324
21.3424
10.6479
4.33986
35.7728
3.91281
1.16626
0
2.6404
0.000113875
11.4325
9.55297
6.04108
12.431
3.81099e-07
15.9141
15.6027
15.9822
10.9209
10.1056
18.6324
15.1263
30.5765
0
0
3.75324e-05
45.8685
36.9129
32.985
1.0655
43.1772
0.00106152
3.69514
0.490045
2.20569
4.60867e-07
3.63968
27.3186
0.0344219
7.35901
61.7822
26.0313
18.8767
8.96307
0
27.022
7.70546
25.1747
11.1363
9.0077
24.2734
20.0576
44.29
33.7744
10.9581
13.1254
10.6204
14.1454
10.0947
19.7611
17.3951
17.8205
9.97273
12.0019
17.3464
6.60794
26.0379
7.85167
13.7137
16.0861
11.2714
15.9871
17.9832
22.3543
11.4844
0
20.1969
0
13.4588
8.31399
17.69
13.2568
15.6297
10.9186
18.6787
12.3349
10.5808
10.0975
15.0341
13.5547
1.53957
9.81844
11.1281
5.36568
10.364
5.73043
7.75126
6.36088
3.69757
7.23002
4.76761e-07
4.37734
3.99814
15.9931
3.69656
7.61925
0.212085
1.20894
0.922119
2.93324
7.58102
15.2955
0.948426
13.2654
21.1286
8.18673
15.6738
1.86007
5.11882
11.2772
20.6956
3.19054
1.93132
0.479176
6.9875
6.80158
2.33799
0.821427
1.01252
1.67011
0.0459877
0.0637822
0.103694
0.586149
0
8.3234
1.21911
1.67396
0.0229151
11.3887
0.871717
1.04347
0.701103
3.64682e-07
0
0
0
0
0
6.09919e-08
0.623247
0.0495977
5.64119e-05
0
0.00339798
6.66488
1.38472
1.97812
1.48287
0.808162
16.6169
0.29153
1.34791
0.0009396
0.272992
0.577363
0
7.47317
0
6.95438
0.0027574
5.92365
0.00998618
12.0572
0.00652977
0.000567767
13.7181
0.588498
12.0619
10.4004
9.45466
0
9.26689
0
0.335182
1.34723
0.119882
9.24198
10.8527
0.0744122
1.10144
19.0103
0.325731
1.00755
2.97993
0.00773862
1.81492
0
0.373021
0.760484
1.28672
2.35419
4.908
0
6.21532
2.41017
0.0793787
4.26143
15.7324
1.46473
8.39979
0.00400112
14.8077
16.5456
9.66337
4.59886
0
0
0
4.77027
3.7546
0
0.1427
0.00883591
1.06535e-08
0
1.29051e-07
0.0621748
0.018175
0.0994948
0.516859
4.21771
0
0.361406
0.162634
3.59981
0
0.73567
0
1.38087
6.71648e-07
0
2.17936e-07
0
0
0.516092
0
0.000372665
0
0
25.197
14.95
26.4064
14.286
10.9431
6.06696
2.18679
0
1.42873e-07
0.496391
0.194951
8.99105
0.778678
5.01337
0.0041162
0.871228
21.6408
55.1928
40.7567
16.0005
11.1285
6.5488
11.1006
14.035
2.66584
1.87211
7.75712
2.36029
5.83217
9.24414
5.92201
16.4767
13.1005
6.77346
12.5861
0.193991
9.93125
1.17564
14.3763
0.460969
28.6331
27.6374
2.16301
0.304748
1.42119
0.349509
0
1.23596
0.0091829
0.191941
0.073633
0
0.0719884
12.8046
0
8.60213
0.251791
12.5523
1.36392
1.48466
17.6602
16.3591
15.0196
3.41473
0
7.41459
9.38116
12.6213
15.6658
21.2085
16.0893
22.4955
0.00359715
18.1318
0
21.4129
17.6756
18.9738
1.69347
0.211237
15.1806
18.2188
27.1589
4.3743
28.3082
37.0373
5.09316
2.68937
14.0442
16.1724
5.17247
14.4769
2.00129e-05
2.17944
25.5205
2.08859
1.80524
33.773
0.0711688
24.8857
0.332325
0.991302
0.109281
0.0317456
5.12777
0.00531924
26.3606
55.5659
20.4405
13.2349
4.57566
13.3966
8.1592
4.25358
0.840444
0.0226976
3.8289
6.80321
7.72952
11.6796
15.0298
22.1762
20.2317
6.17858
12.5986
9.99936
5.38807
16.69
0
0
0
12.6466
0.0062002
7.95701
16.1371
0.0999909
0.453874
0.333982
0.63713
2.93526
0.0016831
1.28426
0.179122
0.00323101
0.475959
0.77182
13.9872
2.6389
1.98696
4.53985
7.94194
0.406544
20.3822
0.000314963
5.65579
0.256031
8.15683
0.813076
0.0638581
4.29001
1.88606
1.20283
2.38029e-06
0
0.199049
0
0
0.484564
0
3.43814e-06
0.00571931
0.260499
0
0.786344
0
0
1.62971
9.07736
4.00774
2.72772
0.00219158
0.000270881
5.81709
0
0
0
0.00182226
14.7901
0
18.117
19.2668
16.2674
3.2924
15.3145
12.9197
14.0023
1.66315
5.37139
8.69342
1.12347
11.0931
5.96301
0.242995
0
7.55746
0
8.03388
10.5885
14.1512
4.29109
15.9637
11.7467
0.000622589
23.6393
4.80704
16.5182
6.65805
0.334966
15.7686
0.070623
22.0588
7.84582
0.0230526
14.8393
9.70194
2.17951
0.0385049
0.000366643
2.30917
1.51649
6.2007
3.35507
3.51981
0
9.56635
7.46172
21.7522
21.6936
16.9613
25.5273
16.718
3.61407
9.67641
24.8864
31.5823
18.9432
17.3467
12.8217
14.2211
0
5.97326
6.2212
9.05099
2.60685
3.64511
12.6241
5.67548
3.11216
6.0052
13.6504
5.08439
11.8106
13.6968
8.11464
4.9536
23.9264
4.68115
5.63857
12.1775
0
4.14101
6.46664
0.386479
3.72349
18.8753
0
14.6409
13.2697
12.2203
0
0
11.7317
7.97301
12.367
18.5297
2.99626
15.6552
15.2653
1.03333
18.7194
23.6521
12.0708
8.6716
14.7349
26.7897
26.3737
12.8858
30.4798
18.4306
17.8461
19.7291
25.8281
30.8375
1.2445
17.0341
22.1399
14.5155
6.39171
31.9912
29.2145
46.8202
29.4636
0
42.8845
30.4572
35.9158
0
6.58815
18.3183
27.0299
23.1968
11.0576
18.9491
20.5605
1.30043
0
1.39417
0.468208
15.4018
0.0271842
21.3103
25.5381
33.212
21.1015
18.5276
0.00668312
22.2255
0
23.8224
24.9761
23.1482
18.9856
20.2475
27.6012
41.5712
12.2457
31.7875
24.5294
14.5441
29.7669
0.000713765
16.7874
3.42965
22.1256
0.00177073
12.1087
6.06289
9.78746
9.52715
2.24732
18.4547
13.4925
0.125629
5.43013
7.24524
7.3876
13.9913
21.2887
3.83877e-07
11.068
7.36306
4.38086
1.86892
0.546711
3.32522
0.275578
0.877979
8.80943
0.228027
16.82
6.6483
16.9349
14.6109
3.39316
4.51015
43.4833
0
1.4189
3.02731
7.51706
0.674974
12.5381
9.84105
5.73567
6.20983
11.0784
13.0585
7.03279
11.3071
11.8057
9.62931
15.4848
11.6959
13.4628
5.90361
2.57
19.2118
30.884
0
27.5585
8.94215
38.3988
5.68484
3.24057
25.9591
2.49174
20.2687
6.61915
16.6586
23.4375
9.7868
23.3352
19.6481
15.4685
8.64869
6.11878
10.4692
31.8857
40.0762
15.105
0
4.21347
22.847
12.6206
77.1521
0
0.400511
19.3469
0.742677
11.5885
7.96313
0.383533
15.6616
0.613913
11.6961
6.69015
12.3554
0
7.31931
10.1477
15.0436
8.62137
16.5246
5.56675
3.43914
0.551726
6.6536
20.4805
4.45655
11.3378
12.4263
7.36215
18.3697
2.52024
21.1865
3.79671
2.86142
15.1938
9.2325
2.21683
17.8976
3.71867
10.4891
0
7.34253
0.0186873
3.57688
1.83796
0.0255219
8.14182
2.4099
0.0842602
18.9017
0.0634936
6.19446
0.881593
4.32832
1.70761
0.0259051
8.84688
0.0619097
0.0230786
0
0
0
7.75113
7.03525
14.5051
16.2784
18.2911
15.0843
5.12412
0.710741
1.85231
0.735716
8.24834
13.6355
0.252402
8.09221
10.923
0.000989985
11.5825
0.0699731
5.19173
5.40626
0.520582
3.06762
0.333045
4.01993
10.3382
1.67269
0.00439098
0.00788751
0.36386
1.85307e-07
13.0957
14.8386
6.58672
0
0.657571
13.4914
10.189
12.0829
7.76107
12.1168
11.6365
6.53807
6.05879
18.8636
10.8285
0.000337844
9.19328
13.3655
13.7157
14.4091
0.00267799
7.58877
15.1793
9.47608
3.17769
9.57005
9.90602
120.11
2.99301
15.9746
11.1664
193.139
5.85972
4.71042
5.51956
2.60207
4.5175
4.90026
5.09306
30.8696
6.17823
6.53455
5.39205
5.6046
5.01366
20.2391
7.51804
9.56781
2.23898
0.00368553
8.36814
11.389
0.539559
0
0
0.0620908
7.0234
2.83229
0.918103
0.0703352
0.852501
1.42035
5.01768e-08
0
2.96299
0
5.87252
7.35778
0.938826
0
8.32128
1.75203
5.57476
0
3.05742
1.9772
0.00255157
0.828739
0.0605053
5.85217
0
1.41168
33.143
3.07034
0
0
0.372083
1.39951e-05
0
0
0.792839
9.07949
5.80212
7.97165
0.324298
7.02223
0.154004
18.9954
4.9689
9.06135
8.15798
3.31532
4.15479
7.94543
2.55766
2.10502
3.5839
2.56977
2.42205
2.77672
0.848616
16.5156
26.1438
33.6529
16.3341
4.47003
1.13129
0.723011
0
0.916602
4.14337
8.80028
5.11604
4.65093
4.84739
6.13652
18.7276
0.00259886
5.10478
14.2523
13.8939
17.9617
19.0848
10.9153
10.2481
10.7788
0.336309
8.12457
13.7877
12.7198
19.6237
8.0544
17.8941
3.00629
10.3597
7.52682
0.324115
0
0
2.05921
2.64095
1.96298
0.778801
1.01926
10.1544
28.0027
5.06145
6.88332
8.43459
4.06556
15.8347
9.85892
5.33947
0.00804512
0
4.31993
7.98376
16.5353
8.11027
44.133
15.5137
11.2827
8.87493
0.482353
0.0221761
0.00482792
11.2702
9.81685
1.42232
3.27443
1.81061
12.6972
5.57024
2.79241
14.0115
1.68553
2.12551
0.790167
36.3257
28.4503
4.33277
0.230219
5.05481
17.0184
0
0.00777405
0.869799
0.653623
0.0284466
0.00175425
12.9724
4.70588
4.13228
0
0.0082502
0
5.59389
0
6.55964
6.03623
1.47612
9.74366
1.22723
0.172308
1.78583
3.752
0.202883
0.676153
0.0241697
0.0254604
0.00588927
1.58786e-06
0
0.00211275
1.05363
1.70883
1.16925
3.0111
2.48248
0.189286
0.987753
0.00401455
13.4914
5.17501
5.06852
15.2816
4.34169
2.59881
5.8028
16.8806
16.5157
7.29671
20.3218
2.74295
2.12711
5.66911
0.234515
11.2024
3.45137
4.10599
3.24027
1.79857
3.01017
3.23571
2.29416
13.3733
0
5.06761e-05
0.00711948
0
7.77563e-05
0
0.0414794
0.598997
0.0847419
0.0781084
0.0268043
4.43971
0
3.30802
1.10234e-07
5.21628
0.0246536
18.1806
2.00572
5.43828
12.9494
27.315
23.3807
15.7164
3.52633
5.22322
16.1935
10.6541
0.985021
10.8113
22.2411
0.35637
2.25792
13.3547
4.83008
23.6581
9.62334
7.8198
19.0084
14.1487
2.51283
11.0937
0
3.90197
0
7.28138
2.27882
1.06096
19.1734
19.0623
0
4.71904
9.30674
12.2825
12.1493
0.00191538
8.8712
16.5303
27.9114
6.25713
18.1054
13.7353
1.91806
4.22755
8.4181
3.54232
2.42868
2.34326
10.4493
0.0013973
1.11887
1.32422
0.0474979
0.742675
0.0323172
0.184233
0.655779
0.0992521
0.886032
0.994123
0.367998
1.71685
3.15743
0.801494
1.1958
0.473843
0.000396224
0
0
0
0
0
0.953313
0.0473002
0.0010851
0
0.00793855
2.01337
2.10733
0.680318
14.9513
0.706834
10.9528
6.87896
4.23399
2.8455
3.61122
0
0.578204
0
7.79522
0
2.18609
3.20166
13.1783
0.0526118
3.63939
19.3374
15.778
10.995
3.42853
13.7718
35.2737
2.34042e-05
14.8272
17.1609
1.84486
0.120392
8.79504
0
1.42331
14.989
0
6.63011
0.0427321
12.8415
1.01492
0
0
0
8.09203
0
1.67853e-06
0.0437855
1.89231
9.62403
44.4622
25.1347
28.2925
3.02467
23.9404
13.4844
1.2574
14.0694
7.26754
12.7387
6.41966
0
0
11.1475
5.34961e-08
1.03249e-05
0.434191
0.0313687
1.35308
1.01599
17.8064
0.640352
0.00129237
19.5761
0.271185
0.244521
0.184837
0.583751
13.7982
22.2905
0.000381686
0.0351471
0
0
0
3.43965e-05
10.4053
0.0553925
0.430395
4.66276
0.0221809
0.000546935
2.64381
0.088228
0.00246126
0
9.67117
5.90061
0
0
0.0031421
0.0108031
21.7664
0.0887476
0
0
6.98223
0.0125172
0.00620605
0
0.504037
0.0638815
0.177061
0.71441
0.187097
0
0.0119911
15.1791
0
0
17.7209
0
0
0
0
0
8.90556e-05
0
0
0
0
0
0
2.64819e-05
19.0812
1.72821e-06
0.405577
3.68209e-06
0
0.508593
0.0300163
4.84666
0
0
0
0.0382928
6.02873
14.2938
1.82647
0.102939
0.492777
0
1.32522
1.43185
5.53577
2.27032
0.413224
0.592819
1.14002
29.7952
1.50385
0.308908
0.000319593
0.151405
0.00570347
3.03005e-06
0.808933
0
0.783652
2.03061
5.14456
0.48837
2.95937
0
8.7421
1.01198
0.321859
5.79232
1.17195e-07
3.89497
10.4506
1.08214
0.163963
5.69206
13.9037
1.83812e-05
0.721028
1.97906
0.196557
46.1869
0.892768
0.0038144
5.31591
0
0
1.09415
28.3979
0
1.07003
21.5923
0
0
0.860316
0.26565
0.0962872
0.000116597
0
0.962168
0.0800929
1.30497
2.06766
1.59925
0.759903
11.8303
7.1149
0.249889
2.68678e-06
0.935751
0.898943
2.74335
20.6948
9.11111
0.492207
6.9519e-07
5.64721
8.97739
9.34091
11.7231
0
22.4127
13.3981
9.19923
12.9072
0.618874
0.205941
10.1316
2.03388
22.9616
2.39435
0.800785
13.4935
1.02306
0.145493
1.86543
0.998447
5.96588
0.597555
0.83817
19.3808
20.5981
0.213638
22.5282
6.78265
10.0567
5.47261
1.72848
12.1732
25.4791
0.452378
3.51657
13.0956
11.0341
1.13546
2.10171
42.7877
20.7399
24.6555
13.8931
23.0622
16.8961
20.4921
16.4969
1.53745
14.9737
0.300447
9.91623
24.1936
7.61292
8.83279
1.88712
1.51449
2.26623
6.48592e-07
0.305684
1.08839
0.911738
1.32467
0
0.521556
2.07647
0.251064
0.0114378
0.0182314
0
1.4408
0.00794044
0.885763
8.44515
18.6985
0.902853
0.0654405
5.7701
8.10467
0
0.991964
13.8033
11.3087
9.15102
7.67092
17.7192
2.66315e-06
3.09946
0
0
39.0498
0.00110264
0.511293
11.5368
0.410653
3.18918e-07
19.5811
2.11142
0.234733
0
0.0382288
25.0155
5.22833
0
15.0162
2.12811
2.51818
21.8459
19.5813
11.578
15.655
4.76435
7.80536
5.17411
6.13808
3.67635
2.70268
2.66881
3.93003
4.79358
3.65306
19.9776
0.00183974
12.1905
7.84133
1.72362
11.7282
13.4981
11.6575
6.72348
0.00207991
0.776073
0.0413337
0
0.0147066
0.410915
0.265922
0.00058094
0.00317662
0.114965
0.305164
0
18.3609
12.3521
0.629593
53.26
4.85516
6.51025
7.18398
7.45823
4.68263
2.30206
26.1847
6.63938
4.86582
7.89253
2.5816
13.4186
2.55288
10.2414
1.51272
11.169
8.77502
40.5796
9.57531
7.93759
3.73935
15.2231
4.53074
0.989798
0.000380383
0
0.335625
0
0.195807
0.00442704
21.1172
2.8163e-06
8.65502e-07
18.1678
13.5697
9.46812
11.1528
5.22463
4.09963
0.17131
0.00271665
0
5.30051e-09
5.64556e-05
9.53353
0.000829588
0.0153248
4.9557e-07
21.6122
18.6474
6.32538
1.82055
5.46268
2.79367
0.938421
1.01823e-07
1.18261
0.0363361
4.10352e-07
1.57072
9.34078e-07
1.9987
0.818199
0
6.69113
1.44126
0.947764
0.587925
1.85043
0.357681
3.54897
4.64231
4.84911
2.25453
0.220593
0.965207
0.324035
0.144198
6.86373
2.9187e-07
0.184974
0.691693
18.6947
3.72582
0.0228254
22.5669
0.328556
20.8168
0
0.405201
18.0046
