1.82193
3.54022
2.59837
0.00151957
1.80923
4.63961
0
8.93932
0.178057
3.44423
12.6474
0.0563708
0
0.744996
3.72367
0
4.86366
10.1195
18.1601
14.8103
6.57705
2.08074
0
0
3.14368
4.43052
2.3544
3.89577
25.9287
8.83225e-07
0.399386
4.87101
1.43126
2.06399
1.14563
0.000217556
2.0014
10.0895
14.0837
11.9752
9.65194
11.2986
2.15751
11.2534
2.2317
9.69614
2.05772
0
0.0660432
0
0.0014455
0
10.9815
4.02666
1.48407
0.613703
12.2044
1.96515
0.00348591
2.39611
2.28806
0.00547418
2.1958
2.067
2.07306
0
0.486959
1.03695
4.05613
0
8.5435
0.0651916
0
0
1.10987
0.677661
3.23666
0.750673
0.424134
0.00496881
0.281073
2.36131
0.764693
0
18.9638
1.99754
13.0395
12.3785
15.6487
12.4212
9.95687
16.896
8.01504
9.92299
13.8945
9.56003
13.7566
15.6562
0.954696
1.1305
6.75594
4.61356
9.78151
14.1317
8.43885
5.8539
14.2678
4.36849
6.36181
16.604
10.2771
13.075
9.05686
12.8495
4.76369
5.15608
3.54492
1.14631
1.74917
1.47703
3.71004
2.31795
2.6976
5.22018
0
0.278596
1.57886
0.981355
1.79362e-07
0.0222946
5.33188
0.0547255
2.34473e-07
37.7653
0.00502635
7.07002
20.6773
0.185079
0.143217
2.48565
0.00342054
0.999526
1.03643
0.308916
0.846999
0.000459842
0.902307
0
18.211
32.3431
3.96626
1.4407
0
0
4.73179
1.56372
3.50193
1.32474
2.44337
1.83275
21.7301
5.47435
14.6339
15.0564
0.804346
1.51724
6.65237
10.8967
8.49904
3.95182
12.0065
0.393902
4.19217
3.07682
1.83635
0.0112016
0.00042567
0.0914866
0
0.939775
0.120212
12.4404
0.564981
0
12.0795
7.01194
6.62645
7.91348
9.81408
22.5241
17.8212
15.016
10.1566
9.51973
2.14213
0.0216704
6.51291
7.11295
11.9494
3.48591
27.4084
52.5164
10.6575
36.3859
28.1094
7.18848
25.4784
2.10481
46.2887
6.39219
12.8588
17.6174
1.7854
11.9004
14.8142
14.9602
3.30331
21.0959
9.84427
2.82944
6.69515
3.05941
13.3303
2.98525
20.1625
11.3894
30.975
21.3503
27.5846
0.483889
1.31485
3.12193
12.7931
0.439928
1.73858
0.854381
1.97
0.966119
3.44041
3.23021
1.25335
0.422467
0.00872174
0.984822
0.0517592
1.8121
6.88116e-05
0
2.88094
0
0.00510145
2.65097
0.646339
0.133647
0.0341647
0.986036
0
0
0
0
0
0.00192563
0.000210823
3.67935e-05
0.0093908
0
0
0
0
0
5.72664
0.0532719
29.4253
0.257983
0.00359258
1.35422
1.0374
2.71938e-06
10.0776
0.0356188
11.8034
0.113531
0.954815
0.00386548
0.404153
0.491682
0.371063
0.77979
1.0242
1.09534
0.059289
0.0540971
19.0619
0
0.84849
0.674206
0.558847
11.8611
8.62738
18.1209
8.74191
2.30806
8.7154
9.34743
2.78151
5.21793
1.51094
2.79461
0.0130032
0.607358
1.43334
3.40448e-05
3.05184
3.42324
3.91599
5.76598
14.7597
12.7266
6.37589
2.86675
0.101774
3.07806
4.79067
2.94212
6.66727
8.98643
0.200768
1.78531
0.0318864
0.234229
0.000647215
2.33875
0
4.86688
5.78068
5.79809
2.94627
1.18002
2.52084
0.619646
12.2188
0.795479
1.81147
3.85922e-08
0
2.68362
0.496413
3.67325
2.34072
2.20379
2.54299
0
19.8147
0.272589
0
0
5.95057
10.7194
0.0723452
2.02317
3.39342
4.67488
0.00797355
0.692561
0
0
1.57317e-07
0.164269
4.05051
0.986261
1.66097
1.25466
6.87682
4.24432
4.55902
5.13122
8.51437e-08
5.23775
8.68247
9.70114
12.6458
6.35604
1.46901
6.53093
6.02257
0.906607
8.5699
8.65257
6.26347
7.11318
20.1845
16.2815
13.6336
1.9755
2.55222
15.3888
10.9649
5.43376
10.6019
13.193
3.59154
10.2794
5.66578
2.55472
4.52986
8.83486
4.36997
3.36559
4.17752
9.37384
3.57835
17.2313
5.23803
3.90964
6.39339
9.20175
22.8662
6.2012
9.16458
2.21458
2.22853
13.8718
29.9753
24.0252
17.1303
24.4891
4.36344
19.131
22.8655
13.5178
21.1112
22.205
33.0614
26.3185
12.6959
8.68606
28.0454
1.2906
31.2762
18.0657
23.8837
4.93955
6.26699
6.65022
7.60783
0.00188268
6.32277
0.000250662
4.79542
2.06471
13.7986
1.30901
5.58894
8.66022
22.763
9.12285
10.0524
16.1079
7.94854
13.6511
5.30759
1.58157
2.12565
0
7.88284
0.736947
20.138
4.4851
0.0112449
1.92497
0.0171808
1.89662
0.0901991
0.0746511
0.0121056
0.0217181
0.928723
1.82853
2.82705
4.29791
17.6915
3.58311
6.6534
14.2152
10.939
5.07061
6.90225
23.4287
3.26939
16.9859
21.7788
11.7157
19.1169
3.52018
2.80472
8.00092
0.921078
0.0923836
0.46266
0.00195853
18.6306
15.6703
3.45673
6.6021
10.575
7.71137
4.82789
5.84694
0
2.22572
7.24654
1.89404
0.323696
0.692615
5.71125
8.65758
9.50207
7.32267
5.1409
0.245425
3.77601
16.827
5.74273
0
0
7.40519
0
8.62357
0.0520211
0.667308
0.084059
1.80787
0
3.64082
0.218689
0.802843
3.2663e-06
0.014007
0.169531
10.8896
0.902531
0.608023
3.8438
0.268115
0.145755
7.68963
20.6596
19.4019
14.5531
15.0309
8.02183
13.7414
0
30.1391
0
11.374
7.65292
4.88284
8.37297
2.25857
4.10225
1.30691
0
15.399
0
0
7.30199
0
2.03674
8.04459
4.55292
16.7516
5.62718
1.40772
0.141902
2.94872
6.64854
21.7154
24.6931
4.26866
7.7309
5.32143
0.809572
6.41641
6.90614
0.566995
3.39414
0.137745
9.45546
1.19183
0.108447
1.23056e-06
1.41878
0
0.970518
0.555867
3.90857
2.55631
0.967889
1.32734
2.7239
3.94371
3.3271
0.0374828
0.894696
5.47362
0
0.546622
0
2.00771
0.555946
0.117159
5.33683
9.01879
21.1862
0.0953013
0.247993
0.994425
5.70251
0.0797856
5.50522
12.1141
3.02787
1.91034
1.81369
1.01441
0.0449824
13.4237
0.871606
0.928712
0.308103
3.91399e-07
0
0.00614717
5.54304
0.0348595
3.83801
17.6415
3.63165
1.4917e-06
2.98293
3.76947
11.4565
9.1021
0.0167776
5.42805e-06
0
0.00375658
22.8952
20.7758
0.660821
11.7355
0
15.6627
39.4193
10.8289
5.96748
0.488311
8.63814e-06
1.6517
0
0
2.31361e-07
0.10239
0
8.36749
5.34175
5.88473
7.90364
13.8739
0.254178
22.1565
3.89532
24.1626
13.7625
0.0625766
5.43286
0.185026
11.358
6.75424
0.2027
1.70105e-05
6.48254
14.8379
0.127353
3.39002
0.290303
0.0501558
8.21585
16.8982
8.41665
17.9368
9.85449
15.8106
14.8457
0.880933
1.70746
0
0.397899
0.655124
0.00356878
0.0862861
0.0248778
0.058892
0
16.0935
1.67175
1.08944
2.5585
0.000611368
6.5711
2.05805
0.77017
6.18556
0.258866
7.15905
4.84761
6.6496
0.977313
20.2401
19.765
3.5814
7.16641
13.0075
6.10895
0.000293192
2.11096
11.5947
5.37563
0.265046
16.5298
0.0263792
29.7543
38.7205
7.14217
28.2118
30.6109
12.185
7.29625
0
0.888735
10.5979
22.5059
0.00249082
0.196677
1.25625
2.18805
17.6568
3.59212
0
7.88136e-05
0.479062
0.00381288
1.25391
4.92844
22.5596
5.89845
0.472757
0
0
0.021423
7.75745
10.1606
0.0184856
3.36496
29.3785
4.83881
16.547
0.217838
9.80484
11.2527
14.2664
7.20101
0.0653492
1.6718
2.86385
3.58939e-07
0
0
0
0
0.330623
0.615497
1.35475
0
3.75425
16.562
4.22235
10.1013
6.5833
4.31575
4.6155
2.1886
1.83104
2.71953
0
4.13102
2.24545
3.72743
3.69312
17.1251
6.10465
10.277
0.861924
0.525749
7.48015
0
10.0771
0
0.0268775
0.0611297
19.1039
6.29562
4.63711
18.5461
2.48949
11.1765
1.40822
0
0.0690511
17.0533
0.0864758
0.0257708
0.233332
0
7.75249e-07
1.78117
10.6667
3.99086
1.70842
2.18849
10.1295
4.49845
1.57827
6.58674
5.92116
16.2172
0
0
6.00558
6.77954
16.2804
9.86591
0.0543967
0
0
6.76114
5.03181
15.5172
8.0968
0
4.53396
8.27813
9.06543
0
16.9366
2.64143
0.0762781
7.4341
0.00631655
0.791199
10.8444
0.985038
0
0.35308
3.02665
0.0026189
0.429021
0.572758
4.58429
4.53692
0
0.159465
12.2321
0
16.8538
0
4.89787
0
0
0
0
12.3915
0
2.29434
5.90323
8.37378
6.44324
16.5225
0.263863
11.8538
6.80076
1.8332
5.54803
5.01582
6.09326
4.32317
8.87306
13.858
7.37251
7.25934
4.12434
9.26104
6.02613
6.49027
16.4639
0.539935
6.06479
4.01095
5.28636
11.3426
0.920824
6.17169
4.0902
7.13988
3.83944
3.60702
5.74539
1.81738
0.342235
0.061387
0.0833654
0.533827
4.03758
5.84855
15.3114
16.9415
0.953672
0.298729
0.0373433
12.5366
12.2354
0
14.3696
6.0569
8.67499
1.20087e-07
0
0
3.92951
1.58048
16.6202
2.21924
0
0
15.5799
0
0.00857563
6.03898
3.57775
3.5155
0.0196593
11.5005
6.55887
2.90285
1.8115
6.74621
3.38936
0
0.118448
6.59486
0.126674
0.061506
0.656882
3.3966
10.7837
25.9728
10.2385
0.000117521
1.73908
0
0.000915517
16.2999
4.25861
5.95039
14.2165
1.62361
10.8752
10.8902
0.0993991
0.00122567
2.37998
0.297571
1.7728
1.47256
8.87112
1.11633e-07
0.111029
10.6627
0.253129
11.8186
9.02771
0.028409
0
1.45527
0.0998131
0.0309891
6.56517
20.1827
3.17362
16.1879
15.4837
0
0.000118639
0.942485
0.15231
1.77369
1.36402
0.69814
4.05919e-07
0
3.22557e-06
1.05364
0
0
10.3649
2.00372
2.08177
5.9705
1.66363
1.65948
0
9.6864
5.96297
2.2364
2.12468
0.252453
0.000309404
0.226367
7.04971
0.114022
0.000702853
18.4276
1.06302
0.458652
0
18.4428
1.81478
0.0803488
6.97403
0
11.7527
0.383715
0
0.997349
17.3601
0
17.114
1.66869
1.96475
0
13.5327
8.17602
3.75324
7.14457
4.79116
2.59938
23.9626
2.45792
0.0228221
0
0
11.6436
14.1689
5.6907
6.57188
0.445079
0.228351
0
11.57
20.1589
27.3129
12.9239
19.4296
14.773
11.0297
12.481
6.98058
11.5821
3.11431
14.7153
21.5541
11.151
6.68873e-06
1.79368e-05
17.0817
5.22058
0.565179
6.53441
3.76252
0
9.77725
7.97816
5.23202
0.0584659
22.0337
13.7365
10.708
13.7867
10.5264
3.52187
13.6295
7.61944
14.1252
0
1.13612e-05
0.271374
20.1069
34.1175
14.432
17.0642
26.2123
25.0077
21.5908
24.0308
22.6249
48.1368
37.9684
25.0069
5.83429
9.89706
0.861572
0.281135
4.54683e-08
0.519844
3.93845
0.748179
0.0655615
0.00581705
6.18057
0.0494374
1.91275
11.8578
8.8711
4.70975
2.2116
6.59199
5.44126
2.88653
5.20316
10.343
8.53146
14.0025
5.30767
0.853406
25.4084
34.6008
19.1245
11.3644
11.5813
10.787
3.78443e-05
0.0268961
0
18.7364
4.84575
1.93187
1.26147
16.7538
0.460275
0
6.94334e-07
0
0
24.71
0
26.1176
0
31.3449
35.0253
0
0
0
21.3928
23.0142
12.4866
14.6788
0.372059
0
37.6852
16.2385
0.00304051
0
7.82201
34.0206
33.6041
0
10.262
30.796
3.94582
18.7245
0
0
21.6291
0
0
3.52247
0
0
32.0339
0
0.033049
11.8459
20.1987
18.6775
21.3988
1.34469
16.4915
0
13.468
0
20.7196
23.6527
0
21.1555
12.3173
16.5222
0
3.22513
3.1309
17.0944
8.45681
3.74415
9.08474
0
22.729
11.0368
12.4753
3.58228e-08
16.5794
7.61508
23.2058
19.7701
0.929671
0.0391938
0.688433
25.4858
0.712168
16.8027
0.84004
0.00502889
0.354849
0
19.4241
0.00130621
1.49558
0
15.9236
0
17.3143
23.2159
1.77086
12.8808
2.86067
11.9842
6.9744
26.0332
0.00675464
0
0
0
0
0
0
1.52233
6.60321
1.59401
3.77507
15.1159
17.9469
4.47408
12.8603
18.2677
0.175391
17.7881
14.3327
11.6665
11.9846
17.3944
14.1996
11.6787
0
18.5491
18.2651
18.2569
15.1068
15.4378
6.8543
21.8653
13.2018
0.329779
19.8654
0
0.821246
14.1102
0.89677
0.501908
0
0.0030851
0
0
0.779804
1.52352
5.06557
1.86404
0.0176286
1.17537e-06
0
0.204941
0.00155046
0.185337
4.23012e-08
0.735701
0.026863
27.9584
5.32678
33.1738
12.451
0.0243158
0.408728
9.57143
29.4787
0
0
22.8846
8.74935
15.9701
27.6061
0.00317541
0.432398
3.55237e-07
0.64477
14.916
18.587
0.0102284
0.069809
0.377223
0.00650306
12.3375
7.59333
10.3749
10.4331
0.000645908
1.72406
1.97685
1.87367
0.140425
0
9.78142
0.765152
0.0776976
0.968393
12.2525
43.3792
2.15052
3.6811
20.2029
5.33099
10.1862
10.9698
0.418683
14.1711
0
1.15967
0.0860926
4.5405
2.56482
4.20109
10.314
0.103814
4.65568
1.86731
0.81336
0.911394
4.75172
0
0
0.112033
0
13.245
8.35757
0.399694
8.58416
0.840632
9.38304
0.0969277
1.94276
2.96377
5.68122e-06
0.0700484
1.29257
22.4916
18.0165
23.3228
20.1483
14.4308
10.0843
0
5.87187
13.0377
0
10.724
0
1.8987
0.0208271
4.2435
2.34195
9.84688e-06
1.1316
0.0114531
0.316583
7.90159
9.22826
6.41609
7.02225
8.44085
0.840112
0.912455
2.14662e-05
0
2.0073
8.26167
0.372574
0
2.17833
1.76824
4.1511
0.605804
0.606208
0.0313857
7.54255
0.901807
0
8.26512
0.63935
14.0477
0.0202434
1.6763
23.0771
10.3392
0.989945
0.553323
8.67526
13.6327
2.45676
11.7539
1.86909
1.69272
2.05136
1.14186
0.0672651
2.16378
3.76297
20.287
11.3121
4.86672
3.94498
3.91328
5.36534
6.28897
3.13187
2.79667
0.000188479
2.19694e-05
0.00399053
1.51729
0.361511
0.024609
7.64179
0.000112605
19.2704
0.488233
1.95504
0.435415
3.04351
0.743823
7.26619
0.417726
1.05787
13.5059
10.4187
2.02261
6.10949
5.97039
0.862334
0.000359037
22.782
12.2404
7.56183
11.6761
0.0929169
2.30796e-07
9.74708
2.09126
0.512266
0
8.17511
0
0
1.20673
0.512624
0
0.189912
0.00303282
9.19946
0.470787
1.98874
0.00843361
58.7669
2.64345
0.0245235
0.0425729
10.6712
0.794743
5.80909
27.476
0.00961214
3.7928
31.3859
3.52905
0
49.4591
0.659382
1.42319
1.44918
9.30555e-06
0.752667
0.000393315
0
1.7413
6.32628
1.16582
2.74122
9.23844e-06
0.00131685
1.42439
12.7051
1.19707
0.00100661
0
0.0598419
1.81121
4.57417e-06
0
5.78551
0
3.58191
0
0.0359759
11.9679
0.281342
0
2.13662
3.29428
0.269326
1.61426e-05
3.78349
7.5354
2.26001
24.8811
16.2749
6.19119
0
0.905984
0.173984
0.308252
0
2.3602e-05
0.000647401
1.97588
7.25958e-06
17.1805
10.0356
0.113872
1.8258
1.09546
0
0
8.21248e-05
5.9568
5.56995e-06
0.0236709
1.36412
0.666557
0.0463887
1.55429
0.892795
0.0298947
1.29379
0
0
1.06196e-05
1.65242
0.934467
4.20581e-09
0
0
0
0
0
0
0
0
20.1773
1.59405e-06
1.87574
15.1635
0.319158
0
23.6206
2.84232
7.57781
0.394061
1.42824
0.128311
0.0324477
0.0347364
0.550262
0.00796658
0
0.273276
0.039464
0.835265
0.0728944
2.3688
0
3.85705e-05
14.6899
0.809195
0
15.3345
0.00217849
0.0467706
0
1.30573e-07
2.20438
0
1.62732e-05
0.913148
0.128963
0
3.11859e-07
3.41323
0
1.83036
3.219
0.26897
2.2166e-05
0.0475531
1.05094
0
0
4.17492e-05
7.3461
0.000576764
15.4481
0
0.0399966
0
0
0
0.00607524
0
0.979415
0
15.76
5.78231e-09
10.7664
0.0494358
7.54853
13.7115
0
10.9865
17.3182
7.13178
1.46671
0.5689
5.2647
0.0450458
21.9536
0
0.93111
5.63415
0
0.71757
10.8793
22.3721
0.106126
0
7.14365
4.2391
7.0448
4.86865
3.89697
8.63324
12.2341
27.5001
0
4.02509
10.6668
0
12.2679
15.4901
13.2837
8.65605
7.92764
7.62294
7.34897
16.1961
5.87147
10.8961
5.91656
3.22856
3.74471
2.11677
5.65833
2.99778
0.251407
0.131099
0
0
3.61272
6.2748
4.66382
0.25438
0.913105
0.000228156
0.322272
2.42864
2.74241
0.0250119
3.3272
0.917014
0.974242
1.00374
8.57965
5.69574
15.4981
0.854978
3.4043e-07
5.39076
2.75222
1.62543
0.0293476
0.00031339
1.04597e-06
8.47436
0.349064
0.437837
0
0
2.94975
0.951032
0
0
0.011065
0.874563
1.37274
1.02876
0.0108146
0
0
0
0.573255
0
0.00326235
0
0.0131536
0
1.74295
0.252463
0
0.00194903
0
1.32969
0
0
0
0
0.00211081
24.5493
7.1847e-06
1.81468
0
0
0
23.7093
0
0.00080423
0
0
7.69522e-08
21.9527
0
1.46212
0.892534
0
0
4.0017
0.707273
5.59955
0.755595
0.454081
0
4.60317
7.62118
0.000145019
6.30512
6.12369
3.79744
4.98273
6.70553
6.54944
6.78651
6.66013
2.39974
6.25672
5.65572
0.0234823
0.000355893
7.33379
8.99227
6.33197
10.9171
7.75026
6.9755
3.20405
6.85966
10.0095
16.116
5.88409
10.78
11.2227
4.13771
15.5531
12.9472
0
25.2655
0
10.9999
12.0067
7.48916
11.9366
6.28467
9.40941
11.243
10.9882
3.24094
11.3098
22.5713
6.30662
6.18202
11.0346
10.4905
21.7043
16.7489
6.22541
8.44388
4.78917
5.63984
0.0382464
7.32654
6.66698
6.25515
0
8.82544
5.05084
2.54259
3.95332
0.639772
0
1.7055
2.48177
4.89818
0.0433295
2.73582
0.690734
0.135334
1.75238
0
0.0116656
0.883292
20.2455
1.3571
0
0.847733
13.9394
1.08955e-07
0.340799
2.49171
4.46491
2.00808
0
0.000623219
0
1.37105
0
1.55316
2.81948
1.42629
2.02124
3.86392
12.1948
0.977223
19.3953
7.07979
6.12844
17.2159
15.836
6.93605
15.9696
18.3009
17.6593
18.9413
20.5871
9.28658
0
7.32571
7.07323
12.1061
0
14.4028
0
6.0665
5.62985
0.687293
2.83633
11.9971
12.7513
0.641429
10.6783
0
0
7.48027
2.70738
0.39182
0.00100845
1.36481
0.517102
0.0895128
1.04461
5.559
0
2.27957
27.203
9.67043e-05
0
0
0
0
0
0
0.912949
9.40802
0
0
0.511496
0
12.8781
26.1873
0.0778695
0
6.62107
3.85477
0
5.68426
0
2.88261
0
8.16179e-05
8.75377
1.88266
0.00778522
19.5613
1.59735
12.9709
0
1.15557
0
1.11982e-08
0
17.9027
0.516188
0.00470905
0.00238603
6.75169
0.0326706
8.76952
17.6686
24.9358
22.2397
15.8068
18.2277
4.86773
4.3572
9.00142
4.42569
2.60083
6.38084
0.00024702
0
10.6515
2.01367
8.55659
0.833561
22.5578
0.627812
0.228757
2.86595
11.0082
15.5826
9.35951
4.75065
4.74709
8.52295
2.01014
2.04772
3.28854
2.48981
0.303802
0
8.42713e-08
0.731801
5.42805e-06
1.86345
24.9377
25.1641
10.1552
1.12787
8.9052
7.95955
0.600858
7.52815
4.99907
16.0672
2.39964
2.35511
1.14386
47.3979
28.9118
1.27438
16.4824
21.3696
0.0440305
0.0219315
0
2.51093e-06
0.0265109
1.65871
0.00658289
0.221842
7.83688
4.33446
12.5848
0.978753
30.9659
0
0
0.303809
0.00027232
0.11646
0.00101124
0
0
6.69062
0
0.0332721
22.8181
0.968652
2.98683
1.47162
5.29763
0
5.14857e-05
8.37644
15.5196
0
4.00904
3.33806
2.43045
0
30.0096
26.4805
1.16299
1.33972
11.2643
0
0.0183042
1.87406
1.60212
0.0839004
0
25.9327
0
52.5202
28.0995
14.7164
0
0
0
0.708809
0.297508
13.8988
6.46247
15.9229
1.66595e-06
10.0785
16.3659
12.3309
2.25263
4.45668
11.8798
5.22101
0.126618
0.0491672
0.336065
0.0342743
8.80317e-06
4.53859
0
0
0
0
0
1.18723
0
0
0
0.0980251
1.04897
0.55214
0.0068945
0
10.7771
0
0
0
0
0
6.16397
13.1107
0.195136
3.54946
0.285848
0
0
0.509679
0
7.82114
11.6209
10.6571
2.83499
8.2366
2.51368
9.49472
1.95407
6.6598
18.496
30.013
1.94687
47.3734
24.4815
38.1125
14.4431
14.3295
12.5852
13.6116
8.20118
16.6289
10.3463
16.0539
15.5404
4.03007
8.66314
7.00155
6.40687
10.5244
16.0591
5.54004
9.88529
3.21058
6.11618
6.36262
9.57116
5.55185
1.49193
0.0921308
3.90847
0.333254
0
0.242275
0
0
17.0407
21.5479
0.868794
5.07224
1.59557
4.07799
1.88431e-05
0
8.43769
0.0628986
6.50657
2.04875
0
0
7.05528
12.776
0.015968
12.963
13.8798
17.9355
13.8178
0.688714
14.0877
0
9.48982
18.2575
12.0515
22.5536
8.79385
8.67392
8.50415
3.19053
3.97742
5.81533
19.364
16.4534
8.78607
1.06368
10.0388
1.1801
3.49842
11.3732
7.27623
17.3696
5.03731
11.7215
18.3484
24.9367
15.1053
16.4556
11.1056
13.2707
13.1604
11.4163
10.854
15.7332
22.5754
0
0
0.0224175
4.12547
3.26572
8.81894
9.67359
11.9759
11.2012
18.109
15.2125
15.232
15.2888
2.5964
18.3995
19.3899
7.60394
4.32595
6.89939
3.31034
9.57365
3.84952
9.78579
4.75114
4.40176
7.47258
4.20489
2.67569
1.01457
1.77736
21.9045
6.54537
7.77252
8.86122
9.2101
9.43249
10.2924
16.2955
3.73674
5.89127
29.1261
2.27743
3.68439
0
0.485333
0
7.0712
11.2657
4.95707
18.5878
0
13.7485
15.0596
15.9966
14.5412
11.7233
16.3228
11.2562
24.1657
0
0
0.0068046
18.9557
25.575
30.3749
4.52975
40.3779
2.35041
4.76846
0.00883282
8.93083
0
2.67405
29.597
0.921245
10.1216
73.3876
42.6593
14.5212
8.54461
0.25303
21.5432
7.73186
20.03
11.2783
5.93506
18.1086
17.1307
25.7455
24.1523
8.25972
11.9784
15.2194
9.17595
10.0158
7.92458
17.6909
10.6704
15.4305
10.8598
8.14426
7.7534
18.9761
5.07954
8.23258
14.8662
8.54098
15.2642
16.4972
14.6267
9.51251
0.00816478
11.4889
0.0577331
6.69683
6.95621
18.019
10.9871
10.4854
2.89706
18.0189
9.29799
10.4131
11.3971
14.2328
9.5765
5.95884
15.8617
10.7848
4.27622
5.68319
6.27244
9.60844
5.97416
5.42087
9.72206
0
9.01061
9.52187
18.2984
8.51218
10.4854
1.02266
1.27532
0
7.06683
8.01361
7.74856
0.0367695
8.03462
13.7645
12.118
10.5122
3.00151
9.36401
16.5046
23.4722
5.62064
4.6601
2.24374
10.4253
14.4511
2.72438
1.70051
1.93347
1.17104
1.054
1.19939
1.63112
1.00415
0
7.0817
0.82599
1.49361
1.02548
6.39841
0.778541
0.0455461
0.644935
0.0555121
0.000448159
0
0.0576188
0.396816
2.84351
0.358007
0
0
0
0
0.0233833
3.49634
3.88253
2.03582
4.1826
0.413184
16.3676
1.66119
0.000332763
4.21211e-05
0.000333762
0.0798788
0.810316
7.9506
0
12.0127
0.00825272
9.43831
0.0812104
11.5123
0.0569283
0.0769386
9.22989
0.563272
16.6375
4.16461
9.63762
0
23.5788
0
1.262
0.0681833
0
9.75837
16.7093
1.28293
0
24.8751
0.266237
0
4.20024
0
4.19906
0
5.01603
0
5.5935
2.46168
3.84711
0.000128597
8.09017
1.30164
0.845042
6.61528
8.83286
0.755439
7.85414
0.0103676
3.61924
14.2545
12.6233
11.569
0.537877
0
0.760247
3.37581
9.3043
0
0.0903349
0.949543
0.909686
0.00231473
0.284375
0
0
0
0.0473702
0.915579
0
0.952539
0
1.57248
0.476491
0.694848
0.08812
1.59076
0
0
0.874166
0
0
0.000173912
0
0.003231
0
1.02446
12.116
26.2495
27.5802
10.357
27.2635
5.37367
6.34089
0
0
3.07456e-05
1.14395
16.1678
0.473961
3.30174
0.436068
1.61944
21.2089
47.2897
29.6741
10.5994
8.77265
3.8278
18.8584
18.1162
3.43483
2.09675
6.49753
2.72863
6.93665
4.17964
4.26683
17.2271
12.3231
3.93705
10.7171
4.63496
10.2659
0.794585
5.52457
0.349516
14.8404
21.2379
1.69681
1.0894
0.766135
0
2.49238e-07
1.61352
0.375318
0.021102
0.00413394
0.692927
0
10.0712
0.044476
14.3233
1.56368
15.4597
4.50958
5.96489
13.5014
19.2783
18.5071
3.40843
0.212661
13.5424
12.9478
15.0885
31.6515
24.5732
20.9956
23.6796
4.37886e-07
25.3692
0.855174
23.5784
29.3511
19.9198
12.1574
1.22336
22.1586
9.43264
24.107
6.42628
34.3491
39.4773
7.74519
4.7791
13.8942
22.3053
9.90165
13.6798
0
2.35471
24.7671
1.93348
1.56102
29.9548
0.0858235
12.4069
0.555326
0.0253056
1.85389
0.371718
1.97595
0
22.4379
41.9087
13.6536
9.95307
3.8854
4.52254
7.87469
2.06328
0
0
2.82096
10.7113
13.3688
16.7874
27.5104
11.9975
16.8723
6.03348
14.5054
9.92579
4.56945
17.7063
0
0
0
10.3489
0.672233
7.72784
17.9161
1.52793
0.0162299
0.878843
1.63408e-05
0.721662
0.101375
0.565565
2.90773
0
0.338748
0.131272
22.6841
0.188237
1.99014
4.11319
5.09531
3.1165
17.8169
0.153546
1.92557
0
2.32662
1.46978
0.0302297
0.634438
2.16402
0.93983
3.43524e-06
0
0
5.83477e-09
0.0078995
0.000709843
2.95736e-07
0.0250257
0.897104
1.12689
0.0387208
0.789481
0.127193
0.0473904
2.72764
7.58523
7.23478
4.4604
0.00018384
2.12661
8.27595
0
0
0.000380348
0.00533269
10.0904
0.00868892
26.17
6.03093
21.2773
2.61563
6.57912
1.65996
6.28312
1.9908
3.90793
9.41272
1.02192
9.21143
6.65053
0.151883
0
5.93675
1.50255e-07
6.76584
7.90489
22.542
11.0884
14.5573
14.6117
0.0405523
22.1976
5.71137
16.2491
13.6715
0.00911551
10.4194
0.297866
28.4376
1.50526
4.3427
8.71926
8.2318
3.78648
0.727269
0.01354
0.784066
0.868733
3.18823
2.85493
8.76891
0.0427788
9.45683
7.51437
23.265
19.9038
17.6338
22.2652
15.2004
9.31875
12.2531
18.1221
24.9001
9.78565
8.20987
7.70374
10.4283
0.000743473
7.32345
10.7449
9.9638
6.80083
5.85933
9.83717
1.31654
4.23008
17.0331
6.75245
8.99794
9.10281
5.9352
8.09214
10.8764
10.6212
7.2787
7.53881
9.1979
0
6.84949
5.00511
1.09401
4.6437
6.58481
0
4.22703
4.42885
7.27938
0
0
12.0199
5.86791
12.2181
12.2291
2.50616
12.1841
13.1254
2.85787
17.358
13.5444
9.80792
9.28148
15.9194
15.5615
24.754
5.07502
28.9421
18.868
26.3897
16.0144
30.7495
21.0585
0.426725
14.31
20.7588
23.8603
11.3612
16.8929
20.7723
27.5355
25.667
0
31.957
17.1692
26.3607
6.47351e-08
9.03349
11.6909
17.8884
16.5369
11.5093
16.8514
14.3777
1.16828
0.097585
3.60424
0.999415
26.8299
0.0123508
15.9666
22.1795
21.2322
16.1244
17.3034
0.0291597
24.4283
0
18.9539
21.051
24.911
23.2558
12.2084
37.0792
42.7194
8.23272
21.3453
11.4326
7.81583
14.0045
2.19404
11.7018
10.2252
16.5796
0
8.84796
5.25203
8.05726
5.43964
2.99887
16.4418
11.6769
0.575893
6.53206
6.35995
7.47463
9.90366
15.1963
0.471937
4.12601
3.68857
3.56973
3.93319
2.05659
0.134364
3.12678
2.4741
8.65867
1.93451
17.06
11.6753
10.6362
15.6942
1.2184
4.57537
29.2756
0
2.46482
4.34813
6.92861
0
13.1804
12.2465
4.75092
8.12804
4.06239
9.7923
3.25556
17.8011
11.2717
9.66284
10.0859
7.04286
10.3417
12.0271
4.37626
11.1125
26.2218
0
15.1984
6.75039
22.1921
5.50021
2.58126
17.2573
4.16056
27.4079
8.43346
14.0586
17.6381
10.7933
15
14.9092
18.1954
9.45921
5.56068
9.30865
29.4832
43.2734
9.02132
0.0868563
5.73997
25.7312
9.45619
52.8614
10.4759
2.83387
18.592
12.4222
9.32727
7.07481
0.0768648
15.346
0.820204
6.87278
7.07265
2.42424
0.0640478
4.92752
8.22383
8.93775
9.84865
14.2311
1.94789
3.07492
0.00858727
3.27608
18.1775
5.20864
5.29458
10.2802
3.59278
14.5086
3.50669
21.3643
3.55261
0.108609
19.6924
8.52591
7.6391
18.9859
4.53547
9.378
0
3.21111
0
3.30027
0.815524
1.43084
3.38374
1.40379
0.957235
9.14815
3.24829
5.53318
0.0278513
3.50609
2.16464
0.0457617
6.18639
0
0.00472835
0
0
0
4.79224
5.53319
27.3163
16.2666
15.1805
8.09195
13.9595
1.94553
1.93193
2.3341
10.2257
7.89685
1.7745e-06
7.44365
13.3036
0.729161
7.19722
0.0114657
2.84169
3.70183
0.0350149
4.41841
2.50905
1.28573
15.7899
0.242898
0.000407544
0.532025
0.578151
0
6.5899
8.63972
10.1619
0.103145
1.59834
9.16515
7.59768
12.6631
10.5667
6.15722
5.08809
7.26898
5.96992
26.0584
14.2269
0.000294738
8.0802
6.83616
8.54976
12.9362
0.00286769
9.10729
9.12373
14.9332
4.60449
4.89525
9.55076
68.8909
8.96158
16.1741
11.0945
91.7863
5.89697
4.26939
7.31778
4.91623
6.19795
5.189
2.28354
23.6622
3.75905
6.63092
7.5753
2.97462
8.30462
17.5517
7.22491
4.75164
0.853681
0.00272997
5.37867
7.6656
0.014018
0
0
0.895006
7.23894
0.112704
0.000237806
0.502291
0.000996675
0.131724
0.000757518
0
2.49352
0
6.15995
12.1627
0
0
3.02571
1.49072
10.5593
0.0200781
2.23797
0.638973
0.879672
0.520084
0.0163208
0.478956
0
1.37678
15.7479
4.3985
0.025731
0.192862
2.02821
1.02753e-06
0
0
0
12.6957
3.2879
8.17715
1.03873
3.82558
0.104404
12.6978
1.5729
11.1362
7.61707
4.15895
1.50158
12.9967
1.16763
1.56283
3.76214
2.76618
3.30095
1.3537
1.59555
10.1291
35.7802
23.4747
25.0599
5.77874
1.30416
5.31516
0
2.1074
4.34252
10.4895
4.773
8.5213
1.80098
1.44418
22.8222
0
7.14189
11.4902
13.761
18.5003
18.8667
7.02109
8.57351
17.0626
7.0069
18.4881
20.0558
17.9287
15.308
14.3775
12.9446
1.07287
11.756
5.37986
2.32186
0
0
1.94462
8.33694
1.84188
1.89086
2.06633
14.8992
27.3476
4.6656
5.52026
4.40849
2.40951
5.15082
2.54274
5.60168
0.100571
0.000762673
7.35827
7.92576
12.6911
5.89841
27.3686
12.7214
6.91534
18.4217
1.13417
0.0865079
0.780631
11.0351
13.1671
8.21981
10.1408
0.0823085
13.2222
11.2375
0.169076
5.9729
0.828833
8.47311
1.01468
28.6749
30.9151
7.25115
0.25492
14.1759
22.1904
0
0.00353284
0.000267736
0.292059
0.125927
0
18.7029
2.60724
2.20416
0
0.203901
0.173782
6.57885
0.278686
6.73978
0.833003
0
7.74397
0.713292
0.00103081
0.00951645
4.3366
0.60802
1.16134
0.940703
0.000989565
0.340343
1.5724e-05
5.58157e-05
0.140909
0.881959
1.99007
1.99212
4.57752
4.08135
0.00608018
1.50062
0.00360654
4.98949
5.79887
9.63992
28.0737
11.5905
2.3888
4.1835
12.3686
8.99066
1.33018
9.42672
1.93355
1.18374
2.84232
0.631895
7.54897
4.19634
6.44519
1.82971
1.86929
3.3267
1.41409
2.28376
13.0842
0
0
0.211865
0
0.00094207
0
0.109861
2.2143
1.07506
0.220864
0
5.85768
1.66049e-05
0.544245
1.56966e-06
2.2087
0
21.3335
0.41995
3.11567
6.42371
24.5079
8.60649
14.8953
2.2649
5.79128
19.8543
12.9395
1.50824
6.55126
21.7865
0.831565
1.07529
11.4139
2.02696
27.1196
18.6535
14.4563
22.3405
16.225
10.2811
10.587
9.60992e-07
5.11141
0.0132378
8.54122
3.25328
1.77103e-05
24.2162
14.0987
0
14.9304
6.78871
13.8239
8.03144
0.989313
10.289
20.0089
37.9397
12.9577
14.3725
13.6662
2.97689
8.92746
9.99675
1.84947
3.29177
1.77001
6.82977
0.0938886
1.40615
1.95011
0.884851
0.659205
1.10942
1.6897
0.800074
0.447043
1.76096
0.713601
0.2382
1.54498
3.36981
0.351351
0.069224
0.905889
0.0127559
0
0.251068
0.393493
2.71913
0.203663
0
0
0
0
0.0221016
2.49785
1.349
3.95593
7.5894
0.342834
9.06889
2.80629
2.15313
3.85895
1.21788
0
4.15494e-06
0
10.1632
0
1.56828
5.30046
14.5635
1.70999
1.57529
18.123
10.6552
11.7653
9.14645
10.4854
22.21
0.00271369
21.1022
13.8208
0
1.04445
6.11372
0
1.90093
9.85975
0.0412004
2.50918
0.324304
31.2459
1.20793
0
0.222434
0.0307113
9.74377
2.49481e-05
0
0
0
8.27564
42.1908
24.0537
29.7919
0.410852
20.9616
13.9313
2.21368
10.9641
3.42423
11.2704
8.26267
0
0
21.08
0.00636192
0.0107264
1.81555e-07
3.67793e-08
0.819743
0.0440856
26.7061
1.69717
0.561948
11.1942
0
8.0009e-06
0
0
7.33465
31.0831
4.12953e-07
0
0
0
0
0
7.02133
0
1.93531
4.52415
0.0029602
0
2.38104
0
0
0
7.7888
5.44689
0
0
0
1.93164e-05
18.6577
4.34415e-06
0
0
9.96629
0
0
0
0
0.00612656
2.76423
0.0287573
0.722371
0.472195
0.863224
17.2273
0
0
25.8313
0
0
0
0
0
0
8.4741e-07
0
0
0
0
0
0
12.5109
0
0.0116735
0.0326168
0
0.236886
0.0113468
4.7256
0
0.0625912
0
0.269852
7.94802
16.3723
6.0102
3.32712
2.06375
0
3.66841
10.3389
4.59146
1.88264
2.15655
2.40864
3.40521
27.3642
1.98472
0
0
1.12814
1.54736e-06
0
1.4512
0
0.0591141
1.75213
1.8931
0.410737
3.17337
0
5.20639
1.43873
0.662681
7.29271
0.000202006
4.27508
7.12874
1.94071
1.28816
7.17034
15.9253
0.0610819
1.49944
0.968708
0.904792
50.0852
2.22087
0.146307
8.73463
0
0.352489
1.83144
22.0757
0.190853
4.2494
25.9872
0
5.2362e-07
0.335061
2.00891
0.950657
0
0
0.324097
0.000973871
4.75931
1.72791
1.40978
2.04716
12.8919
4.49271
0.0279577
0.687341
0.740868
0.620416
0.903515
20.2151
4.85877
4.11311
0
6.4407
10.1918
10.7437
11.3382
0
14.9601
11.3074
7.98443
11.352
1.68695
0.479437
10.2811
1.96716
15.1888
1.87862
2.45959
12.2228
0.0683482
4.34655e-05
0.0297352
0.0254827
18.3375
0.46178
0.216679
19.2231
26.8313
0.330308
13.4369
9.42374
11.4495
5.75168
1.49121
14.6149
9.59018
0.20039
3.05213
17.785
12.9805
1.89172
3.68936
23.173
13.2448
15.7156
19.9113
17.4461
15.8617
32.8525
16.4178
0.786241
22.2044
0.00022967
5.58663
13.5053
8.58434
7.81681
1.4731
1.21806
2.34002
1.5573
0.0756379
2.54507
2.04347
0
0
2.35527
0.852851
0.482485
0
0.652073
0.134161
1.45037
3.72767e-07
0
4.37558
30.7774
0.601643
0.777386
1.07046
9.06398
0.568787
1.71962
7.49794
5.00755
24.5177
10.3477
27.1183
0.812861
1.24229
0
0
26.6321
0.00663216
0.387493
16.3406
1.10139
0
23.7778
1.50624
0.169011
0.106237
5.88805
14.9131
4.22331
0
9.07718
2.7976
1.09346
27.5537
5.13736
3.50874
16.3226
5.01543
9.17998
4.61093
0.504301
4.57471
1.35586
4.27881
3.84321
2.63078
2.04757
20.4887
1.79126
16.1634
18.232
1.53085
14.5107
13.7892
16.0744
10.0188
0
0.0242188
0.0126221
0.00819331
1.69256
0.980166
0.000725931
0.150729
0.0295
0.0326442
0.0676479
0
8.45972
6.77799
0.0205935
28.3466
5.08195
4.58415
13.4973
3.67909
5.84291
0.616979
19.851
10.3166
5.80108
9.22049
5.68367
6.25673
2.73359
6.85384
2.4096
5.36612
5.40856
26.3363
5.04772
2.66919
3.48392
7.42961
5.33503
0.484967
0.526423
0
3.14755
0.0520461
1.42857
0.00206756
13.8614
0.000198859
2.05842e-07
26.1893
11.3253
15.1725
10.9587
5.69704
2.2345
0.97376
0
0.00932529
8.90412e-07
0
11.9869
0
0
6.13935e-05
49.6988
19.3832
10.3048
1.74654
3.76749
1.91189
0.301405
0.669617
1.97981
1.53432
0.0907352
0.270869
1.06596
1.39465
0.196491
0
4.81357
0.450439
0.908805
2.84217
2.98546
1.79677
3.37188
4.96688
3.4135
3.34205
0.195322
2.50146
0.0643693
0.350608
3.71516
0.428019
0.241985
0.390215
17.3526
3.26118
0.0231901
14.2354
0.357375
14.9292
0
1.22255
12.8783
