0.186632
0.423933
0.0106934
0
0.559192
3.90218
0
0.00386438
0
0.0865679
1.60422
7.06873e-08
0
0.25858
1.5314
0
0.0832512
2.73958
3.57451
2.55768
0.0189978
0
0
0
0.41877
1.44155
0.713992
0.688762
8.60642
0.910966
0.717131
1.26368
0
0
0
0
0.125673
0.793432
0.479454
1.79465
0.400161
4.41983
0.0776718
2.39031
0.0714216
0.218402
1.53791
0
0
4.21829e-06
0
0
0.0679002
0.441024
0.0461886
0
2.08448
1.14421
0.251244
0.0254521
0.672296
0
1.15332
0.425671
3.00758
0
2.17829
0.571954
0.177674
6.283e-06
0.286759
0
0
0
0.0727078
3.5343e-07
0.117539
0.870186
0
0.0223309
0.752737
0.659412
0.359781
0
1.12689
0.112406
2.97603
1.08945
1.92844
1.34331
0.43259
4.06534
0.0940522
3.07979
16.2891
1.72893
1.55202
1.91958
0.0178419
0
2.82133
0.0196514
0.761892
0.950961
0.871741
0.857345
1.54059
0.748537
0.0486716
3.06942
0.423036
0.563613
1.06957
0.482531
0.00677964
0.922237
0.00486273
0.0614696
1.89165
0.643516
1.05362
1.50659
0.0743581
0.0170753
0
0.0692045
0.815376
0
0
0
1.32557
0
0.0116873
0.909188
6.95479e-08
1.26773
0.97161
0.0858682
0
0.0407698
1.20438e-05
0.539162
0.00518393
0.109758
0
0
0
0
2.94426
15.2789
0.0616793
0.00173403
0
0
0.512204
0.00545594
0.982891
0.0605275
1.97904
0.0691209
0.642942
2.98807
1.52212
2.68412
0.214538
0.118762
3.62444
0.905337
0
0
0.505011
1.64715
0.906856
0.704632
0.00717172
1.23979e-07
0
0
0
0
0
1.44494
0
0
2.97053
1.80054
2.91401
1.05026
2.73069
5.92991
4.53769
2.92921
2.91017
5.06156
0.234274
0
0.763803
3.33217
1.72642
2.12235
12.0229
33.6785
0.917897
4.09974
3.82052
1.77903
0.418088
6.10412e-06
30.2657
0.207127
9.97098
2.5125
0.139109
3.96558
1.8352
2.83309
0.975523
4.13626
2.12618
0.248258
1.04166
0.0425604
1.26665
0.136283
2.93653
2.95092
4.39306
1.96864
1.15355
0.00247566
0.172845
0.900411
1.6609
2.17544e-07
1.39767
0.961742
1.25857
2.39098
1.66493
2.02048
1.57515
1.85629
1.13727
0.910806
0.00801012
0
0.0636793
0.00461494
0.798816
0.440933
0.0117091
0.136685
0
0
0
0
0
0
0
0
0
0
0
0.00282596
0.947958
0.816409
0.17182
0
0
0
0.0519767
0
1.88255
0.00764952
0
0
0
0.0198624
0.0266211
0.0288564
0.0952334
0.693209
0
0.0151385
0.792307
0
0
1.60182
0
0.374314
0
0
1.16568
0
0
0
0.00221011
3.18981
0.0191242
1.49566
2.22061e-07
0.0933348
0.486002
1.04935
0
0.60285
1.14446
0.762329
3.45829e-05
0.00160647
0
1.10597e-08
0.125191
6.42246e-05
0
0.448498
6.77654
5.37412
0.274209
1.15522
0
0.987029
0
0
0.916557
0
1.44357
3.48092e-07
0
0.0437766
1.8393e-07
0.145809
0
2.39365e-06
0.000147905
1.78404
0.948874
0.145474
0.0187226
0
0.916476
1.27785
0.246373
0
0
6.449e-05
0
0.930126
0.192439
0.0330377
3.60409e-08
0
0.52604
0.00140653
0
0
0.00037722
0
0
0.0895037
0.143565
0
0.151817
0.000782929
0
0
0.00011839
0
0.285513
0.492887
2.15017
1.09659
2.35087
0.60532
0.0259911
0
0
0
0
0.113526
2.5619
0.884955
2.51657e-06
1.32215
0.911662
2.61639
0.516612
0
0.0166965
0.167457
1.07828
1.97996
0.557124
1.25528
0
4.60235
2.99895
2.68257
0.169813
3.74057
0.148208
6.71925
1.9609
3.00681
2.38822
2.55775
0.402043
0.201966
0.417047
0
0.95525
0.100294
4.04726
0.0192688
0.289549
1.66056
2.45308
3.03593
2.32998
0.758262
0.181583
3.11371
0.922726
0.830471
1.10109
4.07623
2.7892
1.38579
1.5002
1.98055
0.539782
1.25464
0.748636
2.48563
2.04475
2.94257
1.32578
0.179141
0.567853
3.81728
3.907
5.80723
2.4825
4.22379
2.40133
0
0.223013
0
0.234845
0.0261002
0.787946
0.10039
1.79032
3.89029
6.2626
0.964882
0.291934
1.43547
3.59441
2.95226
1.31545
0
0.361533
0.00816426
1.19151
0.866922
4.71435
0.0761656
0.786767
0.00981727
4.23549e-06
0.0230703
1.06845
0
0.15048
0
1.78186
0.000221739
0.866857
0
1.81964
1.47319e-05
3.6001e-05
4.60988
4.82689
1.43799
1.96494
3.73921
0.00050783
2.44213
4.19265
2.17157
4.86236
0
0.0674576
1.19154
0
0
0.00770836
0.317552
2.53149
2.29973
0.269718
3.39153
5.91326
1.07078
1.61526
0.20455
0
0.0223382
0.0382226
1.08641e-07
0.962289
0.591909
3.92935
0.758988
2.82385
0.692871
0.936756
1.74108
6.03003e-07
3.2888
0.260858
0.000125824
0
3.57899
0
0.00708822
0
0
0
0.679367
0
0.181501
0
0
0
0
1.76332e-06
1.14276
0
0.192603
0.768444
1.81005
0.000101423
0
0.495877
1.01951
2.9168
1.61257
3.51762
1.34685
0
2.65119
0
1.18559
2.29482
0.897976
3.11781
2.42879
0.069856
0.757857
0
2.40176
0
0
1.15911
0
0.0977891
0.00911018
0.119038
2.56597
0.176797
0.192351
0
0.442885
7.04982
0.556239
5.05713
2.41258
1.31485
0.596561
0
0.0988125
1.42937
0
0.161144
0
1.17327
0
0.00278317
3.54564e-08
0.812526
0
0.326178
1.09875
4.13203
6.54292e-06
0
0.195985
0.510725
3.73671
2.90503
0.019053
0.885804
0.951283
0.00636766
0
0
1.05926
0
1.03885
0.366966
1.29837
0.52533
0.702827
0.000306834
0
0.90499
0.197543
0.250914
0.719894
0.969657
0
0
0
2.56223e-06
0.152842
1.03783e-07
0
1.47717
0
0
0.784172
3.28891
0.748745
2.68076
4.55034
1.11819
0
1.38082
0.00757629
0.0522297
0.0477057
0
0.762002
0
0.00553571
1.07267
3.8568
0
5.09774
0
2.50561
2.01913
2.96226
1.26584
0
0
0
0
0
0.513612
0.00430173
0
0.294439
1.91251
0.866967
1.79263
0.147067
0.951311
3.25527
0.127422
2.52627
5.64097
4.77435e-06
0.0262868
0.000128596
2.84187
3.1307
0.0146088
0
2.48541
0.00508519
0
1.59005
0.00098412
0.000128181
0.0572283
0.0292179
0.723882
4.95511
0.477762
3.61772
3.5255
0.113466
0
0
0.247446
0.144019
0
0
0
0
0
3.59975
0.00517619
0.0193226
0.82604
0
0.434413
0.595515
0.00709997
0.609313
0.952174
1.08088
0.0174345
2.64119
1.58799
1.49296
1.71982
1.58049
0.944942
2.56627
3.3204
0
0.323902
2.96377
0.0455644
0
3.31036
2.21799e-07
0.599414
13.7116
2.28939
4.4927
9.49124
1.20828
0.7372
0
0
3.64389
6.19242
0
0
0.000102657
0
14.7513
0
0
0
0.000359319
0.92583
0
1.1481
1.11542
0.116743
2.07184
0
0
0.00136895
1.49775
0.812792
0.734282
0.828665
1.88756
6.27998e-05
2.81001
0
0.797728
2.20263
0.314264
0.655626
0.0860181
0.321863
0.0150197
0.108067
0
0
0
0
0
0
0
0
0.0865412
3.22928
0.841832
6.57868
1.5592
0.368241
1.69432
0.0503303
0.0996899
0.0142332
0
0.270683
0.00239212
1.12565
0.129551
0.171841
1.36233
1.86284
1.01288
0
1.40783
0
2.28237
0
0
0
0.523266
1.42829
1.77324
4.21341
0.412785
4.25647
0
0
0.00773249
0.0104806
0
0
0
0
0
1.17118
0.125581
0.0315224
0.166259
1.42869
2.22103
1.40784
1.86601
4.49352
0.885616
1.21774
0
0
0.275086
0.985785
0.405467
0.597579
0.000326668
0
0
0.0105335
0.269787
1.16866
1.60461
0
0.0791009
2.88004
1.91448
0
2.3011
0
2.3002e-06
0.383921
6.92278e-06
0
1.78733
0
0
0
0.823001
0
0
0.57452
0.595614
0.0237038
0
0
4.00484
0
5.58787
0.00760115
0.834525
0
0
0
0
0.753932
4.32177e-07
2.54378e-08
0.298046
0.494179
1.512
0.904147
0
3.8503
0.782888
1.58528
0.0109846
7.95125e-06
0.950405
0.000213328
1.36401
1.69011
1.0196
1.94855
1.15049
0.377429
0.937644
0.0970461
0.837034
0
3.43886
0.476269
0.0465682
1.05914
0.122438
0.063333
0.375226
0.369068
0.816435
0
1.39275
0
0.00277582
0.10123
0.345434
1.62832
3.87975
0.222005
0.194463
0.644811
0.0101854
0.55032
2.30958e-07
0.920798
2.08558
0
1.50754
2.03377
2.61567
0
0
0
2.26782
0.00449962
1.05912
1.43679
0
0
3.87343
0
0
1.82076
0.304892
2.55717
0
0.487331
2.72509
0.0156424
0.913463
0.865468
0.0384682
0
0
2.66221
1.01684
0.960738
0.15606
0.26266
12.1176
0.990081
1.04545
0
0
0
0
0.594909
1.74994
0.957899
1.36855
0.27844
0.996228
0.20321
0.357284
0.371669
0.00536851
0.000903088
0.32023
0
0.0178509
0
0
1.61823
3.62159e-07
1.6739
0.707016
0
0
0
0
0
4.65233
2.17365
0.0650394
4.21052
1.26396
0.0074663
0
0
0.000224568
0.0796716
0.139949
0.0757044
0
0
7.7802e-06
1.45569
0
0
0.867398
0.585944
0.105312
1.16617
1.81075e-07
0
0
4.24274
4.92
0.459206
0.943186
0
1.67045e-07
0
0.931087
0.0208758
0
1.20456
0
0.563325
0
0.910614
0.204079
0.00063148
0.592947
0
0.955196
0
0
0.0137656
0.972888
0
2.2801
0
0.725457
0
1.25845
0.874441
1.97416
4.14917
3.33032
0.549675
5.03637
0.273245
0
0
0
0.016521
1.80798
0.300425
0.305442
0.0279616
0.270001
0
2.86575
2.29826
2.06125
2.2788
0.534462
3.20419
0.00903111
1.82792
3.31638
3.79062
0.150861
0.998408
0.481659
3.02087
0.0877408
0
6.29335
2.28303
0.00332425
0.203297
0.899781
0
3.89033
0.0817655
1.41713
0
0.888507
0.161018
0.154597
1.60329
5.90927
0.18044
4.62265
3.38906
2.08073
0
0
0
2.65024
0.905672
2.57044
2.96753
5.61338
3.71448
4.9038
9.25394
7.78458
12.2956
11.6935
6.27912
0.0797123
3.42259
0.915709
9.69839e-09
2.26441e-07
0
0
0.332086
0.168086
0
2.40245
0.400016
0.622686
1.2604
0.732902
1.35484
0.00761661
0.25646
0.0552665
0.793647
0.00417758
0.0694822
0.0147648
1.32493
2.52528
4.27032e-07
1.12285
0.616186
0.116027
1.87857
3.38732
0.980087
0.674944
0.00098585
0
1.53587
0.901555
0.0626164
0.128572
3.60193
0.149005
0
0
0
0
2.55359
0
1.82197
0
4.20922
1.38697
0
0.626631
0
1.51435
2.72055
1.34598
2.61473
0
3.30779e-08
1.27095
4.18237
0
0
3.42619
4.08943
1.71102
0
4.38989
1.8845
0.914568
0.841702
0
0
1.74876
0
0
0.858501
0
0
1.07339
0
0
2.71425
0.969474
0.891071
2.17747
0.0193628
0.0131224
0
2.55176
0
0.405828
0.226927
0
1.15169
5.68343e-06
1.6243
0
0.00325931
0.00229318
1.88637
2.62924
1.43999
2.42254
0
0.572413
7.44405
4.07138
0
1.25011
0.292831
4.67844
0.86603
0
0.0786926
0.817744
1.14771
6.66252e-06
1.89469
0
0
0
6.39725e-08
0.0842867
0
0
0
0.846486
0
1.16824
3.6363
0
1.66773
3.0953e-06
0.930844
2.89619
0.127295
0
0
0
0
0
0
0
8.36504e-06
2.14202
1.34328
0.126055
1.07775
1.34541
0.932025
1.49298
4.7555
2.47992e-08
2.23046
1.4974
1.92753
2.7968
4.40706
4.80507
5.55602
0
0.95159
3.29772
3.68273
2.42771
2.96816
0.00122336
5.51588
1.32334
0
1.06527
0
0
5.72961
0
0.00192245
0.000176988
0
0
0
0
0.0286909
3.19737
0.829818
0
0
0
0
0
0.00192933
0.0485129
0.777893
0.907479
2.71729
1.42128
1.2038
3.17969
0
0.0131012
2.67663
3.4875
1.80296
0.157976
1.91573
0
0.448133
2.64337
0
0.0213525
0
0
1.19207
2.44339
0
0.945368
0.000572932
5.73102e-05
0
0
1.97466
1.39849
0
0
3.26766e-08
0.00237006
1.86321e-06
0
0.517521
0
0
0.425536
3.67479
11.4129
0.706665
0.037289
5.99143
0.235168
2.22798
3.96185
0.703201
1.21436
0
0.658412
0
1.30715
1.12366
0.737012
3.95494
0
0.829376
0
0
0
0
0.272067
5.78978e-05
0.290176
0.0756444
0.431906
4.36963
0.0690841
4.14646
0.480799
1.78042
2.34383e-05
4.25928e-08
0.000712856
0
0
0
3.13813
1.39479
2.6007
4.66072
3.84014
1.08052
0
3.00774
2.34952
0
0.325566
0
0.0291417
0
0.0751723
0.520007
0
0
0
0
0
0.337529
0.286366
1.42534
0.97423
0
0
0
0
0
1.75749
0.000492591
0
0.172719
0.77626
0.180031
0.0133373
0
0.0104637
0.0258945
0.879703
0
0.957152
1.4263e-06
2.24725
0.133373
0.169355
9.88117
4.84781
0.07511
0
3.92919
7.48255
1.4794
0.00785101
1.29778e-06
2.60979
0
0.493918
7.51585e-07
2.59149
0.0216509
1.64767
1.78602
0.0484677
0.39808
0.925429
0.658807
0.246026
0.272526
0.999992
0
1.25344e-07
0
0.000199996
0
0
4.39192
0
6.47487
0
0
6.02573e-05
0.00160894
1.39824
3.58783
0.112211
0
3.42081
2.77049
1.78045e-05
2.19835
0.070514
6.66346e-07
1.19027e-06
2.28523
3.00484
2.74238
0.920792
0
0
0.74224
1.94609
0
0
0
0
0
0.0330672
0
0
0
0.00197302
0.215894
0.514119
2.57834e-06
0
24.4097
0.151229
0
0
1.11754
0
0.805743
5.69209
0
1.77752
6.29933
0.874853
0.00183683
42.2965
0.0228879
0.00281767
0.313733
0
1.97895e-08
0
0
0
3.43905
0.455929
0.291657
0
0
0
0.610048
0.000331913
0
6.94917e-06
0.642027
0.00693547
0.000535233
0
1.16009
0
0.535847
0
0.00303085
1.8387
0.000174311
0.173002
0.00308574
0.0852617
0.142787
0
0.930128
1.29463
0.00988209
4.37482
3.54937
0.0847455
0.602887
2.98431e-05
0
0
0
2.13251e-05
4.15944e-06
0
0.000103794
2.86869
2.39986
0
0.40823
0
0
0
0.00807556
1.2271
0
0.0131555
0
5.57697e-07
0.151217
0
0.296808
0
0.000674534
0.842669
0.00860483
1.10781e-06
0.726249
0.00024873
0
1.45419e-06
8.26296e-07
0
0
0
0
0
0
3.53619
6.55694e-08
0.00925388
1.13349
0
0
1.20834
0.00307635
2.5016
0
6.84293e-09
0
0
0
2.05291e-06
0
0
0.69724
2.05166e-08
3.21982e-06
9.85804e-07
0.0037171
0
1.1001e-06
4.60202
1.17219
0
2.09288
0.13475
0
0.0259735
0.0193864
0.920092
0
1.43091e-05
0.0197368
0
0
0
0.0717507
0
0.20138
0.675126
0.830845
1.20189
0.0528202
0.0345119
0
0.438693
0
2.79479e-07
0
1.64163
0
0
0
0
0.836958
0.00280371
0
0
0
1.67794
0
1.55832
0.0970288
0
4.00291
0
4.32493
0.000650407
0.115652
1.74189e-05
0
0
0
4.30725
0
5.3004e-07
2.81124e-08
0
2.06284e-06
0.416562
1.3299
0
0
2.51372
0.0946853
0.0432341
0.000240862
1.73157
2.40281
3.14405
3.92409
0
6.04669e-07
0.918589
0
0.361505
2.02509
3.12926
3.14185
2.7873e-06
0.129372
2.00003
1.70296
1.99067
2.59731
3.5383
0.26044
8.88049e-07
0.00519878
0.145439
5.97599e-08
0.758607
1.23909
0
0
0.920496
1.21345
0.00931758
0
1.74592e-08
0
1.31182e-05
1.963e-05
0.0044583
1.43965e-05
0.634095
0
0
0
0
0.279009
3.82342
0.0401593
2.30975e-07
0
0.724657
0.951306
1.49856
0.00989238
0
1.92488
0
0
0
0
0
0
0
0
0
0.859649
0.486448
0.0922289
0.00099615
0.877338
0.0057973
0
0
0
7.25649e-07
0
0
0
0
0
0
0
0
1.58324
0
0
0
0
0
2.15601
0
0.0302006
0
0
0
0.470627
0
0
0.436175
0
0
0.46883
0
0.00111873
0
0
0
1.51795
0
4.45525
0
0
0
1.34464
5.12302
0.0681101
4.51793
2.58354
1.61721
1.36829
2.59881
2.9404
3.90609
2.63195
2.74782
1.6463
2.98559
0
0
1.7999
0.256584
4.09281
1.006
1.05431
1.88194
0.010376
3.54916
1.36212
2.40779
0.648219
2.60952
0.968724
3.00948
1.801
2.54297
0
2.78894
0
4.02369
3.7163
2.22948
1.24258
2.30104
4.34456
4.15341
2.3743
1.16965
1.17942
1.77369
0.631677
0.422895
3.72658
5.53649
4.29781
1.12867
4.45205
1.19
2.94117
2.48368
0
4.60961
3.41683
1.75418
0
0.226347
1.22209
0.922474
0
0.797653
0
0.849635
0.817196
0.482371
3.43107
2.88334
0.0776472
0
0.228873
0
0
0.0121295
0.382953
0.644937
0
0.936014
3.74668
0
1.35562e-06
0
0
0.0223834
0
0
0
0.122765
0
2.39916
0.736625
0
0
0.156978
2.56781
1.41034
1.32805
3.10438
1.58412
2.59914
0.543639
0.226131
1.29221
1.64271
0.949698
1.90756
5.40598
2.07546
1.08591e-07
3.72688
2.71095
4.88442
0
5.02265
0
0.661853
0.907445
0.000885706
0.935175
0.847804
2.12436
1.88633e-07
3.97536
0.097918
0
0.99646
0.00486027
0.577888
0
0.0657662
0.00258328
0.198089
0.00966392
1.89654e-07
0
0.000446074
1.32844
0.155046
0
3.35847e-06
0
0
0
0
0
3.03488
0
0
0
0
1.42346
0.855728
0
0.616656
2.75341
4.04414
0
0.522349
0
1.97307
0
0
0
1.52149
3.15435e-07
3.13019
2.84127
2.93944
0.12065
0.0330383
0.616267
0
5.94757e-07
2.99202
0
0
0
1.57739
9.53664e-09
0.483236
1.68782
1.48504
3.12045
2.30208
2.32515
0
0.636571
1.67929
0.804585
0.00336238
2.04358
8.41738e-06
0
0.413941
0
1.21044
0.772817
2.59919
0.309983
1.19209
0.0342641
3.23122
0
0.0314904
0.0384344
1.22347
1.19971
0.814013
0.813854
1.59583
0
0
0
0.12063
0.0473279
0
0.939439
1.2491
4.34197
4.3744
0
1.26718
1.42029
0.246219
0.305638
1.31489
0.834256
0
0
0.0580351
18.026
8.39854
1.01247
0.492069
5.00988
0
0
0.457261
0.00631417
0
0
0.602025
5.15927e-07
0.881689
1.88913
2.95661
0
2.37333
0
0
8.64947e-06
0
4.30547e-06
0
0
0
0.00408039
0
1.22033
1.13943
0.00119244
3.38081
0.00474593
0.0747385
0
0.000558943
1.99717
0.00794712
7.96429e-08
2.58993
1.17661
0.356788
0
0.580132
2.62891
5.81487e-05
0.00307901
0.155478
0
0.0398927
9.14767e-07
2.71325e-06
0.0206186
0
2.80784
0
1.75277
1.83338
4.55679
0
0
0
0
0
1.228
1.55389
4.23962
0
0.801163
1.35007
0.898531
0.96327
1.46378
3.01827e-07
0.720034
0
4.65789e-05
0
1.37894e-08
0
0
0
0
0
0
0
0.0322589
0
0
0
0
0.773447
0.0613713
0
0
1.54115
0
0
0
0.00273219
5.85125e-08
1.08757
1.18173
0
0.529168
0
0
0
0
0
2.75287
0.652488
0.0016758
0.109188
0.546404
0.226639
2.04254
0.429641
0.832352
3.74483
3.06343
0.000913671
6.60655
2.71409
1.11909
3.17326
0.10795
1.35045
3.62169
1.86012
1.75272
3.72167
2.77968
1.97069
2.49935
3.05277
6.07651
0.35595
3.43674
5.7676
4.5991
2.65747
2.97309
1.00712
0.0858703
2.58914
0.635157
0.468573
0
0.662029
0
0
0
0
0
2.7137
2.21842
0
0.770081
0.00184082
0.647961
5.07239e-05
0
1.38377
0
3.2192
0.722317
0
0
1.85064
3.09243
0.172387
2.83674
3.44484
1.06922
1.211
1.00676
1.25015
0
0.12041
2.05961
3.30005
0.505181
0.100623
1.55841
0.00288771
0.120415
6.51648e-05
0.398602
3.43782
1.35433
0.623647
0.000563376
0.251939
0
1.96791
1.8965
4.43256
1.7765
2.10255
3.57936
4.96336
3.93743
2.585
6.01603
3.32625
2.71892
2.75512
0.49676
0.993996
3.41365
4.72401
0
0
0
0.0429868
0.0185926
2.20979
3.70816
2.61273
2.62038
0.297446
1.0478
1.00117
2.18583
0.00246352
2.5263
1.31397
2.35205
0.0577969
0
0
5.1817
0
3.79413
0.00648491
0.0161288
0.995873
0.462296
8.15041e-08
0
0.00457121
0.597968
0.81154
1.40822
1.18025
1.81674
1.64723
1.81783
1.46186
5.95036
4.00239
0.411665
2.44022
0.00314897
0
0.0658823
0
1.76272
0.0891562
0.668863
0.636012
0
2.71548
2.3875
0.896873
0.030461
0.912293
0.800223
1.17661
2.21462
0
0
0
1.96132
1.3599
2.46217
0.00140424
8.5095
0.358993
0.352465
0.00142967
1.02215
0
0.869765
2.01881
0.955759
0.0152325
2.06729
5.07698
1.33696
0.247666
0.0293421
3.3871
0.793154
2.61764
1.86804
0.89713
0.8424
0.337876
2.97553
5.59304
1.62654
1.16598
2.03538
4.87826
0.620084
1.08378
3.83102
1.57803
0.746527
4.7414
2.17923
1.80438
0.385721
5.08565
0.895192
3.22254
2.21602
2.89586
3.52167
1.57954
1.61142
0
2.03721
0
0.154106
1.09798
3.11772
3.05355
1.15843
0.027572
0.737653
3.86852
2.17728
1.17705
2.4422
1.21718
0.443321
7.54983
0.349383
0.0629295
1.05864
0.997186
3.30166
2.75107
3.55247
3.46494
0
2.45196
1.64195
1.37746
1.44767
1.53909
8.28779e-07
0.121292
0
0
0.67373
2.55875
0
0.897296
1.88243
0.668123
3.29799
0.568911
0.0350438
0.0684394
1.70164
1.39066
0.123706
0
4.97022
4.98176
0.482736
0.740355
1.33149
2.50647
1.9419
0.638904
1.51184
0.115834
0
0
0.726108
0.932755
0.203088
0.760508
2.77462
0.304927
1.39008
0
0.0691273
0
0
0
0.851273
2.95444
0
0
0
0
0
0.353368
0
0
0.583441
0.0055898
0.928113
0.000991709
0.00494577
0
0.000428142
0.000317253
0
1.70377
0
1.03793
0
0.972361
0
5.23853
0
0.139274
1.35894
9.32653e-05
2.33699
2.06922
2.3392
0
2.87375
0.00158549
0.00138361
0
0.00106785
0.715802
1.46662
0.0416766
7.46506e-07
6.73626
0
0
0.0301173
0.020148
0.315688
0
0.640347
0.274028
0.53519
0.000202107
0.0575499
0
0.978166
1.00608
0
0.111599
4.24541
0.0414188
1.79978
3.09324e-08
0.0225757
1.41745
0.0549465
0.191578
0
0
0
0.000777253
0.163412
0
0.186566
0
0.641939
0
0
0
0
0
1.425e-07
0.00614416
0
0.0116759
1.96223e-06
0.0148862
0.01051
0
0
4.28724e-07
0
0
0.0248816
0
0
0
0
0
0
0.00334179
3.52964
2.36584
5.27447
0.0116247
0.283214
0.558442
1.66635
0
0
0
0.176312
2.20065
0.104725
0.0846248
0.000142508
0
1.7715
7.0388
7.26234
2.36366
0.692032
0.938509
1.87078
0.856247
0.798069
1.78684
2.89936
2.20302
1.84518
1.94186
6.32447e-05
0.9128
2.72231
0.171966
0.748859
0.00101123
2.12044
0.0392862
0.186552
0
0.562198
1.29859
0.00109973
8.59618e-08
0.967551
4.47519e-06
0
1.21856
0
0.882359
0.00458172
0
0.909413
2.6642
0
0.226298
0.0223944
0.460904
0.795811
0.539172
1.5664
1.55721
0.0591423
0.853505
0
0.498511
1.17464
3.32038
0.342318
6.52741
6.73012
5.73542
0
7.1577
0
2.46901
2.98025
5.39897
0.163226
0
1.91487
0.228985
0.685136
0.304494
1.97953
0.70872
7.56396
2.53297
0.944367
1.45224
0.214399
1.14567
0
1.34496
2.23649
0.953657
0.533146
1.50749
8.05443e-07
0.965378
0.191266
0.177788
0.0802338
0.00177805
0.0717157
0
3.72371
3.93569
2.80362
3.13904
0.247562
1.03622
0.86988
0.465907
4.54824e-06
0
0.00326444
0.0750561
5.66438
1.06472
0.95227
1.61389e-08
0.653012
2.06585
2.20865
6.39877
0.000567498
1.80386
0
0
0
1.63603
0
0.250412
1.06918
0.000154067
0
2.05788e-08
5.02608e-07
0.00423067
0.392232
0.482525
0.258658
0
0
1.15023
1.11479
1.58131
0.979284
1.6005
2.68322
0.614247
0.117856
1.48511e-07
0.825182
7.25423e-09
3.07071
1.15878e-08
0
2.59273
0
0.00949057
0
0.369128
0.0335368
0
1.00044e-07
0.000154081
0.000190158
0.00408154
0
0
0
0
0.231059
0.057655
0.169931
0.224547
0.00622034
0.167274
0
0.0249992
0.9961
0
0
0
7.69038e-07
4.1516
0.538439
1.75352
0.717436
1.26196
0.230484
7.99626
1.18645
2.84171
0.0698577
1.93048
1.78748
0.0663671
3.06985
0.830803
0.045324
0
1.51335
0
1.79264
0.594688
3.15551
2.13034e-06
1.12285
0.0652027
4.1038e-07
12.297
3.00712
3.8073
3.4455
0
4.18769
0
7.2671
0.393625
0
1.85311
1.56301
0.745245
0
0
2.04251
0
0.175324
0.0997894
1.40104
0
2.77553
1.9104
3.19101
0.0994188
1.73707
2.93557
5.47682
0.00641291
0.272346
0.3688
9.52284
0.977457
3.38767
0.205765
1.79317
0.106522
1.54807
0.638424
3.80712
3.0267
0.562541
2.4408
0.0386093
0.032601
0.694928
2.69331
2.10883
1.47423
1.48976
1.75659
1.06639
1.82471
1.29922
3.30264
2.71199
0
1.33107
0.971251
0.443747
0.864315
2.64789
0
2.99756
3.72021
0.0690997
0
0
7.31297
2.72409
0.939093
2.20033
1.03857
3.09365
2.80274
0.233679
2.12193
8.34234
1.26848
0.483815
6.70849
2.64285
1.38669
3.07031
2.26245
1.81492
2.93564
2.80365
7.7969
8.17441
0.983512
12.59
3.34281
2.29803
1.12838
2.10933
5.40216
9.38044
3.11976
0
2.38401
3.16259
2.44293
0
2.47184
0.0901132
0.258139
1.93041
0.653116
1.95802
1.31791
0.0811539
0
0.599862
1.37125
4.10625
0
0.254716
4.37817
4.46464
2.09633
3.42302
1.03571
4.28292
0
3.06487
4.59524
4.41185
1.84796
2.01813
4.25101
4.75252
4.89654
2.45945
1.91385
1.0517
7.35343
0
0.224398
1.77328
0.323949
0
0.875714
0.835093
3.69143
2.27491
2.25443
3.46252
0.889744
0
2.53677
1.86866
2.6713
2.25755
1.75703
0
1.76421
1.5746
0.0694812
0.340759
1.368
0.155952
0
0
2.969
0.0636959
1.0557
2.51563
2.73326
3.40105
0.117594
0.170067
4.40943
0
0.872695
0.263817
0.289615
0
1.02988
0.719727
0.0916335
0.967172
0.848648
4.1075
4.52067
2.09486
3.12577
1.57654
1.93831
0.791799
0.0503317
2.73961
0.129948
1.61611
5.44891
0
0.580352
3.93536
9.94909
1.82007
1.93475
4.48659
1.00406
0.394944
0.0478501
1.40902
1.63921
1.01315
2.44942
2.12342
2.75906
0.335225
2.29786
3.24378
2.90054
2.15005
0.728166
0
3.72983
1.56758
1.26294
2.62935
0
0
1.73752
0
3.03739
0.811238
0.00144419
2.30122
0
0.908935
1.45568
2.96827
0
0.0290521
0.881731
0.112771
0.0158334
2.51871
0.0389408
0.98057
0.0714073
1.92103
2.59335
2.03906
0.182606
2.43642
0.011335
1.74674
0.553489
6.32893
0.95777
0
0.422862
1.9325
1.7732
1.42086
3.07153
2.72608
0
2.0581
0
3.2369
0.624601
0.0245023
0.803077
1.11344
0.773994
5.20989
0.993975
0.997769
0.00255105
2.20263
1.42654
0.0916287
1.35521
0
5.15452e-08
0.343891
0.627246
0
0.320054
0.743268
0.0395056
2.76541
4.91679
0.841545
0.207295
0.0332602
0.0845607
0.0146296
1.30257
0.946872
3.55671e-07
2.03832
3.3798
1.98304e-06
0.802011
0
1.43355
1.81627
0.598128
1.1504
1.86184e-07
0
2.80027
2.59133e-07
0.000825012
0
1.8252e-07
0
2.01939
0.499489
1.20902
0
0.000291995
0.872719
1.42138
3.23698
2.81508
0.89391
1.01468
0.338977
2.71794
4.99675
0.782903
0
1.62529
2.99414
1.6533
2.18311
4.77802e-07
0.828633
0.843247
7.77972
0.0986224
1.87802
2.45813
37.8697
1.36407
1.98158
1.29479
26.4619
1.9722
0.866581
1.68794
1.84763
1.54531
1.63594
0.207201
4.97736
0.927618
3.53659
1.17882
0.00666546
0.13127
1.13904
0.691864
0.0787862
0.000119472
0
0.366944
0.106956
0
0
0
0
3.00367
0
0
0.514968
0.0598888
0.537664
0.228689
0
0.0559151
0
0.101324
0.730214
0
0
0.841691
4.99053e-06
0.31335
0
0.111401
0.948824
0.338676
0.00954954
0
0
0.0467414
0.0551208
3.19845
0.735602
0
0
0
0.757606
0
0
0
0.454665
0.114804
3.75214
4.20083e-06
0.0930749
0.0299486
0.596852
0.230865
0.340381
0.737884
0.0433035
0.0197199
3.62695
0.495618
0.19936
0.958585
1.60847
1.16878
0.204352
0.0430992
6.2078
2.65277
1.33612
1.47223
1.54943
0.0330825
0.160735
0
0.0194963
2.37221
1.99579
1.7245
1.64549
0.435823
0.664884
3.25772
0
0.230718
0.189316
0.910485
0.928683
1.20605
1.90226
5.66859
0.00149089
0.184422
1.17591
0.589921
0.82009
4.80214
3.75384
3.00262
0
0.974023
1.27343
0.00635791
0
0
0.103465
0.109204
0
0
0.0174495
1.64708
6.25676
0.0036169
0.0214994
1.23625
0.0919814
1.90529
0.283535
0.211649
0
0
1.01286
0.106899
1.11055
0.528024
2.23057
1.14477
0.88938
2.52994
0.665694
0
1.27336e-07
1.29625
1.25754
0.0423466
0.241243
0.0021521
2.82313
1.13894
0.386227
0.330786
0.241151
0.950282
0.0566866
2.05477
0.973794
0.0631393
9.9264e-06
0.0624588
0.420513
0
0
0
1.49583e-05
3.25671e-08
0
1.63812
0
0.00566171
1.09855e-05
0.0288887
0
1.36836
0
1.85715
0.0120102
0
4.64978
0.416367
0.025019
3.47421e-08
0.144803
0.803425
0.0143282
8.82211e-06
0
0
0
0
1.60363e-08
0.122515
0.000234462
0.451405
2.87874
2.1788
0.0526183
0
0
0.0553145
0.889671
1.17877
1.69306
1.61969
0.947093
0.649563
0.942631
0.910434
0.772598
1.6818
1.60678
0.117102
0.729827
0
2.74362
2.08142
1.0895
0.000488544
0.914931
1.58011
0.00332468
0.0673282
5.48661
0
0
0.00177987
0
0
0
0
0
1.00671e-07
0
0
1.40685
1.2368e-06
0.925481
0
0.00477185
0
4.04064
2.03857e-08
0.579297
2.43851
4.03512
2.23269
4.89004
0
0
0.0291328
3.4894
0.151468
2.76051
2.96521
0.0517087
0.718304
8.8216
0.141215
4.02993
0.266423
1.78501
4.94886
2.73975
0.335834
3.09755
0
0.114221
0
0.164509
0
0
2.60046
0.577697
0
4.74797
0.00163204
2.07543
0.371745
0.0311485
1.495
2.04387
2.62551
0.00533289
2.35893
9.15499
0.91945
0.0367807
1.72467
0.422495
0.116619
0.325036
5.60043
0.0558412
0.298997
0.514214
1.80895
0.647353
0.481645
1.78438
0.11291
0.790032
0.0272411
0.99645
0.0881851
0.750615
0.00638748
2.1418
0.306041
1.28239
0.047552
0
0
0
0.717002
2.46076
0
0
0
0
0
0
0
0.205243
2.12794
0.00860005
3.51332
2.4766
0.0122068
1.3686
0.970989
0
0
0.000246176
1.95553
0
0.0700208
1.93671
2.83297
0
0
1.04714
1.42321
1.06508
0.894535
0.945556
6.26273
7.80305e-07
4.46191
3.6518
0.00230768
0.00715867
5.48366
0.00197108
1.4977
0.0418744
0
0.48364
0
0.0717844
0
0
0
0
1.81901
0
0
0
0
1.87028
2.68
2.29354
2.30849
0
3.63311
1.44324
0.272381
2.22666
1.07781
0.356731
0.603436
0
0
0.0773156
0
0
1.06229e-06
0.0797558
0.658329
0
1.5465
5.31116e-09
0.425432
2.84654
5.15888e-07
0.00129036
0
2.94045e-05
1.03905
2.03705
0
0
0
0
0
0
0.0953843
0
9.25112e-05
1.94591
0.684067
0
0.0010672
0
0
0
4.31932
4.73528
0.224467
0
0
0
0.421262
0
0
0
0.00490698
0
0
0
0
0
0.0353816
0
0.0106127
0
0.930823
2.2176
0
7.23535e-06
0.876697
0
0
0
0
0
0
0
0
0
0
0
0
0
2.62869
0
0.00198764
0
0
0
2.118e-08
0.0575857
0
0
0
1.2345
0.009569
0.0505092
0.00178294
0.702444
0
0
7.37466e-08
2.36277
2.84487
5.66391e-05
0.137897
0
5.3526e-06
1.18106
0.000629967
0
0
3.5409e-05
0
0
8.12763e-07
0
0
0.984689
0.689956
0.971476
1.16945
0
0.960619
4.76346e-05
0.126574
0.00332098
0
0.297674
3.6155
0.193325
5.78257e-06
0
1.56326
0
0.57487
1.26927e-05
0
1.52218
0.0725151
0
1.00587
0
5.84498e-07
0
0.754909
0
1.06638
1.08404
0
1.94086e-07
1.76971e-07
0.0314565
0.0214832
7.33921e-05
0.0136816
0.570129
0
0.0572158
1.67093
0.0821728
0.0132445
3.1372
4.14475
0
0
0.776591
0.00393633
0
1.32549
0.243628
0
0.39275
0.607395
2.1216
1.05996
2.19827
0
1.38635
3.81161
0
5.90836
0.0345361
0.00099615
1.93999
0.000598083
5.88374
0.0976094
0
3.03707
8.86961e-08
0.000809738
0.00269886
0
0.876596
0.027928
0.0792518
1.29565
2.21614
0
1.4557
1.8265
1.12702
1.21974
1.44236e-06
1.0021
2.49432
0.0748905
0.012676
0.817236
2.3172
0.2073
0.804632
2.30533
0.149306
0.0581753
2.17714
3.08433
1.48956
1.8495
2.058
0.00065984
1.85624
0
2.92016
3.61586
2.35445
0.369039
4.4141e-09
0.0102425
0.00293457
0
0
0
0
0
0
0.00247635
0.00513355
0.0210351
0
0
0
0.000947704
0
0
1.08995
4.86423
4.11054e-06
0
0
5.48757
0.0459555
0.331008
3.81217
1.18352
1.05339
1.41179
0.820639
0.0241074
0.00286421
0
0
12.8497
0.00151169
0.0960266
3.02933
0
0
6.41874
0.171468
3.00437e-08
0
0
4.06709
1.10087
0
3.23656
0.0703206
0.000717301
2.91206
0.357937
0.599773
1.21465
0.200469
0.002182
2.61818
2.07936
2.40252
0.656286
3.21741
0.0222913
2.14363e-07
0.765512
6.66307
0.000717537
2.45438
1.9859
0
1.48098
0.395299
1.33859
0.00535459
0
0
0.00125813
0.000216123
1.08529
0.14519
0
0
0.0236448
0.00839761
0.00360519
0
4.84795
3.19627
0
1.82482
0.383814
2.97984
2.32977
0.0456066
2.20976
0.0291172
2.08186
0.183224
1.0677
1.23971
2.42922
2.33705
1.03535
1.03116
0.157496
3.9678
4.53515
2.48767
3.51918
0.278972
4.2941
2.94631
0.663218
2.86244e-05
0
0
0.146285
0
0
0
4.67519
0
7.19193e-09
1.38905
1.77339
3.84931
1.4509
2.39499
0.00817866
0
0
0.784541
0
0.000317858
0.263314
0
0.0773927
7.68155e-06
1.39114
3.80169
3.08796
0.0190964
1.0402
0.0113715
0
0
0.0135348
0
2.54661e-07
1.64429
0
0.244795
0.003544
0
0.117957
0.0121135
0
0.189787
0.0351773
0
0.87871
0.201663
0.0109467
0.833555
0.000594521
0.0947778
6.14054e-06
0.226786
1.65181
0
0.0102373
0.409543
7.32665
1.04472
0.829297
0.901419
0.0130657
1.29018
0
0
5.10652
