5.28083
4.4929
4.55032
0
2.41368
5.86688
0
12.167
0.422356
8.13325
20.6499
0.150636
0.0119639
2.2655
3.99362
0
6.22098
22.613
28.5453
22.5315
9.47871
2.78337
8.92106e-07
3.25294e-07
2.61808
3.31638
4.98216
3.56507
54.6482
0.684955
0.217294
5.52343
0.352995
0.0196763
0.205694
0
4.21131
25.6617
10.8539
26.9315
12.5122
14.2313
1.01941
5.9109
2.80043
7.54887
5.58558
0.00555903
0.562107
0
0.597258
0
17.5072
2.05867
1.59612
0.159622
17.9117
1.16788
0.927871
1.58867
2.28593
0.0190705
4.99412
6.18204
3.36302
0
1.4609
0.451302
4.85317
0.00523115
11.4382
0.00300878
0.000739652
0.830933
0.790008
1.59708
4.81122
0.606749
4.00922e-07
0.0554723
1.78491
0.720269
0
0
39.8809
2.13752
12.4836
19.3891
11.2175
13.7626
12.7091
24.0152
6.74502
15.9538
16.9719
13.3975
17.7139
22.3981
0.461336
1.31137
7.68057
2.16968
10.078
22.4695
11.3892
7.15015
13.3564
8.68816
10.9437
17.1815
12.8575
6.81958
8.76168
11.7585
11.3756
9.47199
1.49129
3.34267
2.96019
2.30773
2.71318
2.79283
1.41577
2.4118
0
3.3779
1.39413
0.561358
0
2.8426e-08
10.0429
0
0.00903042
21.298
0.000123565
10.4103
23.4593
0.750111
0
11.8938
0
0.326152
1.09453
0.315657
0.841014
9.12994e-05
0
0
34.1904
51.018
2.34977
2.16845
0.137117
0.0163282
11.9427
1.64286
2.36043
1.54023
4.27667
0.406954
28.2645
7.75937
25.1792
20.9089
0.838636
1.83604
9.4443
10.9429
1.77904
6.04926
17.6425
0.926901
9.00091
4.44429
3.02502
1.12511
0.968603
0
7.18681e-06
0
0
9.94523
0
5.87564e-07
13.9082
9.41118
12.8928
14.1436
12.7317
20.3489
22.78
19.2628
12.5572
9.82965
1.52227
0
5.82254
10.8559
16.5103
10.534
23.2902
83.7838
13.9595
38.579
25.1397
5.49388
28.9228
2.71435
43.5273
6.96153
25.6771
15.6771
0.943294
9.60739
15.7648
21.7402
1.251
19.4824
16.3193
4.32355
1.33842
3.98902
16.6109
2.48846
22.2895
8.8169
28.3421
24.8849
29.2228
1.23626
0.478416
2.97711
19.1877
0.992389
1.72275
0.79372
0.972452
1.1773
0.536362
0.933002
1.87047
2.87026
0.659377
0.533119
1.03928
0.00985761
0.605318
0
0.77082
0
0.140411
7.11972
0.0762013
0.834356
0
0
0
0
0
0
0.0753942
0.749086
0.0329929
0
0
0
0
0
0
0
2.23564
0.191189
28.7632
0.0504311
0.0291856
1.04646
1.01898
0.0142763
11.6093
0.111571
21.0767
0.0348334
0.991011
0.000324471
0.0254161
0.252026
0.966354
0
1.2215
1.3019
0.0836769
0.00664227
32.7036
0
0
3.05737e-08
0.512858
16.6304
8.90212
18.4098
12.0766
2.54697
4.81033
5.97972
0.359412
13.3576
0.999075
6.37568
3.15794
1.28688
2.48643
0.432169
1.53976
5.06446
13.1828
9.92452
28.4836
16.1167
10.1466
4.52645
0
3.80173
1.48153
1.79739
7.96662
7.94462
1.55713
0.688188
1.1636
0.325693
0
2.12973
0
1.62523
1.4447
7.07072
11.438
3.31058
5.04209
0.187069
16.7666
4.12274
4.5307
1.00913
0.124752
1.22053
0.855767
2.1063
1.43374
1.40725
1.6954
0
22.0521
1.89588
0.102212
0
5.32237
22.7189
0
1.18303
2.82919
5.24793
0.000202069
4.35582
0
0
0.00202501
0.232804
1.89035
1.34287
6.66156
0.190601
6.40366
6.9251
4.45249
4.77694
0
11.841
17.1159
15.1524
17.1508
12.802
0.890311
3.20346
6.46724
5.8106
9.50335
18.7486
9.77994
7.38457
25.0937
20.5633
16.815
4.51039
21.6785
13.2448
10.8653
8.98388
8.10156
9.68457
8.39529
12.5725
15.2965
10.4949
7.00283
9.41241
9.04002
10.2263
7.2451
8.15805
7.75785
14.4156
3.31401
13.3224
3.0539
12.2746
29.8241
3.97682
12.9978
4.31375
1.44286
19.7028
30.5586
29.874
24.2968
32.6854
3.58734
39.3827
25.4011
13.2624
33.7214
44.7867
32.2023
29.0745
13.237
14.9036
20.9847
2.05024
26.3428
23.3369
32.0898
12.945
8.62947
9.08885
6.05857
0
5.32086
0
7.41354
6.6496
26.8099
0.0821165
7.33368
18.5023
28.112
10.9219
13.6747
32.0302
8.4527
12.4718
10.0217
2.15003
0
0.00295191
12.4994
1.33418
37.8095
5.01749
1.62904
0.0354142
0.00640369
1.67946
0.28927
0.895107
0.098272
0.233365
0.0151266
6.50917
0.561854
9.87723
18.4808
7.44666
2.46184
16.6365
11.6183
5.12493
4.32683
27.2466
4.55873
20.0955
16.7756
14.7017
17.3147
6.22104
4.01085
11.9811
0
0
0.00402839
0.00375384
21.2458
27.3627
6.46915
9.05647
12.5978
4.10223
7.42028
6.75091
0
4.82763
10.471
4.01783
0.0682829
2.71227
6.23578
6.81211
7.31715
6.95579
4.82017
0.258875
4.04006
26.8914
7.2956
0
0
4.94802
0.000387786
10.6168
0
0.00855115
1.31677
2.26511
0.85257
0.521806
0.715897
2.19704
1.30568
0
0.120389
26.31
0.70035
1.19317
4.52406
0.919858
0.718109
15.613
23.1823
27.5259
21.5164
15.8067
17.8503
11.3238
0
33.0176
0
19.2739
5.54459
4.15947
7.83639
2.81258
2.71123
0.079141
0
19.2273
0
0.00621956
10.5387
0.00270029
6.87068
7.55976
3.31961
21.6091
4.29453
0.89616
0.0131561
7.26946
10.8335
17.2372
28.6436
6.61034
4.31715
5.00273
0.897527
9.70407
8.96961
0.865505
2.62289
0.813071
6.30728
0.177447
0.463902
1.17609
0.00167891
0.157154
0.939231
0.538659
8.82343
1.36113
0.616731
4.4487
1.20458
2.29185
1.91868
0.0884883
0.946241
5.85615
0.169195
0.00940822
0.000404639
3.00557
0.21972
2.94472e-05
8.69317
19.7776
35.1893
0
0.17711
1.09198
10.9961
0.655206
10.3914
11.9645
0.394901
0.335269
0.523373
0
0.0899371
8.33117
0.882186
0
0.383026
0.0169355
0
0.74927
5.45453
1.07316e-06
5.62081
28.4964
5.75664
0.0814273
4.92928
0.624283
20.4767
21.0675
0
0.000333762
0
0.197102
32.4448
41.9372
0.0302438
15.9413
0
16.3511
47.6499
11.5738
7.46436
1.03692
2.1786
0.728675
0
0
0.00537494
1.15758
0
6.85766
7.72975
5.70512
0.815836
12.6546
0.0462521
34.3426
7.40825
17.9136
17.3604
0.376587
8.37808
1.04669
10.5639
17.5682
3.3521
1.52608e-05
7.29949
16.2368
0.00749572
5.43359
0.00128576
0.213016
12.752
20.7811
19.918
12.0922
14.3868
22.4314
10.5033
1.14229
4.46575
1.60999
0
0
0
0.0397256
0
0.216383
0.931776
17.8047
0.360534
4.14241
0.671763
0.00112427
2.3993
8.57636
1.49503
3.97747
0.65305
6.54467
3.28354
11.2312
4.2701
23.3475
26.3017
3.9959
7.97622
12.5251
16.1034
0
4.02732
14.3094
2.05543
0.161839
19.9547
1.31826e-06
41.4712
52.5256
5.72423
24.1017
52.3003
18.3545
6.53376
0
0
10.8845
41.0688
0.0651782
0.0422679
1.65382
0.781471
16.7533
1.03209
0.6197
0.0103223
0.294564
8.36986e-07
0.424322
11.6481
19.9434
6.94397
1.67372
0
0
0.291648
14.8561
19.0125
0
4.28392
31.8157
0.267929
18.27
0.827201
20.469
15.3156
18.385
22.3133
0.426324
5.79672
2.86876
3.76578e-05
0
0
2.62831e-07
0.00758691
0.906623
1.5698e-06
8.74619e-08
0.0112732
9.5785
15.5522
0.704409
11.6996
4.02487
1.18064
6.32012
2.90311
1.05107
1.4228
0
2.50987
0.489534
4.86481
1.88629
41.2895
3.09765
21.8851
0.063769
0
6.78662
0
11.2782
0
0.0329516
0.00949496
18.2028
11.6015
8.80893
35.5851
7.26902
18.9587
2.31142
0
0.938538
18.6723
2.57073
0
0.134042
0.0018455
8.35169e-07
3.45182
11.5
4.19017
1.9593
2.28232
12.7764
1.47515
0.688981
7.30061
5.01686
29.028
0
0
10.6197
10.261
12.0268
8.86572
1.18353
0
0
4.72355
10.1985
19.4218
8.24048
0
10.9222
15.2408
9.08124
0
24.9682
2.40601
0.162526
8.88579
0.0239636
0.214114
11.4989
0.0772424
2.47485e-06
0
3.45684
0
0
0.0345325
3.68022
3.25868
0
0
14.8041
0
18.5457
0.00933649
9.32685
0
0
0
0.012229
18.6412
0
9.48235
9.43096
10.4051
7.8093
23.6771
0
18.932
9.78277
0.998202
9.39675
4.02276
9.86696
3.16551
16.0356
22.2771
11.6348
4.61771
8.67933
14.8035
13.7227
9.68096
18.2212
0.464143
6.29508
3.14146
2.8366
10.1211
0.995775
13.7495
2.35193
4.9473
3.42911
5.46982
5.72761
0.891316
0.00187603
0.0175691
0.041983
0.572236
5.48852
6.29281
18.7569
19.5104
1.13942
0.0333612
1.06897
13.6221
11.0443
0
8.73886
2.26876
12.9494
0.0349998
0.538982
0.981615
2.63251
1.88086
25.3149
6.59343
0
0
25.8912
0
0
7.60409
1.92273
2.2714
0
18.9674
5.04064
2.18216
3.0064
4.47298
4.3424
0
0.914398
2.73535
0.103976
0.430247
1.87217
3.29876
12.6412
37.9946
9.62744
0.0026116
0.066235
0
0.000123694
20.0185
13.3536
19.4819
13.5755
0.362602
18.3248
8.95471
0
0.00254311
3.39133
1.80052
2.78996
0.221931
6.38259
1.94802e-05
0.000239133
19.0244
0
17.4124
5.2886
1.03498
0.000207968
0.197291
2.58471e-07
0
8.72117
28.3237
2.13597
16.4181
13.7269
0
0.0447238
0.0247258
0.17107
1.10019
0.970389
2.82451
2.67052e-05
0
0.0639659
2.5359
0
3.45494e-06
14.5095
3.15426
0.481084
15.8507
2.13853
0.0847431
0.000398319
11.9483
8.40281
5.71578
1.00796
0.812024
1.16643
0.596173
10.0088
0.00469337
0.0186088
20.528
1.02674
0.271109
0
17.7245
2.66855
0.99593
6.65392
0.140068
11.0868
0.838933
0.000716192
2.19624
23.0534
0
29.0114
0.630568
3.44093
0
12.6822
5.21728
4.09254
8.10279
5.39092
2.77518
33.8389
5.5727
6.69289e-07
0
0.880381
21.692
18.4668
5.62471
6.848
0.34925
0.903117
0
14.6414
23.7786
36.0227
14.9951
18.4969
18.7822
29.0084
27.9521
10.9025
17.5121
2.83519
13.4423
28.8752
12.2877
0.00025959
0
23.8861
10.19
0.859913
2.5984
3.92312
0
9.6925
7.37416
9.20563
0.00488721
79.2696
17.8166
23.1293
12.7306
11.0547
6.78726
17.1235
8.91296
23.1562
0
8.11236e-07
0.324117
26.0217
25.5411
29.1815
22.8345
39.3096
43.981
40.0707
44.4068
36.4836
48.6944
40.2777
23.3779
5.42062
6.16436
0.0334336
0.00615306
0
0.858381
5.55075
0.753058
1.07982
0.0527997
7.91143
0.106009
0.12191
15.3691
11.7361
8.54317
6.70981
5.22049
9.6748
2.31844
4.29181
5.48639
8.20906
14.6004
8.33454
0.122547
24.2673
19.2804
19.3411
23.221
12.411
17.0206
0.921753
0
1.01504
22.4551
9.86697
1.4963
4.50895
28.2742
0
7.83574e-07
0
0
0
29.1665
0
24.657
0
38.9122
48.0261
0
0
0
32.9377
40.8206
7.93714
14.2231
1.10434
0
37.2558
31.1917
0.795298
0
3.43563
39.0731
50.4432
0
6.76794
41.0013
5.73562
31.3516
0
0
25.3743
0
0
0.276992
0
0
40.1729
0
1.21829
9.108
29.5926
24.9419
32.5449
2.447
32.6771
0
21.2519
0.0709641
24.4005
20.4067
0
23.624
14.5192
19.1369
0
4.02238
0.418574
17.2093
12.5389
3.43885
13.1427
0.00178733
35.0362
19.5891
12.6215
0.291763
29.4833
5.9352
24.1324
17.2977
0.405995
0.742882
0.544765
20.6581
0.00612825
24.0985
0
0
0
0.0369639
16.9301
0
0.875416
0
32.7188
0
25.5218
22.4961
1.06817
17.0401
3.47406
15.322
8.18222
31.6691
0
0
0.00758449
0
0
0
0.152631
0.344356
5.09505
4.43569
1.15743
28.2614
24.2889
4.31732
18.1162
15.3981
0.290851
18.0864
14.3214
18.1428
22.7607
25.2858
10.1652
24.2147
0.018287
20.7891
37.2968
38.4562
17.1785
27.5419
3.86492
28.484
13.7551
0.121031
25.6532
3.19029e-06
5.28047e-05
21.0165
0
1.06768
0
0.00038043
0
0
0
2.81168
11.7268
0.661328
0.00182957
0.308136
0.0274823
0.0831331
0.00027124
0.0739766
0.0660338
1.716
0.200156
43.9808
2.25416
37.6281
8.05245
0.0553449
0.907314
5.19819
23.3914
4.96832
0
23.1176
10.0947
19.8256
43.1369
0.302942
0.807732
0
0.597165
23.2479
37.5461
0.0227215
0
1.70339
0
36.2816
12.0115
18.6211
14.2572
0
2.23179
4.42473
1.42253
0.000178118
0
10.1104
0
0
1.02553
11.9093
66.2578
3.41908
8.91182
24.1737
4.65979
16.9559
15.2163
2.67389
15.2722
0
0.825892
0
1.67677
2.93777
3.30969
11.6996
0.259533
2.75322
1.48448
9.32197e-08
0.309703
4.86282
0.90443
0
0.243958
0
17.7047
10.801
0.993972
12.4746
0.150899
8.73019
1.49096
0.889818
0.93952
1.23161e-05
0.0121257
0.118753
42.7447
19.4412
29.0927
26.3358
17.902
8.93124
0.186117
10.0978
12.3319
0
14.4935
0
3.34839
0.0255594
6.37992
3.78929
0
0.57313
0.0419902
0.308801
8.81983
3.29242
7.83879
12.6596
6.19738
3.18355
0.00028447
0
0.0208385
1.08294
19.4804
0.00405615
0
3.24581
4.93095
5.73779
0.228134
0.892993
0.000101357
6.21577
2.72915
0.0187558
6.69746
0.359736
16.2437
0.209856
1.0064
29.9367
10.0148
0.518614
0
15.9863
18.6299
2.22746
19.2217
3.40294
5.77746
4.10124
1.74091
0.0167049
3.26688
2.85638
23.6378
15.6027
8.88579
1.63567
10.5031
7.28606
5.76357
9.89559
2.95849
1.96923e-05
0.000247066
0
1.54068
1.32696
0.0948313
5.56855
0.000363352
40.0831
0
0.91963
2.76517
3.32662
1.85274
11.7099
1.94254
4.02312
22.3194
14.5993
0.671033
11.6554
2.93585
2.44375
0.0398049
40.3301
11.9544
12.3348
2.08221
0.0128203
0
24.7203
4.76978
0.00551452
0
11.4212
2.99103e-05
0
0.777784
1.06274
0
0
0.439585
2.55044
0.438013
0.782284
1.52929
84.2408
1.95579
0.876872
0.644425
11.8805
0.832496
4.98983
31.1419
0.866984
6.76356
27.9061
3.34814
0
42.6402
2.4089
1.39455
4.09434
0.123838
1.29199
0
8.19356e-06
1.7838
10.9815
1.25165
2.26585
0.509721
2.04023
2.57589
17.6493
0.237246
0.140816
0
0
0.245636
0.208498
0
10.887
0
3.4078
0
0.0877833
13.2827
1.45464
0
2.18463
2.15689
0.581939
0.000286013
11.0336
4.57516
2.88401
35.6869
31.6997
16.1751
0
0.176364
0.0917007
0.988613
0
5.43951e-07
0.95551
1.02891
0.25109
31.224
8.75423
0.00093222
1.64019
0.0292404
9.86932e-08
0
0.0509263
4.66978
0.296468
1.3014
0.742008
0.0862017
1.64477
1.34614
0.690782
0.310497
0.00938605
0.0301173
0.0251561
1.04868
1.43762
0.370873
0.038935
4.24847e-09
0
0
3.77149e-07
0
0.163993
0.373471
0
24.0816
9.61682e-07
1.00439
12.9046
0.0247118
0.617512
37.1836
3.19388
9.80055
0
0.0155208
2.12182
0
0.335381
5.10832e-07
0
0
4.29173e-06
0.500002
0.0504862
0.971393
1.64158
0.00515326
0.728243
21.0544
0.663012
0
22.3652
5.55523e-05
0.0729445
0
0
1.93434
0
1.54744e-06
0.613253
0.68656
0
0.017698
6.61112
0
0.741476
9.4244
0.0888201
0.0728261
0.0537457
1.13566
0
0.01162
0
6.12722
0.235657
12.7542
0.866711
0
0
0
0
1.12148e-06
0
0.850675
0.653345
26.0404
0.128503
12.0328
1.72246
7.03283
16.6388
0.00366909
16.0145
16.5003
28.8054
2.73073
0.18596
4.52148
0.2765
21.9185
0
0.00644769
6.34657
0
0.437171
21.7073
24.4572
0
0
15.3076
1.59906
3.69267
4.51411
3.54377
14.244
13.6572
26.3857
0
6.72801
14.2934
0
20.8793
24.7452
14.9586
13.0996
9.39825
8.94479
10.7961
10.8885
6.56841
13.9291
16.5606
5.22575
5.17906
0.831703
6.97958
3.78037
0.0264012
0.00222168
0.00044596
0.0107266
5.2615
11.1638
8.65105
0.111153
1.5638
0.0120829
0.00867196
1.74152
4.83302
1.95766
3.89692
0.751475
2.36999
3.068
9.15749
2.37409
14.1804
0
0.348626
4.75053
6.84432
3.51756
0.743629
0.0364619
0.370498
7.14967
2.18717
0.114679
0
0
2.35889
0.0130746
0.216507
0.312216
0.000546473
0
0.962412
0
0.00360526
0
0
0
0.00409073
0.0491179
6.35758e-06
0
0
0
1.14009
0.222776
0.00232517
0.598403
0
0.93072
0
0
0
0
0
24.826
0.0788403
5.22439
0
0
0
31.9062
0
0
0
0.838634
0.00518049
29.6128
0
1.94604
0.0356169
0
0
1.97237
1.17274
6.06524
0.0666495
0.546352
0
5.1433
8.52901
0.0775567
4.68543
7.67199
7.34993
6.12697
3.24628
6.24257
5.57221
16.6609
8.59044
9.0306
6.52277
6.70007e-05
0.00986247
13.207
11.4413
8.9182
8.18348
11.8919
8.24342
6.36877
12.5628
16.6261
24.0644
8.58721
7.69121
12.6851
23.9556
14.1603
12.3056
0
15.4826
0
12.4307
11.8806
13.2917
12.9092
9.15464
16.916
11.9458
14.2083
1.37483
13.0474
24.2608
8.14284
8.6363
13.1739
12.1757
18.7075
12.581
3.53778
11.6144
7.42916
9.05314
0.00300064
8.42617
6.17795
8.50342
0
12.4367
3.46769
0.29941
0.764368
0
0.00926019
2.44302
1.85243
8.87354
2.14218
7.99181
0.0751188
0.00102068
2.29221
0
0
0.512547
15.3103
0
6.8228e-05
0.190451
19.5704
0
2.05935
1.60677
4.09741
1.40015
0
0.294745
0.847825
1.67869
1.82495e-06
5.22612
3.05132
5.55124
4.87681
4.01628
11.0294
4.36169
35.085
8.71793
3.53065
15.4326
21.5842
4.23219
18.4559
10.2171
22.3601
16.2576
24.5114
12.1455
0
9.18087
12.2542
12.2152
0
24.2653
0
6.74516
3.29214
0.680042
5.43352
5.86087
11.0249
2.02097
18.7074
0
0
4.26168
3.64104
1.3698
2.95189e-05
1.72711
0.762803
0.30424
2.71431
2.03147
0
3.58562
25.7394
0.00101028
0
0
0
1.7637e-05
0.00111385
0.000113673
0.878959
12.793
0.000539191
6.53713e-07
1.19626
0
23.2416
42.8984
0.0349518
1.43886
7.39844
4.12642
4.18219e-09
5.57102
0
2.09947
0
0.0517584
1.31076
1.54693
1.11373
35.3852
0.114105
11.2717
0
2.03631
0
0
0
18.5576
0.735987
0.00124376
9.24381e-06
10.6468
0.0350945
4.57286
22.7635
38.9213
24.0853
16.2268
8.68714
3.44119
5.79546
15.0339
6.80211
3.11651
13.7077
1.53724
0.000593744
5.60153
4.26238
7.32934
0.0673939
24.5211
0.247608
0.631541
2.6088
33.8158
12.2388
6.87872
2.82643
7.16696
8.10372
5.7608
4.43623
9.45996
1.57366
0.101913
0.29523
0.568768
0.0633969
0.0405015
3.24375
35.1534
32.1168
16.2014
0.75629
17.7281
10.323
0.127254
18.8483
2.27612
27.1214
7.9572
2.0969
1.35293
42.0359
22.3774
2.27379
29.7773
17.5251
0.0732735
0
0.0649747
0.000417545
0.0128008
0.856805
0.0185578
0.307813
4.23504
6.51989
22.3569
0.232255
42.6888
1.72122e-07
0.860439
0.0130588
0.014443
0
0
2.87481e-06
0
7.40145
0.946563
1.11484
30.4656
1.46171
8.32913
2.0225
5.77525
0
0
5.39987
14.0477
0
6.67042
6.53254
8.2333
0
39.0073
21.0277
0.00223791
2.06951
11.297
0.391632
0.59034
0.514589
0.00875032
0.914451
0
30.1698
0
66.9246
20.9498
27.5803
0.0177131
0.276729
0.000865665
0
0
24.8617
6.62585
28.7661
2.76685e-06
11.9293
25.945
14.9137
3.28289
8.26508
6.28695
4.79948
0
0.0331677
0.00559657
0.437759
0.00764808
1.12773
0
0
0
0
0
2.19442
0
0
0
0
3.00511
1.08145
0
0
20.4328
0
0.00518719
0.857218
0.0742504
0
4.92554
14.07
4.11795e-06
0.965223
1.04592
0.977598
4.33412e-05
0.0142645
0
4.98914
6.75216
9.12963
6.47707
9.69555
4.59915
6.55807
3.37303
5.3749
35.3719
25.8354
2.64875
53.7321
39.7635
49.8322
14.4881
12.9851
17.0009
14.2013
10.3855
15.8205
19.072
10.513
14.0808
7.03773
15.1098
7.63451
7.16392
6.34723
9.75438
7.53883
11.2671
7.06042
9.60733
10.0793
8.22929
7.26466
2.21469
1.45393
3.2832
5.38997e-07
0
0
0
0
24.3773
15.9218
0
9.16711
1.30849
6.29918
0
0
11.8996
0
7.50832
3.31516
0
0
3.14439
11.7136
0.0143637
17.8092
16.4522
21.7298
15.7094
0.480845
19.5603
0
19.9708
23.9764
14.2643
38.9673
13.6049
9.98152
4.72601
8.37735
6.65444
12.3183
23.8522
23.0938
12.3392
2.91362
13.5797
0.252906
5.84045
10.2633
11.9085
18.7384
4.04081
19.1276
24.4319
15.7817
19.961
14.3196
12.9325
11.1349
11.988
12.4381
18.1171
19.3729
24.7919
0
0
0.0292601
4.88185
6.78708
7.43691
9.6137
6.34553
8.90387
14.5121
16.2841
16.9113
25.4922
4.06852
19.3592
17.7186
10.5904
3.19514
3.89762
2.95513
10.4961
4.46914
7.64163
5.04204
12.0625
12.9063
7.17648
7.26319
1.57628
5.29395
22.2326
5.06313
10.1014
10.5644
17.4686
11.1354
12.8239
30.1034
8.65191
6.36268
41.2416
2.75315
1.26141
0
0.969056
0.0313989
9.78789
8.87298
9.52816
13.8875
0.381355
13.4578
22.3216
26.3254
15.1109
11.8312
21.9368
20.455
26.7188
0
0
0.0087262
33.7249
23.834
30.2308
3.4597
53.9113
5.51325
4.71623
0.00129666
3.98019
0.000864395
2.76272
40.5496
2.23967
8.18049
79.327
39.7334
31.1084
13.5457
1.37196
39.2351
13.0161
34.8714
9.15646
7.75
29.6116
18.4711
30.7515
31.3344
14.4973
15.0061
11.5272
18.8754
14.5485
8.12648
13.6099
12.116
10.1798
9.82107
17.3208
9.13629
16.4378
2.6904
15.8919
11.4007
7.25826
16.7218
25.0209
16.9529
16.9095
0
16.9952
0
9.60067
11.1582
19.12
16.0527
13.7718
4.27169
18.1359
13.228
13.2743
8.12983
5.00685
6.42456
5.49537
15.5441
12.9541
3.5725
7.4842
8.01052
12.4598
10.975
10.5584
4.39471
0
6.10263
12.1975
15.5152
6.22191
12.7084
7.19502e-06
2.97691
0.553687
7.7064
11.6634
12.2879
1.21699
10.4697
20.7106
12.3396
16.7147
5.42071
15.6433
22.4542
24.5004
2.99464
3.16393
0.85002
10.1057
17.8149
0.917044
0.849963
1.55556
0.306807
0
0.0460728
1.10752
0.850232
0
9.72669
1.71129
0.394807
1.03161
15.402
0.93015
0.727445
0
1.4734
0.0143314
0.824544
0.260266
1.15661
1.71678
0.674613
0.824362
0.985633
0.00368474
0.054038
1.56717
9.75666
0.389691
0.75743
4.34769
2.21514
19.265
0.0760882
0.247979
0.000515354
0.102481
0.26137
0.937952
3.29013
0
8.90076
0.586149
13.5584
0.366895
17.409
0.133264
0.086621
17.0466
0.000739517
20.295
9.92998
11.9589
0
19.9772
0
0.165208
0.864265
0
13.005
12.885
0.806372
0
20.5551
1.03654
0
3.17299
0
2.85839
0
3.39892
0.0775167
2.64675
0.754857
1.92329
0
9.27924
1.33535
0
3.59166
12.9396
0.624266
10.3014
0.164148
18.5783
13.2056
19.2526
18.3661
0
0
0
4.67053
9.40042
0
0
0.285745
0.879886
0
0
0
0
0
0
1.95624
0.000268065
0.0996488
0.00288348
0.197221
0
0.00875078
0.0187365
0.0132617
0.504011
0.000903458
0.382008
0
0
0
0.0470864
0
0
0.697977
31.3032
31.1684
43.1886
15.0498
28.9234
3.62152
2.20482
0
0
0
0.315273
18.8789
3.29248
6.81676
0.00229736
1.073
24.1236
52.5577
34.9055
8.59567
15.6699
9.82263
21.2432
16.7796
3.86387
1.88039
7.47132
1.83506
5.03466
7.82316
5.79986
19.7287
8.39946
6.62513
20.7147
0.878638
8.71148
2.74649
20.2207
0.935733
25.3571
44.4932
0.0524859
0.133737
0.932272
0.919842
0
1.22988
0
2.186
9.13204e-07
0.78462
0
18.6877
0
16.777
0.649432
20.8453
5.74967
5.02246
13.6213
21.379
17.6756
4.13579
0
15.0565
25.0049
27.4908
39.5359
27.4521
28.613
37.6663
1.13638e-05
21.7083
0.0260701
25.7272
27.5322
21.8857
15.0355
0
30.6697
6.19914
34.7551
3.72579
48.4943
56.6961
8.18181
6.64457
19.0769
22.0401
14.579
21.4484
0.00034904
5.3803
26.6483
1.43836
2.33821
41.3951
0.0413539
19.4652
0.0466227
0.00664075
1.72428
0.0491693
6.63159
0
38.732
47.794
21.3371
9.27133
7.59795
16.4912
6.834
4.33068
0
0.375142
6.14787
11.7928
16.868
25.8851
30.8643
23.6769
23.9691
9.90734
17.8387
13.6428
5.6534
19.8062
0
0.575329
0
16.5974
0.0134534
4.91665
25.6492
3.15108
0.537512
1.76613
7.2266e-05
0
0.139167
2.7746
0.52566
0
0.319922
0.0343539
21.5354
0.775725
1.4013
8.83748
2.74161
0
22.969
1.05757
3.20979
0.607247
3.94769
0.075789
0.000507196
1.88717
0
0.37969
3.75611e-06
0
0
1.18413e-06
0
0
2.2827
0.0763829
0.000227827
0
0
1.41285
0.773843
0.00989778
3.43333
6.45736
2.87169
3.09088
0.00331107
0.966649
13.4772
0.00895116
0.000131788
0.372111
0.000205235
22.3004
0.0663159
30.2736
12.2985
35.6393
12.4367
9.74409
4.14087
9.28539
1.3817
6.24752
14.0879
0.290467
14.2841
14.3773
0.61313
0
7.79982
0
9.09176
6.78884
33.2055
14.4269
20.7408
33.1975
0.691836
18.174
3.96846
17.2841
9.46746
1.72532
10.439
0.0439244
25.3226
4.26289
0.852373
6.05994
4.27061
3.09822
1.21568
0.000135311
2.19456
0.583649
1.86194
2.43084
10.9128
0
11.7405
11.8723
22.2371
20.4757
17.6698
26.4214
18.6506
9.18925
15.4459
29.5352
39.7722
19.668
12.6532
15.2667
25.4051
0.0392989
2.11182
8.14987
12.2145
6.7496
5.43773
11.3072
5.16023
2.09695
14.8181
8.65987
3.89805
9.80071
13.2513
2.74578
8.11168
19.9959
7.45456
7.80786
15.5396
0
16.6596
2.24642
0.732241
4.38887
12.8051
0
10.7512
8.69377
19.1835
0
0
16.6398
13.5324
15.3546
15.6789
4.50523
9.14548
11.668
3.5553
21.4352
21.06
15.1985
4.21641
23.4169
28.5009
34.7672
15.3679
37.9376
15.8496
33.1333
16.633
38.2168
39.6837
0.938513
32.5882
21.019
20.1474
10.7096
30.5493
28.7538
39.358
29.3006
0
40.0972
28.7129
34.3761
0.0805149
4.05316
17.283
18.0613
35.4478
13.3594
16.7231
29.5215
0.860651
0
3.97735
0.0285529
27.4272
0.876056
11.1283
27.1992
28.6617
35.9023
45.1284
1.34963e-05
36.6028
0
33.7932
26.9501
25.1306
30.9122
18.508
62.3737
42.075
10.7613
25.3892
26.6995
16.5402
24.8436
0.407697
18.5069
5.41944
32.0079
5.39903e-05
7.11506
8.62785
12.9644
12.2148
3.40455
19.2671
11.6244
0.567499
9.04383
8.90067
11.0085
16.7234
15.479
0.358723
6.58341
5.0908
9.3295
3.22037
2.72343
0.866696
1.8419
2.7294
7.96793
0.294006
15.101
17.7582
6.35831
13.8335
1.84583
8.36016
29.6466
0
0.850965
1.65584
8.26717
0
27.2344
17.3596
3.41327
12.4916
6.8355
13.9796
11.0054
19.5291
17.3423
11.5583
5.53511
8.54499
23.5005
13.7708
1.62718
22.1558
28.6811
0
19.794
5.14532
35.3265
6.62933
3.3108
17.0879
9.24944
27.6094
19.125
32.0204
20.3935
7.17924
17.8508
15.9996
27.2776
7.8311
10.772
8.06361
34.7508
50.411
12.2354
0.274249
10.3428
30.0159
14.7746
45.5151
13.477
6.91453
25.2651
44.2042
14.9336
11.9303
0.714644
5.33783
6.32654
9.54051
15.1751
4.44827
0
5.14161
13.1558
18.0531
9.48963
17.9863
2.68886
6.62285
1.41318
15.8033
22.9946
4.13572
10.5349
11.7197
2.40489
15.0341
4.94272
19.7447
9.72667
0.0220055
17.6942
19.1161
7.57727
29.9103
4.76602
7.85069
0
5.46794
0.0761066
3.80064
1.56955
1.54925
3.76134
0.253714
0.939008
11.5158
1.58248
5.07758
1.91695
13.5966
1.11297
0.0713104
15.5309
0.0390844
0.00428651
0.021156
0
0
8.03976
8.25457
30.6481
22.153
14.5349
14.0637
17.6065
2.32998
3.27675
2.34895
14.1338
5.61022
0.585325
7.30859
10.5821
0.912966
3.14824
0.0805285
5.31534
3.81568
0.351038
2.70876
0.970367
4.87993
17.332
8.57864e-06
0.00120309
0.00596665
0.133689
0
8.49199
10.2237
8.70977
0
5.32284
13.1042
8.51663
15.7959
12.1877
10.9851
11.6301
4.64221
9.04957
38.7761
11.4984
0.400507
9.85478
11.9403
7.72412
13.0564
0.000860865
7.81863
6.76866
15.4574
2.41333
7.59011
4.37799
118.544
12.9293
21.2918
8.68428
116.005
9.10085
9.89354
7.44607
9.28372
6.89578
5.75793
3.5542
39.8451
2.70229
6.78084
10.0281
8.14056
6.08615
22.2142
11.1215
10.9677
0.453775
0.000195579
10.0049
15.7848
0.46322
0
0
0.409195
11.7764
1.38469
0
0.000443791
0.00336064
1.20935
0
0
7.05657
7.39493e-05
4.54249
9.90098
3.18894e-07
0
5.60077
0.97152
16.0288
0
1.03606
1.02485
0.00932251
0.72049
0
2.49756
0
0.704791
11.3754
8.53742
0.000330117
0.00262464
1.8321
0.0182519
0
0.0168811
0
13.7979
2.95169
9.20444
0.221093
2.83153
0.388892
22.7036
4.11246
7.70573
7.83083
8.12955
8.95085
15.0005
1.40201
3.01549
3.03538
3.91218
5.49362
1.35271
1.89123
6.57523
70.1297
44.0166
36.7203
10.3296
3.1334
3.04907
0
0.596186
9.42213
10.4165
3.58244
7.83225
7.14703
9.38383
32.309
0
17.9289
18.3828
28.6989
22.8954
20.5536
12.0543
9.33742
20.1666
9.9793
17.6351
23.8524
31.055
14.8833
13.8202
26.5423
0.801464
24.7795
13.659
1.1084
0
0
1.51218
13.0117
1.80395
0
3.04792
21.6498
28.0524
5.91589
8.74902
12.6024
6.97228
8.9591
8.42683
8.21587
0
0.00016218
3.54624
5.54825
57.1544
7.04797
39.7789
17.8416
10.7463
11.9083
0.00342405
0.662686
2.69491
6.96453
22.1823
3.46769
4.46037
0.402714
16.8142
7.49415
0.951479
15.3723
3.25285
7.20393
0.909875
52.1061
32.9712
12.061
0
17.8261
37.4476
0
1.93764e-05
3.1907e-05
0.339883
0
5.12894e-05
14.2351
1.9294
2.40887
0
0.0434856
0
9.27679
0
9.89239
1.81145
0
3.7931
0.0170128
0.0275345
1.75928
8.03532
2.53706
1.70638
2.77715e-05
0.145383
0.000183163
0.105037
0.00362226
0.00108214
2.74763
1.09818
0.795571
3.83052
2.74812
0.0806785
0.15714
0
10.3864
8.71885
10.7632
25.7724
8.15368
3.18601
7.7368
19.4072
6.33198
5.44251
12.0497
1.10299
1.24602
11.6747
1.12667
11.4965
7.37619
2.77131
3.10934
3.60225
5.1143
0.802676
7.89205
12.6899
0
0
0.0560282
0.23168
4.4761e-07
0
0.249314
0.843901
0.0294187
0.13429
1.03371
3.06484
0
0.927532
0.0045646
2.67049
0
18.3879
5.31079
5.2155
12.2334
28.6009
18.7685
15.307
1.418
5.9657
25.507
12.4256
0.61208
6.54562
40.3259
0.538235
3.00011
13.1274
1.10621
38.9931
27.2011
17.6605
38.6627
21.9055
13.5542
13.6038
0.585194
4.38745
2.96227e-06
8.11323
0.853285
0.247163
26.9872
25.0727
0.0328732
9.80425
6.93202
6.89171
17.5529
2.01319
14.8224
15.873
50.6897
18.1412
19.8278
19.9658
5.33537
14.1144
14.0992
2.67534
2.61279
0.544679
14.2604
0.164754
0.295768
0.261331
0
4.24711e-07
0.0505317
0.813027
0.696767
0.594384
0.0366871
1.75959
0.361446
0.497909
5.36437
0.821923
0.95814
0.0083451
0.0270674
0.994217
0.302878
0.854807
1.68852
0.294323
0.709427
0.718084
0.0017855
0.0566408
1.4326
0.309569
0.713024
3.62281
8.1349
0.948947
11.2383
2.64185
4.05621
3.42548
3.02625
0
0.248882
0
13.184
0
1.62311
4.0504
10.1428
1.46543
0.663182
34.2289
9.98719
20.599
5.1529
11.8233
37.3833
0.55412
16.4002
14.4971
0.82975
0.0142669
12.3261
0
1.24068
14.643
0
2.28036
0.235905
32.7691
0
0
0
0
8.2333
0
0
0
0
8.42307
63.4726
37.3636
43.0187
1.04088
40.0147
17.858
2.4806
23.0836
8.98058
14.1167
6.44904
0
0
41.6464
0.848584
0.387534
3.30585e-05
1.50355e-06
0.600965
0.349271
39.616
0.0351928
0.981402
15.0552
0.00337138
0
0
0
9.09263
40.3937
0
1.83024e-07
0
0
0
0
15.1408
0
0.538617
8.17215
0.0153035
1.36622e-07
1.91602
0
0.000129535
0.0171576
10.8278
8.22188
0
3.61309e-07
0
0
24.9305
0
0
0
16.4955
0
0
0
0.213422
0.0336682
2.26396
0.814855
0.0818726
0.0238588
1.51276e-07
28.0249
0
0
32.9889
0.481909
0.0267492
1.90877e-06
0
0
0
0
0
0
1.09894e-05
0.00280997
0.703223
0.667803
23.2457
0.32182
0.9807
0.656629
0
0.00935941
0.347361
5.779
0
0
0
0.423973
8.06431
30.7862
4.86876
3.12493
2.18973
0.00111355
2.12891
8.18828
4.76854
0.826011
0.0334203
2.73562
2.01006
38.2416
0.643987
4.24484e-06
0.0417972
0.958556
0.892436
0
0.0861258
0
2.29982
1.00243
2.0913
2.35164
9.59979
0.00523792
12.6902
1.23961
0.647423
4.70227
0.000355387
4.55773
5.51449
3.45518
1.13267
11.8984
26.2443
0.347729
2.25803
0.645569
1.43882
69.0289
0.484759
0.920322
10.4176
1.85749e-05
6.0742e-06
1.53868
27.4599
0
2.55974
24.8767
0
0
3.14383
0.683507
0.101744
0.000262457
0
1.55666
0.00629651
5.25322
3.49247
0.562673
0.18436
17.1589
5.85853
0.00531869
0
6.33228e-09
0.0472661
0.379455
28.446
7.26982
1.21177
0
14.5691
9.72737
13.738
8.97644
0
28.6095
9.97045
13.1192
11.703
0.0296711
0.441953
15.3105
1.10397
18.3401
4.61337
1.66576
14.8444
0.642056
0.447414
1.67173
0.588559
20.6404
1.33337
2.1054
33.8931
28.4223
0.234896
15.5548
9.62378
9.18231
5.53019
3.44562
26.6004
23.0443
0.420127
4.65556
18.9273
14.2027
1.52981
8.94198
29.0943
13.6677
26.5502
21.9933
22.0395
26.2024
24.2956
19.508
1.90928
22.2083
0.000972761
5.75706
13.5666
12.3173
5.57442
0.78327
0.919366
0.0408768
0.806672
1.40267
1.25246
0.54879
0
0
1.93166
2.30603
0
0
0.0466155
0.0700405
1.72634
0
0
9.18879
33.7183
4.03765
0.00938656
1.85438
8.10044
0.052511
2.5829
9.01356
9.1596
16.3391
10.0403
26.3641
0.321584
4.14824
0
0
28.0612
0.335877
1.424
14.5119
1.08899
0
27.7018
2.17496
0.258087
0
0.803816
16.5649
2.85778
0
13.42
3.28213
0.940513
34.6194
16.499
12.7574
15.1079
8.33228
5.54721
5.61966
4.93657
3.06942
1.71899
3.78348
4.68183
3.70379
0.772423
21.4953
0.695209
13.7001
20.4719
0.0338267
23.9754
22.3769
17.7629
11.4022
0
0
0.0194762
0.0246224
0.0781053
0.00256304
0
0.282956
0.0435968
0.48368
0
0
8.95674
12.4825
0
44.0445
6.60689
8.50342
15.2184
4.82666
7.44213
1.67448
28.0436
8.17643
9.40289
15.0319
6.28961
6.63313
4.24441
8.70156
1.67597
5.83419
8.12286
39.2486
8.79472
5.74204
3.29947
8.18609
2.04334
1.05763
0
0.774174
4.10822
0.00996135
2.08905
0.887106
13.5908
0.00314943
8.21749e-07
37.69
9.00141
5.8737
10.2936
17.843
6.17517
0.00134756
0.0613583
0
0
0
25.0329
0.0913621
0
8.45257e-07
41.8411
25.7303
10.4042
3.83757
5.33059
5.6196
1.46832
0.140904
1.30013
0.00343238
0.00229487
0.386524
1.78031
0.0276577
1.37638
0
11.6686
0.113612
1.34561
2.39154
8.52118
2.4907
5.16541
11.4179
6.22298
2.6636
0.947571
0.266012
0.0298015
0.846238
3.28297
0.137439
1.08376
0
22.4993
1.479
0.4431
27.9189
0.553423
18.397
0.000112331
0.145457
14.2765
