3.44904
4.43043
2.77822
0.00158454
0.731926
5.80313
0
10.6006
1.81675
7.71344
24.6582
0.175737
0
1.49082
9.42651
0
3.00448
19.7842
16.4483
3.69177
23.7442
0.344657
0.0288541
0.312161
3.17173
4.18914
3.20329
3.4114
47.2422
0.704548
0.922565
3.36467
0.922199
0.170952
0.422187
0
3.80416
18.718
11.9882
11.7731
16.489
18.5412
1.4897
8.58673
0.740098
9.92496
4.07821
0.0567297
0.0050382
0.231304
2.06751
0.791812
11.7041
2.50519
0.712846
3.38354
26.9487
1.46896
2.33282
3.62982
5.4754
0.067229
7.87303
3.96028
7.98676
0.500045
6.01358
2.12531
4.70617
1.05799
17.5252
0
0.00111355
0.887514
2.63376
4.12595
6.21797
2.04914
0.00971229
0.72229
0.272942
1.80666
0.109135
0
43.2878
3.542
16.804
20.4488
13.5223
8.28024
17.1451
16.8634
1.32556
59.0774
5.17335
27.6555
20.9816
19.4089
1.76035
5.2704e-08
8.84835
10.7842
16.1062
12.0618
15.8619
9.97722
19.0654
3.07615
0.0908186
9.11757
19.1084
14.2911
17.0384
20.0639
19.5771
23.5646
4.61457
1.7711
7.63975
8.35677
7.82815
7.86784
10.5994
3.54374
0.477896
1.81257
7.06011
0.0144438
0
0
11.6397
1.45097e-07
8.2174e-07
17.4466
2.36721
15.9223
9.65546
2.17945
0.27831
8.26654
0.0103609
0.42963
3.90176
4.75583
0.806518
1.12257
0
0
20.2722
48.1817
1.06774
0.820759
0
0.847522
5.52814
11.3608
13.5686
7.97028
12.9849
2.56755
3.82248
10.9344
14.5941
14.8279
0.914194
0.96092
9.39432
0.0729271
0.544922
0.930672
17.3672
3.98571
1.5597
1.26278
0.0426123
1.01521
0.0178312
0
0
0.135139
0.0572248
19.2904
0.0237675
0
12.7758
14.5286
8.23915
3.16947
10.1215
35.8191
25.2215
18.8566
12.8074
21.7139
7.63606
0
10.4395
21.7406
11.933
7.4853
31.5077
86.3664
9.68416
51.5467
21.7934
3.46392
23.1373
9.01107
60.5716
11.3379
19.0231
31.1297
3.49074
23.2701
21.7747
35.1707
4.70561
33.9251
16.0016
8.05202
0.662108
6.00405
20.9516
2.94373
33.2784
21.5524
28.1598
30.035
32.681
4.60362
3.52294
3.82797
32.6954
1.67002
3.24239
3.65768
4.13027
1.48069
2.18711
3.15742
5.86622
2.83017
3.93305
2.13597
1.46491
2.47804
2.44735
0.56542
1.69851
1.19811
1.26546
3.7245
1.13149
1.1188
0.980541
0.134008
1.69009
0.979351
0.746107
0
0
0.0728324
0.0349759
0.997765
0.0361523
0.00859429
0.0301165
0.000162667
0
0
2.41908
1.85815
31.1655
0.342394
0.0412426
0.806827
0.216949
0.0150923
5.20706
0.941425
23.8425
0.0275838
1.63567
0.774309
0.104372
0.704331
2.00148
1.68106
0.381355
10.751
0.039164
1.43785
10.4986
9.47413e-07
1.73446
0.0154755
1.51492
35.0077
5.12878
14.7891
9.24096
3.59938
10.3634
13.1487
1.20949
18.4065
5.29622
5.42267
0.826258
0.557089
1.76258
2.46524
1.8357
7.13229
15.6608
14.2571
31.8971
16.3113
7.48974
9.57545
0.00520512
5.96339
2.62238
1.10225
5.93725
8.67107
1.90482
1.33482
1.07579
0.298353
0.00494201
0.34241
0
2.62598
2.70589
8.90265
10.5278
4.46244
3.83677
0.0179698
17.7412
3.02775
3.29042
0.125437
0.590412
0.248528
0.792849
3.70588
5.31483
3.65843
1.64465
0
42.9873
5.13833
0.0202417
0.207203
2.64967
22.5782
0.108076
0.141569
3.80986
6.45591
0
2.85673
0
3.32348e-05
6.29654e-05
0.063685
3.14296
0.839289
1.5424
0.335426
13.6369
3.8833
2.16413
3.4992
0.00614522
9.15273
17.2223
17.7424
10.9761
9.80362
0.480471
0.0717749
7.64424
6.88604
8.52023
24.0272
12.9309
3.49641
14.7259
19.3866
8.72558
7.88038
0.239543
20.6921
9.01181
10.6876
14.27
21.572
6.26283
14.9135
10.43
7.81168
15.6918
12.1303
14.8279
11.0816
10.8147
13.761
7.55958
24.538
8.21978
8.09759
4.40031
8.98959
46.8633
9.03722
16.6649
1.73322
2.81357
9.08235
21.3197
23.501
22.6193
28.9774
4.97267
35.925
25.7531
15.2655
20.8474
15.8318
37.4551
22.4603
19.4306
11.5841
53.9766
0.427148
19.2487
25.3444
19.9482
11.8813
19.6143
12.278
20.6988
0.727566
6.35909
0.00276682
14.5299
1.80569
17.4036
1.35254
20.4264
15.8888
34.7269
17.9975
20.9842
15.0872
19.3689
8.44683
9.94231
3.05416
0.667516
2.08645e-05
17.2586
1.50021
22.5212
4.59485
1.81802
2.78481
0.00673042
1.09565
1.49063
0.0698205
1.44936
0.614982
2.58183
1.6201
2.38441
3.72096
30.4273
2.1666
2.18139
16.5113
20.6204
10.017
10.3652
12.7289
10.7249
23.8934
22.7002
27.3383
18.1664
4.91778
2.10231
16.2203
0.966944
1.25784
0.934486
0.297365
31.2253
31.19
0
13.9872
26.9011
12.2317
7.85123
5.35994
0.363871
6.31948
31.6724
2.45118
0.419523
0.000428103
10.7768
5.06072
27.9978
6.56455
11.3016
4.45562
1.18947
10.8581
8.77982
0
0
21.6444
0
9.85741
0
2.55375
2.30004
0.374967
1.23973
0
0.9242
4.71077
0.893619
1.12409
0.816513
21.2993
0.773817
0.0850333
9.99288
4.93712
2.48103
7.38755
23.9967
56.6215
42.9404
31.8391
33.9171
23.6311
0.0610255
46.0285
0.00219108
30.0468
19.523
19.0292
13.1491
12.3604
3.01595
1.89655
0.871931
38.5316
0
0.0802923
15.1521
0.783718
2.33134
7.3274
6.25567
30.9069
2.57009
3.99245
1.52945
5.60063
3.34783
24.2313
50.066
10.5499
0.000172092
2.99577
2.23865
23.2107
13.205
5.02479
7.10979
2.72106
12.5426
3.38379
1.39527
1.19253
7.4637
3.25456e-08
5.56117
4.48705
18.1613
1.71759
0.615847
13.2079
8.24694
12.7735
8.13989
0.620541
5.66332
8.38012
1.04822
1.64799
0.0765895
2.60909
0.0236937
1.12481
5.89199
16.8268
25.4357
0.00043728
0.100981
1.30894
14.0896
0.15729
1.57366
0.0629305
3.6791
1.40977
0.138304
0.570301
5.32203
15.8671
0.940367
0.710247
0.608069
0.822588
0
1.28828
10.5669
1.93369
12.5
11.2255
1.95885
0.474397
6.94296
2.71537
8.91335
17.985
0.00227207
9.76295e-05
0
0.314567
17.8267
32.8008
0.127113
14.7106
0.0164694
11.1118
24.8846
21.4515
22.3705
0.161734
1.72741
2.06597
0
0
0
0.917048
0
15.2746
14.4998
12.8774
5.76459
26.7928
1.26931
14.2166
4.25287
21.8475
32.7374
0.00105054
1.90325
0.195648
31.6225
17.8702
1.85651
3.08131e-06
13.8303
9.82817
0.0593182
3.69009
1.01633
0.753375
8.52172
13.1103
8.23412
18.6495
14.7787
21.1657
16.5664
0.957006
4.58898
0.639395
1.9677
1.59559
0.0174985
0
0.0565807
1.02168e-05
0.000238604
26.6644
6.27922
4.29989
4.41645
0.00175304
11.1279
4.73394
0.618543
4.551
4.90275
2.02441
5.21361
5.29606
8.95781
23.666
21.8012
9.65674
5.85258
25.5938
27.595
0
4.4926
23.4345
4.77235
0
19.5514
0.787838
33.6501
83.4537
19.9933
33.6138
19.4911
12.7247
13.4
0.00617467
0.826745
29.4477
34.8923
0.459202
0.254203
0.141763
1.19347
35.0762
0.875399
2.44211
3.25617e-05
0.00969808
0.00173844
0.428843
13.1378
24.3409
10.7582
4.649
0
0
1.05285
14.4728
17.6311
1.53317
3.00913
35.0918
0.596262
30.66
0.65485
13.9909
33.2095
14.73
24.3757
3.59379
4.22068
4.11434
1.16203
0
0
0.139254
0.000377305
2.02004
7.66469e-06
5.8513e-07
0
9.51005
43.4885
3.98007e-05
19.1388
13.5173
3.98997
7.35679
1.79956
1.56264
1.89763
0.0237436
9.08481
1.4777
4.19724
3.26053
63.0419
8.08259
9.19218
0.655699
0
10.4388
0
41.7238
0
0.375812
0.0526357
28.7179
33.9729
11.9216
13.1296
7.94111
24.5664
3.15162
1.83321
2.07633
19.7058
1.65657
0.597185
1.70075
0
0
0.417502
16.1848
4.01666
1.57245
4.97357
21.3401
6.71397
12.3341
17.6484
9.24586
30.3114
0
0.54216
7.38707
28.0986
16.0343
9.98189
2.00721
0
0
3.66436
17.7432
25.0227
19.8993
0.0290812
9.89344
21.9721
14.9426
0
20.6818
2.42043
1.36585
9.39943
0.028313
0.897905
9.79825
1.42108
0.000993476
2.78237
5.74797
0.0293079
0.846612
1.93578
5.50451
5.33807
0.00529877
1.27483e-07
56.5565
0.0272146
0
0.00446431
7.26555
0.0703072
1.4522e-06
0.0106022
0
6.88377
0.00137937
1.5986
17.3443
10.7974
14.9664
15.9404
0.653467
27.093
14.4759
2.90872
4.10184
2.95633
12.6772
1.41588
15.0998
25.707
13.4778
10.811
6.58914
13.218
23.0798
16.4237
17.869
1.23283
20.8762
3.43386
1.04345
17.8189
2.36866
2.58816
5.42004
7.20405
11.4566
1.07024
11.0855
1.58579
1.30593
0.111854
2.22851
1.87171
5.79698
4.87428
22.6814
17.0426
1.95473
0.637556
1.22702
15.2403
16.8883
0
35.3267
11.9077
11.6973
3.96384e-05
0.000928601
0.000123771
4.58326
0.911499
14.0326
8.53412
0
0
22.2107
0
0
11.0168
12.8113
5.43804
1.23873e-06
14.2165
10.0567
2.82209
1.3815
4.35767
4.99247
0
0
6.2223
1.04582
1.99385
1.79094
6.49747
7.10104
31.1189
31.2105
0.00294589
3.09777
2.26601
0.00178946
26.8162
9.31841
8.27587
19.0225
9.60293
28.4621
14.2711
0
0.0298258
3.34859
2.1316
7.37083
0.674415
5.02773
0.000151969
1.1302e-06
28.2907
0.0241729
19.2837
7.82091
4.37978
0
0.274505
0.329543
0.399272
8.32294
29.2445
5.76011
16.3242
32.3969
0.290537
0.252562
0.0207676
0.333228
3.28987
1.93998
2.48543
7.65306e-05
0
1.12302
1.2934
0
0
19.023
3.17934
1.3619
8.5487
2.46634
1.18288
0.13361
22.7618
17.0429
0.732308
2.03862
2.20532
0.962641
1.29991
10.0263
1.23555
2.25156
24.6995
3.84897
0.076941
0.0186391
21.5898
4.87411
0.193537
3.5532
1.47319e-06
8.09677
0
0
5.6856
31.0519
0
49.1983
1.34433
5.45167
0
18.9788
16.1985
6.58936
16.0305
8.15986
1.53377
48.4669
4.66521
0.0275496
1.124
0.416618
12.1536
29.4552
8.95085
10.0629
0.21744
0.760142
0
21.2097
19.5663
66.7696
27.6291
6.09705
13.432
17.9432
7.57037
12.3965
22.3658
2.88926
9.35079
17.5313
12.6927
1.94835
0
20.5598
4.61402e-08
1.81899
4.47781
5.68123
0.00258758
31.0384
14.1736
17.1431
1.1143
18.1095
11.6606
18.8405
22.9243
26.8471
11.377
26.7126
17.8042
28.4822
0.048916
0
0.0712107
10.1673
26.6838
11.4975
20.8534
24.6623
29.2631
24.2532
23.2292
24.4677
61.6901
55.9338
37.3692
10.8751
8.19926
1.01568
1.07301
0
1.07315
1.83778
0.0541861
4.17939
0.127391
10.9156
1.30075
1.80742
11.782
20.9649
0.118038
0.0372242
5.77035
30.5964
21.5388
6.94285
4.29163
10.8421
30.0004
1.18629
0.0256932
19.1185
14.0557
18.0575
32.3207
24.9693
31.7044
0.504809
0
1.52713
23.3362
5.68427
2.84592
2.83164
8.0715
0.0343578
0.0974509
0
2.76792e-06
6.00378e-07
27.552
0
16.1241
2.20847e-05
37.0155
36.1021
1.54501
0
0
27.8621
23.1998
25.9739
24.9281
0.780166
0
40.1633
34.2803
5.28203
0.515159
16.7832
26.7757
33.9795
0.198978
14.0831
21.4249
1.35151
12.9774
0.900717
1.56276e-06
14.1365
0
0
2.05573
0
0
29.856
0
3.58176
19.0829
21.8758
10.9394
18.0802
5.48991
22.7187
0.0106196
29.942
0.312232
16.3213
19.5642
0
16.5807
10.2335
17.7
0
0.128258
2.38577
45.2751
28.1288
2.91959
41.4594
0
31.501
20.8085
23.0081
0.0145785
19.0859
17.6848
24.9605
27.4495
1.28251
1.6531
1.31338
27.1331
0.753939
15.4135
0.201429
0.766779
0.499251
0.201155
28.1194
0.0352942
0.2841
1.83768
28.8462
0
36.0029
23.4629
0.858724
18.7759
0.241517
21.232
7.99369
42.7637
0.14357
0
0.660492
0.0742988
0.20303
0.000442462
0.00718898
0.957895
8.55641
5.9125
2.44775
7.45269
9.84223
2.48588
14.6411
8.31629
0.660944
16.5675
19.5762
23.6088
21.3851
30.3653
17.879
29.4906
0.0272757
25.4211
24.3355
25.9376
33.2477
34.5708
1.70645
86.4656
19.2067
0
21.1836
0.000686037
0.1468
23.3695
0.681943
0.472846
0.0364535
0.31193
0.0325068
0
0.0821116
1.57634
21.2773
1.87206
0.0376894
2.6005e-06
0
0.082262
0.631866
0.0361815
0.00416033
2.43687
0.618395
29.0594
6.05848
48.8718
27.097
0.000134766
0.57862
17.4862
22.8401
0
0
20.364
4.24481
29.0021
30.6409
0.0239877
0.724643
0
1.88252
17.3687
23.1622
0.000510252
0.630496
0.338839
0
0.682849
0.731196
22.3825
15.0898
0
3.60395
2.46061
2.49102
0.549065
3.68796e-08
4.71457
0
7.44193e-07
1.05237
25.3022
60.3882
2.75762
4.01753
52.5354
2.09787
29.5664
27.8597
4.08964
13.1258
0.000297849
1.06313
0.000980151
1.5277
7.22362
6.04933
13.8329
0.106407
6.53507
0.041435
0.134015
0.64737
0.666826
1.61792
0.255398
1.10733
0.0244469
17.4031
24.9982
1.48889
14.2896
0.115426
16.0422
4.1658
0.070986
2.20883
0.00129213
4.70951e-07
0.626401
20.2318
18.4264
20.6216
41.0976
18.7864
17.5558
2.08835
13.4563
26.3118
0
2.59137
0
0.930687
0.010032
3.26636
4.22444
2.79783
0.49128
0.263322
1.73851
9.98475
34.7392
7.93221
9.29237
10.6134
0.00294951
0.32329
0.00235657
0
5.99199
12.8929
0.00372337
0
2.56249
3.17818
13.6062
5.44695
0.781705
0.539119
6.29749
1.93118
0.0418092
10.9404
0.365839
30.1634
0.864899
2.04092
33.5026
24.8605
1.33202
3.34862
18.3454
31.0226
7.9067
12.3408
2.83621
14.1004
7.21883
8.51399
0.780507
3.29379
2.71982
31.18
19.9243
7.90823
0.133765
6.83833
13.3148
12.4732
19.411
13.5266
0.000280851
0.00663444
0
0.123965
0.522314
0.172078
11.4941
0.985592
30.1975
0.269975
0.382917
1.35004
1.21682
0.671239
15.6975
0.97562
2.76709
20.5099
13.3085
2.47444
13.5157
5.2291
2.48894
2.12131
26.4493
18.4336
10.0505
12.0905
0.783233
0
12.5167
7.7305
0.0409011
0
8.89054
0
0.0183123
0.435848
0.0473299
0
0.796216
0.211925
7.88368
2.19617
3.74111
0.00492504
66.955
1.61152
2.86213
2.68032
12.1363
0.287902
4.13808
32.3787
0.00014288
6.85046
38.3444
0.478887
0.810498
70.4403
0.584798
0.647342
2.46534
0.256908
2.27231e-07
0.369305
6.18931e-05
1.36857
14.139
0.0712976
8.41739
0
2.20739
2.11494
23.9231
2.41202
2.10087
0.128332
1.43889
1.58669
1.38598
0
20.7707
0
28.1931
0.000116332
1.08496
5.22109
0.276336
0
8.52775
3.44672
0.00190767
1.42941e-07
12.9952
4.98034
2.73235
38.0106
6.54791
8.54637
1.21229e-05
0.415202
1.44172
0.854015
0
3.9432
0.640483
8.73428
2.90969
45.9502
11.9299
4.23342e-06
5.35189
4.26002
1.26566e-07
0
2.03237
8.72156
0
0.712679
1.29879
1.89542
1.21441
0.618545
1.14611
3.26124
2.05545
1.49103
0.402725
0.000109358
1.60142
0.000927454
0
5.23247e-07
4.68658e-09
0
0
0
1.03669e-05
0.0025146
0.430513
48.2969
0.0436947
2.58174
6.99941
0.191476
9.4549e-07
29.284
2.89333
12.4902
0.0520858
4.42547
4.48433
0
0.951096
1.01148
0.000208857
0
2.2655
2.4932
1.35991
2.23142
10.6529
0
1.10583
15.2145
1.76326
1.12998
21.1396
0
0.776192
9.95983e-08
0.41559
6.52167
0.946195
0.00867503
0.903702
1.55803
0
0.00151316
10.2022
1.02405e-05
1.68149
3.4469
3.85897
0
0.275753
0.375206
0
0.949858
0
3.35472
0.705462
19.8718
0.0240991
0.675356
0.00250028
0.190882
0.445092
0.00524103
0
0.0147012
1.16114e-05
28.018
0
23.7906
5.8249
18.5614
23.0726
0.00269216
12.6358
11.1897
19.95
3.05295
0.247876
9.63308
0.25623
17.9402
0.304532
0.757656
0.707777
0
0.00720245
22.9969
19.695
0.246437
0.00492057
22.5305
6.30144
6.96351
19.2198
5.93482
27.8896
24.1777
41.332
0.181343
5.62712
27.4295
0
34.7485
19.8096
40.8367
24.0881
8.68579
16.8366
14.6847
19.3174
19.7715
23.5238
28.5264
16.3908
15.0057
2.591
8.39237
10.7534
0.0147663
0.000535297
0.0234285
0
10.9754
8.76076
6.20677
0.0213287
2.97289
0.0369202
0.034644
1.58811
3.05052
4.96754
3.99976
3.24472
7.59695
6.36934
3.47036
2.21463
21.309
0.203517
0.0579425
1.76975
7.16726
3.6422
4.02447
0.38277
0.143996
10.0848
0.126431
1.4959
0
0
3.63636
0.395816
0.837581
0.146954
1.82616
0.0248392
0.78647
0
0.550262
0.180298
0.00570735
0.876931
0.0355714
0.384176
0.00176681
0.46337
0
0.0345966
0.00444916
0.13119
0.47642
3.46165
0.413835
3.12061
0.271046
0
0
0
0.991855
18.8074
0.0369549
3.71065
5.70813e-05
0
0
28.3569
0
0
0.908741
0
0
28.8306
0
0.0212856
5.05895
0
0
7.62517
0.0643368
18.0564
0.195082
0.305024
0
1.5262
14.6264
0.744088
25.783
19.0589
13.9099
4.3028
13.6922
14.6641
20.7496
26.2652
25.1379
21.0055
16.736
0.000458836
0.0373191
27.689
20.5207
21.6342
20.756
15.7597
11.0802
11.114
19.0948
27.9122
34.3972
13.4534
24.9684
23.0279
27.7011
19.9596
22.6591
0
26.616
0
18.3423
28.8714
24.3109
33.293
9.7701
34.4727
25.5633
14.4606
0.669786
27.7243
20.745
18.0336
18.8542
36.0293
36.2308
29.5141
18.3002
12.8023
25.8707
12.6106
18.1311
0
24.1868
17.1944
19.0359
0
10.1986
15.8639
1.88297
1.59313
0.714215
0.479062
1.97759
3.05539
8.28794
4.47751
15.648
1.74404
1.62939
2.95671
0.0454593
1.87088
0.884555
14.2929
0.109177
0.0309332
0.756379
17.7571
0
1.97741
2.73897
1.52509
1.97891
0.0111262
4.45684e-05
0.0624708
1.95341
0.00954912
1.46433
1.90866
2.32179
0.731971
1.96828
11.9901
4.59635
27.0994
18.4526
12.2675
39.7494
12.1882
9.21711
44.3302
22.9782
44.4561
25.9505
40.299
19.8383
1.01239
17.7765
20.4278
17.7917
0
23.2361
0
13.19
7.72364
2.05942
13.4861
17.3503
22.1486
2.96133
26.8401
0
0
12.1778
10.1858
3.5925
1.02867
3.77724
0.0897473
1.55911
6.12936
1.43259
0
0.266179
22.3505
1.43971
0
0.0121332
0
0
8.82787e-05
2.23102e-06
5.03224e-07
19.5034
0
0
0.123561
0
28.7694
17.4113
0.0359795
2.17865e-06
19.5262
13.7724
0
5.15909
0
2.74478
0.00160175
0.249003
0.93159
2.2762
1.31484
17.4517
3.40323
28.9174
0.922163
0.781927
0.0966593
0
0.00545494
30.424
0.266238
1.98474
0.0006539
22.0785
0.604258
14.3324
15.6487
22.9137
17.4596
11.5769
27.6252
0.0827232
6.21572
14.6738
3.26447
0.496142
23.1178
1.54193
0.41652
7.14514
3.68213
6.12176
1.28021
32.0332
1.24877
2.84131
3.00049
33.5176
5.58967
4.66292
2.49976
6.49949
11.5477
6.70437
6.59086
10.8375
5.35938
0.762687
0.306986
0.907434
0.481199
0.012161
7.14538
31.674
19.0994
30.327
0.695908
18.427
21.5075
0.856018
14.8558
3.80062
33.7629
4.57712
2.45878
1.65514
44.6001
33.1007
7.20098
25.516
13.7986
0.326903
3.23416e-05
0
0.0347615
0.0253417
0.00350555
1.48481
0.147632
10.3391
11.5812
22.4497
0.0297757
37.6371
0
0
0.0456329
0.250058
0.877836
0.0949662
0.000309408
0.000755602
3.38198
1.10629e-05
3.151
18.6382
0.747717
29.6444
1.3762
2.60208
0
0.00470829
6.96723
10.7183
0.319801
3.80724
5.28157
5.75315
0.0167271
27.2842
14.7344
0.00280969
2.45682
18.3132
0.0294541
0.0353597
5.72133
1.41163
0.00633252
0.500874
31.7155
0.454969
57.2394
18.5354
40.1738
0
0
0
1.49662
0.00258583
19.74
13.3565
28.7631
0
9.79566
19.0919
14.5497
7.39228
2.44182
1.03618
10.3814
3.32968e-05
0.16842
0.0366319
0.002575
0.0718511
6.7116
0
0
0
0
0.00621361
0.696626
0.391844
0
0
0
1.01179
0.411765
0
0
16.1124
0.0217504
0
0
0
0
5.54571
33.9812
0
0
4.97299
0
0
1.80195
0
7.63338
6.39165
10.5463
1.57339
15.6196
4.55176
7.89767
3.44468
12.4656
31.3091
10.2356
4.63519
34.3626
54.5473
79.0141
10.8634
11.8269
20.122
23.2217
18.0297
22.7936
19.7487
17.7628
19.2767
20.3897
24.1523
18.3027
7.98012
15.6257
17.045
19.09
22.865
10.8064
21.7278
24.1606
11.5703
6.85857
3.87643
3.20019
2.05411
1.40877
0.463091
0.832664
0.00096004
2.33204e-05
43.0464
26.051
1.00719
3.82096
3.55754
3.50143
0.0116849
0
17.2986
0.000253737
19.6419
9.27265
1.67978
0.0677161
14.3874
20.7232
2.13001
18.3341
16.9172
16.5343
21.6801
2.47437
16.6171
0
11.332
21.269
17.5762
19.9576
7.45054
11.8911
6.5565
3.96305
4.6105
8.56916
30.3651
13.3378
4.64008
1.88567
5.67697
7.96062
17.1982
10.7907
20.2436
18.7583
6.93335
20.4398
33.4013
26.2215
20.6933
18.5162
7.4969
18.7419
13.8145
12.0806
12.9018
18.1549
17.823
4.41545e-06
0
2.34914e-05
1.7832
6.43134
7.53687
2.30724
3.56267
4.05238
19.8984
9.98516
8.31181
10.6241
6.21087
9.37374
11.5875
4.42269
2.22744
2.83744
6.49699
18.4986
2.70846
40.1148
2.82566
2.53516
4.95047
5.94617
11.0613
1.3819
8.22621
14.23
5.39411
21.1912
9.36263
15.1896
5.24192
18.2418
29.6662
18.106
17.9002
32.4129
6.6044
4.252
9.20025e-08
2.63145
1.52609
6.33285
16.6609
12.8574
13.9885
1.30626
17.8767
17.6626
25.1824
11.5868
17.4551
22.2667
23.7867
33.2741
0
0
0.93744
51.8932
47.2111
37.8709
4.57356
39.5316
3.65747
9.09503
1.00083
3.86876
0.829025
8.57602
30.5745
3.16708
5.25008
100.565
62.9365
32.2962
9.50443
0.0172712
52.8489
7.55644
65.1818
13.8834
13.4463
63.7895
46.3145
35.2326
50.3205
13.3295
38.9128
18.4158
26.6498
18.8315
16.1593
32.8539
24.4723
19.1147
18.8294
34.1951
9.09385
50.9085
22.6963
22.487
16.1695
15.3482
24.3265
40.6915
26.7197
28.7564
0
27.9155
0
19.7345
25.4187
23.6717
20.1171
19.1888
13.2031
29.8271
15.6361
20.0049
27.6734
19.6866
20.1807
7.07545
24.0627
15.8764
12.0055
11.9528
12.5011
10.1641
15.7286
9.94359
15.8309
0.0329947
7.79178
2.75568
26.2766
8.78463
21.7521
2.87801e-06
2.15848
1.98906e-07
18.0157
13.1999
20.3877
0.831519
24.4332
28.4395
7.71364
7.41942
3.19745
13.2069
15.6092
27.4213
3.79887
1.31271
1.44015
32.4116
10.8639
0.212469
0.826205
3.38255
4.89207
2.30658
2.67594
1.87861
1.83057
0
1.28801
1.55128
0.00283075
0.648099
21.6099
0.152403
2.22096
3.46504
1.42731e-06
0.0305603
0
1.19719
1.02413
1.23664
0.861054
0.590647
0.716498
0.976681
0.035634
0
6.12025
0.0110524
0.0120394
2.83782
1.08264
15.67
1.31731
1.09611
1.02548
0.0331553
0.895669
0
10.4641
0
9.15351
0.154003
15.1717
0.891557
16.7827
0.584747
0.0870501
26.4927
0.436783
19.9198
14.499
18.8899
0.00828937
9.19468
0.105198
0.00130621
2.09139
0.944817
6.63627
24.8666
0.948418
0.0115314
42.2433
0.24387
0.000375726
2.50124
0.645294
1.32283
0
0.167066
0
1.09757
1.49085
1.86734
0.000229189
16.1988
1.36359
2.43483
8.97123
13.0547
1.9794
12.5224
0.623681
18.5406
25.1831
13.8296
4.94223
0
0.00470008
0
4.9014
35.3587
0
2.1144
0
1.57866
0.768403
0.0802564
0.510326
9.98335e-08
0
0.0168111
2.11345
0.882545
1.9653
0.302869
0.540539
0
3.19996
0
1.33728
0
0
3.2828
0
0
0.0306595
0
0.848265
0.695334
3.12055
23.8489
18.5352
29.5343
18.8921
31.469
9.69968
4.29677
0
0.63727
0.871077
0.614828
6.74812
2.31093
5.77294
0.992596
3.62355e-06
23.4358
58.5224
44.1632
21.0943
3.46631
10.2166
24.1921
23.3813
1.84802
3.3861
18.8469
1.90153
16.5487
6.63923
6.87446
0.0343831
23.0715
6.34269
27.7501
1.47882
7.41931
1.46311
20.9491
0.0434506
36.7263
50.9663
0.50986
0.0131808
1.19352
1.23691
0
3.13226
0
0.166638
0
0
0
11.4012
0
4.99256
0.296908
21.6857
3.47355
3.84624
16.6913
18.3168
14.9387
5.07298
0
14.4381
29.8754
25.3719
24.4322
21.6911
22.5641
25.9597
0.329306
15.9942
0.00625906
19.1067
17.1666
13.3123
5.69523
0.833827
16.5691
12.4734
23.0563
11.7306
27.6383
26.0544
7.72398
2.36977
19.368
15.5181
6.25448
7.6808
0.974176
7.66178
28.2097
1.88757
3.6881
31.7149
0.409328
13.985
2.38612
0.0809594
0.894866
0.153962
15.6307
0
62.8861
14.6741
24.1245
13.8145
15.0429
14.9263
4.33561
5.6638
0.0170807
0.888557
8.2426
6.83213
10.2309
17.5597
23.2639
20.935
23.6015
23.8498
24.6577
0
0.0279691
24.9487
0
0
0.0521168
10.0633
0.199078
15.6568
15.7004
1.02048
0.56552
2.82545
2.78956e-07
0.414279
1.57475
1.5098
1.86141
0.363651
0.0241747
0.0186733
17.9508
4.22146
1.30033
7.5033
8.05027
0.640611
14.6417
3.99951e-05
6.01535
0.335787
8.69568
0.871612
0.594163
7.68881
0
0.0910516
0
0.922379
0.0176759
1.4891
0.0549057
0.176712
0.214379
1.03204
0.368388
5.78716e-06
0.241083
2.60445
0.20484
0.00187813
2.29877
2.41712
10.8162
3.72061
0.000471104
0.878472
3.94943
0
0
0
0.00040922
18.3061
1.37455
16.8172
11.8777
28.2251
24.7655
23.0984
10.0545
17.3864
4.12057
6.84138
18.3733
0.346665
26.2719
7.69333
0.471566
0
13.4615
0
9.20918
9.42832
20.1792
4.96146
13.0394
19.5525
0.843731
28.8997
16.5709
29.1126
27.2883
2.24796
21.2607
0.262044
26.0851
10.2858
1.24872
8.61962
5.51908
4.0758
0.0232812
0.000218732
2.78409
4.53007
6.64912
8.7425
2.16129
0.0299529
15.609
8.80501
19.763
16.1303
11.6991
31.1316
23.2274
13.2797
20.1961
23.9239
29.8133
28.9663
24.0929
0.074362
5.23475
0.273381
0.0217164
9.18652
14.3926
4.72654
9.66331
15.927
18.2085
11.9481
30.2324
1.03364
0.0505076
21.1473
16.2678
0.00557233
16.4064
0.000926163
2.25915e-05
9.80845
3.48807e-08
0
0.10751
16.9135
6.53477
10.1522
0.0057981
0.938075
2.06841e-06
9.86017e-06
9.86092
0
0
0
0
0
0
5.66113
0
0.0441301
1.79891
0.95255
4.87884
0.107735
4.26167
0
0.905959
31.2504
17.8266
32.5174
14.9787
20.2511
24.7476
44.2806
24.4473
0.723588
27.3147
22.5824
15.9424
9.79183
32.2828
23.7009
49.7883
22.6268
0
42.0101
27.067
24.1053
0
13.7507
15.3556
51.8928
22.0422
15.6027
20.6886
36.8158
1.50767
0
4.24955
2.57286
13.8927
1.96447
16.5119
22.8142
48.8706
23.0942
25.6641
1.07035
16.3614
0
13.3455
20.4144
29.5644
11.9572
29.7289
24.9935
52.3858
19.6737
32.1273
27.8609
23.5694
35.9682
0.0793934
21.469
8.30333
17.4962
0.413425
19.4102
13.0489
19.5073
20.6839
8.4203
25.8887
39.7122
0.87603
11.629
12.1281
8.59482
21.0113
25.7396
0.00780025
7.01532
3.64065
6.87616
1.95945
1.81732
1.46935
1.34588
1.27218
17.8471
2.1138
30.1327
35.1623
20.9802
17.2357
2.09257e-07
8.70525
35.1506
0
5.50759
9.12039
7.99284
0
20.6684
15.1113
13.4008
15.4199
10.8455
17.0005
17.0069
10.9669
14.4979
20.9551
13.5396
15.3759
16.6245
31.0631
12.7707
38.6675
50.3524
0
18.4095
14.7792
34.3809
8.803
2.33247
21.3363
4.05129
29.6189
9.58347
22.2367
44.0074
26.5653
32.1329
28.9233
27.1288
8.77633
15.0795
12.1986
33.2896
44.405
20.5052
0.000144925
10.6199
31.9144
28.1698
48.9199
9.74916
0.974182
22.6534
0.210466
32.5009
24.308
0.0478368
19.136
2.30802
21.8524
13.2221
13.7122
0
3.79228
9.60025
13.2865
20.7487
11.597
4.49398
8.15376
0.675842
12.9184
32.9076
6.37251
13.6803
16.43
1.40878
13.9394
6.49575
19.33
8.77165
5.47381
20.9817
17.7384
27.9155
28.6245
25.2417
20.6417
0
13.3738
0.152542
16.7034
1.15725
1.3832
43.2193
1.71241
0.197756
64.335
2.07003
44.9695
0.838771
24.3375
3.5281
1.99734
20.2511
0
0.0780791
0.00498583
0.00359201
0.107948
44.0217
11.3942
16.1945
16.6349
22.0076
27.7894
10.7221
3.19886
2.58826
1.63027
17.1534
20.2638
0.0452224
29.3548
32.1704
1.58147
9.55107
0.563463
10.5753
11.6586
2.66319
8.47559
0.253751
3.66129
15.3117
0.271652
4.34538e-07
0.52797
1.81853
0.280719
13.0704
28.8017
15.113
0
6.37152
23.1569
8.48358
15.3763
19.9229
12.1308
9.75268
15.644
16.0279
22.6291
12.6672
0.0012077
17.7481
20.2877
20.4218
19.7962
0
35.7334
20.905
24.6911
4.67707
6.82221
9.06527
93.5931
14.9796
19.1622
11.069
142.52
11.3936
7.66582
13.7529
11.1866
10.7896
10.8173
6.70861
23.847
19.7411
12.36
10.3023
9.6061
7.53879
23.6709
14.4432
14.7828
0.467016
0.00195007
19.1176
25.5737
1.29281
0
0.0303023
0
3.64072
1.33546
1.40847
0.739214
1.45968
2.07465
2.11666
0
13.266
0.000273968
4.98792
10.3058
0
0
7.86823
1.57062
14.2825
0.000803838
5.15819
1.56526
0.0966337
1.70009
1.10096
2.04506
0
2.72599
12.8454
6.42275
0
0
1.0874
0
0
0
0
23.537
8.56272
19.0151
0.443196
9.10532
1.00205
38.7079
5.76358
5.20741
6.07218
9.54418
7.03021
12.4756
2.48438
0.0994203
0.190561
9.82666
15.3023
4.25569
1.43815
19.2271
35.0365
51.2248
29.4581
13.6515
1.2823
20.5116
0
2.19999
12.9431
13.0628
7.37993
9.29739
5.72755
7.40186
17.0594
0.598622
5.12901
13.2916
10.5778
27.7357
25.0838
28.1047
25.4904
7.68175
7.97777
17.3246
11.0688
24.7479
24.1509
26.5672
14.7752
3.36812
18.8245
8.91077
5.07983
0
0
12.3431
7.89029
4.17
1.47753
1.22573
45.9971
38.1129
0.00167922
4.43314
8.07947
11.0434
55.9401
14.0813
6.64866
0.519766
0.00568903
4.22109
6.19943
8.40738
7.49684
51.3901
17.1514
14.4869
19.0735
0.837398
0.630648
1.92548
13.8962
23.1073
5.57812
6.5554
1.38541
24.454
6.83543
3.68502
13.2101
0.322593
3.37203
1.08416
33.1386
33.5047
10.0056
0.493726
13.7044
29.7062
1.5897e-06
0.0827246
0.172758
0.782503
0
0.869834
16.3355
5.58959
4.62972
0.0284099
0.151852
0
16.5527
0
20.7136
10.1701
0
21.7421
4.54821
0.11406
1.69938
4.14709
2.6802
2.60449
0.452583
0.432509
0.137054
0.000449057
0.329211
0.127107
3.06784
1.13649
3.81126
3.91376
3.90007
1.03515
0.211755
1.48673
13.7692
12.3197
9.97041
19.4634
9.50393
5.51527
22.3448
18.7197
9.19004
7.03048
39.097
2.25938
1.72461
6.94114
2.5619
0
2.99808
4.45277
3.36265
13.4851
9.53881
1.14414
7.4269
19.0831
0
0
0.0965186
0.788152
0.019939
0.982932
0.212874
0
1.47219
1.01071
1.87377
1.63384
1.79614e-07
2.59139
0
6.99593
0
29.4182
4.92052
10.7766
16.6388
42.7833
26.5465
24.3959
10.2964
9.23452
34.1466
18.4131
3.27452
14.492
44.8348
1.90609
3.49283
10.5303
1.37476
43.0034
18.3738
10.0339
14.3972
27.6744
4.43648
15.4482
0
6.68892
0.0102389
8.8498
1.71834
0.733745
21.619
28.9588
0
19.0038
11.0737
22.4667
31.9202
1.33797
14.3262
28.3301
24.4815
14.3943
24.8578
26.3745
3.23912
11.0886
14.5092
5.25691
0.930123
0.22539
23.4434
0.439783
2.49419
2.35154
2.03449
2.02931
2.81791
1.59355
1.34698
2.05447
0.311461
1.75183
0.125141
0.00634104
8.92712
0.160756
2.04402
2.46941
0.0140013
0
1.18088
1.07466
0.977819
0.607645
0.996142
1.02807
0.911802
0.0211111
0
0.000961774
0.0158256
2.58765
22.5506
0.287625
17.3643
10.1598
4.64268
5.62275
10.079
0
0.102706
0.28715
21.4318
0.00454604
1.61862
8.41075
39.3527
0.175532
2.68767
20.1106
24.2892
26.7452
13.9475
16.3867
30.4769
0.461478
25.713
35.5402
0.570242
0.342417
13.0688
0.0218452
1.92808
13.9305
0
5.56483
3.36771
23.4744
0.555901
0
0.0191949
0.325813
10.4001
0.323209
0.633196
0.00249472
0
6.66628
56.7368
26.0249
31.3548
1.28342
32.0935
20.9251
1.104
29.7345
21.2798
34.4296
5.7303
0.947467
0
23.3945
3.80737
1.09625
0.468477
2.94727
1.92447
0.565422
20.8288
1.14383
2.27763
23.7697
0.00480479
0.0664917
0.162204
0.0267347
12.4009
47.0868
0.76329
0.0992818
1.45895e-08
0
0
0
25.3111
0
1.15574
10.8871
0.101774
0.0227942
2.72777
0
0
0.000417735
18.5989
14.6043
0
0.0220642
0.842701
0.0331863
19.6463
0
0
0.745273
5.59556
1.48033
0.0307689
0
0.150946
0
1.32077
1.64848
0.649808
0.497008
0.322953
17.3135
0
0
17.5924
0
0
0
0
0
0.0736762
0.94501
0.00767598
0.71791
0.0431785
1.08004e-05
0
0
33.286
0
0.153185
0.763441
0
0.938167
0.960128
8.14494
0
0.180354
0
0.267318
7.81651
13.2573
4.39102
4.0527
4.74087
0
9.94783
9.12374
15.037
3.06764
0.592606
6.01014
9.35466
23.8918
2.77366
2.13778e-05
0
5.38226
0.191238
2.74693e-06
1.6901
0.00016486
1.68925
1.29953e-05
0.00132004
0.379885
12.3089
0.937952
17.2698
4.04939
6.20858
1.4705e-06
0.0860383
0.183427
10.5755
2.62684
2.60018
12.2461
18.4831
0.0726189
1.95284
0.0621551
0.537165
86.4731
2.17604
0.945811
11.1079
0
0.119734
1.95393
65.2422
0.014558
3.84603
21.617
0
0.0345848
3.02851
0.088341
0.0156078
0.152791
0
1.31776
0.140599
4.21785
7.87501
1.8625
0.644127
25.6313
6.73969
0.00925348
3.08195e-05
2.15791
0.0622982
0.304393
25.0445
5.73649
2.54656
0
4.44078
23.6879
15.3009
18.3483
0.654817
14.3425
21.6406
21.7324
23.7573
0.44827
1.17542
14.7698
2.10915
28.79
2.8342
5.35907
20.8072
0.890718
0.302693
1.18979
0.0938257
19.7882
2.06901
2.97131
29.61
32.6743
1.01017
18.0594
12.1911
4.40678
17.6974
0.0371423
20.007
25.315
0.197061
4.88955
27.5279
17.6326
2.06847
2.65727
32.8167
15.2904
23.199
14.7611
27.3687
12.4755
21.1296
21.3846
0.691531
28.4563
0.392674
7.66448
23.8656
17.096
13.0181
0.371521
0.389134
3.78464
1.18848
1.37576
2.8272
0.50591
0.610294
0.993598
2.26133
3.49274
0.827156
0.756941
0
0.047724
0.667683
0.686709
6.02507e-06
9.58255
23.5554
2.66237
1.08137e-05
1.97718
16.5632
0.107034
0.00798782
31.3158
6.74019
9.28933
9.3378
30.3834
0.203557
3.48424
0
0
30.7934
0
1.68011
22.0425
2.13099
0.0719057
32.8125
1.85853
0.411261
0
1.62222
27.665
5.14166
1.32077
23.1141
1.41826
1.78799
18.9409
17.0737
10.9809
18.47
3.86016
18.8668
22.3483
12.1734
8.89854
2.4001
7.81736
0.406615
0
2.77843
15.3887
0.439166
11.8246
16.0105
2.57386
11.8669
17.523
29.3787
9.145
0
0.00081522
0.0131554
0.0358881
0.0158006
0.542893
0.794846
0.9766
0.0707247
0.8703
0
0.255775
23.4905
29.1615
0.772061
33.6677
14.2001
9.07582
11.8865
7.95093
17.0569
1.21651
14.8566
7.49916
17.0637
17.3132
11.8571
18.204
11.2039
18.2402
5.0063
22.4444
24.9747
50.6858
17.9673
0
10.9685
27.2719
18.2856
0.406533
0.612956
0.998601
0.336305
0.379485
0
0.748382
24.6219
0.0436958
0.252047
19.2041
12.5066
25.558
29.0499
26.3758
1.19799
0
0.00720283
0.119664
0.224855
0.257662
21.6822
0.447338
1.35609
0
28.6627
21.6706
16.2807
8.07513
14.5769
4.08808
0.0126834
0
3.47554
0.342172
0.590068
4.3431
3.59718
3.7771
3.02009
0
11.7089
0.172818
1.15709
2.73261
4.31737
0.87962
3.36245
2.46516
1.72145
4.3833
0.978037
0.0902641
0.0692515
1.00484
11.8981
0
1.03784
0.153451
20.5462
8.30827
0.00157335
12.0858
0.0218805
21.9822
0
3.88133e-07
24.8445
