0.000113137
0.871611
0.0560415
0.00134327
0.00622076
1.60799
0
0.149657
0.94077
1.76735
0.440444
3.10874e-08
0
0
0.67582
0
1.26583e-08
2.66403
2.52281
0.744846
0.0194884
0
0
0
0.0675195
0.141224
0.874364
0.0469095
0.548104
3.23539e-08
0.768649
0
0
0.89774
0.0120215
0
0.0919147
1.82227
0.460749
0.687023
0.0753655
8.00678
0.406043
1.73289
0.125626
0.194162
4.87317e-05
0.680238
0
1.26032e-05
0
1.36952e-05
2.38966
1.40089e-06
1.16601
0
4.61963
0.746634
0.0100456
0.379647
4.00837
0.002392
1.92968
0
5.70792
0
1.90628
0.348775
0.566424
0.918055
0.0598338
0
0
0.0214065
0.62185
0.727739
0.0161954
0.393195
0
0
0
0
1.02839
0
0.702751
0.0036578
0
0
0
0.0018875
0.349413
0.251268
0.000103586
0.693208
0.911802
0.120962
6.44087e-05
0.00848038
1.75976e-06
0
0.23837
2.21871
0.0273237
1.20713
0.00182476
5.95038e-06
0.945007
0.0215588
8.56256e-08
0.0159082
1.99619e-07
0.650556
1.47181
0.287243
0.821368
1.03145
0.771667
0.265904
1.18415
0.450272
2.20185
7.74804e-07
0.190909
0.632338
0
0.0100252
0.196789
0
0
0.808116
0.000457455
0.00314505
2.14785e-08
0
0
0
0.34662
0
3.33341
0
0
0.0735867
0.980067
0.00179473
0.00537897
0.0168918
0
0
1.18439
7.8125
0.00692815
0
0
0
0.560858
0.132136
1.7811e-06
0.079347
0.975767
0.0433279
0.364937
3.00853
0.000829027
0.760689
0.0057468
0.0299313
0.0750721
0.596359
0.495345
0
0.192809
1.73589
0.0193458
0
0.261548
0.290537
0.00727849
0
0.196912
0
0
1.11829
0
0
0.948287
0.286943
1.32314
0.465861
3.67294
12.3659
0.352595
1.17504
1.16707
0.545684
0.000301087
0
2.5132
0.738793
1.31313
0.366142
2.35392
8.57659
0.737675
3.57756
1.13687
1.48327
1.49238
0.0895054
13.0323
0.621598
6.9894
3.74417
0.13405
6.48641
2.67618
2.29723
0.0110175
5.15629
3.4975
0
1.13156
0.0934515
0.48798
0
3.0087
1.51244
0.89269
1.47983
2.323
0.00118709
0.2494
0.600659
1.03627
0.0474135
1.10979
1.34944
0.65753
0.00426013
0.852553
0.999002
0.00862509
0.669449
0.0780485
0
0
0.00545894
0.0629635
0.121616
0.0619886
0.818731
0
0.00158816
0
0
0
0.0303501
0
0
0
0
0
0.263861
0.523506
0
0
0
0
3.55855e-06
0.000129425
0
0.707495
0
1.41641
0.956222
0.843971
0.000185711
0
1.32603e-05
0.550586
0.801793
0.19951
0.152369
0.00656941
0.0367737
0
0.0416603
0.24321
0
0.284898
0.829734
1.44936e-05
0.922203
1.15438
0
0.393964
0.261367
0.0114174
2.61356
0.0105146
1.3132e-07
0
0
1.22221
1.34426
0.622842
0.86315
0.717828
0
0
0
0
0
0
0.328406
2.66025
1.84143
1.68448
0.365195
1.75034
0
0
0
0
0
0
2.39337
0.0124098
5.82902e-06
0
0
2.53148e-06
0.893039
0
0.103671
0.948545
0.0884829
1.85891
0.00106399
3.08784e-07
0
0.0523408
0.36378
2.40973e-05
0
2.59293e-07
0.000174867
0.287349
0.01205
0.0193447
0.0228388
1.95789e-05
0
0.00640861
0.158579
0
0.602149
1.32351e-05
0
0.0238435
0.000447803
0.024181
2.6954
0.590931
0
0
0
0
4.46425e-05
0.172094
0.0120812
0.0123118
0
0.699638
0.00109373
0.139025
0.203087
0
0.847788
0.690791
0.608215
0.309514
0
0
1.78412
0.00870964
3.60837
0.483373
6.19264
0.350973
0.0383949
0.887524
0.0646865
0.733257
1.44606
0
1.9254
1.08943
0.985236
0.294315
6.34518
3.33228
10.5313
2.26941
1.64888
1.70243
0.149357
1.02778
3.71125
0.283361
0
0.000786416
1.39227
1.11442
0.0152587
9.28968e-06
0.0342941
4.30063
1.19771
0.500489
0.170725
0.00127859
0.825157
0.664896
0.861731
0.943704
0.172486
0.735845
0.775633
1.5386
0.797151
0
0.551105
2.31149
1.6446
0.151587
1.16498
0.0614659
0.00018009
7.14062e-08
0.874366
0.468646
2.40498
0.0115092
3.57527
0.455175
0.0225964
0
0
0.623635
0
0.373362
1.18431
3.9139
0.245503
1.45115
2.0016
4.20732
0.444391
1.44488
1.35212
0.0279745
0
0
5.77073e-06
1.12501
1.47208
0.140212
0.189638
0.503089
0.0100991
0.965155
0
0
0
0.733105
0.251131
1.27368
0.00059644
1.38695
0.0184042
0.726129
0.00012673
0.0109095
1.62518
0.112874
1.71606
0.939681
0
0
1.69887
0.798504
0.0371825
0.467445
0
0
1.1825
0.00156353
0
0
0.00304945
2.40831
2.56461
1.40201
0.00480921
2.03352
2.61553
2.0832
0.233226
0
1.51977
0.835258
0.93117
0.344177
0.0110641
3.95581
0.0350412
0.139384
7.27691e-06
2.44511
1.00503
0.157759
0.207005
0.0196606
1.01214e-07
0.023523
2.32095
4.72971e-05
0.910987
0
0
0.342304
1.07864
0
0.23128
0
0
0.520006
0.0657949
0.000177826
0.90124
0
0
7.12097e-07
0.58221
0
0.0419889
0.0125356
7.16422e-08
1.53751
0.114724
2.09104
0.911546
0
3.26884
0
1.42511
1.84533
1.9501
0.534503
1.71878
1.66051
1.0467
0
0.861716
0
0
2.07866
0
1.21525
0.000656582
0.639608
2.16383
0
0.0116152
0.0027236
0.717111
1.09767
0.0741963
1.3212
1.74361
0
0.0946118
0.000448523
1.05245
0.657996
0.000614125
0.120244
0
1.77521
0
0.00464925
0
1.15491
0
0.642582
0.30065
3.83189
0.000866506
3.8274e-09
5.10345
1.66924
0.767263
0.754436
0.00321973
0.602326
0.014513
0
0
0
0
0
0
3.42881
0
1.27299e-08
0
0
0
0
0
0.00957159
0.303412
0
0
0.0085775
0.0397116
0.0121015
0.70251
8.76468e-07
0.00348927
0
0.0445664
0
0
2.05492
8.06553e-08
3.52538
0.055496
0.0266781
6.23689e-07
1.86672
1.09651
0
0.191595
0.0132534
0.261654
0
0.000405431
2.89324
3.27249
0.0464882
1.82398
0
0.73865
1.06498
1.7659
1.69239
0
0.0464116
0
0
0.00768855
0
0.0146701
0
5.11795
2.5743
3.25454
0.869262
0.895198
0.0181694
0.266511
0
2.38092
3.93929
0.346411
0.703749
7.30045e-05
3.77887
2.66884
0.0275996
0
0.128286
0.826108
0
0.000304584
0.875012
1.12057e-07
0
0
0.41892
2.48758
1.01783
1.46124
4.50505
0.008683
0.0700248
0
0
0
0
0
0
0.00977307
0
3.01294
0.0139601
0.0438299
0.000181922
0
0.0975096
0
0.0124095
0.239137
0.372455
2.60483
0
1.97399
2.48484
2.77704
0.716304
1.03075
0
0.656081
1.10527
0
0.115403
0.014294
0.0281649
0
1.61891
4.44991e-07
1.41325
6.2745
0.967651
0.0258665
3.66016
1.43567
2.79632
0
0
0.192249
0.0733051
0
0.0376047
0.0803354
0.0994832
3.67108
0.0776271
0.000162778
0
0
0.861181
0
7.0736e-07
0
0.795616
0
0
0
0
0
0.0312958
0
0.930684
0.0826316
0
8.01646
6.01325e-09
0.00387108
2.84132
1.59494
0.250098
0.000145788
1.93102
0.0277948
3.53777e-07
0
0
0
0.107383
0.229046
0.0110762
0
0
0.0316468
1.66991
0.0110433
9.20893
0
0.980177
0.0623535
0
4.42444e-05
0
0
1.03331
0
0.00749016
0.662852
0.953223
0
0.635206
0.316376
1.08403e-07
2.50801
0
1.01155
0
0.00534624
0
0.975928
2.33508
1.38149
0.900741
0.147929
4.80853
0
0
0.000633683
0
0.383962
0
0
0
0
0.000467199
0
0.183569
0.0183611
0.0105513
0.144516
1.48346
0.860568
1.43038
0.107642
0.336161
0
0
0.00739481
0.18635
1.35184
0.258166
0
0
0
0.140542
0.351468
0.0109408
1.00284
0
1.15677
0.991549
0.851693
0
1.08056
1.48038
0.000521312
0.621559
6.09318e-07
0.000278956
1.14482
0
0
0
0.139726
4.02592e-06
0.449719
0.212852
0
0
0
0
0.444744
0
3.66241
0
0.159261
0
0
8.51175e-06
0.507341
5.78622e-06
0
0
0.0138329
0.0808943
1.16144
0
0.316431
3.02322
0.95569
1.46705
0.0439468
0
0.509948
0
0.00116121
0.0486221
0.029488
1.14826
0.0804121
1.3866
1.55058
0.387142
0.00655216
0.350041
0.420831
0.000177093
4.0465e-06
0.0618703
0
0.0820676
0
0.532873
0.416306
0
1.71614
0.00364061
0.44385
0.0431433
0.438556
0
1.55738
0.205955
0.0334357
0.130264
0.0294944
0.300681
1.64062e-06
0
1.98504
0
2.39286
1.73615
0.419718
0
0
0
0.79105
0.616953
1.96245
2.64562
0
0
3.79582
0
0
5.89979
0.923198
0.856313
0
0
2.20352
0.000170703
0.00127207
0.625067
1.27564
1.56219e-07
0
0.0891479
0.0337349
3.12985e-06
0.226754
0.425578
1.30116
0.616695
0.978112
4.11558e-06
0.0028469
0
5.04309e-08
4.63775
2.04201
0.0126142
0
0.6414
0.504312
0.00180733
0
0
0.000321852
0
0.00693196
0.568574
0.0679578
0
0
2.48159
0
7.79522e-05
0.0979798
0
0
0
0
0
0.0492951
0.164368
0.443578
0.83437
4.35604e-05
0
0
0.505867
0
0.0768696
0.0430949
0.960765
0.00189108
0
0
0.93432
0
1.37914e-06
0
0.011796
0.181347
0.0482855
0.0101162
0
0.060367
2.34879
3.25526
0.000168931
0.471081
0.11546
1.90093
0.0881949
1.83852
0
0
3.71149
0
0.947163
0.00101445
0
0.0367986
0
0
0
0.765561
0
0
0.760932
2.72658
0
0.393683
0.000357362
3.85981
0
1.11562
3.47432
0.931812
3.26781
0
0.900469
2.34773
6.67025e-06
0
0
0
0
0.548159
1.46836
1.54222
0.00119269
0.0672576
0.029138
0.620936
0.104195
2.98037
7.0541
0
3.19906
0.00218574
2.90847
4.36732
0.660883
1.08698e-08
0.588576
0
0.561884
1.72658
0
2.13696
1.45337
0.759102
0.228195
0.99799
0
2.26025
1.48109
0.233058
0
0
0
0.000438202
1.96715e-06
1.55345
1.48937
0.778785
1.65582
0.824935
0.0518596
0
0
0.256683
0.837634
0.262363
0.96943
0.16076
0.0194723
0.147099
1.72413
1.42159
2.53662
2.46936
0.808657
0.786897
1.96444
0.00487112
0.823771
0
0.961552
4.12575e-06
0.818629
0.00214749
0
0.157144
0.927035
0.0701791
1.06707
0.830238
5.32566
0.000379056
1.84133
1.76035
0.53213
1.03116
0.104953
1.61967
7.24925e-06
1.85625
3.72473e-05
0
7.38175e-06
0.409469
0.37734
1.16868
3.31462
0
0
0.829724
1.46722
1.2764
0.0912569
0.143402
0.0425927
0.359155
0
0.0284507
0
0
0.36069
0
1.65217
0
0.608078
0.998722
0.861817
0.424632
0
0.911741
0.167882
0.784151
2.39496
0
0
1.85452
1.67592
0
0
2.59134
0.019597
0.0272084
0
3.26202
0.676533
0.485412
0.82371
0
9.24529e-07
0.272525
0
0
0.777083
0
0
1.42127
1.72094e-05
0.817151
0.00522352
1.55715e-06
0.451401
0.00502886
0
0
0
2.07396
0.523843
0
0
0
0
0
0.884739
0
1.27684e-07
6.30709e-06
3.44545
5.16728
0.000927506
1.14953
0
0.00482649
0.469235
3.86468
0
0.733112
0.304979
3.89934
0
0
0.00847122
0.816926
0
0.0150729
0.0461798
0
0
0
0.0683438
0.642334
0.0581363
0.00951354
0
0.339371
0
0
0.00147757
2.02422e-08
0.079364
0.0229865
0.951641
0.694198
0.0435103
0
0
0
0
0
0
0
0.00960659
3.69773
0.0158127
0.0084708
0.0812637
0.611317
0
0.0603694
0.67674
6.66119e-06
1.83092
3.07825
2.84153
4.72986
2.71353
0.807865
3.10987
0.673556
0.0507586
3.79988
3.09182
1.40052
1.8796
0
0.474327
0.85532
0
0.667285
0
8.0665e-05
0.69376
0.00228599
0
0
0
0
0
0.675274
0.0664952
0.315622
3.01945e-05
0.18829
1.62987e-05
0
0
0
0
0
1.42256e-06
0
1.3822
0.76914
0.555515
2.31653
0
0
2.0906
0.138164
0.0286076
0.00190737
2.50046
0
0
0.0310107
0
0.195229
0
0.188067
0.0126517
0.0723864
0
1.24969
0.000101497
0
0
0
0.178731
2.09028
0
3.05285e-05
1.22399
0.921805
0
0
3.48457
0
0
0.0214205
1.57115
2.91433
0.665521
0
1.49602
0
1.04835
1.32292
0.523452
0.73137
0
6.27671e-07
0
0
0.568952
1.05389
1.04079
0
0.0330886
0.01241
0
0.459184
0
0.0109212
0
0.0616192
0
1.83837
1.38
0.782085
4.50101
0.0137458
0.0937682
0.0227936
0.00406232
0.499349
0
0
0
2.97706
0.556541
0.149928
2.46824
1.69649
1.22414
0.00409618
3.91914
0.524356
0
1.63927
0
0.0300198
0
0.0227065
2.87873e-06
0.0856351
0.0345016
0
0.912624
0.00798392
0.642062
9.68559e-07
0
0
0.000264516
9.87325e-06
0
0.910393
0.964757
0
0
0
0
3.10402e-06
1.75085
0.00577175
0.216249
0.000659878
1.19035e-05
1.66979e-06
0
4.67625
5.20718e-07
0.926712
0.00433732
0.219871
7.61297
4.55932
0.108342
0
2.68624
7.83071
0.477857
1.1367
9.47484e-06
0.741271
0.675381
0.348743
0.0285496
1.56571
0.0229086
0
2.15165
10.4385
0.00972937
0.0200027
0.0783826
0.639779
1.5932
0.0236909
0
0
5.34183e-08
8.35549e-08
0.00113183
5.49137e-06
0.521198
0
4.23864
0.801258
0.000113837
0.155111
0.0604868
0
0.979673
0
1.05434e-07
0.697801
2.4132
8.57237e-05
0.641493
0
0
0
1.72337
1.62834
2.35502
0.248092
0
0
0.559392
0.793374
0
5.49847e-07
0
0.0264996
0.0404677
0.508133
0
0
0
0.000292588
1.24812
0
1.11808e-05
0
9.07584
0.00157309
0
0
0
0
0.834973
0.125803
0
0.0410878
1.52199
0.0951637
0
3.61648
0.0653436
3.87616e-07
0
0
0
0
0
0
0.119518
0.141282
0.000323741
0
0
0
0.335376
0.00744518
0
0
0.000433679
0
1.35673
0
0.110518
0
4.32981
0
0
0.347168
0
2.48317
1.91917e-05
0
0
0
0.114063
0.820747
0
0.022182
0.00362799
0.104039
1.05613
0.0211275
0.0485903
0
0
0
0
0
0
1.66049
0.115042
0
0
0.227778
0.00583442
0.124434
0.000227648
0.0380921
0
0
0
5.81121e-07
0.0228752
9.03949e-06
0.00466712
0.000662705
0.393428
0
0
0
0.192545
0
0
0
0
0
0
0
0
0
0
0.0652594
2.21526e-08
0.272353
4.07917e-05
0
0
2.28749
0.0026606
0.165474
0
0.834616
0
0
0
0
0
0
1.34618e-05
0
4.05473e-07
0
9.13356e-08
0.937946
0
0.489005
0.0835744
9.84624e-07
1.79747
0.835014
0
0
2.95808e-07
2.10217
0
2.80873e-07
2.67172e-06
0
0
0
0.456017
0
0.879706
0.251502
0.201846
0
0.0001642
0.654305
0
0.925028
0
9.99744e-06
0
2.08504
0
0
0
0
0
0.0423359
0
0
0
0.589933
0
0.924516
0.118553
0.162196
2.2084
0.710679
0.0571231
5.31813e-07
0.202676
2.05747e-06
0
0.743686
5.30898e-05
1.65019
0
0.820268
0
0
0
1.509
4.46571e-05
0.00815565
0
2.08265
0
0.000236685
0.0678025
8.19012e-05
4.33858
1.67088
0.516557
0
7.78198e-06
1.07767
0
0.416335
0.676495
0.416565
0.330063
1.04235e-05
0.0231215
0.595121
0.441044
4.08739
0.0130318
1.1345
1.64141
0.550579
0.402826
2.58447
0.179864
0.12842
0.404613
0
0
0.205438
0.404433
1.08296
0
0.0245425
0.422523
0.881599
0.168293
0.0272783
0
0.952979
0
0.169342
1.73843
0.478792
0
0.0185616
0.000619344
5.06841e-06
0.610238
0.23856
0.105158
1.38531
0.0788452
0.000804361
0.255939
0
0.336593
0
0
0.0643091
0.0470444
0.0112903
1.93825
0.228551
2.18688
3.55094e-05
0.138744
0.387295
0
0
0
0
0
0
0
0
0
0
0
0
0
0.0247245
0.303473
0.0504026
0.906683
0.48557
0.532628
0
1.45227
0
0
0.0148047
0
0
1.12922
0
0
0
0
0
0.000184604
0
9.16021e-05
1.35869e-05
0.14811
0.745426
0.000294675
0.000363289
1.41045
0
0.0868641
0.59588
0.0458782
2.56083
2.49973e-08
1.39097
2.5428
5.578
3.62709
5.51673
4.9137
2.82582
2.71428
0.644872
0.855031
1.01463
0.000208325
0.0203161
0.249944
0.0403236
2.64774
1.96191
1.96797
2.59384
0
1.14069
1.9966
2.45503
0.73998
1.1849
2.44171
2.75844
0.760923
3.17157
0
2.01779
0
1.24911
0.00952189
0.16218
0.83116
0.102804
3.44866
4.9788
1.65712
0.259955
1.77551
0.950223
0.466937
0.731761
2.71974
2.07525
1.54837
2.49209
2.73152
4.61074
0.143796
2.21267
0
2.26538
3.65481
1.46775
0
0.920004
4.60957
0.0749609
0.634048
0
0
1.34451
0.0303818
0
0.631207
3.89179
0.754812
0.721527
0.000337205
1.10819
0.0132011
0.794673
1.6851
0.637548
0
0.198456
1.21346
0
7.29858e-06
0.00345519
0
0.00512159
0
0.00212782
0.0294693
0.37439
0.0174676
0.263659
0.152194
0.79305
0.0621135
0.252454
1.52809
4.10981
0.0428977
0.484601
0.233075
2.50004
4.93347e-06
1.39024
0.00521097
0.234044
0.394439
1.00113
3.36202
1.07091
0
2.02032
0.456274
0.848721
0
1.47451
0
0.99912
0.0137333
0.0233067
0.0859738
0.782842
2.86797
0
2.08234
0
0
0.848581
1.22115
1.96967
5.87852e-06
0.312397
0
0
0.00234408
0
0
0
1.22811e-06
1.2674
0
0.053596
0
0
0
1.54542e-06
0
7.70209
2.25625e-06
0.00364078
0.00543785
0
0.116198
0.0343884
0
0.954123
2.30243
1.34606
0
1.2696
0
0.119412
0
0
0.918512
0.274227
0.00350694
1.06649
0.979899
3.14638
0.0248575
0
0
0
0
2.54495
0
0.202208
0.000183623
0.311792
0
0.0278212
0.965951
0.287872
2.18491
4.46779
1.18456
0
0.0649273
0.003827
8.3698e-06
0
0.215541
0
0.00542009
0
0
1.81467
0
0.328389
0.199167
1.19928
0.43599
0.537312
0
0
0.0381032
0.661248
2.09894
0.364235
0.0936726
6.34503
0.935897
0
0.180407
0.995407
0
0
1.91952
0.922991
2.15456
6.19669
0.380983
3.63947
1.74923
0.0947221
1.3659
0.610236
2.90075
0.00454627
0.290775
0.0411541
0.998905
0.366049
11.7223
4.24808
1.30165
0
0
0
0
0
0.073049
0.0097304
0
0.860675
0.0871642
3.59562
0
0.596897
0
0
0.00895484
0
0
0.0174736
0.974059
0.0332164
0.879791
0
0.647841
0.229545
7.88316e-06
0.599987
0.406069
0.769567
0.230436
0
0.0533523
0.580984
0
1.10556
0.00685233
0.00692581
0.0221386
0.309799
1.91789
0.000154701
0.000196322
0.0804093
6.19525e-07
0
0.222505
0.933369
0
0
0.204665
0
2.16783
1.1955
3.59518
0
0
0
0.347566
0.000144544
0.37252
0.970691
0.0350979
0
0.801036
1.55626
3.17605
4.7049
1.45778
0
1.00958
0
1.21884
0.450586
0.533651
0.246826
2.15277e-08
0
0
0
0
0
0
0
0
0
0
1.40442e-07
0
0
0
1.09707
0
0
0.0246735
0.00508729
0
0.0901756
1.65432
0
0.278163
0
0
0
0.0128406
0
0.58941
0
0
0.0785966
0
0.950671
0.160336
0.209827
1.89352
2.46131
0.140399
0.0913725
2.85635
1.05565
1.17071
0.913935
1.93786
1.70918
0.622492
2.2508
0.379572
0.0886996
1.63489
2.06109
0.569952
0.0551976
2.2163
0.0281357
1.70289
2.47353
0.0299206
0.0351693
0.759322
0.0173442
0.162844
0.167127
1.23235e-05
0.257765
2.71393e-06
0.840594
0.000743774
0
0
0
0
1.23081
4.19147
0
3.86346e-07
0.0780219
2.00141e-06
9.92026e-06
0
0.926301
0.00112946
3.10864
0.347335
5.91522e-06
0.85813
1.9018
2.06442
6.9676e-07
0.118103
0.0201698
0.933601
0.130282
0.907509
1.03355
0
0.698984
0.887491
0.0233255
0.0406965
0
0.00518117
0.0122865
0.0346349
1.27256
0.867081
4.12188
1.49267
0.00278006
0.000618191
0.0206911
0.431947
2.85037
1.09262
0.670348
0.378278
1.57581
2.34246
4.32079
3.17795
0.43998
1.50575
1.59303
8.99899
8.55096
1.96765
2.33616
3.15588
0.378036
0
0
0
0.234007
0.196853
1.21087
0.153789
0.00460631
0.00337962
0.492573
0.00366262
0.00974623
0.685439
0.321034
1.02244
3.16944
1.03138
0.112298
0.929486
0.760372
1.30924
0.0934778
5.90425
0
0
0.579302
0.629436
0.215784
2.76447e-06
1.41909
0.00687402
0.885653
1.92701
1.37629
2.16406
2.43861
0.0148252
2.637
2.81842
2.62019
0.883036
1.59162
1.11386
0
0
0.939213
0.121529
0.770722
0.525033
1.73691
0
1.77568
2.14349
0.640217
0.49021
0.450885
1.7347
1.63802
0.981647
0
0
0
4.02469
2.84319
4.1391
0.0401521
4.48833
0
0.321307
0.411465
0.083933
0.237411
1.63275
1.14611
0
0.396912
4.42834
6.11759
0.0511771
0.50903
0
1.03562
1.37016
0.282604
0.149853
1.57198e-07
0.686216
0.162989
1.09925
1.20383
2.95968
1.7932
0.210349
3.24916
0.586773
1.83359
2.85512
5.28324
3.42056
4.54556
0.0295884
3.42433
0.0100918
11.8622
1.35683
3.1569
0.00657092
0.673014
2.60342
0.361071
0.882826
0
0.928729
0
0.0041867
0.796004
1.8882
2.26449
0.0832937
1.71244
1.41026
0.211804
0.303443
2.41947
0.0423527
1.31105
0.296856
1.72802
1.06313
1.30474
0.320986
0.12994
1.78633
0.905536
0.0576156
0.00629359
0.00137696
0.229695
0
0.0168731
0
0.641902
0.473593
0
0
0.410113
0.00240688
0.773237
0
0
0
0.928099
0
1.69546
0.575149
1.00461
0.899942
2.20212
0.634958
0
0.681871
0.947468
0
2.45481e-06
0.68857
0
0.878687
1.88475
0.517594
0.969995
3.11636e-07
0
0.62614
0.631055
0
2.93755
0.0316442
0.651156
0.943777
0.000737829
1.87437
0.0958085
0.0150191
0.999319
0.0398776
1.05848
0.00206689
0.57395
0.0859738
0
0.277445
0.010292
0.229006
0.00409777
1.04199
0.980488
0.0109898
0.0475283
0.0883444
0.106312
0.884695
5.20698e-05
0
0.289225
0
0.537198
0.0158282
1.0043
0.755623
1.92276
0.888729
0.0282996
1.33083
0
3.28698
0.831744
3.06189
0
1.67034
0
0
0
0
0.325105
0.0223837
4.34609e-05
0
2.07643
2.72989e-06
0
0
0
0
0
0
0
0.00270283
0.75583
2.26348
0.0015728
0.376878
0.00898816
0.935148
0.837698
4.9939
6.53286e-05
0.260674
0
0.856539
1.61809
1.90129
0
2.06223e-07
0
0
0
18.8427
0
0
0
1.07956e-08
0
9.84216e-05
0
0
0
0
0.0867501
0
0.105289
5.71726e-07
0.00969305
0.00270242
0
0
0.0173577
0
0
3.14635e-05
0
0
0.133736
0
0.720174
0
0.000511874
2.28165
0.844839
0.151643
1.40695
0.995496
0.211372
0.311091
0
0
0
0.0123219
4.46027e-09
0.133615
0.906146
0
0
0.0301896
3.25604
3.73585
0.0854689
0
0
0.119846
0
0.0813139
1.81153
1.43832
0.100407
0.00322878
0.091085
0
4.03681
3.46803
0.031517
0
0
0.430853
0.0448128
1.02216
0
3.53649
5.2459
0.018226
7.3436e-07
1.14515
0.0784851
0
0
0
0
0
0.00793468
0.00159796
0.00105764
0
0.0869516
0.590071
0.489787
0.00324104
0.00618476
0.651023
0.281922
0.984596
0.065477
0
0.970202
1.31315
0.441352
0.696836
0.881189
0.0635695
1.08615
0
0.0390689
0
1.14574
0.00953897
0.162008
3.12949e-06
0
0.261667
1.8412
0.724249
2.18705
0.100354
0.91853
1.79647
0.0613515
5.34635e-07
0
0.747897
0
0
0
0.880756
0
0.00875768
0.858453
0.000580639
0
0
0.000340443
0.978814
0.0155008
4.17411
0
2.4064
0.23634
4.27606
1.72632
0.969155
2.27237
0
0.0610441
2.14209e-07
0
0.0471638
0
0
9.70018e-05
0
0.405011
0.9813
0.215791
0.86873
10.1663
0.000856703
0.160934
0
0
0
0.0463124
4.32508e-08
2.38878
0.960787
0.0028265
0
0
0
0.0391803
0
0.00121752
0.0788553
0.00420647
0
2.47223e-05
1.17538
0.812887
0.775174
1.64275
0.867724
0
0.243546
0.00310643
4.76018
0.851244
6.63624
1.05572
0.551929
1.88863
0.279178
0
8.20132e-07
0.00825809
0.933268
0
0
0
0.992385
0.00999589
0
0
0
0
0
0.107954
0.0132786
0.215273
0.0954968
0.641798
0
3.55079e-07
0.217001
0
0
0
0
0.539473
0.912174
0.000723657
2.07823
0.831774
0.310304
3.23993
0.44721
3.46319
0.00119383
0.881389
2.61199
0.733146
0.182992
0.734437
0.00347869
0
1.21154
0
0.324615
0.973607
1.6378
0.000805996
0
0.161676
7.56131e-05
1.73159
1.33671
0.770776
3.62976
0.95881
1.4547
0.706912
4.20495
0.438901
0.873618
1.3625
0.653046
0.390236
0
0
2.45592
0
1.69515
3.02465
0
1.30338e-05
2.82669
1.98726
0
7.45311e-08
0.997953
2.79962
3.12569
0.0143982
1.87758
3.26695e-06
4.01567
0.956559
2.46576
0.932301
0.61872
0
0.775831
0.336077
0.562306
3.22604
1.57868
2.36152
0.120887
0.578576
0
1.96141
0.331094
2.89696
0.0681723
1.38899
2.92278
4.78957
2.0872
0.356764
2.97002
0
1.85599
1.74668
4.64471
1.55296
1.83791
0
3.44536
7.42683
0.553964
0.778801
0
12.0937
2.16836
2.22091
5.58129
1.61968
1.44249
1.11841
0.000234757
1.07256
6.48345
1.99815
0.173943
2.49272
5.93715
0.0180029
3.38854
2.99218
0.0312235
2.22351
0.444513
5.0636
3.65134
2.87917e-05
3.18508
2.5245
0.038439
0.411543
1.00641
2.38688
5.69564
5.93404
0
3.43596
1.52771
2.09801
0
0.0166973
0.691484
0.020937
1.82719
1.26178
1.31949
0.035504
0.0857946
0
0.96956
0.000121038
1.97957
0
1.61727
1.30284
1.45715
5.61881
5.56839
3.72791e-06
4.21617
0
2.725
3.03264
3.46794
0.611237
0.650675
2.69043
4.73297
6.63521
0.987524
0.779144
1.00167
2.33627
0
0.730272
0.632462
0.276497
0
1.53324
0.221403
1.75796
0.73888
0
2.33096
1.60696
0
0
0
1.74206
1.93662
0.534398
2.31143e-06
0
1.70066
0.158016
0
1.24042
0.00345201
1.73729
0.904347
0.465334
0.000279373
1.41385
3.02119
0.154216
3.01547
0.377587
0
0.544024
0
0.0242044
0.751139
0.822955
0
0.295552
1.52365
0.906535
0.869371
0.61446
0.157061
1.80627
2.08346
0.085764
0.387238
1.55214
1.74381
1.107
1.35145
0.308726
0.190598
1.66818
0
0.00309857
2.34116
0.275354
0
0.00928917
1.05507
0.497303
0.0439674
0.0809555
1.39987
0.957208
1.97669
1.96285
3.60946
0.221834
0.568301
0.932002
0.155488
0.502879
4.9364
0.0529734
0
0.0367925
0.525722
1.18676
1.49166
0
0
0.00765409
0
0.877772
1.09562
0
0.0300722
1.01893
1.76822
0.00154588
0.312644
0
8.3729e-05
0
0.0100024
0.140152
0.081144
0.00657591
0
0.0856188
0
0.00878725
0.594309
0.886704
0
0.108882
1.79083
0.286221
0.884967
0.254894
0
0.0944677
0.173335
0.761749
0.985648
0.649339
1.47171
0
1.73982
0
0.926878
2.23906
0.0143367
0
0.0171604
0.0372306
12.4162
0.0101465
17.4313
0
3.13165
1.75107
0.727061
0.736825
0
0
0
0
0
1.58428
0
0
0.219101
1.30886
0.800554
0
0.0249234
0.0560857
0.000160551
0.357255
6.23329
0.000631707
1.32469
2.19256
0.0244859
2.04153
1.22913e-06
0.693346
0.186326
0.1037
0.110395
0.83416
1.27053
1.64719
0
0.974031
0
0.842924
0
2.4822
1.51116
1.54618
0
4.60731e-05
0.0637284
0.0387197
1.01309
0.639961
0.00137609
0.918947
0.282105
0.000148677
0.372634
0.596865
0.000839986
0.794907
0.397281
0.390148
0.0298639
0.942795
0.050746
0
1.07646
1.07575
0.189588
0.505008
15.8088
0.0583348
2.48883
1.00513
24.9564
1.01099
1.07878
0.00681981
0.116788
1.25951
0.363546
0.955402
0.167291
0.0253974
0.029283
1.93176
1.01383
0.957676
0.322843
0.000672892
2.55773
0.484681
0
0.0952148
0.41968
0.0221103
0
0
0
0.99784
2.00063e-06
0.958826
0.236928
0.331965
0.0571354
0
0
0.00883017
0
0.436267
0.103694
0
0
0.586202
0.00103496
1.79756
0
0.019253
0.00562084
0.0137935
1.54238
0.000156519
4.67569e-06
7.46253e-05
0.13331
0.563028
0.598363
0
0
0
0
0
0
0
1.06007
0.63276
1.84169
0.0145555
0.646984
0.0371288
0.0907685
1.03508
1.9895
2.15569
1.15692e-07
2.3161e-06
0.872009
0.195638
1.19236e-05
1.68522e-05
1.28067
1.84265
4.15345e-07
0.00144399
2.47208
2.55652
3.60638
3.22234
1.97029
0.00439031
1.11522
0
2.50235e-06
0.633298
2.03919
0.359531
0.698422
7.51822e-06
8.36243e-08
0.716141
0
0.0344178
0.00117712
0.710996
1.22468
0.893185
0.38
0.186684
0.0680044
0.246246
0
0.341654
0.956392
1.29241
0.298459
3.09962
0
0.151836
1.00743
0.0556756
0
0
0.0401248
0
0.616294
0
0.000977219
6.0868
0.946247
0.0161465
6.03593e-06
0.995355
0
0
0.0178922
1.40604
0.0113399
0
0.970577
0.0681623
0
0.95656
1.45707
0.425405
2.17515
1.13274
0.103822
0
3.84986e-05
0.4879
1.57818
0.00515024
0.00715204
0.588984
1.30588
0.0014955
4.18456e-05
2.34648e-06
0.00550964
0
0.92738
0.031223
0.45021
0.675898
0.000158263
0.838933
0.0760525
0.00010814
3.63575e-07
2.22548e-07
0.000235053
1.53889e-06
0
2.85858
0
0.386046
0
0
0.941286
2.14587
0.556341
2.60299
3.64362
0.0179915
9.22839
0.0044509
0.00810943
5.99984e-07
0
0
0
0
2.3988e-07
1.35563e-07
2.73183e-07
1.33525e-08
1.00418e-08
0
0.00198057
0.000232892
3.59454e-07
0
1.37685e-05
0.016194
0.426199
4.6507
0.551618
0.00565206
0.121433
0.734412
0.00140897
1.46143
0.0524654
0.870467
9.8554
3.22933
1.21876
0.518987
1.57674
0.0190406
2.29593
0.0186241
0.471621
0.0536627
1.09242
2.27192
0.00593608
0.61352
3.00766
5.66725e-06
0.00334034
0
0
0
0
0.0297608
0
0
0
9.99313e-06
1.62605
4.55157e-06
0.821534
1.8591e-07
1.36316e-06
0.000171998
1.115
0.0189619
0.0184678
1.4146
2.18912
2.2317
1.58842
0
0
0.135586
0.723065
0.221088
0.175818
0.966601
0.822935
1.25393
1.10922
0
0.852104
0.333596
0.868486
4.0198
3.21169e-06
0.00349924
2.01611
0
0.504987
0
1.17379
0
0
1.98885
0
0
4.76565
0.989431
1.74205
1.34338
0.870175
0.946075
0.0139572
0.0970897
0.897373
0
1.6651
1.47337
0.500259
0.989401
0.164503
0.53631
0
2.40552
0.0180166
1.35667
1.91417
1.10352
1.94361
2.03524
0.591426
0.815847
1.45776
0.643755
0.619888
0.169706
0.88527
1.37752e-07
0.069126
0.887408
0.729668
1.53433
0.0582984
0.0191145
0.786977
0.0342167
0.880536
0.014888
0.868956
0.081965
0
0.267267
0.127756
0
0.578245
0.551268
0.109908
4.85031
4.25512
5.08539
0.733856
0.90535
0
0.790515
0
0.0114272
0
0.37637
0.871267
0.142185
0
0
1.34495
2.59794
4.65687
0
3.62286
0.6123
0
3.36721
5.41911
0.0328918
0.32824
1.45161
0
0.871677
1.37571
0.105845
0.00445307
8.67073e-09
0
2.03014
0
0
0
0.842525
0
0.000162941
0
0
3.19709
0.36679
0.900484
1.87482
0
1.02977
0.811908
0.538512
2.06108
2.00716
1.43524
0
0
0
0.186007
0
0
0
0
0
0
2.55708
2.16817e-06
0
2.68814
0
2.05468e-05
3.65089e-07
0.0997658
0.0117468
3.7202
0
0
4.52415e-06
0.00023034
0
0
0.423875
0
0
0.0045051
0.0745542
0.302248
0.307577
0
0
0.757657
2.11181
2.72791
0.0700734
0
0
0
0.141543
0
0
0
0.00679338
0
6.36276e-05
5.99822e-05
0
0
0.17216
0.0198736
0.0683373
0.969185
0.000145547
0.0206394
0
0.00822718
0
0.0339518
0.144441
0.690126
0
0
0
0
0
0
0
8.68471e-07
0
0
2.06438
2.29449e-06
6.33766e-09
1.85432e-05
0
0.437969
0.0581119
0.166003
0
2.09767e-05
0
0
0.727635
0.000490235
0.0286266
0.142131
0.0415823
0
1.73415e-06
1.31867
1.75229
0
0
0.0266233
1.71918e-07
0.399592
0
0.000707543
1.82308e-06
0.0127921
2.41976e-05
0
0.0557064
0
0.261725
0.211067
0.628102
0.922545
0.649028
0.871289
0.832289
0.188601
0.180424
1.20919
0
0.063099
2.65354
0.376532
0.0113236
4.40918e-06
0.550967
0
0.0135597
6.16e-05
0.109701
3.90416
0.267291
0
0.203841
0
3.50252
0.688461
0
0
0.0113867
2.92937
0
0
2.49898e-07
0.000755799
0.00310744
0.0194488
0
0.119842
9.7372e-09
0
0.00361114
3.95891
0
1.50293
1.67551
8.81393e-07
0
1.44244
0.00612107
0.018797
2.0335
0.0754107
1.05467
0
0
0.328161
0.0101292
3.12881
0
0.81273
0.925877
0.752381
7.05013
0.858189
0.0297974
1.88623
0.000337682
8.44002
0
0.990072
10.2862
0.25459
0.000251111
0.977708
0
2.0597
8.47725e-06
6.50379e-06
1.07243
0.0238869
0
0.971456
1.69841
0.109512
1.62655
0
1.27134
0.536463
0.176067
0.000553555
2.46917
0.429096
0.0185615
0.000141579
1.41376
1.25726
0.73136
0.0210804
1.48142
0.158694
3.68008
1.71983
0.439458
1.65267
0
0.395366
0.550797
1.07961
2.46383
0
0.355854
1.66444
0.471231
0.937196
0.944459
0
0
0
0
0.0375688
0.108759
0.734216
0
0
0.035644
0
0
1.50541
0.291807
0
0.0699658
0.00153172
1.51702
0.00541013
0.000670747
5.38583
0.00210051
0.062937
0.0516372
0.976029
0
0
0
0.162828
14.4263
0
0.177069
0.496722
0.017038
0
4.48355
1.01564
0.00712635
0
0.957086
2.12247
0.160328
0.0340147
0.305664
0.10995
0.0607147
1.21148
4.44054
1.31832
1.4731
1.23596
1.28959
13.6379
5.68885
3.52021
2.44797
3.55312
1.64314
0.0590446
0
0.166969
0.000248223
1.57874
0
0.0335037
1.00524
3.88345
1.29137
0.381822
0
0
0.0109824
0
0.00211751
0.902025
0
0.00182472
0.00306269
0.0363513
0
0
1.58778
0.336547
0
4.02265
7.8818
0.582355
0.0715428
0.82525
0.699121
0
0.151166
0.145742
0.0561049
0.0248803
0.0845285
2.85296
1.99451
1.50976
0.224886
3.74336
7.49879
1.644
10.6338
0.791534
2.62295
1.56362
1.16587
0.0270299
0.0278391
0
0.063963
0
0
0
1.33568
3.771e-06
6.69509e-08
0.495686
2.36771
2.79987
0.122997
1.68185
2.48555e-06
0
0
0
0
0
0.00725755
0
0
0
1.04709
1.63553
1.92172
0.0668045
1.92801
0.00872909
0
0
0.0256355
0.000373598
5.66876e-07
0.938826
0.0167031
1.66928
0.788431
0
0.0568837
0.0048634
0
0
0.09683
0.159838
0.605279
0.0127608
0.0483665
1.40856
0.0550048
0.644469
4.62221e-06
0.0016318
0.431392
0
0.0507202
0
3.16238
0.520531
0.000440204
0.113254
0.0394723
5.22611
0
0
0.0244909
