0.443044
0.461574
0.828697
0
1.98499
3.30393
0
4.38549
0.805655
0.466265
7.81269
8.37825e-07
1.06503e-05
0.958339
7.12502
0
2.0345
14.4225
13.6811
4.43188
5.33681
0.250706
0.0723086
0.675831
1.39547
1.51026
4.16396
11.8387
55.8968
0.00085457
0.80035
2.13571
3.11969
0.0349941
6.85136
0.000427115
6.57846
7.59398
12.9569
22.5475
19.5746
9.74078
2.1315
10.5066
1.8381
16.9994
1.64437
0
0.926396
0.0202079
1.23166
0
5.3344
3.1434
0.174834
1.04609
15.7795
0.720426
0
1.65347
1.71172
0.000275284
1.81472
1.4984
2.83921
0
2.98676
3.0483
0.446652
0
11.7503
0.000829293
1.13733e-07
0
2.76341
0.522848
4.21465
1.66894
0
0.790314
0.322821
5.33979
0.0602931
0
14.3513
4.51966
18.5386
12.2814
6.95089
11.1995
12.457
14.5499
12.8589
13.3225
138.889
15.4442
13.651
20.7422
0.0200587
3.31911
8.05574
0.582711
6.65484
12.2209
7.5544
3.21907
11.7271
4.45859
2.86191
25.1359
25.7986
14.9677
33.1901
43.8608
21.9317
10.387
5.752
0.489761
1.88202
4.96531
4.77406
3.72277
2.8153
3.11301
0
2.42662
8.49599
0.017262
0
0
8.38802
4.4407e-05
0.000108928
31.9043
5.71266e-06
9.85858
8.09127
2.82624
0.137187
1.59152
0.941762
1.04735
0.837272
2.74011
0.229576
0.938351
0
0
17.0912
66.5703
0.00947199
0.0713942
0.0159355
0
1.45422
0.0423533
0.0300595
0.0339723
0.462456
0.25506
4.67056
6.40274
9.57978
13.6845
0.760601
0.0355244
15.975
0.452177
3.36955
0.000853545
19.7887
4.76949
1.76271
0.00236896
0.443236
2.3754e-07
0
0
0
0.91868
0.00939121
12.2517
0
0
13.2328
18.142
9.76174
8.50035
12.8438
16.8144
9.2246
18.9363
14.5369
11.1999
1.33219
6.85782e-07
4.30397
2.36709
7.59757
6.85928
40.7737
127.683
3.32512
33.9873
11.3476
8.95023
9.23396
3.31847
132.416
0.957923
20.469
13.0916
1.02248
12.6824
12.9695
16.9261
0.91037
19.2777
14.0959
2.37182
3.33201
0.979059
13.8193
2.6494
17.0628
14.5821
14.3874
15.1014
11.6949
2.31449
0.740728
11.0846
22.257
0.235627
10.4745
5.758
5.74002
3.26746
2.74775
3.8864
4.24926
4.40835
7.32022
0.191488
0.137934
0.783041
0
0
2.26174
0
0.00130353
1.18212
0.0577315
1.07116
0.00236629
0.412376
0.463722
0.853558
0.134155
0.174854
1.29701e-07
0.0349968
0.988813
0.015903
0.924024
0.195827
0
0
0
0
4.51481
0
17.673
0.0614233
0.128582
0.0017078
0.0232868
0.0160417
1.65857
0.870825
10.5848
7.30898e-06
0.098726
0.0109515
2.08584
0
0
1.32455
0.0102475
1.29696
0.00403454
0.0472112
15.9858
0.00666736
1.82649
1.13451
0.232098
10.7818
0.756173
21.4219
19.1524
1.24251
14.4348
13.6634
2.70839
7.66858
1.42609
1.01164
0.00211894
0.0105851
1.2476
1.50242
1.39653
5.47192
10.6965
8.86131
42.7551
82.641
4.9331
22.3662
0.809683
5.24163
1.22746
0.705566
3.47204
3.92237
0.00377626
0.323848
0.000157501
0.0131865
0.563331
0.849973
2.58808e-07
1.32174
4.67953
21.4242
5.28542
1.96363
2.75575
0.854613
0.92525
7.43145
0.751716
0.193278
0.00208376
1.44927
2.60443
1.093
0.74225
0.564272
0.600831
0.517973
13.6973
0.350062
0
0
1.01554
8.17462
0.129037
0.374546
6.19357
1.0012
0.0293187
2.61833
0
0
0.00292056
0.184223
5.80831
3.17284
15.3116
2.88832
3.87425
5.03989
4.37026
2.39657
0.411168
4.84487
11.6332
15.7938
16.2273
18.3452
0.912424
4.47549
3.03496
1.66025
7.36576
9.07705
3.8536
1.60922
2.90518
2.9444
8.13636
6.46533
1.49931
13.9586
10.9948
17.722
10.1612
29.501
6.2986
24.3603
17.5851
16.2842
16.9846
14.648
5.63095
3.09098
1.69507
7.76219
1.69462
15.6381
4.8569
5.32625
4.41312
12.3193
12.2731
7.45016
13.324
2.91278
1.41902
7.22892
21.5763
26.1777
13.8491
42.2612
5.83839
34.7839
37.8056
18.7326
12.8196
10.6388
29.6406
11.5964
29.6735
7.14719
18.5602
1.49931
3.62023
30.3607
20.0477
14.0076
11.121
7.55676
10.7852
0
1.42941
3.59029e-07
1.22066
3.31595
11.0903
1.37256
3.04342
35.1938
34.2558
6.27405
20.9998
8.17556
11.3933
13.2458
5.55848
0.286553
2.0101
5.99179e-07
2.85957
3.38508
27.248
3.45392
0.128845
5.07452
1.66283
1.89126
2.77784
0.317749
0.146557
0.491443
4.05856
0.268969
0
0.462318
13.7649
0.241542
0.550307
15.4419
12.9558
4.83364
5.57188
25.43
0.0365593
30.2487
19.3704
21.3922
22.3076
2.66895
1.31301
8.87078
1.97356
0
0.894571
0.00248295
15.7295
19.1766
1.87878
8.62992
26.4914
13.4209
7.41339
2.54044
0.00260892
3.44375
1.73198
0.117996
0.891349
0.414369
3.87472
2.45111
9.58056
3.94592
6.77721
0.936649
1.82104
22.3194
6.77998
0
0.044759
3.86347
0
5.85576
0
3.54957
0.290962
0.702959
0.155371
0.532382
1.35913
2.53917
0.0286198
1.02411
0.410333
18.3104
0.177849
1.31921
0.482355
0.988022
0.075799
1.30516
17.2373
16.9553
26.232
15.7402
4.53487
16.3105
0.0216253
26.377
0
7.07022
8.17703
6.30532
16.9357
2.01696
2.20009
0.902301
0
11.6226
0
0.0587883
6.93723
0.440524
1.78837
9.82191
0.761521
10.5575
1.9985
1.50504
0
13.5997
47.6615
11.7818
14.4324
47.2244
2.33697
9.02737
0
15.8722
6.29695
8.68413e-05
0.884739
1.00227
11.5949
0.0627544
0.0747487
1.90242
2.05452
0.827326
0.0176687
1.83305
3.98982
0.980236
9.70091e-05
1.76017
3.73907
8.84826
6.37141
0.605017
0.531323
2.91715
0
0.000332519
3.86597e-05
0.345566
0
0.0103025
1.05669
6.16789
15.7415
3.04909
1.03101
0.0103276
11.5761
0.00234209
0.457159
0.120747
3.20678
4.30864
0.12455
0
1.23508
9.69478
0.10869
8.85897e-08
2.35652
1.33685
0
2.31235e-07
7.78899
0.228258
4.49369
31.7306
6.80563
0.00624727
8.25024
6.67075
4.34488
5.99
0
0
3.11597e-07
0.761303
13.8825
22.0667
0.951934
20.6286
0
15.919
21.4397
4.46564
8.83605
0.482907
0.0956407
0
0
0
1.14177
1.11166
0
8.95111
6.68697
5.44543
1.23029
6.05323
1.83819
25.251
1.84788
17.9692
22.6632
2.88711e-05
0.533723
1.48149
5.35781
19.627
0.294724
4.14304e-08
11.1521
4.51141
0.0374395
12.2262
0.0847382
0.145254
4.03055
5.12749
10.1963
24.1515
6.66043
25.9451
7.92741
1.48464
2.84651
0.033177
0.0164442
0.00035975
8.67242e-06
4.75934e-05
0.000103404
6.71178e-07
0.373321
25.0211
1.73469
0.487472
0.528878
0
7.54684
16.2222
0.952838
3.49911
2.1937
12.0114
1.94779
13.4664
9.18303
12.5915
22.7576
7.23553
3.77276
12.7158
18.383
2.21631e-05
2.51512
9.76267
2.97926
0.000341798
23.2751
0.398671
9.08445
63.4421
6.68759
10.4603
57.9491
9.93489
4.22316
0.50278
0.213846
13.1993
19.8115
0.732261
0.00158705
0.74862
0.00964886
38.6064
0.000394435
0.264448
0.433697
0.876103
2.41498e-07
1.84029
3.82442
17.2296
8.28536
2.16752
0
0
0.00405803
3.28031
14.5533
0.0234255
3.5428
19.1188
0.612944
19.397
0.0294875
12.7473
14.343
13.2497
14.5297
0.632511
2.35366
0.80742
3.56478e-05
0
0
0
0
3.94053
4.54605e-05
2.33212e-06
0
0.292496
12.2218
0.0160429
15.7358
7.65213
4.68247
6.59743
2.10035
1.10727
1.23507
0.813731
2.54315
0.42411
5.0141
4.23131
9.1329
4.93929
19.3046
0.793979
0
3.24012
0
1.52665
0.0536647
0.741356
0.00134686
9.74643
0.978822
7.78933
18.2962
2.32267
25.0662
0.00469443
1.86659e-05
2.31764
56.3175
0.735152
0.00101655
0
0.061961
0.0518189
0.475711
14.6729
0.30008
0.226888
4.20967
9.84709
5.31961
2.13351
13.8946
11.6324
14.4216
0.382654
0
1.43164
6.84541
4.87597
3.06825
0.139745
0
0
3.95539
8.18716
11.0057
10.0666
0.00391036
1.44376
3.51552
3.20194
0.966137
18.0371
0.000364092
2.78411e-07
20.3382
0.000135829
0
8.22841
0.611756
0
0
11.7832
1.24098e-05
1.68091
0.217677
1.73165
1.8312
0
0.0855525
20.6744
0
24.6191
0.539072
5.56828
2.00369e-07
0.000809202
0.00489503
1.3466
8.4464
0
0.359148
5.74808
1.38479
2.79679
12.5206
0
26.1828
23.4116
6.02158
8.22543
9.8429
20.5905
7.93742
11.1115
9.26243
8.33792
5.98288
9.80088
9.13384
17.2513
9.209
7.36999
4.28982
2.45335
2.36177
6.26845
18.079
1.28336
2.9749
5.55504
6.66906
10.4345
2.56372
5.29796
0.0465137
0.168819
0.709031
0.00126431
0
3.47272
5.29614
13.4104
8.09144
4.10034
2.76629
1.04219
5.67106
4.62374
0
18.1734
7.27769
3.75648
0.019529
0.107175
1.31833e-05
4.0702
2.10449
13.3811
2.27791
0.173395
0.838152
16.1768
0.633461
1.88665e-05
1.84163
1.44251
1.28432
0
5.78008
10.865
5.36071
2.71107
2.27254
6.97112
0
2.37239e-06
2.95747
0.165006
1.91607
3.7378
0.218678
107.691
19.8592
21.2364
0
0.340744
0.893525
0
6.38413
2.05297
1.96682
14.8219
2.33604
33.3369
3.65774
0
0.0303291
5.55479
0.0183572
1.90854
1.58389
1.38792
0
6.00747e-07
9.82342
0.16846
8.39938
6.20393
0.0081623
0.962268
1.03857
0.675366
9.89335e-05
16.7496
22.0041
2.18919
9.75275
14.6386
0.578769
0.777846
0.00392866
0.0511786
5.63547
2.60907
1.72445
0
0
0.0320667
2.38973
0
5.63439e-07
7.27615
5.32058
2.88629
5.98741
0.0505999
0.968651
0.0356532
5.27558
7.27836
7.73132
2.47655
0
0.0336842
0
18.1917
1.46748
0.145572
19.125
0.890248
0.0952051
0.0394662
15.6948
2.12945
1.76152
7.24956
0.777111
3.36489
0
0.00504181
1.40248
14.0453
0
13.4219
0.427208
4.75966
0
23.4137
6.99757
17.3781
17.2502
8.82309
5.86613
14.6231
3.66805
0
0.310793
0
4.20738
15.8122
2.38271
2.77441
0.0815819
4.74506
0
17.3942
16.5078
15.5243
14.2477
7.7307
9.9765
16.7766
12.9545
12.2352
36.7079
3.07442
8.86378
6.87556
18.2623
2.51667
0
19.6122
10.2143
2.84729
4.10238
3.11007
0.00610613
11.9522
11.3765
7.74121
0.469306
4.36791
20.4812
12.3576
5.17065
10.1825
5.61613
8.79206
24.8936
23.909
0.123141
0
1.6522
22.3442
32.9307
25.11
29.7832
24.2103
26.6728
31.4723
38.3562
28.3098
67.0209
50.3955
25.0918
10.1243
12.7016
3.4271
1.69357
0.0369665
0.729801
2.90231
0
4.41853
0.199501
8.79283
0.0107443
2.25939
5.81363
9.97538
3.79266
3.73256
7.23681
5.00678
0.986967
1.42423
2.76381
2.24941
14.4629
6.37578
0.687905
19.1573
22.8671
11.4459
27.1156
5.37068
24.6514
0.00507375
0.320519
0
23.1424
7.02491
0.158101
0.275644
20.1944
0.450037
0.819648
0.264624
0
0.0906316
52.0515
0.00966531
45.3083
0
68.6525
29.7109
0
0
0
34.0154
49.8694
14.5961
16.6663
0.0190326
0
37.7149
45.3097
0.110277
0.660485
13.6702
28.9636
31.2469
0
9.70869
28.8548
3.01488
15.6126
0
0
8.69034
0
0
0.113564
0
0
34.1681
0
2.98632
8.05742
11.4173
8.18929
17.1104
0.182449
20.4246
0.203858
15.1226
0
17.185
25.0415
0
26.7386
2.91103
12.4426
0
1.55381
0.321027
14.3237
9.20439
2.24815
13.3569
0
24.7116
16.5698
10.4217
1.21557
15.0398
5.25505
22.1755
26.8263
0.14592
0.137546
2.66027
20.4379
0.0520578
21.846
1.77089e-07
0.000323322
0
0
23.321
0
1.26711
0.00014132
26.8947
0
18.6667
25.6609
0.263049
16.8064
3.21448
23.9663
7.14394
26.9462
0
0
0
0
0.00711811
0.856961
0
0.935049
4.51255
2.90205
1.31949
9.06535
16.5307
2.88692
20.4832
25.3838
5.13108e-05
14.578
9.6734
9.79996
19.3861
18.5171
25.1704
34.2269
1.18888
19.9376
22.0772
14.8861
21.7801
15.1465
2.66616
20.9085
14.0798
0.0224074
23.2894
0
0.00408443
11.2672
0.00100151
0.803076
0.00248614
0.585772
0
0
2.39774e-05
0.112627
3.49206
1.97988
0.813318
0.113277
0.884606
0.0150553
0.378884
0.0742678
0.00610305
0.935898
0.585507
22.4901
4.53795
22.9802
9.30932
0.00150063
3.04728
10.4905
56.6485
0.904086
0
10.7491
5.87477
14.2288
25.0861
0.306932
0.329663
1.43268e-06
5.11761
18.4068
41.2006
0.00332592
0.868092
0.963625
0
6.00226
0.000123273
6.96618
14.9261
0
1.3953
2.22638
0.407777
0.00779065
0.0819143
6.39024
0
0.0144497
2.24017
16.5789
30.8685
2.4006
8.03381
22.8698
1.70121
10.9227
26.2573
4.33074
25.7082
1.36476
1.34623
0.403701
1.42094
5.10856
3.64252
12.8845
0.536941
3.37154
0
0
0.922909
3.22823
0
0.211844
0.509871
0
9.47472
26.929
4.28412
12.4186
1.32897
9.65458
0.763041
0.0168624
6.76841
0.00523137
0
0
22.7443
20.3546
36.6872
20.7403
20.1062
10.3515
0.000377987
6.61219
12.7064
0.760099
1.19008
0
3.22371
0.000615165
2.37119
0.774106
7.93759e-05
2.16956
1.77607
0.785654
6.79512
0.831072
5.10373
7.41534
8.61927
2.63055
1.59305
0.357836
0.080501
0.212487
4.05324
0.000422027
0
9.79914
7.3052
3.20507
0.0447964
0.708504
0.601063
2.3821
0.963325
0
3.80934
0.0215474
13.5099
0.0464671
2.80429
12.4962
14.1158
1.28019
0.91772
11.3692
22.2028
3.96821
9.14092
0.679495
1.07507
1.12925
1.36933
0.00953263
0.922694
0.171505
17.4226
5.89684
2.97262
0.342066
0.854042
3.1594
2.76643
7.37609
2.33039
0
0.000622563
0.0997755
0.313733
0.09573
0.293289
8.00799
1.31512
26.9912
0
0.309576
0.335382
2.67759
0.974243
6.13244
2.6555
1.6333
20.0642
8.07039
1.09896
4.10802
0.215889
0.0172518
0.000654554
20.2594
13.219
9.81546
13.6623
0.100323
9.43459e-07
18.572
6.63504
1.47165
0
11.3698
0
0.0112372
1.81321
0.854537
0
0
0
10.9567
0.0453502
2.49877
0
64.858
1.03125
0
0.133837
14.5315
0
1.64469
68.4306
0.00151029
3.60451
45.4529
2.94742
0
143.11
0.380539
0.000398026
0.935191
0.010532
0.000300562
0.0832243
1.23003e-06
0.365727
6.53551
0.0521988
2.44134
0
0.00594666
1.43498
10.2085
0.0195166
0.0870384
0.0243938
0.0240379
0.0154364
0.0110105
0
12.1758
0
1.51731
0.322803
0.0327398
14.2988
2.70745e-06
0.0424634
1.54975
5.81997
0.14232
0
20.2128
13.1628
1.3246
52.2922
19.85
8.73381
0.00254398
0.413591
0
1.15987
1.8774e-06
0
1.02038
5.31757
0.730732
9.22889
10.2451
0.0339485
4.12541
0.0436933
0
0
0.0988931
6.25447
2.09153e-06
0.0841772
0
0
3.63154
0.000136688
0.378624
0
5.25927e-05
0
0
1.05811
0
0.0533106
5.78273e-05
6.29519e-06
0.00187861
0.000385594
0.0126139
0.000278364
0
0
0.104022
22.7386
3.37175e-06
2.99071
7.99688
1.76443
0
15.2682
1.55483
3.21904
0.128335
0.0848517
2.52751
0.000334169
0.451706
0.82181
0.808267
0
0.0352417
0.0680875
9.74444e-05
0.00038591
0.897794
0
0.000127757
37.9111
9.53501e-07
0.0334855
21.7016
0.0923628
6.16156e-06
5.50238e-08
3.11216e-07
9.38491
2.98994e-05
9.2349e-05
0.664896
0.0510435
0
0.83527
4.98872
5.38537e-06
0.661165
0.318281
0.1777
2.4574
0
0.276246
0
0
0
1.67429
1.82021e-06
12.3222
0
0.129804
0
0.00064798
0.189133
0.185291
0
0.769424
0
4.84347
0.00189892
16.087
0.0351298
8.73468
13.4645
0.00306748
4.16373
1.34466
5.51973
0.00915614
0.533465
3.58402
0.290596
35.5249
0.940818
0.236094
1.74785
0
2.17618e-07
7.78963
13.2224
0
0
21.9745
4.66349
6.22626
10.1541
7.19618
23.8619
10.5388
21.4761
0
3.41947
12.1156
0.00735734
9.70179
12.6277
16.0346
12.1942
10.073
1.95783
8.48747
9.5756
3.11208
9.59526
18.8855
11.808
2.80395
0.985951
6.60175
5.87794
5.25416e-05
1.52e-05
0.000362581
9.30064e-07
3.587
3.69172
4.38466
0.0864999
0.656833
0.0040378
0.000856011
0.0427419
0.698854
0.0113074
0.375033
0.00286158
0.50538
2.85536
5.603
16.3348
12.8416
0.00108198
0.0131544
1.24959
0.859843
0.48253
0.803186
0.00830597
0.289339
30.1776
0.98052
0.361128
0
0
2.63791
0.474269
1.82567
2.48374
0.991835
0.0139545
1.88335
0
0
0.836056
1.05147
0.864591
0
0
0.556437
0.762998
0
0
0
5.00308e-09
7.6974e-07
1.07804
0
7.13596
0
0
0
0
1.69263
39.2872
0.191497
2.34914
0
0
3.85056e-08
22.7695
0
8.48868e-07
0.375152
0
0
21.1241
0
1.3686
0.0726795
0
0
10.1602
3.83533
8.96127
0.00251672
0.45294
0
4.35764
5.61357
0.243364
5.53317
5.08077
2.43781
0.319731
5.39167
5.12618
7.9323
12.592
11.9174
5.7564
13.6503
0
0
26.7153
14.3576
12.9995
14.0993
19.6535
5.46711
0.0786668
10.6539
21.5302
28.6833
4.3335
14.0532
15.6857
11.9434
19.7853
13.8765
0.000585819
20.561
4.09293e-06
13.2147
11.5907
16.8642
28.6838
13.2215
34.6111
10.9176
6.88576
0.910672
11.7774
8.85375
2.85887
6.39343
12.4795
10.7171
9.22142
4.53735
3.50481
4.39747
3.84894
6.34278
0
7.05705
2.64785
5.8031
0
16.7247
12.3525
2.6551
1.09811
1.66402
0
2.69852
3.62854
3.94433
0.832166
6.44236
1.85278
1.11861
0.827186
3.00649
2.45477
2.25287
5.03635
1.29491
0.00132511
4.07175
8.26207
0
1.4436e-05
0.0316752
2.08617
0.877996
0
0
5.81034e-07
1.39407
1.72974e-05
3.97945
3.93185
2.42544
5.76783
1.89746
17.7869
3.39335
11.3267
3.34117
1.35182
32.4229
5.02685
1.92251
5.37015
15.1971
10.6596
7.85391
10.5493
8.78967
0.370116
7.56487
9.22273
7.9448
0
18.6829
0
15.8497
11.1704
0.707295
8.40033
11.3661
12.9231
0.0543348
15.5036
0
0
7.21377
5.33857
3.15051
0.00110615
2.88867
1.97605
1.0236
5.315
4.44355
1.66577e-07
0.268578
19.2307
3.64177
0.646456
0
0
0
3.47315e-06
0.138339
4.93156e-05
14.9833
0
0
0.117807
0
9.76062
19.5953
4.04561e-07
0.0646055
10.561
13.0368
0
1.97725
0.877585
1.14004
0.446549
0
2.39975
4.45061
0
29.1185
2.49413
9.21195
0.558902
0.0250425
0.0621612
0
0.828977
14.9346
0.368723
0
5.00796e-06
9.00661
1.21327
8.77546
15.4047
21.7815
15.0097
14.6847
20.7978
0.680913
4.73701
15.3282
3.9056
0.908363
19.4445
1.36389
0.000993632
5.51772
1.22518
6.68762
1.00879
12.0888
1.94126
1.23521
0.868859
12.3868
2.39199
1.53881
3.3362
3.89321
2.08461
2.99463
2.20768
6.3696
0.0222309
0
0
0.223173
0.0206988
0.00472389
8.60842
16.7723
16.0678
16.6183
0.593909
17.6431
9.41728
2.05054
9.92282
2.20872
5.11624
12.3895
7.21848
0.935588
86.014
65.5391
0.0426736
17.959
51.0713
0
0.517068
0.407082
0.00361763
0.221303
1.10978
1.50663
0.000922153
1.61337
12.8423
12.5638
0.557399
42.1712
0
0.0270148
0.623808
0.40243
1.61175
0.0493089
0
0.000992453
8.3974
0.000700573
0.834218
8.14928
0.659576
14.4085
2.64662
7.75745
0
0
6.4774
3.2366
0.17693
2.22084
3.13636
2.31502
0
49.4908
25.7318
0
1.79206
12.6938
0.70015
1.05795
0.0711837
0.00362818
1.21867
0
47.6416
0
9.67895
8.71538
19.2363
0.0895642
0
0
0
0
15.4325
4.09534
16.484
0
19.1981
9.06328
12.6253
3.20105
4.35211
6.20948
4.0713
0
0.0856189
0.0776384
0.77566
0.00215034
16.0895
7.00774e-09
4.05474e-06
0.636832
0.0706512
3.56966e-07
1.64604
0.0112158
0
0
0
1.08424
3.94838
0
0
18.8268
4.5949e-06
0
0.660984
0.16482
0
5.44271
9.94323
0.820713
4.24889
0.0238586
1.99091e-05
0
0.709209
0
6.19212
4.72089
6.47789
6.39464
10.3805
2.6515
11.1764
2.36956
7.18166
28.6338
26.4361
2.24194
40.4565
22.3231
49.7113
15.2356
29.3554
49.7549
27.5829
20.3786
13.9701
10.3266
15.6399
10.6881
7.73869
8.56275
8.04309
7.18747
6.95452
13.0535
11.6426
8.53547
11.6619
2.51475
10.9083
24.0339
2.26916
2.92992
1.57101
11.6313
0.816116
0.00130782
0
0
1.53211e-06
12.8099
26.0178
0.00160267
4.36609
2.46278
7.85027
0.00388248
0
10.7168
3.25857e-07
9.72546
2.99189
0
0
0.841206
12.6487
1.3366
8.41211
6.0953
5.57994
9.46487
1.97926
4.07047
0
9.25325
18.6138
6.21901
9.18344
4.27785
4.20531
2.28879
6.22828
1.70842
3.49836
10.4493
9.65915
8.34925
1.1776
6.26316
0.460223
1.44957
13.0747
18.4959
17.5853
9.76415
10.9194
21.5286
27.1301
38.1583
34.0818
30.6772
21.711
9.66391
13.0637
6.51809
12.8037
8.1911
0
0
2.0684
1.10366
4.71318
3.68751
10.3756
10.614
13.8719
9.58797
8.50729
8.773
6.95703
0.334279
3.98495
4.67633
1.85535
1.01337
2.44946
3.4066
32.5346
2.04262
9.7553
2.19846
5.0817
8.89314
3.63792
1.08417
1.26983
0.97426
35.8103
1.75808
12.1895
3.41815
4.85712
0.916211
5.27544
3.90026
4.03962
7.59814
9.16572
4.88206
1.30935
0
0.173401
0.0389527
0.208008
3.501
4.84969
4.33449
1.27748e-06
11.3122
24.6336
13.6084
13.0887
9.66889
9.19697
12.5499
16.0747
0
0
0.104431
12.8708
9.28599
8.41663
3.7074
10.7766
1.71951
2.79659
0.326546
7.67961
0.000901089
8.24811
27.943
0.204516
5.77198
22.3131
24.0159
15.1382
2.72483
1.13018
10.4892
2.62239
15.7969
10.859
18.3903
17.2727
9.44982
15.4319
20.7645
5.59896
11.0149
26.7291
19.7041
17.3664
28.8373
12.7693
10.487
8.62478
10.7872
9.4546
6.73389
8.75939
12.0781
8.19314
11.8671
10.1392
14.84
15.0226
5.31093
2.84245
0
6.15447
0
0.740778
7.96423
8.75829
7.83009
7.94909
5.35389
9.04073
9.53238
13.9235
5.96914
14.3073
11.8342
7.15774
13.5221
6.63881
7.48761
7.14846
5.51537
7.68419
4.86924
3.73663
11.1159
0
7.86055
4.83186
13.8537
2.8045
16.6421
6.47552e-06
2.73464
4.20863
9.0856
6.22666
3.43759
1.18966
8.9372
12.7223
2.88139
7.74023
4.07546
5.59762
7.02697
28.1748
6.8314
3.23029
0.731623
15.1114
20.5558
0.824419
2.02324
9.21025
7.4562
2.67829
0.94085
2.28128
2.47092
0
3.99585
1.85047
3.32133
1.15471
25.6406
2.7598
1.56566
2.79661
2.62382e-07
1.71559
0.958471
0.0600273
0.0400065
0.935698
0.702849
0.0263133
1.87985
1.55644
0.979671
2.18419
9.83331
1.35493
0.502176
4.09886
1.38739
9.09724
1.22976
0.966511
0.0245977
0.0212465
0.297913
0
5.04455
0
8.07507
0
6.22625
0
6.87891
0
0.022961
15.2138
0.611517
19.8731
8.36257
25.7389
0.00282975
26.8247
0.207001
0.0520493
0.967897
0.571391
4.47146
19.4127
0.0148666
0.00194051
13.1339
0
0
3.02454
0
1.08886
0
0.0885599
0
0.366583
0.62924
1.24797
0
4.86991
6.31295
0
3.0433
12.3568
0.912029
2.53442
0.914128
10.5799
10.0575
6.57484
5.18684
0.6472
0
0
7.89225
4.82275
0
1.1842
0.0162389
0.0699076
0
1.89166e-06
0.013663
0.057581
1.23928e-07
2.49632
1.39299
0
1.07912
0
1.10306
0
0.00040117
0
0.138833
0
0
1.12034
0
0
0
0.143292
0
0
1.09216
15.1227
18.7846
19.4332
5.84785
21.2126
3.64746
5.31859
0
0
0
2.22399
13.4159
0.449132
1.83024
0.0348673
5.00235
24.674
37.0606
20.9396
13.5801
2.95055
2.95795
12.7812
21.1931
3.28465
8.01654
6.73528
1.82722
13.6588
3.98707
3.27245
22.6933
8.98562
1.23944
5.61151
1.08414
13.8305
0.550374
5.56229
0.00324511
4.87251
7.51358
0.000545711
0.225881
1.48195
1.58254
0
0.752382
0.000774586
3.03091
0
0
0
22.7573
0.00113335
5.82852
2.74748
11.7121
3.77912
4.20531
9.84627
5.50377
3.22041
3.48086
0
3.08786
11.7299
8.29806
26.5172
40.05
36.553
38.1416
0
70.7768
0
23.2178
27.2091
28.985
6.98249
1.5321
15.608
15.4362
24.252
8.73989
27.0459
23.9425
71.7033
20.1054
8.53619
8.75807
12.6533
13.1846
0.000200271
13.2892
21.2473
8.39944
2.29711
24.2988
0.0114707
22.771
0.499047
0.0522768
0.28247
0.0362778
3.34654
0
11.2857
10.9736
12.1158
9.11506
4.70083
7.71401
7.75046
0.304946
1.98456e-06
0.192635
1.54856
0.678687
9.73734
9.83657
48.3444
6.51492
32.7587
4.44366
26.2569
13.7506
3.97446
19.2976
0
0.917851
0
23.1925
0.00109958
3.04352
31.5511
0.0929407
0.586678
2.11517
3.94459e-05
1.3065
0.426289
0.00255534
2.4774
0.00847783
1.92686e-05
2.5937
17.1958
0.573134
1.06781
8.14349
5.49937
0.0206658
8.41744
9.73387e-05
1.52672
1.12224e-07
5.36937
0.161607
0.145083
4.01735
0
0.974541
0
0.0206771
1.00732
0
1.08947e-07
0
0.000194585
0.0129951
0
0
0.0312398
1.43486
0.248835
0.538519
1.11805
6.52855
3.22459
4.39222
0.00257536
3.23584
10.9983
0
0.0022352
0.0100452
0.0204128
17.561
0.0402066
13.5464
8.75253
18.0108
5.68083
28.5805
12.9393
25.1309
1.68615
11.5681
6.07018
3.60533
3.30702
19.2304
0.443605
0
2.16489
0
4.23537
4.69841
27.8191
3.60607
9.80955
20.2894
1.24168
21.8106
12.1072
23.8642
19.55
2.29121
24.7774
0.00698945
24.6697
11.0302
0.526351
14.1095
4.21596
2.98851
0.530711
0
0.0805311
0.291311
0.792307
0.0429689
4.54702
0
6.84625
4.26585
20.6549
16.7141
8.99033
23.9151
10.3802
3.71916
22.2211
12.8213
29.9656
29.5032
21.6987
4.85027
12.8917
0.000408819
5.25487
12.7326
20.4991
8.29314
7.16255
12.8719
3.38274
5.39949
6.51079
8.36442
7.99684
6.64539
12.8472
5.72629
12.7562
11.5537
5.29977
9.05565
17.8014
0
7.84572
3.27451
0.471256
6.29994
13.9001
0.235321
15.5862
9.30645
1.47903
0
0
16.2739
15.9948
18.1697
12.845
1.79558
21.8607
14.596
1.78933
23.4561
25.0702
24.1961
3.03482
15.2806
12.087
13.1785
18.2591
26.5477
19.7471
18.8562
14.6371
31.1446
20.8231
0.101841
29.2209
21.1628
16.0941
3.53234
14.1259
27.7078
34.6312
14.2703
0
14.9443
21.2403
8.9298
0.00041893
9.20844
7.96532
7.89708
14.2284
4.58403
19.2094
15.3223
0.0192281
0
0.26135
1.44847
35.1468
1.59125
4.16364
28.2846
19.2407
26.3036
21.4105
1.78029
20.2978
0
18.1342
21.2972
23.5689
28.5289
5.55844
32.5024
31.3782
11.6266
33.6167
28.5779
7.72007
27.4491
1.13735
16.4933
6.35272
10.449
0
8.59848
4.27095
13.8218
9.35936
12.7319
8.81939
7.76374
0.00601805
15.2365
11.1631
6.34456
7.76143
4.57941
0.0127288
32.8668
10.4307
2.84592
2.7394
2.68954
0.427552
5.63565
0
18.2422
2.8207
7.42016
5.38953
5.78542
11.5087
2.0383
3.42793
16.9437
0.0744325
1.11914
3.19935
13.7329
0
15.8764
10.511
6.17179
11.5781
5.77591
7.73254
8.93874
17
18.8015
10.9297
17.7388
10.176
7.19278
11.4279
2.9068
10.5668
34.6967
0
5.75461
12.0116
57.008
7.12554
2.37552
29.4428
0.559785
4.89597
7.50053
13.6381
11.7782
5.4507
14.7484
21.9337
27.1586
4.66183
4.97001
21.1702
31.7323
31.824
6.8256
1.54599
2.94128
9.11231
3.07992
20.9599
10.2761
5.56927
9.7157
4.7981
15.3899
7.39155
0.0278953
13.3791
0.0614109
12.415
6.28169
7.77915
0.21907
1.34355
8.68011
11.2512
12.5591
10.8493
4.20022
2.86955
1.65025
4.12859
15.8275
7.38571
4.41934
6.55624
4.35306
12.7678
3.78435
13.1648
9.59429
0.201429
16.1894
12.9281
4.01142
6.58049
1.26157
16.9164
0
4.65341
2.16251e-07
3.42463
2.68184
0.829044
7.32127
2.62442
0.953431
7.30219
4.77632
9.44459
0.384731
8.22117
1.82173
0.824098
8.62521
1.09052
0.29027
0.00139648
0.197345
0
6.92719
7.21865
16.189
33.8385
42.3088
16.3144
7.11845
0.311062
2.03066
0.144529
9.47368
6.07993
0.0341711
14.9119
8.94968
1.00242
2.86625
0.0258789
1.09208
4.83987
0.00173099
1.52071
6.70148
2.41072
18.4693
7.80894e-06
0
0
0.0757424
0.141098
18.6457
20.6193
10.026
0
0.0353638
9.34559
3.95103
6.52859
4.52847
5.0023
4.15919
5.66181
1.89663
23.8559
5.2935
0.00029406
5.20594
5.20446
3.99262
3.06842
4.50609e-06
4.62489
7.43981
13.1969
2.66155
3.26191
5.07667
117.439
5.41356
25.8897
3.53308
115.705
3.98172
4.11871
7.60623
7.26396
10.4009
12.601
7.6144
37.9402
7.11546
11.2375
6.11917
6.83282
17.8867
1.5083
6.28275
0.123586
3.98055e-05
0
5.22909
3.1008
0.644372
0
0
0.00322727
6.91334
0.0646576
0.281751
0
0
2.26965
1.12054
0
6.90452
0
1.32798
4.03553
0
0
1.21391
0.841368
5.96056
0.784183
0.383475
1.24658
0.88877
0.577083
1.04086
2.97289
0
1.25998
11.9866
7.25423
0
0
0.278157
1.04968
0
0.318102
0
8.54758
0.977518
16.3683
1.9456
7.00075
0.206614
15.7908
0.818545
9.15628
7.9163
5.39382
2.54481
19.4219
3.59891
0.482033
2.60517
0.876011
1.20282
0.63152
0.159912
10.7809
16.5345
15.4654
23.6374
6.05747
0.0442771
0.107603
0
2.40078
10.5939
8.38296
2.8495
8.23801
2.96061
2.31884
23.4722
0
2.26873
14.5219
10.7068
19.7121
18.9655
12.6168
25.068
2.32663
2.9685
14.7907
6.80566
21.7501
37.3803
6.52578
20.8118
1.89964
14.2116
27.0012
1.41078
0
0
2.43107
5.55382
0.423507
2.16559
0.181302
10.4736
14.5429
3.996
6.70772
23.3146
4.34871
6.99215
1.87498
4.62627
0.720166
0.227566
3.32541
1.32186
8.28295
6.32908
8.74976
9.38425
10.7337
21.3291
0.738982
0.00130518
3.75088
14.1493
23.9467
10.6567
11.0461
0.0345342
17.4197
8.92712
2.25763
12.0481
1.00465
3.79602
1.28371
26.7169
7.3161
2.78496
0.0194209
4.59907
36.8063
0.0337819
0.0110676
0
0
0
0.960009
17.0623
1.95947
4.65139
0.0314769
0.0693295
5.85909e-05
5.71578
1.7269e-06
6.60512
0.314379
0
10.3956
1.35718
0.0293759
1.57379
1.84957
2.05811
0.970367
0.233503
0
5.63622e-05
0
0
0.000836169
0.634334
1.15028
0.726743
4.8192
3.99501
7.08906e-09
0.359924
0.399232
9.99769
1.16395
1.07979
43.6639
0.169157
0.706073
6.18591
6.32619
4.72515
2.9331
10.0158
0.00592264
0.0552796
2.89014
0.952491
9.94048
10.0677
5.68065
2.88693
4.66724
3.62738
0.256462
0.807646
13.4469
0
0
0.498656
0.904139
7.06533e-08
6.79182e-05
0.0748542
0.0203645
0.00459668
4.87894e-06
0.00108557
0.556674
0
1.29416
0
1.68827
0.0263296
13.5287
0.0369273
1.13991
9.63775
23.6969
25.4404
21.1453
3.04048
10.1665
19.0238
4.93517
1.90074
15.6663
41.7392
1.44715
2.5855
14.7999
0.598386
53.2352
18.096
17.6608
23.7542
16.1503
1.71091
9.15553
0.825566
2.58827
0
19.0945
2.19335
2.39943e-06
13.9325
25.8249
0
14.0777
9.11166
5.64135
10.8307
0.218857
11.72
14.2758
14.5701
9.26563
13.0196
30.1518
3.13336
5.43739
13.3865
8.03813
2.53804
2.40331
14.0061
1.59777
1.55272
1.95903
2.2083
2.42165
0.630927
1.57166
1.6644
1.77731
1.79036
1.39888
1.95834
2.49766
5.53382
2.49135
1.40666
2.16391
1.18543
0.901604
0.031755
0.0502642
0.727448
0.783378
0.0064145
1.48448
1.50952
0.929329
2.10131
1.47191
0.29674
3.03297
5.26426
0.0981224
9.80406
2.68688
0.106375
0.0226452
1.7489
0.0328499
0
0
7.95478
0
3.72691
7.76338
14.1448
0.345891
1.77863
25.0475
13.5209
9.87298
0.36604
7.4048
45.323
4.91966e-05
19.2792
12.4722
0.627952
1.03692
6.19861
2.86525e-08
1.91917
3.82391
0
1.25589
0.891788
20.2149
5.0586
0
0.180665
0
13.016
1.37929
0.793422
0.00660436
0
14.1265
19.0919
19.3909
22.1962
0
30.4588
25.9359
5.59372
28.3628
3.78045
23.3307
7.46542
0
0
26.6213
1.41997
0.0981468
0.421691
0.00144689
0.244082
0.0276991
14.0854
0.00540347
0.149339
17.8458
0.518116
0.084493
0.000110213
0
14.0954
10.9861
0.905824
0.674967
0.0243687
0.911028
0.082327
0
3.10346
0.00167246
1.15823
13.1386
0.652408
0
3.48093
0.00109658
0.00010619
0.0140796
5.47433
6.19206
4.79669e-05
0
0.000577819
0.000110224
11.1298
0
0
0
5.02013
0
0
0
0.00032974
0.00041142
1.27462
0.597267
0.638416
0.683477
0.00259384
15.4296
0
0
8.9383
0.0601089
0.889357
0.0056097
0
6.02342e-06
2.75067e-07
0
0
0
0.0148842
0.677444
1.01799
4.01955e-07
35.2952
1.19179e-06
0.353161
1.06609
0
0.00613696
0.491891
8.59725
0
0.0674592
0
0.810646
4.82491
1.82681
1.87826
1.6701
0.120062
0
0.153589
11.2946
7.02485
0.292733
0.904545
0.0823124
0.0612557
32.6833
0.0888641
2.97789e-07
0.0928482
2.26809
1.50948
0.571714
0.00197999
0.0468113
0.641667
0.463093
0.183331
0.242395
5.66613
0.000616343
7.68023
1.04111
0.590381
0.890256
0.115037
1.55177
12.0037
0.291507
1.49439
3.64933
14.9153
0.00740157
1.13743
0.173853
0
23.9436
1.66216
0
4.36815
0.863251
0.000181005
0.365439
22.1671
0.663078
0.580306
8.62589
0
2.41439e-06
0.967374
1.00461
1.45812
0.000217469
0
3.92131
0.552079
0.320975
0.830827
4.47808
0.235029
19.9212
4.02865
1.4992
0
3.20046
0
1.70247
17.3003
8.06791
6.45197
0.867561
3.20503
7.94705
24.4123
18.8625
0
8.22915
22.8393
5.34289
22.9836
2.12773
0.0366798
14.4606
0.454681
21.6734
2.00252
0.816843
11.5708
0.102686
0.117134
0.778253
1.31278e-05
15.5161
2.18818
1.79047
12.3898
24.1013
0.0349434
14.0667
7.96318
10.8771
2.60525
1.64387e-06
21.827
20.5647
2.51546
0.0449291
15.559
11.1919
0.385043
0.0679892
20.8981
21.9106
29.7856
7.7976
35.3856
10.3401
14.2942
26.1438
1.43661
23.4632
1.13209
6.83755
11.6908
2.75318
5.24912
0.483179
0.758561
2.76489
2.99846
5.03097
0.0808827
0.00375412
0.0106872
0.414633
2.20232
5.09577
0.747679
0
6.07939e-06
0.470523
0.727994
2.29651
1.55599e-06
2.1175
28.0743
1.33548
3.14466e-06
0.0554242
4.27065
0
0.446843
4.78534
5.80987
7.08316
5.13326
25.7542
0.494869
4.41147
0
0
50.632
2.50686e-06
0.674517
16.5551
0.934539
0.00579622
27.4455
1.73289
0.659671
1.41974e-08
0.239134
40.0112
7.29423
0.042421
12.0905
0.504486
1.10245
23.58
3.66835
1.73546
9.81052
5.93541
15.6744
3.31338
2.34299
0.8678
0.187537
1.09178
1.71515
2.1137
1.2026
63.6305
1.17846
18.6515
9.12854
1.13488
11.9178
14.0604
15.946
7.47893
0.90297
1.08757
0.195161
0.000850384
0.123045
0.699242
0
0.081357
0.940633
0.414042
0.596966
0
3.49411
5.779
0.001229
29.0392
5.14437
2.9246
13.3999
6.51154
6.64134
0.468781
13.8077
13.1882
12.0933
12.4078
8.70492
10.4587
8.14699
4.84656
0.551325
6.21614
6.70031
8.28542
2.52353
6.2561
3.21845
3.27709
1.07712
0.774849
0
0.000270576
0.0659254
0.376208
0.00161746
0.143909
10.8138
0.000715611
1.11088e-06
16.3466
15.1478
12.1236
6.26446
2.97316
4.36134
0.460998
4.99397e-08
0.589771
0
0.000709181
16.7412
0.00731877
0.0255031
1.68907e-06
4.53021
9.50805
8.57648
0.785394
2.92548
0.601984
1.69069
0
1.83136
0.00707497
0.193052
1.53734
0.379289
6.72924
1.26841
0
5.72059
0
1.20409
7.52291
3.00865
0.203534
1.89717
9.37308
6.78828
2.96088
0.194164
0.00123345
0.225599
0.685907
3.35112
8.93588e-08
0.170896
0.526278
21.4853
3.03974
0.0024405
15.2929
0.253811
16.8729
0.000565217
0.00176464
17.4596
