2.10366
1.92642
1.39355
0
0.703954
10.0998
0
1.12741
11.2678
3.42258
2.97457
0.298181
4.53116e-05
0.412124
3.53075
0.958107
2.18538
2.70183
7.23809
2.80507
11.9674
0
0.00038831
0.00274093
1.24996
2.18653
0.955126
0.851108
4.79701
0.812046
0.767886
0
0.0745876
0.0182129
0.0878661
0
1.11584
1.22193
0.139321
0.712206
1.77141
7.02915
0.409068
4.70992
1.15387
0.2145
2.56339
0
1.19068
0.835187
8.77995e-07
0.216198
0.286176
0.801181
2.8588
2.17797e-07
5.87093
2.10585
0.00987326
0.408553
11.3434
0.00479612
5.53575
1.21349e-05
11.1913
0.00365993
2.3874
0.942881
1.43354
3.27718
1.79203
0
0
0
0.00837378
0.0137457
3.90666
0.07375
0
0.0410898
5.855e-08
0.977632
0.261087
0.682696
2.73506
0.915848
0.868509
0.0968956
4.29023e-09
0.586851
2.97977
0.809742
0.901527
0.206567
0.521785
1.96274
0.871668
0.26569
0.859436
4.19872e-06
0.875613
4.80649
1.04701
1.93605
0.139277
2.46728
0.0186343
1.74925
0.815969
1.6873
0.127354
0
0
0.020092
0.798045
1.90939
0.579604
1.23306
3.60052
2.42783
2.15699
1.49032
2.65481
0.851111
0
0.00917789
2.90139
0
0
1.1654e-06
0.679019
0
9.38764e-05
1.16846
0
0.240863
3.32888e-05
0.00795538
0.0396313
1.0674
0.058615
0.033219
0.0718051
0
0.321906
0.532985
0
0
1.66438
3.86354
0.0353837
0.00945856
0
0.916804
3.8352
1.03767
2.46623
6.3054
2.30467
0.0916943
1.94519
8.71854
0
0.684789
2.18237
0
0.072461
0.0129354
0
0.179335
0.0106353
0.0651016
0.0306083
1.76909e-05
0
0.184951
0
0.16353
0
0.161514
0.000230695
7.34567
0
0
5.51794
1.8917
4.86075
1.92595
2.65456
22.316
5.09394
4.38553
4.92379
3.15404
0.0266028
0
4.89729
0.000616032
4.89112
3.29766
6.38641
7.3819
2.30471
9.51432
4.84986
1.2744
3.04478
0.00848706
6.05635
2.2071
12.6296
4.0698
0.0146254
7.1251
8.35821
8.80923
0.147353
6.5776
4.87432
1.05568
1.14301
0.797677
7.64313
2.63565e-05
4.19914
5.56224
2.0603
3.54356
2.92404
1.36372e-05
3.70472
1.93418
4.35475
0.00780846
0.432425
0.206134
0.634457
1.68137
0.918096
2.23012
1.16226
0.00464692
0
3.67027e-05
0.0792098
0.911871
0
0.018905
0.0838355
0.98301
0.0234373
0
0.0495089
1.32504
0.022226
0.000946934
0.0263832
0.935511
0.313827
0.50178
0.264323
0.937067
0.0544077
0.0951242
0.754711
0.0264189
0.00014628
0.00279921
8.53306e-06
0
1.57329
2.4701e-06
0.116433
0.0012035
0.0272262
1.80215
0.0796121
0.0857946
1.49951
0.229437
1.79284
0.0160052
0.0741269
0.115083
0.24449
0
0
0.871698
0.287176
10.4818
2.13223e-05
0
0.161822
0.15566
2.48481e-06
0.127813
0.795797
2.75116
2.4225
0.639536
0.972291
0.976313
3.68301
2.75257
0.628643
2.56573
3.18527
1.14166
0.420133
0.0627759
0.0631424
0.730656
2.03955
0.212388
0.973936
1.21208
4.65462
0.0497367
4.32154
1.71811
0
0.402845
0.132455
0.0220791
4.16318
3.96021
8.94274
0
0.0137963
6.92605e-07
0.127645
0.130919
0
1.62919
0.792041
3.45662
0.592539
1.12421
1.53119
0
29.2156
0.70754
1.64182
0
1.94099e-07
0.0304583
0.697947
1.34287
0.824496
0.44526
0.589259
1.61675e-08
2.00692
1.00585
0.0751017
0.319061
1.39644
0.0659172
0.000562536
0.13328
0.433114
4.40717
0
0.00802655
0
0
0
0.00132204
0.534564
1.0433
0.000291095
0
4.08517
0.171802
0.00125362
0.052291
0
0.575805
1.50926
1.92029
2.95978
0.0199254
7.53899e-05
1.63359
3.47912
2.26147
0.997158
2.23469
0.000351127
0.396235
0.837456
1.01031
0.135628
0.0649494
0.945399
0.561113
4.02916
1.34921
2.05032
8.56308
1.96702
10.6736
1.49424
3.04973
2.21826
1.25232
1.59369
2.71055
1.52082
1.71908e-07
1.70077
0.74992
0.326448
22.9775
1.63634
0.870603
47.2839
4.27974
1.83912
1.59085
3.34547
0.10273
0.000308851
0.836593
0.644664
1.97032
4.36307
1.49128
1.60275
3.52518
0.402268
0.782728
0.557582
0.922709
0.371528
0.703167
4.23288
0.24116
0
1.54866
0
0.0101813
0.713278
2.05532
3.64773
0
0.00845763
0
1.28838
0.181026
1.77685e-06
1.81396
14.0213
0.290071
4.79921
1.49507
4.23866
3.17453
4.0989
3.29662
1.13357
0.177946
1.62729
0.00934215
0.276888
0.0851137
0.80021
3.10117
1.43101
8.07411e-05
0.0503337
0.708832
0.2882
2.05173
2.02633
0.137358
0.829993
0.675154
0.917437
1.96756
2.73087
1.18577
1.6937
1.8793
2.15934
1.38902
4.47105
3.28262
2.1862e-07
2.74804
5.09238
11.6944
1.54556
0.00555615
0
0.25379
1.16116
0.0949445
1.23252
0.0055508
2.39506
8.97418
4.61522
4.61296
8.58432
1.70481
1.18855
2.03897
0.529628
0.655699
3.83177e-06
0.977562
0.00392057
3.11922
2.73571
4.61777
5.14054
1.9391
15.0536
0.151941
0.169287
1.13341
3.83176
0
0.0164995
6.91284
0.00088157
0.409799
0
0.993615
1.1456
5.05737
0.00533402
0.650333
0.0879171
1.50669
1.20045
1.24266
0.672025
3.9129
2.18264
0.943792
0.628236
4.05498
6.49868e-08
0
0.161301
0.617903
0.643356
0.870808
14.9962
7.9194
0.47715
4.4354
0
2.1114
7.966
5.58507
1.32316
5.98273
2.38194
1.04771
6.57022e-06
2.32234
0
0.0684719
1.72122
0.424028
1.27713
0.0180317
2.54927
1.88833
0
0.306005
0.388133
0.192875
0.0524379
1.35404
4.80682
0.145932
0
1.98038
0
2.00252
0.891372
0.00210611
0.173643
0.00484619
2.33075
2.20959
0.0709636
0
3.20952
0.69001
8.51429
1.45214
12.0802
0.049332
0
19.4973
3.40342
2.83726
2.03724
0.0711387
2.45489
3.92604
0.0133862
0
0
0.534632
0
0.0268383
4.492
2.5103
0.0948258
0.197985
0.00695723
1.15894
0.212979
0
0
0.000791546
0
0.0121641
3.80213
0.492912
0.896921
2.38827e-08
0
1.80038e-06
0.0169398
0.0190191
0
2.10955
6.17385
0.000145974
9.31596
1.65694
1.53205
0.0302444
6.68255
0
1.15926
1.75375
0
0.985993
0
0.517368
3.59929
3.02749
0.000124959
1.93044
1.13492e-05
2.66947
0.430977
3.69662
4.96846
0.202126
1.59596
0.499045
0
1.3883
0
0.0102043
0
2.12889
8.72928
11.4389
2.576
0.376787
0
1.71402
0.471724
5.18398
9.00485
0.00176391
0.0900516
1.94394e-08
0.711409
1.28142
0.132876
0
6.48486
2.77935
0.448743
3.53884
0.272582
0.000669284
0
1.85337
0.342821
1.27445
1.10093
4.3697
5.3779
0.222423
0.177857
0
0
0
0
0
0
0
0.0358843
6.17355
0.69237
0.614492
1.95825
0
3.74025
0.235753
1.28746
1.38694
0.0367634
2.72982
4.56707
0.890738
1.34929
1.92266
1.95477
4.05895
4.17598
3.93122
7.38514
0
0.155798
5.057
1.40041
0
2.25771
0.00649896
0.554143
6.23914
3.57598
5.35852
7.33512
2.51291
5.75432
0
0.0583465
2.13665
0.509902
0.328301
0.00234025
2.8742e-05
0.0255273
9.20458
0.00908386
0
0.014799
0.513531
3.18892e-08
0.00758242
0.335056
0.554231
3.28949
0.97763
0
0
0.039868
0.795125
1.05883
0.00416848
0.476902
1.49694
0.045773
8.44932
0.495116
1.33124
8.3317
0.917387
7.91257
0.124636
1.34661
2.01944
0
1.00825e-07
0
0.680791
0.00173608
0
0
0
0
3.56306
1.60424
2.15151
17.8363
3.56362
1.47658
3.46245
0.443255
1.09347
0.865541
0
2.14969
1.08558
3.43677
1.6692
9.02422
4.21206
2.34855
0.264313
0
6.52483
0
1.13594
0.0681141
0.0636452
0.503484
0.911061
1.60947
0.116208
0.65614
1.94868
7.64908
0
0
0.0729602
2.19831
0.0153
2.14448e-06
0
0
0
0.674826
0.306912
0.858257
0.159762
1.54518
0.179701
3.97181
1.85081
2.92645
2.02189
1.31586
0
0
2.68261
3.83824
1.8376
0.0530569
0.979122
0.901648
0
0.911931
6.47207
0.897487
0.634007
0.00411453
2.94818
0.573465
1.66898
0.885541
1.348
0.962455
0.047126
3.55829
0.00011402
0.00268352
1.69497
0.591788
0.687637
0.281204
0.0250137
0.0170804
6.38011e-06
0.911169
2.34471
5.25324
3.60422e-06
0.0784328
1.67966
0
8.02401
0.000881818
0
0.00659982
0.528967
0.813467
2.34574e-05
2.51331e-05
0.0492572
0.995205
0.66621
0.702291
0.00293477
9.95788e-07
8.76201e-05
3.44948
5.87862
1.11012
0.400626
3.3136e-05
6.32372
1.69898e-05
0.870937
1.46637
0.549914
5.06736
1.57506
4.7816
0.033343
1.58111
1.39194
0
0.503002
0.700715
0.812693
2.05434
0
1.30369
1.08147
1.34061
6.79347
0
1.58905
0
0.143293
0.0222422
0.0735377
0.00714881
11.2258
0.132607
0.390621
0.00109587
1.74327
0.16476
1.55984
0.442859
1.32765
0
2.58785
1.89854
0.142195
0
0.205239
0.0410144
4.67575
0.78506
2.71555
5.57097
0
0
3.39662
0
0
3.35589
5.53112
1.44495
0
4.05358
6.57998
0.00483476
1.37807
1.81177
6.09669
0.0602795
0
1.8462
0.0310146
2.77555
0.00198816
0.454662
0.865455
1.16448
8.1812
0
0.00162014
0.596393
0
3.08213
7.26591
0
1.66723
5.12899
0.652949
0.921416
0
0.000306144
0.905364
0.000468283
2.34645e-07
0
0.0663071
0
0
0.980935
0.0184368
1.20755
5.91275
0.0328974
0.911955
0.0130504
0.439615
8.61296e-08
0.09673
4.39773
0.986115
1.01269
3.9377
1.7345e-08
0.872657
0.58971
5.19704e-07
1.48101
2.00184
0.000113578
0
0
2.87103e-07
1.77153
0
0
0.366253
0.0547112
0.203647
3.63298
0.00461896
0.0747907
0.911866
8.37768
6.78633
0.892222
0.2187
0
0.877958
0
3.73088
0.919373
0.0280323
0.602157
1.51914
0.984475
0.130952
1.18304
5.2589
0.0317863
0
0.0136965
0.57652
0.86017
0
0.617455
6.97679
0
0.149961
0.26216
1.94934
0
4.14153
9.419
0.393505
6.72701
0.0968054
1.32586
6.19349
2.83278
0.00360599
0
0.102109
0.602994
4.20293
1.82817
1.72932
1.85457
0.072299
0.0860243
3.03045
3.9679
1.7466
15.1477
0
21.7753
0.918823
1.69957
88.8218
6.05693
0.000467948
0
0.0703831
1.83355
0
0
2.71834
1.47076
0.0176318
0.290521
0.541088
1.42233e-07
5.42543
0.606656
2.4834
0
0.0480772
0.0217004
0.647293
0.268372
6.86571
0.157663
6.54097
1.7038
0.0629694
0.132529
0
0.899811
0.905405
1.80788
1.00875
1.35013
0.811717
0.885669
0.899886
0.65609
0.831073
4.84187
3.91864
4.75737
0.198012
3.78947
0
0
0
0.919142
0.274494
0.984015
1.90524
1.46033e-06
3.03868
0.542455
1.02746
3.81849
4.69201
6.29062
3.77038
1.39079
2.23139
2.83838
0.0687317
0.0952329
0.859863
3.94721
2.07055
0.166127
0.000269863
0.614177
1.06093
1.19173
1.59973
4.50896
0.739819
0
0.717127
2.55278
3.05482
0.188257
0.465456
0.730774
0.000352922
1.30288e-06
0
0.708694
4.53737e-06
1.45306
0.872566
0.199919
0.00657467
2.67265
1.34845
0.92667
0
0
3.41931
3.12471
5.66739
2.65378
0.0470664
0
1.20447
3.08411
0.666915
0
1.3605
2.04086
1.43457
0
0.844102
1.22595
0.565497
0.169434
0.000662223
0
0.000599701
0
0
0.141726
0
0
0.158008
0
1.49603
1.71588
1.2741
3.02236e-07
0.241208
1.44807
0.904288
0.0108086
3.35922
0
0
0.0072173
0
1.14015
1.52299
0.0720277
1.6276e-06
1.25118
0.0328906
17.0167
3.16092
0.0585268
3.48436
0
0.94865
10.1608
4.50035
0
0.00431574
0.00235795
6.17229
0.274096
0
0.0889116
0.825384
0.483554
0
1.57078e-07
0.12311
1.03893
1.40487
0
0.746134
0
0.147962
0.892068
0.0529236
0
0.850915
0.10666
1.078e-07
0.00686548
0.0200641
0.23992
0.858586
1.59223
0.00326592
0
0.770117
1.18137e-05
0
0.614521
0
0.0207919
14.4978
0.709896
0.0748302
0.766598
0.707778
0
0.612756
3.8113
0.140798
2.49514
2.2902
5.3894
3.8744
4.2381
8.45628
4.63574
0.0231886
0.800519
6.28364
6.79091
4.08993
2.78708
0.782379
1.17607
2.34358
0.00741202
1.4404
0.983464
0.000751736
0.0698323
0
0
0
0.569092
0.813657
0.104579
0
1.31627
7.47194
1.5726
0.0174778
0.678193
0.0138821
0.208669
0
0
9.1719e-05
0.0279027
0.313358
1.46092
0.374939
5.63396
9.99906
0.765178
0
3.33939
3.02259
0.0426373
4.81854e-07
3.76496
1.39911e-07
1.05044
2.09571
0.00252843
0.0334058
5.34122e-09
0
2.15738e-05
2.1105
0.534888
0
0.567804
0
0.0465882
0.0837864
1.22251
5.04764
0
4.43316
3.16991
1.36194
0
0
2.66592
0
0
0
0.236408
6.83733
0.187927
0.110777
1.3802
0.374316
9.01167
7.88633
0.16091
2.50604
0
0.616578
0
0.482517
2.262
1.69944
3.0677
0.000766502
0.0203222
9.2136e-08
0
1.42476
0
0
0.58019
0.0071584
0.189849
0.571003
0.0732169
0.000151718
6.01598
0.0187651
0.241827
0.119602
0
0
0
7.96755e-06
0.00156333
1.35693
0.21101
0.425334
6.36086
5.01327
2.57518
0
2.3653
3.21136
0
0.638266
0
0.00678844
0
1.95652
1.54244
0
4.7484
0
22.5997
0.120224
4.35448
4.20108e-09
0.0236113
0.0570028
0.00321035
0.562646
0.630685
0
0.324393
0.0133454
0.00014239
9.98314e-06
8.11831e-07
0.0507687
0.135167
1.66675
0.247159
1.3232
0.755659
1.02517
0.00636073
12.5021
0.000175417
2.06991
2.19889
0.0613452
14.8001
11.9849
0.0347119
0.945527
8.15444
18.0599
1.25327
5.92335
0.601227
7.6135
5.36183
2.92625
1.90063
0.00630393
5.52513
0.93778
0.991606
3.59767
2.47112
3.21598
2.43005
1.99655
2.67903
0.000736049
3.77971e-06
6.98414e-06
0
0.987142
0.156172
0.19813
4.79128e-06
0.721296
5.71353
7.04254e-08
0.478545
0.0181401
0.992121
0.220141
8.67079
0.0345874
0.246062
3.1682
4.83696
0.167654
6.53603
0.780822
0
2.84131e-07
3.85325
0.75776
3.51702
2.11992
0
0
0.0576729
1.01247
0.097294
0.000223462
0.678009
0
2.50378e-05
0.327169
2.05198
0
0
0.00408791
0.0485782
0.000415153
0.453677
1.01455e-07
6.98792
0.00538976
0
0.72703
1.31065
0.0855525
0.775361
3.71889
0
1.52899
10.9941
0.631993
0
8.40634
0.0825533
0.00794786
0.00012181
0.0244718
0
0.000778294
3.7985e-07
0
0.0464218
0.799843
0.0245712
0
0
0.0259608
0.950367
0.552577
0
0
0
1.19635
0.919717
0
9.60486
0
10.1742
1.71277e-05
0.0692322
9.00613
0.0500524
1.64105
2.46834
0.507534
0.192443
0
3.68478
1.81938
0.879117
2.05138
0.373675
1.65223
0.125719
0.000500441
0
0.600147
0
0.109977
0.034556
0.0523035
0.803272
1.57607
1.0586
0.448563
0.282213
0.563559
0
0
0.00389667
0.875285
0
0
0.528949
0.00839705
0.248792
1.14502
0.472837
0.83229
0.101581
0
0
0.00493347
6.24347e-07
0.0492991
1.21174e-05
8.64136e-09
0
0
0.864081
0
0
0
1.49947e-05
2.04365
0
0.129832
0.565692
0
0
6.89335
0.00210299
2.47578
0
0.00999614
0.777747
0
0.581602
0.00238561
6.88902e-06
0
0
1.66976e-06
2.07139e-05
0.0170769
0.98076
0
5.48128e-06
4.36475
0.00221568
0.0795199
1.61684
0
0.492478
0.567326
0.377927
1.97318
5.17109e-07
9.86092e-07
1.02686
0.954809
0
0
0.0822746
1.08287e-05
0.807838
0.0116324
0.341316
0
0
0.267091
0
9.3657e-06
0.000170947
0.426028
2.54804e-07
3.23879
1.04158
0
0.302154
0
0.0209254
3.61679e-05
0
0
0
0.359273
0
4.49125
6.23087
5.12885
10.3225
0.808394
2.1849
0.329078
2.12877
0.276759
0
1.06035
0.0140821
1.58052
0.00649679
0.900326
0
0
0
5.16655
0.00493364
1.77112e-07
4.6775e-07
5.43453
0.041301
1.50143
0.222914
0.852379
3.23693
7.32318e-05
3.92121
0
0.43649
1.12511
0
8.1756
2.78158
5.70841
6.21461
1.75869
0.0992114
6.51446
2.10369
12.3937
4.27371
6.21354
1.15615
1.86103
0.688866
0.974117
1.31452
0.0294666
3.47381e-06
0
0
0.496832
4.52349
0.443028
0
2.37531
3.00934e-05
0.830834
0.734628
1.26958
0.00230094
2.14646
1.20688
1.35112
2.67572
7.2711
0.800107
1.31718
0.00354945
0.480739
1.96978
3.13532
1.0877
0
1.20613
1.3663
0
0.446935
0.350616
0
0
0
1.74559
0.00956848
0.0819143
1.48747
1.46234
0
0.234379
0.166406
0.311745
0.980174
0.172226
0.804196
0.0387015
0
1.70103
0.386468
0.00369849
0
0
0
0
0.948184
0.574421
0.857202
0.00592267
0.168231
0.0392103
0.0128707
0.135248
0
0.964057
0
0.630495
0.439342
0.0430303
0
0
0
7.89373e-05
2.72676e-07
0.585857
0
4.06395e-08
0.944252
0
0
0.963405
0.0382981
2.34126
0.391884
0.180856
0
2.49877
4.29593
0.0900687
8.42085
7.15525
14.6237
16.5576
8.65838
15.1305
10.7371
13.146
2.58075
1.93809
0.184244
1.22916
1.38755
2.03157
2.28903
6.47435
4.3262
2.69447
1.47081
1.60421
1.8253
3.09659
7.84351
0.19456
2.08155
1.29853
5.70537
1.6554
1.72692
0
3.04656
0
0.169637
10.1339
13.184
4.14071
0.0418849
2.03428
3.37216
2.86115
0.0869967
1.38296
1.82848
2.32061
2.75398
7.87476
8.66897
1.8455
1.64152
6.56223
1.89084
1.07993
1.4343
0.903425
1.51739
3.81571
0.866682
0
1.50784
4.7429
0
0.0520627
0.907505
0
0.117143
0.0804174
1.09371
0.361578
0.888273
0.2705
0.00544818
0.0352986
0
0
0.026957
0.779165
0.00306483
0
0.600038
1.74136
0
0.000531019
0.00910442
0.443869
1.61039
4.19148e-06
1.24093e-06
0.915154
0.0621714
0
2.02732
0.821124
0.238939
0.358424
1.7941
0.00389697
6.03012
0.839522
10.7667
1.34414
1.93331
2.08114
1.7305
1.89852
1.16909
2.98564
0.755029
3.97133
1.30275
0
0.0292734
0.0598943
3.50719
0
0.683364
0
1.09837
2.66455
0.0444085
0.533007
1.05712
2.01284
0
1.36512
0
0
1.57003
0.731938
0.906556
0
1.04496
0
0.0355361
0.21058
5.00949e-05
0
1.03416e-05
0.000592458
0
0
0
0
0
0
0
0.0534973
18.9185
6.52173e-07
0.000535154
0.000497931
0
1.75038
2.64758
3.81278e-09
0
5.47932
3.69216
0.780262
5.49556
0.0762712
1.53643
0.278838
0
0
1.75743
4.0935e-06
1.65161
0.905154
9.02801
1.84846
0
0.00861609
0.676374
2.98291e-08
3.71405
0.0568962
0
0.253698
2.51074
0.319096
1.8953
0.193875
0.909374
3.60672
6.14525
1.785
0.00148631
1.15779
1.58415
0.0365017
0.823771
1.9892
3.38108e-05
0.0125088
0.255327
0.181936
1.96872
0.0672992
1.44148
0.992103
1.40766
0.619592
11.7849
0.952031
0.0254022
0.122538
1.09428
2.26463
0.13754
0.172706
23.6554
5.45927e-07
0
1.32128e-06
0
2.35969
0.861111
4.10326
4.79884
2.64762
3.41671
0.144915
4.52399
8.59794
1.1932
2.51762
0.0858623
66.6191
1.80716
0.0281481
0.507173
2.84274
3.07959
3.37597
5.68837
2.20262
0
1.50822e-07
0.0215657
0.00159386
1.18128
0.179571
0
5.1551e-06
1.14706
1.59199
0.360497
0
2.84982
0
0
0.000992856
0.110296
0.0153029
5.89283e-07
0.000587567
0
1.36379
0
0.0496306
2.9925
1.23449
5.32898
0.300603
1.80659
0.864992
0
5.79478
1.17941
2.1394e-05
8.95724
1.28958
3.37879
0.0414755
1.29219
1.09411
0.000258733
1.54254
2.29197
9.76632e-07
0
0.00155917
0.00473081
0
0
1.93343
0
3.21198
2.41189
4.18075
0
0
0
0
0
1.82686
4.67112
3.7725
0
1.08077
1.50709
3.94437
3.88894
0.725204
1.3657e-07
12.2039
0
0.000131776
0
0
0
0
0
0
0
0
0
0.174626
0
0.00726177
0.567146
0.0229651
0.0126262
0
0
0
1.13776
0.925629
0.0180399
0.0444448
0.000446164
0
0.839519
1.67806
0.489348
1.18572
1.61723e-07
0.000140464
0
0.978561
0
2.80209
0.719088
0.0532677
0.107693
0.544669
0.701238
1.68171
0.598907
2.35694
2.33916
1.05315
0.809862
3.41166
0.612416
2.75151
0.132781
2.38851
1.9702
0.6771
4.95847
0.696629
1.64775
3.20763
2.67403
3.20689
0.990125
0.827768
1.88094
0.941156
0.92836
0.0562698
0.919292
1.37832
0.918538
3.23119
2.74617
0.248842
1.11523
6.1124e-05
0.959035
2.47058e-06
0.263861
0
0
0.0267686
1.77692
1.22667
0.705789
0.507886
0.136433
9.34894e-05
0.116767
1.78875e-07
0.100305
1.21464e-07
3.03506
0.862048
2.85283e-05
0.85707
7.41534
0.7339
1.432
4.79158
1.65716
3.1969
2.24676
2.96489
2.36046
0.125927
1.73088
2.68834
1.48578
0.759735
0.84598
0.66619
1.51666
0.224748
2.11728
4.27509
9.16288
1.93932
0.000447862
1.1655
0.219924
2.61454
6.85178
5.8839
6.16066
8.40583
2.52724
5.13456
4.23754
6.31566
3.09372
3.24828
3.50908
7.06823
8.61614
6.81356
5.05866
2.83105
1.04627
0
0
0.491736
0.503977
3.63394
2.75163
1.7309
4.38611
6.0741
4.11567
4.16026
4.72929
8.98741
4.15373
3.36711
1.56478
0.413152
0.799024
0.226659
0.676749
0.480773
1.49765
21.7652
0.0809146
0.0459877
0.47652
0.256368
0.143676
0.0857496
1.54993
0.26996
0.240255
1.34982e-07
2.04623
4.07571
1.58951
1.18226
0.829658
3.51014
21.5376
5.0956
7.98657
0.98898
0
3.97072e-06
0.744661
0.493626
0.0660691
0.208512
0.777758
1.81964e-07
3.88685
3.9002
1.50771
2.29423
0.344
3.76832
1.88767
3.20251
0
0
0.00530604
49.0361
16.3378
7.57759
0.269371
21.5021
0.249727
1.16642
0.571624
0.201179
0.140763
0.776265
2.09887
0.319914
3.21727
1.73807
4.64648
1.2855
2.48942
0.784978
2.55416
1.57556
0.285048
0.920458
1.12493
1.04482
3.35422
2.63839
3.19966
2.61689
0.975484
7.92578
2.62225
0.802368
1.15275
8.6547
16.2263
3.1917
5.26317
3.12423
1.51771
2.34288
15.3079
1.10389
3.05145
5.17711
5.98095
6.48778
0.976979
0.0228419
0
0.973976
0
0.0616663
2.97353
1.50613
0.0425795
1.26742
1.90515
0.767261
2.82993
3.95633
3.01678
2.26369
1.18199
0.663479
3.4257
1.44836
1.03036
2.26528
2.32426
1.50606
5.26847
1.51652
1.21866
0
4.15647
1.5122
6.54218
0
4.16976
0
0.650709
3.64809
3.83319
2.09383
0.661531
0.180586
3.25793
4.29214
0.255339
0.0217046
0.061732
2.37209
8.21382e-08
0.014407
0.709634
0.915341
0.629229
1.73366
0.0599039
0
0
1.10173
0.585827
2.29024
2.01512
1.15539
1.80032
0.00118193
0
0.00806787
0.821975
1.74673
2.44919
4.03693
1.06029
0.243828
1.3686
2.07622
0.148133
0.281086
0.445546
2.51111
0.389711
0
0.0323724
0.798599
0.713841
0.000767282
1.32817
0.758979
0.0314838
0.00167686
1.20739
1.23611
2.36569
1.44052
0.781561
0.0188988
0.29836
0.00366909
2.48435
0.000113666
2.13365
0.641675
2.05838
1.43453
2.06358
0.86561
0.00107975
2.82944
0.78437
4.49082
2.14903
8.94981
0.112122
1.23874
0.107588
0.00842054
2.74081
1.61735
1.05077
5.1908
0.764814
0.266051
2.97759
0.0996859
0.0499173
1.19855
0
0.786251
0
0.425632
0
2.21541
4.16512
1.74025
0
5.09563
0.00520115
0
1.31127
4.58188
0.302669
1.10359
0.592142
0.994583
3.53979
0.267589
0
3.66065e-07
0.0021507
0
0.643583
33.5214
0
0.0229701
0.0438736
0.446152
0
0.000320438
0.764143
2.88543e-05
0
0.57705
0.213793
1.02094e-05
0.0239881
0.0248768
0.119795
0.000616945
1.3647
0
0.922495
0
0
0.354931
0
0
0
0
0.00152774
0
0.110587
2.11003
2.52735
0.362739
2.85313
1.87388
1.51197
1.04176
0
0.354842
0.496036
0.0196103
0.332768
0.329185
2.90249
0
0.000178025
0.511974
1.4294
2.94245
2.59804
1.78584e-07
0.0678139
0.896361
0.231874
1.26541
2.94414
1.06149
2.0133
3.26902
1.40392
0.490491
1.94154
2.87326
0.622337
5.88081
0.190799
8.83233
1.07143
54.3904
2.33769e-05
78.2774
52.9277
4.60973
0.521117
1.78985
0.00588181
0
0.90864
0
0.696032
0
0.00714164
0
0.966463
0
0.84309
0.499624
0.334663
0.499899
0.63235
4.42234
2.79977
2.63288
0.46891
0
2.87402
2.51196
3.58623
0.42251
4.99794
1.39977
0.0306834
0.396261
3.78315
3.13867e-05
0.281876
1.60078
1.75344
0.376975
0.00868941
0.753782
3.59627
72.6044
1.32583
5.12942
0.409492
0.963679
0.00197611
0.445299
0.541633
0.409415
0.0127803
0
0.854422
2.33772
0.000119674
0.24529
0.937814
0.035507
0
0.338693
0.120888
2.92579
0.207883
9.91511
0
5.00464
3.22797
3.77389
1.6838
4.04363
22.0502
4.14915e-09
0.531916
0
0.0263095
0.412442
5.11424e-06
0.535832
0.435129
2.86128
0.000277078
0.105905
1.80616
4.20511
16.5296
0.793592
0.910498
0
0
0.734603
1.85854
0
2.62788
1.86427
1.97023e-06
0
0.711225
0.0133739
0.664979
3.26492e-05
1.14726
0.399063
3.5873e-05
0.456336
0.227577
1.8536
5.28539
2.22618
1.07034
4.34295
0.780882
0.0196062
0.773645
11.5437
0.853402
12.0776
1.38952
0.208686
2.87116
0
0.0909776
0.030783
5.19544e-08
0.0463626
0.0100693
0.000314012
0
0.0144385
0
0.000170247
0.928199
5.17649e-06
1.46427
0.00384337
6.10537e-08
0.153404
0.573578
1.02518
0.00181044
5.95203e-07
0.357468
0.681206
0
0
0
0.127082
1.58487
0.00353583
0.0719657
3.03524
4.49544
2.48298
7.72758
2.87506
4.95087
0.470396
2.44401
2.00513
0.48474
1.81073
1.16823
2.25297
0.0353728
4.77078
0
3.55802
3.21877
0.401819
1.49062e-07
1.44021
1.51245
0.816805
2.2456
2.12204
1.27608
2.9785
0.968875
5.08996
0.0109028
2.28872
0.336604
0.301537
0.379942
3.21061
0.800649
0.683011
0
9.9986
3.19431e-07
4.49671
11.7124
1.29536
0
49.2618
26.1494
0.0185493
0.0020032
1.99068
4.32636
2.75817
6.65349e-09
3.09087
0.113324
1.88292
0.115874
3.98856
0.848046
2.14116
2.6623e-07
0.890665
1.12501
5.14323
3.56009
0.984276
3.06245
2.13917
2.00722
0.994136
2.91313
5.83243
4.98386
2.48316
1.43942
4.5763
4.94283
3.54301
3.63038
1.67286
0
4.88747
2.33093
2.76231
2.69589
3.65772
0.985367
5.71972
13.1329
0.395853
0.166388
5.43249e-06
16.3223
1.49663
5.2756
8.76115
0.299456
3.2485
3.24016
0.44614
3.07868
8.99875
6.95389
2.23261
6.53344
8.06026
1.71604
1.29918
6.74331
0.824529
3.45472
4.7315
10.1658
7.43619
0.905854
7.08312
7.41209
4.24424
0.330975
1.2712
7.29751
18.7024
6.98756
0
4.94265
2.7143
4.39885
0
0.941623
1.72739
2.24613
8.36321
1.64959
1.7391
0.731196
0.661227
0
2.05882
0.584159
3.36783
0.0423892
1.61362
1.18118
3.39054
3.81913
6.45112
0.911911
2.64246
0
3.77338
4.31907
3.48085
3.2836
0.982506
6.95474
6.87754
14.9805
4.50095
3.76199
0.738044
2.58585
0.932615
1.3843
3.47354
2.76314
0.0126948
1.1922
2.39637
1.76708
0.0173167
1.80267
1.23604
0.46558
0.215995
0.136963
0.0141376
1.68505
0.0324085
0.547407
1.26683
0.990619
1.803
0.356178
0.0831045
3.1749
0.602278
1.48476
1.02699
2.49731
0.0102648
0.889757
9.33307
1.90787
4.062
2.71448
0
2.8014
0.183891
0.00758987
0.0590883
4.37377
0
0.109504
2.34807
1.14615
2.60855
2.05516
2.93847
1.55521
2.32534
1.51212
2.77141
1.41215
0.38328
0.977503
2.02584
0.646787
3.37468
0.666912
0
0.981597
3.59801
1.69483
0.0709243
1.69897
0.800285
0.116876
1.67442
1.55845
2.01111
1.53177
2.92716
5.84163
3.27365
2.05101
4.47664
5.33712
2.35011
1.08799
1.97501
1.60639
0.0172934
2.2151
1.73632
0.00918481
3.95721
0.00838085
2.9218e-08
2.24085
5.70275
8.33944
3.40322
0.0288616
1.80124
0.82975
5.83458
0.155243
4.02833
0
1.55995
0.00914176
0.147804
3.91497
0.206285
0.624919
0.596231
0.409252
0.25506
1.55223
0
0.93337
4.25395
0.851089
2.87153
0.223964
6.74508
1.04203
0.357881
1.97953
0.033206
2.08056
1.11672
6.67305
5.01655
0.289985
0.129385
0
3.73653
1.55302
0.000155299
4.97729
0.00598871
1.0203
36.1459
0.238042
20.4144
1.64642
6.8506
2.36906
0.77701
2.04077
1.24924
0.18885
0
0
0
2.31565
0
0.0190189
0.575266
6.3722
0.0932962
2.68394
0.678149
1.11048
3.75594
1.21576
7.61128
0.326966
4.29996
16.1403
0.00954159
3.84974
2.51875e-06
11.1388
4.02018
0.0747182
6.05669
0.920609
0.368654
2.09154
1.06329
1.00668
0
3.92796e-07
0.15043
1.14135
2.69931
0.463098
0
0.909866
0.178021
0.992613
2.04273
1.97669
0.0301027
0.422098
1.73733
0.259171
5.32873
1.63859
0
0.00571816
0.919299
0.939545
0.0494328
0
0
0.571999
2.68205
1.24958
8.21202e-08
3.09946e-06
6.27444
1.26319
1.96081
1.55913
12.7694
1.48031
0.00926905
0.91775
1.60295
2.32642
0.376389
0.958494
0.952492
1.04909
0.993299
0.0075671
0.10592
3.24803
37.1113
2.60121
20.8909
3.49101
4.45778e-05
5.87832
14.6575
0.0106164
0
0
0
3.25057
0.987615
0.72788
0.000184434
0.658846
3.28753
1.26434e-06
0.920691
3.03887
0.115305
1.66287
5.23109
1.23716e-05
0.322594
4.47066
1.71655e-05
0.96883
3.77715e-05
0.222009
1.27923
5.03342e-08
0
0.195385
3.7631e-06
0.0879269
1.17142e-07
1.24772
1.61673
0
0
0.0925114
0
0
0
0.0209084
0.00746418
2.19447
4.66662
0.0679044
1.03624
0.12576
2.30261
0.454596
5.26147
2.55772
3.60419
3.72574
5.45357
0.286228
0.308014
3.38036
7.5249
2.5744
0.350382
0.0710385
10.063
2.63891
3.80434
2.44915
1.91641
1.7049
6.5758
0
0.445331
3.80964
5.00224
1.65354
0.620747
0.0041954
0.00523113
0.345297
0.0142943
1.58285e-06
0.950974
0.143898
1.96354
0.518678
3.05826
0.338347
0.0230381
3.65348e-08
1.02153
2.88851e-05
2.0348
0.346694
2.67274
4.27746
0.00500608
0.609211
0.145808
2.83273
0
0
0.248561
0
1.03344
0.851761
0.296532
10.432
3.25044
1.4801
0.544113
1.68967
2.81824
8.68345
3.65914
1.60925
0.55022
0
2.47353
2.40229
0.000776004
2.19551
3.65115
0.0310904
1.97022
3.02688
0.0558279
5.52362e-07
0.0648352
2.54552
0.480727
1.78406
2.25849
1.03938
4.37091
0.978349
0.977492
2.56328
0.13403
0.00331268
0.767985
1.14169
3.17956
0
0.0987083
3.01846
1.10318
0
0
0
0.0267703
0
0.0599823
2.40226
0.00273018
0.212501
0
0.117328
0
8.06382
0
10.7196
35.6964
0
14.4586
0.731837
0.0920015
2.0349
0.51292
8.16055
0.0447337
0.000229477
0
0.0394622
1.55714e-06
0.0413266
0.0177178
0.0011576
0.8669
1.51603
3.28008
2.02922
0.31164
8.98795
0.873035
2.94957
0.0140666
0.0336772
0.523755
1.7941
0.860606
3.53944
1.38951
1.17144
15.3716
4.17569
2.39652
1.94101
6.39687
2.87772
5.25071
5.08598
1.26589
1.2752
2.32494
2.34217
2.94245
1.08729
9.29162
0
5.02622e-05
0.0549556
0.159258
5.63502e-05
0
0
0
0.728477
0.973796
0.507462
1.47594
0.111466
0.0108452
0.0173877
1.55757
0.000386857
0.869767
3.99631
0.133341
9.24482
2.74272
9.25929
1.17347
0.0764357
0
0.962619
3.31671
0.474403
0.606691
2.10983
1.9594
0.129357
5.27747
0.000456941
2.52929
2.77478
1.06247
0.941732
0.327378
0.593945
1.27427
0
1.06606
0
4.49126
0.0613829
0.583972
4.57931
0.639024
0
8.41389
2.00032
1.81247
2.53809
0.666858
3.85546
6.11102
0.334425
6.23457
4.25899
11.4923
0.10658
2.37206
4.44576
0.0199678
0.556466
0
6.70179
0.420995
0.224624
0.141883
2.70135
4.3796
1.66086
1.23624
1.73941
3.2601
1.06475
0.0208795
1.00809
1.23268
0.00620244
4.05116
1.15942
0.224007
1.89974
0.108631
0.376373
0.49863
3.27632
0.260555
0
0.0636803
1.03365
0.886744
0.0036884
0.963044
0.0240491
0.0034214
7.40681
0.042802
8.81442
5.58108
0.863633
2.75099
9.11553
0.0123962
0.134044
0
0.903134
0
1.9361
5.80369
1.06338
0.0866715
0.0237203
1.91293
3.36501
7.47846
0.555405
4.47491
0.693575
5.77988e-07
2.80954
8.23545
2.51559
0.977127
0.427506
0.207096
0.178939
6.62234
3.01395e-05
1.53954
1.0936e-06
0.0813433
0.190138
0
0
0.81509
1.38108e-08
0.627743
0.000573215
0.0136147
1.6675
3.29784
0.106737
12.1029
1.38802
0.0129705
1.83673
2.2393
1.37021
1.78288
9.48412
6.07673
3.18442e-05
0
0
2.05909
3.73694e-09
5.40881e-06
0.0301111
0.0388183
0.000228855
0.0114574
0.853049
0.00412489
0.811425
3.77485
0.0201491
0.956637
0.0393417
0.875571
5.79036
0.878138
0
3.10586e-07
0
0
0.0127025
0.0812109
13.4021
0
0.00112129
2.71046
0.686853
0.0419559
0.172227
0.264238
0
0.911917
6.41518
5.00336
0.00132807
0.232316
0.778487
0.168799
0.0114026
0.00116349
3.88246e-05
0.0121314
0.000171912
0.0693679
0.0218363
3.7078e-07
1.00131e-06
7.40492e-05
0
9.27814e-07
1.41663
0.0791952
1.43479e-05
0.40023
0.000113261
2.06532e-07
0.124877
5.98799e-08
1.56949e-06
0
0.675526
0.00127762
0
0
1.4059e-06
0
0.070508
0.907278
0.00993758
0
1.51977
0
1.02025
0.0238586
0
0.000445623
2.19264
3.22655
0
0.000694921
0
0.00173654
1.56297
3.19894
0.646929
0.0146978
0.282868
0
1.4952
5.62519
4.27225
2.62446
0
0.327224
1.38328
0.655824
1.90015
4.40095e-05
0
0.829405
9.85546e-05
0.366702
7.13591e-07
0.107027
0.00467313
1.12006
1.89909
0.325559
1.79464
0.00830938
2.27134
0.282181
0.243282
2.1845
0
3.15748
8.29529
0.579235
0.128012
1.06127
1.42672
0
0.130659
0.0922995
0.202057
2.73815
1.82577
1.2165e-06
0.964293
0
0.668008
0.479741
0.89068
0.000767052
0.935299
1.92854
0
0
1.08234e-05
0.324839
0.0497847
0.0298129
0.00352082
0.26614
0.477016
0.0389972
0.094713
0.683622
0
2.47393
9.98611
0.458034
0.502879
3.5315
2.76703e-05
0.0930235
5.67628
0
0
0
2.05275
12.0426
0.36994
3.13135
0
0.776308
4.35083
6.62293
7.13059
0.93617
9.79106e-05
3.82872
1.2904
10.9262
0.332327
3.48459
2.22914
0.382468
1.64566
0.0694794
0.742373
4.87159
0.00740389
0.00206897
3.44166
4.04862
0.00717394
3.09966
0.960267
0
7.26117
0.623073
4.1646
3.61707
0.800072
0.239908
5.36765
2.13519
0.0983255
0.78346
0.169841
0.300644
2.11447
2.40968
0.687313
1.70595
8.343
0.869543
0.901333
0.273064
0.88386
2.41305
0.887549
1.67962
3.89179
2.33055
0.00233084
0.384781
0.764308
0.135319
0.0242214
0.981265
0.212093
0
0.146155
0.755982
0.294687
0
0
0.0661266
0.00211565
0.0189744
0.00184236
10.6547
1.78505e-06
0.788705
7.58751e-07
0.0021309
3.76637
0.00266532
1.66765
22.2408
3.06287
0.530231
4.64406
1.1916
0.133176
0.0142643
5.15473e-07
0.0523266
8.24625
0
0.0626221
0.376763
1.55426
0.716983
13.743
2.38266
4.78071e-07
0.145648
0.616105
4.15811
0.354633
0.0260868
8.31974
4.18606
0.395787
3.80194
4.07238
2.69737
2.22069
1.74885
3.5375
11.0055
17.8907
19.3162
20.1025
17.216
3.42976
4.9494
0.0105376
2.37495
0.000695794
2.53411
0.468374
0.263269
3.96928
5.41814
1.50541
0.170671
0.0337272
0.000866055
0.000789327
0.00152651
0.145216
0.999104
0.387348
0.0348191
0.294267
0.0318933
0
0.00540757
19.7476
13.0499
0.979137
0.970304
15.938
4.47413
0.00681805
0.018972
1.5375
0
1.73601
7.51634e-06
0.0178103
0.0425919
2.65219
3.1677
2.70058
1.78389
0.72321
4.71639
5.22404
2.38768
29.9561
8.10718
6.94464
9.35868
5.01853
0.00683444
0.865888
0.327135
1.54736e-05
0.0216532
0
0.622508
0.802304
0.000253745
0
0.751001
3.34589
10.4237
0.506136
4.09225
1.38676
0.384898
0
1.91602
0
0.00219782
0.875941
0.025899
0.463329
0.35353
1.76489
2.28655
1.85286
1.93688
0.146545
0.08562
0.995056
0
4.11742
0.706739
0.881868
0.872763
2.23228
1.9364
1.79486
6.9859e-05
2.78372
3.46319e-07
1.96037
0.746535
1.45036
0.378943
0.429389
1.32798
1.25712
0.431477
0.00374909
0.270405
0.00650972
0.0124529
1.23329
0
0.005793
0
4.49872
2.22618
0.0868393
1.10396e-06
0.279452
3.95824
0
0
2.56617
