16.2787
3.46238
4.87079
1.13168
3.38782
48.1769
0
9.65259
39.288
5.85515
16.1195
0.246753
1.17412e-05
2.02038
48.4243
0.595622
5.12922
18.4168
17.8809
8.68684
62.8937
0.0356335
0.343491
0.0724691
0.0490994
0.120187
4.10187
0.135312
1.47855
0.00369793
3.81763
0
0.0161318
2.27619
0.825628
0.370649
1.2174
18.8962
4.30581
6.60135
10.4068
39.7338
3.27415
21.5072
1.03693
6.00068
1.93073
0.388218
1.24387e-05
0.463907
0.00207238
4.47934
18.4312
2.17446
9.95154
1.83853
31.478
5.48074
0.400247
0.739839
98.8086
0.00870056
50.9756
0.624028
77.7564
0.968708
28.1418
11.0806
2.6041
2.33954
13.6945
0.00386012
0.00190056
1.55716
2.12061
3.71549
27.9152
17.3998
0.0246387
1.35619
0.858382
0.189349
0.0137914
0
7.99037
5.15965
3.16508
1.17502
0.258548
2.59812
16.5837
3.31375
1.70259
3.44833
3.11603
3.96988
0.991426
6.93278
5.43504
1.48008e-06
7.77802
17.3724
3.19742
6.55133
1.46429
2.23128
2.18658
4.37093
1.92677
5.90023
2.98037
2.2587
2.24659
1.1361
0.921008
1.51548
2.77488
2.8631
2.42589
3.11875
3.45761
4.95735
3.48984
5.71276
0
4.06277
2.86978
4.68384e-05
0
0.028518
2.76551
0.345582
1.00392e-07
0.487081
0.465544
0.634913
2.19597
4.96761
0.140328
0.369002
0.00194667
0.148198
1.51498
0.918263
1.81583
0.424846
0
0.0109811
7.99725
31.7134
1.48312
0.90625
0.00760718
0.0372682
8.04752
2.19445
8.73822
11.5298
10.3097
0.563637
5.20661
35.0211
2.58683
0.825188
2.84331
0.0232494
2.98877
13.5809
0.0149065
0.0630619
1.02158
1.78934
0.0272141
5.45154
0.632834
0.77689
0.641162
0.046735
0.0821792
0.156918
0.00266624
20.7478
0.0482553
0.00771474
12.4384
6.13122
26.8656
8.00939
18.4936
74.2621
23.6613
31.05
13.5719
14.9591
2.8879
0.00898229
8.18592
2.1835
5.10068
5.90681
23.8621
43.3918
24.395
23.9402
5.62814
4.20976
12.2623
0.964565
34.5488
13.5154
12.0691
20.5843
2.97192
27.1287
39.8571
29.6143
9.51287
36.3329
15.1802
10.2742
1.97077
9.02654
29.6088
1.99482
15.4763
19.6778
25.7635
18.2706
16.2645
0.142826
0.931517
6.43736
16.288
1.08229
4.33963
5.59125
19.8577
3.24225
4.45672
7.66111
1.21447
1.03719
3.77692
1.78622
1.38845
1.67159
0.842274
0.738058
1.09338
0.189692
0.0206498
0.834229
0.855254
0.87831
7.16892e-05
0
0.928277
1.88865
0.373155
4.76216e-05
2.18728e-06
3.17041
0.721735
0.0323628
1.24583
1.22968
0.0254326
0.00330698
0
0
4.75182
0.532241
3.71864
0.0668122
0.897103
0.934847
1.16682
0.00853668
8.42823
0.156141
8.76275
0.0258204
2.54906
0.309745
0.0249858
1.20513
1.84335
0
0.456094
14.3589
5.81102e-06
1.47532
2.73674
0.839545
1.66561
0.167653
0.892077
20.0986
6.54527
2.58011
4.26599
0.372778
7.41998
6.77331
1.18265
16.6291
13.8273
4.34484
0.4795
0.186736
0.907935
0.629343
2.92313
3.86397
6.93386
4.03466
9.51888
0.0374849
4.20436
0.0494469
0.476435
1.04367
1.4431
4.30285
42.8726
35.0864
26.7451
0.00369383
0.809355
0.0324419
0.000132721
1.33703
0.00760528
4.32739
4.49836
2.64191
6.39593
3.22022
16.2327
4.94948e-07
60.6957
0.356552
14.3696
4.42843e-07
1.43399
0.06475
1.75774
3.02294
3.10997
3.13273
0.0128026
0.126172
8.29667
5.32783
1.74237e-06
3.07008
4.93191
1.20393
0.627143
0.226607
1.10973
45.3854
0.640292
3.81326
6.8962e-07
0.96115
0.00113738
0.0334532
1.5006
0.0134146
4.72232
0.0959205
17.8821
4.19017
3.40198
3.18501
0.57032
5.80979
7.54664
8.17317
13.3972
1.72361
0.462715
5.64367
50.2872
7.39182
3.7115
14.5603
1.78191
2.09955
3.89307
1.93776
4.40979
7.45948
1.80413
12.9778
12.6465
14.7474
2.79245
31.6201
15.4615
29.8783
16.656
19.8859
27.399
12.535
8.32871
12.2635
10.3764
1.2976
14.0469
0.966381
5.68587
46.1123
1.70572
2.22493
161.9
47.5907
7.0889
2.62176
5.31073
2.72571
0.000823629
1.98441
3.98317
6.2111
38.127
4.08794
12.2982
17.2889
1.6468
3.45913
2.74362
9.44093
6.07833
6.74989
11.4747
0.323411
1.00398
2.20808
3.55543
7.84492
11.4674
30.3484
15.0861
0.147674
0.173213
0.132891
2.59781
9.77615e-05
0.307953
3.41943
96.9504
1.22311
18.7259
11.6328
39.8683
29.7249
8.89513
8.41364
2.94354
0.480689
1.20157
4.26811e-06
4.91627
4.0402
3.75134
5.56537
2.37612
2.64844
0.841282
1.29106
1.36831
0.000285937
1.67502
0.126982
3.20861
3.54761
5.07959
5.27945
18.3286
5.26157
5.61724
12.873
14.677
8.40811
8.39936
2.68549
1.04195
5.17423
9.68136
56.2989
11.0688
0.689119
0.0438707
16.3874
0.771911
0.0898817
0.257141
0.0649557
24.2887
122.296
19.0808
13.7975
72.0411
15.3162
6.64584
24.7875
3.47294e-05
9.41164
6.35164
4.98355
1.78274
17.3598
22.5895
6.56938
12.8309
0.814892
20.8777
9.41772
2.72697
10.517
6.70805
0.0277428
0.259683
25.5665
0.0472734
4.68171
0.00721635
1.00121
2.7044
14.3293
1.50636
5.53565
0.906375
3.92154
1.11015
0.559878
0.20928
11.5862
6.05533
0
7.88467
25.8614
2.8816
7.19399e-07
1.4406
1.25821
3.41869
4.77707
17.2645
15.1484
0.81503
13.6232
0.864427
10.9853
68.909
27.0049
36.7343
64.9456
22.8875
1.18283
0.0457271
18.4208
0.00869045
0.807494
7.4316
0.219344
2.7917
2.49143
3.65701
19.7274
0.43216
2.99664
0.274539
3.2636
0.692278
14.2715
19.5815
4.26698
8.0538e-05
7.71681
0.448311
3.1832
3.7311
0.790402
15.7063
0.169974
7.32583
0.869757
3.98554
1.33014
25.006
0.769448
22.8734
30.4465
92.207
0.335043
2.35675
13.8344
22.9802
76.2012
60.1647
1.71973
15.8563
49.5286
0.0223517
1.38165
0
1.18412
0.0176076
0.636174
38.9486
7.52159
1.58632
0.0528681
1.79935
1.36326
2.4996e-06
0.691163
0.00209903
6.03302
2.34367
2.98682
2.34645
2.32138
0.765039
0.996824
1.26988
0.0102153
0.957583
1.36084
1.46652
2.00753
20.3569
0.72893
32.2491
1.41838
1.82617
0.487275
7.23452
1.70725
6.15762
9.47225
0.484997
0.27414
0.0212828
6.4318
10.9441
15.7789
0.125204
16.1306
0.0660529
10.4509
2.99003
3.35225
12.7502
1.25348
1.93334
1.08942
0.000277213
0.0600787
0
2.53341
0
18.0762
19.6875
40.8426
15.9396
5.64037
0.571826
1.9573
21.2735
22.5943
24.8059
1.23631
1.48824
1.05096
12.8258
17.6868
1.26912
0
63.5403
12.1743
0.194831
4.20729
0.00170978
3.40845
0.292616
1.65198
1.52738
6.58552
3.9945
6.99694
15.7157
0.809683
1.43558
0
0.944774
1.09109
0.250347
0
0.537739
0
1.48349
20.4195
0.303498
2.1504
1.3924
0
14.9871
1.29408
1.8455
5.6137
41.4043
8.33133
15.8272
5.53703
9.88169
11.4964
9.35146
47.9645
43.5514
35.8402
41.5537
0.109564
0.873997
68.3894
2.73175
0
10.9127
0.989119
10.5179
45.3974
14.5669
7.54854
11.7717
4.65742
13.1879
0
0.0413056
8.58915
4.48514
1.89265
0.150107
0.0118272
1.62973
41.3004
1.97771
0.796866
2.96308e-05
0
0.0110662
0.232045
0.000844164
1.50325
16.7623
6.36779
0
0.00231902
0.018355
6.54542
2.84048
0.0162194
5.62949
6.76358
0.208868
36.1503
0.0871771
1.97038
16.5046
2.76251
22.2561
0.423206
2.18147
1.84683
0.0527353
0.135822
0.12182
0.676144
0.00045542
0.230544
0.0989209
0.00752572
0
7.19049
5.40688
4.94005
40.0568
9.78543
5.96001
11.7373
3.36245
2.35192
2.37423
6.42464e-09
28.9955
1.0844
8.73154
6.81635
4.49571
9.34409
4.56865
1.36792
6.46676e-05
12.265
0.00934348
6.59729
0.765915
0.331148
0.00672692
5.09318
9.5675
0.514719
4.67844
4.79244
25.5605
0.664247
0.249732
1.73698
0.871731
0.695478
0.0104455
1.18172
0
0
2.30905
0.897439
1.38003
0.331247
3.16807
9.7214
10.3533
5.51046
5.90936
0.966324
11.7579
0
1.58764
3.91289
30.8508
4.30796
1.54954
0.0078321
0.578665
0
2.6274
22.05
2.90851
7.45255
0.0116095
8.17452
5.33308
4.21025
0.000514476
3.88612
1.74367
1.38334
7.22877
0.0546171
0.562582
4.15236
0.00726911
0.00567299
0.672401
3.19356
3.66088e-06
0.480327
2.87209
13.1889
18.1045
0.031695
0.286734
6.65546
0
46.0335
0.00508367
0.83737
0.00765641
0.532509
2.04546
1.30959
0.930199
0.00157915
0
5.45838
3.95158
0.971294
1.99126
0.00110946
21.3326
11.3625
2.43853
2.16128
2.16317
11.5759
2.04043
5.10464
4.24937
2.78451
8.85162
2.95567
26.0614
1.08964
3.1043
3.31835
1.06893
3.41584
3.0307
0.828514
6.86733
0.418975
6.47427
3.00353
6.6066
14.828
0.000282713
9.1211
0.862963
0.00193942
0.960473
0.371748
1.22767
45.8623
1.01953
2.78236
1.34043
0.535831
0.768204
2.0875
0.702207
5.99281
0
18.4959
13.8239
0.0981008
0.194361
1.92206
0.264963
44.3766
3.29104
12.6857
59.8792
0
0
11.1291
0
0
42.6146
20.9592
9.85591
0.025414
3.44904
78.5305
0.319051
4.6751
6.05392
24.5599
0.0189371
1.03108
33.7933
0.410211
0.918996
0.0337052
9.62178
3.60214
3.56807
11.2518
0.086865
0.579825
0.955184
1.1282e-05
42.4321
20.4857
0.0923779
2.10123
28.1452
8.1523
8.36263
0.99554
0.00130091
0.381095
0.0550038
0.663674
0.59813
1.2337
0.000383582
0.261072
9.15039
0.0344032
3.14612
6.48326
0.00384569
1.38757e-06
0.175151
0.537279
0.024217
2.352
10.3292
5.41638
11.0397
11.0934
0
0.240226
0.000128121
0.0170809
4.84792
2.64475
0.197496
0.00825283
0.91301
0.495177
5.00373
0.0248102
2.15372e-07
0.244563
1.22061
1.22694
6.12642
2.4721
0.824548
1.02258
38.9218
40.6979
2.48612
1.00445
1.43253
4.82041
1.37029
7.34144
1.63127
0.956867
4.17132
6.1277
0.00301007
0.691666
6.55082
9.66008
0.166594
2.87905
0.288071
1.74361
0.0115299
0
1.4638
18.0152
8.19389e-05
11.953
1.26631
10.2171
0
14.9593
12.6069
4.49559
23.1641
1.60837
3.7875
29.4663
9.16242
2.94326
0.00408836
0.106135
4.34466
16.8694
9.00227
10.5462
4.78766
0.63465
1.53841
14.0354
33.224
18.4025
23.1633
0.0344388
97.8988
2.76656
11.3215
101.315
15.304
1.88593
0
0.112708
5.48159
2.11767
0.671776
14.7792
6.627
1.94624
6.0218
1.23182
2.05485e-06
27.6701
3.86605
24.9772
0.00249338
0.0369929
1.62561
0.324097
5.54405
29.5686
6.68279
18.7796
13.1564
3.49656
0.1627
7.69911e-06
0.153125
8.85324
13.1146
5.30071
8.90197
5.12505
4.65691
4.07804
3.80693
3.25781
7.1747
11.4493
4.8292
4.48309
19.6218
0.435363
1.08309
0.0639883
3.90465
0.475116
2.68968
0.559599
1.29896
16.85
0.000663218
1.96251
7.49597
14.6328
12.4257
15.454
9.79144
15.0174
12.0797
2.47
1.96845
3.95906
11.5844
34.4412
7.57618e-06
2.23194
0.638049
2.05648
12.7512
4.95404
18.3952
0.00714816
0.00321982
1.65345
12.1275
13.949
2.26968
0.652131
0.358915
0.340472
0.0580331
0.611686
0.562092
0.571439
2.91807
0.978906
1.27647
0.370853
4.9709
4.54675
0.804548
1.20119
0.124901
2.77461
9.49039
24.0576
9.50632
1.1631
0.0356243
3.144
13.6357
1.25756
0
12.903
5.57757
4.02189
0.596601
9.36353
2.2867
1.04758
3.11868
0.000737404
0.00400897
2.68118
0.884523
1.28702e-06
2.67101
0.196378
0.00268629
2.2546
1.90804e-05
1.46492
4.12883
1.83748
0.74379
1.03773
4.43975
3.65209
0.927553
18.4029
0.878266
2.55054
0.0233721
0.000609433
2.48798
2.93339
1.28214
0.0158458
1.04741
0.491528
50.0512
15.9093
3.80036
20.5541
0.0433334
0.773055
23.6267
18.1851
0.450634
0.180323
2.53427
26.0533
1.15266
0.335158
1.15702
0.910609
1.50051
0.00975466
1.83699
1.50722
0.0440735
0.0144943
0.453576
2.29212
1.44212
0.307312
0.899953
2.13003
0
0.0435127
0.700208
0.568116
0.752875
0.047432
0.908555
8.03132
0.406894
0.961822
0
1.91418
0
0.0138595
7.74188e-05
0
0.00570434
56.7898
0.535586
3.24935
3.45261
2.49557
0.0467762
1.67887
11.8254
0.239986
7.82255
8.0705
7.57944
10.4179
15.7166
12.0751
5.85985
0.416232
6.39792
12.2493
12.8532
10.5171
9.23873
0.0914082
16.6416
4.51313
2.24537
8.16762
0.30773
0.0255135
3.23499
0.973066
0.595562
0.00359135
3.13545
0.707619
5.88213e-05
1.85517
0.713664
30.0982
4.1342
0.546371
0.030822
4.24639e-08
0.126392
1.06627
0.00250179
0.00121371
1.59408
0.687367
0.438624
3.5177
20.6181
23.2012
0.162586
0.0906113
17.6537
12.696
2.2023
0
30.3894
2.90598
0.0421409
3.82138
0.00140353
0.449098
0.0314309
1.28742
1.88131
9.45985
0.117557
0.286703
0.658371
8.1527e-08
1.45864
0.0421141
4.99445
20.9797
0
9.45613
3.75803
2.23243
0.217138
0.00713415
5.1927
2.10079e-07
0.000932736
1.52448
7.88271
8.91429
1.80497
1.80804
19.0894
0.577738
26.9791
39.2618
1.26285
7.52257
0
4.74217
0.0256934
6.70475
16.4828
5.9475
8.41624
0.669126
3.82975
0.591064
0.240131
0.400882
0.000760535
0.137016
0.522061
13.2547
0.205332
0.558986
1.12112
0.00560493
28.4917
0.0300375
2.25658
0.239447
0.975109
3.93154
0
0.1802
0.888635
2.16114
1.93351
2.91446
8.79846
7.59943
5.56302
0.980069
11.2731
35.2256
0
2.72855
0
0.182423
2.30877e-07
5.61157
15.1572
1.45108
20.8829
0.0021323
59.8614
6.5636
9.2598
0.69824
0.191202
1.54959
0.78892
0.00730329
0.00406238
0.291189
5.62538
1.28321
0.000557196
0
2.45311
1.7478
9.9223
6.99708
0.637448
0.853738
4.31794
11.5128
0.0960865
104.914
0.00277297
13.8951
4.5901
1.21885
27.9673
42.0562
0.7045
2.10033
46.7246
59.6847
3.59339
13.5783
1.34338
28.936
22.0049
8.20784
1.61447
3.27627
14.5757
2.11186
11.0794
36.6672
13.5454
3.3447
5.49527
5.39805
24.5072
3.20605
0.468737
2.30994e-07
0.424642
0.133352
1.95925
2.41053
2.84879
1.26762
24.1675
0.383084
0.00224864
0.994562
0.213558
0.100874
17.6192
0.872132
2.11628
11.4103
18.1594
1.95408
18.8144
12.0493
1.15907
0.120652
9.46432
4.50856
21.3376
8.92321
0
0.0157217
4.54073
5.38283
0.156185
1.43325
2.9208
1.83184
1.3707
1.48864
0.59158
0
2.44417e-06
1.02954
5.11605
1.56269
2.35717
8.67117e-05
40.1516
4.32829
0.0921654
2.01932
1.91286
0.00873247
6.47141
1.56251
0.119408
6.28027
16.7604
1.7914
0.442947
20.0745
1.08756
0.322466
0.865798
0.178279
0
0.0780538
2.16992e-05
0.591542
2.58517
0.0824218
0.395187
0.00187628
0.152757
0.786521
7.41464
0.206433
0.592585
0.0359569
1.02494
0.416561
2.67737
0
30.9802
0.705658
55.9499
0.00382112
0.554439
5.57842
0.0468668
1.75058
6.05937
2.2903
2.09846e-06
0
18.3739
2.91159
2.56913
0.471277
0.172488
5.29759
0.37572
0.00240928
1.16874
3.12503
0.521013
1.07412
0.597785
1.05707
0.971071
19.7582
1.64815
0.000404762
1.15495
1.32077
0.0609388
0.786308
0.0409822
3.86133
0.168293
3.45685e-06
0.0163744
0.000946118
0.234105
0.751627
0.61137
0.13548
1.84993
0.31372
0
0.964335
0.702379
0
6.00567e-05
0.00845579
0.0167432
0
6.93991e-07
0.109085
0
0.00567601
2.67144e-05
6.71936
1.22257e-08
2.35452
0.192274
0.000279715
0
19.7905
1.58226
3.94275
1.8608
1.05591
0.350668
0.440768
0.0940405
1.60532
0.0308077
0
0.949213
0.673997
0.68435
0.578658
6.53051
0.394324
0.174678
11.006
1.17734
2.41313
6.72435
0.365649
0.0020234
3.69452e-08
5.24771e-07
1.64062
1.41419
0.0845521
0.697535
0.0229197
0.0265265
3.0724e-06
4.03719
0.17025
0.00517712
0.0653532
5.49336
0
0.659905
0.195985
0
0.030247
0.175726
4.08011
0.00135612
21.399
3.38558
0.000168024
1.26149
1.25608e-08
0.000347968
0.0265786
0
0
0
13.409
0
15.0106
8.94886
6.76971
34.2697
0.000224983
2.28103
0.707007
9.17928
1.07298
0
4.96887
1.73155
5.13034
0.158556
4.05441
0.0508547
0
0.423956
11.9873
2.80622
0.00113355
0.793501
12.0025
0.23019
2.84069
1.07114
1.66829
8.53817
3.05898
22.317
1.10975
1.20777
10.7612
0.0497441
5.83616
9.14682
19.9376
55.819
2.75628
9.28035
21.1992
10.4555
89.0121
66.9436
41.8822
3.098
1.40179
1.46867
4.78244
2.7756
0.0631717
0.0296094
0
0
3.3474
7.15655
4.12821
0
1.67727
0.000537379
0.00294297
2.95535
4.49817
6.94478
3.67767
2.0929
11.078
23.1234
11.0296
3.09171
2.65732
0.774941
0.177333
3.14494
12.6444
7.92099
2.13067
0.306066
0.506383
1.82558
1.97232
1.5448
0
0.580883
2.20638
0.0168584
2.93795
0.281459
0.655514
2.42499
0
1.03882
1.01346
1.29841
0.309753
0.257188
3.78418e-06
1.29017
6.64531e-05
0.759058
0.0280754
0.000592858
0.171521
0.0143925
0
0.000512398
0.111568
4.46291
0.191742
0.809699
0.0415867
0.144452
0.00606129
1.94638
0.0778006
3.18118
0.00379483
0.0324167
0.908845
1.07151
0.0638923
0.704877
0
4.31801e-05
0
0.505563
0
0.00290459
0.859737
0.0694152
0.949661
2.97658
1.35155
8.25155
0.196894
0.685302
0.0497208
9.28551
14.4924
1.21634
25.3667
24.1408
31.2826
40.8167
49.929
47.1844
54.6647
103.773
25.2538
39.3215
6.12369
0.00108203
0.0654889
12.79
6.82508
23.7297
18.937
9.66692
8.10078
3.36034
6.36405
12.5568
20.5671
3.68562
10.8814
20.9099
12.9999
23.4983
5.70626
0
11.8472
0
10.0777
23.1246
66.6412
30.3761
3.44653
10.3312
15.1766
8.35763
0.0910318
8.9997
6.16956
1.00352
7.423
41.9025
20.5788
13.5212
15.467
14.4316
20.7726
2.84663
10.5104
0.293096
14.0467
5.29162
9.06098
0
12.0958
2.91636
0.202068
0.846951
2.02241
0
2.5724
0.549778
6.74894
1.95421
12.7056
0.045425
2.99357
0.60399
0.35934
1.63096
0.551881
7.73246
1.53952
0
0.784549
8.64125
0
1.78088e-05
0.130268
0
2.17905
0.235499
3.62862e-06
0
1.16485
1.18529
11.5402
1.23696
3.20793
1.60484
1.1737
0.781017
12.4908
0.979219
65.837
19.5537
11.8947
3.96125
5.75241
23.5803
5.3981
4.30149
2.86964
16.2141
5.51002
0.000734653
9.79417
4.0103
5.53875
0
11.0591
0
2.00981
1.12001
0.95936
1.57848
2.01262
2.81955
1.08791
7.30964
0
0
4.87111
1.20002
4.52119
0.00114689
0.95185
0
0.130243
2.7266
0.943526
0.0029608
1.69128
3.02924
1.92233
0
0.00363284
0.0330813
0.0035961
0.000142687
0.00299109
3.27581e-07
34.6978
7.65848e-05
0.602488
2.13718
0.10411
4.2851
5.44671
0.00128241
1.61394
13.526
12.751
2.21773
33.1621
0.107769
0.175824
0.184481
0.687577
0.00649998
1.1618
5.64857e-05
4.03
3.58273
35.5793
1.34526
0.00495442
0.553458
3.31497
2.21634e-06
12.3841
0.0675117
2.44536
2.99992
5.41646
1.42958
4.60476
1.33852
2.03619
7.00189
16.9911
11.1778
1.1454
7.52911
7.40244
1.94058
0.0901432
25.1755
2.11792
0.0353981
1.93659
4.88595e-05
2.05005
1.47972
27.7596
6.9511
12.5369
4.95843
30.2973
0.0276988
0.883739
1.07009
5.02621
22.4658
48.8187
58.5887
98.4953
1.6823
0.0119145
0.109429
1.17121
1.079
1.58276
6.95016
8.51482
27.4902
17.2245
1.57369
26.4655
15.7415
6.96427
9.32653
1.89039
63.7024
4.07466
2.33317
3.56873
5.83601
3.78927
31.9916
10.3293
8.00934
0.0399707
0.0671236
0.0954361
0.096506
3.56288
0.400359
0.676455
1.34444e-06
5.22805
13.8935
8.21965
7.16851e-06
3.48635
0
0
0.0350575
1.13852
1.97853
1.89345
1.62828
0.0385407
6.23173
0.171726
0.00710807
13.033
0.0175628
17.7692
1.88489
6.80556
0.51263
0
11.5863
1.6517
0
44.3213
4.76686
17.0975
0.600742
4.36567
1.32683
0.564536
7.60558
7.85604
3.11558e-07
0.685443
0.0548011
0.0407219
0.487474
0.582722
3.36975
0.0279413
7.66356
4.59877
17.663
8.28903e-07
0.944677
0.000375909
0.0362507
1.79805
8.63161
8.98891
13.8372
0
8.7981
5.85387
16.6403
7.58681
2.11164
0.00236831
8.96945
0.0210295
0.618167
0.468544
0.0821852
0.030032
0.140391
0
0
0
0
0.000821513
0.348624
0.729889
0.98898
0.143638
1.818
0.414646
0.352037
0.697893
0.929409
2.29439
0.116626
8.8379e-08
0.105075
1.99264
0.14747
3.4093
6.01538
0.775803
5.08821
1.00949
1.86185e-05
0
0.508925
0
15.192
2.57884
1.20039
2.4484
2.42073
2.89715
1.70973
1.40228
3.24088
2.57412
2.53227
2.59501
10.9965
1.58565
7.47132
3.18659
6.39701
4.82039
3.98639
5.56648
10.9816
4.73984
8.70009
22.202
12.7707
6.60256
7.1905
10.8617
7.48811
2.51814
3.77231
0.813566
0.895851
3.59512
4.32748
5.02525
0.446498
2.89864
0.112429
3.32795
0.0150332
0.000178076
7.88959e-05
0.359917
8.96962e-07
9.84875
5.89607
0.103383
1.61388
1.91487
0.106937
1.7293
0.855894
3.44215
8.44491e-07
13.1281
2.51179
1.80325
2.34833
30.1359
17.1234
3.16491
18.0026
4.19927
3.32273
7.41932
4.14765
31.3598
0
13.5747
6.77776
1.74805
5.81573
2.34027
17.5825
9.70682
4.56301
2.72713
9.68752
43.51
7.01199
4.50006
5.56685
0.668609
6.90023
38.2827
3.13618
31.4974
14.2651
17.6962
17.9436
16.1486
12.6923
14.6182
10.0558
8.59732
15.2581
22.7563
8.9926
21.9846
7.20981
7.87127
0.183074
0
0.131858
1.18803
0.962237
10.8263
10.9078
6.09231
5.07768
7.49526
13.6954
12.2329
10.1341
7.74797
11.3481
9.18809
5.57071
4.86716
2.89028
3.54652
3.61488
4.87984
70.4617
4.12231
1.81012
6.25807
8.01706
3.5056
2.70008
5.53976
0.00137905
11.6211
3.60836
15.7522
20.5694
3.0063
9.00627
22.2473
29.696
37.3245
28.4742
25.2565
7.78504
0
0.818081
0.420245
5.8983
9.89638
2.41803
7.04083
0.0245874
16.1876
29.0854
7.81571
7.89635
7.04597
11.2325
19.6728
37.8526
0
0
0.532356
154.699
129.617
65.4447
2.21303
124.011
3.08877
13.5128
1.58036
0.430279
0.634638
3.15324
6.85221
0.514769
7.5044
25.7973
23.1538
6.74093
5.92188
0
38.5773
9.45036
17.8363
1.92223
1.24712
6.57783
4.69349
5.93188
4.00051
15.9081
8.18915
16.5825
9.97886
0.652507
7.25987
23.1658
57.3674
6.85354
19.7775
4.96265
5.20882
4.82504
50.6882
5.29139
8.3259
11.9246
3.50776
46.1555
2.62301
1.67169
0
2.01322
2.08429e-07
0.390082
4.97983
10.9905
6.6265
4.23923
2.65005
3.60282
8.36147
6.02173
4.28359
9.16212
9.13829
3.26471
19.6459
8.20425
5.13622
4.60878
5.25837
5.60911
4.4153
8.18501
7.27533
0.266254
6.4829
1.6811
21.471
0
14.6596
1.439e-06
0.867008
2.73166
6.01748
9.47398
5.01432
0.0121166
5.061
7.95716
1.32404
0.175669
1.43141
3.11321
0.841108
1.01816
5.36691
12.1867
1.74049
8.84065
2.24004
0.796458
0
4.47029
1.58795
2.71692
4.35781
3.7408
5.54618
0.000165892
0.00571485
2.4583
4.58736
3.3878
14.5227
3.19107
2.7741
2.72788
0.938878
2.25738
0.463004
0.0228432
0.0292308
0.682412
0.240959
0.569385
1.63979
1.27148
0.00965933
0.725238
10.9573
1.98979
0.0485113
4.63252
3.08779
6.39876
2.15746
0.528927
1.11077
0.000868204
0.827192
0.000423321
20.7107
0.183562
7.06544
0.96552
11.6455
2.11998
14.1585
3.36102
2.74371
12.1865
1.93961
22.3137
10.8183
43.4345
0.0515452
6.82055
0.985045
0
0.900586
0.937422
4.01883
16.7125
1.76916
0.0232029
15.525
0.00493356
0
2.06794
0.902663
0.945927
0.831238
0.106402
0.940747
3.32611
11.8271
18.6438
1.6155
14.7051
2.57199
0.528303
6.84719
25.1734
2.71193
5.7676
2.15089
16.3083
18.5895
17.3958
1.11118
1.60266e-05
1.02343
8.37834e-08
0.464167
33.99
0.141745
6.30525e-07
2.89187
2.24179
0.0570827
2.03647
2.96726
0.806417
0.0449055
0.897387
0.283111
0.796011
3.18932
1.67815e-06
5.72153
1.15206
3.0422
0.35161
4.30394
0.0586335
0.777977
1.90995
5.2788e-06
0.523475
0.000125868
0
0.0110787
0
1.46425
9.64128
2.54702
6.45328
11.9627
16.4725
3.90028
10.5312
0.00953205
0.0225227
1.31623e-08
2.05764
0.577783
1.96165
2.83252
0.171263
7.979e-05
1.33833
15.5068
15.51
18.9447
0.0631381
1.28934
2.82898
1.05632
4.23261
14.4008
9.15023
7.13676
9.83254
6.28715
0.489441
23.4523
11.0984
6.91249
11.2145
0.58816
25.5539
4.51311
120.905
0.00310792
66.4907
75.3702
2.93459
0
0.141673
0.00919404
0
1.93055e-06
8.20037e-06
1.07704
0.941657
0.001458
0.796717
7.03394
2.26887e-05
0.884473
2.20648
5.59323
2.34441
2.67171
6.64013
9.66491
8.67924
1.88911
0
6.51454
9.79739
14.0783
2.53137
2.52612
2.11985
1.05891
0.00588215
3.96245
1.23515
5.5124
0.822818
8.92558
1.81788
0.0257607
2.71313
28.8145
87.3481
2.9001
9.04633
0.841267
3.40699
0.100264
1.33387
1.96038
3.31634
0.212323
0.812535
1.00079
6.91487
2.00409
1.26752
0.495007
0.155441
3.37097
10.6021
3.51508
11.6935
0.291756
39.6363
0.0248554
6.16767
13.7887
18.6272
13.7236
21.6496
36.3957
3.11261
2.0217
1.78421e-08
0.858258
2.47978
3.06811e-07
0.729197
1.69462
3.71161
0.0265797
2.40085
3.33471
13.1841
43.0631
3.34047
2.3369
0
0.0984033
0.138162
4.18556
0.0126613
10.8269
2.08568
0.320806
0.000761871
0.281759
0.0908861
0.908897
0.104171
2.31856
2.20962
0.0137734
1.05584
0.626989
5.37226
31.4571
5.62209
3.86145
53.6781
1.68182
1.41606
0.49828
111.559
1.01189
93.9405
1.49765
2.57437
37.5227
0
0.00554598
0.641313
0.00991129
1.59073
0.38627
0.84185
0.0294615
4.18165
0.199209
0.947147
0.0266765
1.72019
0.376781
0.15043
0.00778208
0.347825
2.49475
3.03791
3.77402
0.0194577
0.443803
10.2623
0.196981
0
0.975483
0.0233828
19.3403
1.61761
3.87156
12.1537
31.0582
7.9409
52.5185
12.125
24.3675
3.70666
5.15974
6.58307
0.424949
9.16836
0.944813
9.26934
0.801211
38.9533
9.83671e-07
18.506
11.9547
3.18124
1.82546
1.10494
12.9922
6.05564
10.1733
11.7771
4.58345
14.2253
0.216595
21.6027
0.334893
2.26722
2.75419
1.054
11.3577
5.89794
0.733562
1.17327
0.0114378
10.3477
1.19892
11.858
17.7166
1.8171
0.973666
78.097
40.9694
5.06955
0.0421854
1.49953
10.1277
13.6187
0.166053
16.2187
2.03441
10.6138
9.55968
18.2753
6.38378
3.31564
1.28463e-05
3.4516
15.3991
89.5949
16.854
12.2032
16.3849
12.1806
13.7606
12.1237
40.156
9.0801
14.3015
10.7164
4.89008
70.401
19.0953
9.24462
35.1855
8.04536
7.03434e-06
9.89192
18.7551
13.4057
2.24772
30.7406
0
42.7087
78.406
0.0292513
6.32466e-08
0.0937752
46.5325
20.4631
23.4957
24.775
2.38151
21.7361
12.965
7.92
8.67251
40.6889
11.4289
6.72847
22.5895
26.6804
17.3069
16.1706
68.943
3.79971
16.9453
3.58659
32.7969
29.9904
0.374782
25.5763
15.7368
11.671
3.78236
11.8358
31.0426
79.1472
31.9267
0.158892
30.4991
22.532
11.7207
0.000113698
6.37052
7.18463
4.91062
14.4313
8.94974
9.7602
5.63693
1.58037
0
3.16187
1.64276
4.25799
1.10206
4.49546
9.61329
3.35635
5.34298
10.8859
2.19421
11.3993
0
5.93697
3.51214
2.85831
7.54867
2.45422
17.1396
15.0511
38.8011
11.4608
6.72322
4.07571
4.39971
0.0264657
5.1235
5.73275
8.05769
0.050246
8.36771
6.18915
10.0608
7.48038
1.0411
10.6039
5.96935
1.44981
4.32062
3.97911
5.64181
6.23671
2.53041
1.62911
0.7329
8.08115
8.31959
0.00551181
4.62362
0.582013
0.135227
4.39773
20.8171
1.13033
3.7649
15.2032
7.4209
6.88613
7.98036
1.50224
8.46295
0
1.07123
3.57679
8.32347
0.0444687
2.93947
17.8969
4.97057
2.99592
7.04621
7.06649
12.4936
15.8481
7.82055
5.40201
5.82316
6.19951
7.63324
9.57956
4.64547
6.27422
11.8004
1.77034e-05
3.31459
13.9134
6.38679
1.56454
0.838322
4.76434
0.346468
8.13515
12.2618
9.25212
11.3309
3.83854
15.37
2.13983
2.79104
11.2258
4.66055
4.89745
7.16793
18.7784
4.04947
0
8.82161
16.3266
1.56239
43.5025
0
0.0201748
5.68066
2.80609
28.8369
4.56403
0.0375177
8.05426
0.234145
10.269
3.98638
8.8363
0.774924
3.59838
2.53496
2.03615
6.91005
2.36216
2.35196
3.67498
0.666865
2.58678
4.90376
0.304894
8.99809
0.500968
0.118219
1.91375
1.14189
3.69627
1.20148
0.711995
4.69863
2.12018
10.2776
4.67175
31.6191
6.77371
0
6.05863
0.003466
17.0788
2.85275
0.884931
13.714
4.11173
0.127838
131.495
1.64417
112.385
3.01291
41.979
4.5769
0.557384
17.6288
0.203248
0.812819
0
0.345399
0
32.4959
0.30331
0.896217
8.00958
14.185
5.36844
9.31048
6.24915
16.3733
9.07663
7.62456
31.9213
2.13248
76.439
45.682
1.40044
35.6798
1.77893
19.649
6.25004
1.12932
27.3943
0.791677
4.6829
5.11861
0.750195
0.0612369
3.27381
0.927337
0.0798375
2.38589
9.85572
6.73618
0
2.47698
5.20365
1.6509
2.37232
4.0005
2.67884
3.93208
4.35854
3.03798
5.2778
1.10454
0.975512
0.58829
0.211316
2.77326
2.36828
0.553945
1.24445
4.07572
21.2537
6.32671
0.991621
1.23709
23.9051
2.74195
9.76012
2.18814
94.5948
3.10339
3.77685
6.09304
2.68645
3.99165
1.73371
4.08601
4.55968
0.822418
0.470224
1.58748
2.32353
6.8321
57.1846
10.9175
29.8755
10.8539
0.512496
5.717
73.6314
0.843436
0.395487
0.151388
0
2.68374
0.0542249
0.00817393
0.033019
0.173923
3.47093
0.0506044
0.00426688
2.49755
0.811324
5.74838
11.7709
0.49082
0.217034
24.9504
0.959171
9.48331
0.056254
1.35982
1.23009
0
3.8446
0.0630751
1.05237
0.900702
0.172926
3.39077
5.25028
1.3922e-07
7.06073e-06
2.87376
0
0
0
0.790331
5.93775
22.5294
15.7433
1.81785
15.3762
1.91139
8.41175
3.64906
18.8624
10.4621
13.2399
30.1212
18.0746
3.63238
8.72831
12.044
31.5146
19.6301
0.930392
2.02347
38.0116
3.19189
12.1724
13.5001
9.02245
6.67377
17.3494
0.200864
0.518299
32.0983
12.5662
3.43563
5.77976
4.71417
3.41626
5.42605
0.845786
2.75617
1.36504
2.97089
3.18699
3.72503
9.58916
11.0146
4.00545
9.84216e-08
2.38058
0.908764
2.7809
5.82635
3.53314
9.87549
0.965837
18.2116
4.42029
10.3849
3.75869e-07
3.68804e-07
5.63625
0.506319
0.950746
0.17695
1.38061
17.0207
16.7848
4.7439
5.09974
1.62073
9.43729
37.1103
10.5532
12.9729
0.000206573
1.42746e-06
3.65529
6.06265
0.983624
5.35313
6.17986
0.730513
10.3556
18.9472
1.88139
0.00103675
0.761425
13.3322
3.3836
2.05672
3.51493
2.58222
11.21
5.7806
0.753899
4.54983
0.207138
3.45283
0.662283
2.5234
7.8529
2.66217
0.39914
35.2224
3.82563
0.994807
0
0.0139814
0.552099
1.09499
0.209996
7.94654
0.475136
0.945556
0.00735281
1.88932
1.43979
43.2338
0.89987
50.872
4.00982
0.587704
62.8253
4.55747
0.0843426
0.289998
21.6681
27.3589
1.56808
0.00166917
0.0354516
5.02478e-06
0.116391
0.0106074
0.941286
0.149031
4.32649
12.3533
28.1736
18.0686
3.54948
5.45638
0.766321
27.1346
2.52623
1.73509
1.77129
1.37195
11.2787
14.4499
16.6383
5.64457
67.8625
15.0607
3.67711
14.0983
17.0974
13.3912
27.9495
10.1102
6.01125
31.8979
9.53826
9.376
2.99127
5.65722
39.2635
7.70501e-07
0.00447139
0.0577445
1.37214
0.0831007
1.19878e-06
0.273731
0
2.25888
0.679598
4.00758
5.34335
0.039864
0.74212
0.615342
3.00614
0
14.4638
6.12177
11.4561
23.3959
19.8942
46.6556
10.6841
1.57276
0.113015
0.269999
9.43725
2.24839
9.39883
3.24795
3.68011
1.14349
13.8165
0.438955
4.66034
4.47612
3.38261
3.47929
11.9342
2.99612
9.06496
0.162138
6.93756
0
8.52259
0.582729
1.67657
14.47
0.000135312
0.0364428
19.2983
4.39685
12.19
8.62592
4.08175e-06
10.1666
23.1623
4.04744
12.7224
8.60777
17.1643
1.4128
2.82593
9.28207
3.27429
10.0857
0.554352
14.9726
0.462005
2.26249
1.71761
2.6814
2.02011
5.37957
4.4183
5.6367
5.19178
2.93901
2.72993
3.97478
5.21088
0.0759328
2.65197
2.50611
3.27844
2.19521
0.266909
0.122245
0.0759566
0.863952
0.330414
0.879194
1.42537
1.21251
0.0227113
1.01515
2.10088
0.0634897
4.81231
55.0658
1.71987
39.2343
31.7216
16.2454
7.29526
34.6725
0.00137445
1.88996
0.0680862
10.3033
0.000401428
6.52512
10.2169
6.76398
1.13379
5.86464
7.72914
11.6815
25.9172
4.25393
36.4521
3.09001
2.81479
17.4738
48.771
0.226853
1.00097
12.5309
0.0571305
2.96048
55.4542
2.31082e-05
8.1615
0.279982
1.39409
3.26802
0.0580561
1.49282
0.460977
0.0761188
0.01248
0.434505
2.49158e-06
2.32302e-05
17.17
4.02194
6.62914
4.8115
0.0122418
9.34108
11.3235
3.40156
14.068
29.7885
19.3121
0.00143332
0
0.000415465
12.7962
0.000161244
0.0229093
1.3811
0.0879574
1.7647
0.651022
8.34599
0.00971466
2.66057
30.9631
1.89019
0.823364
0.240162
0.731254
21.4399
11.2653
0.000407748
0.0333734
0.760746
0.329556
1.25971
1.87423
73.3245
0.094288
0.142304
7.31621
0.751291
2.01334
2.37693
0.00332691
0
0.00115054
27.7848
28.758
0.533335
2.50608
1.47041
1.01525
1.22842
0.364999
0.0388934
0.012749
0.0112701
0.00111156
0.000513722
8.39675e-05
1.20049
0.000186789
3.09923
0.589485
0.797769
0.984911
1.17717
0.920264
0.0387978
0.649525
0.137203
0.00305249
0
0.00140811
0.0399301
0.741843
0
0.0381901
0.911592
0.356528
0.434558
0
5.31569e-06
0.330578
12.6678
0.0645379
1.7151
0.553406
0.0132253
1.02941
4.43279
4.25214
0.317509
0.853202
0.418062
0.00499623
2.75539
7.80481
5.10488
2.19926
2.48385
0.00110605
0.471005
12.9749
10.5718
0.693479
0.0911197
2.63253
0.316078
2.28094
0.424176
1.0444
0.0612997
2.51161
1.6302
0.000411037
0.952505
0.42783
0.301507
6.35135
13.9717
6.16138
14.8577
0.525226
15.5022
3.82488
0.898692
6.41533
0.000881355
18.5637
82.6479
3.33172
2.34506
5.03427
3.72025
0.0297835
2.47327
0.117664
0.933771
24.8657
7.28605
0.119749
10.9259
0
9.80597e-06
0.944774
1.77806
0.628147
2.79297
9.79192
0
6.60422e-07
3.58974
0.80404
0.129606
1.46568
0.860685
0.0806467
3.8968
2.22031
9.04311
7.9105
1.04821
8.54553
49.0248
0.00473714
0.354464
1.86447
0.15808
1.42191
19.4233
3.34722
2.03189
0
3.6453
99.087
17.7475
14.9685
4.65639e-07
2.15284
32.6276
53.5258
48.8736
3.26909
0.137711
42.8932
1.38105
70.8904
3.7955
14.8537
16.1074
2.6036
0.150351
3.42444
0.129734
14.0867
0.444225
0.736257
7.28064
13.3589
1.70816
9.29497
1.07897
1.62178
16.8044
0.000152153
10.04
14.2934
3.55478
1.29502
12.8507
8.71524
0.685089
2.14613
13.158
2.87695
7.20118
8.5846
8.44755
5.40825
11.5368
9.45561
1.93266
5.6638
2.78437
4.68986
9.40279
8.80745
8.88364
1.40999
2.06852
2.43623
0.0516264
1.13488
5.50421
0.607554
0.994681
0
1.62975
1.19946
1.40347
1.07489
0
0.897548
1.88501
0.264359
1.044
25.2756
4.74083
1.14738
0.00641973
2.90402
28.8265
0.305647
8.08672
87.9562
1.20768
2.01291
13.0862
11.623
0.000147242
3.38366
0
0.221455
35.1801
0.00137685
1.4295
10.6812
7.90646
1.0799
95.174
7.92711
0.18686
0.0193087
1.33991
31.2755
0.834126
0.857524
58.0983
4.92474
3.19102
5.16473
16.412
10.565
20.981
3.01071
7.31307
21.8729
36.8204
51.8517
41.0452
66.1054
22.2425
6.53824
0.256167
1.76305
0.0315182
2.16654
2.91685
1.39142
6.70989
6.02606
11.8684
4.47977
0.813539
1.64738
0.000343197
3.38969
0.870592
1.95926
1.51877
0.322108
0.0743266
0.08567
0.0122315
0.0135002
72.1295
61.1788
1.31074
6.29551
34.5241
21.4499
1.81378
5.08883
11.0098
1.98257
5.84392
1.77232
2.66709
0.669422
1.05516
19.1875
4.7802
26.6909
6.20469
44.325
37.5938
6.50367
43.1444
23.4597
32.283
47.2613
42.1858
6.61651
2.8817
0.168745
0.000213144
0.690255
0
2.68138
3.64611
0.302378
0.00248212
7.34601
14.8415
41.4036
7.62303
6.66185
4.87631
1.6016
0
0.505387
0.670731
0.0978734
0.88238
0.0862812
2.48917
0.921005
6.4263
5.30139
12.91
6.51565
13.041
1.95883
0.712666
0.00546337
6.42647
0.779195
1.79531
3.63613
1.05933
8.04008
2.99338
0.00807836
15.5261
0.118325
3.74972
1.03081
6.72366
2.29655
4.37176
5.83318
2.49496
2.80667
1.13514
0.544401
0.88648
0.285477
8.88766
0
1.19212
0
10.0005
0.458361
0.171703
0.389735
0.418765
10.4504
0
0
21.1821
