10.4778
11.7356
5.81516
0.0554971
3.19558
9.2645
0
14.1212
9.44592
14.1663
26.6028
0.00344248
0
2.43088
21.0362
0.00221384
4.71357
31.4515
28.5959
6.36173
8.42985
0.819129
0.0327959
0.21834
6.14725
5.57842
6.27973
8.90333
68.3463
0.77166
0.964455
1.36837
0.485113
0.147446
1.26826
0
1.55967
13.0897
18.2925
25.5401
15.2
20.8536
5.66618
10.7127
1.27064
5.28018
4.47994
0
1.83986e-07
0
0.789505
0.990396
12.1752
2.71057
3.63506
1.15311
33.7894
4.74093
1.1366
1.24687
9.81247
0.263839
11.2832
9.34459
6.95882
0
3.11889
2.05629
11.2961
1.10805
21.2729
0.484213
0
0
3.41702
1.30702
4.44581
1.37517
0.0115316
2.54299
0.797193
0.859641
0
0.651119
34.7441
7.74728
7.90119
9.32011
10.5738
12.7198
17.3408
11.128
1.37958
9.03585
12.4255
12.4057
13.6823
19.1673
4.78003
0.661752
5.75078
9.60129
14.6765
15.0189
17.1857
8.58369
13.4031
2.44771
0.404899
11.4349
13.2398
17.1537
9.49342
7.83696
13.9451
9.9418
9.97109
3.57301
4.73053
3.25077
2.97702
3.75058
4.41534
4.64694
0
2.62049
5.68766
1.88923
0
0.0476298
11.9057
1.77559
2.41584e-07
11.8885
0.834506
4.82675
6.39971
1.13909
0.430296
4.4108
1.92079
0.276265
0.106401
0.621547
0.978163
0.440638
0
0
27.1164
74.3179
1.67671
0.965515
0
1.0184
11.7539
10.1675
25.3987
9.01753
16.6305
1.63316
10.7028
12.291
3.53855
13.3
1.18826
1.86988
10.447
0.456327
0.0130596
1.90814
8.70979
3.1128
2.18522
0.449384
1.15078
0.706807
0.0474399
0.999284
0
1.18791
0.0489872
30.4108
0.984188
0
14.7404
3.96083
24.9338
3.67569
22.9625
36.288
33.0221
22.4179
18.1572
31.6887
4.21143
0
13.2117
10.0795
15.9008
14.908
34.7468
74.827
19.131
47.7784
18.5067
4.43668
31.8401
2.50387
86.7005
12.9431
26.9328
31.4273
1.69295
27.3161
26.4128
33.1258
4.37096
33.266
22.5811
6.21216
0.890889
9.52924
27.8848
2.42774
37.1136
20.3163
20.6545
28.6917
41.7325
0.957323
6.70168
4.94978
29.7061
0.000329331
4.1025
2.81237
4.0447
8.8838
6.08915
6.63577
1.29574
4.10966
5.48145
0.334082
0
0.513371
0.399521
0.0144223
1.55483
0
0.640499
4.44691
0.845237
0.0698199
0.0198471
7.93965e-05
3.55676
0
0
0
0.000752564
0.00448564
0.114454
0.814238
1.89711
1.20735
0.0130561
0
0
0.108034
5.64923
1.10938
20.0226
0
0.00137391
0.83619
1.1507
0.0950219
6.45813
0.860874
24.257
0.00219474
0
0.0637533
0.0127081
0.474024
2.06573
0.167383
0.670236
12.7381
0.010955
0.147298
16.8446
0.120037
0.966664
0.45006
0.226691
25.4386
9.78218
5.20689
5.87654
5.00853
13.601
15.4487
2.03889
25.4888
6.15871
4.35641
1.33035
2.99974
0.728588
3.38069
0.273275
10.5252
25.7936
27.6169
46.3752
13.1191
12.1595
12.6725
7.73376e-07
6.44688
5.53795
3.35744
6.81891
8.52508
0.733566
0.992262
0.442387
0.713226
1.03375
1.40245
0
4.60127
3.85135
11.8933
10.1011
6.19729
9.55483
0.844565
42.0464
3.85863
9.83378
0.166378
1.33466e-07
1.36897
0.277855
5.54797
7.69262
5.37895
0.00631935
0
23.3056
8.55207
0
1.64524
13.0286
10.0738
0.135204
1.26805
4.50496
7.55486
0
3.3209
4.59086e-08
0.930426
1.66666
0.275701
3.75034
2.38312
2.6877
0.00469441
17.4469
9.3702
4.79972
5.79328
0.000313316
21.7824
48.1114
49.4789
20.1019
9.23259
0.146208
9.78983
21.8372
7.67847
9.94674
12.3273
6.61078
3.64793
16.3751
14.7611
11.6147
4.35882
0.010834
29.3343
23.0126
17.7486
9.16995
25.7324
9.68256
25.2053
21.2364
21.3309
20.9162
13.9574
8.6216
10.9491
7.55045
3.83968
15.7873
18.2715
9.12114
18.3489
3.68623
5.22251
69.0556
18.4397
11.6717
6.95612
2.3657
6.19966
13.0791
12.1607
13.3228
29.9382
15.3147
28.5657
37.8219
18.442
31.0589
21.7699
45.9404
37.7951
25.3837
17.1633
44.9365
2.22571
9.95278
14.0478
13.8268
10.2521
20.732
7.26658
18.497
6.39066
4.259
0.623372
7.46001
1.68794
15.0938
2.39025
23.5255
14.8257
37.1126
25.7374
30.8676
27.87
24.4671
15.9951
9.96983
4.69176
0.744216
0.00341407
12.1571
4.7991
21.5431
8.29919
0.0148099
2.13182
2.6346
3.6067
2.01778
9.61294e-06
0.828405
0.0763286
1.11362
6.27056
3.41303
8.60489
20.8738
8.08043
2.8033
13.1537
9.35492
13.4929
14.8009
17.5346
2.96376
27.0689
35.6519
37.6655
14.9059
3.10722
2.26358
9.34664
0.000180948
0.305698
0.00538843
0.0293421
27.2243
49.9717
27.5189
17.965
31.1809
9.84618
8.64121
11.2983
0
5.32231
4.73591
3.83878
0.928018
8.65829
12.5677
22.2941
22.0409
5.16276
22.5934
7.0558
7.542
27.6199
10.2424
0
0
25.2724
1.67707e-05
10.0593
0.0513961
3.12136
2.31231
5.56505
0.0313426
4.84843
1.37046
10.7185
0.378936
0.959446
1.17961
27.9136
2.40149
0
11.3114
4.85939
1.3073
6.60067
15.3246
8.4532
14.7509
20.9367
25.9894
20.8466
0.0198287
33.2663
1.57545
23.8163
33.3564
17.4384
12.7362
13.0011
5.12098
3.57229
0.381172
17.4069
0
0.000407325
8.71772
0.000657196
4.16637
4.12049
10.7988
22.2838
2.44127
1.41698
4.6721
2.96843
5.15337
28.338
46.5214
14.0544
0.513994
5.71045
0.0921313
11.1377
10.2055
3.09342
4.9904
1.45322
15.8121
3.71258
0.648555
1.63996
5.43013
0.386258
7.02641
6.26824
23.5638
3.20788
1.00342
17.0527
11.7251
19.227
13.7417
0.258231
8.85822
20.6175
0.66958
0.0384884
0.0143102
2.77174
0.830982
0.066475
20.9884
21.9011
13.7062
2.51277e-06
0.279057
0.829643
17.9618
1.86928
2.27291
0.391023
1.62282
4.4598
1.07064
0.00784331
2.57387
12.4743
0.0932258
0.976346
0.490024
0.703391
0.00292224
1.04959
9.99509
0.0101721
11.9582
15.2009
0.198225
1.20857
11.6551
1.94432
13.9017
19.1368
0.88894
0
0
0.272829
32.8979
49.3025
0.737399
28.1971
0.895482
12.0888
35.4142
14.1783
24.7168
1.33395e-07
4.23954
1.54484
0
0
6.44232e-07
0.756975
0
9.40457
13.0412
14.2098
4.86392
17.4612
0.907934
19.2318
7.24018
39.9116
30.4498
0.196523
7.87238
0.912743
22.0012
22.5664
1.45839
3.30351e-06
26.9556
11.5869
2.71328
5.52099
2.88685
2.96688
7.97547
14.3389
8.22277
23.0896
17.1757
23.4922
17.2769
2.08184
6.46741
0.950635
0
0
0.401278
0
0.179497
1.042e-07
0
34.193
1.34563
4.40413
6.67592
0.00201893
8.63996
7.51478
1.37395
4.22482
2.77594
10.4147
9.67989
10.3143
4.96181
16.5983
27.1511
21.926
7.1916
29.8086
24.0674
0
2.34025
30.6581
3.93389
0
10.186
0.000119622
28.5415
130.61
9.74643
15.671
56.344
14.1586
6.67454
0
0
19.6184
32.8274
0.101855
1.51604
0.0909017
0.541593
38.3082
0.931381
0.937096
0.251716
0.947617
0.862251
0.00261957
13.5007
17.0593
12.6694
5.3478
0
0
2.79473
16.9385
10.5085
0.679736
2.46536
45.3551
1.34558
41.1881
2.16095
15.529
24.7341
15.3066
38.397
0.673873
2.62015
3.92733
0.25392
0.593748
0
0
0
0.74163
0.0165126
4.7897e-08
0.0573167
5.04248
25.5019
4.31508
28.4113
7.16055
1.97411
10.7285
4.52715
2.5747
3.40706
0
5.39413
1.71887
7.1568
1.84701
26.6081
5.26878
11.7277
2.61889
0
10.5661
0
13.6395
0
0.431945
0.791913
16.1669
20.7217
8.40823
17.1725
10.6738
22.8647
1.81883
0.0593786
2.155
18.4007
1.46735
0.742241
0.295366
0.0062131
0.0034684
1.9228
13.8314
8.50726
0.439437
5.76204
19.0757
4.80488
6.87117
8.37642
4.73381
57.9163
1.30358e-05
1.02818
6.92713
22.3531
12.3739
6.74231
2.27402
0.0672839
0.0091429
6.1259
24.338
28.0843
22.3271
0
15.3248
21.393
8.70897
0
26.2647
2.75019
0.006803
18.8684
0.000247525
0.750665
15.7336
0.0219843
1.7952e-05
0.895202
6.70978
0.204047
0.767239
1.99303
11.7356
10.3436
0.00431245
0.0165624
29.1456
0
36.6749
0.00166468
14.2524
0.000345435
0
0.34738
8.41123e-08
6.3255
0.661392
0.965815
17.6098
14.7468
11.5275
9.39501
2.30417e-05
33.4247
19.0692
1.16085
7.63353
2.19618
15.5098
2.69842
12.9197
17.2916
13.3639
15.8228
4.28723
35.3698
14.1044
16.3606
16.8652
1.59662
15.4099
2.75955
0.992145
24.2006
3.48517
4.75854
3.36629
6.80575
14.2922
6.59762
14.9587
0.804502
3.54148
0.000248354
2.01606
1.53757
8.42698
10.0902
15.9257
13.0359
1.21037
0.139033
1.56466
14.5779
19.825
0
19.8795
11.105
8.73594
0.123141
0.158198
0.607954
15.8663
2.322
12.0798
11.3711
0.0180509
0.144632
21.62
0.0653785
0.125047
10.3965
12.6008
5.75205
0.158269
14.7051
13.5755
0.77402
3.98245
3.60662
11.4148
0.00451226
0.37425
13.7197
0.893524
1.76342
1.35351
7.10227
14.0218
52.5802
18.9491
0.0394475
0.00325806
0.0948265
1.90458e-06
46.5356
29.0493
6.11639
7.71286
9.15628
23.7187
16.2849
0.000511519
0.0691248
2.27022
1.14193
2.00078
0.0474959
10.3465
0
2.89376e-08
30.26
0
17.7602
5.22407
1.66333
0.0375782
0.000169281
0
0.0165635
8.98866
50.5748
2.7001
36.2852
28.5324
0.0854247
1.08856
2.27303
0.00185023
6.16558
1.29548
4.89543
0.011989
0
2.03361
0.895248
0.010276
0.438233
12.4499
0.847645
0.539998
16.7756
5.05593
1.34434e-05
0.0306254
17.3585
23.9523
1.50125
3.04772
1.53767
2.13326
1.07603
20.266
1.40141
0.152136
28.269
7.11419
0.272224
0.00123551
30.0678
15.1202
1.61616
6.88561
0
16.2058
0
0.0187444
2.5818
29.5219
0.00302415
46.6731
0.077496
7.22874
0
21.2156
6.64675
9.65013
16.6112
9.48599
2.9326
64.1726
10.4564
0.661984
0
0.000586918
17.2102
27.7094
8.18131
9.15652
0.218376
1.29352
1.66063
19.1538
40.8491
34.6741
22.272
4.39924
24.5409
11.27
7.8642
27.2008
25.3277
3.34696
5.03299
14.5318
10.5053
0.528225
0
15.5904
19.1842
0.50869
6.49462
6.09372
0.00365193
19.1165
14.22
12.3669
0.0100402
38.0242
14.2664
10.325
14.7468
25.2822
5.549
31.6016
24.7225
16.9844
2.98753
0.0199832
1.4523
26.3361
34.7404
25.873
25.0242
31.1586
24.6517
22.1745
42.3533
47.1647
99.6062
78.5688
31.9438
8.67397
14.8091
0.773214
0.0189876
0.0415789
2.95094
1.1304
3.99364
6.43166e-07
2.22438
11.4057
0.00173819
10.5103
8.30761
27.3342
11.3641
26.6044
2.82937
30.8965
9.58229
7.08883
5.96138
12.1557
27.1598
20.0154
0
19.5257
12.18
18.9231
33.4526
28.8521
26.4834
0.770545
0.000450788
1.80208
28.2381
9.32435
3.96111
2.77011
15.6693
0.264817
0.753097
0.002829
2.52967e-05
7.57759e-07
26.4151
0
28.7438
0
41.5054
65.2292
2.05957
3.98969e-05
0
21.6186
34.3234
25.5958
25.7014
2.44816
0
59.5469
28.9634
9.8496
1.16311
13.2013
47.1621
46.1091
0.0553554
15.3515
32.9363
3.10829
14.9217
0.864504
0.00639592
6.42962
0
0
2.10343
0
0
44.3393
0
0.808387
8.32524
14.2052
10.4959
12.6813
8.12892
15.0575
0.78793
22.2309
0
13.61
8.50129
0
6.60933
19.3326
15.0862
0.0550614
2.95487
0.187135
39.8827
25.5093
4.75517
20.4875
0.00021828
20.4523
27.4628
35.3675
6.4077e-05
18.8229
7.83582
34.3994
18.5866
1.97707
0.306031
0.440265
19.1819
0.110403
7.63185
2.64141e-07
0.687867
0.198143
0.0218346
20.8515
0.0189958
1.00325
0.0455618
18.5373
0.00485107
12.252
22.1476
0.163602
13.1925
2.01869
14.7094
17.6736
17.3257
0
0
0.0774498
0
1.95874e-05
0
0
0.253609
18.793
8.65414
3.0742
18.3316
11.1484
1.81981
20.4163
15.36
0.000348163
34.3983
26.502
34.2896
20.0582
30.4768
21.4224
31.7598
0
19.9876
43.3862
45.3314
22.3212
44.1401
3.69566
37.4425
28.6361
0.0274317
25.4502
0.818061
0.0751223
34.1825
4.48211e-05
0.281023
0.0191976
0.000362071
0
0
0.0206756
0.979239
15.2192
3.41171
0.625925
0.775968
0.0233067
0
0.0535913
0.0050786
0.089792
0.863348
0.0713289
22.2873
5.07124
50.7916
12.6194
0.415746
0.706243
17.2882
26.1694
0.765424
0.0103869
16.6339
2.62258
8.95624
44.6296
0
0.494886
0
1.52806
8.5059
31.4977
0.296752
1.63268
0.538575
0
5.58828
0.960635
20.9425
18.4721
0
4.30765
3.19801
1.95645
0.245801
0
12.3282
0
2.73203e-07
1.29066
26.7209
70.0162
7.38342
4.72859
54.381
2.29369
26.9298
24.8185
4.17351
15.5244
0
4.41766
0.0651131
4.75612
9.34002
3.35578
10.8885
1.20594
5.89507
0.34931
0.002955
0
3.11424
0.216449
1.15086
0.636406
0.326271
14.2128
31.0957
1.1233
13.1468
0.0750937
15.0995
1.33935
0.660175
2.46793
0.00189904
0.841379
0.000492333
33.7912
10.9845
21.9653
45.4819
19.069
17.2787
0.374031
15.0545
28.482
0.105156
15.3348
4.22259e-06
2.1844
0.0122388
4.81864
10.7391
0.00767456
4.89616
2.67916
15.6296
6.00819
7.35582
5.8572
10.3017
10.3153
0.595
4.98868e-07
4.10907e-07
9.3737e-07
9.65171
13.4755
0.0162591
0
7.28378
4.24297
19.1505
4.4302
2.33061
4.03775
8.95479
7.65476
0
22.3056
0.000300365
22.7047
1.93968
2.90514
29.9689
27.1862
1.73115
0
20.7145
33.1436
4.04185
24.3678
4.22855
26.4581
4.11085
7.19325
0.00759006
5.66338
8.46506
12.2595
14.295
9.38044
9.70769
6.71678
5.89706
7.56866
9.79138
6.33578
0.0143914
0.0978334
0.0315211
1.08823
3.31787
0.248521
4.10856
0.85287
30.739
0.0500617
0.38617
1.15954
2.70423
1.95404
8.36371
1.51779
0.964056
22.2748
21.3241
12.9065
25.885
7.19366
1.41392
1.13562
37.5825
18.5825
25.646
13.2834
0
0
14.4926
12.3136
0.251099
0.144183
4.8783
0.763819
1.38761
0.970145
4.28359
0
6.16155
0.0015837
9.87982
0.0750817
10.9159
0.0577599
65.3776
1.65586
1.62639
1.87018
4.81381
0.56063
5.31481
40.6255
0.543065
6.20971
29.1942
3.39154
0
83.1969
0.487212
0.529476
7.29765
0.0907966
0.0966699
0
1.65998e-06
0.752567
16.573
0.188643
2.26226
0.124111
0.578499
1.03035
16.4175
1.50103
2.87284
0
0.111677
2.3626
0.921728
0
29.716
0
23.6774
0.206486
0.513288
10.8471
2.23237
1.00951
12.1307
2.26706
1.79535
6.90501e-05
14.1229
9.12639
2.42543
42.847
15.174
9.31708
0.965231
0.497673
0.43343
0.966162
0
4.67507
2.82425
2.72865
2.85986
38.7098
12.0605
1.73862
1.35111
1.70493
0.25542
0.637716
0.297034
8.94617
0
1.69471
2.62389
2.21299
0.524858
0.755636
0.010087
2.11603
0.223122
0
0
3.76989e-07
1.95595
0.1143
0
2.10229
0
0
0.627456
0
8.49874e-08
5.60878e-07
0.0389267
33.4449
0.00573775
1.9656
7.90624
0.00615394
0
38.8627
0.531388
18.6454
0
3.76365
2.74626
0
3.83642
1.09606
0.000237581
0.596072
0.555094
3.70564
0.366044
3.14734
6.0132
0.00265926
1.3285
19.7553
1.3485
1.12681
22.6365
0
0.123006
0.000258313
0.0704184
7.99509
0.796043
0.112002
1.33733
1.06399
0
0.663025
3.78053
0
0.596827
6.00834
2.5066
4.58582e-05
1.48365
0
0
1.43474
0
11.1761
2.10317
21.2337
1.00845
0.00721016
9.62563e-06
0.900136
0.694158
0.0116378
0
0
0.693876
19.9044
0.094651
21.2192
14.8377
11.8889
55.1629
0.053662
29.5977
5.4956
24.1279
0.273005
0
7.84795
0.561856
29.0295
0.18383
2.61747
0.676204
0
0.126357
27.6565
11.1597
0.098868
0
19.2302
3.434
4.0798
12.6202
5.48845
18.3162
19.6328
43.2743
0.982497
1.82748
20.6979
0.000459757
33.3822
21.0113
41.4805
26.5412
4.6101
14.555
17.529
21.2483
23.8043
28.7499
22.168
10.9205
14.5658
0.439631
9.69166
11.274
0.00383974
0.0615582
0
0
9.34435
11.4849
5.51234
0
6.6928
1.08041
0.206175
2.189
6.10739
1.99249
11.037
0.37674
5.3182
8.4209
17.053
3.64426
8.00521
0.717326
0.664751
4.69695
6.19655
3.11375
1.629
0.392309
0.0155091
10.7709
0.349064
1.23435
0
0.0149565
0.90343
0.102139
0
1.05859e-07
0.00177945
0.658967
0.602181
0.202301
2.49152
1.55557
0.691598
0.0028378
0
0.424559
0.0766151
0.00107353
0.954159
0.0336944
1.1199
0.268092
0.121375
1.18695
0.964176
0.799034
0.873623
0.00336827
5.59739e-05
0.000814855
0
30.4592
0
3.28066
0
0
1.03809e-06
31.9354
0
0
0
0
0
17.6958
0
0.0158714
3.49523
0.00012014
7.3347e-05
2.05933
2.96235
8.66719
9.99776e-06
1.59948
1.18703
13.3265
20.3558
1.88177
27.7097
21.3778
10.6734
5.80631
27.2167
30.0712
30.7331
29.736
29.5533
23.3055
8.30715
0.0968033
0.0442098
23.8339
13.611
23.1026
15.3908
14.8317
11.7029
10.4939
22.8444
22.6022
42.897
10.1229
12.3698
19.0384
33.2345
28.0146
27.236
0.166352
34.4013
0.621636
31.4096
33.0726
24.2196
42.1365
11.0117
23.3985
26.5829
14.0903
3.35734
14.9625
23.3688
11.4553
16.4032
37.5906
28.2711
28.0384
25.4728
11.8537
15.4342
8.20415
15.4373
0.012706
9.92895
8.46195
8.02688
0
8.52752
10.6367
0.866203
1.42981
1.0137
0
1.51756
4.03009
10.0014
3.47414
21.1542
0.0952906
0.815975
3.10891
0.518719
1.14136
0.00904508
14.878
0.729266
0
0.143264
19.8734
0
0.438087
3.28305
1.67697
0.723783
0
0.502539
0
5.60996
0
7.45857
4.4724
1.72317
1.47831
1.24703
7.70336
6.34421
16.3015
37.8122
7.75268
31.6592
17.9585
24.3802
35.3448
13.2943
47.1873
13.3179
24.8793
18.4979
0
16.8058
19.2558
26.4008
0
20.1446
0
8.04049
5.2343
1.3763
7.37022
3.75812
14.3345
1.355
23.5424
0
0
12.5299
3.32323
4.18
0.430089
5.06697
0.185417
1.47238
1.30669
3.43073
0
0.0613701
12.9813
0.587702
0
0
0
0.86994
7.6204e-06
5.34782e-07
0
18.5739
0.716784
0.105391
0.0963445
0
21.2236
14.6414
0.129558
0.00989883
17.022
11.1278
0.268082
10.0999
9.92259e-07
3.74681
0.0418854
1.15174
0.000403139
2.16515
1.02119
25.7437
9.26955
37.4204
0.641996
1.66191
0.473614
0.874403
8.68037e-07
37.0957
0.149389
0.741393
4.21099
14.6162
1.40454
8.38405
11.057
30.9036
20.7366
15.196
20.4918
1.06174
9.35457
20.5225
6.13405
0.736034
42.4139
3.22496
0.854924
6.93794
3.04637
6.39269
1.2562
37.992
1.24097
1.89461
4.06806
30.7516
5.52863
2.68766
2.72951
6.02147
12.8648
7.48688
7.33569
20.6956
2.08435
8.58376e-05
0.0537437
1.50409
0.258478
0.784325
7.30721
40.718
36.6448
37.161
5.03416
21.3346
30.6553
1.12334
21.423
5.14988
68.9099
9.53599
8.90455
3.12482
82.3381
42.851
6.60636
33.7788
15.7098
0.850047
0.0511851
0.0282647
0.000167479
0.709929
1.60447
0
0.0511909
12.1256
25.2919
24.9543
1.41795
38.5749
0
0.126424
0.291626
0.0271093
0.566952
0.286107
0.686752
0.813716
4.47462
0.00260294
1.98914
26.33
1.88956
18.5107
3.28964
4.15888
0
0
16.1914
6.34291
0
7.07969
4.00877
8.46806
1.09603
39.4587
12.0956
4.16143e-05
10.4141
21.2643
0
0.722527
0.357865
0.0113578
0.573355
0.734519
31.2239
0.0710731
57.5395
18.3857
37.0864
0
0
0.0334332
0.0135388
0.936172
20.5444
16.5121
21.8938
0
12.4047
21.487
15.5889
4.96484
4.34895
1.78244
5.95072
0.0734275
1.18443e-06
0.159532
0.000730814
0.000177846
4.64241
0.861655
0.713891
7.99735e-06
0.00036159
0.716681
1.63953
0.0323465
0
0
0
2.72278
0.660377
0
0.000728617
11.2252
0
0
0.281458
1.31761
0
3.56089
15.3324
0
2.81394
2.11407
0
0
0.10983
0
7.77922
3.54761
11.1405
2.51578
11.8909
2.27513
7.44978
1.74213
7.35931
24.8917
14.454
3.39593
16.3819
14.8676
25.4684
10.4189
11.0683
18.8027
23.7498
10.9739
15.803
6.62184
13.0313
21.2613
14.9283
19.2524
9.65975
10.3722
11.4735
16.0391
13.0554
14.5052
7.53325
19.6585
12.6395
10.9051
6.58218
1.76058
5.50517
1.49994
0.0192637
0
0
0
0
26.1988
13.6925
0.015794
1.0851
3.36437
4.03271
0.000269305
0.000336985
7.96089
0.00439234
23.8755
4.59331
1.03161
1.48162
13.9542
14.2302
3.25311
33.2376
27.1645
24.2152
21.3675
0.864687
17.3992
0
15.8051
25.4283
13.6888
41.8529
10.4423
8.7622
5.08167
6.5877
7.33856
9.86354
32.7193
14.9181
3.40148
2.93761
7.90788
4.76339
15.9782
10.3692
28.8535
25.0711
18.5121
30.8355
32.9624
34.3562
18.6276
19.0197
9.51588
20.8119
17.9112
18.732
26.5345
21.402
13.9796
0
0
1.06675
2.82076
2.60459
6.70406
8.72132
6.05825
7.59155
16.2141
11.4718
9.47421
15.5008
1.45503
23.477
16.6871
5.3276
6.09448
3.15452
2.32612
23.5016
2.64665
34.4012
9.41406
4.7421
6.26279
8.19272
10.7621
2.16149
8.35942
19.4811
9.28686
13.3851
8.02729
14.8668
9.71411
22.1936
31.2626
14.4679
33.1866
37.9222
10.2286
10.4135
0
5.65532
6.18088
10.4146
10.5928
6.06484
12.531
0.402861
16.621
17.0529
16.1047
14.7381
23.8909
21.7369
22.9338
36.4095
0
0
0.0270465
67.2604
37.2493
36.219
4.74803
68.8573
0.770045
24.6277
0.50104
3.08346
2.56866
3.51118
33.3536
0.872886
7.12639
121.905
58.298
24.4898
4.2042
0
51.4396
14.4098
46.9001
6.98066
12.3416
44.1204
50.2217
52.3207
27.1896
17.0701
17.5563
24.2583
21.4398
11.3034
22.4507
35.0871
30.7353
21.4913
24.2623
22.3273
11.4976
41.3315
23.8598
17.8909
18.0332
22.6316
15.2175
27.6866
12.8843
12.7167
0
12.6081
0
4.65346
15.1909
27.7505
17.6836
19.6719
8.06775
19.7195
12.6931
16.7594
11.9162
19.5529
14.4922
7.52333
26.0709
17.1587
10.8415
11.6715
9.47323
6.29548
8.70089
10.4046
9.51427
0.732589
17.4475
2.34899
17.3951
1.41087
19.7875
3.59751e-06
1.83659
0.76439
11.5237
11.9335
18.5685
0.00133641
13.5937
26.8596
14.3069
7.52457
4.50991
5.13621
8.8717
21.85
2.96285
3.49854
0.205109
17.1432
4.96202
0.00584577
0.900137
0.932122
5.13563
2.39856
1.09322
1.26343
0.521227
0.50526
10.1855
1.69152
0.970972
0.698416
19.0088
0.229124
0.775026
0.106009
0.18309
0
0
0.0195201
0.0457272
0.0290695
1.55924
0.248788
0.750987
0.0912154
0
0
12.5607
0
0
2.65441
1.59127
15.3796
2.00598
0.835751
1.30755
0.920391
1.90976
0.0741933
12.8896
0.907482
10.3822
0.0539001
27.5705
0.00133177
26.3151
0.0332698
0.786343
21.3253
0.989948
22.0796
19.5308
22.403
0.00121633
9.18895
0.00961289
1.19238
0.85633
0.175402
10.5984
28.8479
4.45213
0.735617
29.6207
0.410584
0.0307503
2.52435
0.0109948
1.32714
0
0.194429
0
3.36026
4.81492
2.43443
0.30946
26.377
2.96146
6.6741e-05
5.99949
15.2008
1.8132
10.003
0.222994
13.7838
22.6511
11.9503
2.46989
0
0.533868
0
6.89936
11.4637
0
0.71532
0.0437406
5.3549
0.0663819
0.267884
0.591313
1.46178e-05
0.00955754
0.00134658
1.00758
3.59845e-05
0.519726
0
1.12994
1.77652e-06
4.19529
0.207685
1.50537
0.12995
2.26773e-06
1.65072
0.760484
0.00252521
8.08764e-06
1.21854e-06
0.00349744
0
2.14005
14.0635
26.0987
33.2414
16.985
26.8433
6.59765
5.07727
0.0318932
0
1.06836
1.04828
11.8723
2.2486
7.83805
0.273451
1.62677
21.1218
50.2753
40.886
18.1216
6.28755
2.57483
23.3058
13.841
3.21943
7.48621
16.8467
5.85732
15.6392
5.7542
5.48499
30.9692
15.4757
8.60531
29.7551
2.20305
12.0622
3.28197
56.6653
0.0437838
74.8662
69.3989
0.716311
0
2.14188
3.14592
0
0.818267
0
0.455177
0.000192334
0.0792157
1.0934
19.1856
0
13.0914
0.68141
18.3011
3.67261
3.95672
15.2761
15.8275
13.9767
7.04045
0
18.7751
26.5994
30.3391
22.4551
41.4346
24.7731
51.79
0.488612
16.8249
0.0808379
17.2618
27.1142
12.7391
2.93494
0.156038
9.57472
15.2323
28.7179
11.2539
20.8989
24.6147
15.2814
8.02447
10.647
18.4391
5.16787
12.8085
0.0255013
10.4451
32.1498
3.94696
3.85392
26.1975
1.03965
22.7846
7.57303
0.179832
4.43646
0.163094
13.8948
0
33.9372
65.0309
23.7694
24.3852
14.7999
25.5695
8.05551
6.96853
0
2.3656e-08
5.44619
7.16227
6.04674
10.2421
29.2505
15.314
15.1268
19.055
21.5856
47.4344
17.8517
23.6009
0
0.0185789
0.0120544
13.2416
0.761801
11.907
15.7296
2.67667
0.480445
0.338481
0.729465
1.51129
1.7439
4.04451
1.01492
0.644634
0.495287
0.168121
22.8906
4.18215
5.88253
5.93643
18.5387
1.45203
19.6381
0.723385
10.8997
0.0277665
7.08857
1.41757
3.03462
4.05931
2.37866e-07
0.0220442
3.08054e-06
0
0
1.00787
0.0033251
0.0979221
1.39674
0.760544
4.33787
3.65513
0.781406
2.83029
0.208059
0.0621374
1.90215
10.6516
9.68896
8.0829
0.000263162
4.1619
6.58433
0
0.00743459
0.0737384
0.121557
31.4191
0.630322
26.04
31.9643
43.1683
11.7283
28.9876
13.4752
20.0007
2.5502
15.7443
11.7592
2.19076
10.4794
4.0212
0.527017
0.0332712
16.6154
0.00208319
15.7469
15.7929
33.3995
6.44674
34.0869
31.1902
0.846905
23.2699
16.4573
23.9064
23.3735
0.000866585
23.3885
0.00244196
26.6157
7.71184
0.709932
13.4381
7.75222
5.04324
5.44255
1.02046
6.44587
1.88751
9.27703
6.17335
2.02172
0.488157
22.5328
14.0903
19.9123
7.16406
12.4749
31.7334
24.7934
2.11407
19.2352
12.7437
25.8184
27.3143
18.5547
17.0858
15.4564
4.36673e-07
9.54453
14.4077
29.3224
14.0529
10.8707
12.5292
7.21159
9.43157
19.1692
24.6867
14.7738
16.9538
20.9082
11.2491
30.7447
41.538
10.9439
18.7819
18.1121
0
19.168
10.3024
7.52682
8.38043
27.4021
0.00508721
14.4776
30.2488
25.6506
0
0
47.9088
19.9411
30.1983
27.5717
6.20154
31.499
27.2645
0.523934
24.9352
35.5962
17.6012
5.70008
20.9243
32.3773
40.581
23.0389
50.5081
23.6897
36.1495
15.2123
50.7422
41.9834
0.136193
43.4048
26.7515
18.988
20.4011
20.6287
34.8106
61.6758
34.9773
0
41.8833
32.8384
30.5792
0.957275
11.5468
15.3034
49.7991
15.4819
15.3696
25.2242
25.9618
2.7298
0
11.7502
1.00707
26.1099
3.21743
13.3137
40.3422
27.2129
36.3807
30.2553
0.970539
24.6587
0
29.222
31.5745
34.1744
31.738
13.5537
34.8502
41.6296
27.803
40.2113
23.6047
18.8886
31.7843
0.662813
34.4926
15.9586
32.8934
1.00478
14.9406
8.38351
17.7877
22.4565
9.81574
25.218
19.1479
0.271443
12.2898
15.1615
7.92221
16.2885
14.565
0.96242
13.452
13.4651
9.32924
1.66359
2.75
0.130054
0.464508
3.52036
22.3565
2.73711
17.4258
13.6026
5.60251
17.9632
9.83333
11.0144
55.7727
0
4.83132
8.6849
7.31352
2.67637e-06
17.6792
30.6698
10.8733
10.0445
10.7919
13.6627
35.1466
27.5062
21.8736
15.8695
15.5228
20.384
16.5238
21.675
6.70058
24.3354
52.2109
0.88464
18.8927
17.5833
40.0115
13.6858
0.578846
37.0531
7.2575
37.6159
9.29139
18.5364
25.9253
12.4035
33.1216
27.7578
34.3763
14.4837
7.26463
11.2605
37.683
57.4847
20.0001
0.877044
11.7228
32.6772
12.0248
46.3198
7.48073
0.945808
28.8426
1.65244
28.0962
16.6794
0.50375
21.4154
0.0278829
16.5811
11.0938
13.6008
0
10.036
12.419
19.5539
27.4384
12.5555
5.82808
6.37424
0.409717
9.49835
22.9605
4.90345
11.7415
16.911
4.06995
14.2051
6.9442
13.7191
4.58777
2.73562
16.0671
9.06679
7.30633
17.086
17.1559
18.5409
0
7.73545
0.0644248
13.5574
1.50652
1.75731
11.3111
0.974078
0.045596
50.8302
0.0721957
29.3839
1.68304
22.1307
2.3495
1.48848
25.414
1.01811
0.0022076
0
0
0
23.8531
9.70876
11.0241
17.8929
15.2038
23.5624
16.135
2.87368
8.44054
5.18488
18.3111
21.5287
0.407544
21.438
24.2679
0.0694454
14.0617
1.97761
8.15851
11.596
1.7434
6.73467
1.62243
2.80031
17.6789
2.15497
0.989514
0.263851
0.0394643
1.72124
9.6107
19.0784
19.6224
0.0155974
0.804486
16.6721
11.994
13.5922
12.7349
7.70892
8.5973
6.82073
7.94268
26.9277
15.6192
0.0587112
16.173
9.3552
9.19214
16.37
0.000366889
10.8319
13.8535
25.0796
2.95991
11.1624
11.8642
98.6693
10.4277
25.9968
12.3494
172.623
8.76284
7.02073
10.2534
14.3692
7.42839
12.392
7.59984
21.1167
8.10356
12.0439
16.3643
5.52702
8.49851
53.3725
13.4159
32.1157
1.24288
0.0549739
15.6774
34.0132
0.478186
0
9.4078e-06
0
4.81652
2.22915
0.24148
1.04078
3.15184
4.61347
0.114729
0.000145919
12.0321
0.0190261
6.19966
13.935
0
0
11.565
5.32042
14.5409
0.00013871
6.7136
6.24508
0.0413277
0.796444
0.0550418
1.74956
0
1.53048
9.16901
5.87861
0.00861337
0.0113777
2.49522
2.86639e-06
0.00121263
2.03668e-05
0.000826653
12.685
11.7507
14.0612
0.716348
10.4033
0.30099
29.3878
6.22537
12.2664
14.3017
17.8122
11.7315
24.1032
7.37679
11.5473
10.0753
11.9925
11.9701
9.72298
5.8968
33.2199
30.7738
50.3724
34.8105
25.4685
1.85728
18.903
0
1.1815
18.9243
32.3826
10.8268
5.88738
8.14432
9.74206
17.537
8.38622e-07
5.75902
9.69912
11.137
29.3338
22.5028
22.8926
28.5617
5.84327
7.10746
13.929
9.96152
28.8261
25.7733
24.1451
10.5307
2.22108
16.17
5.88334
2.37616
0
0
4.38674
7.53936
1.76224
0.00613468
1.82794
34.0937
33.8105
16.2544
10.2197
8.00192
12.3038
28.0579
13.149
8.63175
0.724699
0.016156
9.911
11.8312
5.92536
10.1141
36.6545
12.9653
13.6578
27.4607
0.725437
0.623176
4.80049
25.7968
16.459
5.60679
6.43287
4.28982
18.0674
9.53162
2.44179
8.07752
0.362179
1.93441
0.681161
37.5562
30.5426
3.50766
0.669692
33.8253
38.8124
0.0402888
4.10786e-05
0.0169895
0.33089
3.10496e-05
0.0195474
16.1824
2.70845
4.98401
0.0211731
0.0930104
0.0331653
18.0508
0.0804093
19.5313
19.1016
0.987467
28.1203
5.17605
2.50443
3.11268
7.21559
6.71244
0.073331
0.2472
9.24717e-07
0.0503445
0.0599729
0.0037715
0.515871
0.014256
2.6099
3.99839
8.31281
5.76559
1.17669
2.53977
1.04649
11.3421
1.58345
4.17085
21.9947
7.39044
3.6838
18.7018
16.2085
11.9933
16.1401
23.2321
7.95427
3.93535
10.2461
3.29097
23.0361
8.93124
5.87521
10.1454
15.8878
13.7563
6.32642
12.32
17.2655
0.00899353
0.87099
0.912067
0.0540478
0
0.00038963
0.0500279
0.106973
1.75527
2.16745
1.33354
7.52586
0.00436946
3.21701
0.627743
8.38067
0
23.1441
12.6661
15.7358
18.4432
47.4121
32.4954
14.2862
3.85061
1.99059
16.3133
12.973
2.3168
15.4651
41.9766
2.22436
1.99718
9.20872
1.97893
45.7808
25.9752
5.51249
26.2535
26.6468
4.77715
23.1892
0.0659666
5.39835
0.0942475
8.88848
1.77616
1.24752
25.8946
34.6616
0
21.4714
4.49468
23.174
19.7773
0.144384
7.40177
18.8576
10.7324
22.653
25.1913
29.7546
4.93305
4.8357
7.368
5.73767
3.26659
0.0241561
19.3338
0.0939704
7.25778
7.37168
2.78598
0.972519
1.00387
1.24342
0.660445
0.74053
0.729104
1.68533
0.334767
0.79693
17.0141
0.486018
1.12407
0.115782
3.72466e-08
0
0.0954109
0.138302
0.0232779
1.46345
0.451031
1.12745
0.100306
0
0
0
0
1.93503
35.0819
0.977404
17.5986
9.80206
3.29003
5.6659
12.8399
0
2.54977
0.0210689
12.4792
0.978895
1.0761
9.39605
12.8122
1.27319
11.9599
14.7426
22.7323
28.3629
9.33039
15.9149
39.327
1.27242
29.3736
25.0921
2.23619
1.01504
21.0104
0.00155191
2.1884
22.3859
0
8.13732
0.973903
12.5052
0.845999
0
0
6.18713e-07
13.0169
0.994807
2.16014
0.0599951
2.20769
18.8448
60.0492
18.5495
27.6166
0.0769483
37.1352
18.1038
2.17468
34.0575
20.2962
26.2923
8.99842
0.000125135
0
30.2934
1.33019
0.0339443
0.0121558
2.68751
0.401494
3.85618e-05
26.4542
0.000317357
0.273608
27.4067
0.0118882
0.797335
0.0144488
2.05823e-05
27.3207
35.0331
0.10071
0.706053
0.00336381
2.47464e-05
0.000392605
0
34.7291
0
0.273159
8.4785
0.966462
0.00953236
1.65489
0
0
0.0638975
14.2347
18.5457
0
2.39463
0.0147001
0
15.9622
0.137374
0.00524857
0.0122439
3.86797
0.0658842
0.0176242
0
6.92023e-06
0
0.757358
0.690024
1.92576
0
0.000518291
12.7457
0.0930868
0.549247
11.7899
1.31211e-07
5.89494e-05
4.74479e-06
0
0
0
0
0
1.71455e-06
0
0
0
3.3816e-08
27.6454
0
1.25918
1.26297
0
1.332
2.6139
11.6143
0
0.0430219
0
5.18094e-06
6.68582
40.1731
6.73082
1.22698
3.34334
0.684982
4.35234
13.7478
21.3236
5.59159
1.67854
4.63463
4.5178
13.2092
4.34796
0
0.0151357
1.20817
0.974046
0
4.10336
0
0.862523
6.74015
15.9418
14.124
19.9908
0
21.6905
6.89437
15.5619
14.4576
1.09013
11.3749
14.3066
3.74068
2.1863
12.0854
27.6585
0.206805
0.799944
0.110626
1.105
78.9855
4.56712
0.302134
14.1595
0
0.229343
3.86762
9.95963
5.53918e-07
2.3782
26.5018
0
1.39383e-05
1.95974
0.838026
0.0699593
0.0285167
0.344496
1.44495
0.0953888
1.59274
5.74844
3.35792
0.895374
18.8149
10.765
1.85692
0
1.1532
0.00327415
1.77929
36.2231
0.716728
1.75697
0.000183406
8.0554
36.3566
23.8428
23.0401
0.00308872
19.928
21.0219
8.53627
25.9441
0.702922
0
30.1159
1.32377
35.3477
3.04219
2.52074
29.629
0.2753
0.905589
0.749423
0.00590179
21.2388
0.295201
0.389965
41.9064
28.523
0.929888
33.439
10.0161
6.11552
19.2557
4.1349
23.9324
43.4846
0.466897
3.31388
22.1667
22.2997
1.19193
7.66613
33.0386
19.5361
20.6025
12.5224
23.0453
12.5891
29.2476
20.8059
1.68552
29.1035
0.249052
5.00209
25.2946
14.5348
15.5948
1.13131
0
0.588961
0.29595
0.528946
1.17649
1.97672
0.000492168
0
1.91983
4.69421
0.912408
0.348493
0.252825
0.363047
2.62722
0.662713
0
3.77574
16.8449
1.00717
0.667367
4.7355
38.0117
0
5.29535
36.3291
10.0822
9.47312
14.9556
30.7021
0.0651921
4.31583
0.381597
1.98083
60.2586
0.000188897
2.34958
31.268
3.81077
5.06364e-06
40.8952
7.11775
0.586001
0.0568789
1.17919
25.6189
6.17966
0.333787
29.4723
6.91943
3.53827
29.9361
17.1956
15.8624
21.8727
10.1929
10.8579
10.9698
12.8183
18.4382
13.5736
21.5503
17.136
14.0774
1.21317
17.716
0.62331
7.87208
11.0565
1.03223
19.4347
24.0885
27.8596
8.34542
2.69368e-09
0.0509612
0.124535
0.0304462
1.03412
0.00098868
0.497598
0.0302015
0.0337252
0.0383437
0.00123151
0
36.7423
27.5689
0.0441923
35.2501
18.6641
12.5884
7.79771
5.88489
24.7075
1.11851
30.1604
13.5177
10.0972
12.4842
5.51219
19.1806
6.18455
22.7561
6.91103
25.2371
23.3469
40.0194
21.0977
18.0736
19.8851
30.0747
18.9059
0.443003
0.393002
0.503585
0.0722744
2.65304
0.0256027
2.14088
25.3978
2.20974e-05
0.763776
27.404
27.3824
20.5454
18.1482
33.2248
14.6552
0.448126
0
1.55913
0.442311
0.045869
12.1
0.704812
1.60207
1.47137
23.9609
22.5724
12.7658
8.94916
18.759
4.27677
0
0.000485877
0.67986
3.0449
0.00526413
1.13624
0.794307
6.87836
0.00969046
0.260427
15.112
0.00935361
1.62718
2.24492
4.43621
2.75395
6.28692
3.35839
6.65113
3.96849
2.57303
0.425491
0.0284177
0.392083
10.6441
0.0658217
2.38383
0
29.9395
6.80418
0.88568
9.58538
1.35141
19.3559
0.00288678
3.22188e-07
12.8363
