0.2938
2.09783
1.60803
0
0.00257347
13.3678
0
4.16675
8.87885
0.193816
0.228356
8.82506e-07
0
0.168103
6.12223
0.00544195
0.345885
1.90989
3.2538
0.869262
1.23452
0
0
0
0.0237845
0.0476298
0.469059
0.259547
4.34445
1.45811
1.01294e-06
0
0
0
0
0
0.0311671
0.784747
0.136269
0.180578
0.848377
4.35604
0.0158051
4.02645
0.241168
0.326873
0.0598397
0.0796172
0.753588
0
0
0.984496
0.0531478
1.37577e-07
1.58861
1.59132
5.78286
1.71487
0.245826
9.31792e-07
7.01937
0.00029518
4.55474
0
7.3616
0.185003
3.72783
0.958332
2.34212
0.889189
1.67456
0.0018979
0
0.738673
1.31856
0.00131247
1.50953
1.71221
0.00102962
1.12314
0
0.0216593
0.209305
1.50002e-05
0.804041
0.000875738
0.469188
0.152631
0.922608
0.525238
2.86925
0.0237771
9.50884e-06
0.047926
0.463911
1.03029
0.9001
0.0349464
0.0959006
1.71974e-05
0.032403
1.37548
0.00569453
0.894392
0.714569
0.137332
0.0126819
0.0171459
0.277413
0.701204
0
0.217891
1.45621
0.00649267
0.0650743
0.857401
0.250874
0.548808
0.157532
0.0644794
1.35245
7.26232e-08
0
0
0
0
0.507981
0
0
0
1.33565e-07
9.1556e-09
1.07354
0.957708
2.89918e-07
0
0.0503658
0.482953
0.166317
0.0264394
0.01666
0
0
0.141388
0.81362
0.000323673
0
0
1.89431
5.09119
1.8438
0.206686
0.333652
0.00244008
3.45118
1.3407
1.00432
7.1787
2.93066
0.125208
1.24731
2.0056
0.0141489
1.0819
0
0
0.039857
0
0
0.0211737
0
0.0295835
0.00159591
0
0
4.82799e-08
0
0
0
0
7.51142e-08
2.38856
0.0021733
0
1.32937
0.80662
6.29262
0.0580764
1.86747
18.3983
1.3952
3.12875
4.86109
2.34156
0.000490235
0
3.53028
0.0981732
1.90399
1.81468
4.05571
4.82578
3.00408
6.95116
1.13172
0.913861
2.65199
0.718579
3.54923
0.863195
5.32314
2.96382
1.00509
4.69575
4.63838
2.40838
1.45478
6.08109
3.49208
0.165555
0.000192732
0.516335
3.96925
0.318953
0.523026
0.82824
1.14112
1.32381
1.97185
0
1.17692
0
0.934696
0.293851
0.0829017
1.12535
1.74347
0.234187
2.2912
0.0603582
0.225052
0
0
0
0.186177
1.0812
0.593373
0.0301889
0.238106
0.659
0
0
0.115472
0.00599604
0.964851
0.044555
0.947694
0
3.23161e-06
0.5585
0.262994
0.000257329
0
0
0
0
0.138676
0.001281
0
0
1.32807e-06
0.000689629
0.53997
0.0480727
0.177775
0.000495892
0.0771463
0.00011984
0.773868
0
2.03198
0
0
0.0296525
0
0
0
0
0.0728479
7.88649
0
0.0383406
0.0675055
0.0145891
0.965443
0
0.763146
2.01191
0.391753
1.22453e-06
0.919738
0.0104587
0.97831
1.3133
1.27497
0.326842
1.01767
0.0867588
0
0
0
0.602872
0.0429763
0.0971865
0.419853
0.658418
2.27264
0.0251089
0.475967
0
0
0.00105367
0.000497511
0
2.60691
0.0732086
0.230889
3.11391e-07
0
1.32605e-05
0.00319247
0.04018
5.32545e-06
1.25069
1.60207
0.496069
1.078
0.0393388
1.27483
0
22.4981
1.48343
0.229102
0
4.94098e-05
0.782923
1.14683
0.340052
1.30795
1.5432
0.0338185
0
1.78692
0.692565
4.37687e-07
0
0.0906007
0.85468
0
0.000662324
0.181249
1.93467
0
0.00351926
0
0
0
0
0
0.000373852
0.0134903
0
4.29397
0.585429
0.276053
0.0349987
1.75485e-06
0.424494
1.67037
1.61131
0.912834
0.519754
1.24786
0.573758
1.54471
1.66609
0.928735
1.07524
1.12344
0.00589854
0.209246
0.863942
0.455629
0.00771306
0.0484917
0.540759
3.60183
2.35727
0.352628
5.06367
0.258757
5.91883
0.383513
1.10583
0.903203
2.08938
1.3218
1.30719
0.468388
0.0127172
0.876595
0.788621
2.75347
5.43453
0.00378655
0.0212573
20.931
6.20627
1.88023
0.882459
0.320251
0
0.00172133
0.00113178
3.02327
0.975258
5.82527
0.0611581
0.493948
3.20837
0.0983052
1.87443
0.315847
0.959054
2.69702
1.04513
1.96148
4.40752e-05
0
1.33402e-06
0.865739
1.60402
0.76976
1.18508
3.65594
0.622348
0.0151156
0
1.09024
2.09315e-07
4.21039e-08
0.87775
6.10639
1.39435
2.6893
2.74873e-05
8.96952
0.942451
1.70589
1.73831
0.0102583
0
0
1.95568
0.0247073
0.00708707
1.35678
0.068606
0
0.0758464
0
0.703276
0.199173
1.46516
0.78301
0.0126067
0.137445
0.228476
0
0.6236
4.15564
0.064118
0.992391
0.606992
1.63882
0.823447
0.230492
1.22994
0.00120094
2.44544
4.48571
5.59844
4.19896
0.214199
0.0773536
2.75458
1.37406e-08
0.884651
0
0
1.7552
2.69371
0.147393
0.166415
3.47175
1.57837
0.210393
4.25923
0
0.157585
8.92165e-08
6.31438e-05
0.00359268
2.2504
4.16205
1.72189
3.24495
3.92054
8.40153
0.931959
0.109034
0.765588
0.436982
0
0.224027
4.9395
0.000181224
0.535266
0.101779
0.581025
0.0326352
3.35407
0.228683
1.09815
0.00633907
2.22546
0.126365
0.00623977
0
1.03764
0
0
0.000830855
5.96188
0
0
0.0538939
0
0.0334367
0.928824
1.79122
0.61137
0
3.28573
0
1.92601
2.64967
1.60619
3.15178
6.97095
0.893408
0.0674999
0.000417125
2.9908
0.855805
0
0.152846
0
0
0.0173691
0.44467
2.05958
0
0.0339903
1.2617
0.141389
0.0128638
1.8243
3.79386
0.358133
0
2.23384
0
1.22036
0.177515
0
0.166897
0
1.46007
0.000870642
0.893628
0.400057
4.79671
0
2.86547
2.00944
11.225
0.140732
1.016e-05
11.1923
7.56293
2.90339
1.23338
0.0209638
2.48062
1.63076
0
0.619945
0
0.0351191
0
0
6.89415
0
0.050873
0
0.0152544
1.39105
0.112456
0.0511464
0.00441803
0
1.92906
0.00760042
1.74378
0
0.0230077
0
0
0
0.621441
0.0733711
0
0.288789
3.69141
3.53909e-07
4.42038
0.00567059
0.0106894
0
1.78887
0.747441
0.0629112
0.00840037
0
0
1.44255e-05
0.080603
1.34007
4.34151
0.0462122
0.6808
2.90868e-05
1.1883
0.910822
0.339629
0.740263
0.0223276
0.681089
0.799281
0
0
0
0.922995
0
0.346762
3.5785
5.31527
1.43881
1.29759
0.572127
1.38935
0.514747
3.83148
2.3001
0.00221506
0.77998
0
1.57186
5.68372
0.862745
0
3.90498
2.45578
0.00457539
0.952418
0.907067
0.0709323
0.0020288
0.135161
1.11427e-07
2.36421
0.486655
0.000159427
2.04666
0.0607115
0.0334712
0
0
0
0
0
0
0
0
4.19084
0.669604
0.295707
2.72112
0
1.43043
0
0.00268757
0.40412
3.71878
1.96417
1.41396
0.806013
0.54117
1.38549
0.167458
6.23968
3.05104
0.840924
4.66223
0
1.31916
8.42064
0.000155129
0
1.1235
0
1.73928
2.54623
1.22231
0.464366
5.21607
0.466668
0.331065
0
0
0.862852
1.40638
2.30086e-07
0.788474
0.794506
0.00223459
5.35118
0.0092513
1.15229e-06
0
0
0
0.882778
6.52007e-06
1.36977
2.28278
1.76676
0
0
0.000659038
0.883625
0.0803433
0.0030575
0.0617083
1.19107
0.0123017
3.41875
0
0.00977771
3.62953
0.374842
4.18561
3.60216e-07
0.748875
0.0147703
0.00354059
0
0
0
0
0.71725
0
0
0
2.74248
0.430147
2.10195
7.48369
0.50056
0.772649
1.7217
0.0670437
0.102123
0.0179581
0
0.654174
0.00439685
0.903295
1.11915
1.95905
0.941174
1.09937
0.0803577
0
6.99067
0.0251561
0.0712809
0
0.0348922
0
0.183271
1.06686
0.655834
0.00737729
0.553915
4.03078
0
0
0.0576204
0.801216
0.0371218
0
0
0
0
0.131004
1.26967e-06
1.93732
0.0374617
0.272096
1.18116
0.683524
1.62389
2.10333
0.952756
1.00667
0
0
0.0925417
1.71456
0.926496
0.0178623
0
9.66053e-06
0
1.22617
2.40149
0
1.17951
0
0.00664096
0.0977086
0.00975269
0
0.00257315
0.00164695
0.235461
1.21995
0.00248962
0
0.969218
0.812969
6.10096e-07
0
0.527754
0
0
0.00325033
1.585
1.44706
0
0
2.58075
0
6.5845
0
0
0
0.938914
0
0.00540233
0.704017
0
0
2.34664
0.192326
0
0.619628
0
2.05745
1.39561
0.076526
0.36644
0.000103389
0.969149
0.000426689
1.13693
1.19861
0.23904
0.224092
0.665681
2.60548
0.857329
1.58197
0.0049548
0.0240274
0.83899
0.00445716
2.46153e-07
1.53461
7.06873e-08
2.37712
0.189932
1.57722
1.9403
1.98632e-06
0.848101
0.0122983
0.948489
0.707717
0.0474546
3.04297e-07
14.2722
0.95398
7.42166e-09
0
0.541381
0.830269
0.938965
0.00501295
0.586577
0.000207572
1.24469
0.745343
1.81865e-05
0
0
0
5.94809
0.000379576
0.6507
3.79803
0.0799373
0
2.52535
0
0
5.14323
2.32744
0.308146
0
1.02636
5.28966
0.00195612
0.00322685
0.930404
4.36246
0
0
3.18408
0
0.0332781
0
1.00904
0.821961
0.120843
2.07752
0
0
0
0
4.32871
7.76337
0
1.76274
2.56787
2.31857
1.94748
0
0
0.138648
4.09829e-05
0
0.917496
0.683758
0
0
0.870878
0
0.172295
0.997004
0.00359643
0.574485
0.842563
0
1.53234e-05
0.011276
1.43336
0.121264
1.00264
1.68509
0.580027
0.437597
0.695021
1.03335
1.31009
0.198307
0
0
0
0.122091
0.586814
1.78857e-08
0
0.0988357
0.507586
0.1226
2.24145
0.0146045
0
0
3.1379
4.65385
0.250415
0.367722
0
0.719664
0
0.129444
0
0
0.379935
0
0.17408
0.0937839
2.5594
4.48437
0.0529333
0
0.564078
0.551451
0
0
0
4.93978
0
0.875923
0.667998
0.0245042
0
3.06779
1.76309
0.339782
1.90246
0
1.8467e-06
6.89039
1.41172
0.940833
0
0.0992209
0.0432243
1.4382
0.956133
0.926767
0.732535
0
0
1.47267
1.21563
2.9135
1.04575
0.140744
7.1179
0.611921
0.323303
23.6914
0.334351
0.395658
0
0.0256522
1.42826
0.532948
0
0.88117
2.0297
0
1.84051
4.1907e-08
0
1.90978
0.0565359
4.70282
0
0.630775
0.767489
0
0.0991992
0.796563
1.34619
0.569438
0.289184
0
0
0
0
0.650388
2.03073
0.201474
0.111968
1.07994
1.07801
1.49849
0.249754
0.442524
1.89127
1.90454
1.12294
0.000201234
2.78282
0.252849
5.75238e-05
0
0.0348347
0.0447517
0.479014
0
0
0.784519
0.0103927
0
1.60106e-05
2.416
5.19389
2.00102
0
1.27429
5.73785
1.06491
0.141554
0.0357518
1.7703
1.00199
0.000967027
3.96195e-07
0.557405
0.165676
0.619627
0.857198
1.46895
0.925866
0.000116045
0.0838218
1.05122
0.191439
1.82389
0.00249742
1.38222
0.0308324
0
0
0.916466
0.0441392
2.8031
0.686238
1.04859
0.013989
3.69642
0.395611
0
0
3.34879e-05
0.0395984
0.176551
6.40641
1.57309
0
0.000147371
0.512286
0.208789
0.0105642
0
2.90197
0.919516
0.209255
0
1.47366
0.519549
1.11349e-07
0.118891
9.88599e-08
0
0.226672
0
0
0.0384269
0
0
0.976891
0
0.858543
0.987671
0
0.348234
0.0535625
1.15028
1.07375
0
3.3614
0.403471
0.950285
0.14402
0.000100089
0.0114341
0.982534
0.104366
0.835093
0.0603986
0.0123365
5.94046
3.2416
1.12932
1.55465
0
0
1.09711
1.25929
0
0
1.86049
4.19721
1.68372
0
8.35778e-06
0.00155823
1.68228
0.00329842
0.654631
0.15713
0.624186
0.00187259
0.0361644
1.81561
0.738055
0
7.6466e-06
0.794136
0
0.0466487
0.711495
0
0.000351735
0.418878
0.0207374
2.20336
0.0851508
0.00365364
0
0.801491
0
0
0
0
0
9.34517
0.348573
0.0025332
0.650528
2.3158
0
1.971
2.21636
0
0.466016
0.906681
2.79142
3.35571
1.05841
3.08082
3.8882
0.0182214
0.738797
6.01331
2.75901
1.62556
3.25498
0
4.6722
0.971711
0
1.9155
0.000383122
0.0333514
0.474925
0
0
0.00106972
1.61952e-05
0.020603
0.00269785
0
0
0.649347
0.0763311
0
0
3.79277e-07
0.292063
0.256039
0.53738
0.00382719
1.15267
0.0325121
1.77249
0.00753154
3.3693
3.88358
0
0
0.931426
0.0297646
0.0601298
1.7503e-07
0.468167
0.113363
0.0305738
0.539111
0.000182026
0.00828241
0
0.034707
0.620025
0.173414
0
0
0.626863
0
0.00140937
0.00590492
2.00548
2.17154
0
1.48762
0.058154
0.157211
0
0
1.92959
0
0
0
1.21709
1.48396
0.118239
0
1.2395
0.487955
1.8476
1.91121
0.14795
0.307328
0
0.142641
8.18549e-05
2.07605
2.6369
1.07173
0.14726
0
0.0357805
0
0.0276726
0.908816
0.272821
0.785477
0
1.70379
0
0.00387538
8.10981e-08
0
4.38224
0
0.102781
3.63184e-05
0
0.208958
0
0
0
2.14827
0.718812
0.724135
2.10956
0.406804
0.590857
0.0195809
1.77091
0.679743
0
0.923044
0
0.65274
0
0.377657
0.320481
0
5.43073
0
17.6671
1.41717
0.0172565
0.493575
0.362236
0
0.0135807
0
2.54873e-07
0
1.22765
0
1.14673e-06
0
1.4516
1.35615
1.34128
0.893817
0.00274989
0.673949
0
1.04117
0
8.43868
2.15103e-05
1.70987
0.86334
0
9.07091
4.48335
0
0
3.38307
6.54223
1.09237
0.386706
0.356235
5.93004
1.43647
0.73978
0
2.25857
0.229311
0.0551806
1.91199
7.21935
3.52601
0.0348932
2.51304
2.76811
3.97114
0.449529
0
0
0
0.000360146
6.34166e-09
0
0.0274384
0
3.81455
0
0.691874
0.0901527
0.15515
0
2.98845
0
0.0442317
0.214704
1.2985
1.14391
3.83149
1.29595
0
9.23577e-05
0.5638
2.31309
4.22977
1.20994
0
0
0
0.0653379
0.17517
0
0.720206
0
0
0.0136145
0
1.48648e-05
0
0
0.510208
0
0.559091
0
4.35271
0
0
0
0
0
0
2.1528
0
0.839094
2.21611
0.0157275
0
1.72352
0.0201683
0.0853805
0
0
0
0
0
0
0.00257571
0.003663
0.465877
0
0.0433321
0
0.532835
0.000975498
3.02159e-07
0
6.33006e-09
0
0.74513
0
0.847247
0
6.47843
3.7947e-06
0.0802253
2.09068
0
0.688919
0.296333
0.0554926
0
0
1.98014
0.228952
1.71514e-05
1.49286
1.08598
0.00232034
0.0510621
0.00536624
0
9.89768e-05
0.594784
0
0.575768
0.123026
0.213515
0.877163
0.842627
0
0.0363237
0.026036
0
0
0
1.58517
0
0
2.22914e-07
0
0.939538
0.000467658
1.22775e-06
0.0384204
3.31105e-07
0.614011
0.237565
7.20048e-06
0.35971
0
0
0
1.0527e-08
0
0.000881214
0
0
0
0.26765
0.0444333
0
0.14681
0.683007
0
0
2.40158
0.000966549
0.00142251
0
0.0581081
0
0
0
0
0
0
6.46087e-07
9.91101e-06
0.00522755
3.58735e-06
0.842672
0.595636
0.000133148
1.2038
0.000365512
0
0.362468
0
0
0
4.92165e-05
0.764638
0.0334633
0
1.63615
0.136812
0
0
1.01312
0
0.359889
0.00895197
0.920348
0
0.0167392
0
0
0
0.000445567
0
0.576539
3.84308
1.13309e-06
0
0.473614
0.000974529
0.177474
0.00647365
0
0
0
1.01502
0
0.424169
1.19148
0.0167154
8.99554
0.914423
0.731557
1.02515
2.12186
0.274419
0
1.32182e-06
0
0.803439
0.468919
0.99254
0.000850103
3.39981e-05
0.0170347
3.10897
0.0627799
0
0
2.12519
0.194719
1.7059
0.151778
1.22987
1.31224
0.00805899
3.15684
0
0.383427
0.00495996
0.0698774
0.505294
1.00961
1.7139
3.08402
0.900527
0.910499
5.62842
0.213069
5.44214
8.44735
3.6027
0.0538541
0.000138095
0
0.0483016
1.37554e-05
0
0
0
0
1.21154
1.50965
0.901946
0
0.759261
0.129195
0.0437178
0.0230098
1.67204
1.53081
1.67057
0.019781
1.15668
5.41076
1.56111
0.018564
0.234943
0
2.66259e-05
0.810022
0.830956
0.922271
0
0
0
0.022489
0
0
0
0
1.5615
0.00657763
0.882453
0.0855819
0.90698
0
0
0.0530478
0.993009
0.0177822
0.00799007
1.84518e-06
0.0481679
0.00856765
0.0187372
0.287204
0
0
0
0
0
0.00078943
0
3.0752
0
0
0
0
0
1.63861
0
0.624208
0
0
0
0.380246
0.0634613
0
0
0
0
0
0
0
0.0319917
0
0
0
0
1.55623
0.285888
0.00469516
3.35196e-05
1.90436
1.35503
1.66798
5.21677
3.78481
6.19146
8.2291
4.32942
7.34182
7.25616
6.67013
1.62242
3.96078
1.91097
5.60662e-06
0.000860659
1.88335
0.784265
4.64202
2.55119
1.28274
0.019534
1.5761
0.0601503
3.61192
2.8379
0.243252
0.00442024
0.824713
1.81556
2.21261
1.64214
0.000939929
0.960948
7.57936e-06
0.450226
2.83795
8.23047
1.55379
0.140601
3.26546
0.831813
2.2136
0.0652106
1.31057
0.767442
0.658245
1.53256
3.39908
2.21327
0.155938
0.126929
1.11619
0.996108
0.157332
2.39974
3.3965e-05
2.19458
0.298496
0.422074
0
1.35105
1.55797
0.965389
0.0104739
1.75833
0
0.770787
1.20381
0.959829
0.613605
2.82486
1.13731e-05
0.623309
0.0333701
0.00565078
0
0.0635583
1.00934
0.244794
0
1.12544
0.644805
0
0.000241712
0
0
0.000137798
0
1.3531e-05
0.000166709
0.0790734
1.02739e-05
0.00241696
0.0902203
0.316587
0.131425
0.0473539
0.00401788
0.0437122
0.580554
7.67325
0.733919
0
0.53533
1.14354
0.69537
0.000288075
0.400427
0.554279
1.3403
0.121698
0
0.900476
0.540705
0.121425
0
0.754233
0
1.0521
0.939682
0.0147433
0.985959
0.0233371
1.82839
0
1.48183
0
0
0.0541212
0.819387
0.0244068
0
0.947766
0
0
0.0259135
0
1.87667e-06
0.307855
0.0500202
0.425302
0
0
0
0
0
0.247818
0
5.70403
0.000388232
0.0929419
0.000658037
0
2.12197
0.145164
0
6.91028e-06
0.554909
0.886532
1.16769e-08
2.28874
0
0.0413145
0
9.36674e-07
0
0.263389
0.604915
0.0393986
0.511742
1.93247
0.0438135
0
0
0.0975783
0
1.23392
0.000148566
0.000971999
0
2.57399
0
0.989543
0.0119354
0.5856
0.526408
2.12578
0.388124
0.86017
0.491757
0.894481
0.744491
0.000182105
0.22044
0.312624
0
1.53564e-08
0
0.389394
0
0.980871
0.584732
1.92917
0
4.31634
0
0
0.479395
1.4137
4.48522
0.525189
0.182485
6.23193
0
0
0
0.105136
0.0574839
0.00371145
1.71591
1.82866
4.88438
1.05043
0.00477738
0.833625
2.91516
0.637031
0.734917
0
23.1633
0.622915
0.122311
0.334195
0.708574
0.399097
0.798078
2.3154
1.54537
0
1.34037e-06
0
0.000134944
0.556395
1.36765e-07
0.519072
0
0.214236
3.17071
0.381967
0
2.08611
0
0
0
0
0
0
0.000331295
2.23803e-07
0.0572829
0
0.165579
1.28993
1.03337e-06
0.24657
0.498585
0.0353469
0
0
0.0395724
0.0383404
0
9.14666
0.0661746
6.85574
0
1.62822
0.31207
0.0435841
0.0691197
1.07366
0
0
0.562084
0.0778461
0
0
2.6259
0
3.54692
0.849982
3.31372
0
0
0
0
0
2.31734
3.16336
4.47244
0
0.27544
1.83573
1.80023
1.45897
0.0202848
0.00608719
1.13491
0
0.0532651
0.00121249
0.580568
5.14732e-05
1.15069e-05
1.47861e-08
7.45813e-06
0.712959
0.0541146
0.190575
0
0.284944
0
0
0
0
0
0
0
0.665443
3.70814e-06
0.0026913
0.0039772
0.000739955
1.99221e-05
1.06723
0.894921
0
2.60306
0.0255765
0
0
0.983226
0
1.75921
0
0.715942
0.0950077
0.930664
0.0719744
0.0720528
0.0968607
0.469597
1.59219
0.154392
0.000326231
0.710768
1.29084
1.19712
0.00953505
0
1.13292
2.23805
1.84495
1.7214
1.04569
0.293058
3.37937
0.24152
1.23672
1.41215
0.619509
1.53328
0.170399
0.00147023
3.74261e-07
1.2705
1.0728
2.81912
0.0373187
6.56434e-05
0.926834
0.513631
0
0
0
0
0
0
2.21739
0.0171042
0.906536
0.777459
0.000974763
0.938826
0.000185852
0
0.0309999
0.0404827
3.9903
0.255865
0.935077
0
2.73981
1.33053
1.10189
1.24299
0.16215
0.0306362
0.635809
0.559546
0.162828
0
0.0117041
0.875378
0.948712
0.734338
0.0185933
0.0748102
0.000268046
1.10585
0.0919084
0.654206
6.65005
0.327145
0.0892283
1.07384
5.80757e-05
1.08352
4.4582
0.0858211
0.506054
0.412364
1.65235
6.38236
2.39809
4.50827
4.03056
4.31166
0.821212
5.42032
6.41072
1.96996
4.29894
1.20232
0.0623745
0
0
0
0.0612275
0.729413
1.83393
0.59692
0.0863041
0.427844
0.376665
3.36872
3.40732
1.68586
1.66938
1.54471
0.296851
0.000842634
8.50078e-05
0.000211785
0.0207236
0
0.000460723
17.3192
1.66954e-06
0
0
0.173451
1.83957
0.112975
0.202397
0.106405
0.642557
0.156493
1.34351
1.46693
0.177509
0.0992266
0.8594
3.25054
25.8385
2.07947
0.0576612
0.078069
0
0.0326646
1.52827
0.575558
0.950012
1.27554
1.10589
5.40495e-07
2.94276
1.5069
0.131467
0.00044732
0.102793
1.03258
0.0618871
5.648
0
0
0.000351562
23.6597
8.04833
3.45519
0.0103254
14.2225
0.00434128
1.66373
0.000165292
0.00560098
0.278249
0.0104677
0.418236
0
0
3.19081
8.30393
1.06585
2.46667
0
1.44271
1.51431
0.951546
1.00784
0.804266
0.198277
0.103855
0.381672
0.342495
2.16075
0.0954464
1.23417
1.46659
0.00509539
2.24329
2.06129
5.53189
0.953682
2.03896
0.0221879
3.53569
1.18946
9.09318
0.728869
2.02982
4.25341
1.94587
12.6034
0.1248
0.239515
0
0.982608
0
0.924955
0.944706
0.799678
0.0221879
0
0.675885
0.814104
0.401078
0.00126159
0.971181
0.886723
2.19592
0.286699
4.45685
2.03725
0.497976
1.76689
2.23586
1.8065
2.68504
1.63558
1.83072
0
0.72377
0.613477
1.81435
0
0.686762
0
0
0.928501
0
0.722148
0.0944305
0.919448
0.251993
1.5353
0.894512
0.000115423
0.86078
0.0167546
0.905247
0.981636
0.04603
0.989816
0.567656
1.4316
0
0.921963
0
2.64821
0.134932
1.94928
0.12844
1.54302
0.0194156
0.0481968
6.90382e-05
0.0241665
0.000885546
0
0.915535
0.000513788
0.148306
0.947953
1.2405e-06
0.0639257
1.84822
0
0
0
0.134498
0.000468371
0.36742
0.156758
0
0
1.19251
0
0
0.00126792
0.695321
0.950202
0.136285
0
0.0650036
0.00191693
0
0.0290523
1.02292
0
0.723067
0.754173
0.578749
2.97591
2.41098
2.7497
0.749708
1.48901
0.0145889
3.91579
1.2432
4.23075
0.000805488
0.266479
0.000265987
0
0.0118989
2.09705e-07
0.648948
3.39385e-05
0.714993
2.52666e-06
0.97868
0.0276237
7.242e-06
0
0
0
0.000462085
0
0
2.73436e-07
0.937385
4.06559
0
4.38597
0.00218304
0
0.92577
1.92203
0.653423
0.00307646
3.40183e-06
0.378221
1.22577
0.0568098
0.0301384
0
0.0667868
1.31567e-08
0.00854012
6.20288
0
0
0
0.407998
5.15628e-09
5.25542e-06
0.229782
0.00149127
0
0
0.821632
0
0.0125136
0.00639837
0.935366
0
0.0118481
0
0
0
0.000440541
0.000826162
0
0
0
0
1.09944e-05
0
0.00800317
1.36887
0.271719
0.954503
0.49128
1.1161
0.0499892
1.9268
0
0.211906
2.31449e-07
0
0.00881544
0.859551
2.29442
0
0.000577957
0.292103
2.40101
1.53562
4.79004
0
0
0.0151749
1.69496
0.338925
1.3288
0.0384297
0.832381
2.41258
0.950939
0.863704
4.24202
0.228799
1.97828
0.384969
0.044618
1.58179
0.0485792
25.5008
0
29.7552
23.3938
1.95526
1.82553e-06
2.63989
0.975651
0
0
0
0.627378
0.155737
0.0863667
0.183659
2.24167
0
0.0758276
0.0162704
0.0146253
0.561552
0.690724
0.08768
1.14633
0.337764
1.36749
0
0.300181
0.373082
0.0244066
1.48088
1.82517
2.10374
0.0167384
0.00317926
1.53669
0
1.30691
0.243375
2.18816
0.000654738
0
0.905398
1.72973
4.84491
0.964631
1.85091
0.104726
0.966753
0.000581987
1.72144e-05
0.7209
7.3587e-05
0
0
0
1.75816
0
0.428146
0
0.0577504
0.117023
1.57101
0.0578418
1.72377
0.970154
9.03538
7.0442e-06
0.329867
0.546333
1.09794
2.47662
0.804978
7.68285
0
0.0435482
0
2.02318e-07
0.123406
0
0
0
0.00354134
0.874613
0.434029
0.148506
0.0191137
10.3744
1.50085
3.55822e-06
0
0
0
2.11341e-05
0
0.80938
0
0.012634
0
0.0445962
0
0
0
2.50956
0
0
1.53956
0.17786
1.75147
5.61212
1.91682
3.72602
6.23458
0
0.124917
0
6.9261
0
8.22939
0.456619
0.218951
4.90585
0
0
1.14956e-06
7.75894e-07
0
0
0
0
0.00820651
0.0066004
0
0
0
0.791677
0.285699
0.338331
0.0903304
0.948826
0.661508
0.952564
0.00237433
0.187456
1.0628
0
0
3.84493e-06
0.0257906
0.740385
1.01763
0
0.0615922
0.000859122
1.58046
7.1243
0.284887
1.43416
0.105773
0.267647
0.277038
0.000491069
0.245498
0.414037
0.722184
0
1.97176
0
2.79959
2.16166
2.1424
0.456422
0.0334171
0.000722396
0.0758956
3.32896
1.48948
0.0115725
2.58437
0.0800912
1.46638
0.0170535
0.742157
0.292494
0.269264
0.558312
1.55127
0.502796
0
0.000143604
10.9099
0.376797
4.35795
11.6703
0.581844
0.243715
11.5852
8.26653
0.155665
0.0210432
0
0.209131
0.325222
0.00727144
1.6582
0.0186928
2.29933
0.924643
2.35166
0.427259
1.93848
0.0017022
0.0664906
0.988097
5.01336
0.240949
2.08326
2.81279
0.954916
0.600518
1.96488
2.16264
0.45242
2.79365
3.18759
0.229304
6.8339
1.05482
0.778151
3.69895
2.05533
0
1.26624
5.23385
3.43449
0.979996
2.98607
0
2.97996
11.1685
0.23709
0
0
9.63367
3.32678
2.53705
5.71634
0.686241
2.78283
3.89968
1.99063
0.244441
3.03266
3.04515
0.0809553
3.88829
5.90676
2.34413
4.51227
6.57202
1.74444
0.569032
1.82363
4.11513
2.18467
0.0001136
4.47042
4.64452
0.382085
1.3753
3.88382
2.13137
7.41498
4.35923
0.000568175
3.64665
5.1049
0.640813
0
1.92204
1.65157
0.848058
2.60562
2.10202
1.07792
1.08837
0.0303143
0
1.58985
0.781049
2.10511
1.32277
0.783673
1.19169
0.336854
1.47922
1.03565
0.0021143
2.2272
0
2.99882
1.15782
0.613431
1.18199
1.15621
2.96945
3.82601
8.21818
3.32636
2.58902
0.898971
3.4756
7.38281e-06
1.73189
1.38915
3.66517
0.551475
1.7466
2.86034
0.920948
0.153396
0
0.993065
0.0855768
0.0831539
0.788968
0.512468
2.05029
0.0207747
0.214869
0.00359396
0
0.380188
0.297844
4.67601e-05
1.09163
0.00424926
2.167e-05
0.00697721
2.51212
0.320359
0.945587
1.70295
0.263691
1.74976
3.3943
0
0.926314
0
0.184194
1.14502
0.290797
0
0.939684
0.014947
0.44033
0.383198
1.67645
0.973187
1.05445
0.737646
0.322827
0.0183924
0.119184
0.0113327
0.454717
0.995692
1.30112
0.0670138
1.61545
0
0.0092495
0.398102
2.14321
0.00193321
0.0453721
0.702444
0.0783843
1.00214
0.686514
2.26655
1.71633
1.38233
3.56694
1.25583
1.37621
1.68932
2.56613
0.0474953
1.23677
2.46033
0
0
1.73319
0.481436
0.538958
2.92104
0
0
1.55522
0.379325
3.55967
0.974079
0.0370404
1.21245
0
1.78154
0.00195816
2.01299
0
0.896203
0.1909
0.00884304
2.28405
0.116789
0.00472409
1.44549
0
1.00417
1.93577e-06
0.776768
1.04414
1.0913
0.846853
1.06232
0.179343
0.0906897
1.9377
0
0.793488
0.349245
3.66648
0.0695682
8.09327
0.463403
0
1.81437
3.81668e-08
0.807612
0.259959
1.51497
2.10033
0.885906
0.560818
16.1749
0.392059
15.0666
1.25964
5.3288
0.0289064
2.05346
1.31776
0.577832
0
0
0
0
1.80122
0.735053
0.199738
1.32473
0.0459429
0.88204
1.61759
0.923544
1.59555
0.165365
1.20054
2.02962
0.00130376
1.58614
3.05269
0.928896
6.23588
0.091555
3.46292
1.43169
0.825017
2.67769
0
0.333777
1.51114
1.02664
0.00010385
0.00800856
0.0706142
0
1.70739
1.18184
1.36951
0
0.694964
1.02592
1.23625
1.33054
0.0600384
0.00907387
0.932682
0.0605135
0.0157616
0.0986969
0.421512
0.000981994
0.858833
0.0690842
0.976119
1.30776e-05
0
0.912512
0.152064
5.01911
0.185392
0.0596591
1.72287
9.11272
0.436659
0.747798
1.81883
9.41023
0.695231
1.01926
0.251955
2.73245
0.124045
1.24729e-06
2.73473e-06
1.65813
1.60018e-05
0.0767158
0.802993
0.00902706
0.166425
17.3097
0.693485
7.90297
0.471572
0
0.00128642
8.69814
8.59925e-05
0
0.00477171
0
1.56472
0
0
1.23442e-06
0.0215144
0.540751
5.82218e-05
0.84444
1.90727
0.0199795
1.70138
1.7151
0
0
4.35574
0.100002
0.296965
0
0.293093
0.153642
0
0
0.0528932
0
0
0
0.000853705
0.91112
0
0
0
0
0
0
0.766094
0
1.13285
1.09073
0.069915
3.17964
0.0456641
3.00586
0.582237
0.14607
0.19212
1.862
5.24815
3.97053
0.778515
1.55133
3.11149
4.07062
1.99436
1.01212
1.02391
3.55651
1.4572
1.73634
0.160429
0.042757
0.614344
2.54639
0
0.0094006
8.17112
4.28753
4.17162e-06
0.00173849
1.87456
1.26587
0.256461
0
0
0.741409
0.104008
0.050543
0.0742139
0.289162
2.9705
1.75865
0
0
0.850113
2.5533e-06
0.232717
1.07406
0.125209
0
0.444886
0.105136
0.0323415
0
0
0.223848
0
0.0266628
0
0.240993
1.96536
3.3258
0.969023
2.63782e-09
1.3964e-06
4.81408
3.13771
1.50267
1.06051
0
4.30629e-07
0.213352
1.00238
0
1.59598
0.697675
0.168263
2.63457
0.888061
0
1.76444e-07
0.0448036
0.811693
0
0.768213
0.567153
0.0195273
3.43086
0.0288627
0.0202695
0.00236555
0.95884
0.00371851
5.59922e-05
0.0996771
0.213547
2.94236e-05
7.58265e-05
1.17299
1.31839
3.60993e-07
0
0.0230474
0
0
0
2.01992
0
0.0301125
0.0121843
0.0435169
0
5.13536
1.36949e-07
7.27637
21.6716
0
13.7796
0.866322
0.430889
1.17137
0.638388
6.72313
0.00763032
1.96344e-05
0
0
0.0238426
0.000128801
0.0167484
0.00372398
1.22274
1.76184
2.40241
2.40766
0.00327112
4.01127
0.21949
1.40273
0.00469381
0.0406352
0.335681
0.741438
1.73366
1.75186
2.26649
1.91972
2.91698
3.56069
1.04362
0.357676
2.3928
3.11815
5.14582
2.43904
1.21285
1.52423
1.09693
0.691361
7.51458e-07
0.394783
6.58635
0
0
0.0163566
0.0222453
0
0
0
0
0.0212253
1.17943e-06
0.447155
0.245679
0.00017293
0.000582693
2.73796e-07
0.797031
0.00251379
1.0179
2.30983
1.11134
2.15279
2.36172
4.10378
0.073283
6.11218e-07
0.785915
0.0697058
0.912129
0.0255773
2.11605
2.32103
0
0.00155135
2.14226
0.0769616
2.77834
3.48227
0.672004
0.181925
0.102495
0.103963
1.88759
0
0.390161
0
0.304653
0.112928
1.4211
1.13463
0.036575
0
3.08679
0.882828
1.89622
0.284905
0
0.925169
2.82635
0.0565333
0.704728
1.16961
4.01031
0.977704
0.0124541
0.705257
0.364766
0.741767
0.58971
4.1414
0.120369
1.71635
1.32212
1.87445
1.23125
0.153496
1.48472
0.0185134
0.904865
1.05768
0.0095407
0.128344
9.36514e-05
1.84812
0.00299346
0.415748
0.637433
0.0799442
1.69328
0
0
0
0.267114
0.00132927
0.650103
0.174645
0
0
0
0
0
3.68159
0.116395
8.0496
3.73239
1.23724
0.295488
4.84089
0
0.953912
0
1.77154
0
0.589864
1.7912
0.737444
0.0784419
0.0406154
0.040713
4.47721
3.40843
0.118301
5.79498
0.000410731
0
2.37854
7.49298
0.0508243
0.0713013
2.7734
2.18652e-05
1.05191
4.80948
0
1.2512
0.0174056
0.496591
0.0120484
0
0
0
0.288337
0.00392094
6.04896e-06
0
0
0.887039
0.779995
1.01128
0.895673
0.29781
2.95515
2.02551
4.13006e-07
0.841577
2.936
0.255535
1.09848e-06
0
0
0.00278669
0
0
0.813157
0.0589638
0
0.0358329
0.368427
0.955914
0.488714
1.04775
0.00489346
0
4.53287e-06
0.00823258
2.32125
2.44685
0
0
0
0
0.000251051
0.0147818
8.75583
0
1.34041
0.853544
0
0.141157
0.700294
0
4.97035e-07
0.699449
2.19547
3.03423
0.200477
0
0.156913
0.0039509
0
0
0
0
0
0
0
0
0.00285679
0
0
0
0.229608
0
0
0.00745054
0.771523
0.00322685
0.0175975
0.50398
0.276914
0
0
0
0
2.7239e-05
4.64357e-07
0.0297921
0.810574
0.0129357
0.322418
0
1.04805
0
0.00110645
0.981087
0
4.04164e-08
1.09417
1.05124
0
0.0279958
0
0.0149768
0.0790228
0.248928
0.924727
0.0688882
0.612034
0
0.265937
3.37672
3.48495
0
0.0385326
1.16177
0.316391
0.0149268
0
5.74645e-05
1.83643e-07
1.08571
0
0
0.00152574
0
0.0193585
5.40363
2.74464
2.66444
2.72866
0
0.415683
0.0500372
0.1656
0.011474
0
3.82875
5.79785
0.201469
0.129312
0.826961
0.00068532
0.220358
0.000114128
0
0.155777
2.37848
0.733687
0.902747
1.54828
0
0.0581387
5.54581e-06
0
0
0.582486
1.23891
0
0
1.27364
0
0
0.0276501
0.751588
0.37398
0
1.00353
0.00134949
2.05185
0.0230369
1.06784
14.6379
0.0104538
0.0282811
1.41484
0.0039362
0.0232307
2.36479
0.0122037
0.28339
1.06405e-06
0
12.1318
2.74329
0.773458
0
0.954069
2.6308
1.60688
2.66885
0.761846
0.0488272
2.39275
0.000450769
4.69716
2.33594e-07
1.65249
0.275402
0.52532
0.00291215
0
0
0.710391
0
0
0.210874
2.75788
0
0.0535034
2.28894
0.026038
1.77256
0.665
1.85351
2.0125
0.127884
1.04573
2.68301
1.26605
0.0649307
0.878519
0.841507
1.37397
1.71326
2.31248
1.01598
0.268186
3.38815
0.665938
3.89446e-06
1.20956
0
1.0498
1.00029
1.66972
1.61072
0.00441088
0
0.0235088
0
3.76255e-06
0.00663085
0.869772
0
0
0.0185196
0.119855
0.0608671
0.0696773
0
0.000976779
0.0524272
0.00958931
0.0321817
4.93991
1.42762
0
0
6.80838e-06
3.14554
0
2.37423
13.1338
0.045553
0.0408313
2.60889
1.82095
0
0.0241131
0
0
4.10994
0
0.505157
2.51011
2.15166
0
5.81235
1.36479
0.000407671
0
0.412997
2.96423
0.215881
0.0425561
3.79448
0.254206
0.010256
0.140391
1.88804
1.27177
1.12011
0.423764
0.0714102
6.51208
14.1353
11.3768
10.194
7.52631
2.024
0.94992
0.203919
1.20327
0
1.28724
0.0590551
0.649205
1.82931
1.52361
0.272101
0.780269
0
0.0370819
0
0
0.168632
0
0.802233
0.100812
0.00422783
0
0.000671896
0
13.7577
4.50104
0.00292891
1.09231
6.24668
2.67653
0
0.0511134
2.34179
0.00971324
0.475226
0.0550232
0.0793053
0.00479284
0.0428479
4.18809
0.0295176
2.83537
0.761409
2.98869
3.22588
0.605966
10.431
2.5687
1.79225
2.83235
1.04073
0.0311211
0
0.053402
0.000185061
0.354506
0
0.19804
0.941691
0.0835759
0.033275
0.032438
3.70074
5.09279
1.11933
0.630372
3.69583
0
0
0
9.61216e-06
0
0
0
0.0111224
0
0.544596
1.07508
1.63017
0.963438
0.206415
0.946687
0
0.692719
3.97919
0
0.00125441
1.3679
0.0016559
0.857594
0.848265
0.620511
2.1161
9.88166e-08
0.215388
1.56751
1.19816
1.95511
0.894325
0.897764
0.422196
1.94302
0.0865731
0.0113686
1.69072e-06
2.16668e-05
8.0596e-06
0
0.0732003
0
4.39122
0.0827665
0
0
0.0508882
5.29997
0
0
1.97449
