28.2932
6.16074
10.0693
0.284606
2.99223
32.1653
0.0971086
15.62
19.0116
8.27628
23.7363
0.396243
7.03466e-08
2.15939
29.6784
0.00190926
2.67367
75.3423
28.2445
12.0278
63.282
0.00438438
0.00471123
0.0170985
2.63276
2.64634
9.54355
4.09161
12.8889
1.53279e-07
0.835879
0.0733201
0.827965
1.60006
0.328206
0
0.964554
32.5219
6.86522
18.0725
18.4909
35.3233
4.14478
28.3488
2.2667
5.14366
5.43623
0.603216
0
0.0445736
3.63857
2.21261
20.8382
6.04222
18.1326
0.672563
37.4564
11.1023
0.641398
1.03228
97.7845
0.0291168
72.1223
1.49909
54.8614
0.000196588
21.543
16.5541
5.63151
0.849501
15.6825
9.82623e-05
0
8.63275e-05
2.3409
1.83433
25.8307
19.3729
0.0114002
0.0474526
7.30734e-05
3.72618
0.00320099
0
15.3907
4.46053
3.45476
7.96785
3.53329
9.75125
16.1189
8.64874
2.64979
6.43092
4.25189
11.413
4.94774
10.1576
5.32191
0.614947
6.27195
37.8757
4.96813
17.9042
7.97205
9.9821
4.9636
6.50177
0.913057
6.08001
7.40627
4.33903
6.9545
2.4812
5.32535
3.32575
5.44947
6.27024
4.46644
7.63964
3.84581
1.70725
3.55083
6.65974
0
3.00803
4.59046
0
1.59786e-07
0.0219789
3.30436
0.388611
1.2164
5.62764
0.00998742
3.67949
6.21677
1.80849
0.0706519
2.51987
0.209297
1.00041
2.40723
3.47904
5.07203
0.0309899
0
0
29.8724
67.084
1.96259
0.665827
0.0416041
0.0228272
8.52466
8.26261
25.2734
24.2716
29.4189
2.3015
12.2695
27.5364
3.57033
6.87646
0.396411
0.177773
4.55905
20.3747
0.791489
0.787653
2.84124
6.82498
2.04022
5.47159
2.60686
0.156135
0.149955
0.982587
0.0106948
0.101114
0.0862909
14.6345
0.000159007
0
18.995
7.45343
26.4156
6.70184
29.4633
40.8952
18.5157
23.3391
21.3687
39.1972
0.161718
0
17.0663
2.82172
16.0441
10.8129
34.7507
62.8124
59.2665
47.3102
22.0558
3.37782
14.1062
5.17667
54.1759
21.471
43.7214
40.7836
3.0253
27.1762
34.271
44.9723
12.2354
41.5759
40.3343
12.2415
2.02776
12.0866
44.7021
1.09202
26.0691
27.6163
24.5949
24.3863
18.4198
0.859465
3.3764
9.54504
28.0563
3.91403
7.32323
6.76184
27.1079
3.58325
7.6808
9.78344
10.9754
3.01674
4.90718
3.88569
2.57644
3.74724
0.390534
0.00882131
1.17003
0.144452
0.000745856
4.93571
0.630488
2.07426
0.127425
0.927736
2.20329
1.32153
0.38886
1.40395
1.87091
0.231834
0.00146327
0.000751797
2.90795e-06
0
0.333888
1.83073
0.372878
0
5.58264
0.457138
10.279
0.637309
1.88035
0.101724
0.530296
0.0621313
15.0388
1.9518
11.9172
0
0.881169
0.0489447
0.0435425
0.898131
2.90016
0.400987
2.85822
22.2356
0.981036
0.958852
7.1616
0.0676261
1.85412
0.0534318
1.91732
38.3435
1.0569
5.11672
5.89284
3.33175
12.2862
12.7501
1.62506
21.5695
18.2695
6.32803
0.744536
0.0965538
2.39727
0.56555
8.7014
3.4163
13.5991
9.47592
18.076
4.87278
3.50235
3.56366
0.00239273
3.04294
3.78829
2.65081
42.1917
67.2954
22.8971
2.66014
0.0534604
0.607766
0.156721
3.00633
0.000133565
4.43761
4.45179
9.88776
14.3815
10.2561
9.35807
2.10606e-08
137.105
0.651093
27.202
1.76527e-06
0.183311
2.09748
0.147293
5.07555
4.39081
3.41364
1.40433
0
14.1716
5.71494
9.91068e-05
0.938765
6.86788
4.17947
0.285043
0.82587
4.65131
47.7953
0.817872
4.34452
0
0
0.00209041
0.246927
1.99095
2.51784
0.563971
0.00150025
11.8198
2.61638
3.94584
12.2921
0.417386
26.2659
27.2902
21.1785
17.1063
7.41772
1.1609
15.6689
39.0189
10.0139
19.3572
50.2127
8.04361
11.7018
8.52806
2.07558
5.65049
6.62196
0.942786
34.7958
32.907
26.0237
14.7013
44.5962
29.2308
40.6863
23.8556
26.6348
17.8184
13.093
13.6463
28.747
18.0618
2.27313
24.5341
13.1752
8.50043
60.4388
2.75656
2.84548
115.296
49.5689
13.1175
3.77318
2.7031
12.9019
3.03287
4.5181
6.95961
17.0225
39.0314
4.46111
26.8275
14.1941
16.9727
18.6152
13.0022
21.9613
12.786
16.0809
32.5525
0.504006
0.139101
4.23404
4.1104
4.62286
18.5185
42.5875
21.5091
0.579204
0.174701
7.90609e-07
6.08872
2.7661
4.9262
2.23396
83.4457
0.972135
10.5876
18.3426
47.3012
55.964
17.8614
29.0988
4.20964
0.0665666
0.891379
0.86433
5.07955
8.14853
13.5355
3.27342
0.0472097
3.20101
3.55519
2.16232
0.846438
0.000227207
2.55882
0.187133
1.77224
13.6151
1.12059
15.3859
10.5067
15.7727
5.99235
21.3761
24.6307
10.7647
13.3189
5.79717
1.291
13.2238
22.1991
98.0718
17.6589
1.81696
1.85205
32.8874
0.332724
0.00445774
0.00748627
0.0121339
30.6323
87.2514
28.4131
31.0488
63.5225
24.6392
10.587
46.612
0.271454
20.977
3.71908
6.85976
1.05512
22.9502
21.9363
16.771
32.9956
0.46072
39.8973
10.1683
12.4268
15.212
6.17793
0.000424147
0
32.7919
0.000864679
2.4595
0.383681
1.43907
1.45018
9.85439
0.042815
3.63532
0.623873
6.59487
0.0230682
0.992049
0.853467
17.544
2.84803
0.881444
6.79413
48.7457
3.60131
2.29256
2.24563
3.31082
10.9031
13.4948
41.7635
21.831
0
37.679
0.585359
32.0431
77.4389
38.058
34.0337
56.764
25.6268
2.47565
0.155974
8.69032
0
1.33164e-06
7.07977
3.30963e-06
4.68445
5.66909
6.08607
54.847
1.26064
2.62167
1.33067
1.69897
1.3169
11.027
24.0086
4.18133
0.0740365
6.87024
2.15341
8.08108
3.32125
0.0571376
32.9321
1.83911
12.3297
3.91462
10.3698
2.882
26.8417
0.0034964
15.0981
34.5588
102.779
2.10216
2.50526
45.8557
23.1836
46.6702
32.726
3.22892
26.3603
39.1417
0.000710958
0.961467
0.251957
1.88412
3.09923
0.00380072
38.7361
12.8916
6.76779
0.847425
0.269303
1.9472
8.06361
0.0643542
2.3639
10.1239
3.5264
1.25158
2.16229
0.13665
2.21489
3.73546
2.32672
0.00295185
0.00589395
2.05315
0.763626
1.44437
38.755
0.753278
52.6088
3.94705
3.72437
0.0720306
11.2305
8.13812
11.1306
20.6327
0.0260861
0.00438765
0
3.48608
21.4166
28.4642
2.86197
17.5921
0.975098
15.4651
18.3673
8.21945
34.1092
0.95333
1.63934
0.763093
1.27807e-08
0.840859
0
0.567346
0.122303
34.4395
39.5112
28.4413
27.1921
7.06173
1.4528
17.2016
52.6568
13.07
38.374
2.0086
3.28173
1.83251
14.4912
22.4387
10.1495
0.000967755
77.016
24.0994
2.06699
11.0028
0.0012174
0.89468
3.14788
5.59233
3.35164
7.76932
12.3056
8.08653
23.6855
1.87552
12.7274
0
0.0213125
0.0961628
0
0
0
1.63753
0
49.2288
3.08025
2.89713
0.704524
0.54633
6.4183
3.66856
1.25674
7.74128
34.9967
15.3708
4.28227
13.2921
6.18158
20.0364
18.458
29.8531
45.3958
43.7827
58.7506
0
5.1216
63.1278
4.4073
3.03757e-07
11.5201
1.30692e-05
33.7966
82.9614
16.7716
18.5982
19.8108
13.7329
16.3049
0
0.00535694
20.6799
32.5304
1.66836
1.21407
0.9917
1.43691
67.7741
0.885073
0.391153
2.86414e-06
1.09183
0
1.11569
1.4287
12.2058
18.5113
7.54923
0.00951105
0
0.0621688
6.77332
6.26113
0.529282
0.528565
10.8749
1.95881
33.0256
1.48636
10.121
39.1888
4.20274
31.8615
3.69177
7.78954
6.55576
1.27815
0.00459278
6.66692e-06
0.00013921
0
1.78914
0.0264922
0
0.0358518
6.37525
14.0344
8.69263
67.9678
18.0118
5.00212
18.9345
1.24432
2.54907
0.51013
0.00708323
32.7534
0.277656
13.8014
4.01724
15.8363
13.7317
13.5291
2.70263
0
10.8627
0.0159494
18.9935
0.0758474
0.248724
0.563515
12.3797
8.68802
3.52591
15.564
9.86491
33.0959
0.758482
0.363679
3.44058
7.09753
0.435335
1.16161
0.533187
0.00970502
0
3.26016
1.89349
3.63461
4.04537
4.69408
21.1498
10.4649
10.6886
14.5322
5.03402
28.5049
0.0163633
0.00633681
5.35899
44.8333
9.39299
1.49341
1.34993
0.000206976
1.94727e-06
10.4284
19.0131
5.49775
28.6837
0.848301
15.506
16.199
3.49503
0.691361
13.2984
1.70324
0.439227
17.1869
0.0495694
0.0070264
10.2853
0.00712505
0.000161945
2.53014e-05
3.10343
4.90975e-05
2.78435
6.16712
13.3908
4.51842
0.889101
0.746293
23.3273
0
38.2733
0.0666425
1.84365
0.318835
0.0124676
1.66066
0.0841996
5.85159
1.05852
1.85618
14.8888
5.64885
4.068
4.09782
0.000167112
19.9606
22.0123
2.03678
6.15033
0.218075
18.9212
0.0808393
11.8748
12.4988
6.15275
14.4908
2.84023
41.5824
8.81855
11.8275
7.85597
0.325265
9.14477
5.71735
1.3429
7.35822
5.82011
3.73529
3.48091
6.2818
19.7642
6.56738e-07
11.4909
0.893047
0.00398677
0.31949
0.3757
1.04116
29.8818
1.03771
9.2447
5.39001
0.182838
2.07331
2.819
6.12787
19.1542
0.0860563
21.2878
17.7628
2.35025
0
3.81206e-07
1.28864e-06
35.7466
1.57094
30.1659
78.1133
0
1.0329e-05
19.9275
5.45275e-05
0
48.2068
31.7568
13.0375
0
10.1053
83.4546
0.548169
4.01992
4.40994
17.1297
1.03062
0.288026
31.3945
0.393587
0.740314
1.0721
6.47436
4.55429
13.7415
18.4354
0.552127
2.48227
0.757121
0
9.60832
17.8549
5.76649
8.31466
36.541
20.2851
15.1995
0.680238
1.50142
1.65245
0.0758183
1.28123
0.578519
2.37547
1.98894e-08
0.000158419
18.111
0.0397259
19.3805
4.57649
0.819721
1.24477e-07
0.652186
0.708214
0.129328
4.29443
17.4458
2.9986
25.4115
18.6632
0.000430223
8.88499e-05
0.522558
0.282313
5.02534
5.11115
3.35903
0.604984
0
0.971596
7.08999
0.0116037
0.775894
2.44676
1.44307
4.40318
28.3796
2.4287
0.0757604
0.0701913
45.452
50.1271
4.41473
0.752467
2.53352
1.72501
1.95651
18.587
0.409982
1.83753
8.88772
3.40065
0.0679709
0.0462792
10.1147
14.4775
0.272203
2.04266
2.18999e-07
2.28071
0.242347
0
0.499452
37.2685
0
30.8462
0.88727
8.1715
0.00449085
26.9035
15.1358
14.6474
28.8646
4.4618
5.28295
30.5872
15.9062
1.0435
0
0.00926922
8.057
16.1334
9.41925
11.0054
3.51986
0.892958
4.31712
10.466
41.7473
14.8232
24.9503
6.11075
79.0279
12.7209
8.57119
70.4019
19.3405
1.20347
2.68284
5.32313
13.1958
2.32244
0.00019846
24.8582
20.2912
1.55242
7.16066
2.72486
0
30.5262
10.8427
25.1715
0.000241021
2.20189
3.41688
3.37985
7.81466
43.129
10.4809
42.3451
15.908
7.5406
0
2.80729e-08
6.58744e-07
14.5393
27.8136
18.0767
17.7508
20.1894
17.3934
15.0478
23.41
18.0409
44.9618
51.2574
26.4356
7.53768
23.6385
2.09522
0.999985
0.109261
1.58368
1.87583
2.41219
2.98599
0.204921
19.2793
1.20255
1.40909
9.2839
7.75847
10.3215
16.1901
4.74528
11.8729
32.778
8.52529
3.37454
5.60625
19.2562
19.7345
0.642851
3.99433
4.75088
5.20439
24.0529
22.1285
22.9977
0
0.0140531
1.80158
15.2523
14.1354
6.4367
2.33635
4.21342
0.879672
1.52977
0.0288777
0.0541084
0.782046
18.5025
0.0402308
10.0165
0.883215
16.2529
15.8486
4.15282
0.00173468
0.121154
6.21483
20.2416
38.0018
21.2992
0.638596
1.60417
18.0632
24.9341
4.30349
0.364956
16.8453
21.5581
12.3861
0.00333449
16.2051
5.12901
5.02179
15.6073
0.0717361
0.398903
6.89834
0.0251522
0.994534
0.101645
0.00966
0
19.6859
0
7.41596
9.41943
2.07644
22.0246
3.74959
2.16017
17.8233
0.0302881
22.1907
0.159072
3.9578
5.4414
0.0184777
4.59098
7.87417
8.44676
1.2024
0.121628
0.624771
29.5041
25.4847
3.24231
23.5007
0
10.9369
29.1468
31.9678
9.44023e-05
7.75534
5.90215
50.5816
7.09065
2.72448
1.79266
0.292471
13.9387
0.0526715
5.66341
5.06313e-06
0
0
1.09483
13.2091
1.82642
0.111455
3.27241e-05
5.83674
0.159066
2.34021
10.1093
1.96236
4.97409
0.861884
8.14502
8.48698
6.27104
1.07323
0
0.951682
0
0
0
5.01025e-06
0.134968
80.8724
7.40495
1.02003
11.7207
10.0121
2.56052
9.23948
14.1031
0.961913
16.0209
16.3056
15.2965
24.1618
40.1407
20.4786
29.2761
1.18541
8.02388
30.553
30.6592
28.9179
31.5973
1.45595
22.0338
13.6204
0
10.0539
0.00651849
1.17438
15.5921
2.0386
0.00953009
0.000128712
0.194592
0.00465166
0.00240678
0.282759
0.00501173
31.4195
2.27816
0.947622
1.50148
0.410736
0.000508173
0.034792
3.49577e-06
0.210981
2.23216
0.913706
3.15869
1.73834
19.0606
39.129
1.01336
0.00874722
23.1902
19.6904
0.000485975
3.0259e-06
37.5371
0.961771
2.78196
16.8657
0.135883
0.169015
0
0.307851
4.49882
18.2138
0.676613
0.676372
1.61827
0
1.49654
0.548228
13.8577
13.8057
0
12.3753
10.9264
6.64045
0.740958
0
16.9777
0
0
0.574942
21.578
28.1191
2.67304
1.78236
27.5954
0.938339
39.2618
39.8491
1.47996
22.9127
0
4.65292
0.229094
4.07703
21.4125
8.59076
20.2371
0.0519066
1.2746
0.584211
0.00168933
0.0667226
3.73056
1.15017
0.000304935
13.5861
0
4.54766
6.84196
0.720429
27.0538
0.0420398
14.5355
1.36121
1.12183
3.50738
2.26706e-06
0.0224349
0.549472
8.53006
8.10909
9.00014
24.7483
14.0041
10.5063
0
20.4027
46.5013
2.1752e-05
8.11028
0
1.18512
0.114962
2.57848
31.1097
0.0219248
21.4628
0.0253675
32.5369
5.09379
21.3673
3.38711
7.52523
3.38212
0.843935
1.97582
0.0270252
0.376685
5.11832
4.44012
0.00417543
0.00226309
8.97381
9.33482
10.1997
9.34452
2.15745
1.71814
9.54456
10.672
0.731506
114.145
0.055981
12.2028
9.52944
2.39182
28.125
50.1011
1.86201
1.43071
44.7312
41.238
3.96551
17.7983
4.42217
56.3799
11.0955
9.72121
0.0458065
4.41715
8.90128
6.00444
13.6837
31.0585
7.44875
9.53681
17.5362
15.5779
61.7915
2.14871
0.205629
0.000383311
0.0624644
1.22296
1.14477
0.642412
5.5674
0.000588855
36.4633
1.34192
2.21643
1.84797
3.56883
0.547348
14.5517
2.36716
3.45081
17.3395
18.9009
8.59647
31.77
16.5811
2.41746
1.47891
26.2391
21.4942
31.7447
14.151
0
0
8.48539
7.23062
0.249361
0.15701
2.53177
0.677949
0.509592
0.643491
0.000145453
0
0.156828
0.00231259
9.11857
3.67436
6.65879
0.228819
48.9831
3.96431
0.202133
0.498726
9.39451
0.000236069
6.60127
10.4181
2.19208e-08
5.50031
31.2228
5.06912
0.00195106
43.8837
1.0658
0.642443
1.8928
0.249619
0
0.619871
0.000235595
0.455902
8.45403
2.48931
1.02116
0
0.661079
2.61878
8.02167
0.337785
0.88553
0.0037689
1.04327
3.06227
13.3333
0
34.4343
0
53.8922
0.292228
2.19862
5.64899
0.0536969
0.833704
7.91103
4.18665
0.000305472
0.0235613
28.4731
4.18278
0.104949
7.51612
4.93335
3.47082
0.621545
0.892604
0.636966
1.47861
0.919422
0.645025
0.83874
1.35344
0.415631
46.6351
9.64903
0.958981
1.9859
1.96298
0.528447
0.017548
0.0123322
5.67878
0.242449
0.846667
1.10669
0.157984
0.428529
0.372216
1.04381
1.94703
0.240501
0
0
0.100215
3.09377
0.0582619
0
0.127786
0.128515
0.76248
0.462931
0
0
0.00286117
0.222542
15.0577
5.14087e-07
3.02677
5.70418
0.0109929
0
48.9321
0.566116
8.03109
0.108201
0.605285
1.3097
1.3591
2.25874
2.1422
1.51979e-05
0
1.52073
0.996509
1.37557
0.72735
15.7142
0.0204544
1.96685
7.67491
0.46999
0.190586
23.2161
0.970398
0.0371601
2.3529
0.684694
5.61987
1.03985
0.0363177
3.7332
2.43171
0
1.34476e-05
6.70374
1.08829e-05
5.17285
1.95145
3.72374
0
0.100514
1.47452
0.345591
0.89712
0
7.05284
0.967342
24.9763
1.34005e-05
0.0607505
0.542568
0.0552217
0.00354716
0.0384008
0
0.541656
0.00388243
18.6138
0
17.9267
18.931
12.4461
44.5865
0.886677
17.6867
5.96636
15.4069
2.98693
0.0646915
18.4739
0.996516
24.1751
1.59334
2.13972
0.67242
0
0.542176
27.2955
5.69042
0.0089187
2.36643e-07
18.5473
2.18055
2.02338
4.49419
7.44579
18.8104
7.85185
29.8274
0.269696
1.13432
15.8679
0
14.4652
13.8935
29.0777
56.0218
2.51924
15.2993
28.9777
19.1497
78.1111
58.7375
58.6229
4.69293
3.42615
0.599443
12.6381
2.35365
7.57985e-08
0
0
0
12.0802
11.3041
11.0148
0.0254129
1.75009
1.68561
0.00684378
0.813326
9.52723
5.23273
5.79472
4.57917
11.659
19.6686
7.26634
5.07904
4.92425
0.0231326
0.0404721
6.29706
4.61967
6.26912
1.84302
0.108426
0.459914
4.94911
0.958989
0.984995
0
0
0.965887
0.0595996
0.0855133
3.24786
1.50525
0.683457
0
0.0837982
0.0496663
0.008536
6.13585e-06
0.00688824
0.105562
0.00561441
0.188165
0.25438
1.22636
0.0786749
2.6947
1.23419
0.46376
2.52369
0.0285234
4.32077
0.0364785
0.0027242
0.110822
0.0118942
0
9.23738
0.0162752
5.01242
0.975545
0
0.00893051
14.4882
0.0425853
1.42023
0.00347104
0
0
10.0546
0
0.139252
1.41779
1.02225
0.00758751
3.8856
1.35941
16.675
0.00582383
1.75448
0.0295866
10.2292
40.2776
0.0344792
29.8094
27.4743
22.2446
21.9726
38.4945
27.5938
32.4829
68.3104
33.0662
41.1654
14.555
0.0209891
0.344608
26.2507
21.267
33.6896
41.2843
25.4165
29.7467
1.41329
20.7225
35.8194
60.4513
6.94695
17.8861
30.9185
25.9674
32.3426
24.739
0
20.0579
0
18.118
37.735
105.909
59.5279
4.30212
16.2739
34.9893
20.3056
0.140729
21.4537
15.1077
11.8888
12.0522
55.4386
39.4645
25.9483
29.5129
27.2152
36.5398
13.8393
17.7305
0.860643
20.8418
19.1632
16.0471
0.0011336
13.5448
7.93145
0.123768
1.01655
4.89551
0
3.76893
3.71591
3.30925
4.57715
20.9467
2.34772
1.17442
0.452116
0.0386948
0
0
9.66721
2.19914
0
2.83931
5.92406
0
0.451226
0.0601271
0.0667198
0.256535
0
0.0335078
7.26474e-07
1.63941
0.00225303
9.97521
4.81224
3.79599
1.84257
0.703356
2.41715
13.3497
5.90364
63.5711
23.7732
15.0936
22.5105
11.7161
47.6412
13.4296
27.3891
18.0441
27.8491
16.8927
1.40954e-07
10.6158
21.2074
23.9887
0
18.5268
0
5.82089
5.58277
0.435219
7.25743
4.3677
9.02839
2.53159
12.9301
0
5.63963e-08
5.22676
5.12954
3.59868
0.00434466
3.91031
0
1.11176
5.38679
0.675855
0.000406958
1.08766
5.13493
1.99957
0.220918
0.465354
0.0275582
0.010985
0.642139
0.0229437
2.24398
68.243
0.000215974
0.15671
0.719497
0.742994
14.5159
9.92457
1.94961
0.87015
38.9516
23.2291
0.197771
27.938
1.92557
2.19456
0.49511
1.59943
0.846316
7.03356
2.6482
19.0098
1.64134
42.3502
1.01103
0.0333718
0
0.59308
0.742166
25.8003
0.070735
1.69701
1.28706
7.40008
1.71281
11.4271
8.74334
5.37021
17.0009
11.2939
22.6463
0.356854
4.0541
10.0297
2.122
1.46067
51.7058
2.97936
0.107902
0.636937
0.0186506
5.87277
2.99205
21.8105
11.3984
10.2067
6.56395
43.875
1.95621
0.805823
2.4476
5.89488
16.0139
14.11
15.2656
55.3286
2.7969
0.00135631
0.356263
2.56245
0.934798
0.00697679
5.33723
16.823
29.5609
27.957
3.23949
26.7421
26.0455
10.3527
12.5818
4.89181
110.302
5.32575
3.38878
2.71589
42.6264
19.74
32.38
21.3796
5.06981
0.0418933
0.814953
0.0148496
0.0287879
1.43997
0.280706
6.56026e-08
0
8.07608
13.6222
25.584
1.04487e-06
10.4911
0
0
0.262737
0.837291
0.22867
0.973405
0.834815
0.0460356
4.16784
0.00929561
1.75959
36.9208
0.696452
19.2251
4.56385
7.46655
0.000190916
0.00941303
7.03729
1.61279
0
28.967
5.29731
15.832
0.351237
10.8999
7.13881
3.86542e-07
3.53142
33.5465
0.363967
0
0.113444
0.121348
3.85505e-07
0.0367339
18.2335
0
28.073
10.8897
47.6226
0
0.410553
0.0380918
0.534348
0.42896
25.2647
19.8838
35.817
0
27.6731
22.19
17.1781
10.7134
2.1642
1.13289
37.1636
0.0154974
2.45333
0.157291
1.52831
0.0219895
0.545442
0
0
0
0
1.16286e-07
2.12193
0
0.484755
0.142358
0.000903774
1.88428
0.0579473
0
0
5.80868
0.458688
0.16615
0.33096
1.39992
1.33196
9.81009
10.6356
0
3.50866
2.03358
0.00592841
0.505489
0.897888
0.963062
18.0371
3.89182
11.4812
1.04232
9.82419
3.84671
2.97751
4.72184
5.17541
7.79108
5.45195
4.54227
14.0123
8.24605
15.6695
7.92282
9.27605
14.812
12.7726
14.494
16.4828
15.0414
15.02
26.1703
21.868
11.143
7.98724
6.92929
8.31847
8.64055
4.76351
3.257
1.66384
5.57597
14.6175
24.4574
3.1061
0.144475
3.69209
4.0102
0.896802
0.227817
0
0.0209114
0.961644
27.4686
14.8433
1.94526
4.34988
5.35026
3.82254
0.00414791
0.00946498
7.47354
0.955439
14.9562
5.55105
1.96111
1.49011
29.1916
26.3013
1.48818
9.62275
6.91461
5.14644
12.3378
4.30398
33.9206
0
19.5203
8.52349
5.74822
10.1738
4.76854
10.738
6.39023
5.11384
5.02557
15.5327
39.9773
9.01815
3.62534
6.64621
2.9746
6.57043
28.9317
10.282
68.9216
16.0247
28.6963
18.1504
35.7937
23.8366
20.1943
23.0385
15.0072
20.4478
14.8652
19.4222
17.6308
17.3297
8.45947
0.150969
0
1.06673
1.28771
5.77796
13.9727
11.7532
6.43037
4.34568
8.075
6.93832
7.13377
12.9397
9.27868
9.94809
9.72408
2.68945
5.53063
5.87892
4.17082
4.84521
7.11814
55.3848
6.77748
2.65783
13.3301
11.348
7.95539
4.38703
9.89665
5.82775
43.3242
8.03722
32.4027
30.1219
9.43821
7.11939
12.527
27.8078
56.2213
21.4839
15.5465
5.14203
0
1.2672
0.801921
5.40515
13.4333
0.405474
9.01233
0.781383
12.12
24.7562
16.5301
12.1429
4.53262
7.37691
9.88734
22.8232
0
0
0.0103199
115.517
101.221
78.5061
5.90011
97.0634
1.20815
24.8435
1.18029
2.55557
0.748928
7.03139
11.8686
0.607604
11.1252
29.4522
49.5319
20.5426
10.5113
0.753805
67.9817
10.0316
37.266
9.18439
6.24521
25.9028
25.4835
25.5873
24.1449
21.8964
18.7058
19.1082
19.9944
5.83458
17.7201
37.6406
80.9571
4.54743
54.4085
14.6754
18.7731
11.2042
50.6962
16.2336
20.7042
38.8238
25.1353
40.9812
14.2845
11.5756
0
12.9071
0
6.75984
20.0409
28.761
7.99226
5.50064
11.5634
14.4614
14.187
5.27004
10.9684
13.9924
14.0745
8.24474
21.1001
5.727
6.98899
15.9826
9.72894
12.2105
12.0382
17.5887
18.6703
0.861371
15.1946
1.03796
22.1586
2.2459
16.6574
0.100155
0.595378
0.0269002
11.0679
15.3691
14.6161
1.93727
5.52087
14.1484
2.50223
3.63903
1.08128
3.73835
8.93791
7.00717
3.77655
5.47266
0.84717
14.6007
0.18277
1.89774
0
4.83861
3.34087
2.71114
1.88152
2.4411
1.73084
0.0921727
2.70286e-05
4.38103
1.80707
0.367081
14.7335
1.40587
5.36935
3.60328
0.123156
1.05321
1.07619
0.0433955
1.59262
2.91082
2.00118
1.22476
0.0266665
1.01933
0.738052
1.10637
31.6729
0.222027
0.971654
2.96358
3.94361
12.1582
0.894405
0.977329
0.853967
1.4468
1.16
1.06949
21.5963
1.69514
11.4827
0.309605
26.0228
0.96766
18.0294
0.90724
1.95309
22.6802
2.47441
45.264
20.8838
55.6157
0.439432
9.25735
1.02109
2.08605
1.71294
1.88862
9.7506
19.1596
2.72834
0.399646
16.4278
0.440252
0.84099
4.02882
0.355115
2.66961
0
0.827471
1.97563e-07
2.88029
28.53
59.5447
0.771516
28.4428
3.93297
1.47949
11.1939
27.071
5.60724
10.8106
2.23323
13.6303
15.2098
20.766
1.49873
0.205187
3.07364
0
3.71308
51.7339
0
1.06877
0.187932
0.606459
1.39787
0.40312
2.89677
0.0177444
0.460116
0.395196
2.03318
1.05995
0.817253
0.177191
1.63447
0.91717
3.80904
0.000690419
2.66648
0
3.10457e-05
1.321
0
0.0130677
0.321719
0
2.0119
0
0.867837
17.6324
8.41529
20.2799
23.5456
28.349
4.48305
11.6244
0
0.862043
0.00158103
0.826794
2.96959
9.78054
8.94071
1.13316
0.627172
9.90031
38.717
30.7931
24.0009
3.00822
2.15383
7.75682
5.61108
3.17552
28.6599
21.1571
3.85752
23.1124
5.22701
1.82178
14.5638
16.0648
13.0227
18.8671
2.19118
42.9642
5.64472
186.117
0.0368535
116.677
120.047
8.57731
0.279753
3.36578
1.13447
0.12868
2.39245
0.000272191
1.85692
0.23311
0.895735
1.22144
7.43825
0
3.1022
0.972514
25.0733
6.43392
6.84347
14.3675
19.6601
9.55533
4.43465
0
15.5889
12.5708
16.1988
7.89383
20.2077
7.94717
18.1017
0.0591375
8.9847
0.115053
11.087
13.3698
7.11129
0.856557
0.301225
9.33933
19.9672
63.8386
4.84908
9.71099
11.2276
4.90357
3.19185
8.83239
5.72201
2.16891
2.14515
0.00922534
3.3617
23.1069
2.69538
2.13715
6.70536
0.114938
9.66996
16.0287
5.26908
19.6465
1.7538
48.2587
1.03833
12.982
18.5335
17.747
30.161
21.6937
38.7092
1.84979
1.82024
0.0324289
1.74595
7.18226
4.13284
6.30662
1.62721
8.03111
3.50223
13.31
15.261
18.5731
41.5718
7.31427
9.04477
0
0
0.874601
7.8877
1.49253
7.81822
4.74911
1.91048
0.000538436
2.04685
1.14996e-06
0.533625
2.43121
12.8386
5.81306
0.792244
0.134744
0.867907
17.1069
47.2864
13.4368
5.3462
46.9199
1.19835
7.98055
0.175043
108.694
0.857158
62.9485
0.918405
0.0469196
28.7267
0
0.847053
0.0226547
0.408781
0.872363
0
0.481023
0
0.591365
0.756171
0.0314885
1.1674
0.477291
3.37854
1.07667
0.143575
2.88104
8.34074
9.81153
2.3067
0.00127793
1.57605
16.5187
0
0
0
0.117041
52.4633
1.47589
10.0651
21.3361
46.6991
17.5906
53.0607
24.1515
53.2744
1.68921
22.5644
5.49233
1.54594
17.6665
4.78495
5.71987
0.0762863
48.7061
0
28.2188
14.7071
15.9094
3.79231
12.4383
21.2472
5.1357
27.8106
12.5478
11.7894
27.3756
0.937138
26.9311
0.634584
10.3841
6.74371
1.07741
12.8808
7.99089
1.90758
0.0190639
0.762463
18.0438
0.632743
16.1214
26.0635
0.602664
0.00107576
61.4666
41.8473
5.03204
4.73783
5.27485
13.9445
37.2585
3.74118
19.9989
6.09312
26.8662
14.0558
17.4415
18.3512
13.9627
0.00172953
11.5382
21.8215
91.7643
32.9193
23.4179
30.2053
26.0674
17.7226
11.1609
26.8554
8.56929
50.9739
31.2185
15.5362
49.6779
33.242
12.7011
27.589
26.0921
0
15.5338
33.8073
15.9823
12.2009
27.404
0
36.7942
44.7362
4.07037
0.628595
0.0629808
37.1623
13.3601
16.5075
13.6396
6.463
27.4269
11.9796
5.03465
11.9718
24.0041
17.4865
2.04836
28.687
25.225
19.6501
19.4082
43.5068
11.6147
26.7015
25.3405
29.432
46.1567
0.865756
55.8352
23.2022
19.3826
1.24317
28.8871
40.717
86.489
23.1989
0
24.9686
29.3344
18.2961
7.70479e-06
15.585
16.336
10.0374
24.3253
5.42097
14.4102
19.295
7.01883
0
5.65036
0.398916
19.1298
2.91233
8.3499
28.2526
18.5744
21.2067
15.9771
0.693735
12.6107
0.000237249
9.76019
10.3921
5.91781
18.1179
15.5532
37.2537
37.6269
59.6823
19.2178
22.7873
16.1294
24.603
0.17968
17.1508
17.1183
11.5388
1.47455
14.0559
8.90404
13.7555
16.2279
3.07101
31.0523
16.1015
0.0552349
7.69162
8.36136
10.8175
7.29013
13.4948
0.906691
2.94812
18.4463
9.23326
0.00947354
1.17213
0.862689
5.90963
3.24148
27.2728
1.276
14.9446
24.9442
9.84691
23.1511
20.875
0.148307
26.4264
0
0.873529
3.5713
6.33492
0.00310687
5.02932
29.0548
7.52842
16.3537
14.2402
14.2276
29.3669
33.9149
26.3231
5.28579
7.69802
21.4001
15.7879
19.2116
9.48425
16.5264
25.8312
0
6.64457
15.7688
33.165
12.3444
3.73701
19.4086
1.68354
7.2278
6.63192
20.3592
25.4031
13.5662
36.5835
11.2716
16.5331
15.237
11.3838
21.1943
22.9832
31.1436
4.88529
0.297082
15.4915
10.3139
9.0899
56.6023
0.884211
1.35331
15.3975
0.485541
64.7497
20.0912
0.135236
12.327
3.00559
9.52881
4.98709
16.7617
0.0409532
5.7247
1.98334
6.21958
16.6938
5.56675
4.28146
4.77243
0.0848666
3.84496
9.23563
4.75721
7.44197
9.32709
34.282
23.2033
5.30613
19.1609
7.66079
1.14379
7.3228
7.51109
10.3797
15.0427
23.4445
22.0577
0
12.4549
0.576122
19.7478
2.71455
1.83114
14.5246
1.68398
2.49118
81.0342
2.58047
105.497
2.13685
55.1016
1.16938
0.994089
28.202
0.865022
0.00469665
0.15968
0.703399
0.000139154
32.2073
2.02294
7.08638
15.53
18.4693
15.6105
6.67683
12.8307
40.8588
6.03157
15.8869
44.6481
1.15093
89.5858
51.4677
4.16904
45.177
2.71895
49.2746
15.4275
1.55513
25.9711
1.69668
5.60468
5.5236
3.61095
0.996007
1.65067
0.842926
0
6.3637
20.7576
7.36579
0
4.54273
10.994
9.07536
13.2537
8.72105
4.33523
9.18525
9.29772
4.86509
19.2076
5.52557
0.243181
4.37283
7.63356
4.60654
6.26276
1.44321
9.00484
8.67778
23.2555
12.7263
3.20374
3.62108
69.4852
5.17176
23.3867
9.58167
194.582
9.81019
6.56585
11.6866
8.47521
10.8795
8.38205
9.77825
17.2365
2.54763
7.8066
6.81877
6.63229
9.57538
130.467
14.1285
50.255
21.4948
0.0769392
20.7381
67.6968
1.13046
0.0236181
0.507861
0
6.28629
2.29999
2.49345
0.00752064
2.18954
6.38031
1.29708
5.56696e-08
13.6376
1.38499e-07
12.4864
17.0052
1.03588e-08
0.562521
17.5695
2.13701
15.6388
3.23503e-05
3.59043
3.38563
0.306049
0.0539681
0.400787
0.498517
0.114815
0.387874
8.08743
8.32137
0.111106
0.49756
2.92868
0
0
0
0.874672
4.07533
23.9657
25.5622
2.74703
17.3693
0.330601
15.8854
3.67892
26.7065
17.4232
17.9698
40.3921
28.226
10.9535
9.7253
16.0584
29.9144
15.744
3.65605
6.58672
77.4915
17.9433
35.4772
21.1065
18.503
3.68257
37.7671
0
0.665747
28.9027
15.5021
10.8665
4.75381
3.54579
3.86561
8.58097
1.97936
2.41181
6.09656
13.3055
10.0648
10.368
16.8287
17.8596
4.30024
4.34268
5.40841
13.822
14.2368
12.0743
12.7944
10.2095
2.98239
22.9015
2.89268
6.75943
0
0.0300979
6.28075
3.94817
0.872293
0.48663
4.02073
34.9546
33.1766
5.59029
13.3883
17.211
14.1583
31.7013
16.4099
10.3422
0.817449
0.409166
11.9402
8.08923
3.64984
10.2709
24.8214
7.1747
19.5027
32.1719
1.05777
0.287613
4.64937
21.3443
5.46744
8.2474
7.01411
4.40692
24.7996
5.65068
1.30298
8.80895
0.268586
2.1498
0.246415
12.3302
12.9544
2.73362
0.207819
43.7219
8.74787
0
0.0244403
0.173025
2.49576e-05
0
0.000412701
10.7594
3.0194
3.46087
0.0162874
0.471785
0.508806
45.9988
0.256429
54.8994
48.2577
0.0274178
48.8886
8.41021
3.53892
1.49045
55.7859
13.0886
2.06451
0.243511
0.000722921
6.59624e-08
0.390789
0.0980112
0.423279
1.55096
18.5539
15.4537
32.4497
20.8896
8.2083
5.744
3.43698
32.4948
4.39784
1.02641
8.69023
6.87463
15.5917
16.1461
16.3446
11.3576
38.3684
34.8528
12.5941
6.53335
26.0106
6.1002
21.2567
11.2398
3.71207
22.7461
15.8439
8.38219
4.02862
5.93581
47.5095
0
1.28159e-08
0.00357375
1.55608
0
0.290487
0.000372385
1.22064
1.49091
2.25889
2.04748
6.43675
3.31853
1.77024
0.12574
1.95076
0.0253122
25.4022
14.8707
16.8025
33.3886
37.8412
51.7422
19.8292
2.90972
0.847764
5.98251
10.582
1.58484
8.68679
9.99823
2.03348
1.66544
22.3388
1.32363
12.4888
11.0662
13.8583
18.858
15.7443
9.05483
24.4438
0
7.14831
0
9.30738
1.18341
2.68825
18.4914
11.7598
8.36398e-09
24.767
6.73223
19.5094
12.2076
0.248627
12.0346
24.2255
5.32759
18.7951
13.4491
11.9049
1.12212
3.99297
11.4341
2.5915
4.70164
1.38224
32.4795
1.10281
1.48556
1.37093
3.03351
6.40923
2.26543
2.17577
1.60026
4.55581
2.92442
4.06651
2.08667
1.19576
4.12547
1.59109
4.99951
3.49957
0.943659
0.865609
0.0535718
1.97764
2.45472
1.3423
0.737716
0.0323026
1.71962
0.379257
1.53467
0.102403
0.707411
3.09329
72.0177
4.49106
35.761
45.4681
12.6372
15.4373
39.9085
0.247604
0.464223
0
12.7179
0
9.50868
11.7122
13.9313
0.656861
7.27493
18.2326
31.836
38.2822
10.1283
39.9664
31.3051
6.11843
18.5505
29.8834
3.87103
1.19766
18.9739
0.00790211
3.34655
62.4816
0
6.2657
1.09687
7.45842
0.502233
0.0206693
0.0820334
0.864325
4.64011
0.291814
0.380729
0.818035
0.0846859
27.3216
15.4623
34.1801
12.2321
0.926689
24.4167
14.446
5.03423
26.1863
51.3584
21.8154
1.30028
1.32588
0
23.0793
2.43542
0.75824
0.181302
1.9245
3.39033
4.03084
16.036
0.150157
0.35324
35.4784
0.128857
1.69355
0.654746
0.000876406
31.6002
10.3031
0.200756
1.48246
0
0.107715
0.83151
1.0077
67.5673
1.66646
1.07618
12.8016
0.133692
0.851287
5.04551
0.399017
0.144786
1.00569
36.4973
38.8565
0.000203136
0.25633
1.6659
1.28819
7.16683
0.428755
0.0086352
1.3159e-05
2.55361
1.64958e-05
9.916e-08
5.05387e-09
0.356678
0.00217885
1.95271
1.67821
0.360683
0.907688
0.0195982
3.17445
0.522953
1.23078e-06
6.28305
1.54761
1.83854
1.04275
0.315196
0
5.6828e-05
4.40471e-05
0.00055895
3.05013e-07
0
0
0
0.802028
25.3149
0.37628
6.71273
2.7952
0
0.0650988
4.40608
7.5537
0
1.92944
0
0.116775
4.75695
31.9026
4.00483
1.13886
5.78178
0
6.85177
14.6113
13.1774
6.22483
0.0239925
7.57646
6.7147
5.50359
5.35826
0.000619104
0.104595
3.33698
0.768754
0.000892179
1.12886
0.216659
0.135161
2.40478
6.42311
16.9479
28.4639
0.232944
20.659
3.55398
4.05015
7.6888
0.00262782
12.5743
82.9365
4.7037
1.58257
7.10935
12.5811
0.300675
0.430051
0.00505948
0.221829
29.1742
6.29766
0.729299
9.34066
0
1.57398e-06
2.88127
2.59489
0.00314704
3.77179
12.4582
0
2.02484e-06
4.19367
0.401239
0.106485
0.449579
0.0320127
0.135641
0.199142
1.57349
3.81687
3.12496
1.10823
12.7632
33.739
1.83509
0.0495818
7.57618
8.67888e-05
1.71535
33.8104
6.49799
4.97492
0.850206
1.32146
72.554
16.8711
22.8781
0.29201
9.97904
28.0382
59.4805
53.7389
2.58263
0.124813
27.9613
0.637203
79.2947
0.0332799
8.78359
17.5327
0.723905
0.944999
3.38166
0.000395372
19.741
0.067563
0.0782712
19.5853
15.636
0.0134239
22.424
13.8306
5.26273
22.1342
3.00644
9.10425
17.5272
2.79884
2.71631
32.7517
14.5479
3.51846
4.73075
21.3693
11.7431
14.5791
26.8154
18.7922
9.70518
18.8306
10.9737
1.21623
19.3252
0.0446745
9.41524
24.9783
10.7279
14.8207
3.4899
0.545739
0.0242132
1.69152
0.750706
3.65507
0.94772
0.160764
0
1.42828
3.88795
1.05564
0.400418
0.451792
0.000516549
2.1528
1.74925
0.0313519
33.9942
6.48343
0.947342
0.0516005
1.75324
25.4973
0.0152615
5.57894
51.2799
6.82177
8.16048
18.6807
29.2343
0.000205434
3.65381
0.644476
0.00177758
48.0605
6.58316e-07
0.363916
34.877
4.45451
0.945959
67.0426
4.86242
0.131803
0.828801
1.65433
23.8581
2.00675
0.227044
61.4695
14.8655
10.7644
20.2296
37.6549
23.3186
11.001
3.69543
15.9427
33.8865
47.0629
47.7318
29.2967
50.3423
20.9464
8.91751
1.38662
9.34124
0.114769
8.20404
9.65714
1.38401
9.77904
15.8965
24.5639
2.28894
0.447977
0.727538
0.00190401
2.24562
0.0178649
2.30886
1.14915
0.0489682
1.43424
0.0490752
0.030275
0
40.416
48.5754
2.81236
29.2901
59.1389
35.8183
6.85762
10.4709
7.57149
0.0467462
17.3196
1.826
4.01111
5.28755
3.61411
17.8096
7.61028
16.4551
10.6802
27.7192
41.7826
23.8571
61.4925
19.2665
22.6783
52.7743
44.7465
0.413738
0.0462263
4.49052
0.000139875
1.85492
0.669538
0.764662
14.931
0.0455178
0.0903656
19.5979
30.9573
30.4505
20.3309
26.2479
11.4436
0
0
6.9665e-05
1.41881
0.406748
3.12848
0.236458
1.08472
0.771428
19.7897
16.2351
13.4771
6.30082
10.5929
3.16824
0.00901734
0.26715
3.98937
0.69258
1.02876
2.62028
0.194837
1.75858
0.693063
1.15297
18.9595
0.000352818
1.92562
1.70828
3.1315
1.03932
5.80346
9.54949
5.39209
2.57413
0.108509
1.36144
0.00010412
4.59252
14.9428
0.374077
0.139508
5.05556e-06
19.1144
3.4789
0.0877289
5.05885
0.487218
28.4232
0
1.19006e-06
33.1388
