0.280388
4.94286
2.40926
0.87546
0.161234
9.15531
0
1.39872
0.744008
0.753058
1.15214
9.13067e-07
4.59307e-06
0.468333
4.89812
0.00584069
0.751639
3.74465
4.82549
3.17416
3.31348
0
0.963314
0.178755
0.0166025
0.0262426
1.29411
0.126859
0.511437
0.52554
1.4023
0
5.4897e-08
1.95895
0.240909
0
0.0677252
6.89028
2.35759
2.44313
4.12464
6.66638
0.0522717
7.65476
0.342022
0.745918
3.04441
0
7.67842e-07
0.000379251
0.0374027
3.00551e-07
4.09017
0.320188
1.90209
1.36606e-07
6.14469
3.40157
0.239206
0.000113681
10.7898
0
3.81924
0.00320478
10.6549
0.00927322
5.20827
2.66001
4.34372
2.83387
2.91848
0
8.66562e-05
0.0509582
1.07093
0.782715
11.3481
2.54941
0.925982
0.00294679
0.0466061
0.0540314
0.0138731
1.90516e-07
1.75791
1.0003
0.00289209
0.773629
0.121978
0.00115476
4.96088
0.108993
0.357564
0.166535
0.683151
0.775637
0.560817
0.846702
5.5053
0
1.12353
5.30942
0.887028
6.89804
1.03746
0.00748442
0.0598363
0.830055
0.209789
2.49745
0.992152
0.455689
0
0
0.340914
0.432034
2.41108
1.42786
0.959821
0.227037
1.0884
2.10703
0.464251
1.19731
0
0.716441
1.10473
0
0
0
0.208136
1.12644e-05
0.120883
0.243279
0
1.34145
0.0030545
0.165182
0.0033477
0.213115
0.0242834
0.275652
0.660465
0.573579
0.165703
0.750059
0
0
4.48765
7.48083
0.946767
0.156653
0.972308
0.925816
2.71625
0.0954155
0.975974
1.22853
0.0446029
0.0832378
2.5029
9.08223
0.603261
0.93727
1.14329
0.0858971
0.347197
3.11221
0.761896
1.39518
1.86733
2.32476
0.0110551
3.61311
1.15712
0.0496587
0.000913357
0.992806
0.0495703
1.02751e-07
0
0.0408327
0
0
2.48331
1.39935
3.80493
3.76287
2.73018
19.0705
6.78853
8.20506
5.3761
8.79698
0.0611199
0
7.06562
0.30123
3.27913
3.94465
10.1055
18.0475
4.54276
17.1905
4.78011
0.964253
4.6337
0.084552
7.29242
3.26639
8.72005
4.78011
0.858576
6.93876
10.8159
12.713
5.54116
12.2503
17.5563
3.90068
2.89241
1.51903
20.8217
0.613328
9.32018
3.60044
4.90358
2.96403
4.61425
0.0282092
1.43069e-08
3.18263
3.2243
1.32742
2.28336
2.39877
5.20224
2.43388
2.04524
0.101652
1.71192
1.08087
1.03187
0.840289
1.70945
0.0290835
0
0.638135
0.316357
1.15763
0.0153521
0.0500936
0.00441584
0
0
0
0.982972
0.747168
0.866208
0.982499
0.0411912
0.0577292
0.968308
0.238954
0.105463
0.00633763
6.10593e-06
0.00520649
0.834561
0.0778991
1.37007
1.03487e-05
1.70741
0.707994
0.198017
0.111232
0.418289
0.000424854
3.89422
0.103076
4.75913
0.0437707
0.150893
0.064427
0.00546205
0
0
0.874153
1.14573
3.14061
0.00208673
1.75834
0.852591
0.604211
0.749602
0.128428
1.802
5.89197
0.0220384
0.999056
0.733901
0.000309062
4.41167
5.55631
0.156527
1.49516
3.20255
0.61463
0.000380461
0.00885913
0
0.181212
0.942818
0.368954
2.71496
0.603036
1.5511
0.388903
4.74149
4.0123e-06
0
8.85257e-06
0.566551
0.442161
4.40176
2.64948
3.97309
6.70471e-07
0.0011956
5.84109e-08
0.02348
0.921831
0
0.060286
0.707312
0.915848
0.519846
1.18318
0.852907
0.0229129
9.31715
5.76681e-08
0.328904
0
0
0.707217
0
0.901114
1.65052
1.47532
0.734359
6.61027e-08
5.75645
0.140256
4.81331e-05
0.0529832
2.52422
0.116332
0.324366
0.00073316
0.340143
0.687916
2.44948e-05
0.937955
0.144148
0
0
0
0.112764
0.00568938
0.046049
0
1.16819
0.691158
0.119417
0.977081
0.00981285
1.91228
0.966527
1.14241
3.32674
1.25459
0.407583
1.66464
11.4203
1.61973
1.23792
10.2975
1.028
0.125098
1.14202
6.31429e-09
0.820787
0.977588
0.0100189
3.03028
0.523444
1.66046
1.45175
9.73464
2.31852
9.25178
1.37884
1.21606
5.13231
5.45744
4.21815
4.00505
1.32202
0.715745
1.07309
0.367594
5.46853
6.01883
0.0160649
1.82493
39.6975
5.12859
1.05154
0.646052
2.01257
0.360298
0.380437
1.10823
0.0028244
1.50127
6.17209
0.461204
1.91231
3.74371
0.541729
1.77233
1.34359
1.21871
1.78758
2.30801
6.36079
0.0956459
0
1.12964
0.81314
0.193837
3.85887
9.90522
6.79703
0.101048
0
0
0.623717
0.957504
0.0618841
2.45854
11.8112
2.55027e-05
1.05463
3.36964
14.4881
17.7729
4.6942
4.78492
2.49948
0.556073
0.0746757
0.0391611
0.0885832
3.25883
1.03072
0.0812721
2.54029
0.880882
2.46566
0.0629006
0.0525312
5.11719e-05
3.83168
0.0652234
0.928689
0.784243
0.476113
3.48968
3.7222
1.44028
0.0448819
5.561
9.79374
3.50475
3.7
1.16866
8.80178e-06
2.29386
2.1249
8.97012
3.83132
1.47436
0.0108628
2.2421
0.0179736
2.35572e-07
0.0543469
0.0678836
3.04305
7.4212
2.54145
3.53977
8.4365
3.97479
4.24825
1.36666
1.28824e-06
1.80941
0.0541637
2.49629
0.130318
1.472
4.68151
3.77799
4.79334
0.0633719
6.20938
0.935603
0.127717
1.41312
2.71156
0
0
6.60907
0.00145118
0.00517282
0.00946582
0
0.0792236
2.16883
1.84564
0.41751
0.0104087
0.718093
0.276093
0.704707
1.94206
1.66751
5.54929
0.0998461
5.41772
8.53433
1.02282
0
0.738484
0.0244053
4.38608
2.17751
7.74725
3.55069
3.18675e-05
6.17741
0.839893
4.04599
15.4954
6.61883
13.1242
12.5477
3.3762
0.208059
0.000169309
3.1196
0
0.19216
3.00858
0.0271763
0.882996
0.97998
0.701591
1.63466
0.570182
0.617044
0
0
0.112392
7.95114
11.4462
0.0483104
0.00455215
3.62004
0
0.796535
0.0277038
1.30617
6.40584
0.0584382
3.93125
0.337539
0.428681
0.20332
5.23621
5.38862e-07
4.29632
1.52159
14.7006
0.000338258
0.00689643
5.9963
2.60353
5.67599
5.15602
0.112776
3.41468
10.7231
0.00844442
3.78438e-07
0
0.843615
0
0.00859467
11.3536
2.2566
0.750153
6.49918e-05
0.0308943
0.988998
0
0.0630081
0.00282759
2.57703
2.55261
0
2.61834
0.926496
0
0.964544
0.0216621
0.0042357
0.00873319
0.971151
2.1532e-05
0
3.91742
0.700471
11.3246
0.594269
1.06815
0
3.64938
0.0952351
1.30702
7.68373
0
0
0
0.0406051
4.4385
4.19108
0.236792
5.33054
0.275083
3.10124
0.7942
0.593541
2.47336
0.248092
0.959282
0
0
0.0623978
0.00482096
0.0364402
0
4.0116
9.98182
10.318
1.29181
2.50939
0.112415
2.0121
2.74627
6.92275
10.5189
0.112457
0.732203
0.0257832
4.80283
3.65327
0.135571
0
3.14797
2.51132
0.0323883
1.17367
2.42066e-05
1.00024
0
0.879578
1.85489
1.58815
0.717424
1.42655
10.0158
0.0227286
0.504275
0
0
0
0
0
0
0
0
9.7037
0.0290102
0.303136
1.68413e-06
0
0.708216
0.253569
0.219854
1.29678
3.26685
2.59235
0.983041
4.05682
1.05655
2.75219
3.02387
5.76947
4.2286
5.32777
4.72414
0
0.0860331
3.41394
0.586503
0
0.9647
0
3.48383
13.3292
5.68777
8.04207
2.32702
3.82469
5.89567
0
0
2.42094
1.20832
0.0146676
0.988446
0.191914
2.35532
22.8695
1.24097
0.042684
0
0
1.22563
0.166693
0
0.00967173
6.19138
1.26284
0.00467454
0
0.00145804
0.495123
0.112269
0.894777
1.78081
3.52203
0.00172057
9.44521
0
0.812081
11.027
1.02085
6.23632
0.0409771
2.02759
1.88219
0.226488
0.0830202
8.20861e-07
0
0
1.72037
0.0155389
0
1.26397e-06
0.805611
3.26548
0.437188
18.6212
5.47558
0.423846
1.10432
0.66853
0.242028
0.919622
0
2.52603
0.964017
0.40647
0.275278
2.77994
4.06237
5.20141
0.0968349
0
4.15651
0.940897
2.87491
0.079657
0.822081
0.033562
3.9398
2.40552
3.80012
0.484271
0.985483
7.61726
1.53271e-07
0.121558
0.018928
0.0584425
0.00310549
0
0
0.0457412
0.000152876
0.0517045
0.0071194
2.6785
0.868073
1.57019
4.87917
4.50225
2.31865
1.51638
1.34599
3.0909
0.0014285
0.0333893
0.749133
3.77957
0.563838
1.62124
0.149678
0.000995702
0
0.444808
4.34772
0.0254903
3.43513
0
0.742023
2.55172
0.0569697
0.142804
0.958321
0.0397575
2.28318
2.39337
0.0385288
0
3.72352
1.01006
0.542557
0.0731037
1.86407
0
2.74328e-08
1.4116
0.625344
0.98425
0.0100714
0.000821051
1.27206
0
9.18866
0.146667
0.106087
0.772576
1.70294
0
0.225011
0
0.915017
0
1.25306
0.59914
0.00346233
0.425366
0.0117194
6.51021
4.0159
1.69071
0.491277
0
3.12541
0
0.122655
2.33988
2.08666
4.17835
0
1.27998
1.62981
1.52597
1.57981
0.359003
1.37705
0.31152
0.186092
4.87658
1.16824
0.550273
0.966856
3.5127
3.11721
0
4.06592
0.921825
7.39345e-05
0.103767
5.65331e-09
0
10.681
0.00976293
0.967295
2.29367
0.111126
0.320248
0.00117935
0.0168513
3.10475
0.756599
2.43571
4.11097
0.0488005
0.240444
6.69122e-07
6.97066e-06
5.69492
1.02508
0.309065
4.69662
0
0
9.07391
0
0.00629433
5.37105
8.1284
3.65586
0
1.55929
11.0367
0.00157766
0.30796
2.76393
3.66132
0.147265
0
5.52851
0.0423547
0.966405
0.0198606
3.59192
0.42902
1.24333
3.49753
0.621287
0.245567
0
0
14.2091
7.32395
4.62967e-06
0.70252
7.36791
3.62712
3.24475
0
0.000245737
1.15281
0.000661196
9.10645e-07
1.68779
0.0688993
0.00377521
0.0842432
1.06394
0
1.1403
1.15463
0
1.06563e-05
0.201693
0
0
0.254523
1.79706
2.26281
4.9698
1.40129
0.361905
2.09977
1.63408
0
2.90843
2.62894
1.67256
0.605796
0
0
0.102279
0.214177
0.00030803
1.32976
0.90442
0.984145
0.345048
2.13758e-05
0.0121863
1.1363
12.1532
15.4811
1.75676
3.54613
0
0.815277
0
3.57908
1.56355
0.570436
2.79514
0.222789
0.0509354
0.0746637
2.77354
1.15174
0.02456
0.0296795
0.0528017
0.283764
0
0
0.180097
10.3333
0.00750438
0.0424202
0.0284209
1.15583
0
2.4966
4.34343
3.31472
9.47205
1.41092
0.379053
22.5682
1.78446
0
0
0.24668
1.28619
8.73405
2.30796
2.49254
0.00558114
0.271766
0.905154
3.1524
6.44084
3.05272
16.6723
0.795757
14.7453
1.08383
1.34254
15.5778
5.29724
0.725966
0
0.00473425
0.855929
1.41257
0
7.78952
2.67859
0.0020601
1.58204
1.87862
0
3.69182
1.0572
5.888
0
0.0409087
0.0415448
0.39792
1.51915
7.9133
2.12501
9.45634
3.41864
1.03886
0.275494
0
0.258565
1.67885
7.44424
2.87744
2.79705
2.65635
1.74242
1.08199
1.5674
2.2979
9.71315
10.2776
0.670021
0.562566
4.36215
0.798743
1.59523
0.101467
1.8312
0.0382533
3.5542
0.911119
0.0824609
4.74942
0.00719215
0.0287527
1.90331
2.18897
1.03306
1.30569
2.46318
1.57075
0.395534
0.0377112
0.727895
0.116111
1.37435
3.25508
4.4331e-08
1.88642
0.730405
1.7804
2.85891
2.82688
3.46899
0.828487
0.0945962
0.276872
1.75795
2.75829
1.05695
0.546752
0.781188
1.24897
0
0.0741947
0.225242
0.7787
1.8835
1.60597
2.25448
0.000101229
0.555912
1.14259
0
0
0.132744
0.33062
1.37773
10.1835
2.59617
0.00531841
0
2.13251
9.81189
1.39567
0
8.25014
1.93916
0.635824
0.00117606
7.22935
1.61008
0.348953
0.675179
0.953914
0.406077
0.00936057
8.55376e-07
0
0.403746
0
0
1.91163
1.54954e-08
3.89591
1.16929
0.00341251
0
0.0652442
2.18066
1.0551
1.08096e-06
2.8266
0
0.222828
1.3853
6.92529e-06
0.604493
0.418099
2.68746
0.0164541
0.868488
0.0358723
13.3572
5.78645
0.505391
7.76321
0
0.0217314
6.82803
8.2584
6.86289e-06
0.101877
0.581292
7.84649
0.113436
1.14508e-07
6.69041e-05
0
0.00524477
0.0197218
0.116631
0.28395
0.476663
0.360983
1.35722
0.269878
0.92494
0.068308
0.0102037
1.1453
0.0328633
0.583497
1.51287
0.0472735
1.12889
0.583504
1.49937
1.42341
0.964399
0.396502
0
1.29546
0
0
0
0
9.91516e-07
21.9134
0.223376
0.475944
0.252499
1.49423
0.983918
3.36551
2.46022
5.33822e-05
0.42922
3.70739
1.91789
4.09515
6.48156
6.09811
4.17132
0.470175
1.53681
15.163
19.9448
2.54603
7.60278
0.439376
3.43748
2.22037
0
1.42498
6.07835e-07
0.836436
4.83125
0.0672347
0.0089454
0.746395
0.234034
5.67032e-07
0.0177354
0
0.410199
5.38375
1.30885
0.925468
0.0511905
2.77511e-05
0.00173381
0
0
1.02988e-07
0.000278686
2.11324e-08
2.9793
3.20634
11.5142
11.3029
8.40834e-08
0
2.4349
1.89668
0.887411
0
8.53671
0.468858
0.375503
0.967399
0.0275079
0.0219655
0
0.186945
0.0693541
1.22625
1.31814e-08
0.00292124
0.213229
0
9.11798e-06
1.35669
2.92666
4.40222
0
3.04467
5.53162
3.69317
0.0221454
0
2.23591
0
0
0.237283
3.00089
4.36645
0.71072
0.955997
3.86959
0.194912
4.74637
11.6382
0.788715
7.1706
0
0.671075
0.0110464
2.7439
7.0055
1.80464
4.2782
0.017206
0.0660795
0.0853993
0.714159
0.072873
0
1.8077
1.6123
1.57489
0.056047
0
1.47486
0.0431331
5.01768
0.0259911
0.494991
0.000109945
0.224154
0.0016759
0
0.039964
0.00388144
0.886513
0.725864
1.96946
2.20937
1.64294
2.65297
0.831226
4.64115
5.28087
0
0.882298
0
0.508592
0
0.876177
0.592318
0
0.0138752
0
1.03646
1.31511
0.976083
0.31344
0.000563905
0.0884284
0.0115892
0.603366
0.931014
0.104811
0.629969
0
2.45387e-07
0
2.37184
2.78845
4.31722
0.446976
0.0905379
0.0138011
0.601997
0.943557
0
15.393
1.00676e-05
4.55584
0.0836415
0.0550411
17.4167
28.5453
0.0384135
0.758296
8.76929
21.9756
3.4171
3.69754
0.183846
6.1957
3.08583
1.33684
0.00365357
0.180356
1.10058
0.121914
0.882163
9.58563
0.637587
4.59414
0.472636
0.172651
4.19313
0.11712
0
0
0.0453312
0.0113282
9.51192e-05
0
1.74152
4.59542e-09
9.87637
5.28552e-07
0.0965661
0.0128725
0.306428
0.0584925
3.4366
0
0.112126
5.05662
3.7108
0.31649
9.17119
2.20815
0.0407755
2.85333e-07
1.76614
2.93713
2.7104
1.29506
0
0
2.34266
1.17785
0.0287744
0.0450163
0.0831788
0.898206
8.81029e-06
0.000299445
1.00459
0
0
0.00866195
0.817764
0.719606
0.000601091
1.66501e-06
18.1062
0.0521737
1.06808e-06
0.0222365
0.818495
0
4.00647
0.356841
0
0.0804564
7.1166
0.211113
0.00118848
11.8081
0.0378645
0.101969
0.0262822
0.000215206
0
0
0.123208
0.00884917
3.09965
0.0478143
0.410533
0
0
1.01787e-07
2.60443
0.146631
0.791917
8.13979e-07
0.785744
0
0.0146863
0
6.94819
0
3.25237
1.02565
0.169154
1.13874
0.00420949
0.0145085
2.16049
1.71379
0
8.08721e-05
9.23361
0.145667
1.07031
0.867608
0.914114
1.27135
1.18351
0.0516238
0
0.850819
0
1.07446
0.507957
0.210703
0.0447949
3.15942
0.525115
0
0.758639
0.84366
0.457851
0.0124727
0
0.343927
0.83608
0
0.00108583
4.90936e-05
4.25367e-07
0.0637814
0.636464
0.000330002
0.000847784
0.0680806
0.942177
0.0682004
0
0.000104782
1.54606e-05
0.111022
0
0
0.65703
0
0
0
7.91503e-05
2.75394
0
0.860153
0.0609206
0
0
11.8997
0.878944
0.863572
0
0.0588426
0.0589676
0
0.0120346
0.610017
0
0
0.836498
0.930743
0.0232381
0.908279
1.42474
0.00799966
2.32993e-06
3.17087
0
0.026795
1.7623
9.86961e-06
0.0407189
0.00204991
0.0926565
1.66021
0.435767
2.21815e-05
1.06359
0.00812061
0
0
1.56096
0
0
0
0.362297
0.0564991
0.0498967
0.129519
0
3.05613e-05
0
2.20625
0.0420236
2.19369
0
0
0.0052101
0
0.345751
0.41888
0
0
0.985481
14.4183
0
3.91001
4.88955
2.95008
7.99578
0.44717
1.51125
1.62366
2.8333
0.00495526
0
0.0561375
0
3.31481
0.195829
0.0112232
0.00822443
0
0.000466472
3.52654
0.0618132
0
0
1.212
0
0.108259
0.0133987
0.638139
1.89629
1.13512
4.4591
1.40698e-05
0.00204408
4.15957
0
4.34502
1.2781
4.74053
3.80367
0.0359451
0.289395
4.50545
3.25933
11.2264
3.51991
4.87128
1.08035
3.28772
7.62665e-06
0.402854
1.93557
0.0246224
0.140548
0
0
0.27865
3.58518
1.97634
0
2.89498
0.00250323
0.000713511
0.875512
1.9607
0.104655
4.60653
0.125844
1.57616
2.96295
1.01205
0.062029
2.5548
0.00012326
1.33351e-08
0.505418
2.54265
0.973112
1.11721
1.13085
1.70776
0.0112897
0.0168289
0
0
0
0.0531577
1.71549
0
0.209672
1.69589
0.186313
0.0532391
0.000119035
1.48166
1.00626
0.570802
0.967087
0.467719
1.51401
1.70649e-07
0.473136
0.0820031
1.5706
0
0
0
0.203821
0
2.91116
0
0
0.959613
0.508215
0.0160379
1.77161
0.915704
0.214551
0
0
0
1.21501
0.0775661
0
0
0
0
0.0404239
0.595019
1.9267e-06
1.46496
0.021167
0.275185
1.07153
0.877853
2.18162
0.0261574
0.0901634
0.0836064
1.72065
7.44394
1.26105e-05
8.20961
4.4768
2.56164
3.59681
19.2119
14.5293
6.49688
17.8955
8.89301
6.05027
2.98971
0.853221
0.512716
5.69677
5.68694
8.91816
9.10017
4.35469
3.64175
2.67226
2.35204
4.82242
9.56005
3.38516
5.33288
5.12233
2.20376
5.53652
2.43223
0
4.20336
0
2.85339
7.93428
11.5776
5.57629
0.402882
4.89576
5.55787
3.49037
0.0775207
3.68531
1.72946
1.78424
1.10768
9.67815
6.12885
3.27919
6.08023
5.97665
7.17916
3.97643
5.42192
0.146142
9.40853
2.97539
3.10655
0.784585
2.85789
6.18224
0.619677
0.0223855
1.00415
0
2.86322
4.3161
1.8051
0.72073
5.38188
0.145974
0.000536007
0.131519
0
0
0.278669
2.5706
1.51689
0
0.602616
2.20285
0
0
0.0419089
0.701479
1.18352
0
0.00081878
0.00933306
0.208152
0.0998262
0.157447
0.862012
0.265316
0.00800879
0.158271
0.000655475
2.18951
2.26002
17.8393
1.41846
4.54817
1.80913
1.9854
1.51147
2.11011
1.58093
0.137023
2.26401
2.99871
0
1.21729
2.35361
1.42211
0
3.26527
0
0.140543
2.3504
0.338801
2.77809
0.432921
3.34328
0.184455
3.23226
0
0
0.134651
1.85524
0.776813
0
1.86486
0.0199156
0.0364959
3.03278
0.144958
0
0.301858
0.0465745
1.55747
0
0.00766416
4.69901e-06
1.66798e-05
0.000125819
0.878438
0
13.0787
0
0
0.135935
0
1.63663
0.209095
0
0.0915813
7.81131
1.99034
0.0804522
2.71519
0.00326339
0.0482063
0.00899942
0.911082
0.824315
2.49566
0.497917
0.98854
2.29967
10.6965
1.77575
0.02276
0.00043751
0.919058
0.208231
3.47048
0.00195401
0
0.000275711
1.59267
1.92464
3.10838
0.924093
1.18389
2.58184
1.97406
1.85787
0.714052
1.85959
4.27769
0.16616
0.108384
3.61035
0.519513
0
0.00146064
0.485525
3.23838
0.610352
5.10084
1.57289
2.86203
1.6429
29.5724
0.382976
0.0170212
0.534861
2.6825
5.78842
0.295705
0.0749509
14.3329
0.698649
0.0451583
0.615032
0.279544
0.702304
1.18216
1.72555
2.69854
11.0764
4.61025
0.128548
2.89508
6.04094
1.08954
4.18674
1.82213
12.352
0.607548
0.0530393
3.69175
7.88151
6.63564
2.4041
4.95939
0.616858
0.06473
0.00741945
0.0119992
0.0291906
0.945664
0.335173
0.652268
0.025996
1.16609
3.61972
4.84685
0.0426307
2.19855
0
0
8.9805e-08
0.00267686
0.489616
1.07756
1.1185
0.388695
0.60589
0.447018
5.76875e-06
4.41664
0.385913
2.36245
1.76093
0.924649
0
0.000349387
0.973075
1.39257
0
5.66095
0.450011
11.523
1.65518e-05
0.129131
0.573155
0.0053034
0.166827
7.59633
0.753459
0
0.0558092
0
0
0.544558
1.90295
0.417356
4.37084
1.1213
4.15952
1.5831e-07
0.84268
0.0599218
0.000265389
0
3.83827
3.52416
6.07432
0
1.12815
2.56663
3.44627
2.47998
0.797154
0
3.59617
0
1.05286
1.12858
1.01612
0.0578043
9.9922e-06
0
0
8.07275e-05
0.0424895
0.00706439
0.00521068
0.671876
0.000174145
0
0
0
0
0
0
1.4271
0.0153915
2.3686e-05
0.76962
2.74588
0.00187626
3.06043
1.66013
0.374737
0.337635
2.1398e-07
0.000862876
0.847364
0.24141
0.00305416
2.00729
0.176201
1.47871
0.526646
1.09097
0.33496
1.26203
0.560223
0.338078
2.2599
1.65517
0.473865
3.22015
1.55662
2.48282
1.17807
3.39513
3.56418
2.88235
5.19083
2.31448
4.03228
1.7963
2.22638
6.78024
7.75482
1.4102
3.25889
1.84423
1.70569
3.37261
0.501224
3.1214e-07
2.12064
0.398504
3.16251
0.00711089
1.35573
0
1.09314
1.58933e-06
1.79377e-05
0.889029
4.09123e-07
0.0120004
2.86317
4.12565
0.932045
1.67384
0.780343
0.105393
0.00347103
0
0.433945
6.24833e-07
1.55397
1.20327
0.000210326
0
8.26091
3.44654
2.79885
3.21433
0.938253
1.17295
0.596621
0.873071
2.88399
0
1.8179
2.46985
0.570447
1.52981
1.47792
0.436761
1.04217
1.08292
2.0459
4.50365
38.2151
6.40433
3.17338
0.672958
0.0649455
2.8561
3.18237
2.55739
11.0618
2.66668
4.69084
2.91575
6.32589
5.04504
3.29545
3.20756
8.58041
13.1576
17.5626
9.634
8.14461
3.67363
3.28719
0
0
0.194337
0.840444
3.76454
6.0059
5.23257
2.96091
1.27322
3.39594
1.52797
1.44576
2.9018
1.21134
3.1675
3.55154
2.03869
3.18061
2.22266
3.42571
1.96523
0.0646756
12.0378
7.72205e-06
0.864441
4.59399
2.06034
0.622272
0.0116577
0.976806
0.624939
3.56222
2.9604
6.456
9.0259
2.55553
3.1709
0.852358
7.58035
10.7085
11.1389
8.31724
4.96025
0
0.0360659
0
0.79837
1.62781
3.96413
3.69654
0.00200731
6.07906
6.02978
3.10944
0.150458
1.6481
3.07118
5.13111
19.6573
0
0
0.00767802
32.6929
21.511
6.38689
1.23542
24.7666
0.0741362
4.10167
1.23263
0.207553
0
0.00469601
2.33807
0.00525696
7.50944
4.54775
3.64056
0.921157
5.69629
0.0168294
4.14501
2.62496
0.115373
1.88022
0.0374867
0.597928
2.11499
3.16967
1.23412
12.2959
3.11085
4.70314
2.25921
0.971712
7.11025
8.37558
8.03993
2.83112
8.37119
3.53462
2.60974
1.8424
17.5429
4.86727
8.15126
3.19741
1.77854
13.1279
2.16662
1.61865
0
0.956779
0
0.487825
7.1241
6.00383
2.23014
0.525948
1.63516
5.27009
1.93663
0.607323
0.266986
3.95901
3.77294
2.64637
8.11994
1.67675
1.95622
0.558975
0.979779
3.2558
0.28476
3.19847
4.23617
0.0584677
2.11491
0.53503
9.06996
0.0926982
3.69119
2.3988e-07
0.396533
0.82017
2.9151
5.19931
2.72944
0.320985
1.88723
5.13558
0.20243
0.788164
0.425627
2.25493
3.83207e-06
1.09857
2.33027
2.19489
0.0809682
6.7105
1.20553
0
0.225437
3.77157
0.477975
2.65644
0.712254
1.98962
1.14938
0.0379853
0
2.51837
0.907382
0.749107
4.17638
1.64308
0.564011
0.866376
0.00137554
2.25021
0.074799
0.00335182
0.0137324
1.94308
2.70234
1.34736
3.13456
0.11805
0.0245996
0.74893
4.83949
1.16846
0.0557512
0.296505
0.920936
1.32296
0.0396712
0.643964
0
0.242716
1.89157
2.64886e-06
1.05566
0.633774
1.76511
1.19155
0.0506892
0.575051
3.26897
0.767545
1.18426
3.94387
0.417101
6.92328
3.91356
12.9319
0
5.77092
2.66318e-05
0.0170168
0
0.0104035
3.03407
4.40364
1.6645
0.000108903
4.81582
0.0190664
0
1.25655
0
1.42232
0
0.364485
0
1.95418
2.73762
3.35311
0.427679
1.89412
2.94826
0.00469122
0.225924
10.4833
1.02539
0.202123
0.0410953
3.78298
6.37099
4.36189
0
0.0757792
0.00108755
0
2.20124
5.27361
0
0.0364911
0.580233
0.90626
1.26353
0.0127752
0.730447
6.33071e-05
4.45717e-05
0
1.12491
0.253236
0.0644681
0
0.00114692
0
1.72543
0
0.383071
0
0
0.890852
0
0
0
0
0.00564915
0
0.867812
3.30453
1.71998
2.64635
4.95299
3.88341
3.13083
0.0241129
0
3.93342e-06
0
0.794379
1.54732
0.215097
1.87482
0
0
1.20049
8.21267
4.07808
4.77478
0
0.766155
0.263615
0.515342
2.70837
9.10405
3.24345
3.22045
4.69317
0.0957011
0.002254
9.14411
5.02184
2.2566
1.356
0.012355
4.42595
0.32834
15.0574
0.0266116
12.6249
17.8135
0.00174599
2.08631e-07
2.10803
1.39472
0
0.929504
0
1.66602
0.0226379
1.77721e-05
0.0153812
0.00181153
0
0.00245351
0.000757334
3.35613
0.736451
1.77677
5.59254
4.71867
3.10555
1.25016
0
3.45366
1.57927
0.0282525
0.75717
3.25019
1.25627
2.1467
0.0826018
0.0301623
0
3.75023
3.75246
1.20021
0.0930446
0.000169331
1.57906
4.39971
1.87491
0.0279822
0.179467
0.389725
0.2545
0.0633124
2.55911
0.878244
2.09815
0.00104715
0.00290987
0.522432
0.175539
1.69644
0.485781
0.0257705
0.454622
1.83963
1.60005
2.13331
1.8326
0.388845
6.52503
0
1.86359
3.60605
5.16794
8.30241
5.77539
4.29311
0.0497846
0.0630293
2.27006e-06
0.127795
0.437826
0
0.0916711
0.000181332
0.932196
0.076721
2.89408
1.51689
3.16466
17.2484
2.61299
0.814076
0
0
0.102156
2.70849
4.35781e-07
2.68375
0.632969
4.33215e-05
0
0.183305
0.00654467
0
0.144378
0.0824392
0.979145
0.0201748
0.107702
0.509823
1.04381
9.92116
3.543
2.18716
4.63554
0.996826
0.660229
0.889493
12.5824
0.0202722
12.9704
0.105882
1.61233
6.17586
0
0.00838902
0.131835
0.486369
0.104526
0.00736607
4.90066e-05
0
0.035099
0.019017
0.57129
1.18069
0
0.0456829
1.21123e-05
0
0.469954
4.39092
1.70275
0.13651
7.92433e-07
2.01474
1.86135
0
0
0
0.00890311
1.87508
0.996359
1.10508
3.59599
3.01773
2.51423
10.9608
4.17845
7.51779
0.751812
3.67812
3.68979
0.667215
5.65524
1.03877
0.0567493
0.0336173
6.78434
0
3.58383
3.41164
4.79805
0.796876
1.78957
0.658027
0.190261
2.0998
5.38401
1.54387
3.4242
0.01868
4.8587
0.798933
0.831431
1.55646
1.04908
7.17322
0.626978
0.669362
0.771929
0.00210041
7.49592
3.15781e-07
3.99504
4.88306
0.412462
0.00107369
19.3899
8.43069
0.0601764
1.46435
1.03585
0.552197
3.66003
0
3.55068
0.239571
6.22931
2.59085
8.18759
2.01738
0.778178
2.22974e-07
1.7095
3.29245
7.22331
4.66397
3.30981
4.70252
3.42397
3.93161
0.117409
4.65924
2.53693
9.37025
5.08641
2.12888
17.4449
7.76613
4.84678
7.18061
3.69197
0
1.36032
3.22668
1.88564
0.947149
9.69105
0.00111488
9.89432
14.3706
0.964966
0
0
18.798
3.15446
5.96713
15.0027
0.920114
11.4224
8.9888
2.43307
3.01848
17.7254
8.51691
2.02781
9.56384
7.63443
5.00027
4.02146
9.29513
3.60415
3.44487
0.840649
14.3214
14.3812
1.08715
9.61017
9.49944
4.54976
2.28295
4.01331
14.5703
47.8771
6.15499
0
10.0615
4.2361
13.3644
0
2.91563
3.9517
1.6989
5.22505
1.07061
3.33505
0.346124
0.341299
0
4.43846
1.23187
0.683919
0.329986
0.733971
2.50958
1.59771
2.26899
3.8485
0.713482
3.60405
0
1.89509
3.69049
2.41644
4.96337
0.617234
5.02903
2.60266
15.9699
4.36691
1.7493
4.25538
2.49927
0.00323695
1.38176
2.00693
2.00675
0.144943
3.72142
1.49013
1.58975
6.29078
1.05195
4.52895
3.41261
1.06212
0.0813343
0.0223556
3.10607
1.48941
2.17142
0.0190992
0.147731
2.5272
1.07847
0.00565289
1.61944
0.786589
0.842414
2.22765
11.0862
0.848727
5.39072
2.54938
4.0654
6.47351
2.74393
0
2.92059
0
0.146586
0.831727
1.95835
0
1.19042
1.56398
2.03607
3.72611
0.531512
2.12629
1.58571
4.55173
3.2623
0.986666
4.67638
0.907019
1.34817
3.42516
1.58621
3.27955
5.7557
0
0.919664
6.40554
1.67692
0.937101
0.00350411
1.40493
0
0
0.0353997
1.21285
2.04527
0.321383
5.63137
1.90921
2.49389
2.868
0.189524
2.68483
2.09665
3.40957
0.305181
0
2.17353
5.60487
1.72927
7.66482
0
0
0.673554
0.00416511
12.0196
6.9427
0.00932205
3.59902
1.11703
10.4482
0.661772
8.06951
0
0.720617
1.00905
1.2964
2.06254
0.329234
0.812153
1.94317
0.136396
0.897393
0.254843
0.774339
1.94689
2.47518
0.915271
2.04436
0.436977
4.42603
0.603785
0.561858
0.72723
4.6563
0.703408
3.13613
4.83886
3.70491
0
0.958523
0
1.02986
1.81614
2.2267
3.24934
1.28051
1.22176
16.0252
1.80106
6.51477
1.03016
4.68259
6.8294
0.91686
1.81678
0.941058
0.969355
0.0262666
0.218667
0
5.74316
0.0127406
0.487396
1.15813
4.43141
2.48451
0.112331
0.0593513
1.10754
0.65853
6.40974
7.06889
0.386365
7.3873
10.6778
0.00860955
5.81956
0.00931474
8.485
1.15962
0.971728
4.0624
1.3209e-05
0.569717
0.994103
1.15379
0.0315763
8.21954e-06
2.00091e-06
1.47058
0.19864
4.65875
5.43826
0
0.0341559
0.993892
3.86472
2.05953
0.161154
1.19601e-05
0.572951
1.12978
0.00666373
1.04148
0.847595
2.5005e-07
1.17944
1.17776
0.90059
0.0785308
0.416665
0.0306998
1.9223
7.81884
6.65107
0.0587501
0.946764
24.0359
1.42708
2.08003
2.81508
30.2475
1.74313
0.927732
0.234222
1.5413
3.75436
0.16817
1.19163
0.935999
1.63502
0.598892
0.00770882
0.0604698
1.58084
11.5002
4.6311
4.58493
0.00116028
0
1.91805
5.58718
0.0117498
0
0.00458447
0
1.50315
0
0.39546
1.41981e-06
1.4647
0.847545
0.044918
0.00532786
1.37313
1.27204e-05
1.13466
1.66771
0
0
6.15243
0.00264104
5.23679
0
0.0450219
1.02166
0
0
0.0138035
0.0267985
0
0.109773
3.1841
1.09092
0.0751961
0.310318
0.183929
0.00800626
0
0
0
3.33548
5.04229
6.78881
0.529424
2.4928
1.72099
2.36642
1.81214
1.58165
1.18134
1.28942
1.67932
1.47172
0.872823
1.09173
0.91075
4.00348
1.10221
0.0863117
0.193932
15.8632
0.604222
4.59009
3.39518
1.37683
0.147561
3.17527
0.512368
0.052329
3.20199
4.97207
3.53787
0.997378
0.476008
1.31943
1.08519
0.0171282
0.0283547
0.198189
0.518736
2.01102
1.91455
2.35887
2.43164
0.0732651
0
0.0637007
0
1.22408
1.5223
0.0942847
2.81943
0.0941203
1.70767
0
1.50525
0
0
0.586732
9.67945e-08
0.0158169
0
0.32102
4.76476
3.88482
3.15506
0.19401
5.68688
1.84704
5.08591
2.33187
2.50861
0.762903
0
2.3415
5.48452
0.00505207
3.83491
3.25876
2.06029
6.30308
4.55162
0.0359749
4.65505e-09
1.25904
7.17156
4.25094
1.31101
1.19569
1.96229
7.20654
1.64547
0.559774
3.23361
1.36312
0.331334
0.324638
0.409177
1.08794
1.37009
0.104302
30.9533
0.103585
0.30367
0
0.00241147
0.00743906
0.000152961
0.121314
2.76344
0.79957
0.216594
0.0760197
0.0350262
1.01109
8.97785
0.511761
10.9895
6.30655
0.0195318
13.1383
1.11963
0.535111
2.0463
2.26
3.0625
0.0211312
0.37652
1.77193e-05
0.000998675
0.0333528
0.000378988
0.060588
0.002874
0.885628
2.07522
6.2192
4.95013
2.16943
3.8848
0.23657
5.48497
0.301164
0.026416
1.46603
1.26867
1.26195
0.869387
3.33243
0.130167
8.8036
8.90506
0.34544
2.27298
3.92456
0.774757
5.72826
3.59058
4.42628
0.39242
1.8697
0.681358
0.52587
0.863901
9.83141
0
1.25383e-05
0.94699
0.940396
0.520531
0.029138
0.403339
0.315002
2.70371
0.351572
1.01839
4.61091
0.245971
2.17411
0
1.45366
0.0427382
17.286
3.83415
1.18383
8.38595
3.73213
13.9516
4.32295
0.306188
0.191065
0.506656
1.74878
0.928916
3.61025
2.15143
0.47689
1.30652
6.00837
0.954617
1.00091
1.9215
2.65837
2.35094
1.33139
0.0436052
1.33189
0
0.12653
0
2.16747
1.09985e-05
0.715222
3.45646
0
0
9.63633
0.00211781
1.99729
3.54705
0
0.904054
9.81345
0.430436
4.20464
5.24844
4.79006
0.361506
1.72539
0.916176
1.39892
1.65762
0
11.0639
0.688526
1.61221
1.66604
2.88955
5.21595
0.889709
2.48276
1.05856
1.2941
2.24406
2.24643
1.8462
0.685813
0
2.03659
0.793013
1.03765
2.52793
0.0632029
0.0295962
0.0411759
1.69117
2.83686
1.94779
3.87494
0.120768
0.0487573
0.930857
1.13267
0.0635838
0.344934
13.9588
0.174922
9.46115
7.02972
4.02283
0.972748
5.80735
0
0.656688
0
1.03536
0.0180466
3.29754
1.62739
2.03534
0.0833235
0.0160752
1.93371
7.14834
6.90061
0.615741
5.55435
2.42148
0
3.71229
18.9723
2.64548
0.942305
4.53483
0
0.542347
5.4952
0
4.56253
0.968089
0.950806
1.18284
0
0
0.00124272
0.0419155
0.191901
0.000183094
1.97081e-05
0
4.58127
0.622919
0.507
1.24002
0.746192
1.83176
3.8335
0.234758
5.27106
3.21371
4.29111
0.688794
0
0
0.832249
0.121267
0
0.0755083
1.95834
0.716303
0.886127
1.2182
0
3.64675
6.66088
0.134347
2.40769
0.162595
0.00122774
7.86261
1.1762
0
0
0.514756
0.306275
0.0521917
0.0264975
5.80538
0.000610627
0.160227
0.800745
0.720361
0
1.44002
0.303603
0.00570254
0.424936
9.04525
12.6671
0.125849
0.000902104
0.0022488
3.98475e-08
2.68786
0.0234775
0.337451
0.197356
0.00103632
0.0328288
0
0
1.3181e-07
0.000314502
0.211859
2.85121
0.0395102
5.05483e-05
0.000568015
0.124661
0.340358
0.00164522
0.0518873
0.859339
0.735258
0.97901
7.94521e-05
2.51492e-07
4.03136e-06
0
0.871489
0.671569
2.02437
0.0121726
0.0591237
0.061879
3.07255
0.0847671
0.000195663
0.319206
0
0.78282
0.119497
1.27851
0.451485
0.60154
0.255263
0
1.30353
2.75327
0.115753
1.00327
0.0191076
0
1.13796e-06
3.74929
2.53357
0
0
0.00505309
8.38394e-08
1.6592
0
0.00021894
0.00074836
0.797458
0.000456957
0.0462136
0.889989
0.826417
0.000457091
0.160313
0.414701
0.168436
2.10903
0.857529
1.16604
0.402951
0.0904178
1.99456
0
2.08297
12.2603
2.41707
1.24323
0.937939
0.570261
0
0.488025
0.00130335
0.740896
3.99788
3.54746
0.941131
2.53055
0
0
0.436205
0.109524
0
1.08863
5.30543
0
0
2.10662
0.000505678
0.0266488
0.399703
0.00210118
0
0
0.0649468
1.21854
1.15791
0.0448747
2.76594
10.1836
0.786442
0.220352
5.00027
0.00011225
0.0419044
3.66594
0.38397
0.107315
0
0.48964
23.2523
8.24915
3.94681
8.98133e-06
3.3446
7.99768
2.42119
9.46119
1.82619
1.05038
13.5385
0.829542
12.2867
0.915368
1.50412
4.61109
0.898997
0.0194586
3.6175
1.92757e-05
5.56365
0.000519332
0.000535646
2.85814
2.78978
3.87286e-05
1.75944
3.81779
3.35417
1.65122
4.55774e-07
5.29352
2.3332
1.74565
0.801706
5.35715
0.385468
1.63257
0.0206258
0.425975
0.474292
3.9312
1.25866
2.52655
0.651958
6.56101
2.77649
0.586639
2.83933
0
3.21669
1.96841
2.96989
0.235647
0.426796
0.0773827
0.803756
0.195649
0.125859
2.39796
0.0178636
0.00294746
0
0.910186
1.69899
1.48573
0.824363
1.13177
0.0089776
0.0410324
0.108588
0.0265786
1.31793
0.959157
8.06395e-09
0.0520377
5.72197e-05
3.13677
0.00209453
0.870221
9.82167
2.25423
0.164179
2.21712
6.91724
0
1.12783
0.634318
1.01119e-06
8.00299
0
0.303926
3.17096
0.475408
0.945298
8.3508
1.0618
0.076696
0.430033
0.949162
5.98715
0.10945
0.0851849
3.95481
0.60312
0.219067
1.47125
4.0782
0.920619
2.87187
5.10491
1.09208
11.0068
10.2914
14.3577
8.61344
11.4413
3.44638
0.243489
0.0316466
0.0544406
0.000131294
0.278196
2.64853
0.328382
1.57305
3.22191
1.8966
0.0237505
0.371136
0.279519
2.91188e-06
0.00310218
0.00304963
0.262107
0.733864
0.0682289
2.08281
0.0347121
0.131141
0
24.3957
7.94824
0.0042303
2.64114
8.26988
4.37445
1.21115
0.973467
0.619545
0.0420611
1.62018
2.32204e-06
0.953446
1.34526
0.291742
4.52388
4.66776
5.13549
2.44234
8.05902
11.6451
3.04423
22.3408
5.7327
7.97664
6.01224
7.47263
0.654838
0.000579537
0.841674
0.0472998
0.0135024
0.259356
0.892218
2.06999
0.81391
0.178172
1.70198
7.56036
7.20744
5.90572
1.60837
1.48435
0
0
0.600987
0.000581264
0.0406364
0.405637
0.00114763
0.134922
0.85174
1.0228
1.97446
32.0388
0.368835
0.983139
0.0252965
0.110502
0
0.802469
3.00561
1.07424
2.95271
2.7929
3.90718
1.52346
0
7.59982
0
5.04528
1.36138
0.87076
0.429921
1.18401
2.23987
1.37213
0.661098
0.182711
0.113445
6.3005e-06
1.75467
3.46683
0.528548
0.12621
0.00208784
11.1332
0.391784
0.0103693
0.49475
0.131021
12.0763
0
0
11.7307
