2.26393
2.49925
1.70262
0
0.279694
3.60576
0.00314324
0.697517
0.0611175
0.342227
0.0397437
1.10868e-07
0
0
3.20105
0
0.130176
1.09969
6.6395
0.972061
6.05157
0
0
0
0.0688655
0.187978
0.147667
0.0135067
1.17375
2.39309e-06
0.0155487
0.396447
0
0.728925
1.19505
0
0.951249
3.58581
1.24991
1.70191
0.731608
4.03361
0.0917188
5.25794
0.350427
0.911861
0.663911
0
0.0434365
0
1.98648e-05
1.26485e-06
0.297243
0.0590056
3.89789
6.46465e-08
4.99172
1.61956
0.286323
4.23002e-05
8.53637
0.119229
3.38204
0.000219315
7.55764
1.04379e-06
1.12406
0.417105
1.77071
1.05652
0.692375
0
0
0
0
0.00514209
3.51861
1.5074
0
0.200345
0.0137725
0
0
0.0319365
2.14028
0.137919
0.245089
0.399935
0.649287
0.167395
1.38568
0.198825
0.022986
9.16355e-07
1.70038
0.0839507
0.930987
0.67623
0.218044
0.677374
2.68168e-05
3.6904
0.774924
3.68605
0.915949
0.818616
1.23302
0.114936
0.61519
0.249051
0.585874
0.0967747
0
0.00510323
0.810306
1.12624
0.401895
1.65341
2.52872
0.107999
1.18863
1.42757
0.895616
1.908
0
2.38919
0.399644
0
0
1.56056e-07
0.873473
7.47674e-08
0.84387
0.0158199
1.57443
0
1.05882
0.0173844
0
0.0140879
0.00732107
0.6126
0.128503
0.920245
8.76139e-06
0.02086
0
0
2.13185
8.27636
0.0218433
0.0407757
0
0.0154641
0.779018
0.0509308
1.27424
3.63685
2.09292
1.32715
1.88648
6.60862
0.0307113
0.00257037
0.695475
0.000495937
8.32446e-06
0.657498
0
0.0969428
0.00582174
0.396594
1.2063
0.0617164
0.00513035
0.000604063
0.124085
0
0
0
7.85307e-06
2.38734
0.135422
0
1.9822
0.352815
2.91313
0.387642
3.34126
16.6098
5.82902
4.34943
6.46987
1.25668
0.0742495
0
1.69756
0.108603
2.36497
4.04858
2.11741
6.3363
1.03298
9.47025
3.64502
0.0509082
1.99094
0.00930301
8.59426
0.449981
5.88408
8.76991
0.349557
8.33631
10.7327
10.756
0.62063
4.67124
1.85835
0.385539
0
1.59977
5.496
0.948859
7.45327
4.5572
2.88272
3.88212
3.15983
1.30424e-05
2.41202
0.649729
1.52943
0.000483601
1.49336
1.93004
0.47972
0.0798087
0.000162553
0.121578
0
0
0.703052
0.688902
0.272672
0.0144049
0
0
0.0522395
0
0
0.125156
0.0151015
0.961629
0.662271
0.605855
0.021061
0.00489911
0
0
0.311313
0.00437428
0.461849
0.952424
0.586034
0.716276
0.0126537
0
0.00985643
0.933321
0.507383
2.64688e-08
0.000708716
0.413489
0.000102823
0
0.0752036
3.11869e-05
1.90904
0.00900196
1.39281
1.09281
0.580114
0.370696
1.52637e-07
0.00253362
0
0.0023325
1.95408
8.14223
8.47869e-08
0.0132809
1.42714
0
0.00340178
0.226337
3.01408e-05
2.91768
1.43562
0.611502
2.79076
0.814524
2.89759
2.69272
0.195743
0.378827
0.657173
0.16814
0
0
0
0
0.0377968
0.699751
0.713209
0.304113
0.810844
1.36791
0.710933
0.161487
0
0.00745295
1.40803
2.68565
3.84026
2.79748
0.203177
1.08054e-06
0.140709
0.0573571
0.0011319
0.987214
0
0.0321437
0.377367
0.750841
1.35146
0.0589114
0.573379
0
15.6775
0.182674
2.01729
5.93616e-05
1.53997
0.185969
0.00013871
1.32097
1.03258
0.890165
0.277997
0
0.0998618
0.350743
0
0
0.988838
0
0.0618415
0.201935
2.09796
2.66191
0.278641
2.00552
0.816176
2.34543e-07
0
0
0.0562965
0.0330357
0.0683339
0
3.82006
0.19823
0
9.0099e-08
0.0647638
0.0178377
0.388926
1.2205
1.78829
0.628303
0.0631016
1.83849
2.71632
0.229343
0.189214
2.82326
0.105407
1.1573
1.14859
0.420412
3.36776
1.65952
0.0911386
1.33519
1.55214
2.7536
0.364722
5.49456
2.16232
5.9948
3.61291
2.36824
3.16339
2.34448
3.33165
1.37904
2.74824
0.396531
2.67366
0.718057
3.11963
22.093
0.0033413
0.586568
41.4218
4.91405
1.81767
0.932987
1.54377
0.0921212
0.482442
0.174268
0.759744
0.988023
4.01202
1.04612
1.52538
1.89312
0.352416
0.0185925
0.759562
1.17576
0.00348367
4.43098
1.88356
3.3654e-05
9.63976e-07
1.45057
0.986654
1.89154
1.07109
1.62019
4.50336
0.179137
0.299525
0
0.940204
0.500289
1.06552
2.34109
7.6933
0.853694
3.03483
1.96767
2.46238
1.36306
1.26394
1.56986
0.306962
0
0.101034
0.331892
0.533651
1.6317
0.862862
0.657781
0
2.98397
1.92698
0.0255243
0.479141
0.034629
2.11836
0.157755
1.50348
0.0591085
2.23495
0.195148
1.16177
0.00151675
0.026214
5.48391
3.69904
3.05403
1.43751
0.288346
1.54428e-06
0.329499
4.45392
3.31092
3.61858
6.40696e-06
0
3.14879
0.916661
0.240593
0.0101401
0.00457652
2.15574
1.95769
0.109505
2.60612
3.96279
3.42277
1.37972
1.52892
0
0.861427
0.928663
0.154954
1.05489
1.32892
3.4034
2.79219
3.99101
0.896399
5.3465
0.414883
0.485048
0.595625
4.542
0
0
2.86519
0
0.889282
0.0570962
9.29457e-08
0
0.747215
0.000291911
0.932623
0.884708
1.26805
0.0864715
1.59879
0.341091
1.84887
2.25534
0.548887
1.82988
3.26896
0.00970152
0
0.0360545
0.942883
0.00744676
0.0161155
5.86108
5.76075
0
5.07239
2.20753e-05
3.20179
3.35507
1.81887
4.73538
15.7707
3.00522
0.0230511
1.77841e-05
2.29441
0
0
1.64198
0.000201262
0.114882
0.00102516
0.741625
1.70593
0.269947
0.50348
0.440156
0.4938
0.153701
1.21817
4.0182
0.722761
0
0.981802
0
3.1557
0.508359
0.0503223
2.74237
0.0270835
2.6662
2.65272
0.507101
9.4672e-05
3.10526
0
3.58466
2.20008
10.0146
1.34586
0.617596
8.06233
2.36942
2.09525
1.17775
0.881081
1.99071
2.57683
0
1.47505e-07
0
0.13147
0
1.08183e-08
3.83198
0.0943998
0.111245
0.972182
0.714419
0.635837
0.675366
0.893687
1.10464
0.958433
0.921921
0.325862
4.20381
0.110936
1.00579
0.0824284
0.453362
0.139561
0.0466247
0
0.00147812
0.0105861
3.25703
0.890203
11.337
0.89626
1.20317
0
5.3508
7.89175e-08
0.0832053
3.74077
0
0.000142165
0
0.0282512
2.25419
4.77367
0.0759328
1.2095
0
2.50883
1.75863
0.947984
0.895339
0
0.402238
0
0.0289747
0.00105884
0
0.064967
0
4.21345
5.99017
5.92334
3.6216
1.53076
0.800025
1.85315
2.88869
2.59845
8.9165
0.288293
0.0403517
4.85852e-05
3.6605
3.18502
0.260236
0
0.152874
1.40791
3.68315e-05
1.45662
0.561219
1.7609e-05
0
0.968065
0.1258
1.8173
0.0242252
1.21732
4.86561
9.08404e-05
0.00417469
0
0
0
0
0
0
0.000533814
1.43335
8.08759
0.0146512
0.572625
0.373819
0
1.23322
0.0124221
0.0532678
0.956855
2.52293
1.03961
0.70412
1.93523
1.51619
1.48557
0.452656
2.98072
3.59642
3.63952
5.1638
0
0.289457
7.15871
1.161
0
0.396307
0
2.53344
6.13609
2.02889
4.17919
4.74485
0.658228
1.92659
0
0.00243269
0.503589
3.11163
0.00730183
1.8039
0.0064571
0.0118707
6.51182
0.000777302
0
0
0
0.380905
0
0
1.9052
2.92536
0.990778
0
0
0.000389194
0.57463
0.797554
0.00146111
0.226162
0.598715
0.00738562
3.17349
0
0.798268
1.76571
0.291911
2.16781
0.394666
3.44541
0.641205
0
0
1.16824e-05
0.19671
0.000823745
0.00292487
0.0446439
0.000718011
6.61024e-05
2.04802
0.790728
1.19832
11.5773
2.32474
1.52108
1.07321
0
0.0219222
0
3.88859e-07
0.705609
0
0.587959
1.92137
2.56022
2.50537
2.36233
0.0851064
0
5.00921
8.47223e-05
3.08549
0
0.032869
0.000174319
2.31418
0.910469
0.935521
0.666835
0.851706
3.77799
0.263064
0
0.105832
0
0.00458321
0
0
0.930711
0.0825228
0.360644
0.0587167
0.749567
1.10118
0.386059
0.179646
3.29439
1.69564
3.64011
0.577889
1.95053
0.316777
0.0252809
0.652902
5.47271
1.73929
1.24713
0.00441127
0
0
0.172331
1.67471
0.490592
0.761926
0.0280573
1.18353
0.48863
0.0640605
0.00061582
2.1911
0
1.07832
1.92705
0.0477367
0.000281365
1.91632
0.0579369
0
1.63889
2.05249
0.141847
0.0286062
1.76022
0.217151
0.878995
0.69677
0
1.91689
0
4.28243
0
0
0
0.00621664
0.873605
0.000785144
8.86014e-05
6.15204e-07
0
0.947113
0.833433
1.63922
1.09021
0
3.12213
3.42187
1.39036
2.54749
0.455143
2.81671
0.610649
2.03336
1.89842
0.112414
1.65627
0.310836
2.24957
2.94231
0.950665
1.1791
1.57308
0.867654
0.330908
0.0997495
1.50771
0.16508
1.23443
0.742124
0.736751
1.19487
0
3.53328
0
0.413443
0.032586
0
0
4.02068
4.37602e-07
0.66426
0.456619
0.450692
0.0453585
0.576647
0.15713
0.628307
0.295618
2.00371
1.78435
0.086984
1.12976
0.0795055
0
3.62729
0.210018
1.09337
4.25127
0
0
7.03092
0
5.3774e-06
3.08829
0.741062
2.06005
0
1.66533
11.852
0.00338239
0.475791
0.717438
5.34379
0.104154
0
3.92176
0
0.0113624
0
3.76852
1.56479
2.50193
7.23855
0
0.103837
0.877659
0
11.9954
2.23254
0.706346
0
2.69816
0.28299
1.70997
0
0.00206876
0.844321
0.000647956
0.0119671
0.369906
1.91151
0
0
1.971
0.0169683
0.112484
0.49623
0.0153083
2.8159e-07
0
0.239008
2.72766e-05
8.11353e-07
3.40085
0.383101
1.16435
2.27181
0.000362835
0.00405054
0.00142423
0
1.0086
1.31579
0.061722
0
0
0.623153
1.57764
0
0.0215058
0.126104
0.880882
0.706952
1.36935
2.32155e-07
0
0.0470115
6.00081
9.26369
0.364579
0.341015
0
0.278037
0.00176235
2.14776
0
0
0.768693
0
0.23442
0
1.21168
0.384282
0.0250715
1.01589
0.0225404
0.62015
0.000827165
0
0.150878
3.35403
0
1.27889
0.993112
1.12957
0
1.50876
1.43235
1.34909
5.06669
0.300893
1.02081
15.6821
0.0107081
0.000742502
0
0.0184803
0.0022344
1.81167
1.3643
1.47531
0.108842
0
0.086808
3.44847
0.781639
3.61836
11.1101
6.12513e-05
9.00441
0.00337754
0.96106
48.1933
3.39688
0.603077
0.221217
0.658887
0.993364
0.0887638
0
5.19141
1.90899
0
0.629262
0
0
7.32197
2.57383
3.23998
0
0
0.107198
0.345326
3.06941
1.905
2.85907
4.12931
3.13118
0.065299
0
0
0
0.733324
2.07775
2.06686
0.665328
0.904066
1.73094
0.956562
0.469162
0.924531
3.38444
3.06279
0.834721
0.0759564
2.60468
0
0
1.24412e-06
0.00802415
0.217308
0.759057
0.0068781
0.386841
0.967618
0.0304406
0.725065
1.0861
2.16777
5.55081
1.82994
1.16776
3.36816
2.72444
0.962528
0.748015
2.55904
1.92142
5.43265
0.61881
0.0227384
0.00213281
1.64353e-07
2.54434
3.05586
3.17464
0.0102625
0.0485514
0.13848
2.40921
2.27235
0.163069
0.0277623
0.233771
8.83905e-06
4.74204e-08
7.4833e-08
0.0369033
0.844209
1.1469
0.0195917
1.34669
0.910084
1.56851
2.19836
0
0
0.0304518
0.355493
1.02708
4.28405
0.858124
0.0245762
0.924734
1.54423
1.21198
0.000489317
0
1.46163
5.13559
3.07093
0
1.40611
0.000308518
0.472071
0
0.00138811
0
0.948816
0.0818453
0
2.02354
0
0
0.611027
0.00112053
0
0.0523585
0.881057
0.0166211
6.46695e-06
2.23581
0.00127733
0
1.13651
0
1.26857
0.0569864
0.0184819
1.06898
0.992594
1.58419
0
0.0281518
0.0108832
7.8938
1.15564
0.0805803
1.61529
0
0.0398627
3.58551
2.75465
0.0460778
0.774216
0.00254744
2.28728
1.02439
0
0
0.731826
1.47857
0.659598
0.284497
0.168346
0.62832
0.0385326
0.048933
0.618347
2.10878
0.063014
6.56567e-06
0.326836
0
0
0.0155512
0.422003
0.743991
0.192506
0.00295073
1.83425
0.0629642
0
0
0
0.00225428
0
0
0
0.00245827
11.858
0.00657761
0.35135
0.150567
0.129199
0.493822
2.11725
1.46128
0
1.51109
0.871031
3.02167
2.43441
3.53621
8.66441
2.2266
0.408846
1.97094
12.2647
9.31555
4.10462
6.04848
0
4.07761
1.83358
0
0.403452
1.15024e-05
0.0162677
3.06222
1.00931
0.094119
0.00111908
2.01682e-05
0
9.47199e-07
0
0.76475
4.01548
0.35215
0.00443949
0.471241
0.683222
1.69447e-06
1.70222e-06
0
0.00236487
0.798791
0.0375426
1.63972
0.634555
3.86777
3.63935
0.00766483
0
1.79463
1.06007
0.00689088
0.0129116
2.66622
0
0.0410015
4.14401
0.00299476
0.0825025
0
1.19284
0.230104
0.944941
0.00266648
0.0149129
0.278256
0
0.0512265
0.0561578
1.01741
4.9034
0
0.802227
2.7838
0.624743
0
0
2.91546
0
0
0.00202817
1.43506
2.96092
0.0847619
0
1.97223
8.03353e-08
1.50005
4.5683
1.20607
0.721216
0
0.882098
0
1.845
7.49027
0.569222
2.65758
0
0.0560755
0
0
0.0966853
1.81085e-05
0.692346
0
0.731891
0
0
0.161759
0
6.54932
0
2.35231
8.14144e-05
0
0.000544327
0
0.0323892
0.000476044
2.94061
0.835372
0.450723
3.44254
0.664207
1.19069
0.000700349
4.747
3.5292
0
0.313304
0
0.431093
0
0.212689
1.8469
0
0.038595
0
0.0461516
0.961208
2.58693
0
0.18721
0.650249
0
0.0454383
0.119128
0.107037
1.008
0.0028721
1.22024e-05
0
0.815213
0.813384
0.0100955
0.108254
0.116348
0.103493
0.0497594
1.37814
0
8.42177
0.00188777
2.10563
1.77067
0.047067
3.96922
6.60238
0.025433
0.156747
2.7347
13.5697
1.88641
2.43635
1.7076
3.40785
5.22115
0.299765
0.0492286
1.25383
1.01681
0.649401
1.03219
2.3143
2.5321
0.434705
0.148237
0.757514
0.974696
1.62672
4.8198e-07
1.27183e-06
0
0.152591
0.021419
0.002496
1.29703
0
2.20815
6.12353e-07
0.0106546
0.00755053
0.237394
0.00249504
1.23486
0.00847122
0.521106
2.45701
3.19343
0.0405412
5.40151
0
0.0453742
0
1.58848
2.21637
2.92989
1.66884
0
0
0.0243272
0.541073
0.0299077
0
1.76574
0
0
0
8.91758e-08
0
0.443589
0.902889
1.62132
0.807424
1.0381
0
10.8001
1.11453e-06
0
0.228919
0.112848
0
1.06996
2.06122
0
0.443164
8.61001
0.260065
0
5.41725
0.00453105
0.0342054
0.00255278
0.12096
0
0
0
0.0297028
0.000765017
0.11495
1.16435e-05
0
0.00106676
0
1.39619
0.000518234
0.0030986
0
0
5.05723e-08
0.0696892
0
9.28568
0
5.59235
0.0147075
0.115049
1.80146
0
0.962304
1.26025
1.25159
0.0177075
0
2.5012
1.20534
0
1.12551
0.0715147
0.584629
0.773582
0.00139891
0
3.22958
0.0138064
0.236189
0
0
0.0558363
0.836878
1.64639
0
0.00238425
5.21764e-07
0
0
0.00397094
0.420887
0.148331
0
0.307705
0.00880784
0.00651645
0
0.0581124
0.000757395
0.693907
0.000285147
0
0.0773391
1.72473e-07
0.197778
0
0.0160014
0.469855
0
6.57834e-07
0
0
0
0
0.17527
0
0.373045
0.969233
0
0
5.11946
0.782307
0.0637623
0
0.00610849
0
0
0.000221784
0.0518225
0
0
0
0.00968625
0.936898
0.367152
0.898676
0
0.144786
2.94538
0
0
2.99407
0.251244
0.0931256
0.0157359
4.34114e-07
0.210703
2.9617e-07
0
0.922524
0.00120165
0
0.00208839
3.5153
0.0150855
0.829724
0.967817
0.924449
0
0
0
0
0
0
0.41012
0
4.50761
0.305158
0
0.157135
0.0606393
1.51611e-08
2.17431e-06
0
0
0.000785302
2.39101
0
1.76926
2.46455
3.82145
6.23234
0.754453
0.44689
0.582729
2.84943
0.0320156
0
1.65266
0.0088252
1.86648
0.69694
1.18188
1.17122e-07
0
3.54781e-06
2.75748
1.0797e-06
0
0
1.54077
0.403358
0.131171
0
0.0377381
1.31235
0.863705
3.04765
0.923647
0.449498
2.19945
0
1.8569
1.58663
3.74534
8.47077
1.62631
1.55095
3.0643
1.38427
7.62438
8.37481
5.80274
0.703918
0.011933
2.06629e-05
0.913702
0.190237
1.08096
0.574332
0.148636
0.00159859
0.456687
4.00029
1.80948
0
0.987455
4.27185e-06
0.0956527
0.268487
1.33537
1.79025
2.64326
0.101634
0.804339
1.55339
4.10553
0.112992
0.0236894
0
5.91889e-08
0.0875446
2.98674
2.19218
1.1146
0
0
0.0266502
0
0.000125478
0
0
0.334538
0.2583
0.800622
0.0249581
0.101644
0
1.36852
4.14369e-06
0.4768
0.000531288
0
0
0
0.00040852
0.00873756
0.0541796
0.0255267
0.933414
0
0
0
0.00474267
0.818761
1.29144
0.938509
0.0407341
0
0
0
1.42641
0
1.47856
0
3.24542e-05
0.723205
1.03127
0
0
0.392927
0
0
0.0760387
0.0635693
3.47462e-06
0.764521
0
0
1.21427
0.519881
2.85398
1.10937e-05
0.0570337
0
1.19564
3.24315
0.191436
3.64018
6.8001
13.8586
9.66223
9.19868
11.1137
5.14614
8.32372
5.10323
1.83636
1.82418
1.21981e-07
4.93684e-05
3.16294
1.4438
4.70021
7.34592
4.15801
1.63643
0.726654
0.616671
2.93818
4.39713
1.4831
2.01872
1.43085
2.81582
6.40076
2.28026
0
2.33283
0
2.34665
6.86521
5.35428
2.93637
0.000105156
2.97957
2.339
1.0407
0.000412732
0.7711
0.000335731
0.757456
1.59885
5.28873
7.9637
1.97588
0.900092
1.78378
2.72314
1.0654
4.15134
0
1.16042
4.6402
1.94505
0
3.59616
1.28888
0.68136
1.75654
0.188201
0.0486122
1.51413
0.71041
0.215691
1.44237
3.28379
0.900259
0
0.00718234
0
0
0.691564
1.01714
0.000330316
0.486384
0.260597
1.33146
0
0.570794
3.01024e-05
0
1.39375
0
9.20595e-08
0
0.0419071
0.928625
0.0236003
1.8041
0.000361651
0
0.404466
0.00526887
4.04331
1.14962e-08
8.87279
3.01225
2.77782
0.131777
0.151723
1.71416
0.392786
2.22065
1.0518
2.27445
2.44904
0
0.679436
1.74054
1.53074
0
0.769282
0
0.687433
1.69185
1.52942e-06
1.53641
0.926691
3.40259
8.34826e-05
0.146482
0
0
0.060569
1.57944e-07
0.00635902
0
1.53636
0
0.127463
0
0.0891183
0
0.804794
2.7452e-08
0.054677
0.0294944
6.79373e-05
0.023153
0
0.255864
0.936998
0.762002
12.032
0
0
0
0
1.05608
1.30002
0
0.925783
3.99905
0.342497
0
1.86177
0
0.189687
0
0
0
2.08466
8.10978e-07
3.63094
0.0467028
12.4553
0.0290872
0.00274888
0.947094
0
0.00153062
3.24574
0
0
0
0.677578
0.108191
3.56315
0.00751135
0.00332378
2.69499
2.46963
2.26844
1.84755
0.853065
0.679759
0.0427527
0.679872
0.415939
0.00510096
0.25206
0.0649455
0
0.48017
0.00499046
1.0189
0.320688
0.992329
0.698077
15.0479
0.00721815
0.0864353
0.0573409
0.156869
1.15228
1.04641
0.816043
4.87725
0.40543
4.92956e-08
0.139399
0.954427
0.412619
3.49039e-05
5.66615
1.75503
3.67816
5.41986
0.091737
5.06516
3.51229
0.315266
2.64087
0.149566
30.6432
1.06979
0.744552
0.0934252
1.30723
0.252494
0.994673
2.30004
2.64775
0
0
0
0
0.00472228
0.185817
0
0
0.536021
0.226626
0.823603
0
1.29231
0
0
1.54782e-07
0.000988625
0.0258118
0.67903
0.0106403
4.3072e-05
0.48194
0.00376811
0.0331682
1.47325
0.00155301
3.04656
1.70388
0.0250846
0
0
1.45764
0.538651
1.28848e-07
2.70355
0.494969
8.31912
8.0879e-05
0.00406824
1.28114
0
0.0849314
1.16576
0
0.000305249
0.00363941
0.00553304
2.41054e-05
0.580299
0.961807
0.0453447
4.94041
1.64268
4.18316
0
0
0.0205971
0
0
0.841478
2.09796
5.11401
0
1.82078
2.10106
4.87611
3.42594
0.794131
0.0204349
4.07762
0
0.0290714
0.788153
0.0738072
0.387106
0.00447657
0
0
0
0
0
1.12682
0
0.485118
0
0
0.7922
0
0
0
0.632878
0.931767
0.0502972
0.0709512
0.0692622
0.836492
1.06552
0.00322636
0
1.27407
0
0
0
1.24779
0
3.45134
0.65741
1.94043
0.331714
0.0287273
0.378429
0.045371
0.78452
0.819503
4.16398
1.44819
0.271281
2.75898
0.121158
0.391844
0.492798
0.374409
0.679956
1.00466
3.48957
0.476806
1.69583
1.71192
4.56804
1.82458
0.825026
1.0227
0.759931
1.95369
0.66827
0.150262
0.0923841
0.583156
0.675509
2.61244
0.0647687
0.0631002
0.980506
0
1.61749
0.726011
0
4.7371e-08
0.833075
0.487826
0.0768474
2.4094
0.00342234
0.930024
1.1642
0.000370525
4.17893e-06
0
0.874814
0.244458
7.06897
2.0227
0.341104
0
7.65185
3.89693
0.284982
1.62184
0.729356
1.90211
0.0588882
1.30004
1.27897
0
0.585772
0.243176
0.965625
0.109696
0.970383
1.35492
0.819124
1.5779
0.78312
5.88394
26.2884
1.29925
0.252751
2.41665
0.0475774
1.4245
5.56257
3.42133
4.10582
3.25777
1.78057
1.3922
2.56492
1.59572
2.03324
1.13194
2.11926
12.2009
9.689
3.8021
0.332529
2.10778
0.863958
0
0
0
0.0784765
0.920498
4.82331
0.815744
2.23881
2.43541
0.987636
0.578713
0.873718
1.55375
2.59423
1.35844
2.1216
0.271975
0.827826
0.00797311
1.67242e-08
0.0121186
0.327548
8.91025
1.08037
0.804666
1.26484
0.2495
0.691164
0.145458
0.982893
0.0242026
3.11231
0.317998
3.90805
4.61693
0.992471
1.59547
2.74968
10.1631
11.3104
5.01361
3.99592
0.237347
0
0.77194
0.662635
0.00765357
1.42789
0.0230429
0.841249
0
1.0578
2.41548
2.56968
1.27487
1.22667
1.23059
1.80783
8.39477
0
0
2.80026e-06
32.8687
18.6298
10.2562
1.22994
9.8066
0.0112742
0.957529
0
0.159382
0.174171
1.54431
0.969435
0
3.83358
2.62232
2.69706
0.664343
1.12679
0.631055
1.57464
4.63297
1.89843
1.21843
0.948593
1.92671
1.48811
1.46929
1.35804
0.587192
1.09435
3.54986
1.65358
0.015786
2.04078
7.81063
11.2255
0.629725
7.94688
1.3066
1.38842
1.03249
7.94828
2.09837
1.42673
3.26608
0.98235
4.52886
0.67823
0.157193
0
1.04704
0
0.986144
0.911048
0.533238
1.91561
0.915065
1.62907
6.6519
2.03573
1.70499
0.895442
2.38422
0.836637
2.4389
1.51574
0.507616
1.20664
1.28325
0.173228
1.59009
1.32807
2.03262
1.83586
0
0.819648
1.06004
3.79593
0.353556
1.23294
0.168375
0
0.00630393
4.23865
1.08696
0.524738
5.74186e-07
1.94175
5.50866
0.511513
0.880264
0.158768
0.399754
0.966511
0.000633747
2.0611
0.451167
0.64656
4.09694
0.0435968
0.00131172
1.43449
1.56792
1.41092
3.13565
0.812639
0.408933
0.0804487
0
0
1.30148
0.116271
0.802727
6.54974
0.882035
0.7817
0.678746
0.0584841
0
0
0.832924
0
0.0690642
0.933081
0.922069
0.807288
0.637493
0.00204732
0.641001
0.394573
0.963071
0.66716
0.196499
0.567338
1.84531
0
0.00718309
0.297297
0.00150096
0.400975
0
1.94559
0
0.663408
0
1.28764
0.612381
1.36008
0.898616
0.0678114
0.907678
6.819e-05
3.58605
5.39235
9.51661
0.00729416
2.17356
0.875525
0
0
0.152505
0.784762
2.89823
0.0054278
0
2.82663
0.00484998
0
0.909799
0
0.511885
0
0.0470427
0
0.984444
2.58536
0.357185
0
3.48579
1.86805
0
3.18581
6.4693
0
0.0603123
0.0260869
1.97904
2.91977
0.394245
0
0.879743
0
4.78061e-08
0.629357
10.2846
0
0.29876
0.503111
2.20835
0.0744325
0
2.7298e-06
0.697916
0.00138786
0.0211321
0.0194219
0.275039
0.164848
0.223795
1.74756
0
0.0626893
0
0.0112162
0
0
0
0
0.0128731
0.0501954
0
0.00074933
0
4.76761e-07
0.169257
0.498909
0.840538
2.57874
0.737585
0.656385
0.949079
0
0
0
0.00468864
0.00797654
0.249881
2.51515
6.47351e-08
0.931084
0.0448641
0.0685107
3.02812
3.16641
0
0.483016
0.116654
0.646189
0.282766
6.95846
0.102719
1.65654
4.11265
0.635104
3.65865e-05
3.1344
2.40578
0.77532
1.79455
0.0262865
1.20014
0.575579
55.0844
0
34.9015
19.2915
1.53645
0.971459
2.2499
7.3012e-07
0.0110557
0
0.827076
1.21555
1.74181e-08
0
0.032256
1.6462
0
0.878347
0
1.42887
0.811374
0.919889
0.979533
2.81053
1.92491
0.545188
0
2.60005
1.73764
1.21869
0.0501983
2.01749
1.06124
1.19631
9.64556e-06
1.25857
2.17401e-08
1.72461
1.56797
0.076445
0.000487053
0.00133089
0.0958745
9.45318
17.8465
0.832109
3.78256
0.0169033
1.4038
0.0931384
1.29602e-05
0.014886
0.446617
0.0407819
0
0.00985126
2.32121
0.494649
0.0168458
0.0434365
0.0181514
0.00256395
0.0192207
0.146012
3.55429
0.0202543
2.57064
0.711066
1.9201
2.57909
6.06247
3.65521
2.4885
6.37913
0.72095
0.00666188
1.7276e-07
1.20618e-06
1.56126
5.05799e-08
0.933277
0.764494
0
0.492991
0.0848407
0.0308529
3.62906
19.3759
0.422259
1.15127
0
0
0.08812
1.59895
0.175367
3.31375
0.00798966
0.000207277
0
0
1.03831e-05
0.103007
0.00252769
1.4166
0.830392
5.06914e-06
2.2876e-06
0.764291
0.795459
2.41893
1.46346
0.361496
4.19065
1.93011
2.05732
0.000425709
9.85292
7.67075e-07
8.16233
0.378778
0.281167
0.901574
0.665104
0
3.14913e-05
1.42378
0.992072
0
0.0281335
0
0.434415
0.724607
0.0446096
1.16829e-07
0
1.13515
0.10258
0.860724
0.381642
1.16242
0.000408335
0.148072
0.000900498
0.26353
1.25271
0
0
0
0
0.613479
1.02572
1.26723
1.14751
0.850872
2.26469
3.38413
1.10118
6.42565
1.4828
0.898602
1.41548
0.000913395
1.26047
0.552746
0.166015
0
4.08264
0
1.17202
0.143082
0.543248
6.23264e-05
0.482569
0.677422
0.122124
0.840196
3.3589
2.51324
0.544418
0.112024
2.09817
0
2.85759
0.965306
0.566327
0.578962
2.54285
0.083975
9.03422e-05
0
1.52785
0
5.25696
12.5141
1.03221
0.161847
37.0701
9.90864
0.0793536
0.111842
0.0664832
2.06346
3.19519
1.60357e-06
2.54701
0.0223674
0.00566689
0.554884
4.54901
1.91733
0.000322046
0
1.82962
1.40339e-05
0.65275
0.916855
2.22629
2.87015
1.50748
1.37088
0.553616
6.13997
3.82045
3.06454
1.75397
2.27683
8.05776
6.78273
5.07819
1.77148
2.81476
0
2.04544
5.37379
0.957237
0.221065
6.25556
0.556559
8.33131
16.0349
0
0
0
20.3009
2.77713
3.39786
4.64721
1.7966
4.73319
3.79758
1.08877
2.78847
6.37709
5.55178
0.168779
5.2011
5.53679
2.80329
2.6458
6.74553
1.5817
1.44824
0.628473
2.53406
2.20359
0.0359188
5.6726
8.34924
5.41469
2.0577
1.68766
4.87941
21.5896
10.0576
2.61748e-05
5.9254
3.94784
2.44419
0
1.60984
1.54402
1.93906
0.721484
0.582826
1.56843
1.35194
0.89989
0
2.13241
0.167755
4.01995
0.0207646
1.02162
1.74669
2.15551
3.76303
2.74067
0.0951766
6.1793
0
3.53939
3.22613
2.49874
2.89274
1.08389
3.43074
4.13964
10.4001
1.47735
0.917011
1.86144
1.44649
0.278759
0.804412
0.442507
1.03722
0
1.047
0.0762593
1.0354
0.101324
0.00416347
0.934039
0.594115
0.000227512
0.523626
0.48585
1.69073
2.57883
0.892529
0.152968
0
0.196786
0.203714
0
4.48846
0.975012
0.524383
1.79342
2.47882
0.000504888
7.58002
1.17258
1.18455
1.57028
5.22873
0
1.78791
0
0.0902815
0.743188
1.67602
0.0287555
0.978061
2.46501
1.35575
1.27864
1.45107
2.65744
2.51086
1.08269
0.808182
1.73808
0.0822437
1.81987
0.998373
2.06486
0.941799
1.98128
4.94986
0
1.09014
3.7506
0.996544
0.709517
0.065352
0.82955
0.684914
0
0.574089
1.85994
0.018561
0.911868
2.15292
0.240057
1.12418
0.222677
1.40578
0.0829655
1.91634
4.62611
1.1942
0
2.00876
1.88696
0.164113
1.93214
0
0
1.41416
3.16499
9.51157
0.595206
0.00749852
1.86627
0.032272
1.25329
1.43149
0.835311
0
0.823128
0.00293403
0.308456
1.69916
0.899825
0.998578
2.13999
0
0.977813
1.88106
0.00502814
1.98863
2.57785
3.25252e-08
0.430964
0.0259572
0.872403
1.06804
0.0083674
0.952924
1.35811
1.16549
2.12518
1.94138
4.35389
0
0.0231254
0.111777
3.63691
1.77436
1.25518
2.2899
1.78588
3.43414
19.3181
0.0308413
17.8652
0.00871632
5.33517
4.82955
1.06916
1.16869
0
0.89096
0.000461141
0
0
1.74209
0
0.870471
2.043
3.21207
1.08344
2.29085
0.123997
1.66503
0.732493
2.31142
6.93047
0.899614
5.06139
5.77787
1.57331
3.33746
0.0446097
6.84811
2.33574
1.00593
1.11937
0.413886
0.00220251
0.828507
0.00078225
0.00390304
0.000703943
7.20738e-06
1.59856
2.40237
1.59395
1.36887
0
0.166159
0.0819284
2.22744
3.07474
0.0650268
0
0
7.86181e-06
0.000993812
1.42255
1.27122
0.945957
0.881682
0.0749411
1.14298
0.0401364
0
1.21015
1.27291
1.92143
1.97061
0.0836238
0.837753
16.2446
0.64225
2.79483
1.0822
17.7615
0.636466
0.0324348
0.409853
0.00530752
0.654976
0.0640252
0.869417
0.871437
0.868943
0.73241
0.0858795
0.00560331
1.82166
18.9537
1.64918
6.22796
0.110862
7.02095e-06
2.85122
4.65317
1.05747
0
0.111263
0
1.6813
3.12414e-09
0
0
0
0.958292
1.01149
0
2.13319
0
0.433377
0.619152
0
0
1.89518
1.13527e-05
1.17499
0
1.03973
0.034873
3.66431e-07
0.105333
0.230384
0.0281789
0
0.0556634
1.03102
2.43405
0
0
1.25937
0
0
0
0.134955
1.6154
0.375666
1.23731
0.217878
1.70941
0.651281
2.96066
2.81346
1.93737
2.20576
3.39139
1.26444
3.84727
0.0120423
0.172639
1.87187
4.09929
3.40191
0.408449
0.0478733
6.66484
3.05107
4.49454
2.02223
1.75364
0.446274
2.56395
0
0.0251485
3.87898
2.70202
0.918969
3.20068e-07
0.14993
0.269692
6.62901
0.00672905
0.0161433
0.00470443
0
0.348142
0.889109
2.11026
2.69626
0.0820284
0.00315391
0.0334415
0.0108338
0.697284
1.5826
1.86285
1.79851
0
1.67062
0.906536
1.41539
0
0
1.64484
0
0.00935521
0
0.360686
8.26312
5.13707
0.223177
0.00165193
0.0673572
0.820662
3.90734
2.04061
1.67283
0
0.0407874
0.955865
1.31451
0
2.83776
0.653625
1.89102
4.10598
2.09135
0.00787651
7.82508e-09
0.0438044
1.56921
0.92205
0.225765
0.567
0
2.07109
0.627006
1.16214
1.66991
1.17631
1.00754
1.49292
2.69571
0.128692
0
0.291152
2.22641
0.00178083
1.37386e-05
0.0331948
0.0401228
0.000131751
0.00015209
2.6848e-06
0.130058
0
0.596375
0
0.596164
0.013646
4.76869
0.000612365
6.4155
9.72752
0
8.43565
1.02849
1.11641
0.0543545
2.67862
7.17888
0.0621938
0
0
0
0
0.00271895
0.0121302
0.0146613
0.0592876
0.43268
0.663788
0.938379
0.721177
8.88972
0.0919918
0.447976
0.000952022
0.000676011
1.12252
0.0206054
0.199032
1.3066
0.631773
0.532618
4.9679
0.150364
3.80379
0.30665
0.136636
0
3.16513
3.16434
1.31313
2.83167
0.79598
0.0603391
0.0491977
0.24151
5.48385
4.51585e-05
0
0.10729
0
0
0
0.0466889
0
2.57468
0.941989
1.43995
1.42331
0
0.361321
0.0418027
1.04979
0.000921957
2.23215
1.64007
2.9119
9.08297
5.85571
7.62583
6.15078
0
0.239758
0.13048
0.931488
1.23035
0.932681
1.58044
1.63809
1.4847
5.62091
0.276973
2.19079
0.896046
0.47336
0.34359
2.6002
0.705862
2.15221
0
0.649023
0
2.02673
0.017659
0
2.56758
0.264974
0
8.32548
0.0219578
0.0685259
2.84988
0
2.24676
4.62809
1.2273
3.40886
4.26353
3.58441
0.122934
0.675008
2.11455
1.79017
0.249674
0.000384859
4.68624
1.96576
0.952646
0.531755
3.24981
1.65573
1.0592
0.828003
0.167492
1.88687
1.50143
1.15408
1.14159
0.145786
0.137295
0.834376
0.99976
0.94239
0.00844853
0
0.676845
0.00127595
0.0294479
0.333022
0.977771
1.03829
0.809848
0.00958374
0.906105
0.543652
0.459532
0.141308
7.95001
0.102583
5.00318
4.10359
2.87178
2.35964
3.01199
0
0.568041
0
0.781552
0
2.18682
0.851
0.686596
0.238805
1.11436
3.5389
4.47396
8.09361
0
2.5449
0.589117
0
2.8917
6.63653
1.86869
1.07004
4.48965
0.000547893
1.38972
3.86037
0
0.0896268
3.15675e-05
0.502336
0.000601969
0
0
0
0.835834
0
0
0
0
0.85308
0.863703
2.87898
1.5935
0
1.87009
0.963722
1.1821
0.60951
5.82854
3.07846
0
0
0
0.503156
0.0022578
0
0
9.0723e-05
0.477338
0.927026
1.51751
0.0719906
0.567771
2.51518
0.00162065
0
0.000174179
0
0.116784
2.95624
0
9.57881e-09
1.89396e-07
0
0
0.338777
5.04716
0.781343
0.00177101
1.25286
0.111416
0.0108898
0.907247
0.513486
0.0740607
0.96801
4.34922
6.40408
0.918941
0.564734
0.553386
0.0198356
0.613057
0
0.145598
0.170882
7.37159e-07
0.0409493
0.00542107
4.63919e-09
1.26906
0.000456672
0.11551
0.0128574
0.0126601
0
0
0.00222538
0
0
0.789992
0.0717324
1.56266
0.082478
0.253524
0.976847
0.00129062
0.01998
3.42945e-05
0
0
0.000250248
0.0383326
0
2.26223
0
0.725068
0.056805
0
0
0.769649
0.167687
0
0.0515146
0
0.574963
0.0103165
0.253824
0.0581879
1.3396e-05
0.20047
0
6.71558e-08
2.59148
1.30582
4.27512e-05
0.00691638
0.131815
0
0.0771929
1.91247e-06
2.12209e-05
0.0787194
1.87894
0.786264
0.000603279
0.000271072
0.00151644
0.000721926
0.422314
0.551043
0.577064
1.71132
0.013823
0.779897
1.16819
0.62279
0.0220521
8.71371e-06
3.40507
13.0527
0.0121594
0.0142775
0.935841
1.83375
0
0.217006
0.58747
0.0652335
3.41809
1.62599
1.06768e-06
0.515924
0
0.0394279
0.456174
0.689511
0
0.00331136
1.20499
0.000737312
0
0.396705
0.00499159
0.0100485
0
0
0.0580515
4.83313e-05
0.56878
1.64297
2.20338
0.00439243
2.57383
3.55607
0.0118808
0
1.87355
0
0.777182
1.65934
0.151017
0
0
9.91753e-06
18.4775
1.86191
2.70307
0.103316
1.39329
4.96281
2.95014
6.44455
1.89161
0.0527799
5.27631
0
6.44086
0
2.94172
1.98159
0.481453
0.003045
2.37503
0.791999
2.00277
3.962e-08
0
1.88178
1.76532
2.1549e-05
2.71587
0.836262
0.685496
0.786681
0.180821
2.65805
4.21594
1.01689
0.839585
2.54825
1.1653
1.78131
0.200638
1.47626e-07
0.132527
0.476449
0.344482
0.948431
0.540815
5.15184
1.57177
0.320972
0.78791
6.19554e-06
3.09777
3.56047
0.317926
2.50322
0.730339
0
0
1.08561
0.892965
1.07375
0
0.00483415
0
0.0515113
2.16363
0.472799
2.76585
0
0.000870992
0.00143101
0.438693
1.2152
4.78773
0.571017
0.507586
0.889629
0
5.47744
0.0597897
2.95283
9.67046
0.801863
1.00405
0.410676
1.27766
0.0409591
1.14737
0
0
6.07042
0
1.90892
1.10954
0
0
6.49949
1.07368
0.0325588
0
0.876779
5.66293
0.856699
0.588137
7.24321
0.168783
0.0538181
2.8957
1.53122
0.713158
1.86332
0.0448546
1.21628
6.82822
11.6761
11.5134
4.87048
9.3589
3.02738
3.93678
0
1.55837
0.00811493
1.79288
1.65177
0.894291
3.15583
1.62177
3.50372
1.33752
0.00128586
0.865174
0.0424502
0
1.4855
0.0114665
0
0.010372
0.0362234
0.0681609
0.0868558
0
9.7351
15.513
0.600612
0.671332
6.05759
1.98843
0.238544
0.310444
1.1145
0.804342
0.893032
3.42281e-06
0.572163
1.27542
0.422745
5.16531
1.67557
1.24146
2.13459
4.82422
8.00671
1.11082
18.0133
2.66253
2.63901
2.11618
1.51253
0.0279899
0
1.92129
0.000205451
0.0127856
0
0.00838665
2.03075
2.65797e-07
3.62969e-07
1.02129
0.969081
7.90203
3.47854
2.5863
1.03289
0
0.28984
0.720912
0
0.0125862
0.178185
0.160133
0.070009
5.016e-07
1.04242
1.1732
3.9323
0.162047
0.430665
0.526836
0.348846
0
7.94565
1.59314
5.26773e-06
1.83293
1.45777
2.19075
0.747331
0
3.90836
4.77663e-09
0.779557
1.73782
0.817223
0.287395
0.41421
0.364949
0.0808786
0.13987
1.72025
0.0203231
0.0200446
0.138137
1.96876
0
1.64826
0.433059
2.02485
0.0556462
0.00730519
0.000114609
0.305113
5.3569
0
0
4.05651
