8.05841
4.1912
3.42272
0.260294
2.61972
11.5193
0
13.4783
2.63601
41.9596
20.9529
0.473939
9.93494e-06
2.12558
25.0498
0.672838
1.57831
31.3223
16.2464
15.5283
28.1634
1.94034
0.00013401
0.000581751
5.53053
7.05207
2.56962
4.87583
25.8587
1.70538
1.97928
4.22834
0.000285259
0.995976
4.34451
0
2.35854
13.6261
11.3924
14.5223
15.3707
13.8043
2.98625
14.6537
0.736242
16.7987
5.09137
3.41819e-06
0.247604
0.371386
0.236557
0.0684672
14.1837
3.47233
6.16927
2.88488
28.0003
2.28439
0.422021
1.80626
6.96062
0.679402
16.3329
5.18576
7.64094
0.066695
5.35308
4.1592
4.58491
1.5452
15.839
0.0241709
0
0.00158682
1.55078
3.13567
14.8761
3.24092
0.415143
0.0150016
0.984531
0.48746
5.19265e-05
0.344917
47.8688
7.61285
13.3783
16.718
14.058
10.6208
15.4038
14.2182
1.62656
15.0425
3.85451
11.7428
13.6896
22.8184
3.75015
0.253969
11.9878
31.6607
10.2262
16.273
11.3274
11.6217
22.9682
6.16983
6.4913
15.2751
12.1752
8.75063
16.3362
32.0883
22.1822
8.88966
8.79335
4.61698
5.03341
5.41162
7.34514
5.11288
3.05165
2.38558
0
6.63811
9.08202
0.901058
1.16493e-07
1.02519
15.4796
2.07949
0.732725
15.53
0.50718
12.2648
11.5419
1.89586
1.05934
6.67421
0.326283
0.529302
0.0120126
2.85297
0.297189
0.0543778
0.928991
0.00148838
25.3887
101.047
2.19514
1.881
0
0.47227
4.65455
6.63172
23.4458
9.44326
24.2939
3.22863
23.2349
22.5924
7.41189
15.0078
0.0186949
2.42643
8.86831
14.3608
0.982811
1.69616
24.081
2.97873
4.06459
3.32251
2.52994
0.351716
0.818218
0.246664
0
0.0361448
1.03601
16.7678
0.0503131
0
29.7591
4.69032
23.6801
3.02193
21.9282
49.7782
39.6349
30.7082
37.6686
40.5305
9.78895
0
12.1846
2.176
22.1543
16.3265
37.4929
78.797
21.5444
31.1944
16.6878
2.90963
17.0755
5.7346
56.0425
15.2384
33.0484
44.0745
4.301
41.7807
43.3789
41.543
7.28734
45.2998
36.4938
13.8929
2.30394
4.89783
44.8015
3.74059
34.6326
26.5656
33.0196
37.5829
42.6968
0.910879
3.534
5.65364
18.2235
1.75775
5.14374
7.96443
7.93776
2.16103
2.12341
9.5183
4.01852
1.33091
3.70869
1.01638
0.981199
1.91327
0.48139
1.6669e-05
2.28583
2.2702e-05
0.0291294
4.53398
3.11447
1.72465
0.0654868
0.166679
4.42661
0
0
0.0010641
0.225065
0.000497622
0.0268358
1.84155
0.00326522
0.00107198
5.92547e-06
0
0.0190454
1.77201
2.79057
0.0979778
28.5949
0.888666
0.13844
0.250293
1.13361
0.054011
6.39331
1.35914
14.6668
1.83352e-05
0
0.00331816
0.92391
0.909559
2.27932
0
0.701664
10.0266
1.57966
0.00273708
10.1462
0.012701
0.300442
1.82318
0.00332605
36.0506
16.3895
7.48978
7.95529
1.51011
16.6636
17.506
4.98381
26.1324
8.73961
13.8746
0.563562
0.913349
0.657671
2.97223
0.182731
12.4148
31.2223
30.319
32.8999
15.6597
13.5416
12.596
0.21653
7.32342
2.28412
0.425926
41.4585
14.0263
7.36972
0.0762237
0.0309949
0.165238
0.885714
4.71669
0.0653418
1.69562
4.89534
12.3494
18.9529
6.421
6.8098
1.00366
51.2496
5.48328
7.67955
0
3.56389e-06
0.536874
1.50982
3.27773
7.24409
6.62558
1.26843
0.637756
21.2064
12.8889
0.156757
1.58822
7.58119
17.4459
2.1789
2.03469
9.88364
4.13001
0.041676
3.8165
0
0
0.0172858
0.00256627
7.29627
1.54691
2.63682
0.873442
14.2292
7.97262
6.41879
12.2012
1.20173e-06
23.482
32.8641
33.5292
30.466
16.2673
1.41886
10.2886
25.793
3.86531
3.86102
8.29605
4.25896
10.6959
4.83564
2.85365
2.8019
7.88614
0.368905
27.0216
26.2038
36.0182
23.0711
37.9526
4.7914
47.7416
27.0935
28.5186
30.3776
16.347
13.9041
11.1136
16.2568
9.68381
12.7804
25.5104
9.77694
15.3918
5.6523
9.12935
85.2826
16.4764
21.9736
3.27419
1.12128
15.5165
19.6347
17.0019
23.2798
32.5862
9.38047
21.7613
37.4386
25.5442
24.5422
17.6148
32.0656
27.6377
21.7761
14.3931
41.9015
0.95197
8.05728
19.3144
25.8243
15.4534
29.8136
22.5277
35.6353
0.016521
3.22541
0.143467
2.51369
4.1837
17.55
3.56286
33.3815
9.59654
12.8256
13.8242
39.3217
13.224
21.1522
15.6341
7.478
9.19693
0.584286
1.10802
11.6216
3.7886
14.0107
3.68569
4.35078
2.50648
2.83294
4.81491
0.429854
0.553543
0.748389
0.153014
5.65279
5.05308
2.40365
9.02936
10.4775
6.22207
3.63894
26.0284
33.917
16.2275
20.3533
21.694
1.68656
15.1818
14.684
36.1031
18.6298
2.83533
1.21766
36.1119
1.56002
0.958534
1.12478
0.0774705
21.9642
45.9432
27.6401
22.3822
40.2255
25.6244
9.08065
5.05728
1.03116e-07
3.30009
5.61632
1.31929
0.552259
5.08181
20.9746
22.462
29.7504
6.48874
17.0464
9.99846
17.6605
13.717
11.6421
0.000130841
0
22.9678
0.00430861
6.18986
0.261551
1.04587
4.80614
6.8902
0.512674
3.16769
0.624279
9.15883
1.11999
0.163809
1.17992
16.8744
7.36785
0.672093
16.1198
6.64866
2.45177
7.39038
18.0573
15.5179
23.7684
22.4388
39.4361
23.5932
0
40.0069
0
43.5098
29.7853
22.2101
32.8247
18.3441
5.25283
1.88262
0.777235
11.9966
0
0.0218345
10.2933
0.0379912
5.89274
19.7575
14.5434
23.0111
9.86884
3.08551
2.69993
1.6013
3.48163
16.2126
58.1641
8.01014
0.0591579
2.69148
0.00407177
21.8723
17.6476
3.28816
6.7806
1.75055
16.7877
4.34009
3.10421
3.04696
3.91285
0.758623
15.7995
7.71724
34.116
5.18066
1.43838
18.1987
13.7969
19.3503
13.9562
0.427709
13.1951
24.0847
0.048134
0.64145
0.0818795
4.24877
0.639732
0.0288255
21.0595
18.369
19.9373
0.190657
0.818216
1.29424
24.6295
0.787145
3.84494
14.1054
6.18512
2.25758
1.70348
0.0602177
2.14061
8.07812
0.611436
0.082712
2.704
0.978702
0.190573
1.65164
20.9902
0.616217
22.85
7.99346
8.32272
1.26478
11.9949
3.96324
11.2429
30.4019
0
0
0.12938
0.257825
20.0999
61.0753
0.634816
34.0924
0.0308764
19.1525
36.1751
26.16
29.7835
0.0434226
0.530455
0.600077
0
0
5.52525e-06
0.771277
0
16.6624
27.854
22.5531
13.309
17.4686
2.68979
10.4046
37.9816
28.9759
34.0646
0.00117648
8.51617
0.568535
36.7101
31.7925
4.5545
2.47082e-05
12.1182
13.7183
0.0210161
7.1396
0.730058
1.68532
6.91674
11.4415
24.7864
22.5707
14.3011
23.1117
24.0083
2.20287
9.65009
3.25942e-06
0
0
0.125491
0
0.0756964
1.22859
0.453869
24.897
2.23105
5.82518
1.37477
0
6.91339
8.33928
0.45368
9.46547
4.2378
8.41076
3.64108
9.63593
5.70561
20.9277
19.4693
25.25
42.8521
42.6582
37.7848
0
0.645666
51.6193
2.39999
2.01627e-08
9.49575
1.3276
19.0897
86.6153
17.7115
27.7164
17.2253
11.8114
10.098
0.964399
0.114491
38.5627
54.5009
0.568067
0.983787
0.70913
0.0309949
59.3879
0.00220852
0.000867338
2.7733e-07
0.357791
1.24529e-05
1.13909
6.19023
28.9933
21.1111
3.26732
0
0.000811302
2.06451
18.913
13.0612
0
2.66007
28.5515
0.207592
28.0928
0.0585235
14.1761
20.7546
20.9821
52.473
3.06456
3.59038
10.8898
1.3226
0.0812351
0
0
0
1.12423
0
0
0
7.12302
26.3256
7.52453
27.8719
22.2668
6.20939
10.7903
2.15082
2.47227
2.28463
0
20.2754
1.62728
6.04706
4.47216
21.0492
13.8028
19.654
1.55028
0
4.48208
0.107608
30.9498
0
0.0809176
0.00556574
14.9711
21.833
7.70961
8.68285
13.7966
34.8897
2.0126
0.136095
4.612
14.0821
0.463939
1.11877
0.910655
0.00145872
0
2.44259
15.944
4.14539
0.55716
3.2417
33.6541
11.16
11.326
18.1383
5.1605
41.4443
2.60252e-06
0
4.52707
30.4597
31.3895
13.7206
0.175695
2.02483e-06
0
6.172
14.629
21.2141
27.274
0
18.7633
24.787
18.2857
0
22.4619
3.51691
2.17792
13.4268
0.339895
0
20.2886
0.133806
0.12524
0.716148
10.3788
2.20968e-06
0.89838
2.39529
3.21144
3.51258
0
0
34.7434
0.133999
45.0198
0
9.161
1.21983
0.00233326
1.85322
1.87709
15.219
0.19349
0.0512713
11.3594
14.6659
15.2983
18.6783
6.88054e-05
44.7299
15.6877
4.088
7.29684
3.62394
13.8709
3.11485
13.0164
35.0861
11.8094
22.2829
13.3054
25.0605
13.8214
12.7534
17.9644
0
14.0409
2.26778
1.20047
13.1303
3.03671
4.07407
6.72888
3.65102
7.37996
0.062601
18.5106
2.45744
1.13174
0.199269
0.819943
1.81645
12.1491
8.42558
17.5744
23.8932
0.862707
1.07388
0.731382
32.1549
32.0158
0.0180456
19.1768
14.4504
11.6597
0
2.31324
1.09299
8.23799
0.484631
14.7272
18.2302
0.00727636
0
11.5195
0.00239875
0.00021835
17.9016
14.189
6.64036
0.00547192
16.7732
22.1807
3.30827
3.27436
6.45708
21.1145
0
0.660729
12.4659
0.452257
0.361814
3.44047
5.01842
4.33205
15.3272
22.2659
0.00238794
0.26954
3.26945
0
24.4348
21.249
9.00925
17.8507
14.5707
35.7442
22.5494
1.71791
0.0303347
4.41443
2.91481
7.83162
2.53982
4.14794
1.66053e-07
0
38.0544
0.482437
23.804
12.2664
2.64633
0
0.609385
0
0.808263
8.67583
33.1145
7.02032
14.3527
26.9598
0.800854
0.00552354
0.846095
0.32813
8.03894
3.63941
7.81054
0.00388263
0
1.11974
4.66134
0
0
22.5547
4.28015
4.04467
21.8095
2.58894
1.27173
0
33.0977
38.2524
0.102711
3.00381
3.11292
1.24089
2.22606
20.5745
0.688163
1.77669
28.7579
3.17455
0.124581
0.0148538
18.6608
13.5309
1.47421
5.12581
0
6.08201
0.0306436
0
4.82509
31.8014
0
66.718
1.25437
6.31592
0
25.5931
15.0376
13.5195
28.6282
12.5284
5.61972
66.1163
9.38273
0.930348
0
0.164234
14.3198
31.7133
12.287
14.1046
0.433671
1.09564
0.192797
29.2734
33.8924
40.2076
30.465
18.1439
34.8938
19.3246
14.4301
30.9789
30.7598
3.45239
8.80208
7.67876
19.9428
0.956381
0
32.9678
27.1457
0.216028
6.21916
8.2393
0
18.3941
8.55976
22.1457
1.02869
70.6175
17.7448
15.7854
18.3489
27.9365
12.7025
39.9028
25.2971
19.9696
0.950635
0
1.65622
12.1482
14.9267
11.5572
16.5044
19.1901
15.9916
14.6088
29.3099
34.5756
80.1664
70.6924
65.6052
12.1676
19.469
1.22494
2.27954
1.91208
2.65827
0.59586
2.88107
2.08219
1.64444
18.0966
0.0338768
1.72084
13.6976
22.1755
3.55505
29.9695
9.90374
24.2981
6.46463
4.47359
6.04761
8.19339
25.441
18.0273
0.0172993
20.181
11.9401
15.88
29.9026
38.0897
36.3188
0.846208
0.0442014
2.81398
24.1916
6.50238
2.69508
3.87391
3.24598
1.46418
4.38369e-06
2.23473e-05
7.12156e-06
0.00041736
27.1783
0.000275457
38.1434
0.211274
17.9943
18.5182
0.590794
0.00845899
0.00506156
21.4085
12.8656
38.5237
25.9867
4.28341
0.863418
38.7933
41.7647
3.35821
0.469919
19.2718
23.2172
18.2853
0.00569296
22.8334
7.76346
2.83252
25.322
0.000493167
0.000582533
16.0204
0
0
0.199391
0
0
38.2616
0
4.72945
22.4616
23.8271
9.18239
10.1347
6.64031
26.2489
2.98075
16.4633
6.68523e-05
23.8378
16.81
0.0044035
9.38953
13.0549
14.8394
0.0796869
1.69307
0.622101
27.4238
24.5863
3.44644
22.1981
0
25.2443
26.0803
31.9406
5.52058e-07
21.6173
3.85504
25.0917
24.0115
1.18341
0.874453
3.59492
28.7851
0.176104
10.3598
0.0036565
0
0.0971438
0.122354
26.3256
0.861765
0
0.473337
18.3858
0.66888
18.7134
22.6801
1.07536
12.478
1.75365
16.5252
17.3909
27.1432
0.0126245
0
0.724111
0
0
0
0
0.996697
28.9164
8.95749
3.08788
8.6817
12.1916
1.60594
8.67683
12.0911
1.01877
14.5099
33.3549
39.3085
32.2848
49.4268
33.8921
36.3612
1.8279
21.6782
47.6976
50.6972
25.9318
48.4281
4.34663
63.3118
23.3812
1.13042
19.923
0.0626988
0.373804
26.6494
0.618919
1.41913
0.929601
4.87662e-09
0
0.00338287
0.105882
2.40678
20.4764
2.46488
0.491191
1.63608
0.0346031
0.220182
3.43575e-06
0
0.0453819
0.111463
0.00697694
11.9233
8.12165
55.3531
27.5812
3.58841
0.0977395
18.5979
8.94493
2.48787
1.48925e-05
8.60031
7.50861
14.7068
18.2184
0.635813
0.749449
0
0
8.51331
13.2013
3.86629
3.71315
1.00695
3.53556e-05
0.218432
0.797344
22.0653
14.0277
2.57771e-07
6.40952
5.54975
0.639344
0.0211148
0.926886
11.097
0.00358669
0.0669775
1.35324
23.0735
50.5249
5.25191
8.0342
34.964
3.66231
25.9468
36.4495
2.73165
19.1068
0.578033
0.523977
0.0222611
2.11778
6.79012
8.70271
17.9149
4.42051
7.74865
0.980525
1.19355
0.0989549
5.17778
0
0.00133313
1.10618
3.29666e-06
11.3557
24.7659
3.14495
29.8513
0.680976
20.1052
1.54257
1.36596
1.63029
0.0012674
0.00487165
1.88183
18.1355
7.96358
24.405
32.6618
23.3927
24.421
0.0115244
19.768
44.1771
0
10.0396
0
1.88743
0.0349146
1.49397
7.66577
0.00778456
3.07036
5.3012e-07
2.42987
5.04489
14.71
4.48215
12.0708
13.9015
3.35935
0.467658
0.000898121
0.111137
5.02535
5.74158
0.00397452
0
12.5817
8.50308
14.9221
6.09664
3.54452
2.42515
9.61876
2.85628
0.296252
18.3281
0.0510538
27.5926
5.01546
6.06686
41.9606
47.7334
3.09366
0.834542
23.2706
37.949
7.09995
22.2039
2.34533
22.6609
5.34988
14.787
1.19477
3.04563
3.82467
25.3428
6.59254
10.1244
12.7973
3.58214
5.01015
4.031
7.84058
1.06326
0.000426593
0.000162411
1.85286
0.0242663
5.96665
2.20052
5.86127
0.714708
28.8084
0.000317929
0.500055
3.12498
1.77111
2.33492
14.5305
1.10867
3.78418
29.0601
33.8889
10.2479
28.754
17.6078
0.643235
1.68395
29.9267
27.4272
21.4709
13.4632
0
0
13.0881
23.989
2.50076
0
4.5957
0
6.40259e-09
0.903246
3.41811
0
1.048
0.00303626
14.8285
0.447925
10.3425
0.0377339
40.7783
3.77823
0.161736
3.23571
10.3651
3.45426
7.15769
4.66096
0.61411
18.5441
20.6284
1.2921
0.965463
40.4831
2.53096
3.2502
3.42011
0.326429
0.294965
0.0900611
3.22905e-05
1.67099
9.86624
0.816894
3.88128
0.140071
0.204435
0.899605
16.8344
2.16582
2.0636
0.0677855
0.701802
4.52551
0.566038
0
38.3477
0
30.3131
0.888863
0.857004
10.2864
0.497374
0.931034
12.2622
6.26948
2.24589
4.77725e-07
31.46
7.86192
5.4443
6.74195
2.82752
8.46128
0.486065
0.118618
0.230649
2.82092
0.00314605
2.24983
2.7835
2.46825
1.72124
61.9208
24.52
0.173866
5.21976
3.57698
0.105928
0.798516
0.820757
13.5551
1.42058
0.18464
0.97837
3.27273
0.507313
0.216018
1.50224
1.19172
1.93314
0.719609
0.0317881
2.63791e-05
1.7918
0.00110906
1.82401e-07
0.931639
2.23264e-09
0
0
0
0
0.0111824
0.433034
44.9873
0.0189574
5.86164
9.31242
0.00560017
0
38.0645
2.12089
6.61832
0.683161
0.831584
2.27839
0.0588714
3.12914
2.99246
0.0185641
0.358205
1.2338
2.459
0.112418
0.241274
21.9514
0
0.0706369
8.53324
1.70687
0.520263
12.0803
0.119816
0.0314746
0.916963
0.0624117
12.9055
3.70823e-05
0.00622902
0.874646
0.359554
6.24236e-05
0
7.29249
0
1.54849
6.63598
0.438801
2.44682e-07
0.036215
1.55343
0
0
0.648804
6.82714
0.638622
18.3339
0.132247
0.187728
0.354709
0.00320248
0.0974312
0.267684
0
0
0.0127843
17.9639
0
24.4263
8.48429
26.7119
28.4017
0.0512743
15.3174
3.9631
33.3614
0.417703
0
17.0915
2.66126
13.0477
2.95744
1.37073
0.603052
0
0.669631
16.0627
24.9873
0.000536403
0.0157461
23.3134
4.97393
6.60515
25.5385
5.5111
21.3402
18.4491
48.2003
0
1.17138
24.3783
0.174645
22.572
21.3818
43.6606
41.2825
4.0442
17.4503
25.5197
30.1641
32.352
47.3272
36.0952
10.5845
11.2573
2.10312
5.29563
19.9732
0.000107436
3.53391e-05
0
0
12.9142
12.1029
13.3447
0
9.05894
0.0955325
0.64769
3.84851
3.65048
6.16874
3.85474
0.851237
6.26243
11.0386
18.2354
7.99995
8.23065
0.995035
0.503335
12.9516
11.4182
6.61768
0.989902
1.35173
1.12341
9.163
0.786782
0.0328546
0
0
0.0233837
5.06005e-06
1.02162
1.83176
0.020526
0.468436
0.627483
0.0341165
0.197909
0.0748684
0.920483
0.0984134
0
1.64415
0.00351547
0.0854583
0.200238
1.66924
0.169321
0.193815
0.388191
0.661706
0
1.2933
0
0
0
0
0
35.2563
0
2.64913
0
0
0
26.6189
0
0.00146867
0
0
0.0575022
21.2856
0.848376
0.0901397
1.89484
0
0
5.17555
1.46048
18.9148
0.247821
2.47235
0.45555
16.2322
21.652
0.014442
22.4538
12.735
10.7696
10.5972
16.2059
22.4528
39.0042
42.5615
37.3487
37.5784
19.9793
0.00151834
0.072985
28.7452
18.2577
20.1031
25.8413
29.5372
25.3581
11.7057
33.546
26.7131
43.2882
4.14466
12.0476
19.4808
20.6942
16.5604
17.9931
0
27.1683
0
19.7023
32.2445
33.0129
26.7244
8.53308
36.274
43.632
23.2541
1.41797
21.5625
28.1265
17.4434
22.8781
42.1679
27.6457
54.1805
33.5396
34.4637
29.1815
19.5836
25.5738
0
28.0864
16.3635
19.2927
0
27.6814
15.1486
0.527438
0.463312
1.13254
0
3.95731
5.70237
11.9451
5.54047
13.675
2.8856
0.274877
4.0824
0.51822
0.715086
0.578713
17.7583
2.27074
0
1.35524
16.7113
0
1.60952
1.08502
2.49739
2.98029
0
0.626498
0.750563
2.02945
0
8.3354
4.5133
5.028
5.8004
4.83059
13.3996
13.5967
20.612
35.3917
15.4305
32.6672
19.889
12.8294
79.6829
20.9965
64.9656
30.5978
35.5301
28.9721
0
21.6443
21.2882
30.2985
0
33.5005
0
15.5562
9.78679
2.95299
26.7081
15.6594
25.3472
2.25077
25.0303
0
0
12.6929
13.2675
5.03404
0.579242
2.76851
0.0388435
2.12892
3.9556
2.53403
0.0333735
0.336056
25.5256
1.08398
0
0
0.00309086
0
0.00121047
0
0.00108201
24.6634
0
7.20503e-06
1.13735
0.000312588
38.6308
12.9393
0.207473
1.85374
20.4286
12.1731
0
4.76008
0
4.69174
0
0.318038
0.581147
6.09654
2.11362
26.6798
6.64243
42.0086
0.858966
2.16544
1.91157e-05
0.0015851
0.0262862
22.0512
1.77445
0.908805
0.415012
15.1333
2.06653
11.3011
6.38739
7.34358
11.6625
21.3003
30.9946
1.39569
7.07134
13.5028
8.09635
2.15421
45.3777
3.92748
0.0946719
7.22335
2.04798
13.1794
0.0149135
30.316
2.48169
3.50203
5.72006
32.7499
11.6133
3.07468
1.90044
8.56591
13.1867
7.76773
9.81198
11.0428
4.82759
0.983876
0.176169
0.0417987
0.919051
1.72654
7.91452
18.8074
40.4925
25.4221
2.02273
25.6858
32.1281
1.69458
17.5644
14.8688
75.7573
7.36184
4.7977
6.01426
48.9027
33.6267
19.0435
17.1838
8.08955
1.26004
0.00291201
0.0312836
0.000137674
0.00292891
0.0127939
2.75237e-06
0.00137851
9.30866
17.348
29.1014
1.28424
11.2207
0
0
0.201542
0.733821
0.925245
0.0390548
0.0254086
0.000586344
7.47674
1.40545
1.98274
20.7235
0.68862
30.7076
4.63303
8.96335
0
0.107511
15.4646
3.97249
0
9.55577
8.95713
8.94115
0.0132163
13.9068
10.4094
0.966039
6.58488
14.9976
0.00552754
1.39276
4.11207
0.258247
1.648
1.3353e-08
29.324
1.04623e-07
34.7066
15.2758
31.4095
0
0.162607
0.687325
0.0124728
4.08449e-07
25.404
14.87
23.7473
0
20.7298
13.8333
12.9117
9.35072
4.71635
6.79652
16.2008
0.0148093
0.229152
0.903001
0.133468
0.171672
5.79071
0
0
0
0
0.00222472
2.13337
0.186141
1.08094e-07
0
0
2.26252
0.246325
0
0
10.6399
0.221233
0.0328559
0.833185
0.730795
0.46031
3.81032
21.9742
0
3.11484
6.11374
0
0
1.22231
0
6.73637
4.44654
12.7683
5.99154
9.93625
2.45681
13.6214
2.78951
4.63903
25.5003
12.166
1.77383
36.446
25.7703
58.5854
17.1722
17.3932
24.8343
25.5071
19.6964
28.5099
19.3383
22.5458
18.9546
17.731
21.8026
14.825
8.25962
17.7991
18.5905
21.2026
17.7382
13.8765
21.1884
14.6188
17.7502
9.40705
5.46885
4.21184
4.03119
0.733659
1.60135e-06
0
0
0
51.787
32.7592
0.614603
4.97305
1.63574
5.55826
0.000643637
0
11.1569
0.0285959
26.9392
4.5668
0.999568
0.733612
10.4568
23.581
1.45927
14.7675
17.7158
23.705
17.2489
2.37017
22.0813
0
15.0986
19.7586
13.6685
22.4508
6.07578
13.0174
6.77342
8.57596
4.17417
12.8598
29.2512
15.6255
15.9822
3.18195
5.13981
5.37917
21.4118
15.3415
32.7354
28.0478
30.5127
31.6225
36.0043
21.0227
28.3797
27.2181
28.8911
26.3168
21.5317
17.9953
30.0886
24.4035
15.2739
0
0
0.613151
1.10674
6.50939
2.81183
6.09505
6.42818
7.43713
12.0639
7.69124
6.53223
8.1622
8.49126
9.09636
24.0476
3.31796
2.99588
7.51055
14.5868
20.6454
8.6132
36.0666
4.96096
2.48655
3.21513
5.9245
7.23786
1.86873
11.2522
22.7718
8.17575
18.7544
9.3297
12.4747
6.88445
14.5112
21.5212
31.9908
34.807
29.6157
15.5536
11.0193
0
4.2035
2.31916
6.87473
14.6574
10.0198
15.8202
0.00989798
22.6282
35.5287
19.8315
14.6137
12.645
32.4412
27.2501
30.6036
0
0
0.0300742
86.2729
71.4231
63.2453
5.29263
65.4757
1.3084
18.3314
0.318639
3.62362
1.94054
12.7854
15.3309
1.23328
9.05356
119.754
75.1744
30.0799
8.92033
0.241961
79.524
13.0242
88.9641
13.8551
10.1076
89.9418
61.6411
54.5131
56.385
15.8438
24.0974
22.7778
27.8041
13.655
26.9072
41.8492
37.6018
20.5329
28.4569
31.7791
6.15589
33.9618
35.9634
15.6519
20.3424
38.783
32.0573
43.4248
28.5359
15.4517
0.00965136
24.9536
0.0516621
8.57269
24.0575
26.7075
20.5567
28.3071
6.9957
28.6052
22.9038
15.2904
20.7027
25.6006
18.936
6.4943
27.7881
14.3231
16.8755
15.776
13.1302
17.4592
15.9325
15.963
22.0063
1.72199
17.694
6.13785
30.022
5.75603
23.5656
0.258022
2.74506
1.91922
25.8087
16.5169
23.824
0.491128
16.3703
26.6073
3.99891
2.54178
4.24635
8.39014
17.8528
20.9532
11.1975
7.30636
2.20885
14.5898
5.55143
0.913079
0.967782
1.60012
5.51836
0.554829
2.66908
3.58432
4.17171
0.00135782
0.108525
1.50668
3.06816
0.0855058
17.5451
0.26013
3.77939
3.32233
0.13917
2.62845
0.0750609
0.950867
1.06028
2.99489
1.79409
0.919247
0.070197
0.00232712
0.613111
0.905177
12.1768
2.5361
0.457207
2.109
0.0165089
9.01474
0.102586
0.794196
2.11398
0.619996
3.44794
0.356857
12.0351
0
8.61977
1.61095
19.6699
1.50861
26.5928
0.784954
0.0972162
15.6595
1.70311
18.1972
10.0442
39.3875
0
13.0103
0
0.671003
0.203677
2.12091e-05
28.5187
36.5886
0.449289
0
36.5907
0.371569
0
1.92359
0.933797
1.42417
0.758623
0.359289
0.035427
0.70852
1.37623
4.14512
0.930836
19.2208
4.40552
0.206795
9.48123
27.161
4.26138
21.6198
0.470476
36.5483
29.5417
15.1131
11.7779
0
0.124679
0
4.57268
8.20349
0
0.00658289
0.0472998
0.730859
0.608072
0.0061146
0.0221665
0.00017396
0.201084
4.81998e-05
4.67844
0
0.51718
0
2.1578
0
0.350924
0
2.89727
0
0.0522699
3.88557
0.322904
0
0
0.000111626
0
0
3.97196
15.0913
6.58408
21.5045
12.78
12.1653
9.84112
7.98139
0.636665
0
3.53353e-06
1.41162
6.72684
2.80342
5.31513
0.0356755
0.813785
20.4639
77.6594
55.5892
23.1646
4.60378
3.33258
19.108
20.6396
5.22054
9.70494
25.4349
1.81194
21.6043
19.1333
6.23094
35.963
16.0124
11.0626
36.6742
0.684651
21.6685
3.96653
62.3579
1.56016
82.6021
90.4399
0.237266
0.00245386
0.0613577
1.1116
0
6.16603
7.27165e-07
1.49707
0.0382183
0.636406
1.14474
5.13821
0.0485668
11.1062
1.31515
17.4823
2.3877
2.9023
13.1823
15.829
7.33432
2.59517
4.84175e-05
16.4985
21.0745
11.7214
15.5062
18.9247
12.4328
14.2114
0.971123
4.97744
0.0322449
10.487
10.8955
12.7244
10.3962
2.65605
16.9951
9.41654
15.9255
8.42336
15.0987
18.1272
4.80022
9.52535
15.6631
18.7177
5.79741
16.3305
0.000231065
10.6762
37.1613
7.13109
4.01936
23.9274
0.451279
13.8068
2.2571
0.203233
7.03391
0.992226
27.3401
0.473913
38.2174
41.3849
20.9878
36.0973
18.9624
28.674
5.01645
9.59303
0.00838503
0.0299119
12.2717
2.5327
7.81943
20.4112
34.3471
15.9737
17.7969
29.1106
30.6848
52.6198
18.8768
23.7615
0
0.655963
0.0131089
11.213
3.01115
14.1187
10.06
2.62286
0.0426217
2.97948
0.160073
0.0304092
1.49805
0.856932
2.86176
0.212865
0.607701
2.38224
31.7122
5.99606
2.91627
3.40312
13.7359
0.370228
15.5141
1.12013
7.23639
1.53982
8.31443
2.38364
2.90654
6.39217
0.00595779
0.56479
0.00109006
2.71142e-07
1.04164e-05
0.000134489
0.381272
0.304107
0.656363
0.0718249
2.13826e-05
0.0686429
0.0984801
7.2594
0.202857
0.367519
3.55269
9.25237
10.0807
6.44866
0.000570678
0.415463
9.09934
0.0974783
0
1.42067
0.0314991
18.8803
0.000436532
28.5273
30.5759
28.8614
25.5929
41.3322
13.7753
36.4944
1.60971
14.1965
11.0018
0.914153
6.23596
7.83873
0.361517
0
28.4291
0
24.5266
15.5401
9.38752
5.95401
17.167
21.9774
0.658973
25.2995
14.9348
31.7807
30.7435
0.0308365
34.0795
2.26696
35.0468
12.8034
0.836998
8.23338
2.32231
2.13225
3.53513
0.00177521
5.88856
4.33535
7.93705
11.3005
5.40484
0.00065271
29.379
15.5155
23.5525
12.5244
23.0347
37.6854
35.5977
14.1067
29.8448
16.4708
33.3397
35.5455
27.3354
2.55982
21.7453
0
6.62936
8.23563
13.4034
4.7877
2.07689
20.8288
6.57752
5.02216
27.5632
19.0623
9.23699
38.8981
22.5671
9.46361
32.2146
7.06715
2.4437
32.7076
19.1812
0
13.2043
29.4297
9.24893
18.1758
29.9572
1.14045
24.7601
46.3639
16.5668
2.47006e-05
2.2572e-08
47.2117
24.0755
33.5111
32.6322
4.72848
34.4648
29.1813
2.69041
31.6684
41.336
19.102
3.87645
18.7205
33.7429
29.388
27.6753
44.1276
19.9118
26.5348
34.7695
32.5951
27.0218
0.0176315
36.6829
24.1711
21.7941
14.2701
26.7342
25.5235
51.164
24.5619
0.120053
22.1842
44.333
16.5678
0.443731
17.4348
11.2731
34.5689
19.0352
13.0126
12.5255
35.0254
3.51434
0
4.0189
6.14039
31.9885
1.647
28.641
27.0909
56.541
25.8914
21.6106
2.23569
19.6357
1.18019e-05
17.9015
12.4334
11.1484
13.7427
26.2262
31.0186
34.9519
26.2307
34.9614
30.5375
14.7604
39.3956
0.964244
17.5854
15.5172
28.3373
0.377848
18.2722
13.7368
21.084
18.0171
9.86906
27.5198
28.6697
1.31062
16.1495
16.2271
16.8634
20.7303
24.566
1.7691
7.70287
10.9773
7.02099
0.513805
2.20642
1.01594
3.55612
1.62236
30.5
4.49669
27.1955
8.03475
16.2469
22.2383
22.0543
3.7631
58.3367
0
7.89973
9.22905
17.4008
0
17.5202
12.0899
14.465
8.8948
15.1799
24.6266
39.3658
12.0611
17.1975
14.7393
11.4886
16.3101
12.3939
21.8504
12.4622
30.2495
49.2608
0.280825
16.6594
24.0936
21.3609
16.167
6.41394
16.1967
5.65426
21.1949
32.475
14.1326
52.6886
21.0191
44.2046
23.8373
21.4117
17.6939
13.9455
16.9495
11.4331
26.6066
28.2566
0
15.0812
20.8122
14.7528
34.9093
0.707336
1.16516
26.2857
4.27809
36.7792
23.8353
0.225909
25.3596
0.662335
15.9148
17.1694
17.817
0.180793
8.0259
16.0406
11.8244
18.4209
18.0583
6.61528
8.77654
1.59223
7.07595
34.4934
6.3209
14.9227
19.5946
10.6598
26.0873
10.8361
25.7225
11.0185
4.0573
32.0063
18.2195
15.203
20.2813
14.5971
23.1258
0
12.8656
0.029245
21.1556
4.57802
2.46201
24.5793
2.72223
1.03695
53.2686
1.75866
37.7769
2.97219
26.931
5.17814
1.93205
27.1199
1.27518
0.0301381
0
0.0506518
0.253034
26.5234
8.35394
12.6543
16.1339
30.1147
19.8954
18.0112
3.5044
8.51169
2.7326
29.9771
34.7747
1.27271
57.7517
33.8522
1.31179
21.8123
1.25619
17.837
10.0175
0.910468
14.6286
2.86441
5.73028
19.1776
4.18089
0.0431748
0.00144059
0.316387
2.42215
19.7822
33.0275
22.0626
0
1.32783
24.6088
13.234
18.3259
12.5599
5.67156
10.2882
8.6975
12.2919
9.79306
18.0589
0.932576
25.3218
13.6678
15.5885
12.6772
0.00286287
12.2826
17.0205
25.9832
9.6436
9.12809
6.46785
82.9844
11.1048
13.1304
14.4612
127.715
13.0879
5.35131
19.6502
11.8937
7.25484
14.0749
18.5421
13.6896
6.26903
11.3733
12.9722
6.01421
13.2733
62.0078
15.6095
29.2398
4.95468
0.00286727
34.6419
35.3962
1.78572
1.3803e-05
0
0
5.21737
0.0280167
0.00404953
0.212459
3.53257
6.19958
1.15404
0
13.9766
0
8.70988
21.5606
0
0.0425189
20.6466
8.6464
21.7736
0.039256
8.25886
9.12624
0.712733
2.00911
2.209
0.892722
0.0377215
1.44014
17.1903
6.17229
1.08713
2.48311
0.445329
5.52824e-05
0
0.000449284
0
18.0928
17.2757
24.0937
1.99753
13.6982
0.654043
22.3075
5.5248
22.3434
15.8813
12.4626
14.4675
35.4086
6.2746
8.81999
7.93041
12.2423
18.111
7.1987
4.07297
30.8066
20.1973
71.6582
34.9035
21.4999
2.50467
12.8393
0
3.35276
8.33283
14.198
20.6061
9.07176
9.04417
8.93582
11.7845
1.2618
8.82636
15.526
19.0697
28.54
25.5158
30.1678
27.626
10.7676
5.30328
14.916
6.69984
21.0545
24.8057
30.1617
21.5983
2.80984
18.2276
1.20407
1.57952
0
0
1.99843
6.59633
5.71432
0.500537
1.69396
12.8878
45.2024
20.2252
7.25852
9.74387
18.8824
44.1682
11.4944
14.1096
0.0140086
0
6.82357
11.229
39.7677
15.5107
38.1532
14.746
19.1874
33.2082
1.47154
0.00241626
3.07296
31.2665
19.3498
6.00534
5.98709
2.9362
32.1115
8.18095
3.61332
16.4278
1.2039
4.16462
1.97613
13.8149
27.8587
12.4458
0.601871
15.4234
11.2338
0
0.121941
0.821757
0.860187
0.0299609
0.00110123
19.658
3.5253
2.06346
0
1.23523
0.00935302
23.4574
0.000466883
24.6094
27.3938
0.816176
42.0833
3.66117
2.30246
2.77709
40.2184
5.86839
0.011213
0.993449
0.115892
1.72292
0.00151258
0.00280511
0.178842
0.00357531
0.663908
8.7081
14.7483
11.7803
1.31855
3.49373
0.337952
13.0025
1.46221
1.85705
22.984
5.97512
2.55165
24.765
35.3712
25.6523
9.22576
24.5206
8.38266
3.24846
9.56451
4.32
30.064
4.48533
2.55068
18.6694
14.0181
12.2293
1.5214
13.0533
34.2142
0
0
0.591654
0.900198
0
0.0176636
0.0811484
1.15802
2.11209
3.09219
1.28989
3.5104
0.000326006
1.23068
0.00124359
11.4921
1.83219e-06
28.4893
15.3974
21.5107
16.0621
35.6777
42.8983
32.7292
3.40374
8.00315
22.2888
17.9471
9.10742
19.3297
13.7501
5.27907
3.39399
25.3272
2.71868
23.6313
26.4583
7.84309
13.8781
9.58073
4.02301
13.7082
0.893462
6.99113
0
18.1553
3.18084
1.51638
18.5743
48.2207
0.012087
29.1348
8.14577
24.3975
24.2309
1.63925
25.7087
30.4516
10.5718
22.7519
23.8611
37.9512
4.61866
7.3768
24.4437
8.72917
5.26629
1.3389
23.3852
0.61424
3.42617
3.29964
0.547848
2.96849
2.16645
3.07507
4.13929
1.81488
3.39654
1.18095
3.18521
1.89147
16.2904
0.512492
3.4953
2.397
2.24994
0.0817734
0.836151
0.972309
2.83162
1.55046
0.79074
0.0377668
0.00540057
0.866276
0.503341
2.57955
0.442281
1.24485
34.8039
0.483842
35.9733
13.9697
5.85068
5.94404
15.4859
0.000465194
0.630515
2.25268e-05
24.1099
0
7.66106
6.61472
15.6248
0.532329
9.26407
22.7785
43.4803
41.9633
22.2987
23.4143
30.8087
3.96273
32.6195
36.5576
0.800643
0.366139
20.5944
0
2.58461
26.8201
0
7.33425
1.01769
17.9368
0.752169
0
0.464102
0.00779986
14.1852
0.489022
0.00681805
5.2113e-06
0
22.6205
30.1867
6.56799
16.0836
0.617563
15.9459
18.8932
3.51729
30.0344
26.7554
30.8008
11.7818
5.86518e-07
0
28.4874
0.631322
0.198281
0.19573
1.18106
0.693891
0.514829
15.349
0.414141
3.22284
31.1384
1.10995
0.0274029
1.1034
0.664681
11.5307
34.1097
2.48515e-05
1.09818e-06
0
0
6.42746e-06
0
34.8491
0
2.17271
13.1486
1.01834
1.56986
5.36751
0.0270035
0.00460494
0.154911
28.5983
32.8121
0.292913
0.315679
0.581833
0
26.9572
0.0532421
0.439687
0.114464
5.28457
0
0
0
0.00036696
0.00470671
0.392646
0.0650502
0.0149238
1.46164
0.438713
9.0292
1.23869e-07
0
11.4574
0
0
6.10086e-06
0
0
2.24531e-05
9.23051e-07
0
0
1.72993e-06
0
0
0.0161267
36.2832
0.00153028
2.12276
0.957842
0
0.32554
1.31504
13.6342
0
2.78322
0
0.218427
8.55834
35.9882
8.90715
3.72268
3.09823
0
5.84069
12.2994
13.2129
9.83384
0.79054
3.57749
5.88823
22.1926
7.87764
0.000281887
0.0160254
4.54376
0.988299
2.54343e-07
2.92299
0.491666
0.197282
2.88375
6.38368
12.828
21.0901
0.00256915
22.8352
4.83398
4.78844
20.1352
0
6.32042
22.2865
2.2834
0.788299
6.80746
17.709
0.0162827
0.423754
0.619505
0.202361
92.4595
3.53231
0.113743
15.8255
0
0.113429
3.48097
19.7481
0.339587
8.26829
25.6509
0
6.35581e-05
6.50804
1.02684
4.3384
0.883278
0.424214
2.07528
1.41435
3.15933
6.17004
5.67895
1.04802
18.4416
12.9613
0.909593
0.280651
3.31698
0.713714
3.86798
21.4546
3.85344
2.63393
0
3.81701
44.456
35.1358
31.3225
0
15.2866
30.8239
36.4184
51.0234
3.16999
0.174003
24.5433
4.21532
21.7031
4.56281
3.61508
23.5752
1.74192
0.809692
4.96018
0.000304363
20.6088
0.46128
0.945878
19.7476
14.7134
0.0792726
15.9723
20.9624
10.0383
19.1555
1.9288
17.7993
19.6045
3.62583
4.98143
23.3837
13.362
1.20542
5.15965
30.9205
17.7578
15.4444
11.7565
29.0459
10.3709
24.4919
26.9946
0.443296
35.1054
0.576104
10.8368
31.6795
16.7389
22.6288
0.223654
1.51473
1.92513
1.02846
0.894898
0.0990078
0.402441
0.723211
0.000941605
5.81333
9.23801
4.39631
1.6002
0.114856
0.0167862
6.86239
0.421541
0
14.1066
30.5388
2.80358
0.0129837
1.84638
18.9419
0.209135
8.89564
36.6746
12.267
8.36448
21.6831
16.3405
0.935792
4.31832
0
0.83941
43.9179
0
2.10067
20.1489
7.23697
3.83846e-07
34.5814
8.119
0.277098
0
1.09773
37.3727
4.14593
2.4346
45.0752
7.0265
5.73909
32.9572
14.5938
13.6984
18.1349
8.24749
17.2276
17.539
18.2747
19.8174
22.2914
33.5654
11.9105
12.8236
1.81383
5.54672
0.255662
4.70473
16.1417
0.13773
8.43418
14.8566
17.849
5.08137
0.00363908
0.104958
0.0028373
0.764504
0.26452
0
0.221647
2.21302
0.218633
0.184462
0.0449712
0
41.117
29.1815
0.380096
27.3398
22.827
26.728
12.7749
12.215
16.1976
2.98348
9.777
12.484
7.58342
11.0347
13.8699
39.0224
12.9046
20.273
6.13391
27.6123
35.3538
39.9434
31.9964
22.2345
22.0124
37.203
22.4391
0.594275
0.00520867
1.46165
0.0150823
0.51895
0.931891
0.242023
24.83
3.42042e-05
0.000590476
26.358
13.4462
20.3215
15.0933
40.014
16.7469
1.49925
0.00132472
0.16167
1.35427e-06
0.492279
21.4487
0.227865
0.297706
0.973472
24.324
30.2939
9.40138
6.67583
18.6509
4.59426
1.12634
0.919181
1.05127
0.853083
2.06865e-06
5.09115
0.50408
6.90751
0.0367147
0.0800166
19.6772
0.534865
0.808028
0.776124
2.07749
3.32864
11.7447
6.89163
1.57702
3.65402
1.45125
0.914926
0.0655345
1.6208
11.8304
0.0861433
1.36742
0
39.8538
3.50872
0.618465
10.783
0.268002
24.5895
0
4.80651e-07
43.8954
