15.3685
8.93927
7.16607
0.426545
2.86661
10.8481
0
20.3543
4.29043
54.8121
31.7996
1.03626
0
8.62194
15.2861
0
0.639594
21.5831
19.2397
12.5365
25.2167
0.126606
0.0690664
0.334849
7.65112
8.75344
7.70834
5.64178
35.1227
0.0912516
1.46817
4.11277
0.234374
1.96552
3.26241
0
2.40126
8.49707
10.8309
13.2366
10.4544
31.6508
3.66287
17.9039
1.78151
13.6151
6.94429
0
7.42799e-08
0.0254296
0.199398
0.880389
21.9979
1.19479
7.18927
1.29586
30.5285
7.71975
0.399768
3.23587
17.5913
0.934674
9.67694
5.64031
15.675
0.76691
14.7165
9.38846
8.47801
1.1745
13.7463
0.678819
0.00286196
0.535261
5.83916
5.8603
16.7585
3.97282
0.670245
1.15349
0.00405528
1.13012
0.0103723
0
46.4407
11.8993
4.69526
7.36292
8.99124
6.70456
17.6264
13.1445
4.35135
9.33928
7.42646
7.67611
11.7984
10.0453
3.58906
1.78322
10.9976
28.5581
9.88364
14.9664
12.4259
6.32603
7.67302
7.33799
3.83252
9.2846
6.73708
4.4427
4.68585
6.06374
8.83649
6.33264
4.2484
6.06056
5.0041
5.21807
5.85622
6.36419
6.70308
4.13795
0
4.04739
4.7003
0.136176
0
0.0301563
7.3257
1.78457e-05
0.232441
5.61037
1.35452
7.90707
10.2308
4.21677
0.406006
1.727
2.84482
0.859478
0.275511
3.87507
3.17991
0.000110851
0
0
30.9109
80.5603
1.24479
1.6035
3.0589e-06
1.2435
14.2232
7.69229
34.8091
18.0254
29.6982
3.69854
11.4827
31.5448
12.9545
12.9475
0.144366
3.80581
12.2402
1.86683
0.144684
1.7544
8.08552
8.00377
4.89894
1.9728
0.000753337
0.184385
0.00478832
1.86538
0
1.553
0.0134466
16.5514
0.0550143
0
21.1524
13.8468
29.0432
5.51064
29.449
50.9902
40.9752
18.9077
27.7431
46.175
4.75295
0
13.9768
5.82464
28.0874
15.6028
40.239
110.879
29.033
44.7549
16.0338
8.12663
15.437
5.45161
62.4839
18.8754
24.3621
24.9227
4.59352
30.7902
40.0597
34.9922
11.5235
41.5097
32.5046
10.5264
2.66026
8.17537
31.3548
3.56122
31.4858
19.8639
23.2806
30.6667
32.9375
5.68741
0.983273
4.19066
26.0171
3.13756
3.68704
0.730133
12.799
4.86552
4.4904
8.06056
8.82207
5.75312
3.86667
3.77976
0.129895
1.03098
0.837925
1.73578e-06
1.91163
0
0.167196
8.28553
2.21097
3.53073
0.770585
1.73358
1.45361
1.8736
0.646919
0.208563
0.397427
0.0004628
0.0539309
0.955234
1.95411e-07
0
0.00147741
0.0634369
0.830066
0.00608152
4.44858
1.48563
16.8981
0.383339
0.372529
1.96957
1.69137
0.313198
5.19585
3.04621e-06
18.5598
0.210196
2.17113e-08
0.144131
0.182334
0.236739
1.6194
0.809714
1.02804
12.4862
0.16168
1.21868
4.02577
0.0235423
0.180261
1.51279
6.09017e-05
29.1416
14.5232
9.84226
15.5224
2.99166
17.4717
14.6802
5.16046
32.5666
15.067
10.5839
0.170406
1.19339
1.33969
0.137234
1.37704
6.67919
11.6182
32.5359
49.7236
14.0092
17.3111
20.1738
0.00705271
11.3583
4.55156
0.707619
31.654
21.3728
8.367
0.108151
1.17012
2.13016
1.9485
6.77756
0
1.57614
8.69161
15.486
11.9836
8.08011
8.46386
1.32835
49.7362
3.71386
15.5697
1.17151
2.07683e-06
1.83392
2.02249
2.72173
3.75723
2.54025
0.113095
0.943322
23.8848
13.8091
0.14163
1.95286
10.8005
4.10722
0.381382
0.364147
4.81914
15.8654
0.0548482
6.6447
0
0
1.41672
0.0310273
5.53815
0.812844
2.85496
2.23804
23.012
5.96894
5.98161
11.8422
0.397991
24.3824
43.2392
44.1122
31.9138
12.0428
4.96997
15.5726
18.1044
15.083
2.18542
14.2465
6.25757
17.94
13.4467
8.68169
12.7266
10.8249
0.34948
45.5195
30.7156
24.9595
30.8076
49.6383
12.9313
41.8256
36.285
37.5115
38.7272
23.6581
18.8392
17.5528
13.1385
3.33527
19.7485
14.4779
10.7848
22.0689
6.20044
8.61788
86.1716
17.1902
15.0686
7.08308
0.264708
10.2733
11.3131
15.0635
13.8933
36.2762
17.3735
9.38273
30.2308
24.3346
15.3041
10.1956
15.704
18.8482
19.5839
20.3005
47.1619
1.00586
4.95405
12.5444
8.1874
14.582
21.2263
29.4602
24.0975
0.0158229
3.08699
0
4.12852
2.15524
9.45888
4.12783
48.6001
7.87206
17.4654
9.66453
38.5593
16.0622
19.8483
12.2269
5.50427
6.33628
1.21981
0.345506
12.3819
3.91058
13.2516
11.613
1.63472
3.2874
0.827734
2.45862
1.93447
1.93215e-07
1.57843
3.07419
3.67031
10.3762
1.68691
18.293
20.7896
13.9654
3.15928
21.8226
32.3946
18.5969
16.0232
14.4447
4.84368
12.3482
23.6128
50.0651
28.9167
2.41252
0.514628
30.9576
0.0304888
0.789914
0.00204123
0.128257
34.2424
53.1265
25.9092
26.886
54.8443
25.5359
14.6637
13.4564
0
8.10772
5.50186
6.56572
0.109674
13.7722
16.8745
30.4065
42.8658
8.53014
21.6091
9.30069
4.64086
25.5564
8.43522
0
0
28.0693
0.000835315
7.32158
0.276766
0.483535
4.22564
6.70824
0.719226
6.82209
0.0936776
10.4463
0.732255
0.695608
0.700024
21.0427
3.96469
0
10.0285
8.53839
2.89352
6.45512
9.83429
7.58398
10.1712
22.5421
31.6352
28.4211
0.586779
48.8315
1.56767
36.725
29.9651
34.61
35.9061
35.5902
11.0483
7.8461
0.000536544
23.0941
0.0167525
0.477914
14.3014
1.89407
3.01488
17.3932
6.81388
29.9065
8.74195
2.44893
2.19316
2.53052
1.40881
23.3691
57.4244
10.5927
0.060341
4.283
0
7.92545
8.2723
1.60809
6.13376
3.48971
15.4376
4.42145
3.80619
2.40644
12.6285
0.81422
26.2663
12.6995
38.4284
4.40281
5.88156
24.7888
10.1493
23.1765
18.2882
1.25124
14.4035
15.9868
0.146316
7.00974e-05
0.118671
5.42696
1.39221
0.711528
25.2845
18.0462
19.5825
0.000411038
0.123771
0.00192925
21.2546
0.930285
3.2756
1.87019
1.82793
7.74548
1.17352
1.97271
1.37751
6.39457
3.15596
0.0274176
1.15644
1.27228
0.00111282
2.28395
23.0555
0.0141561
23.4466
7.39166
12.1129
0.701284
14.7036
9.91084
9.73244
22.4783
0.570838
0.660964
0
1.0255
14.1942
52.6971
2.79118
22.72
0.000632798
19.6841
31.2609
23.7104
31.4516
0.263038
0.589441
4.1322
0.881389
0.0941204
0
2.24278
0.991455
14.5017
27.033
28.1875
8.69097
14.0801
2.62088
8.34716
27.0033
17.6359
35.0433
0.105082
5.85532
1.14173
30.9841
18.758
4.53919
3.30046e-05
33.9944
11.9984
0.319905
6.01568
0.895598
1.37809
2.55125
7.70559
11.6525
15.2241
16.0798
22.8809
18.8759
2.28004
11.3084
3.38183
1.83512
1.95619
0
0.886865
0
2.0667
0.0453675
24.5245
7.99533
6.12302
2.80973
0
9.81504
9.06637
1.77351
8.28068
3.48288
6.08933
6.11912
11.7676
8.04681
18.8646
17.0895
14.5682
32.8542
43.0678
40.3564
0
4.59751
41.9143
8.80617
0.486722
18.3093
0.780171
21.1794
66.1812
14.951
31.5887
6.73007
16.9158
16.6308
0.801251
0
26.9296
41.4763
0.349105
0
1.19812
1.24072
73.7086
0.735134
0.0302696
4.56787e-07
0.056468
0
1.94824
6.79577
15.5304
25.3085
9.18893
0
0
0.148281
8.84558
16.745
0.781531
6.52517
28.3523
1.86329
33.5244
1.24238
9.58419
26.0749
9.59611
50.827
1.44019
8.09278
5.0792
0.41818
0
0.0185724
0
0
3.59143
0.346029
0.0298149
0
4.43509
26.7073
4.98544
37.8549
15.2465
4.97258
17.1942
7.36268
6.64488
5.35017
0
24.5564
3.4916
14.6406
3.96714
28.7357
11.5973
41.618
2.55576
0
14.4205
0.200448
19.688
0.0171608
0.819537
0.0372381
19.1123
24.3472
4.33447
11.1403
9.59224
34.723
1.45425
0.00380716
7.69968
5.29974
2.27923
0.125627
1.64661
0.807303
0.0704092
1.37973
7.72877
6.83961
0.959503
5.06304
39.3379
9.17561
12.5034
9.78238
6.7017
39.8885
0.212395
0.0197458
4.24041
28.0789
10.8856
9.86245
0.950587
0.189383
0
9.59249
24.7511
11.7443
26.6514
0.00507867
13.7748
17.0838
13.9694
0
12.278
2.44973
1.64037
14.6025
0.144548
0.000679071
16.8204
1.68507
1.1862
1.68646
12.0124
0
0.0188508
0.950029
12.1354
6.7211
7.88348e-05
0.00310643
32.7919
0.185087
50.3652
0
1.82156
0.118549
8.4576e-06
0.00975275
0.0227275
10.847
0.0664094
1.62404
19.3591
9.43913
15.3057
7.10036
0.451434
29.9047
21.3414
7.18336
5.38037
0.51996
21.9482
0.929431
5.89758
21.5132
9.8948
16.5997
5.4407
31.6088
10.2689
7.34044
25.6246
2.49746
12.4238
1.03711
4.82507
15.0393
5.70275
2.78229
0.459126
8.85655
12.7037
1.50249
19.2864
1.34018
1.05209
1.11852
0.666285
2.22012
10.7259
7.17657
19.32
8.61876
2.228
0.668822
0.306952
15.3182
23.5104
0.954487
23.3625
17.1827
8.87571
0.00709927
0.0136283
0.00260247
18.7714
3.07128
24.4131
10.37
0
0
20.1542
0
5.33055e-06
22.2194
24.3783
10.4989
0.00277402
24.2926
25.27
1.51568
3.32868
6.34687
12.6253
0.067598
0
19.0062
1.03566
0.792016
3.98323
11.3
8.44515
18.5206
28.6457
0.140937
1.99917
0.802017
1.28672e-05
31.2535
24.5689
7.29686
13.6256
17.5574
34.8041
23.8629
0.636875
0.130725
6.25465
0.845896
4.6844
0.81184
9.15251
9.80458e-08
0.000202538
36.9154
0
25.4802
11.1662
1.00461
0.000275718
2.2997
1.65424e-05
0.0779342
11.2213
35.7108
5.90097
29.539
33.3301
0.0092951
1.97123
1.29193
0.643805
3.66125
2.36515
6.02938
0.0143694
0
0.167598
2.08971
0
0
18.7883
1.89794
5.22374
28.2661
6.13928
0.520586
0.795171
36.663
47.6564
1.88571
0.536814
1.80749
2.48304
0.850194
18.1867
0.697258
0.591186
16.0129
1.5349
0.442363
2.26497e-05
30.6603
22.893
1.88356
4.68556
0.0004549
4.79951
0.0188669
0
1.72924
27.7328
0.0197656
36.5442
2.84906
10.7522
0
29.9568
12.8555
21.2783
37.2771
13.1907
5.93991
56.8757
12.3514
0.00254282
0.482485
1.90155
15.8306
29.7243
15.7746
17.8286
1.3051
2.8408
0.775716
18.6998
26.7479
30.1585
32.4257
8.57097
49.9923
18.0693
14.7573
25.0184
30.737
5.17777
7.56551
12.8044
13.2641
0
0.0298198
26.6699
19.72
1.10855
7.79006
3.88416
0.000636204
28.3902
9.8001
22.4276
0.251292
45.8653
12.079
8.37885
11.8937
29.0899
12.9156
43.9466
24.8527
11.0836
1.29964
0
0.188224
23.14
31.9698
10.7805
14.8133
18.672
14.7586
12.6265
14.6995
19.3484
28.2458
35.1317
28.3597
14.4832
13.1401
0.485001
1.42228
0.0718014
0.266738
1.82867
3.52905
2.43523
0.687687
19.8147
0.134169
1.2579
8.62539
15.5926
15.5359
32.1773
15.1996
31.8906
12.7404
1.78933
4.56285
7.7552
31.0845
27.2199
0.000451433
5.52847
5.07876
11.2763
27.1846
31.9189
28.9858
0.0628807
0.0560899
0.0805238
30.7942
10.4655
1.31248
3.0809
5.65806
0.668715
0.981278
3.45558e-06
0.038556
0.00984228
22.0877
0.000232779
11.2866
1.12511e-07
22.3983
18.0079
0.818259
0
0.00250912
8.11044
10.1169
43.3776
22.0572
1.85603
0
16.4001
24.0219
5.75856
1.31759
20.5242
17.8886
13.5471
0.0517216
22.1384
8.45256
1.67266
25.5513
4.07175e-06
0.000346478
11.2518
0
0.00192071
0.614955
0
0
16.7423
0.0496066
1.14926
13.545
12.5683
7.54992
11.4155
5.83176
18.7446
1.99309
20.9884
0.011376
7.55206
10.4656
0.00231939
9.50342
18.3982
11.6905
0.122151
1.21335
0.282122
35.7219
28.268
6.46607
13.1945
1.75704e-07
11.2463
26.355
37.3414
0.316285
10.8506
6.88785
41.8718
14.2096
0.397868
1.56265
0.0760317
13.5147
1.64204
9.93986
0.0935439
0.000122056
0.0385326
0.0354094
13.3208
1.59012
1.66492
0.74245
10.6782
2.10222e-05
8.18461
15.1559
1.82965
11.0434
1.25959
6.73644
17.0301
20.7873
0
6.98192e-08
0.0731807
0.0259674
0.609838
0.0330474
0
0.0865828
36.5824
10.8202
2.1839
8.57943
9.0364
0.517196
9.3677
12.3772
1.15205
5.88056
17.1711
18.6824
21.4046
25.7473
20.3866
20.5373
0.000375977
17.5613
30.3782
39.2899
30.2369
26.8049
3.56827
25.9401
17.382
1.55574
16.0791
0.0197965
1.00473
31.0031
0.758209
0.466649
0.00183867
0.00259709
1.10102
0.00706813
0.226513
1.48214
17.9819
1.91547
0.1222
0.202276
0.00269748
6.50518e-08
0.0292323
0.00907586
0.553158
1.64149
0.0189707
12.1041
6.96749
61.335
28.0425
0.00675987
1.66208
21.3195
16.9437
7.99855e-06
0
17.8156
2.7196
8.58878
18.497
0.210023
2.88302
0
2.4417
11.5408
12.6679
0.00259538
0.981828
2.82947
0
2.3513
1.09699
20.9915
11.3244
0
7.55972
2.51018
1.76353
4.44171e-07
0.922076
15.5921
0
0.0323651
0.444072
26.237
45.5832
7.78858
4.29111
49.5295
4.67353
21.9337
46.5326
5.54668
20.9598
0.32834
1.56537
0.00896782
2.87013
8.64073
3.79085
18.706
2.50677
7.67475
0.660555
0.929264
1.02604
1.9725
0.00843766
0
0.968231
0.144074
10.695
22.3038
2.77916
28.8532
0.125621
13.6642
2.42607
1.06812
5.43969
0.440936
0.351661
1.45692
15.4773
9.80798
7.65907
20.0281
21.0385
18.5526
0.526986
19.9597
42.8763
0
11.4719
0
1.64379
0.0198289
0.727371
17.7705
0.587523
0.62718
1.04228
4.14669
7.66781
14.5649
3.35237
5.93323
4.0558
2.20256
0.735013
0
0.697921
8.63367
4.74856
0.00521838
0
10.5243
14.3699
13.7609
17.5987
1.3778
2.23891
13.0955
5.72942
0.361886
23.7992
0.0132598
20.2743
6.10786
3.80871
47.0554
39.1414
1.59068
0.398094
38.076
49.5563
10.6186
18.3727
3.65123
28.4031
6.03168
15.6449
1.25288
8.83163
9.34293
12.7412
17.0535
10.7355
12.6964
5.88556
5.19328
7.55771
9.90763
5.33672
0.000428059
2.05005e-05
0.0465734
0.495335
2.91551
0.501557
8.14464
0.796588
49.227
0.268259
1.40649
2.47212
4.49978
2.08621
19.7848
2.40387
4.44953
22.8604
27.4265
22.3385
44.3326
11.6973
1.81664
2.62108
33.698
24.2357
33.5754
12.0254
0.173582
0
11.995
16.0078
1.22025
0.668311
7.57343
0.569874
0.029849
1.85226
1.25248
0
0.822701
0.000496905
9.64893
2.66623
13.9756
0.00953715
52.4998
2.72366
0.152432
0.373439
8.73494
1.40636
9.43387
12.2595
0.0011849
8.51286
34.5273
3.48404
0.273836
57.6268
2.25798
1.90912
4.14752
0.87119
1.76201
0.0414556
0.0064697
0.954739
12.7138
1.31055
3.3341
1.15119e-07
1.67835
1.11667
16.9628
1.99906
0.724377
0.0227522
0.861062
2.76023
0.463635
0
32.5164
0
41.7629
1.73325
4.44949
12.062
0.872622
1.79208e-06
5.48402
0.570252
2.6566
1.86574e-07
20.1667
8.14241
5.50826
13.1239
6.56139
5.54378
0.805146
1.14998
0.557024
0.938037
5.07974e-06
4.12294
0.0331247
2.52633
0.246626
35.4052
16.8882
3.42577
2.79673
4.56679
0.000210177
9.18434e-08
0.219311
9.13763
1.41946e-05
2.7645
1.4741
1.13614
0.630096
1.45088
0.305259
1.33883
0.113621
0
0
0.893721
2.92934
0
0
0.663778
0.00483654
0.122281
0.0288958
0
0.792659
0.0338667
0.0017751
30.2019
2.53145e-06
3.3627
9.95519
0.416458
0.800625
37.823
2.42161
16.5902
0.195691
0.347085
1.60438
1.00694
3.51355
0.84267
7.76561e-05
0
0.816677
0.98989
0.0337283
0.908783
12.4825
0.141839
0.099981
7.47981
2.82872
0.0456504
26.719
0.0184187
0.963572
0.901275
1.37697
5.40614
5.70109e-05
0.219111
1.1218
0.000371467
0
4.40175e-06
8.54935
0.11275
1.7725
4.36402
1.56624
0
0.0989994
0.047293
0.792783
0.606999
0
10.2896
0.362795
11.6558
0.0455135
0.0790801
0.000672216
1.0313
0.000213622
0.0551974
0
0
0.0245573
25.4112
0
18.1565
15.083
22.615
46.3152
0.547498
24.7051
13.8091
26.528
1.1823
0.0124211
16.881
1.42877
18.907
0.858515
1.11857
1.77675
0.00108001
0.861732
20.7144
10.1172
0.00180904
0
14.754
3.2452
6.42574
5.95251
5.24442
28.5649
14.3165
33.0913
0.000117437
1.85098
21.5413
0
28.4152
19.4094
33.4729
40.0276
5.63493
14.5294
19.2348
27.3003
45.6574
39.0985
41.2388
4.10363
5.74308
3.32843
11.3951
12.6042
0.136666
0.0538818
0
0
10.9116
10.959
8.68576
0.000711965
3.55328
1.23443
0.0288257
3.43595
7.10962
7.27125
8.32524
2.66085
9.57448
10.6549
11.634
14.2324
4.13579
0.77352
0.554895
7.41852
14.9145
7.44437
2.37785
1.25753
0.490142
13.0082
1.12923
1.03578
0
0.000724824
1.26977
0.455632
0.791913
0.00190886
0.393421
0.249933
0.0233046
1.02662
1.89859
0.0233993
0.718252
0.668503
0.000197963
0.00513342
0.847279
0.0870796
0.133365
0.71558
1.17052
0.791388
0.296835
0.320141
0
3.96959
0
0
0.886316
0.39775
0.59514
9.26963
0.352913
3.95192
0
0
0
13.4629
0.00201804
0.366226
0
0
0
10.0028
0
0.00545316
3.15838
0
0
7.12578
1.2253
9.91093
9.53786e-06
0.751885
1.74537
12.8816
24.4939
1.4522
34.8263
24.3802
18.1601
8.55116
28.9433
33.5435
37.5419
47.3113
48.0086
38.6243
30.4535
0.0212352
0.000297844
26.7332
25.9895
34.0606
19.5518
23.7409
19.4347
8.10647
32.5752
29.9525
56.4945
10.9473
24.0761
44.5894
16.546
20.7866
14.7506
0
22.5324
0
14.2597
36.8443
34.9987
37.6043
11.9409
23.3506
28.7677
16.9115
1.70429
15.7505
21.1524
17.3159
20.7067
32.4238
39.7973
34.0908
30.5682
23.0732
36.122
13.5169
22.6914
0.175012
33.6397
28.9066
17.8859
0
21.3066
19.8809
2.16185
1.88352
1.39806
0
4.13398
2.88567
12.7055
5.72595
25.892
3.68119
0.00570903
6.55777
0.416081
0.952787
1.8821
13.9618
0.750823
0
0.960973
14.691
0
0.876067
1.51243
1.50055
3.88877
0
1.25579
0.775372
5.39395
0.022249
14.0662
4.43016
3.64569
4.00965
5.00182
7.05308
4.19972
12.3651
37.8377
18.3823
31.7598
17.7355
20.4759
50.4128
28.2713
36.5812
18.5484
36.0886
23.1695
0.259453
23.0336
25.2662
22.3891
5.76684e-08
16.7767
2.73475e-07
5.89632
9.33101
3.78944
18.2953
12.0251
13.8741
1.94615
27.7589
0
0
9.45885
3.97798
3.04336
0.000920555
1.60346
0.0631263
0.777572
4.27615
3.33126
0
0.223598
9.65216
0
0.0152862
0
9.33685e-05
0
0.779926
4.25972e-06
0.330349
35.1899
0
0
0.000248206
3.67488e-05
27.5135
6.10296
0.990643
2.99395e-05
29.0159
17.0403
0.236174
16.0985
0.00282432
5.39933
1.70361e-06
0.251708
0.071044
3.42703
2.19934
16.818
5.46675
41.671
1.1488
2.73213
0
1.80322
0.538978
29.9956
0.669833
0
2.71031
17.5933
8.32609e-08
16.8688
9.97864
8.88879
9.13357
6.83911
22.3239
1.22502
6.83545
10.1097
4.12451
1.2154
41.4316
2.50191
0
10.5918
2.63857
9.71845
1.17096
16.2207
7.39694
9.02684
8.52915
37.3856
8.88487
4.76544
3.73815
7.28827
13.8213
12.6712
9.51364
23.2581
9.62892
3.65267
0.346567
0.18606
2.93286
0.0331842
9.94352
19.7825
39.1597
38.5539
0.822618
38.7275
35.2886
9.2834
23.4034
14.7375
93.3026
10.8662
4.45406
4.38276
45.2663
30.116
12.3906
28.0074
6.78231
0.00683871
0.00326625
0
0
0
0.0534047
0.792247
0.164474
11.9594
24.8521
35.322
1.83682
12.6084
0
0
0.0472227
0.199514
0.0292544
0.0104471
1.07758e-05
0.00088953
14.007
0
5.01611
25.2529
1.53594
27.2261
4.48495
6.92574
0
0.0297716
25.2719
13.2491
0
10.5445
14.9058
8.40645
1.18904e-06
11.04
5.61398
0.980599
4.55879
15.5594
7.3618e-06
0.385918
1.35045
0.0306719
0.61689
0.217139
23.0643
0.802874
38.8202
18.1305
32.4138
0
0
0.00545986
0.477115
0.978206
23.0958
15.9791
37.7638
0
18.7823
16.6894
18.6731
15.1446
2.55322
3.46459
11.0571
0.0106127
0.370357
0.0938903
0.537267
0.239246
1.95924
0
0
0
0
1.093e-06
0.979052
0
0
0.476134
5.95701e-08
0.379794
1.04704
0.019488
0.0158224
11.2521
7.32084e-08
0.0544101
0.026514
0.00805208
2.69196e-07
4.254
16.9644
0
5.39397
5.59057
0
0
1.33805
0
15.7344
2.10409
7.38703
0.58834
10.3389
1.89139
7.05335
2.58686
8.84553
26.4107
9.32606
3.94585
26.6699
27.7063
25.956
11.9168
15.2227
22.0886
13.1821
15.1958
18.5527
18.8013
19.3929
10.644
15.5814
22.0456
15.3271
12.2072
20.2823
14.4525
17.4465
13.245
9.49304
21.1294
14.4124
10.8951
7.74017
2.24564
3.50553
4.4695
0.145941
0
8.07412e-07
0
0
28.7361
22.8096
0.0751914
2.19419
2.37465
6.6537
0.00292654
0
7.52359
0.00290398
35.5826
11.9045
0.17751
2.03784
15.9334
29.6817
1.70938
19.0682
19.0307
19.5329
22.2037
3.30626
27.2262
0
20.4889
21.0261
6.20214
24.625
8.43625
7.64638
6.37785
13.0528
6.44894
17.1082
44.0127
18.8893
19.9498
8.16587
2.25246
2.46837
28.2617
11.9932
36.6767
13.3692
24.929
18.3451
20.846
14.092
20.8151
22.575
15.7149
20.7944
19.0581
17.1661
18.234
22.5221
10.4706
0
0
0.498977
2.44609
8.03154
14.3664
12.0565
11.3364
11.9235
15.481
16.362
15.6802
13.0508
6.45812
10.6545
28.6287
5.89841
5.25463
6.79206
9.15023
22.54
5.21753
42.2495
3.74346
3.04863
10.5345
9.45884
8.12293
3.53597
6.46992
7.12503
7.42688
19.5637
10.9041
13.3967
6.07355
22.3227
21.8883
39.932
38.6069
30.1056
9.53201
12.3551
0
1.99052
0.391782
13.1984
17.0727
9.303
13.0553
0.00888662
18.5594
22.5941
15.8656
25.3284
11.0004
28.6247
28.2833
48.6695
0
0
8.38084e-06
83.3421
63.8284
54.7865
3.85012
74.4882
4.91099
22.3597
0.0708944
7.85341
0.914352
10.0258
19.9863
1.9778
8.98128
68.3487
53.588
24.9724
7.08886
0.00256664
50.2973
17.8213
43.8923
6.90226
11.795
36.9393
35.7706
25.5962
32.3274
21.4374
17.252
20.5781
29.559
4.94164
24.2924
35.9537
36.3244
23.7907
34.7327
15.1083
11.4311
28.5225
33.581
25.1568
23.6622
34.5824
18.838
34.1998
9.94813
13.2831
0
12.5805
0
4.90581
20.0498
23.843
17.7433
20.8687
11.5888
19.7984
17.4407
17.0539
13.0973
19.7126
16.6491
16.284
19.8524
14.626
7.97001
8.38633
13.7688
15.0974
8.37689
12.0252
11.9975
1.97265
17.3767
3.21636
19.0671
7.44915
15.065
2.87801e-06
1.60108
1.26932
23.1397
10.6777
16.1833
0.987184
10.4837
23.8647
5.12182
6.15223
0.385203
7.94042
12.7935
16.0621
7.74795
0.741322
1.7969
16.2957
4.50457
2.7395
0.0163487
4.288
7.38731
4.32977
1.9031
2.26279
2.75637
0.741232
1.82864
4.93874
1.16644
0.136568
22.2023
1.88079
1.17953
2.52832
0.433895
1.90405
0.101779
0
0.00271672
1.22407
0.582692
0.0436328
0.407634
0.0468933
0.272249
0.0127384
19.9023
0.830139
0.958037
1.78866
0.895095
14.0353
1.35462
1.73725
0.43766
0.323016
0.88831
0.388874
16.2337
0.264305
12.3153
0.242095
24.9308
0.856067
34.9462
0.610817
0.912601
31.4361
1.63275
22.3861
12.6782
53.9994
0.00127928
6.70249
0.000351709
1.16982
4.67125
0.0217969
17.0308
28.4136
3.17731
0.000159874
29.1575
1.2416
0
2.18133
0.206166
1.41603
0
0.735234
0.00173433
2.24963
6.6296
2.77605
0.908574
22.6709
6.70901
0.0153671
12.0937
31.2601
2.01223
17.5166
0.445352
27.7923
24.2971
22.2181
9.56157
0.123445
0.0682818
0.0307934
5.68917
16.8084
0
1.02841
0.0305499
1.67594
0.73391
0.00731898
0.715799
0.0211196
3.03401e-06
0.432614
4.0912
0
0.28772
0.00219974
3.46154
2.32389e-05
2.08696
0
0.261186
0.00895793
8.09317e-05
8.02542
0
0
0.00123418
0.000985185
0.0159675
0
6.80219
8.24652
8.68627
20.4532
14.9895
28.7902
12.8627
7.20682
0
0.606341
0.0108756
0.63294
6.86618
5.83897
9.23562
0
2.27452
16.1533
47.785
46.1342
28.6427
3.28492
4.62447
13.6296
15.8712
1.46168
12.201
21.9835
6.29104
19.4829
8.79563
2.53888
29.9698
21.0661
11.1148
34.3087
2.37111
28.2421
5.0536
82.0742
0.0651029
98.2432
91.9899
1.68999
1.29887e-05
0.50266
3.0526
0
0.714976
0
1.54824
9.09915e-08
0.279571
3.12685e-06
15.7966
0.0130953
6.38404
2.44894
17.0431
3.62057
3.13232
20.3007
26.1238
7.39256
3.42928
0
12.5291
17.3032
9.62935
7.93413
18.8321
15.2214
26.742
1.9996
8.52974
0.211886
12.4289
11.3559
9.79409
12.1069
0.0346008
12.148
11.6061
26.4565
4.35872
9.89059
13.7818
8.71294
3.7428
13.5425
14.8177
4.20266
6.98594
1.12843
5.82038
26.6424
5.54899
1.52901
20.1881
1.38892
12.9888
6.05966
0.598475
7.0618
2.10544
22.7929
0
28.3162
43.4109
30.7138
43.058
21.7828
17.6242
5.88488
12.5057
0.0164021
0.00409303
14.4961
0.950469
10.0607
10.8655
18.1554
17.5714
15.2037
24.6246
27.353
49.4162
21.9494
19.8016
0
0.777204
1.45514
7.03241
0.522785
15.7628
2.46684
0.263023
0.0363971
1.21081
1.59328
0.935346
2.89706
2.55565
2.08359
0.760113
0.10685
2.24414
21.2446
7.8727
8.35175
6.00948
17.8899
1.66891
15.5771
0.00736634
17.7978
0.908498
19.8065
2.87025
1.75854
16.2406
0
0
0.0437668
0
0.100287
0.857964
0.877217
0.00550224
0.222206
0.0632173
4.08183
0.47687
0.941962
1.65895
0.541313
0.0810254
4.82122
11.6266
16.4892
4.94569
0.0117045
0.493801
5.84381
0
0
0.196127
0.0102709
18.8232
0.962495
13.8859
35.598
36.1739
22.7256
49.5861
21.0035
34.9104
3.94668
25.1913
14.896
1.22245
12.9588
5.71402
1.81317
0.0227225
27.2236
0
23.5272
23.6004
12.8268
4.59199
11.9186
21.4993
1.243
28.0739
25.5382
20.931
36.0481
1.23639
34.6735
0.589216
18.575
10.5575
1.13059
10.5087
6.98187
3.53941
2.37389
0.727199
8.35877
2.72504
12.3433
11.8448
2.93861
0.728836
31.6217
24.7569
15.4734
9.52009
20.7861
21.6315
37.7609
9.45835
26.1148
19.7344
22.7039
33.3161
24.0474
10.7587
4.62371
0.00117177
10.9282
13.782
45.2928
11.9786
6.1702
26.9418
6.05424
8.23617
16.4377
30.2719
13.2039
32.5762
22.938
15.027
31.8347
30.5658
6.09309
31.1389
15.8749
0
21.4886
30.4877
13.7642
6.47351
34.4379
0.816352
28.3667
46.6793
18.0259
0
0
47.1
23.078
37.3863
33.7205
3.56246
35.3884
28.3748
4.54304
40.7223
44.3036
23.8479
5.57929
31.0844
50.6361
35.3741
19.0137
56.6444
13.8099
31.1395
20.5329
50.0997
42.7498
0.982068
50.84
36.6409
26.8638
3.97854
23.9325
44.1468
71.2217
23.1616
0
37.9876
26.9334
27.1254
1.78508
12.1783
9.10577
28.1915
13.0841
15.4289
13.0213
32.2223
1.78332
0
7.6774
4.71922
15.7469
1.11583
11.8252
26.9068
30.8133
15.1497
17.5554
0.165788
12.6379
1.55659e-05
13.7993
16.7906
13.2604
19.6919
14.8377
29.1743
41.288
30.2715
27.4278
18.4754
26.5554
22.9846
1.02885
22.6091
17.1504
21.5534
0.777449
16.1269
14.3455
19.3661
21.0587
4.63011
26.9317
15.9774
0.107419
11.0673
14.9709
13.9925
18.2543
10.3381
0.0128986
11.1579
18.6757
8.9473
1.65
4.96594
1.04242
2.20398
3.46245
23.6241
3.18558
21.0852
22.6614
13.7337
23.5565
22.9964
2.66451
29.0178
0
9.89943
9.60076
13.3696
0.0126633
10.8843
22.7692
10.0412
10.4461
8.20326
19.0147
55.7946
19.925
16.5564
16.3043
16.3404
16.7624
7.1842
29.6347
16.6968
17.0818
25.544
0
24.1195
29.6374
28.3165
20.4864
5.56638
12.6936
3.67472
14.6878
17.7196
17.4199
25.0234
15.003
29.8014
10.7624
16.7464
25.0022
8.62682
11.0028
12.2716
17.1001
20.1087
0.909047
13.6139
21.5472
13.7978
31.5976
3.01239
1.47526
16.5262
2.87264
28.3927
22.9476
0.26205
20.6182
1.59871
20.8715
9.11928
29.1282
0.088582
9.66757
8.33901
13.334
10.2593
9.06147
4.48513
5.08024
2.26502
7.17698
26.8706
11.1787
9.68045
14.0206
39.1211
28.1986
5.87199
25.7536
11.9576
2.98597
16.2657
10.6972
15.3792
16.9296
22.8169
20.2252
0
13.0793
0.363716
22.5243
2.16465
5.16217
25.1743
4.25607
2.74068
66.8837
4.00555
58.733
3.09485
28.943
1.11733
2.74348
34.9761
0.259473
0.674259
0
0.269333
0.621527
34.9225
5.34892
8.48496
23.853
32.4882
24.9137
20.6077
2.74207
6.58186
6.35635
21.5663
28.5919
0.0561396
52.881
41.2638
2.89407
12.805
0.172787
19.3666
11.1777
1.01917
7.7424
2.71403
5.06614
11.9111
0.925363
0.0361492
0.061018
1.33273
1.01937
7.29442
26.2319
18.3639
0
1.98665
12.2656
11.2785
13.8864
14.2228
10.0386
7.66658
9.95416
18.7001
19.0482
8.48913
0.0238848
13.2353
5.74447
8.73007
13.4042
0.742209
10.5454
10.8261
22.7695
13.6456
14.134
9.33753
98.5442
10.3662
20.241
10.8469
112.683
6.20941
6.35938
17.5251
9.17599
10.7214
10.0916
5.98004
10.3367
4.03427
9.98981
6.7605
7.93588
14.5265
65.1402
11.2881
38.5572
1.42259
0.0029772
27.1068
53.1492
0.671921
0.000947322
0.820714
0.0812651
9.9108
1.78943
1.33043
0.0925432
0.871209
1.22221
0.924757
0.606285
27.4681
0.0859021
12.3336
25.0929
0.00650059
0
25.7168
1.40966
20.9177
0.000211728
16.1345
9.76306
1.82589
1.01718
0.145845
2.55707
0
0.741661
20.5701
6.21895
5.53021
18.9512
0.461867
0
0
0.00375026
0.0128167
16.197
16.7365
17.2097
2.4216
9.05657
0.830812
21.5485
7.45864
21.9686
12.7694
20.1786
14.6467
37.2769
7.7024
18.2797
26.2928
20.301
24.1428
12.2725
5.70655
34.1236
18.8773
35.458
19.1997
18.7796
1.19192
18.9863
0
0.75399
18.5625
22.5733
19.0009
11.5043
5.66763
5.45828
9.98271
0
5.76357
10.9499
21.473
20.7272
19.8274
22.1546
33.0351
10.1929
8.32943
9.9567
7.09812
19.0688
18.777
22.6469
24.043
4.24031
12.4191
4.41243
5.83897
0
0
2.89941
9.51926
6.31086
0.965786
4.33296
34.1577
35.7723
19.6197
16.6076
12.6326
27.3068
47.3117
12.4193
21.284
0.929743
1.35336
9.94386
18.8694
17.2948
19.858
31.3639
12.9322
25.2946
21.5463
0.177072
0.0569776
1.84284
21.1551
10.6107
5.28686
6.50716
1.50411
20.2474
8.86201
0.036645
9.95432
3.17415
4.57626
3.4983
16.849
23.4703
3.74321
0.692276
19.0382
9.84879
0.00764649
0.229967
0
0
0
1.39981
30.1201
5.56378
2.28631
0.124632
0.148225
0.937427
30.7858
0.703059
33.8077
19.7026
0
40.4529
8.81685
2.71286
3.1171
29.2809
9.47944
0.591208
0.975105
0.11965
0.0607608
0.00108469
0.0939535
0.0542166
1.09703
5.779
12.2085
14.5032
9.32476
2.06121
2.23946
0.0241145
23.579
7.80856
0.883229
6.89798
6.21251
6.09537
25.3585
29.338
25.8548
16.6571
29.4337
8.52463
11.2271
12.0453
4.10681
28.1697
8.87696
7.88671
14.3863
18.056
19.3975
0.404086
10.6224
30.5105
0.00317402
4.86993e-06
0.00646622
0.000312258
2.18124e-07
0
0.0463984
1.78964
2.49239
4.17864
4.23312
13.2691
0.0525882
2.71242
1.07946
6.56384
0.0113866
37.202
13.5115
34.3748
35.7031
30.5968
40.5924
33.7681
6.36306
9.05334
19.1742
10.1459
7.24895
19.2895
16.2562
6.01498
7.23894
24.4209
1.70255
21.9495
17.4567
5.23671
17.4629
21.7982
11.7667
11.1004
0.973948
8.82731
0
16.1679
4.63592
1.01151
15.701
42.3347
0.218814
34.4499
11.3547
26.9273
16.2542
2.2971
17.3929
21.8238
10.1919
19.0585
23.4631
20.0602
0.344793
6.58579
17.0664
9.32862
1.01188
2.86025
38.0818
1.9843
3.15083
3.3192
3.48334
0.99965
1.42131
1.82425
3.25016
3.79941
0.691644
4.47563
2.31721
1.24867
10.6934
2.24032
1.06841
3.40262
2.0247
0.0544509
0
0
1.22419
0.347702
0.114081
0.67873
0.16623
0.376103
0.000113888
0.431968
0.863582
1.39017
34.599
0.311512
40.0544
14.0645
3.77728
10.6526
21.6867
0
1.76121
0.678948
18.8549
0.799631
4.49399
8.85376
20.5701
0.965561
15.7509
16.0667
24.3952
37.9983
17.0362
19.2651
48.3431
3.02985
26.1828
48.3071
0.27464
1.20766
22.2019
0
2.59587
20.2055
1.12254e-07
7.19529
0.872438
8.20593
1.31063
0.279204
0.15159
0.322047
10.9231
0
0.537759
0.193492
4.92028e-05
28.577
23.8856
21.2283
20.5872
0.867958
20.5979
12.4295
4.38245
23.7014
33.8665
28.8426
4.62071
0
0
19.9468
0.501241
0.791089
0.00740828
1.84487
3.38067
0.232937
21.4338
1.96211
2.84411
42.2828
0.959748
1.22672
0.474385
0.108899
15.3544
28.9999
0.0227353
0.927019
4.0116e-07
0
0.112849
0.834576
50.9117
0.118826
4.21384
9.54298
0.00380933
0
2.7316
4.08458e-05
0.292269
0.654992
30.6791
37.5587
0.000330097
0.718851
0.491542
0.611781
8.9798
0.0114373
0.080845
0.0349386
1.10682
0
0
0
0.0239961
0.00534916
0.700281
2.2511
1.275
1.53015
0.175367
10.107
0
0
11.4349
0.764669
0.76478
0.860464
0
0.00136315
0.04791
0.66237
0.00303421
3.99097e-07
0.000216881
4.50723e-07
0
0
30.2017
0
4.67444
0.4244
0
0.224377
2.95418
9.62684
0
0.10932
0
0.225286
7.11991
36.7364
4.84274
2.89603
3.08652
0
4.23338
9.52117
13.2921
3.28597
0.326089
3.14458
3.78003
16.415
3.6042
0.000119087
2.91057e-05
4.27731
0.00238559
0
1.06474
2.77064e-06
1.26149
6.4844
12.0732
11.4491
24.9852
0.0368864
29.8222
6.93264
10.3513
10.766
0.0012288
14.8284
27.044
2.0731
3.70777
10.8451
16.6052
0.00782838
2.17893
0.299868
0.0134364
71.1191
2.6734
1.85639e-06
15.0566
0
0.0607588
2.66539
7.6193
0.010928
10.1536
26.4131
0
7.68779e-07
3.43076
0.0786952
3.69936
0.166252
0.00950085
1.61236
0.196856
2.6082
10.0004
3.67678
0.855342
17.6467
11.5148
0.922807
0.0179408
1.1592
0.654821
0.864515
23.079
11.1065
9.24584
0.220133
5.86349
42.0089
26.7305
29.6993
0.0067592
12.809
35.2367
22.0762
53.3536
0.698072
0.317421
26.9469
5.79909
53.8973
6.04178
4.59761
23.8029
0.494739
1.27231
0.451322
0.184669
30.5405
3.11965
5.0997
32.6509
38.3605
2.32797
13.6039
21.3354
7.33401
25.3386
3.54555
10.1241
32.4095
2.20084
2.67719
20.7698
20.6772
1.0894
4.56342
30.1104
13.4641
17.2599
8.76555
18.9967
6.91846
19.51
21.8689
1.57653
26.917
0.177618
13.6733
26.3125
14.422
25.0326
0.181865
1.27901
1.15221
1.93895
2.83104
2.33902
0.00479054
0.190369
0.236986
5.73584
8.99415
1.73722
0.88063
7.25704
0.0182164
1.49949
2.02521
4.89176e-05
12.8722
7.57667
0.933673
1.54411e-06
5.23501
28.5657
1.12121
7.88806
44.6186
7.15149
6.89766
24.294
32.7933
1.3876
4.31611
0
0
49.2953
0.775842
2.83321
19.7323
10.1103
7.80626e-05
63.4971
8.35758
0.273085
0.502756
1.14358
30.5064
5.47094
3.71022
42.5662
16.7864
6.80766
36.7034
23.7784
17.5747
14.7878
9.9209
20.8265
13.1465
30.9356
14.6702
15.5907
32.5566
14.9251
12.8486
1.34497
10.5052
0.0177828
4.77667
14.5653
0.975871
9.36902
16.8909
19.8121
8.60438
0.997678
1.63574
1.43767e-08
1.44097
1.17045
0.0112889
1.61353
0.594939
0.00516932
0.0814428
0.08475
0
50.7311
42.0474
0
24.3984
19.7828
23.3882
7.15576
7.10009
7.07843
1.29706
13.9942
6.50494
8.18679
10.7671
10.3712
27.8799
14.3546
28.4051
10.5018
38.9661
35.7559
32.9634
35.3124
27.503
23.043
38.3204
26.8034
3.05272
0
0.507488
0.000259976
2.0478
1.01371
0.29348
27.3317
1.75811
0.28776
20.8187
26.2005
36.4832
18.9982
38.9916
27.6431
0.120614
1.46916
0.0108304
0.000226351
0.128972
10.2393
0.250805
0
0.326501
22.369
35.6397
16.5037
10.1192
26.4346
5.58426
1.50153
0.75387
4.40669
0.834466
0.0134781
5.35481
1.50686
4.59885
1.10676
0.535162
19.583
0.734243
0.67864
1.30233
1.69549
0.719815
11.434
9.30983
2.77514
2.93441
2.47351
0.517836
0.0157916
0.845695
15.9154
2.85607
2.09969
0
33.1662
2.59537
0.0160625
10.4063
0.336648
34.5875
0
4.19564e-07
42.2591
