7.77984
8.21613
5.70744
0.377775
3.85058
13.4523
0.0318534
8.7295
0.0562556
6.2809
16.8022
1.04876
0
1.87008
15.7569
1.91157e-05
7.52839
18.1841
19.7828
8.08574
8.00284
0.00166312
0.0513569
0.394424
2.03737
2.80427
5.87016
2.53221
16.369
0.0186884
0.970468
2.19567
0
2.04916
2.74783
0
1.90242
13.5105
6.30377
12.9065
10.7802
30.6841
2.99196
15.3763
1.57507
13.0889
5.17173
0
0.237098
0.78946
0.86527
0.736941
16.5857
1.45496
5.95143
1.54813
27.6525
3.52096
1.30437
1.29668
7.1696
0.00345754
11.7061
3.52793
18.1675
0
7.26371
3.80443
6.62908
0.846862
14.0627
0.000112718
0
0
1.44055
5.02265
8.3886
2.78887
0.000849851
0.580966
0.644469
0.729094
0.844882
0
22.129
7.34916
4.97896
8.26868
8.6463
9.22272
15.8723
6.73603
2.08341
3.4188
6.42452
6.76773
7.80861
14.8075
3.42132
0.439312
3.5823
6.63703
6.7958
10.5536
7.65235
2.86858
6.06264
3.85668
1.72423
13.7235
4.47266
5.15463
6.1104
3.52776
8.74214
4.90905
2.07446
2.48095
4.49792
5.05608
6.59671
2.93005
2.01662
1.90408
0
1.73051
4.51627
0.971125
0.000957503
0.364713
8.32936
1.21925
0.778968
7.94363
0.557106
4.28888
3.52052
1.81312
0.236976
3.4133
1.0962
1.72089
1.59715
4.47412
4.83538
0.921154
0
0
24.6832
81.7182
4.53849
2.19261
0.00157614
1.57306
6.51369
8.33906
34.3955
13.3944
15.5153
0.674123
8.33118
12.7638
6.4266
3.04109
1.01867
0.456521
6.31082
0.0731126
7.1943
4.76406
3.00042
3.05171
2.56789
0.553548
1.90154
0.400848
0.00017763
0.0405449
0
0.0417385
1.11379e-07
17.0127
0.01036
0
11.4535
7.34736
17.406
4.4882
19.103
59.0303
31.6565
28.5829
21.3149
21.8223
3.81609
0
9.04339
6.63586
9.0619
10.8227
34.621
102.715
32.9577
71.3442
16.8406
3.89646
20.6099
3.66637
77.1743
8.43468
30.4626
31.1354
1.52063
25.2373
15.4154
22.4846
6.38997
36.7165
17.3835
8.16757
3.75714
7.3064
31.2883
5.00398
13.9288
18.3421
9.9584
19.4149
28.3409
1.46246
3.66406
1.26195
21.5057
2.87668
2.61837
4.36433
7.71666
4.77397
4.50072
6.71205
6.74851
3.32605
1.18285
0.393277
0.788889
0.828425
0.0423843
0.0929537
2.35931
1.92007
0.223317
1.05362
0.794795
1.65206
0.0294084
0.159052
3.59633
0.424752
0.016204
0.989431
0.271857
0.00516583
0.0108077
0.868481
0.230045
1.19553
0.0643856
0
0
0
3.52382
0.634088
9.80453
1.27357
0.241271
1.66714
0.667251
0.00788286
6.58858
0.00419465
17.4819
0.558808
0.162911
0.0955423
0.0495905
0.956959
2.24088
0.952614
0.000874516
9.55866
0.863661
0.000136537
4.2139
0.867007
1.18539
0
1.07167
29.5377
4.86763
6.01857
3.20691
0.524598
4.74352
4.29457
1.62901
21.4095
9.09341
2.87861
0.186233
1.75276
1.31981
1.18172
1.50242
3.66691
13.3394
14.259
29.4928
8.46597
10.1892
10.0982
3.199e-06
1.76516
2.46824
1.09392
13.1415
6.05869
0.982382
1.59968
0.314813
0.114875
1.52095
0.562807
0
0.841159
0.457208
2.83503
3.86294
4.71926
4.04392
1.50763
36.8377
2.26422
7.65475
0.613911
1.35498e-06
0.11317
2.28739
2.04303
5.19286
4.57176
0.0903327
0
11.3281
9.13268
0.000175239
1.63242
9.72881
5.02174
0
1.2516
0.988342
2.69858
0.00020328
1.28764
0.00579875
0
0.536689
0.134201
1.23059
0.689684
0.747107
0.692003
7.23916
2.49285
6.13049
8.13688
1.42258e-07
11.1285
16.457
17.7938
15.0077
3.90608
1.1531
13.4162
23.0653
3.45104
2.35576
6.37725
0.635549
4.67212
1.93776
3.5375
6.48123
8.65503
0.0572537
8.13732
14.2394
12.9812
8.32375
28.8567
6.4137
27.0651
13.3364
13.084
21.2773
9.84259
6.63859
25.7904
6.67806
4.59314
11.8069
10.4405
5.81633
11.5283
5.2162
5.97405
38.6983
16.656
10.1077
5.39414
1.84851
6.14618
7.04057
6.68513
13.352
23.5874
14.7535
5.97009
15.1034
13.4345
12.0629
8.39766
13.8194
19.7668
10.3559
16.2733
31.1692
1.19405
1.90463
11.1848
4.76188
8.88413
15.1225
14.3968
19.5296
0
1.80764
0.0460366
1.96709
2.96075
4.66711
3.46603
21.3176
1.55156
11.2308
7.44535
27.5522
13.3019
8.78523
6.29352
2.51333
2.38791
4.33894e-08
0.514655
2.37367
1.0897
10.051
5.37641
0.561161
0.854513
2.2348
3.03066
1.75443
0.537164
1.49581
1.28087
2.11165
4.32414
1.97821
6.82135
8.07762
5.59035
1.12149
12.7555
16.3819
8.87102
6.61275
6.40629
2.82093
9.81488
16.5212
20.054
17.3832
0.861079
2.05623
8.0243
0.028359
0.506588
1.11221
0.000786032
20.6405
23.0683
24.3207
19.7736
41.1394
15.8761
4.4777
4.95217
0.560255
3.05057
6.27701
1.26593
1.61366
13.4925
10.8041
22.9587
22.6408
3.32921
24.2483
7.0733
2.58281
10.6274
9.55569
0.119217
0.00170855
20.0159
0.000553201
2.5454
0.00136728
0.110091
1.36566
6.7958
0.0284562
2.25213
0.518405
7.69471
0.905369
1.06983
0
13.3986
6.46596
0
4.98814
3.49208
4.92061
3.36082
3.68407
7.48543
9.89324
14.0823
40.4574
22.6639
0.0224642
30.3305
0.777208
12.0045
25.7791
25.0436
12.3758
15.2187
8.1834
2.85898
4.54411
7.35892
0.624905
0.000674087
6.6288
0.00898722
5.12149
4.46615
4.73657
13.3884
1.72714
2.55027
3.70351
0.773728
1.86909
13.3389
28.5293
5.7098
0.0644639
3.79626
0.140243
4.95032
5.25552
0.908761
4.57416
1.89356
5.34374
3.1458
2.13759
0.957739
10.1847
1.38781
14.0711
12.0558
13.6005
2.26374
9.09675e-07
19.1008
12.3478
12.2089
8.47123
0.0621065
4.38837
21.7284
0.154781
1.18934
0.0427333
1.45823
0.536407
0.0711329
26.2022
2.92494
5.79054
0.532102
3.29887
1.85993
8.51146
1.36089
1.47011
0.0817621
0.866164
0.0140455
1.0959
1.24658
1.40398
1.90677
1.995
0.0214511
2.08668
1.11579
0.00111647
1.75712
19.4686
0.18698
13.3433
4.07826
6.35707
0.478282
8.62626
4.85539
8.34858
4.69156
0
0.812182
0
0.889026
8.15381
24.3143
0.0925742
16.0306
0.0884935
17.156
9.30891
10.6447
15.7447
0.089879
1.68772
1.96434
0
0
0
0.100884
0
11.4641
14.5159
18.6446
6.28885
14.6623
2.70737
10.5326
7.55512
18.6565
22.9388
0.0331491
1.92093
0.660915
14.225
16.3198
2.87029
0.000373209
12.021
10.2715
0.447533
7.97678
0.928628
1.39296
1.34493
3.25229
4.51972
9.57796
10.6055
8.36993
12.5088
1.20028
4.06313
0.0299746
0.287989
0.279959
0.0228765
0
0.00853492
0.896171
0.539966
12.8376
1.42135
3.88028
2.64973
0.00157309
4.01563
1.7817
0.407546
8.62029
5.43862
16.7743
11.1571
10.5639
14.6672
10.3385
15.9215
16.6622
13.4953
27.5948
26.3372
0
3.41214
26.3619
3.51562
0
5.27842
2.60261e-07
32.4261
112.599
9.91781
18.197
20.4044
5.59914
7.56177
0.25667
0
16.4633
20.0794
0.311063
0.0731578
0.371093
0.422416
33.1977
0.878336
0.947876
0
0
1.41283
0.720608
0.851437
9.76498
18.0069
5.30105
0
0
0.285282
7.81292
4.45442
0
0.609691
41.5173
0.815083
37.5933
0.219653
7.59305
21.6663
5.75508
23.2918
2.0431
4.53836
1.91161
0.0413305
0
0.00688912
0.572237
0.00207731
1.59743
0.000463012
3.74209e-05
0
4.83976
13.9622
2.54656
29.5403
13.7289
3.45112
13.5409
5.35783
7.63514
5.06717
0
10.7363
2.90653
15.5323
2.74173
4.45145
10.1151
14.3088
2.68305
0
7.02013
0
16.3712
0.000783068
0.162647
0.255924
15.9878
15.5053
3.65865
9.4016
6.6559
22.3569
0.220127
0.0165362
0.781093
5.23641
0.932801
0.97785
3.27452
0.0889783
0.000698998
4.6522
2.73139
4.27766
1.17908
3.14334
19.1127
6.37246
2.89464
6.98121
1.47158
30.4008
0.00381961
0.00700732
6.70297
17.3219
8.3772
7.2133
0.403342
0.000119881
0
4.60798
11.015
11.3889
10.7167
0
9.67672
10.3287
7.72469
0.964158
8.86738
2.87531
2.40112
8.40483
0.0763182
0.0210505
7.61453
0.589549
0.0922618
0.44753
9.45247
4.62234e-05
0.636975
0.727445
10.886
12.1373
0.157637
0.128231
23.5798
1.21859e-06
31.3802
0.439085
6.46991
0.646431
2.19587e-06
1.76571
0.207315
2.70785
0.590424
0.0462205
8.28561
4.55752
5.38838
5.13054
0.000197266
19.9005
5.26059
2.11254
3.1109
2.11468
3.89698
1.35607
6.96629
7.25772
4.60823
7.44706
7.44028
12.5114
4.74604
6.03806
12.2992
3.10484
10.1085
2.79779
0.787652
4.79857
2.42733
3.66177
2.88447
7.1281
9.31416
0.0019286
9.85114
0.72097
0.878489
0.355685
0.425047
1.22398
14.0414
5.25057
7.37066
9.31554
1.17529
0.404298
1.32756
3.4975
15.541
0
17.0704
9.68252
4.25048
0.345969
0.814647
0.0367911
15.4881
2.01846
12.7282
11.4088
0
0.000420557
36.2919
0.00143164
0
10.9807
13.519
6.10493
0
3.75534
15.4525
3.11796
3.2893
10.7226
19.1006
0.0270713
0.0862666
6.97732
0.0276869
0.0223706
0.785425
5.55455
5.4756
8.69748
17.35
8.46151e-06
0.134578
0.0212948
6.84289e-07
20.5337
17.4262
1.77292
6.51751
8.02113
19.5044
17.9153
0.000145101
0.0252361
1.54746
0.850898
3.98965
0.43491
2.8307
3.4899e-08
0.0106945
29.0928
0.704562
7.14964
3.32278
0.716279
0.000321317
0.47305
0
0
5.96365
15.4548
2.34964
18.8989
17.5368
0.00151247
1.73263
0.349221
0.148082
6.70814
3.83069
2.56763
0
0
1.21057
4.69349
0
0
6.35397
2.38939
4.14957
8.12583
1.03792
0.0172931
0.710694
17.4706
28.6404
4.97398
3.18438
2.19091
4.27555
1.67889
9.50729
0.051542
0.0894104
11.9128
2.80582
0.511905
0.0196601
15.2248
6.84587
0.984364
5.2238
0.0249038
1.75318
0.00336255
0
1.70328
21.1915
0
31.6712
0.508453
2.92542
0
12.9949
18.4796
13.1906
13.0963
3.52436
0.976446
45.3697
8.37002
1.01056
0.0231033
0.911435
16.0263
21.3441
14.6783
17.8022
0.690191
1.83827
1.37874
14.1965
17.049
9.07519
19.178
4.81119
18.1837
9.08523
8.66313
16.8912
25.2051
4.20324
4.09638
1.82168
8.47694
2.11006
0
15.3632
18.9196
1.47309
4.3756
4.48311
3.35087e-05
16.0329
4.83929
13.0447
0.138493
0.940491
4.41017
2.97461
8.35587
18.9056
6.1443
16.2923
9.01062
16.4831
1.24964
0
0.344387
10.4472
14.0198
13.8968
18.5512
11.2389
10.8716
11.3402
24.7661
23.493
101.987
81.8604
27.3079
10.3987
14.5441
0.742705
2.33478
0.378969
1.93559
1.60738
4.39594
0.836223
1.97421
8.78798
0.337453
3.51581
3.40166
11.9119
11.6282
28.2567
2.49212
22.7951
8.55202
2.05624
5.67263
3.95941
16.582
9.74228
1.03197
9.29423
7.93128
10.3243
18.0993
20.104
21.7678
0.00348959
0.00149973
0.0286905
17.6111
8.96396
2.29124
2.58637
2.82752
0.22673
0.000221135
0.41348
0.158375
0.152557
14.9827
6.82862e-05
24.9157
0
11.0985
10.621
1.99703
8.26715e-07
0.00132626
6.09467
12.3602
21.0711
18.9004
1.33421
0
15.329
21.3825
4.30104
0.00341846
15.7456
11.9378
17.1728
1.23529e-06
15.9731
6.75638
3.11789
9.38218
0.29017
0
3.54678
0.000227193
0.324204
2.4181
0.00211118
0
10.1467
0
3.75955
9.56135
6.13736
2.36245
5.93156
5.74612
8.68446
0
15.1459
0
5.97518
9.90955
3.38412e-05
6.4506
5.22272
6.16055
0.702373
1.18742
1.22605
18.2997
17.6379
3.14922
11.0552
0.206171
6.37892
27.623
17.4308
0
6.15894
3.41084
31.0644
6.21705
0.757225
0.43947
0.38476
9.78116
0.498534
14.8889
0.304966
0.131669
1.69279
0.678109
10.1522
0.0257679
0.0213801
0.696955
6.72151
0
6.83002
11.3126
1.49439
7.89631
0.339073
6.14012
12.0994
6.95479
0.0949316
0
2.65883
0.263748
0.00436773
0
0
0.0936786
20.5411
5.73789
5.06131
12.8196
4.42304
1.67075
5.01799
14.5828
0.683706
17.3173
19.9513
30.9149
14.3436
24.2511
17.6578
14.7434
0.231477
16.1854
17.2809
22.0079
19.6415
25.0233
0.819813
13.9365
8.31534
0.0356302
13.3883
0.00168187
2.14267
8.2027
0.831312
0.410864
0.00223131
0.0346613
0
0
1.01573
0.190953
8.47811
4.6327
4.16196e-05
2.06766e-05
0.00435649
0.598529
0.0225063
1.8465
0
0.289589
1.00058
7.8411
4.05191
34.9913
18.411
0.0433837
0.805153
14.6925
7.93296
2.64953
0
7.096
0.251045
5.27691
9.99791
0.0324546
1.76395
0
3.8857
9.46057
11.546
0.0288627
1.77058
0.938947
0.339534
0.59047
3.69262
16.4593
17.8343
0.040319
10.5032
4.45783
2.75425
0.000859159
0
16.6697
0
1.05979e-07
1.06759
19.2476
19.1196
3.41477
9.81128
34.7828
1.60831
24.9999
21.6827
4.42681
17.9509
0.516612
1.22159
0
5.37155
12.3554
2.90005
0.823743
0.26467
0.954454
1.62803
0.0037319
0
1.00151
0.00827876
0
1.30735
0
3.64812
12.2694
1.49676
17.3842
0.252336
7.37205
0.84306
2.3999
5.34082
0.0148142
0.255654
1.12854
9.66055
9.94471
7.19497
30.8201
14.5395
16.9562
0.00447332
17.3667
26.6174
0.000752822
3.8962
0
0.988949
0.059559
6.98904
9.16004
0.00020498
0.899638
0.126184
0.0730029
4.71117
13.8095
6.50455
8.04338
4.99935
0.937198
0
1.8879e-05
0.0606717
0.934531
4.1525
0.00123525
7.61093e-06
6.18411
6.03135
8.46764
2.70245
1.37088
0.0875374
5.61617
2.21515
0.00151999
22.4753
0.264934
17.8133
1.20697
0.912151
35.6999
32.7972
0.490441
0.768886
25.3087
30.2165
4.74614
8.47467
2.40262
19.5601
4.40452
6.55903
0.670133
8.21489
3.70666
11.7103
5.15422
6.05061
3.59139
4.57679
6.59967
5.58315
11.9954
2.66016
0
2.94797e-05
0.825937
0.927529
1.71795
0.427149
5.09549
0.0749394
25.2423
0.110034
0.0262084
1.76156
2.52088
1.272
12.7797
0.414558
1.13096
15.635
17.415
6.08927
19.5989
2.58209
0.420003
0.432739
15.9154
13.3062
18.7101
9.61696
0
8.34001e-07
2.0515
7.6865
0.44251
3.70745e-06
2.57678
0.0110071
0.529593
1.44792
0.600998
0
0.245867
1.9175
7.12179
0.476538
8.13222
0.000357303
111.557
2.82529
1.70542
0.979308
4.05429
0.898547
5.05968
5.61067
8.24895e-06
5.01896
27.3737
2.14301
0.000294375
87.4988
1.08263
0.38745
2.04626
0.125224
0.027628
0.0601404
4.8376e-06
1.33983
6.42816
0.640739
1.2778
0
1.04869
1.60017
11.6187
0.121459
0.795765
0.179038
1.08416
0.557308
1.40183
0
20.1495
0
26.4297
1.62782
0.500215
8.15084
1.16305
0.141768
5.64108
3.40523
0.138655
8.2794e-06
22.9176
5.90246
5.16621
4.53083
2.27149
3.04065
0.0826635
0.658557
1.72783
1.12485
0.000179757
3.77776
0.414134
0.795559
0.765857
28.9731
8.54515
0.467125
1.85129
1.28666
0
0
0.0230066
7.8052
0.671667
0.269666
0.0916575
0.13114
0.615143
1.38912
1.09842
3.50783
0.618989
0.334147
1.51546
2.69227e-07
3.28908
0
0
2.57073
0.0463505
0
8.35215e-05
0
9.44456e-07
0
0.157662
18.5123
1.86983e-07
1.34782
4.99902
0.00724838
0
32.5423
1.25428
6.01788
0.000947331
1.81973
1.26844
0.17515
2.50478
0.250191
0.000317064
0.116364
1.74413
0.915813
0.0210181
1.22341
10.9148
0.934144
0.172698
6.78675
0.660228
0.00480268
12.9135
4.77312e-05
0.802296
1.74603
0.123495
4.72645
0.00749188
0.0016608
0.818991
0.820132
0
0.496381
6.0678
4.45622e-05
1.44299
0.118951
0.981561
0
0.225396
0.308922
0
2.91233e-06
0
7.84759
0.105645
13.013
0.97769
0.572784
0
0
0.243261
0.00435796
0
0
0.922517
22.2805
0
13.4494
10.4352
10.6685
59.8935
3.78012
20.4008
6.45073
14.0408
0.226317
0
2.25306
0.116043
14.4421
0.351848
1.50502
1.02328
0.00216437
0.0139469
16.8496
7.39639
0.156343
3.0871e-07
15.2389
1.43265
2.80258
7.3531
1.84759
12.3888
10.0664
26.2291
8.50089e-07
1.00085
8.52113
0
15.0041
10.3308
35.0061
29.341
1.7109
6.97374
14.6954
19.4519
20.989
25.1517
26.5165
6.76371
7.58259
0.547408
16.9549
10.3386
0.819486
0.764985
0
0
7.467
8.42234
7.96367
0
3.61533
0.0142682
0.0672845
0.4616
5.18341
6.60715
8.74411
3.07169
6.49007
6.76557
4.79924
2.19874
7.48833
1.02295
1.04085
0.430564
2.96018
2.39052
0.399307
0.00159705
5.41937e-06
6.32728
0
0
0
0
0
0.976675
1.75294
0.458908
0.567855
0.549364
0.00570151
0.637412
2.97638
1.3807
0.0542952
1.56641
0
0.693839
0.261871
0.743188
0.00379129
1.06457
0.272229
0.445931
0.0646774
0.907102
0
3.26798
0
0
0
0
0.471679
17.9216
0.0104703
2.51739
0
0
0.271893
9.62149
0.0127413
0.561517
0
0
0
6.52638
1.70273e-07
0.010636
1.76236
0
0
8.49667
3.21406
7.92356
1.19398
0.659186
0.149397
7.04028
21.6138
0.780171
22.8781
20.1872
12.9818
10.2732
19.0039
22.2328
23.3408
32.5751
25.222
20.1598
12.4157
3.67678
2.20436
19.8818
17.1048
18.3841
23.0154
16.5628
15.9143
7.16922
15.7802
20.5622
35.9009
5.66732
10.3479
17.7262
20.6638
17.6583
12.0546
2.3503e-05
20.8583
0.0256836
14.3
18.5877
23.5532
24.1545
5.73825
18.3831
18.0883
17.568
0.53834
20.0174
12.7017
19.1787
11.644
35.0248
41.7311
26.4723
23.7706
16.0313
22.8615
9.96955
8.88448
0.678888
10.5757
12.9662
13.4093
0
13.3735
9.42709
2.60405
1.57495
4.24668
0
1.89392
1.84935
4.14317
4.82445
9.69268
1.72916
0.134565
0.922188
0
0.60707
1.4897
6.02325
0.841153
0
1.12089
6.88425
0
0.657924
0.883568
0.371367
0.811459
1.4713e-06
7.74526e-06
1.04385e-06
2.07656
0.623292
6.14461
3.45223
2.50581
1.90412
1.7385
2.08556
8.10904
6.84399
45.0622
7.95851
16.1248
18.8699
8.20025
32.2596
15.2196
39.096
13.8322
17.3804
11.2889
0.0658315
13.3088
6.2835
17.5332
0
17.2489
0
2.66612
2.91442
2.25515
6.29344
7.15679
15.162
2.27138
14.8159
0
2.53488e-06
14.0766
5.46424
3.95224
0.00415893
4.32067
0.0120625
1.16159
2.57964
5.47016
0
1.06556
8.38773
2.82922
0
1.87142e-06
0.000368269
0
0.000233847
0.017868
0.30831
34.9801
0
0
0.245142
0.0235523
8.15772
6.70429
0.6434
0.119103
12.8427
13.1762
2.39446
5.92824
0.659442
2.33502
0.768327
0.0521308
5.57959
0.808282
1.90043
10.6863
1.87727
21.3067
0.261744
0.566262
1.27794
2.02399
0.000379994
18.5113
0.231359
0.662505
1.17394
13.9061
0.378756
7.71283
4.60835
7.30794
10.8168
15.1378
12.1069
1.06069
5.59619
4.04987
1.50696
1.133
19.705
1.27943
0.591998
11.6886
1.00649
12.5034
1.07093
9.29489
2.27196
4.15417
4.55228
16.7721
4.38327
0.356093
1.70638
11.0613
18.4757
9.84553
7.86707
16.2408
4.46715
0.000185096
0.000585821
0.000660455
0.0108043
0.0182505
4.61293
10.1425
26.0671
26.6754
0.255684
21.3513
17.1655
2.26591
19.9769
3.18883
46.9569
3.20524
3.44438
1.98861
61.0446
41.246
18.0095
27.5387
9.40543
3.07088e-05
0
0.56017
0.133104
0.188333
0.125781
0.0326327
1.05229e-06
5.938
20.1286
13.1323
1.8302
10.6083
0
0
0.282843
0.346662
1.0549
0.0116785
8.17637e-06
0.0123142
1.86601
0.82739
4.2023
15.3884
1.22421
12.1039
1.30859
9.23493
0
0
9.16194
0.387986
3.95363e-07
8.88974
4.10292
2.03237
3.16645e-05
6.7693
3.35453
0.962309
5.86485
8.68152
3.17743e-06
0
2.35309
0.234886
0.0161897
0.0365497
14.4091
0
23.3088
12.4018
24.6658
0
0
0
0
2.39761e-07
6.0608
5.71094
17.8356
0
13.9203
16.1658
17.8989
4.24674
0.467202
2.30022
7.78966
0
1.06177
0.00329265
0.0267907
1.21392e-05
4.73572
0.00311148
0.0131754
0.247281
0.816951
0.0014373
0.602756
0.788967
7.71704e-08
0.371113
0.264514
1.94058
0.90331
0
0
8.62309
0
0
0.00383008
0.816984
0.013461
6.94113
5.3298
0
5.08692
3.43595
0
0
0.929754
0
8.7062
3.38668
6.09198
0.327288
6.23799
0.50752
3.78552
0.780158
3.55905
15.1097
7.41048
2.59341
17.1942
11.9478
11.8099
5.9168
8.27628
12.1915
13.498
11.7975
13.5215
10.1911
12.8386
12.9543
17.4085
12.4377
4.42806
7.94586
10.9949
12.0812
9.29848
10.7915
5.44294
19.8924
11.9549
7.61548
2.35273
1.21123
1.01004
4.57998
0.610923
0.289279
5.3369e-05
0
0.0226723
25.9893
16.9239
0.596673
0.439039
0.903065
3.17723
0.0206742
0.857969
9.18281
0.0360029
15.9292
6.27618
1.31022
0.568673
15.3896
15.1633
2.41622
25.2722
17.6945
12.5556
7.43773
1.08721
5.49865
0
7.88822
17.7438
18.2916
30.6938
4.72194
6.0166
7.26333
4.83985
3.02003
7.3127
30.3312
13.5775
4.40529
7.17556
0.714798
3.95335
15.7046
7.88855
42.8042
12.5124
13.7876
21.7048
22.1681
23.515
19.7314
13.7489
9.57032
18.8984
19.5057
11.1729
14.1366
12.5231
6.50659
0.000906172
7.10788e-06
0.543831
1.1482
3.62104
6.40655
5.61755
7.12051
7.49051
9.33484
6.79405
7.22024
15.7249
9.94795
13.317
12.5217
7.4138
6.06179
9.23192
5.71756
12.9331
1.67314
33.5925
3.46771
2.26592
6.51765
7.67279
4.45538
1.03507
7.12878
4.28878
12.3774
7.4082
7.9149
9.98002
10.015
13.888
10.2865
27.3681
26.2583
32.1517
12.1369
5.29971
0
0.425428
0.529379
8.22583
9.59392
3.74527
6.0202
0.295445
11.3997
19.4681
9.37086
12.088
11.8622
15.3874
24.282
36.7202
0
0
0.000636085
33.9183
21.4618
28.3827
1.36423
62.3686
1.54466
10.6042
0.955005
0.881983
0.0507966
3.56548
15.5213
0.447538
12.081
70.1434
30.4683
13.8391
9.76993
0
37.6554
4.6844
37.7115
10.8218
5.03026
32.7137
48.0088
39.1257
30.4229
10.7504
19.2449
19.5218
13.1711
4.2514
14.6461
32.1864
30.6916
3.67176
20.4398
13.2535
4.59645
9.25118
30.7573
16.7953
12.2872
11.798
21.9229
19.5355
7.83907
7.07647
0
12.7161
0
5.44448
14.2515
15.3985
12.7353
10.7007
8.1602
9.95884
8.65963
3.96768
11.2915
12.5347
17.0636
2.28885
14.7099
8.36236
8.87294
11.7265
10.6285
8.75362
8.7051
15.4009
10.8403
0.203799
11.5209
2.48013
13.2732
2.91566
13.1393
7.21939e-06
3.54018
0.807909
9.82945
7.90153
9.82137
1.12548
11.2134
10.6145
1.97088
5.81053
5.06937
4.27329
6.50627
14.0736
6.07244
1.89196
0.561646
14.8568
3.87795
1.17032
0.00253509
3.23067
2.55351
2.56743
3.45523
3.74127
3.59622
0.222824
0.0205024
1.09657
0.00394145
0.829414
9.5607
1.45876
0.643515
1.40815
0.0226473
0.925379
0.816671
2.03769e-07
0.03041
2.57944
1.16928
1.11597
1.71034
0.0330948
0.554423
0.796788
8.55621
0
0.874869
2.10054
0.62403
6.43456
1.17122
0.959902
0.0481889
0.838832
0.4405
0.990457
10.4078
0.0206869
8.95587
0.802017
9.71544
0.178845
26.5531
0.0494787
0.0746551
13.4433
1.29363
12.8035
15.4789
29.2121
5.17201e-06
7.52194
0.000290691
0.333227
1.18374
0
11.6845
25.9687
1.69834
0.0124646
21.2996
0.136675
0.0415118
1.8428
0.828535
1.42828
0
2.38668
0
1.59147
2.8691
2.0441
0.864304
14.8052
1.11162
0.00384392
3.99871
17.871
1.91808
13.3699
0.299669
18.8131
31.4092
16.3186
4.95458
0.0391394
0.735337
0.0576697
4.79177
9.93442
0
0.641123
0.555076
2.76564
0.660445
0.155625
0.0328783
0.0781237
0.178858
0.00266967
4.3969
0.0382045
1.9389
1.62857
2.16898
0.00909323
2.15528
0.00018458
0.242494
0.798652
0.0126509
3.21005
0.132668
0
1.09759
0.0269843
0.000582852
0
3.49033
8.96222
6.55984
11.3896
9.64933
35.7017
3.02177
4.24211
0
0
0.930642
0.952928
3.37097
2.87295
4.04662
0
1.38454
9.12256
36.4884
24.6173
14.5539
1.34707
2.10561
9.9807
6.07927
5.04157
14.0929
7.70586
2.40929
16.3002
5.00299
3.88638
23.9635
13.2247
3.45404
30.5906
1.09882
9.92332
2.01056
30.3202
0.0514759
52.18
55.184
0.205499
1.52006
0.387312
0.718246
0
0.617327
0.102767
1.18033
0.807647
0.787175
0.808063
6.4104
0
3.07274
2.07701
11.2057
3.41653
4.32462
8.89996
6.83087
9.38302
3.95183
0
6.98043
6.87046
8.74995
4.6205
11.8831
12.291
7.2381
0.951097
5.92003
0.0503397
9.60575
4.97064
8.20381
3.50423
0.631258
5.43595
16.6985
18.1325
7.7648
16.2273
9.86976
4.31514
4.06305
4.65951
11.3626
4.29892
5.51864
0.000161696
2.63997
5.3182
3.84097
0.84257
10.3564
0.120126
12.1402
2.07535
0.61659
6.41939
0.670117
17.6334
0
7.80727
28.9786
10.1978
25.3314
11.0019
7.78197
4.70768
6.02101
0
0.0434185
5.60327
2.5635
5.03437
4.99294
14.6952
10.4573
8.4641
10.0486
15.0602
29.9799
17.6586
10.5895
0
0.859633
0
10.9353
0.174168
7.02598
3.92252
0.0110522
1.0021
0.522523
0.210067
0.834493
1.56276
2.09695
0.766116
1.48722
0.958693
0.0746977
16.4018
2.31139
3.914
1.82284
17.6253
0.480055
8.99578
3.8435
8.06972
2.98951
20.095
0.912855
0.586822
8.3925
0
0
0.881257
0.0616713
0.188325
1.02852
0.0807446
0.0119964
0.828191
0.0108609
1.63262
0.036686
0.00141914
2.86544
0.162409
0.277788
1.40194
4.99289
5.20844
3.95166
5.41734e-07
0.790853
5.50913
0.000861531
0
0.0194361
8.14125e-05
10.2259
0
6.87611
22.922
16.1691
12.1031
31.7391
11.4927
26.2391
4.91748
13.4733
9.57417
0.651609
8.51748
3.74369
1.05052
0.00805701
15.1274
0
14.2274
10.9749
9.95834
1.6725
7.66565
8.74731
0.852556
22.4604
27.603
14.794
15.8115
2.19343
24.1199
0.512225
9.07145
13.4971
2.58247
11.1891
7.01452
2.42145
0.71926
0.222459
5.47308
3.00843
3.19086
7.15591
2.55658
0
25.4718
14.48
8.71299
8.03894
10.307
22.3338
19.9842
4.37443
17.7394
4.78442
19.1346
18.434
19.0471
10.7848
5.20812
0.000399432
7.13896
7.41308
16.6759
10.6577
8.25486
16.4785
4.27432
5.76005
18.944
11.721
6.17861
12.1947
16.8372
10.9002
21.8446
31.4605
9.93456
17.1178
18.5465
0
13.1039
15.1314
6.44032
5.97683
28.52
0
18.0658
46.9951
3.85228
0.000187627
0
33.0377
19.0571
28.8355
30.7856
4.27187
23.6754
26.6598
4.50839
16.0836
33.6255
14.6216
3.66445
15.0675
16.8118
23.065
13.7238
52.6148
9.78852
20.6365
20.9345
30.1404
29.7484
0.809785
35.6646
25.4212
17.9279
0.827561
15.1209
25.2187
71.5766
43.5768
0.313578
38.7253
26.5688
19.9987
0
9.0541
12.7545
9.21907
10.9391
6.53892
8.32119
13.9957
2.55867
0
8.24203
3.78273
9.88618
1.16651
8.54922
11.9696
24.4675
11.1394
15.0343
0.0219861
12.5402
0
9.51449
8.76852
8.69404
9.27943
14.5413
11.2149
28.0643
28.9509
19.2248
19.9562
13.617
14.4394
0.459084
18.9792
9.9197
12.8705
0.709968
16.6684
8.91707
9.50342
14.6322
2.33289
17.0407
20.1107
0
5.05701
5.18927
8.46936
12.4191
7.2404
0.0951274
1.54717
10.0621
8.44727
0.0657135
6.58764
0.961849
1.46003
1.0501
16.9719
0.992177
10.4127
9.70741
6.60461
13.338
7.51049
0.262429
42.2188
0
0.794599
3.47058
6.32392
0.0458577
5.00643
13.3356
7.73318
7.84402
10.2666
9.39857
26.4712
19.3436
11.4061
3.83499
14.4318
20.8442
5.84415
10.9025
4.54465
12.5049
20.7706
0.130204
10.3961
19.5791
32.1818
8.58364
2.28532
46.1325
0.428854
3.04248
2.3392
8.05019
29.9613
10.2596
27.5958
13.7133
8.98047
12.3226
8.37526
8.78806
16.2682
24.3337
8.95886
0
13.5551
24.7107
6.09537
33.5077
1.14226
0.332375
21.486
0.000942656
18.4356
15.8885
0.0116671
12.7275
0.77512
18.2823
8.42844
6.02329
0.000120169
1.86022
7.8575
7.42121
11.3308
8.90221
8.27859
5.61474
0.810229
4.70256
12.7979
10.677
9.30081
7.63345
1.16551
6.98593
2.7753
14.4386
2.03216
4.14347
11.6982
14.9924
7.41727
58.3779
12.6735
14.7635
0
8.68277
0.00336608
13.7514
5.21218
0.995198
19.2184
2.63658
0.242925
40.686
0.408624
33.6099
3.10343
18.6527
0.444576
0.000586093
26.0122
0.0987113
0.00354779
0.0274234
1.52479e-06
0
25.2295
2.62015
7.84498
12.4257
16.5426
12.3151
11.7833
2.87277
4.63738
3.77716
9.17733
17.6454
1.51178
33.4343
28.7402
0.836181
11.6991
1.43365
11.1225
7.0248
1.59611
8.98346
5.57195
3.18796
10.5281
0.13375
0.149524
0.0484855
1.99596
0.981168
5.48432
12.1114
8.22988
0
0.809106
9.42974
5.84092
9.02888
7.6763
6.48946
6.19806
6.79937
6.01776
10.5271
7.44493
0.136816
4.48259
3.31649
6.24277
10.4914
0.000106625
7.15224
6.18114
15.0163
13.4999
4.19912
4.30845
95.1962
5.72016
17.4265
9.55577
195.35
9.97644
5.12122
8.10238
5.293
6.58153
9.6042
5.72006
13.0445
3.79454
3.96647
5.2174
3.38523
4.5082
47.7839
8.85256
24.4852
0.482036
6.69261e-08
18.6885
15.8746
2.31961
0.00987882
0.0723651
0
10.4032
0.99615
0.305916
0.277212
1.02608
7.61102
2.54759
0.0891115
13.276
1.71429
4.53147
12.8363
0.000454165
0.0119571
15.7564
2.39573
11.2965
0.000177946
2.25577
3.30999
1.03714e-05
1.3117
0.912144
0.401355
0
1.56638
17.5639
4.01009
0
0
0.879313
0
0
0.0550232
0.00299419
18.7714
34.7079
11.4813
1.78199
8.11597
2.12855
15.3841
3.78197
8.66107
8.96965
8.98546
5.7984
16.4758
4.32087
6.6018
8.78702
11.3232
12.2807
1.80621
2.61137
19.9081
11.0966
23.8638
12.8698
16.7884
0.232464
9.53808
0
1.55513
11.0663
10.1509
8.91813
5.45356
6.2529
6.1719
4.52826
0.0426798
2.10615
8.51519
8.3283
15.4549
10.7896
22.5327
20.6391
4.83716
2.03011
7.93161
2.69999
9.24755
9.1407
11.7156
9.60436
0.53598
8.67014
2.03636
10.244
0
0
0.793969
4.75012
2.28634
0.00074902
2.57716
20.1206
26.3767
14.6323
3.69618
9.10956
17.9939
35.4376
9.36666
4.84425
0.109473
0.134625
6.38767
13.1982
3.4681
10.5005
17.2705
5.07718
10.7571
16.9373
0.270387
0.0749972
3.58241
15.6872
7.75095
1.66453
2.12038
1.38958
9.7705
4.98089
1.454
5.05737
0.779018
0.147901
0.179128
12.6431
20.24
3.19752
0.0484569
3.45031
6.81617
0.797478
0.00847884
0.116234
0.000322105
9.19858e-05
0.0535571
17.2614
0.917612
1.82209
0
1.88502
0.36588
22.5393
0.615971
27.7549
21.4844
0
27.8644
6.60287
0.187561
2.53124
7.75336
3.02532
0.770287
0.527826
0.000555555
0.0219277
0.000941707
6.33142e-06
0.0253521
0.168944
0.992293
6.08921
9.00359
5.88402
0.341729
1.56165
0.0294138
13.5088
2.64646
2.14948
7.90848
0.685206
4.33341
13.6099
15.0587
9.89369
13.4769
15.073
5.09701
5.76175
5.06977
1.07552
20.1859
7.34754
6.15552
8.08453
9.13677
6.4001
1.49692
5.45488
24.3715
0
0
0.00177987
0.00143853
0
0.00796852
0.188133
0.215454
4.77737
2.13806
0.15206
7.15695
5.86819e-07
0.502002
0.00547555
3.53928
0.0581274
29.4691
14.7401
7.72201
26.7899
22.4369
20.206
24.3242
2.06136
2.11249
5.89512
9.70172
1.91046
11.8608
9.78568
3.17009
2.49211
12.3804
3.01173
10.7946
11.332
8.37269
4.76204
9.50109
3.37645
14.9673
0.682154
6.00245
0
6.95437
4.07089
0.749048
7.11812
16.8186
0
26.9229
7.00907
16.55
11.7662
0.720133
2.93689
15.09
7.35438
8.02535
9.52425
17.5862
5.03088
4.83751
2.84048
9.0692
1.24619
0.987564
21.1477
1.26503
0.519138
0.907921
3.08932
3.40132
3.64133
4.46991
3.92124
1.00658
3.79187
1.50268
0.272678
0.0076097
3.79304
1.71236
0.704461
1.02327
0.663163
0.752993
8.66554e-06
0.0306769
2.45828
1.33405
1.37016
1.78767
0.0406804
0.90039
0.82433
0
0.690609
2.253
30.7879
0.322515
20.7655
10.0315
0.724781
3.72874
8.54923
8.45488e-05
0.890655
0.0239491
13.5965
0.971077
2.57965
7.35103
8.71681
1.96838
4.66489
5.47523
17.4933
29.9967
5.38153
10.7098
28.5135
0.96542
14.1716
37.9783
0.92533
0.693376
13.4839
0.0503171
3.4139
13.6571
0
4.22443
1.1405
8.78917
1.01325
0.427747
0.000466332
0
4.83161
0.00312005
0.144169
0.0462777
0.934909
15.9255
11.8692
6.7174
15.0303
0.0246828
15.2493
11.5046
0.583458
18.536
14.1321
22.5827
1.77644
0
0
9.87266
0.72752
0.347249
0.0231099
0.802325
0.324611
0.268923
8.07743
0.365289
3.35177
21.9748
2.72227
1.01643
0.0105058
0.137946
14.7898
17.1386
0.0190673
9.57003e-05
1.00185
0.917525
0.146158
0.987978
15.7862
0.222005
0.6708
7.23553
0.882715
1.56897
0.683435
0
0
2.27762
13.74
23.2312
0.00956909
0.0332547
0.99872
0.0592996
10.5617
0
0.713626
1.17601
3.38492
0.268142
0
0
0.000167862
0.00291632
1.40235
0.612035
1.26836
0.0236849
0.816327
6.79316
0.0918678
0.00618116
2.44607
0.0437178
0.0187033
0.643357
0.994304
0.0336678
0
0
0
0
0
0
0.164258
0
16.4408
0
3.7725
1.0247
0
1.602
8.1259e-07
6.04058
0
1.89296
0
1.30268
2.71232
19.146
4.08597
1.97222
5.171
0
4.61044
10.5364
7.35445
1.16459
0.119876
6.24441
4.51105
8.53596
1.07941
1.73739e-06
0.00488577
2.55259
0.0567737
0.0304019
0.870098
0.0301597
0.869893
2.26834
3.25862
5.79045
17.6575
0.0151363
19.8162
5.18967
5.48787
15.0066
0.103502
6.84418
17.0866
2.97912
3.15075
8.20314
11.0866
0.00289546
0.977653
0.678178
0.150603
48.6494
7.02508
0.130955
7.41422
0
0.176963
4.17498
9.46593
4.77222e-06
2.62458
21.8049
0
5.741e-07
1.58691
0.0223774
0.0032687
0.019534
1.34413
0.669752
0.131293
1.94197
4.36238
4.22476
0.0162633
15.1543
15.7702
0.699214
0.00432465
3.77629
0.694707
0.329804
22.7978
2.36009
5.18309
0.0828309
0.755074
41.1134
13.9694
18.6477
0.650725
13.8552
17.5332
4.33861
28.5482
3.08121
0.954728
21.6839
3.96671
31.9016
4.25771
4.49111
23.9299
1.0651
0.229011
0.405098
1.04895
22.7357
0.925621
1.56053
17.7513
13.2838
0.00507944
18.1034
10.697
7.03493
12.5121
3.1407
11.365
20.2967
0.322127
4.6255
14.1234
12.7438
1.93708
2.07216
34.7549
7.16846
15.0311
5.62304
22.3625
10.1982
20.972
15.1719
0.675603
20.163
0.0974805
4.84344
14.3735
15.3907
9.50043
0.601802
0.540993
0.801245
0.0680619
1.92711
0.595677
0.0748402
0.9996
0
1.96033
4.64646
0.0689236
0.0059247
0.0571596
1.05347
1.1754
0.855296
0.743858
11.284
6.59099
7.63388e-05
0.428427
0.51716
7.47709
0.0842737
2.99674
24.4895
2.77986
3.54006
13.5926
14.1472
0.0400973
1.16005
0
6.85901e-05
53.0856
0
3.03139
17.784
1.2512
0.224956
39.2849
2.8265
0.664978
0.884634
3.11429
22.992
2.35305
0.0843473
30.7146
4.25236
3.12408
14.863
28.9672
10.6522
11.6878
5.08915
12.7675
24.6498
28.6872
26.6524
22.7095
18.5618
10.5068
9.47248
0.952337
4.75653
0.258903
3.42036
7.62851
0.536746
12.6445
15.2532
13.8599
2.28523
0
0.00426714
0
0.788522
0.00564609
1.35179
0.0277265
0.305926
2.40032
1.65539
0.0049143
0.00236764
46.059
30.676
0
25.325
17.927
14.9571
2.17709
2.15191
10.5106
0.339529
15.0515
4.14319
2.02091
9.79449
4.36351
23.5264
9.97776
13.2484
4.21354
27.5586
18.5877
18.0178
24.4292
20.023
8.52846
19.8916
19.1945
1.87195
0
0.532534
0.387092
1.72797
0.523263
0.41325
10.7491
0.000257498
1.84851
14.9479
12.1794
29.1348
13.6465
4.4932
17.89
0.000581551
0.788603
0.0998416
0.458377
2.80556e-06
3.7731
0.0814744
1.93779
0.290548
18.2518
17.9258
12.096
25.9237
19.8178
3.62853
0.211713
0.0813107
2.09826
0.273919
0.0472463
1.46967
1.63824
4.47501
1.9155
0.796819
17.87
0.525457
1.05527
3.16875
3.58694
1.06239
6.10261
4.31849
5.26297
7.59786
2.83078
1.2797
0.730252
1.54496
12.5892
0.167383
2.66467
0
18.7876
3.13926
0.042403
4.00878
0.406009
14.9669
0
1.0691e-07
20.3473
