1.31912
2.00508
2.53765
0
2.77841
4.49387
0
9.44293
0.777006
1.46557
11.3284
1.57657e-07
0.268499
0.232485
9.37724
0
1.22438
10.5317
18.3159
9.2585
5.05623
1.51989
0.00516184
0.189719
3.29185
4.15492
2.70214
11.7231
66.3972
7.90218e-07
1.56549
12.1209
3.9205
0.563868
4.1679
0
4.32941
9.47709
7.28111
23.8131
20.7544
11.4245
1.30942
11.4848
0.647071
13.1041
2.98583
0
0.583957
0
0.775575
2.38949e-06
7.56279
3.3094
0.974759
0.0230356
16.4667
0.314084
0.346105
0.00158159
1.92253
0.0056181
2.22554
1.69904
4.48473
0
2.9646
2.74093
2.075
2.32474
19.4335
0
0.00135368
0.178208
3.002
0.00146352
8.03241
2.16107
0.0235996
1.45875e-07
0.79757
4.45922
0.487065
0
14.8414
5.35093
13.0521
12.9178
10.3495
9.32106
16.1011
15.0855
12.593
10.9273
125.289
10.4649
22.997
16.7962
0.122252
2.039
14.3711
0.901291
6.5966
9.40978
7.13865
7.45637
11.8671
4.1795
1.70998
22.4887
23.3466
14.448
43.0871
47.953
24.3331
11.8745
4.5534
2.89152
5.97521
6.13202
9.36875
3.46003
3.61548
3.2818
0
1.20221
5.99882
0
0
0.0271859
9.62421
0
0.0308406
31.7886
0.0113854
12.8523
12.365
2.5889
0.0269865
1.15973
0.175362
1.16877
0.277932
5.916
0
1.84645
0
0
14.0479
96.6033
2.02833
0.595435
0
0
2.59
3.31532e-06
0.000419277
0.893365
1.78718
0.25454
8.16328
7.54171
10.074
16.2326
1.92648
1.3226
19.6181
0.864369
0.784427
0.723605
26.9179
4.22208
3.19646
1.52502
1.75062
0.00356602
0.0192898
0.0366871
0
0
0
14.0041
0
0
21.6533
28.676
13.676
6.6785
11.3467
22.2822
15.9859
18.4129
14.695
14.2324
0.614
0
6.28872
4.35573
8.39688
9.71259
30.2294
136.48
8.10703
33.322
8.36859
6.54196
8.41519
0.102902
158.519
1.86641
34.9562
16.3966
1.53345
18.8502
21.7394
25.9089
2.44983
28.6646
11.9601
2.01968
0.828799
1.1217
24.044
0.875982
22.1713
9.76763
28.6367
26.4319
20.4643
1.47549
0
6.62461
18.7861
0.475845
3.57665
3.74747
5.74201
1.46027
4.83939
4.79998
6.06944
5.41762
1.58736
1.82453
0.09857
0.425743
0.205831
0.0235261
1.82226
1.37636e-07
0.0118814
1.27602
0
0
0
0
0.7222
0.940926
0.546052
0.0266594
0
0.0416616
0.971119
0.0128417
0
0
0
0
0
0
3.79426
0.0127096
18.3028
0.190506
0.0294937
0.489216
0.0249045
0.0016025
3.78333
0.685221
22.7257
0
1.65911
0.00174618
1.50143
0
0
0.962649
0.0750048
1.8335
0.0680982
0.260847
17.3164
0
1.60158
0.682035
0.000151967
12.3944
3.3596
23.3767
20.049
2.93085
15.56
12.4348
3.84546
10.7959
3.40274
3.08345
0.00149877
0.0429833
0.454371
0.00639882
0.0660093
3.89171
13.4416
9.19276
57.6992
82.9312
6.73319
17.4705
0
11.029
1.84394
1.12021
3.46103
7.02116
0.815486
0.00334728
1.45264e-06
0.193752
0.706641
2.71892
0
2.55982
1.98882
23.344
11.3749
2.05828
5.40309
0.0383949
4.12619
6.30265
1.20248
0.00739146
1.03944
0.681004
3.84193
0.605091
1.48917
1.32235
0.177249
0.00464896
12.0453
0.46905
0
0
4.25991
3.739
0
1.63358
5.25785
3.2214
0
3.68725
0
0
0
0
4.12854
3.97666
19.675
2.77411
8.76563
9.16534
8.37545
5.17778
2.68318
9.84627
15.6485
17.0755
27.4259
17.1957
0.079583
5.79464
4.68724
1.56612
6.08868
7.94344
2.94636
3.57377
6.84082
5.73526
7.98219
10.0979
1.85832
16.7452
12.1361
10.5595
10.6744
21.257
8.50588
22.1552
24.1571
20.922
19.4431
13.2972
8.1796
6.88226
4.44822
9.42913
6.50842
22.0126
4.21366
5.83605
7.99194
12.3556
10.2761
7.55914
16.3146
5.12677
1.43609
9.42234
22.4139
23.0237
18.4591
40.8649
5.03015
40.8192
44.5669
27.7135
9.29325
14.0977
25.4892
8.59625
26.2507
9.21983
21.484
1.37686
6.11869
46.3115
44.0457
17.1938
9.17901
10.0929
14.5884
0
2.51387
0
8.79673
1.15376
8.87955
2.32737
6.19544
56.0964
42.9523
5.28356
23.8162
15.4897
16.0897
10.4298
6.5011
0.858263
1.63305
0.0839627
3.20336
2.50898
34.4805
1.42678
2.26175
5.907
0.658606
1.04779
0.0818289
1.43951
2.51254
0.00559371
4.20842
0.428565
0
1.87801
8.68939
0.597962
4.84571
20.3759
23.798
6.49807
4.49153
38.0323
1.65718
47.799
40.8466
19.1586
26.8441
2.612
1.58988
3.3876
0.872831
0
0.990135
0.479778
24.4807
27.5414
3.04327
9.13015
31.341
13.2512
5.79105
3.97877
0
4.12915
6.39128
0.0563691
0.726934
0.927655
9.86674
0.680772
5.1058
2.07449
5.98835
1.39555
1.03464
28.9846
9.73093
0
0
8.60128
0
2.22208
0
1.76975
1.7431
1.10928
2.20389
1.4017
0.537006
3.21586
1.93114
0.679605
1.89078
20.5639
0.0129822
0.493089
3.09387
2.23099
0.158112
2.60579
16.5898
15.6686
22.1013
16.5846
7.595
15.7465
0
35.9402
0
5.21087
13.2306
7.31096
12.4101
0.153989
2.02893
0.174026
0
7.91589
0
0.0191259
8.99605
0.579139
3.22014
6.66995
0.293147
22.5578
1.55425
1.38834
0.0224762
24.1129
40.0094
9.04174
18.936
34.2379
3.64548
3.41984
0
10.0491
9.50111
0
1.54703
2.99575e-07
10.0649
2.06974
0.929704
0.000550011
1.35428
0
0.159394
0.0450177
3.53837
0.000117539
0.858059
0.623928
2.87287
9.44846
7.07891
0.0217041
0.101438
4.88363
0.00641474
1.10119
0
2.13047
1.63719
0.00278361
3.69914
3.14014
17.1788
0
0.106866
0
11.5794
0.217342
2.79972
1.0981
7.57537
2.70141
0.618336
0.719607
8.88722e-06
15.851
0.171596
0
1.70767
1.02542
0
0.579496
6.58311
0.00361317
7.59362
46.4456
6.37743
0.047608
5.06623
8.10707
3.91426
5.93797
0
0
0
1.38121e-05
25.3738
23.5035
0.286049
22.1794
0
25.2446
19.5398
7.30938
8.82246
1.42273
0.206201
0
0
0
0.826892
0.0747073
0.797519
7.10434
8.21387
3.54445
2.35395
12.496
0.368379
22.9378
3.28728
16.4636
27.795
3.77246e-05
1.87031
2.46428
2.54947
17.5439
0.315595
0.0143246
14.5768
10.5862
0.0288445
15.5212
0.0169679
0.691482
3.68683
8.76873
8.07778
25.0543
7.60499
33.92
11.4446
2.49938
5.159
0.00325255
0.00260727
0.00781389
0
0.0135134
0
0.000356259
0.0885685
33.7275
2.54059
0.709123
0.000247555
0.294423
8.07124
19.5566
0.0361362
3.44875
2.41359
14.8402
2.42193
17.4545
5.23863
21.5479
34.0688
8.37751
3.32856
8.39143
11.1899
0
4.3448
10.3998
8.27159
0.05955
16.9268
1.71997
13.6348
83.7233
10.04
10.6596
83.5364
8.31527
6.47577
0
0
11.2637
25.748
6.03995e-06
0.0689809
0.11439
0.342524
37.2189
0.462902
0
0.117494
1.09382
0
0.125154
4.35594
15.7889
12.7937
0.643361
0
0
0.0175089
5.05185
19.7937
0.00109426
0.123872
26.1086
0.0125803
18.2258
0.304238
16.2432
11.3681
15.0392
14.6736
1.49408
3.72436
7.18274
0.896212
0.429187
4.27942e-08
0
0
3.94227
0
0
0
2.28255
8.33809
0.76437
13.3759
6.46918
2.21469
6.17712
0.222772
0.518365
0.101304
0.0036051
1.9642
0.0430104
3.93153
1.85134
10.6133
5.09045
18.0824
0.34767
0
13.8268
0
3.6765
0.897124
0.0366289
0.0161361
15.3917
6.78732
11.9072
14.3226
2.89396
19.0071
1.52248
1.27939e-07
2.42646
51.7873
2.35573
0.455303
0.00398044
0
0
1.89789
13.6463
1.53717
0.149633
6.26545
7.24634
6.70727
1.30968
13.9373
8.28945
17.1564
0
0
3.85424
3.19782
9.87237
9.90585
0.473531
0
0.956422
1.60895
8.73792
9.9943
8.40939
0
3.94199
3.92264
3.3171
0
22.0745
0
0.33395
16.3836
0.0256213
1.49146e-08
11.263
0.549806
0
0.0908155
9.08848
0.209106
1.93511
0.102815
2.20707
2.96126
0
0
21.3829
0
12.8174
0.962875
5.33363
0
0.45751
8.12292e-06
0.992634
6.92544
0
4.24527
8.43188
7.32339
5.91869
22.0301
0
29.3515
17.7142
3.40642
7.78842
13.802
18.2975
12.4322
7.873
18.2057
4.14107
5.51078
14.8504
8.96271
9.06972
9.02767
5.63893
0.128438
5.84777
2.06942
4.82475
22.9782
1.48741
1.95718
5.73308
6.70798
8.88842
5.38051
7.44519
2.83077
0.00708481
1.19619
0.510179
1.48397
4.51149
6.07506
22.4478
13.5245
3.57981
1.03311
0.832566
6.86984
8.27139
0
19.5099
8.75627
5.77895
0.0076085
0.0188669
0
3.06142
0.555914
17.6706
3.12196
0
0
17.4337
0
0
4.73077
1.05218
0.818138
0
5.58034
7.50936
3.59844
4.53877
2.54329
4.39597
0
0
1.07364
0.854494
0.695911
4.5751
2.49236
90.5435
19.2738
17.9327
0
0.441051
1.756
0
9.75301
4.21549
3.85391
16.5246
2.0581
27.0523
4.88978
0.00297182
0.0301364
9.52864
0.0831232
2.38585
0.873179
3.1042
0.732769
1.67819
7.23011
0
16.0899
7.38273
0.352965
0
0.290346
0
0
20.7474
24.8462
4.55881
26.0756
24.4324
0.465005
1.20645
2.73211
0.110704
3.6321
0.706073
6.9048
0
0
1.03046e-05
2.97345
0
0
11.4268
3.0695
3.11037
11.2973
1.30807e-06
1.34623
5.62763e-06
8.3914
7.15448
9.68293
1.07608
0
0
0
20.6503
0.413349
0.817739
16.1508
3.52662
1.48548
0.0974783
14.0079
4.62855
0.862147
2.19297
0.000110653
2.66548
2.29508e-06
0.00665332
0.872882
22.8571
0
22.7742
1.905
2.12198
0
18.0719
13.589
13.6535
17.9291
16.0155
7.81074
23.8788
2.22739
0
0
0.674084
5.70361
7.02876
1.84647
2.47911
2.17171e-06
3.27048
0.131542
18.4787
23.3049
15.2585
13.8304
2.45341
12.241
13.2327
17.8731
8.8845
32.3693
1.29448
0.799159
10.5733
19.5969
0.516553
0
26.6656
14.5398
0.129848
6.48282
5.10876
0
18.3469
8.28932
12.1854
0.0110281
8.57949
32.0025
9.03346
8.14138
18.1786
7.78872
14.5968
16.9561
30.9346
0
0
1.28003
26.7273
41.5806
25.4745
37.5671
31.9376
33.8062
36.46
41.568
36.3227
114.613
82.2109
23.4438
14.3266
13.118
3.50419
0.160513
0.526423
0
3.98823
0.432342
3.76216
0.0113566
9.35108
0.533308
0.160821
8.8038
11.9242
2.59288
1.54699
4.75407
10.0032
1.05899
0.0376219
5.23078
4.05478
23.5327
9.09139
1.47464
16.5998
23.9168
9.04934
29.2335
9.53478
27.1828
0
0.0154357
0.739464
25.7508
5.57422
0.480502
0.470688
35.3792
0.00993869
0
0
0.147408
0.276907
87.3586
0.450699
54.0432
0
110.962
23.895
0
0
0
42.194
58.9887
26.6863
19.141
0.171732
0
36.6221
39.0712
0.259577
1.10076e-05
9.51033
34.3322
30.0004
0
14.8129
36.3554
5.44223
17.0636
0
0
14.7044
0
0
0.110258
0
0
30.4278
0.0247184
1.25081
8.30079
12.7849
18.8562
12.483
2.90636
14.1318
0.689151
20.8944
0
26.2318
31.9162
0
27.7823
2.53247
20.0189
0
4.57239
0.217791
15.8107
9.04225
2.75015
9.85082
0
27.6364
14.3521
16.5764
1.94599
12.7808
5.52646
33.0592
26.8663
0.39958
0.386071
1.38866
18.3481
1.62988
20.8783
0
0
0
0
28.7478
1.42092
0.0318868
0.0170721
24.7902
0.0607526
21.3875
17.7249
0.364853
14.2357
0.634278
22.4781
4.7448
18.2208
0.0208495
0
0.180748
0
0
0
0.000589179
1.32466
8.76076
4.36152
3.44169
14.1457
15.88
5.74216
21.3364
12.5169
1.70029e-05
28.3858
14.9372
14.5166
14.7098
31.7158
22.9999
36.4702
0.519525
19.0386
38.0005
42.2407
24.0987
20.3423
2.34818
26.9239
12.0763
0.667521
14.3278
0.00527934
0.0269892
15.5054
0.00139822
0.00485351
0
0.535197
0
0
0
0.704173
3.70464
1.13707
5.15127e-05
0
0.0328899
0.261045
0.128834
0
0.000269986
0.979418
0.0285582
15.2501
11.2366
23.7157
15.0581
0.475557
1.15952
13.0994
73.236
0.343825
2.71095e-05
16.7257
8.48116
15.3583
31.7962
0.487988
0.16701
0.0289755
0.272653
16.0968
53.4221
0.620821
0.476393
1.01402
0
5.39317
1.00509
13.1751
11.7613
0
2.32424
4.0894
2.01908
1.01334
0.000196595
8.0711
3.21146e-08
0
3.20968
23.1073
38.871
0.766259
3.18056
24.6554
2.6444
10.4684
28.1554
2.43657
22.3327
0
2.67765
0.000289956
3.06487
4.1951
2.35469
14.9711
0.317592
7.33671
0.144578
0.07808
0.780009
1.45714
0.0582969
0.0100573
0.598612
0
7.28932
42.2416
4.66241
20.6046
1.09198
7.76112
0.000581607
0.264448
2.9698
0
8.1475e-06
0.000245047
26.1404
27.2567
32.5854
28.9686
23.3994
7.39863
0.000113823
6.2573
10.0279
0
1.86383
0
0.640397
0.0290873
1.04292
1.11386
0.53019
1.48756
0.272108
0.710966
3.93756
1.69777
5.46413
6.0573
9.76822
4.40809
0.858417
0
0.0411992
1.29103
1.47448
0.00080187
0
8.40088
6.79861
10.8486
0.918186
0.131074
0.756801
3.90307
3.62024
0
2.33728
4.88613e-05
26.6656
1.15076
1.52918
15.328
15.2596
0.879475
0.933391
16.5616
26.1347
1.60811
10.9449
1.96282
3.32315
0.344366
1.34946
0.00308895
0.0632954
0.45075
18.8963
5.30061
1.78374
2.47063
0.382232
1.8024
1.21283
7.15051
2.0984
0.00131331
6.43177e-05
0.890898
1.34367
0.120739
0.413347
3.58103
0.556796
27.2116
0
0.0910375
0.144371
2.8765
1.64259
8.43167
2.46847
0.81767
17.7984
9.2714
2.90904
4.5811
3.81729
0.567162
0.0695286
34.222
13.2984
10.703
20.0095
0.0143981
0.014537
11.2758
6.05338
3.49893
0
11.4503
0
0
0.251273
1.98393
0
0
0
7.78738
1.01467
3.69255
1.00508e-05
81.3397
1.47655
0.0510637
0.627877
21.0912
5.9541e-06
4.04683
84.1932
0
5.35883
37.4454
2.42861
0
165.094
0.0475697
1.33389
1.01365
0.00445219
6.34753e-06
3.25323e-06
0
0.0823845
5.2397
0.0332726
3.95145
0
0.000422715
0.530686
15.837
0.723406
0.545313
0
0.00234112
1.36394
0.140288
0
7.1732
0
3.5895
6.72508e-05
0.00659514
19.8771
0.00870763
0
4.06127
5.88145
0.350892
0
16.105
7.94296
0.507498
70.124
34.8922
4.61792
0
0.0116106
5.38605e-05
1.54886
0
0.760571
0.225505
4.03836
0.000611619
14.3714
11.8747
0.0927569
0.793453
0.00251519
0
0
0.00319216
12.3575
0
3.95217e-05
0.89386
0.0684719
3.51304
0.669702
1.56136
0.135147
1.91888
0
0
2.64261
0
0.394104
0.0230688
3.39585e-07
0
0
0
0
0
0
2.92901e-07
14.3112
4.27055e-07
0.955594
7.40745
0.00225002
0
13.7621
2.87442
6.01513
0
1.78703e-07
0.00419534
0
0.735977
0.024266
0
0
0.00574862
0.456472
0.711705
0.0557838
0.295902
0
0.000349839
27.2795
2.29781
0.0001498
25.7751
0
0
1.57027e-05
6.56974e-08
7.22407
2.47106e-07
7.75158e-05
0.955892
0.0319197
0
0.000581453
4.36246
0
1.05384
2.74152
0.0191141
0.659548
0
0.334352
0.987578
0.331162
0
4.57853
0.0559584
17.5633
0
1.04043
9.57389e-07
0.331399
0
0.0472622
2.32472e-08
0.479011
0
7.6787
9.44452e-09
19.8317
0.4558
6.4026
13.3986
0
6.01231
1.0255
4.74765
0.123324
0.148911
5.78107
0.840683
45.8889
0.844066
0.0696764
2.55358
0
0.254959
16.2151
9.633
0
0.000229225
25.6951
5.8225
4.97965
6.60381
7.53229
23.0999
6.55313
28.153
0
2.61209
10.351
0
13.149
8.42997
17.4288
10.9604
7.56285
5.82996
7.32393
7.54052
6.67427
10.527
11.8035
10.968
5.03195
4.33067e-05
2.18256
2.38596
0
0
0.634317
0.0419792
3.14116
6.7487
1.93276
0.455137
0.506016
0
0.323543
4.84102
2.6626
3.1704
1.66501
4.00326
0.984813
1.99789
10.5401
12.2581
10.2121
0.0343547
5.721e-07
1.40271
3.80826
2.2687
2.88286
1.10734
0.907503
31.1166
0.0572902
1.21268
0
0
0.00257116
0.0580762
0.281388
0.866973
0.108951
0.0292528
3.42489
0
0.00493363
0.0256577
0
0.102647
0.00326625
0
1.06693
0
0
0.166201
2.32661
0.241922
0
0.641183
0.00698018
4.07572
0.00281496
0
5.57828e-08
0
0.003008
46.0731
0.764578
0.895205
0
0
0
18.8258
0
0
0.0811642
0
0
22.7237
0
1.60974
0.0204482
0
0
5.11318
3.59054
9.83078
0.293803
0.0559512
0
7.9173
3.04116
8.55413e-07
5.46437
3.34932
2.56123
1.00609
2.33579
4.6309
4.57993
9.98571
10.2481
4.24308
12.3716
1.32475
1.39363
15.1207
13.29
22.5164
18.3563
12.9745
8.39341
6.24217
14.2013
20.6909
27.2102
5.53592
20.7534
30.2033
23.5191
19.8784
16.2006
0
16.3474
0
16.0356
19.8588
14.5573
23.1221
16.3226
37.5716
16.3688
8.49301
1.21816
18.9845
10.613
10.4103
6.43158
10.5039
13.9133
11.8682
9.64712
10.4645
8.83415
4.72604
12.1425
0.178526
10.4207
12.7817
8.94452
0
17.5915
18.026
1.14482
0.446596
5.10775
0.400384
5.35947
4.69337
13.198
3.2557
8.91008
0.738984
4.88217
1.34891
0.584913
2.64509
0.266105
10.054
0.11855
0.967097
1.72422
11.2022
0
0.322726
0.0428043
0.782445
1.2809
0
1.06612e-05
0
0.33063
0
7.29546
3.83062
3.66658
5.46441
2.4057
13.6336
2.568
17.0506
5.90084
1.55025
42.8895
5.62198
2.68545
8.48668
22.6571
13.5575
10.5044
8.03219
3.45958
0
6.13658
8.58312
9.62283
0
24.1487
0
18.4674
8.93291
0.398443
12.5781
12.4448
19.7464
0.171759
12.199
0
3.91487e-07
14.1632
5.06542
2.65969
0.00542831
1.46813
2.12142
1.06929
2.18984
6.50829
0
2.005
12.477
0.920709
0
0
0
0
0
1.85243e-06
0.905686
18.1665
0.146947
0.804804
0.823471
0.0874637
16.3827
28.3623
0.135939
0.852817
7.32875
7.0326
0
1.91632
7.05796e-08
2.53212
0
0
0.672149
1.45778
0
25.7453
4.24123
11.5142
0.0687912
0.611682
0
0
0
30.7565
0.122522
0
0
9.07385
0.269704
11.6233
15.0338
30.1021
14.2769
15.0064
25.3793
0.468883
5.57791
18.5254
5.67115
3.73693
22.2812
0.0369105
2.66998e-07
2.15928
1.62698
6.64461
1.66736
18.9894
1.55329
1.58109
1.29944
8.72378
7.06063
2.64904
4.56615
4.37767
6.1595
3.472
2.99384
4.20614
0.120696
0.122169
0.996076
0.100065
0.847883
0.00767191
4.46315
15.4718
21.1655
22.7021
0.2099
21.3254
10.416
0.761115
15.0017
2.17055
5.73743
13.4416
8.11273
0.813551
120.563
65.6019
0.0272497
20.7673
56.9357
0.148527
0
1.26469
0.0673701
0.597856
3.1333
1.50649
7.24936e-06
6.04419
8.3351
16.2246
0.0488888
51.164
1.51747e-07
0.920075
0.922527
2.69509e-07
0.0502286
0.935775
0.0205209
0
7.77068
0
0.084601
12.1425
1.24852
13.9069
0.564955
8.80761
0
0.0222845
9.37161
3.04797
1.89107e-05
3.49893
5.69127
1.70338
0.179169
37.921
29.2998
0.198952
4.21876
11.4058
6.31567e-07
0.0952924
0.0107589
0.00133793
0.181777
1.44364e-07
70.3394
0
22.698
9.48963
42.1718
0
0
0
0
0
10.8474
5.48634
18.1797
0
24.3929
14.0651
11.6961
3.00597
7.67946
4.63862
6.94807
0
0.0422152
1.83725
0.325532
0.0354065
20.8011
0
0
0
0
0
4.18732
0.109884
0
0
0
2.33195
1.59983
0
0
15.3289
0
0
0
0
0
5.99009
7.53115
0
2.80159
1.02076
0
0
0.0105375
0
6.08638
3.87549
13.6594
3.33534
12.1552
3.07845
8.98019
1.85293
9.27071
31.8567
26.3555
3.22944
66.62
28.1764
54.9634
16.6478
31.7484
44.802
32.1077
14.6476
20.2056
13.0673
11.3913
15.4432
15.324
12.2805
11.0045
9.80871
16.1909
15.095
17.5386
17.34
12.1585
4.04578
7.88799
24.3714
10.818
4.92049
0.34223
11.9433
1.59208
0
0
0
0
21.5245
22.2126
0.0012286
2.74675
5.07898
7.52341
0.000103682
0
11.6583
7.23768e-06
10.5488
1.76049
0
0
1.63924
15.0372
2.20044
5.21017
8.55071
9.81757
6.75404
3.49909
2.71824
1.92702e-08
9.75116
15.5788
8.42504
10.0725
2.36652
5.17002
4.57818
2.03762
1.63803
7.07167
12.6007
3.36522
5.83924
2.61985
4.39736
4.39059
6.20261
8.51263
28.6303
14.0614
5.0048
13.2915
35.8386
33.2682
40.8988
33.6536
30.3014
22.1459
16.8422
6.19707
12.1742
10.9141
8.00602
0
0
0.0438756
1.04982
3.73989
6.24403
15.4234
9.70359
11.1292
11.9355
7.54744
6.92754
12.3314
4.51297
8.30038
7.36204
5.1974
2.71365
1.59381
1.59681
40.6907
6.60352
12.0489
5.98255
5.69847
19.3112
8.14096
2.95843
0.228875
2.44055
32.5658
0.0280732
14.0887
0.49411
1.66895
2.68812
2.05917
6.90688
10.1167
1.41345
15.6362
5.25789
2.14686
0
0.703808
0
4.05148
6.12723
5.09183
5.288
0.0175337
10.1871
28.5097
13.974
13.0497
10.0703
13.153
7.71986
11.2768
0
0
0
6.92175
6.30417
11.4283
3.31443
20.7238
4.87658
6.27122
0.00124173
5.09369
0
7.50104
38.2024
1.28337
9.98245
25.5237
20.8335
22.6243
4.75722
0.270967
18.2664
4.30873
21.1092
7.60577
13.7364
19.8191
11.393
17.6955
21.3927
8.07503
10.1816
13.726
22.3569
18.1707
20.3012
20.4767
12.494
6.28116
14.8342
5.62137
5.77581
1.79573
8.59091
10.7093
8.88851
12.9436
10.147
16.9822
9.02079
1.49703
0
7.79377
0
0.716986
5.44136
10.326
6.0317
8.00996
2.64848
9.9053
15.7967
8.02258
8.24263
5.90676
10.8097
5.8172
9.25817
2.3948
5.45418
10.6909
11.0272
7.54197
9.13551
6.41552
7.3168
0
17.0912
3.97496
21.3908
5.39261
21.2098
0.0411291
4.54872
1.25015
6.64492
7.57377
3.19054
0.518777
7.34564
10.1538
3.13397
6.27316
3.9548
1.87084
5.95897
34.7073
11.9154
3.82699
1.79029
11.7536
34.7931
0.643311
3.56078
5.41121
4.20773
0.466164
1.67445
1.07089
1.03329
0
7.56911
1.7183
2.03162
2.69418
16.5281
3.7273
2.32604
2.64346
3.88452e-06
2.00334
0.895607
0.115107
0.807077
1.3713
0.83243
0.0187378
0.0466945
2.91214
3.90234
0.765966
7.08431
1.46555
1.18476
6.28953
0.417416
7.47781
0.0282933
0.828195
0.0663769
0.0143213
5.3451
0
4.91945
0.10264
9.27085
0.00434469
8.12671
0.395373
9.10804
0.562747
0.085787
15.0417
0.736474
18.6184
11.5611
17.4957
0
30.4965
0
0.991321
0
0.263637
7.40593
14.4665
0.938076
0.504125
15.4686
0.0320463
0.0107062
7.22122
0
4.06891
0
0.647492
0
0.472513
0.890519
0.402502
0
1.85758
5.97018
0
4.80163
14.0051
1.46332
5.02246
5.09302e-05
6.59458
5.63959
7.39238
5.757
0.371345
0
0
10.612
3.00881
0
2.25989
0.731936
1.41464
0
0
0
0
0
2.00391e-08
0.714699
0
0.761503
0
0.236749
0
0.248997
0
0.386614
0
0
1.26817
0
0
0
0.0295684
0
0
0.706655
16.4895
20.0709
30.2526
12.0891
20.4361
3.81639
3.28542
0
0
0
2.58906
4.11301
0.57401
4.73385
0.422188
2.75952
18.0502
45.0324
18.9103
17.8629
5.63334
4.88121
21.6047
23.3916
2.67324
6.49955
12.7442
3.8853
12.2112
5.65052
1.128
19.3452
11.7677
4.54966
4.9725
0.0798848
5.86494
1.93824
8.69124
0.236487
5.51875
9.58948
0.925718
0.605933
0.873186
0.00568218
0
0.864771
0
0.970226
0.0025896
0
0
28.4058
0
11.0667
0.328956
11.011
2.18365
1.53352
9.95476
9.14784
8.42591
5.48551
0
11.8046
14.2497
16.5105
30.4162
55.8283
33.2772
38.1215
8.06816e-05
114.285
3.96159e-07
19.6159
51.9281
48.3349
5.1023
1.04894
22.239
23.83
22.6331
8.71656
35.195
22.5501
57.7449
24.0497
12.9836
11.1171
11.0668
14.5868
0
14.7091
15.0296
10.5265
1.14095
22.2749
0.00382436
14.7742
0.00872646
0.00366643
1.18738
0.136265
0.082261
0
16.2443
13.9496
8.60616
11.1355
6.0329
5.27974
3.16599
1.00608
0.252054
0.000473454
2.46515
0.869007
12.2201
11.356
40.4363
6.26485
29.5707
11.1991
19.1939
17.6719
5.08941
18.5935
0
0
0.00320766
25.5834
8.90234e-07
5.12019
42.0106
1.62891
0.00857328
0.628619
0.000163175
0.407359
0.0752615
2.00415
1.64943
0.124467
1.50481
1.35533
11.1863
2.325
0.413622
12.3687
4.80764
0.245975
12.4391
0.000762946
2.48757
0.171237
5.81744
0.0982582
2.22267
3.54125
0.961216
2.35043e-06
0.0699929
3.63091e-07
0.000425769
0.107843
0
0.828755
0.00167726
0.000374121
0
0
0
1.44574
0.35181
0.323548
3.76444
18.9787
11.5811
7.38216
0.0041401
1.78038
10.3617
0
0.00284294
0
0.0174831
16.7563
0.0043159
20.1454
10.0181
24.306
9.10211
18.9618
12.1583
20.9424
1.88547
7.13126
12.5069
4.26376
6.28111
14.6889
3.66121e-05
0.00480055
4.06063
0
4.70363
6.71832
25.7535
0.426155
6.08447
12.7937
0.000395066
28.0508
16.1765
21.7019
23.655
0.945602
34.4283
0.152584
31.8678
8.54826
1.43838
12.4437
8.84284
6.28156
3.79789
0
0.333548
0.353477
0.987948
0.5552
4.16312
0
6.04185
3.76708
31.5397
24.3294
10.1855
24.938
19.0924
2.74736
22.4367
15.8585
32.875
25.9359
19.3832
5.19616
17.3018
1.67031e-06
5.71958
13.5587
27.5137
7.76367
7.73792
13.024
3.44879
4.40963
9.03147
10.2081
6.20078
6.71345
18.3091
6.84953
15.2069
11.9454
6.7933
12.7675
22.3475
0
10.1948
1.1793
1.99096
3.90704
17.7575
0
16.9062
15.0762
3.77147
0
0
18.9293
14.0904
20.5848
7.07812
2.7694
22.4554
15.1069
0.115526
25.6382
24.2478
11.9806
2.9705
10.6388
8.17753
15.7653
18.2983
29.9293
28.7848
25.4209
8.61175
42.4439
26.6145
0.255968
34.1281
22.2685
19.9493
4.5249
15.0698
21.2982
41.3684
16.2216
0.369379
15.6785
24.6512
6.94644
0
5.15283
12.2618
1.73387
18.1708
3.03905
25.7387
27.5355
0.869261
0
1.68496
4.23369
45.3853
0.875143
11.6713
27.1122
24.8793
32.911
28.2041
0.0484031
37.3709
0
28.5809
38.2718
24.5816
37.0718
7.66631
36.8628
67.5481
7.96863
42.4817
28.3007
9.36794
28.8447
0.0537157
17.4129
10.15
15.9266
0.00322828
8.88069
8.90874
19.5664
10.5093
13.2113
10.5355
11.7554
1.92342
24.5189
22.8496
5.63487
6.19469
7.16626
0.0160046
27.3529
10.4827
5.14112
3.05294
3.50008
0.439408
8.20251
0.414236
23.5779
1.68857
8.21094
7.87791
6.85845
8.98573
2.20773
6.60703
20.4349
0
0.36999
2.18167
11.6771
0
18.9112
7.0095
4.98927
9.75772
8.75878
11.7084
14.3398
11.7053
17.7195
6.49854
20.9338
11.9631
8.46497
15.6316
1.80723
9.96804
50.4678
0
4.89769
13.1325
63.1545
1.83442
0.619068
55.0537
2.28753
8.41371
6.03633
18.6858
26.2212
7.53564
36.5959
26.4411
47.7889
7.12637
7.49226
19.6829
35.7845
39.7455
6.7697
1.83975
5.12731
10.5056
1.56329
18.9233
12.7101
3.24317
6.99743
5.27028
19.4751
5.06868
0.215685
4.67807
0.869741
11.0965
11.5917
5.69212
0
0.496779
4.10409
7.42005
6.98867
18.1
4.81314
6.46444
0.362524
9.31188
17.2868
8.04802
2.55294
9.09978
4.33152
15.8503
4.48817
17.0975
7.38528
2.56875e-08
14.2976
14.4343
5.06728
14.0767
4.33861
23.4577
0
12.4793
1.33183e-06
4.69677
2.25055
2.05365
7.53888
2.19824
2.72076
11.8883
4.43972
8.19029
3.44947
6.19863
3.04732
2.82779
8.03057
0.54825
1.03736
0.000245618
7.95877e-08
0
12.654
6.85154
9.39143
29.9176
33.1592
19.0522
12.3762
1.47512
1.19782
0.505636
8.28684
7.11638
0.329223
5.30323
9.26623
6.01582e-06
3.57727
0.0637037
0.198593
11.1468
0.78757
3.32541
0.00711195
3.42726
18.4114
0.867899
0.77179
0.0201792
0.0134013
0
10.7777
22.0366
10.5448
0
0.393581
15.5849
7.84562
9.58983
8.96948
6.47456
4.28372
9.32876
9.55111
33.7975
8.24649
6.29155e-07
10.3218
2.45679
5.61782
12.3802
0.0797431
5.04936
6.5794
7.26416
7.25917
1.814
7.38638
168.05
5.43699
29.8363
9.17194
165.946
4.50819
2.96529
11.3065
4.50552
8.96804
13.279
12.8529
35.749
8.28503
9.15945
7.45434
7.3099
18.3379
3.98394
7.15475
3.76023
0.919129
0.0076097
6.87697
7.77524
1.07669
0
0
0.000144575
12.0651
0.892353
0.568503
0.158274
1.6551
3.80024
0.472591
0
13.1703
0
2.84054
7.88326
0
0
3.22211
3.78569
7.60536
0
1.11265
0.298479
0.545275
0.836535
0
2.7692
0
1.00124
2.61309
5.8086
0
0
0.367853
0.804729
0
0.0109212
0
16.5684
2.73233
12.6879
3.45919
8.02489
0.16764
20.3112
2.76914
4.71263
5.06073
3.65837
6.87232
24.9756
3.35717
1.16345
2.46637
4.12364
4.87233
1.20159
2.25051
17.7408
33.3236
20.9057
23.5771
7.58673
1.06167
0.87508
0
0.0553469
10.2593
7.54312
3.49278
14.3526
6.21699
5.22371
34.1028
0
1.43395
10.3469
15.2347
19.6262
16.1395
20.4802
28.0161
2.57532
3.39858
16.5391
13.3885
10.506
44.747
10.0012
25.5105
0.642699
10.5299
44.7108
2.50729
0
0.0149267
1.60444
4.72911
0.0220239
0.0750693
1.02011
17.8482
14.8361
6.60049
2.61656
21.0474
4.7493
7.57447
3.40387
0.556947
0.00346235
0.835577
1.77456
1.1401
10.5877
5.41208
9.76296
17.4707
12.4893
28.1823
0
0.000220784
7.1865
16.8995
30.7083
4.70619
5.39812
0.0297292
12.5943
5.7547
1.19949
11.0082
0.0540862
10.937
0.807087
28.9583
11.2203
7.59894
0
6.13288
29.7096
0
0.00942278
0.0138529
0.00124761
0.591674
0.583207
25.6593
2.13139
2.47373
0
0.21715
0.000560959
6.19605
2.01036e-05
6.56509
0.119223
0
21.8505
0.480593
1.2733
1.96756
3.1331
0.0620045
1.02881
0.938745
0.355848
0.000117393
0
0
0.0111911
0.261949
0.0214314
0.348934
2.44211
1.90472
0.00608981
0.727023
1.21759
8.24963
3.26352
3.85068
38.7154
4.61886
0.0790528
5.20677
2.985
3.95691
1.97445
11.362
1.24951e-05
0.407075
11.1065
0.150138
6.97751
13.2239
5.16981
2.46545
5.30012
4.46733
0.85345
1.11999
11.9866
0.124033
0.000286268
0.496686
0.306065
0.0532934
0.590429
0.3129
0.702725
0.0108502
2.28398e-06
3.12101e-08
0.00635688
0.00504148
1.6079
0
0.0169519
0
15.6771
0.407162
0.219529
6.13171
32.1992
19.9528
20.681
2.0422
11.9157
17.4593
10.1517
2.58791
17.5344
46.8196
0.940822
2.9108
12.5641
1.20813
90.2414
28.0646
8.36006
28.9274
13.5041
3.15986
17.8117
0
2.15956
0
18.3225
6.61947
0.789144
19.2532
24.546
0.000574273
16.991
6.8207
6.65559
12.3572
0.000428594
10.7139
22.6881
18.797
9.92656
8.57046
19.7859
3.26128
1.24709
11.1195
6.32748
2.56546
0.881945
11.1305
2.18746
1.9452
2.59993
0.409005
1.80709
1.53895
0.929449
0.875596
2.31718
1.1149
1.29546
0.863909
1.55937
6.99552
2.70054
1.88225
1.93628
1.55566
0.705018
0.259625
0.574183
0.998135
0.449942
0.00681955
0.0395946
2.20824
2.98854
0.856437
1.6479
0.817756
4.51667
6.24119
0.0128857
11.4658
2.18398
1.50829
1.84207
1.45496
0
0.0247546
0
6.94451
0
4.56395
10.9244
10.6462
1.05565
0.450119
31.4433
9.19999
5.62746
3.24477
12.635
58.844
1.01409
23.4541
19.3328
0.398926
0.000170248
10.2391
0
2.86629
4.12045
0
1.30197
0.290426
11.749
0.80555
1.26987e-07
0
0
11.8132
0.707548
0
0
0
13.5508
23.4285
30.4586
33.0337
3.41518
33.5191
16.5862
6.47417
30.3288
2.89107
19.7376
9.46833
0
0
18.1541
0.871838
0.137066
8.10348e-05
1.22205e-05
1.6076
1.05393
18.6179
0.024653
2.27237
24.3747
0.103414
0
0.68195
0.0821238
8.20755
11.3828
0
0
0
0
0
0.00215615
8.25519
0.0130505
0.0468592
13.7712
7.76243e-07
0
1.31415
0
0
0
7.68438
6.86916
0
0
0
0
18.8285
0
0.0617256
0.957977
2.97203
0.686907
2.75862e-06
3.00148e-06
1.97176
0.0905498
2.45054
0.507297
0.000315225
0.714114
5.11667e-06
10.6163
0.695934
0.0601298
12.0983
0
0
0
0
0
0
0
0
0
0
0
0
0
39.6197
0
1.57187
0.565213
0
0.0509096
0.252864
9.88857
0
0.134099
0
0.0359714
2.67111
3.22746
3.0847
2.85333
0.131562
0
0.378429
15.4464
10.3761
2.44368
1.19323
0.072777
0.330082
23.7193
2.1428
0.00450283
3.46643e-05
1.8686
5.77408e-06
0
1.10497e-05
0
1.5081
2.53732
1.84684
0.906326
4.10527
0
9.08122
2.04198
1.36096
4.14738
9.33101e-06
1.87867
8.17582
0.980133
0.123247
4.32246
18.9174
0.19333
1.20896
0.972082
1.4491
21.8469
2.38067
0
9.74435
0
0.616146
2.01183
20.079
0
2.63981
13.1918
0.871835
0.00598459
1.79895
0.528642
0.14119
0.0253488
0
2.43426
0.078067
4.02618
2.94015
2.01306
2.49162
24.0216
5.32688
0.0537521
4.01747e-06
2.39002
1.11063
0.521005
19.7566
4.57162
6.22136
0.043162
1.96006
7.79648
21.9761
15.0575
0.0109429
6.07546
23.874
4.97302
26.2175
1.26013
1.51614
9.2906
0.180613
29.8024
0.736377
0.638705
18.4846
0.0955054
0.0093457
0.938186
0
13.8284
2.90953
2.67742
17.0507
22.9268
1.04747
14.2046
9.94112
12.6582
8.78508
0.425835
29.962
23.8259
0.595631
2.3758
26.2971
25.7653
0.236114
2.77832
33.9564
22.064
18.1813
11.8021
38.4567
10.3303
17.4858
23.1649
0.338657
26.0685
0.0685762
5.16434
16.1621
3.65134
9.22149
0.169521
0.512574
1.28256
0.567303
2.77774
0.000793508
0.370482
2.55049
0
4.53717
7.33608
0
0.0499901
0.129587
0.972571
1.65819
1.20326
0.737359
2.02016
56.2663
0.914979
0.000324549
1.85452e-05
10.7542
0
1.35099
9.61457
6.02564
5.79101
6.70413
34.676
0.100786
6.49521
0
0.909595
81.5351
0
0.187322
24.9798
0.725
0.808848
24.6309
1.47647
0.646179
0.782685
0.787743
43.1315
12.5727
0
10.5486
0.553176
0.0690599
33.6539
9.92824
5.5737
8.83581
5.3427
9.57619
4.60762
4.03609
1.94634
2.13171
2.60593
0.0344394
1.56976
2.21093
83.7751
1.30827
27.3001
5.88126
0.153634
17.3396
23.4485
17.5838
2.23254
0.00211155
0.215034
0.0518333
0.779734
0.0393213
0.0085382
5.35535e-07
0.130067
0.118679
0.380759
0.0151768
0
6.58499
7.07965
7.4562e-07
27.7998
2.19928
12.3113
19.5173
10.2797
1.54601
0.0451988
24.5327
6.59252
13.3047
12.0088
9.31404
14.7371
8.60175
6.46747
0.89656
4.82229
16.1003
11.5387
4.037
11.1529
6.23696
8.09581
0.764276
0.0210417
0.933557
0.000158191
0.247871
0.892861
0.327758
0.392079
13.5823
0.949964
7.58163e-07
19.0328
12.1478
14.9788
13.8516
4.08177
3.85519
1.84562
0
0
0.1129
0
13.2397
0
0.389881
2.75225e-05
7.67259
9.18317
4.96164
4.03168
5.42583
3.52927
0.0784686
0
1.92978
0.427191
0.983321
2.7112
0.262191
6.49875
1.73438
0
4.85581
1.54644
0.11763
3.54919
0.762344
0.258887
1.63416
7.62365
11.7423
1.70723
0.0103771
0.00813848
1.08193
1.19533
4.38479
0.0132925
0.0067653
0
28.6347
3.6901
0.0254165
16.1059
0.445571
18.0224
0.000870902
0.038153
31.1118
