0.079271
2.58174
0.258062
0
0.104166
2.89748
0
5.62052
0.0793662
3.50297
18.7819
0.0199838
4.00097e-06
1.52585
4.41181
1.29022e-05
1.9781
26.8453
35.5423
25.4467
11.8619
3.39223
0
0
5.29288
5.85872
4.70374
9.45932
57.4937
0.45728
0
11.1709
4.79687
0.98827
4.25168
0
8.00715
25.2174
19.8499
36.764
35.373
8.23235
1.69308
9.3936
1.21683
20.1669
2.01712
0
2.2484e-08
0
0.495728
0
11.5759
2.44905
0.00356116
0.000149314
21.8386
0.770741
0.0411956
0.181869
1.53642
0.00204384
5.32814
3.35926
2.79998
0
2.47239
1.84722
2.5144
0.866935
24.1712
0
0
0
2.53344
0.185552
3.15735
1.30372
0.373784
0.0920912
0.033035
3.70046
0.875878
0
19.8511
5.47398
16.2451
31.1373
24.9967
23.647
22.3547
22.6268
15.9292
12.6073
95.8571
11.7447
19.2676
34.0984
1.41817
3.74281
15.7021
0.223744
8.53644
22.3509
7.78471
3.41107
15.3354
10.9115
6.4086
24.8406
22.8204
11.1507
8.09232
13.4537
20.9866
16.1036
2.67567
1.81789
6.45032
6.50087
7.07172
1.59362
8.02467
7.13222
0
2.89905
11.9392
0.408764
0
0.0179345
6.46156
0.341586
0.0884782
28.1095
0.00120001
18.8612
16.5541
0.833524
0.0127063
1.4969
0.821237
0.806168
0.602747
2.07762
0.0289651
2.74567
0
0
28.9461
99.9195
4.22405
1.78954
0
6.02188e-08
0.138098
0.00922321
0.329669
0.571226
2.74221
0.972655
22.2031
6.61336
26.2199
25.4751
2.74288
1.82161
29.6535
2.59442
1.94187
3.62544
25.3986
1.4325
4.35287
0.108799
1.93792
8.56664e-05
1.3886e-07
0.268729
0
0.271851
0.00549935
24.4335
0
0
17.8071
29.7693
15.4067
4.62468
12.7888
33.7494
39.2075
16.4266
20.5681
24.7173
2.36068
0
7.40838
14.1065
15.1527
14.9374
36.4158
74.7145
4.13185
31.9557
18.6986
7.21598
25.2359
6.76277
112.675
7.82349
35.7591
26.7309
0.170324
20.3576
36.469
30.7706
3.86411
38.5033
13.4301
3.86299
2.03432
4.3322
16.2589
5.164
34.4548
19.3778
48.4191
30.9138
21.8462
1.74257
0.192825
9.10405
29.7861
0.378927
6.12102
1.66787
3.26877
1.89453
5.14643
4.20704
2.92599
4.75909
2.7516
1.66862
0.0375192
0.539901
0.00981759
0
1.21862
0
3.21897e-05
2.91321
0.00183052
0.288653
0
0
0
0.269911
0.553599
0.88904
0.0830736
0.0222727
1.05881
0.787064
0.00582469
0.0564359
0
7.80772e-05
0
0
7.04081
0.0610485
20.4492
0.118228
0.077173
2.05138
1.16188e-07
1.12047
3.04239
0.515738
34.7324
0.852431
0.809785
0.58233
1.6869
0.315059
0.563472
0.119588
0.747106
2.80885
0.462432
0.000276636
31.7318
0
0.345328
1.5797
0.171584
8.3068
11.887
30.0971
29.7632
2.50463
22.2756
24.3016
7.66458
11.487
1.46862
9.62204
0.108592
0.0312664
4.03342
0.0178399
1.74621
8.79122
17.4157
7.52376
36.8766
62.8758
7.30857
10.6129
0
9.00465
0.961579
1.97931
2.07555
10.771
0.645989
1.01385
0.0468437
2.18047
0.921824
2.3401
0
4.21214
9.8343
25.6008
22.541
4.21092
3.75523
0.72637
11.4057
8.04374
0.0972269
0.402109
0
0.0625138
3.19384
1.40516
1.89175
1.57734
0.411861
0.0411579
30.245
0.357471
0
0
4.7829
6.90348
0.375241
0.158842
8.47935
4.07908
0
3.2878
0
0
7.08464e-06
0
3.86063
4.24053
13.7982
1.70916
8.80564
16.0245
10.0014
9.47777
1.74868
13.4135
14.2188
12.0904
33.9444
30.7604
1.16713
9.12557
5.14782
4.32305
11.1012
8.5948
9.12963
5.93759
16.2234
15.2217
24.9201
9.48882
13.0524
24.6149
24.3943
28.7054
41.2743
58.8427
4.43329
34.062
12.9032
14.5519
13.7241
12.76
8.78532
6.67354
6.59423
7.46517
7.33901
27.6218
4.11649
14.4518
4.07783
17.5456
17.5864
10.6622
16.0305
0.812953
3.29448
16.0963
33.8162
33.1932
26.1924
57.597
5.62715
61.2988
43.9092
40.7413
23.0224
18.5564
36.0915
21.592
29.3561
9.30426
23.4693
1.88025
9.77748
59.653
47.9484
19.6453
19.9179
3.78117
7.01134
0
0.767984
0
5.97901
4.3082
27.1143
0.52834
6.37301
33.1222
39.2261
15.7994
27.7529
30.8924
14.7475
16.294
10.4336
9.27293
4.19767
0.023746
13.9664
1.41932
51.1979
3.28807
0.026741
0.332247
0.0258465
1.5446
0
0.00348701
1.2083
1.02774
3.12884
4.1711
5.74741e-08
7.42639
22.8859
5.93952
7.31038
13.1335
9.27052
6.08881
3.65645
39.4784
1.78234
52.6935
44.1838
23.1784
31.3208
0.807641
2.00941
16.7576
2.29927
0.169376
0.00772397
0.0129331
30.8796
38.9284
7.93239
18.874
28.7885
12.3541
7.67021
3.20778
0
2.41734
7.7956
2.5971
1.2944
4.22288
3.20615
2.35159
7.6655
6.90518
4.04166
1.58076
9.62869
33.992
17.6822
3.09802e-05
0
3.69965
0
4.8584
0
2.63986
2.15128
0.885484
0.154192
5.76261
8.40696e-05
0.980701
1.07657
0.596852
0.702408
47.161
3.21096
0.0059959
8.61851
0.714696
0.369595
6.74474
20.0698
34.1482
32.0654
27.8317
8.4465
22.7986
0.983021
39.9343
0
12.0429
15.0018
6.28552
10.045
1.99079
1.23838
0.0548654
4.0386e-06
16.439
0
2.42836e-07
9.63368
1.09316e-07
5.90154
24.4426
2.4335
37.3504
5.76335
0.802118
0.117405
36.5441
53.3072
13.5496
39.815
27.0776
5.6813
6.66273
0
22.0534
11.4292
1.10789
1.96024
1.7507
20.5675
0.174017
1.56301
1.44811
1.36495
1.32142
0.88691
1.08447
5.91266
0.269494
0.0309717
1.66906
1.35642
8.24439
6.09486
0.0101399
0.780009
4.69339
1.70457e-05
1.99856
0.345396
1.02097
1.7545
0.00867114
7.02529
21.4405
36.9667
0.785416
0.898622
0.781589
9.98766
1.51392
4.66501
1.49903
4.57233
1.7216
1.97285
0.848822
0.137851
27.9738
1.02432
1.33426e-05
1.9861
0.987832
0
1.03341
13.112
0.859222
5.193
36.6076
5.27145
1.22313
7.84353
15.0629
9.92059
12.53
0
0
0
0.441951
23.0777
51.3491
0.673328
21.0735
0
20.0251
23.9727
12.1494
8.50763
0.0453864
1.00456
0.00100151
0
0
0.642598
0.967459
0.00963912
7.86046
9.06718
1.97072
1.93699
18.5263
2.739
36.4099
2.45201
38.8487
20.195
0.0192851
8.33555
3.81921
4.8151
19.0423
1.34313
0
17.1686
6.41756
0.00636769
20.2419
0.0186695
1.40329
5.70627
14.5827
9.8817
33.1275
10.8367
39.8116
17.1041
2.73732
5.75398
1.79913
0.994778
1.40143
0
0.588601
0
0.580024
0.0891977
28.3319
3.56727
1.37909
2.40837
0
8.84531
19.8115
0.0183316
3.93996
2.40251
16.32
4.01077
26.1993
3.36947
27.5483
41.3935
3.82093
2.39291
5.85235
8.53757
0
7.89736
6.8308
11.8231
0.760486
34.6459
4.6858e-06
24.7435
99.769
14.9708
20.5969
55.5941
19.7364
12.3967
0.263936
2.01886e-07
10.3316
39.8116
0.311018
1.04331
1.06938
7.76638
72.97
8.86196
0
1.90039e-05
1.44004
1.108e-06
0.0623861
10.6083
28.6143
11.5207
3.98648
0
0
0.0650013
5.15038
16.1728
2.52743e-06
3.65908
38.1195
0.0452866
22.6798
0.13461
22.2137
18.1243
21.9289
25.9909
0.745836
3.5877
5.79746
0.000107206
0
0
0
0
1.7254
4.41798e-07
0
0
3.35229
23.7081
0.15111
12.3752
7.75922
7.01121
9.69552
3.04426
1.652
1.88891
0.00169838
3.05298
0.700202
6.55259
6.17611
39.6611
4.93565
26.7368
1.06609
0
20.016
0
9.17049
0.0447213
0.0148909
0.00179849
15.9505
8.79499
9.87412
35.4077
6.47783
18.726
0.799379
2.30691e-06
2.01411
50.035
4.01398
0.0509676
0.0457039
0
0
4.66705
24.8104
2.04873
0.915154
3.52504
15.0411
10.5861
4.14464
8.19723
13.6457
25.2624
0
0
1.93855
8.44696
5.59097
9.28348
0.634948
0
0
9.67849
17.0306
26.1612
10.8784
0
5.72451
9.53716
3.22371
0
28.3398
0.00559994
8.78918e-05
25.2338
1.59048e-07
0.0499787
13.3332
0.0740493
0
0.0810746
9.11225
0.211791
0.0156775
1.64139
3.71731
3.98031
0
0
35.8028
0
25.6584
0.825157
6.00557
0.322321
0
0
0.0599609
13.9287
0
3.86265
12.6538
3.9109
6.26875
26.9648
0
30.8787
26.4561
4.77185
11.459
17.8507
22.8798
12.4334
15.0177
17.5646
8.59142
4.41471
14.0224
12.4505
15.2373
15.7261
13.2454
0.503379
3.42577
3.92939
6.3217
24.4347
1.5327
5.15667
4.73408
17.3781
9.29687
9.89136
6.4192
0.609141
0.0098194
0.0883868
0.018653
0.132633
2.36597
6.95494
25.0902
26.598
3.79157
0.748214
0.0332684
7.61991
4.28231
0
25.7077
6.60959
4.18354
0.00957693
0.01878
0.073553
3.70772
0.983479
26.3022
5.70716
0
0
25.6963
0
0
1.44133
1.1594
0.166315
0.0300704
6.24723
7.42756
4.60757
0.409251
6.50155
12.401
0.00021192
1.7103
2.80362
0.699946
2.03574
5.0828
0.901979
71.2286
55.202
22.4149
9.42828e-06
0.885987
0.193262
0.0744654
14.3049
3.23054
15.486
21.0767
1.15861
51.5221
2.71537
0
0.0170427
4.24552
0.188076
1.52417
1.38738
1.90716
1.0677e-06
0.602101
23.8553
0
23.7508
12.706
0.41105
0
0.0448245
1.95981e-07
0.00467454
28.8286
23.9659
3.59746
14.2495
21.1431
0.645679
0.00339363
0.110911
0.048394
3.55957
3.22725
4.93626
0
0
1.0597e-07
1.45192
7.09038e-07
0
16.3046
3.04402
2.83509
13.9907
0.560006
0
0.824049
1.4631
2.05234
8.15392
0.0616767
0.419099
0.132914
0.437435
20.8429
0
0
16.3709
2.83939
0.249184
0
26.354
6.00255
3.3023
19.5807
0.656534
5.81348
0
0
1.45067
26.7792
0.464997
24.4934
0.042021
4.15367
0
17.9132
15.5573
27.4842
14.8537
20.8844
3.2536
37.6705
4.82254
0
0
0
11.8321
15.7923
12.1945
14.8293
1.39046
1.49902
0.418424
33.9634
28.2709
23.9231
26.2403
4.76134
16.4863
24.4761
15.0773
26.8425
46.0534
6.34649
5.74617
31.3957
21.6486
0.251327
0
18.1913
13.0288
3.67007
7.0114
1.48154
1.856e-05
21.0434
21.8829
13.8547
1.11265
9.85179
24.5182
24.4665
13.1204
13.0993
5.06456
7.87064
19.1606
21.2183
0
0
4.36897
34.8312
35.7491
38.2797
41.0991
52.9414
63.5229
53.7603
37.7055
37.2983
118.971
87.0798
25.1808
17.2486
5.49631
2.9478
0.0130534
0.339687
1.05427
6.54404
0.892537
3.63707
0.255062
2.87636
0.598078
0.000389095
10.7056
12.957
1.81235
2.93568
8.9576
7.17745
3.60982
5.92739
5.93676
8.17865
19.5778
12.8408
0.517177
32.8479
30.7551
23.0023
40.0634
9.49453
36.4068
0.867189
0.00176865
0.0249304
44.7862
8.18665
0.565511
1.01599
33.388
0.630954
0
0
0
0
67.4557
0
52.1223
0
99.1178
70.2593
0
0.0225299
0
58.1465
59.8635
21.228
19.4908
0.0235051
0
44.6002
28.6401
0.0513086
0
1.45928
52.5922
59.3867
0.0281354
11.3336
43.6516
6.04342
27.9356
0.000398519
2.05454e-06
17.5481
0
0
0
0
0
48.5681
0
1.55996
8.09983
22.5326
13.0355
16.3676
3.80316
24.6211
0.895784
25.5766
0
28.7231
34.942
0
28.933
8.20918
23.2536
0
3.69463
1.33867
21.3778
13.037
0.819211
19.2693
0
25.704
24.0587
22.5938
0
26.4098
12.0355
50.9491
25.7806
0.0465374
0.919374
0.0160131
34.0818
0.465047
41.5443
6.71454e-05
0.086448
0.81631
0.481653
34.9969
4.62992e-07
0
0.375844
38.1088
0
37.0182
27.2866
0.654406
20.4657
0.301755
26.4941
11.7657
25.7532
2.17202
0
0.0155827
0
0
0
0.903447
0.84009
1.96646
4.0404
2.06199
31.6975
32.7812
3.65675
30.4132
19.7472
0.0231329
25.9324
18.9259
21.9244
16.8776
34.093
23.7877
36.3667
0
24.9809
47.2152
48.9309
24.4106
26.1121
5.68527
41.8037
21.6988
1.16086e-07
24.2896
0.00600951
0.0253721
20.5136
0.00113594
1.14667
0
0.00060882
0
0
0
8.35839
11.1093
3.12528
0.00169689
0.306657
0.0730362
0
0.0969462
0.00177881
0.0422989
0.592035
0.00851581
26.3561
5.57695
44.37
7.96047
1.57599
4.08987
15.745
48.0931
0.0252264
6.70942e-05
30.6025
10.2973
29.6624
50.6005
2.1682
1.0433
0
0.747581
38.275
60.2375
1.73414
0.0850314
0.556845
0
18.7156
2.77965
8.86534
15.225
0
1.32991
3.37154
2.16729
0.015594
0.0442074
7.94989
0
0
1.98414
6.20118
52.1271
1.15642
4.9517
46.0183
7.09666
22.1988
35.4066
1.09371
26.0947
0.364064
2.43563
0.0295966
4.45924
3.9311
3.6261
17.0545
0.433819
7.28398
0.649083
0.916648
1.0612
6.08905
0.0850147
0.00493486
0.891236
0
17.6004
27.8215
4.27701
12.3266
2.06497
14.8726
0.000393365
1.05224
7.58422
0
0.0296183
0.0703632
57.3838
29.6879
42.5794
37.1
35.8485
7.22319
2.13073
5.03602
6.54141
0
12.9039
0
0.282672
0
2.26968
0.325473
0
1.89945
0.274449
0.0553
6.49379
6.1321
6.09203
11.0195
10.6817
11.0486
0.0181102
3.14977e-06
0
2.87399
7.52652
0.000369094
0
16.2555
16.7591
9.38563
0.46932
0.438322
1.28979
8.57916
1.01173
0
4.48673
0.203886
27.7862
0.150042
2.07644
17.1866
9.89878
1.08319
4.18665e-05
4.97067
11.9651
2.68452
25.3452
4.20758
4.55041
4.0754
2.68598
0.00301933
1.28202
0.283783
27.3829
15.6591
4.3358
2.87927
4.24534
2.70707
2.68289
12.1879
7.27914
0.191688
9.42237e-05
0.716317
1.95294
0.0448815
0.00269845
5.22522
1.09298
36.4838
0
0.407718
3.0808
0.629134
1.38575
6.93573
1.44277
0.46532
33.9304
20.3259
7.30006
2.83145
3.93021
0.462637
0.42489
28.2113
30.6261
13.25
14.4553
0.962845
0
11.3989
14.6842
4.90234
0
18.9442
0
0
1.09799
3.35802
0
0
9.03223e-08
9.00702
0.639972
0.865393
0.635738
56.494
3.15259
0.0191198
3.372e-06
16.842
0.0339784
2.63177e-08
79.5613
1.45045
5.4182
56.9302
1.42438
0.00691677
114.665
4.11337
1.27712
3.81909
0
1.84877
1.03429e-06
0
0.67655
8.22575
0.979057
4.49841
0.250065
0.169985
4.61407
17.8517
2.07889
0.59817
3.08076e-05
0
0.842687
0.529327
0
30.878
0.120113
5.50836
0
0.018485
12.9594
0.019146
0
12.9382
4.17621
0.000854831
3.72347e-08
23.793
6.31066
3.95444
70.835
36.9284
13.1605
0.00229988
0.0246541
0.0289688
0.866824
1.68006e-06
1.75397
0.652671
14.1413
0.0941074
23.2225
8.08251
1.30243
0.745931
0.714981
0
0
0
16.1151
0.196667
0.0327213
0.0172299
0.989326
4.59042
2.57574
0.534207
0
0.00295694
0
0
0
0
4.20057e-06
1.7863e-05
0.957645
0.0605654
7.7679e-05
1.80949e-07
0
0
0
0
32.0528
9.21335e-06
1.35839
11.4841
0.026141
0
31.5079
13.7726
8.82571
0
6.1022e-08
1.22603e-08
0.000274812
6.05143e-06
2.30318e-06
0
0
1.36689e-06
0.798014
5.57706e-05
0.0759762
0.11218
0
0.978673
22.4776
0.33998
0.00156717
36.874
0
0
2.42861e-08
0
10.0871
0.000167605
0.000107676
0.223268
1.17288
0
0.335408
3.5599
0
1.21098
6.19588
0.854071
1.09699
0
0.568965
0.01606
0
0
5.3245
2.56285e-06
19.8176
7.68664e-07
0.278731
6.39818e-05
0.547538
0.841
0.0268823
0
0.0515289
0
13.9264
0.358953
38.8955
0.0427083
10.0783
17.1414
0.00144517
16.3035
1.78555
6.20511
0.976472
0.493189
4.01786
0.00891388
33.437
0.5162
0.433474
8.8389
0
0.5978
33.9805
30.4738
0
0
33.7766
10.4975
9.51999
10.1863
8.07727
14.7793
3.18721
28.3019
0
5.17803
18.8849
0
21.7173
25.7063
17.1967
7.57459
12.9221
2.08172
9.11535
15.3074
6.23656
6.97292
8.37759
13.2895
6.30061
0.128703
3.05808
9.84542
0.825998
0.495513
0
0
6.58313
14.4865
11.0625
0.159237
3.05629
0.000414661
1.38685
1.28713
0.249783
1.53869
2.62008
2.07464
4.15806
4.02453
6.64208
8.04721
13.3606
0.172108
5.5197e-07
6.37377
4.67876
3.19258
1.41419
0.157487
0.00244008
29.8822
0
4.84353e-05
0.0205462
0
0.863966
0.0294625
0.934287
0
0
6.53714e-05
0.719194
0
1.67193
0.571745
0.30271
1.32559
0
5.69119e-05
0.00243804
0
0
0
1.53682
1.14352
0.286653
0.399787
0
2.3368
0
0
0.00386372
0.0497622
0.0251097
49.9386
0
3.70902
0
0
0
42.3171
0.306534
0.0225071
0.102769
1.00077
0.00394226
23.3193
0
1.06122
3.61038
0
0
6.09157
4.08149
5.27547
8.33634e-08
0.298204
0
8.61471
4.59226
0.00554021
7.23523
4.85976
3.0372
4.10021
2.49843
1.89608
3.46542
9.18107
8.74951
8.04065
14.0118
0.57431
0.92255
27.13
12.286
14.3241
20.5061
17.2366
7.25578
4.87586
10.3766
13.2922
25.4899
8.16295
21.8677
24.8845
25.1167
36.4295
20.1253
0
36.8896
0
27.9655
24.6108
16.1463
34.9138
26.9614
39.3465
22.732
6.36624
0.806634
15.5985
14.7835
4.3625
5.48374
8.91712
10.1902
19.71
8.87995
3.11069
7.29647
3.83021
4.07012
0
10.1269
6.1246
11.3747
0
15.9805
15.1287
2.36368
0.623428
3.38054
0
0.579669
1.13885
4.54247
3.72812
15.7261
1.37153
1.33852
1.42702
0.960737
1.41954
0.114663
5.99369
1.65099
0
0.936625
18.5457
0
2.38196
0.567721
4.22981
0.220811
0
0
7.18345e-06
1.1314
0
11.5868
3.66765
8.16833
17.6972
4.36481
17.174
4.25785
28.5265
9.95199
4.94979
46.6965
10.7826
6.95743
12.6584
31.1081
17.9867
15.7347
17.0368
14.5486
0
12.9926
10.8149
5.77924
0
23.7298
0
19.947
15.1012
0.485927
19.9512
19.0666
19.6559
0.441178
18.5286
0
0
8.92089
10.3571
3.62271
7.02806e-07
4.74765
1.05757
1.01186
6.51888
11.579
0
1.75778
30.614
0.322741
0
3.7414e-05
0
0
0.00557707
0.203772
0
12.6626
0
0
0.945146
0
22.1982
34.7476
0.857063
0.00258836
10.0658
8.5341
0.229271
4.93569
0
3.457
0
0.0242965
1.34467
1.97255
0.794196
57.0872
2.16121
11.2391
0
0.777901
0.356686
0
0
36.3126
0.296617
0
0
7.05433
0.236416
21.3307
25.7064
38.3418
23.2393
20.1525
23.9144
1.2921
7.28584
22.3705
7.81739
3.09746
22.1331
0.634997
0
3.67115
5.56874
12.771
0.0154271
27.851
1.18173
1.0214
4.09736
28.3869
16.5267
10.9743
1.65615
3.96491
8.98315
9.96924
8.64114
10.0745
0.658499
0.0129556
0
0
7.1317e-08
0.00649183
8.48497
32.013
26.5782
16.0872
0.441758
14.0173
13.4192
1.43115
11.8602
4.51533
17.2154
23.843
9.08498
1.04013
107.639
54.1405
2.06283
22.9438
61.258
0.215304
0.019979
1.63608
0.961756
1.90612
2.01039
1.34215
0.0671028
3.80097
16.3779
29.9595
1.02944
78.2789
0
0
0.0238026
0.25733
0
0
0
0
13.5944
0.00626673
0.745357
23.7774
0.646211
25.1643
1.79194
8.71244
0.933268
0.965747
6.54531
9.7386
2.31042e-06
3.36411
4.21094
4.81003
0.0111571
50.5189
32.4379
0.0404104
2.30648
26.4042
1.26152
0.0483386
0.536716
0.0614781
0.18014
0.60524
67.3956
0.0626557
32.7718
16.3756
46.2747
0
0
0
0
0
23.8188
8.87067
26.395
0
20.1396
16.4458
13.7225
4.51852
12.8205
8.73089
11.4015
0.056376
0.100355
0.0906688
1.18162
0.416102
26.6036
0
0
0
0
0
3.25373
0
0
0
0
0.426955
5.15336
0
0
17.1668
0
0
0.504141
0.255119
0
4.0795
14.0512
0
1.32746
3.89854e-06
0
0
0.040169
0
7.90763
5.85323
7.99407
9.74025
8.49859
6.24564
7.68913
3.36965
18.3306
29.549
38.8865
4.05277
64.6637
31.225
69.0138
24.2825
44.6945
73.0571
40.3132
25.8822
26.3558
18.3771
19.9891
17.768
5.51832
7.60682
5.29818
11.1205
6.74978
6.54031
8.69728
5.96799
9.41689
8.66054
8.28707
25.353
12.9655
2.62469
1.62919
5.47354
1.03461
0
0.00434198
0
0
21.4979
31.5733
0.933508
8.93677
4.9463
4.02864
4.23615e-06
2.51389e-08
7.54222
0
9.58851
2.55431
0.000334394
0
0.278095
8.94554
0
15.8159
19.1869
14.4114
14.2999
3.25898
12.0286
0
11.8299
23.132
8.73907
19.9617
9.12572
11.2941
8.50591
7.6846
2.9504
8.31656
23.1973
11.3236
7.67417
0.257652
18.7937
0.215268
2.5627
13.3521
25.6098
27.3943
28.9207
28.9138
23.9184
28.8095
32.3843
32.8186
23.8751
21.6016
16.7302
12.5752
14.6822
14.8411
15.2264
0
0
0.160078
6.17658
5.42428
15.0064
9.10325
6.5459
7.31391
20.0747
13.0886
13.7443
13.0036
1.36975
15.4313
9.87817
5.44431
4.23429
3.70184
4.10679
29.7824
3.90207
3.63119
8.92945
8.62553
18.9349
9.92005
5.31605
0.00119039
3.10693
53.4445
4.19739
15.3006
5.73106
6.23748
2.87079
12.3852
22.1242
6.01699
2.44139
28.6833
6.40522
0.757608
9.85667e-06
0.863363
0
8.08107
6.87059
7.02798
12.6283
0.00104447
19.0557
34.4827
39.4836
25.9698
19.7622
21.262
12.4378
21.5671
0
0
0.00130206
18.2154
19.4595
35.4813
1.46858
39.5131
3.93186
7.39783
0
10.8319
0
16.1442
66.3385
1.14825
11.8716
40.9365
29.6043
26.6547
6.88465
0.000405262
25.9044
15.1849
22.2221
8.18977
19.7812
27.0293
11.6701
22.2308
27.9636
8.49253
16.208
18.9782
27.2263
21.5795
15.9623
20.2345
10.1459
19.1393
13.4895
11.3011
8.3764
10.0345
13.5315
11.0944
12.7361
9.77453
11.1011
16.9432
7.93597
2.54271
0
5.13723
0
3.64379
2.99141
11.9426
5.34645
9.05012
4.61491
8.83162
13.102
14.2661
21.2206
9.39479
8.30356
6.7755
13.7854
19.5416
8.5744
11.7411
13.8182
7.09067
7.21102
10.4812
10.6005
0
3.19489
6.03104
18.5946
6.82457
37.994
1.48166
2.20782
0
9.14035
20.8872
9.7186
0.696246
17.4241
21.1445
5.84786
12.6078
4.17887
6.0281
8.84096
55.5839
16.5107
1.48104
0.207652
15.9345
23.2027
3.09533
1.0442
2.39903
6.25296
2.70115
1.63026
0.738827
3.36739
0
16.0994
1.19649
2.43242
3.41619
9.22686
4.35764
4.49789
2.67114
1.03081
2.55526
0.289325
0.939871
0.168268
1.41283
3.8387
1.8099
0.782872
0.0167441
1.09475
0.938162
12.6277
4.38134
2.3379
3.35155
0.650245
23.4018
0.237175
1.08755
1.53285
0.234099
0.0245673
8.03911e-06
12.1486
0
10.7362
0
12.6131
1.6256e-05
12.5589
8.99313e-06
0
24.2288
0.0038635
23.3936
16.4743
18.9494
0
35.3342
0
1.19627
0
0.00827674
13.16
27.0894
0.34834
0.906825
17.2369
0.207549
0.34514
6.34969
0
3.20755
0
4.60146
1.73867
7.24929
1.37856
2.77154
0
9.38836
4.92091
0
9.51749
20.5977
1.41168
7.6064
0.31546
11.3402
22.1748
12.5303
14.1299
0
0
0
16.45
10.5662
0
0.699764
1.93241
0.471936
0
8.45527e-07
0
0
0
1.76205
1.4677
0.0117358
0.0615324
2.89785e-05
0.668646
0
0.039052
0
0.0737062
0
0
1.66076
0
0
0
0
0
0
0.973573
27.6363
29.6702
62.297
30.4769
34.1242
4.56869
8.22305
0
0
0.00186116
1.30557
11.1424
1.68961
4.73234
0.0189702
5.24898
30.2416
35.8701
29.8742
6.52169
11.3766
4.12168
31.3084
24.5971
1.7904
6.84476
6.81278
9.17099
8.99084
5.55508
2.34987
28.6714
25.023
2.44706
15.7999
0.19957
11.9682
1.13078
19.0407
1.25976
16.6435
20.8038
1.0331
0.873177
0.360969
0.639954
0
5.21664
0
0.215784
0
7.96033e-07
0
25.5302
0
7.19933
0.925739
27.6563
2.96305
4.04391
33.5154
23.303
13.6414
8.94902
0
7.95716
15.1829
15.3197
31.6242
48.4377
26.303
42.0885
2.87369e-07
85.1748
0.85361
26.8459
33.3084
26.6917
12.1998
0.134498
27.9387
19.5724
29.8989
7.20724
44.7789
27.9284
44.7329
15.3023
13.9102
11.6085
29.5501
19.9064
0.00111968
22.1821
41.7341
10.1662
0.679684
36.3378
0.0319455
21.971
0.0359134
0.0352428
0.00528471
0.0291846
0.929881
0
42.1366
25.8792
22.6556
16.1893
8.97535
9.43481
27.6819
1.92999
0.430046
0.0696005
3.59126
4.70617
16.7559
21.6477
36.034
14.6826
36.1557
8.48925
38.9194
21.1448
2.86854
35.2084
0
0
0
32.1475
0.179483
11.2863
42.036
5.03914
1.50843
0.702729
9.37132e-05
0.117892
0.0427313
2.6205
2.07143
0.611567
0.0266296
0.0890062
12.3344
1.07434
0.599724
18.2333
7.5347
0.24192
16.5648
0.0609085
1.59059
0.654052
4.47082
2.19835
1.41991
3.38438
1.14958
0.0698125
0.0141106
0
0.00405411
0.0960367
0.00857927
0
5.72317e-05
3.1165e-06
0.142962
0.672444
0.816176
0.922778
0.158092
0.101065
3.61555
13.6396
4.26407
12.1456
0.00617776
0.848272
11.8166
0
0
0
0.0137174
22.1801
0.0479247
27.9619
18.8354
28.0812
15.8698
27.0395
10.4668
21.5544
1.81974
12.6571
12.0664
3.35422
8.06685
28.6129
1.01974
0
3.94492
0
4.57414
5.58502
30.6975
5.47911
20.6093
37.4077
0.149783
31.3624
15.8488
55.7357
12.6474
0.467571
32.3877
0
21.1761
16.5002
1.32975
12.8203
6.97247
9.68617
3.53601
2.57175e-06
0.734559
6.33324e-06
0.65259
1.07717
5.17845
0
7.59135
6.72478
37.7668
33.739
7.75453
38.449
10.1437
9.73162
33.2775
31.7412
25.7154
50.3056
24.0186
12.2155
32.807
0.092467
7.3167
12.1858
30.4992
11.7192
12.0617
11.0866
7.73432
8.27006
11.8346
15.4284
9.21632
11.0527
17.7718
9.83412
8.14466
20.8837
7.30271
7.11017
21.4384
0
18.574
7.52805
1.96307
8.6813
30.7755
0
12.2908
13.1456
12.1153
0
0
23.6138
10.0573
17.6749
15.3363
9.03552
22.2309
35.442
4.13781
22.8289
21.2192
27.264
8.71745
18.0628
27.0054
18.9936
20.6155
42.2429
33.7149
30.4059
10.8963
44.2632
27.4625
0.138972
23.3068
31.3531
23.9748
19.8975
27.3019
26.5335
39.2411
16.2306
0
18.3829
30.0396
21.8455
0.15863
7.50677
22.265
11.6602
24.009
17.4681
29.0183
32.839
1.53855
0
3.06079
0.932118
43.5881
0.649376
5.78466
33.1443
32.5858
36.7482
26.6851
0.508622
33.4134
0
30.995
35.7521
40.3416
35.3719
5.66094
43.1008
63.6188
9.16813
37.7185
34.0056
10.805
54.5608
0.0918365
38.0973
2.9692
20.1195
0
6.80957
12.4259
29.7703
16.1224
22.1632
10.4466
17.905
0.788582
29.715
35.4663
7.88694
6.35695
6.47039
1.15438
29.861
14.2151
9.91589
2.66262
5.54007
1.3777e-08
1.67931
1.96205
23.3597
4.81705
8.82404
17.5805
5.72599
14.4543
3.1024
11.0056
23.4745
0
3.2022
9.88261
9.84895
0
36.0559
20.7747
8.47722
12.6129
10.9536
11.2554
22.8481
27.1393
31.5551
12.0787
31.885
28.3973
24.3145
13.7007
6.20857
14.0255
53.6437
0
11.361
8.89102
55.8423
12.4469
3.61369
37.6004
6.1746
21.3209
19.1466
29.395
28.0864
19.4832
34.4578
23.5819
59.1078
7.55376
6.48249
21.6292
30.3661
31.558
8.36914
0.0123977
8.616
16.5428
2.02441
23.8519
11.3332
7.08391
13.6532
31.2321
21.3403
3.45379
0.0497638
8.93533
1.09341
19.6298
12.4479
7.66567
0
4.68043
4.58265
10.6846
26.1309
18.092
12.4396
10.1914
0.984237
5.22589
21.5189
9.86676
9.19205
11.0978
2.3296
28.1674
10.4298
14.1113
17.309
0
12.7472
18.7122
6.22752
26.1768
3.87878
20.7737
0
6.84096
0.411182
2.52747
2.27747
0.0167125
6.33834
2.03713
0.370667
4.15139
0.5285
8.052
0
5.83652
3.94073
2.77694
8.76382
0.0559631
0.143316
0.531466
0.962263
0
14.7098
7.35251
18.1692
56.8295
46.3363
32.358
12.1966
2.12201
3.80294
0.1319
22.8838
9.08285
0.0102109
5.08985
6.08182
0.832796
3.0341
0.0472842
1.56371
8.16365
0.341879
2.68674
1.46392
6.67135
24.4064
2.4911e-06
0.000467444
0.00742553
0.00804436
0.799125
13.4885
15.9539
8.66277
0
1.92641
8.6376
4.91194
9.29229
4.00242
5.87125
7.6368
1.25547
4.41679
40.9762
7.06064
0.000275944
27.3061
10.5739
8.50558
9.83094
0.22069
2.02079
8.66395
12.7703
7.20473
5.35259
5.56593
195.586
11.3045
33.3816
9.74431
184.635
3.53294
5.25006
3.63533
5.58559
4.97644
10.1686
5.35474
51.2207
8.99301
14.5336
13.2085
11.9176
19.3361
12.3905
21.2108
4.59757
0.879925
0.161943
13.8544
7.33539
0.0565482
0.909441
0
0.119481
17.4574
0.243604
0.0634231
0.108306
4.47266
5.52624
0.00425392
0
13.759
0.00446569
2.58933
9.02806
0
0
8.68067
3.41935
12.1807
0
0.990769
3.5537
0.113004
0.51492
0
0.942445
0.0152693
1.30149
9.93397
7.71084
0.425472
0.586809
0.811916
1.56621
0
0
0
19.4161
9.24516
22.6413
1.66839
7.84322
1.01867
36.857
3.19863
6.87469
5.97161
12.6701
5.1469
30.6148
5.65201
0.438418
1.07511
2.30426
1.50039
2.32438
4.95024
14.8394
33.464
37.8799
34.4476
10.8237
0.412929
4.59623
0
1.83705
9.89947
8.49044
14.5765
14.4655
14.3464
15.0042
41.7045
0.229326
4.06735
16.248
25.9496
24.9824
45.6033
15.117
26.0168
6.6427
5.94798
18.8491
15.0248
21.6228
46.9358
11.2263
37.8852
5.17546
27.9615
54.3475
1.37092
0
0
3.90753
20.5167
1.43224
0.187814
1.0105
24.0852
15.3374
3.26209
5.56325
29.9372
3.06667
10.6121
4.39029
2.06655
1.46837
0.000246583
1.08231
0.529365
25.5331
5.68559
10.9843
25.5432
11.4092
14.8455
0.197172
1.58112e-06
6.71752
7.55995
33.2196
14.2338
13.3198
0
30.3313
13.4347
0.230789
15.519
0.0241397
18.4348
0.945978
57.0741
22.7081
4.75592
0.0162888
13.8255
44.202
0
0.00311319
1.80762
2.18223e-06
0
0
30.8732
4.78481
7.33286
0
0.695444
0.318388
4.91124
0.290472
6.37094
0.0482784
0
5.01317
0.848008
0.0128032
1.02942
2.40203
0.871101
1.68496
5.34408e-07
0.0149568
1.7405e-07
4.79222e-05
0.002311
0.475351
1.45239
0.00122888
1.2856
6.5025
5.17622
0.0108809
3.15085
1.81124
8.55096
3.80321
5.66511
54.9305
4.82184
1.75887
5.31556
12.979
9.40861
5.36864
14.1268
0.402566
0.0454312
3.5734
0.584873
12.0576
12.3477
15.0019
3.78675
6.61562
4.34883
3.06108
1.09811
22.7242
0
0.0070296
0.011989
0.0240379
0.0278293
0.494974
0.421199
0.54171
0.958169
0.353338
4.32956e-09
0.59713
0.677192
0.722979
0.0134228
0.459608
0
22.9698
0.631941
0.914052
6.15314
50.9808
14.8391
18.4308
5.8108
8.50847
24.1056
14.7603
1.63799
7.75638
83.8121
0.653397
1.15911
10.3288
0.26901
95.2407
28.1293
35.0436
25.0959
23.8682
9.19063
28.8925
0
5.44703
0.00322261
17.652
5.73203
0
43.3886
24.4088
0.00278105
25.2597
7.88793
7.2168
24.3439
2.00564e-05
18.3404
18.242
24.5413
26.4527
21.6981
30.5343
3.8632
5.87181
18.693
7.3221
1.32576
2.66001
11.3596
0.955765
7.67513
10.4308
2.19379
0.269856
1.34751
0.569247
2.43223
2.62375
1.55735
0.741254
3.27493
1.7914
4.71994
3.42976
3.57779
2.09942
1.85764
0.166996
0.669977
0.173972
1.15244
2.799
1.29165
0.978113
0.0171098
1.71856
1.17602
4.03933
2.13668
2.24155
10.9147
0.460884
3.16275
2.74524
2.05228
0.0661254
0.0803534
0
0.82482
0.0598673
13.6501
0.000508015
0.757856
14.9237
22.753
0.0335413
1.56277
50.3722
13.4925
16.3488
8.57314
17.5168
49.6431
0.544845
22.3339
14.7261
0.000552323
0.0921261
5.07106
0.0282174
4.58045
6.04469
0.00548048
1.58498
0.368924
21.0796
0
0
0
0
22.9579
0.823303
0
0
0
16.9291
40.0923
39.5292
58.7976
0.000301648
46.6674
22.7635
2.73247
27.4251
5.84806
27.033
5.54277
0
0
37.605
0.246433
0.00972893
0.328874
0.0914151
1.00735
0.000323905
32.1614
0.0608354
1.48858
22.4041
0.906905
0.000856634
0
0
17.7318
35.2419
0
0
0
0
0
0
7.76827
0
1.76625
14.6905
5.13958e-07
0.563204
2.30912
0
1.05274e-05
0.00716605
1.56683
1.28628
7.33839e-05
0.781331
0.18012
0
27.9709
0
0
0
4.72066
0
0
0
0
0.0241412
0.937147
0.0378227
0.0268893
0
7.01045e-05
15.2598
0
0
38.6983
0
0
0
0
0
0.0188487
0.952836
0.01875
0.0759271
0.88938
0.00586879
0
0
47.5145
0
0.371316
0.398036
0.000141484
0.317225
0.931206
7.22193
0
0.68321
0
0.120572
5.51092
5.67587
6.29329
1.67666
4.44736
0
5.8424
15.8351
9.02898
3.09779
1.48747
5.49775
6.35016
30.3123
2.18611
0
0
5.48285
0
0
1.25048e-05
0
3.31516
2.03229
2.81587
2.64038
5.00252
0
9.40868
1.28699
1.37102
4.23018
0.0142053
1.2888
7.5308
0.832446
0.836991
7.29708
32.7516
1.38327
1.11985
1.69013
2.33803
33.2228
2.55046
0
4.04074
0
0.242824
1.98448
35.1403
0
0.364918
13.1433
0
0
1.53011
0.428992
1.65333
0.00754839
0
3.11384
0.0265899
3.2602
1.65775
1.64976
0.253103
38.3244
2.45855
0.14333
0.173163
0.403432
0.340001
0.500299
44.6504
13.8428
10.1018
0.404409
13.6412
8.13797
28.9409
15.9114
1.09499e-08
13.0657
16.1172
11.3859
21.9535
2.16367
0.944719
12.2801
1.74143
26.154
5.25784
1.67262
8.74763
0.0844472
1.21137
2.30134
0.126545
22.6743
1.33444
1.8245
29.6005
44.495
0.748783
30.7924
13.0278
14.3353
4.72415
0.706354
35.1253
33.6873
4.02444
1.58364
23.3815
33.6831
0.750966
14.4175
34.5791
30.3247
27.4973
25.2616
58.5662
16.9771
25.4143
40.2507
1.39067
24.1856
0.146196
12.8639
18.694
10.5854
7.45296
0.00677134
0.887284
0.387597
0.648085
0.77653
1.20392
0.0979799
0.0631337
0
10.66
13.646
0.728725
0.00154744
0.886701
0
2.39003
0
0
9.16724
52.8892
1.00846
0.000210629
0.298604
13.9655
0
2.42406
4.614
14.3907
4.85801
8.2763
36.4138
0.0076205
4.1253
0
0
30.001
0.0123628
1.09078
38.4672
1.41115
0.0260828
33.3116
2.57403
0.712403
1.19002e-07
1.56648
35.9499
7.73721
3.09419e-05
7.67198
0.888561
1.66097
40.8572
12.279
11.4305
15.9433
6.43992
11.8687
3.57407
5.5511
3.57445
1.33258
2.27615
6.98114
2.49861
2.6112
38.9136
0.7139
25.4774
13.3775
0.82081
22.3129
26.2491
36.6859
5.66637
0.00241228
0.798971
0.00789406
0.0267618
0.958174
0.734505
0
0.377045
0.0207035
0.364415
0.0045769
0
11.5008
9.74573
0.0125701
41.2787
2.69113
5.04719
7.76744
9.27935
4.1655
0.496678
37.5572
8.10051
13.867
16.6687
11.8002
23.2664
13.8937
6.8375
1.98468
4.43174
4.14895
12.1521
3.45981
7.10265
4.86948
4.38349
3.14624
0.00695062
0.0976277
0.000238555
0.416358
0.936213
0.727963
0.00453962
9.33007
0.131385
1.89736e-05
30.7198
9.67326
12.9842
15.9418
9.68145
2.44715
0.0073765
0
0.00528135
0
0
28.1343
0
0
0.0105302
28.9356
14.5249
5.98862
7.55528
6.3821
4.41587
1.0219
0
10.8102
6.60388
3.49943e-06
0.580764
1.77165
1.29022
0
0
5.88171
0.531365
0.00153304
3.28639
4.34245
0.57332
1.13194
9.30099
12.9683
3.67315
0.458416
0.484028
0.276934
0.226584
4.90491
0.403758
0.374473
0
26.6668
6.10013
0.264288
35.803
0.565983
27.3824
0
2.00113
12.759
