5.1736
2.69407
2.46494
0.001089
2.02062
9.60925
6.96271e-05
9.21217
1.2266
4.72259
10.6733
0.519307
0
1.00162
14.0628
0.000970087
1.25464
22.7757
9.72011
4.7903
8.88836
0
0
0
2.08844
2.0434
4.58751
3.8759
32.872
4.31145e-08
0.548348
0
0
0.359196
0.0177406
0
0.0730555
7.68168
2.93048
9.23973
7.1808
13.1049
1.76576
4.75932
0.36598
0.795951
1.32882
0.166063
0
0
0.787252
1.82001
6.00603
0.163562
1.81597
0.0190973
8.61256
2.93237
6.99402e-08
0.0315852
16.4863
0.000185127
15.1379
0.848149
9.39921
1.02993
6.18426
3.39237
1.98283
0.680246
10.548
5.90807e-05
0.00476143
0.85549
1.80569
2.78943
4.21449
3.37728
0.000501804
0
1.27485
0.159214
0.788956
0.742626
9.57139
1.29547
3.05188
1.21172
2.41312
0.209823
6.7486
2.90136
0.80741
1.90989
2.09136
4.84323
1.68004
3.15626
2.76666
0
1.2306
5.69186
3.60939
4.09272
2.61863
1.46456
2.18278
1.38379
1.01589
4.46705
2.80685
2.40125
3.91571
2.84572
5.23854
2.09947
1.60236
2.31175
1.06472
2.65426
1.61546
1.26333
3.41447
2.08545
0
2.43355
1.69278
0
0
0.261242
0.364102
0.0381322
0
4.62899
0.00128287
0.355459
0.472185
0.0130753
0.655675
0.487271
0.400689
0.0707911
0.116902
0.498123
1.98128
0.0600711
0
0
10.448
22.3592
2.69506
0.884111
2.57538e-07
0.00120849
2.75097
2.78651
5.29939
14.5589
4.91972
0.811095
2.40817
9.53411
1.01585
2.48571
0
0
2.52498
0
0.223209
0.78576
1.50215
2.49401
0.538416
0
0.608202
0.0896944
0.493021
0.767952
0
9.54179e-08
0
9.47864
0
0
6.77513
3.50148
12.7937
2.03886
12.197
28.3181
5.17664
12.8567
9.42066
14.1254
0.753166
0
3.83361
1.59016
9.94769
3.29896
11.6513
29.9646
14.4054
28.6146
8.19281
2.29096
5.95503
0.188604
28.6568
6.76422
19.4742
21.0209
1.53161
18.1861
21.0059
21.1855
3.06327
31.3041
20.1544
5.54799
1.57487
3.46677
20.7578
0.464753
10.9894
9.64455
11.1799
17.0337
16.117
0.000219514
2.64423
0.726836
8.0056
1.98498
0.143041
1.65236
4.71727
3.24696
1.05207
1.9098
2.30455
1.79369
0.0446679
0.748496
0.240838
0.44917
0.131746
0.0012567
1.20718
0
0
0.0700531
0.0042342
2.36415
1.13652
1.64333
0.830898
0.532538
3.04105e-06
0
0.00328104
0.0368372
0.0666279
0.92609
1.61001e-05
2.25275e-08
0.00611354
0.000118963
0.001221
0.0709122
2.79123
0.120435
8.28508
0.910973
0.14742
0.219992
0.0974646
3.07495e-05
4.97313
0.145429
9.23573
0.219339
0
0.0021666
0
0.529837
2.34902
0.00468296
0.686775
17.742
0.0184714
0.979237
2.50877
0.000371296
0.14763
0.99143
3.18026e-05
8.97282
3.1305
3.42699
3.56824
0.378255
4.78926
4.96943
2.0113
8.8343
5.92638
3.72623
0.344365
1.32506
0.319272
0.00883088
0.652316
2.90899
3.6521
7.41898
19.7888
3.83763
5.74939
1.34927
0
1.25672
2.07054
0.518698
6.84657
6.86477
2.4745
2.75474e-05
0
0.00385921
0.419403
0.0667507
0
0.00275991
0.191196
2.70701
4.30916
0.409664
1.09268
0
44.8615
1.18114
4.72066
0
1.31773e-07
0.145989
0.165087
0.701193
1.2301
0.900337
0.23467
2.86826e-07
5.78248
0.566323
3.90114e-08
1.12082
0.612055
5.01591
2.98725e-05
0.256161
2.70342
4.47759
0
0.10527
0
0.00480797
0.0278391
0.16167
2.14739
1.16444
0.313428
0.00336197
8.46181
0.655141
0.561667
0.79931
0.180145
3.80421
10.8848
15.303
11.9204
2.06828
0.0382779
6.37113
11.2918
2.58961
8.83931
11.9726
3.24166
1.92327
6.37107
0.889568
4.76347
0.129861
0.0380962
7.46394
15.3838
9.20514
1.9004
13.668
19.3454
17.015
8.30402
14.5183
17.4631
12.4995
5.07422
10.3938
4.42743
1.58931
3.10795
2.35172
7.0512
9.40543
3.49367
0.147278
39.3895
9.59787
4.19509
1.73215
0.872254
1.7308
1.86537
3.0435
8.77608
9.54361
8.35902
5.84561
13.2901
9.08163
15.8598
11.3638
7.82499
6.52767
6.8308
3.64505
8.56766
0.710889
0.389408
2.79895
2.67722
4.44601
6.95809
6.2856
13.1861
0
0.557741
1.92199
0.983981
0.889519
2.53892
1.8474
17.1558
9.14994
15.4613
3.89531
19.7376
10.7889
9.46694
3.71985
1.73633
0.126739
0
0
0.473155
0.426275
6.01546
1.58673
0.736422
1.05331
0.00452008
0.689196
0.879883
0
0.00155544
0
0.783234
2.10669
3.2142
2.14292
14.6245
2.18731
0.932005
4.22208
6.92108
3.79833
6.19851
7.84581
1.96381
13.3846
17.6927
18.5075
7.59823
1.15125
0.430422
11.2786
0.00170692
0.482964
0
0.105778
8.30752
19.4552
12.2935
4.56006
19.1631
5.1008
2.64345
10.6357
0
13.8989
1.29822
2.06317
1.0695
4.40464
2.19219
8.78406
12.7304
11.0755
14.502
0.302901
2.09797
3.14299
4.77677
0
0
11.6623
0.0112176
0.796048
1.38387e-07
0.231161
0.530055
4.28929
0.142619
2.63037
0.0355595
0.30046
1.01528
0.0134456
0.997197
10.7699
2.66552
0.0681458
3.47176
4.38982
0.506111
1.6078
3.77512
2.31529
5.34373
5.55309
15.3951
4.82673
0
9.34817
0.0165362
4.93354
18.417
9.93437
13.1897
11.7025
2.62116
0.944266
1.00638
10.5287
0.0128401
0
6.65737
1.34243e-06
0.411414
2.91234
3.92756
14.8553
1.90268
3.00545
1.56121
0.237917
1.04438
11.4746
23.5657
0.560138
0
1.76717
0.649598
3.28696
3.08365
0.350375
3.75113
0.0262668
5.46687
2.79563
0.920203
0.9457
10.5877
1.67041
3.04571
6.9262
20.8312
1.02909
1.43329e-07
22.5309
14.1072
6.04781
2.55583
0.305511
9.09744
10.7679
0
0
0.145136
0.142997
0.0220617
0.026583
8.31522
4.01712
3.74712
0.892588
1.05619
0.649362
1.70552
0.0586686
0.482915
0.000418849
2.79838
1.91642
0.642688
0.767254
1.13792
3.07056
0.646895
0.770385
0.0319437
0.421839
0
1.16427
14.8125
0.000128285
14.4346
4.63738
1.72618
0.625803
8.70626
1.05336
2.44962
11.145
0.1886
0
0
1.15096
10.9733
18.1755
0.653173
9.45884
0.216717
5.43443
15.6938
5.13138
10.8956
0.0116008
0.0903037
1.11153
0
0
0
0.181639
0
6.28646
11.9627
15.8311
6.33331
3.92864
0.24583
6.75599
3.38822
12.6087
15.3445
0
1.08715
0.312611
11.4402
7.3264
0.841536
0
9.90816
5.6305
0.20564
1.75925
1.39614
1.70096
1.37054
3.26912
4.88221
8.07903
3.42332
3.02127
5.33829
0.107509
1.52336
0
0
0
1.39144
0
0.67823
0.107136
0.252674
19.8279
3.184
1.72931
2.44134
0
2.59346
2.43381
0.00371072
2.71807
6.17292
4.44842
3.85974
3.83403
0.729979
7.70872
15.3879
14.0654
6.74496
16.6612
24.8311
0
0.861544
34.6627
2.08024
0
1.77109
0
3.64225
25.4171
4.36241
8.90268
17.6059
1.88056
5.18347
0
4.40592e-06
9.88022
18.9503
0.565011
4.88307e-08
0.761476
1.2843
22.3723
0.777939
0.430544
0.000350919
0
1.63349
1.32605
0.0518133
4.55924
9.48574
2.3511
0
0
1.15742
6.48
1.54035
3.13484
1.44783
8.26935
1.22486
12.3586
0.489715
5.16586
13.2649
1.34779
18.2448
0.555398
3.32323
2.22549
0.185471
0
0
0
0
0.00694092
0
0
0
2.11055
10.5713
0.165693
23.4623
4.20992
2.98573
6.02916
2.51013
1.79436
1.81079
0
7.00465
1.05109
6.48138
2.14389
7.10282
3.74334
5.56075
2.32432
4.99788e-07
11.4759
0.017247
7.95132
0
0.0413583
0.580003
2.45856
8.05543
3.23183
6.97636
3.54055
12.9682
0.00674773
0
0.288129
0.147563
1.16358
0
0.339966
0
0
0.272622
0.937655
1.14946
0.00221563
2.89628
7.71103
3.16603
3.36825
2.68183
3.03028
18.0923
0
7.46183e-05
1.07806
13.6464
2.27523
2.08728
1.82664
2.32073e-06
0
3.65437
12.5537
1.92485
5.75592
0
5.90397
2.90758
3.63199
5.13295e-08
5.87243
1.58388
0.537762
9.05744
0.0313977
0.00281724
3.10428
0
1.63786e-07
0.125478
2.83411
0
0
1.24805
4.17661
3.76048
0.921214
0
12.0503
0.0400201
14.2078
0.00780629
1.83136
0.431142
0.0504357
0.852124
6.02914e-06
3.3831
0.150524
0.00178523
3.52014
4.34824
8.46541
2.01459
0.370654
16.3267
5.20562
1.35016
2.02279
0.0245569
5.35427
0.000128799
5.88631
7.2701
2.40249
6.08301
1.10098
6.43271
4.19698
4.11486
4.50081
0
1.20642
0.555001
1.32812
4.08376
1.12497
3.81162
2.21214
6.86393
7.75902
0
4.2666
0.842177
2.05563
0.284427
0.679718
0.0167353
9.75336
2.67474
2.75463
3.46184
0.0927252
1.94977
0.611412
1.04404
6.12458
0.050295
9.11956
5.07591
1.13793
0.0845564
0.0336824
0
8.3707
0.0157485
8.33503
15.3359
0
0
3.35673
0
0
11.5316
7.86218
5.14052
0
3.40852
17.7681
0.102998
3.60325
0.712977
8.84032
0
0
10.4549
0.00858222
0.865405
0.0669386
3.0069
1.84028
5.04086
6.54828
0.0110336
0.0338763
0.0106717
0
17.4823
11.6887
1.72534
0.451337
6.27525
6.96284
6.90587
0.721798
0.00366521
1.22231
1.31187
4.78041
0.560161
4.18658
3.57019e-08
3.2017e-07
3.53915
2.16991e-05
3.00447
2.50034
3.48758
0
0.862713
0.00189306
3.9055e-06
2.21892
9.40845
2.33521
10.6589
8.78896
0.0145024
0.760316
0.948261
0.941083
0.988278
1.75309
2.698
0.000850821
0
0
1.75563
0.467851
0
4.18135
0.454616
0.291157
6.66739
0.357713
2.79274e-08
1.71524
9.683
10.9043
1.93377
0.199404
1.83508
0.261074
1.29097
7.52106
0.047466
0.000843696
3.86725
0
0.00575329
0.0089588
7.62079
6.39128
0.194702
1.20909
0
2.41997
0
0
0.186987
18.8896
0
16.7146
0.926853
1.86515
0.786235
10.4983
11.9029
3.37125
5.45206
1.28207
1.66851
21.202
5.1833
0.812197
0
0.00611511
2.43486
10.1417
2.4438
2.50756
0.659233
0.366888
1.29296
9.15926
12.2631
16.7612
7.90556
0.101082
28.5004
5.62503
1.43785
16.94
9.70708
0.298012
0.836303
1.07948
8.23776
1.07839
0
5.16947
7.05594
0.0379423
2.80867
0.966495
0
8.85946
2.31465
8.11082
1.61237e-06
0.54338
1.22227
3.06435
9.13109
8.60338
0.209397
15.4697
6.74215
1.84784
0.573767
0
0
2.92876
9.95217
8.25361
15.9035
9.98233
7.97833
6.63273
14.1027
13.24
19.5738
20.8714
8.58748
2.17849
9.11967
0.459415
1.16549
0.333347
0.710319
0.167241
0.0447274
0.000449524
0.0061509
2.27368
0.292176
0.813872
3.55834
8.16773
5.37729
16.7961
1.73244
13.9183
11.2453
3.80635
0.853159
4.11819
8.47732
11.5385
0
3.66161
3.68459
1.68155
7.03386
6.21053
10.0283
0
0.00198044
0.0188847
8.57272
4.11378
3.13233
0.787432
5.64486
0.905833
2.14006e-06
1.606e-06
0.29311
0.33356
14.9092
0.0237706
8.81538
0.174155
14.4974
6.79952
0.836321
0
0.266047
5.95613
7.35404
9.85833
8.25089
0.0145917
6.12718e-09
11.8671
9.19795
2.80089
0
5.03758
7.93452
5.9444
0
8.24076
5.31769
1.69492
6.04704
0.03558
0
0.383876
0.00262272
0.28871
2.16138
0.00195336
0
9.99775
0
2.14398
2.18477
1.46732
2.00414
5.4957
4.05656
9.78836
0
6.32359
0.0723174
1.29125
0.398933
0.00795041
4.19261
4.30749
3.8385
0.152603
0.881539
1.29652
14.4467
12.0291
1.40037
9.34693
0
1.72522
8.25282
10.7436
0.0344652
4.55628
2.71811
16.2091
2.7341
0.000994524
1.22097e-06
0.117869
4.00356
0.035951
0.988128
0.00857579
0
8.42156e-07
0.676024
2.32113
0.0287067
0.973933
0.00231145
3.29514
0.97961
3.54118
2.54995
0.997621
5.13805
0.0770783
0.656955
5.66994
5.27074
0
0
0
0
0
0
0
7.63696e-08
13.5831
3.5009
1.47556
5.31002
1.29306
0.848911
3.27439
8.12857
0.203934
10.2742
12.2389
22.2289
17.5866
22.9491
16.0455
16.8493
0.994798
3.59861
22.8601
9.12919
6.96913
22.3312
0.169059
15.5876
4.5319
0
8.17383
0.636036
0.342233
8.83089
8.07788e-06
0.01394
0.0100879
0.971726
0.658117
0
0.116121
0.000253537
1.76509
0.942557
0.0251282
8.68531e-05
0.0327017
0.0125702
0.726194
0.404175
0.00714036
0.0108658
1.06891e-05
5.07532
1.91661
26.0556
15.5328
0.0161157
0.140092
7.03792
7.07574
0.873278
0
5.00824
0
2.42357
6.37708
0.784173
0.230225
0
0
0.807777
7.79328
0.00612281
0.0426008
1.24476
7.50009e-07
1.90517e-05
0.630707
4.64869
3.93514
0
6.19152
2.18513
2.51481
0
0
1.65053
0
0
0.150519
5.86321
19.1557
0.535308
0
18.6184
0.951417
13.0061
12.8053
0.190019
8.86806
0
0.0664399
0
1.32467
11.9685
2.28346
2.85073
0
1.20201
0.0654341
0.00245646
0.20979
6.83222e-08
0.883124
0
1.99917
0
1.42683
4.79664
0.0613125
8.87551
0
4.99584
0.0127107
0.136666
1.382
0
0.0592114
0.0127783
7.01081
10.9746
3.48446
15.3535
4.62426
5.2656
0.194831
5.46559
16.7537
0
2.85928
0
0.249011
0
1.46696
5.26982
0.178619
0.137488
0.011566
1.95432
1.24906
5.2881
2.29098
1.33018
1.67572
0.00119492
0.00145957
0.51195
0.00158217
4.40607
0.0227501
0.0045799
1.49644e-07
7.37753
4.42718
5.34319
3.01869
0.228437
2.10909
1.38428
1.67573
6.127e-05
21.0325
0.00230035
6.99213
0.21225
0.867612
18.944
15.1657
0.304442
1.32211
12.3181
20.4089
2.17588
3.8252
0.0921873
15.3196
4.00888
1.70873
0.851133
0.558092
0.235717
3.52104
5.21164
9.07847
1.94196
3.25027
2.65297
2.91239
17.5825
0.429015
0.000128211
2.8987e-06
0.753482
0.0262476
0.0355844
0.00124598
3.63536
0
13.534
0.575509
0.00523102
2.99924
0.553751
0.160372
5.04971
1.07699
0.747925
6.63659
2.36882
2.2927
6.7604
2.99332
0.667007
0.235981
12.9096
10.4523
13.122
9.48206
0
0
1.54899
3.86765
0.0772887
1.66246
1.44173
0.114033
0.132877
0.0675356
0
0
0
0.00977436
3.6105
0.28026
2.13152
8.25187e-07
32.069
0.656354
0
0.0237716
1.82867
0
2.32662
8.43402
0
3.13721
8.56512
1.62627
0
31.0908
2.93045
0.0458592
0.793145
7.58747e-06
0
0
0
0.645245
2.51949
0.00674332
0.95813
0
0
0.577207
3.62441
0.0694061
1.54799e-07
0
0.7268
1.73448
1.51131
0
6.96861
0
16.721
3.81076e-06
0.225248
5.56432
0.745236
0.774234
4.06364
1.49492
0
1.86343e-06
15.4066
1.00895
1.17241
7.6921
4.38307
1.7932
0.873674
0.326148
0.285519
8.8448e-06
0
0.445573
0.142356
0.0283707
0.00118731
16.3981
4.70414
0.0327494
1.06854
0.396929
0
0
0.0330224
4.2597
0.611246
0.0164012
1.06476
1.36734
0.117472
0.164621
0.103067
1.82223
0.65438
0.129962
0.6769
0.0134362
0.0623625
0.808677
0.029655
0.0155686
0
0
1.95688e-07
0
0
0
0.000446498
5.25831
8.87099e-06
1.4426
0.958314
0.00414282
0
18.8212
1.74063
4.97019
0
0.0360425
1.65862
5.36665e-06
1.64922
1.38583
0
0
1.05524
8.79411e-06
0.0107976
1.01107
6.35903
0
0.0500141
5.35975
0.0342169
1.87509
9.73622
0
1.57633
0
0
3.16031
0.775366
0.921391
1.26036
0.78205
0
0
0.172219
0.00383221
0.643827
0.197651
2.81807
1.03095e-07
0
4.7222e-08
0
0.886658
0
0.358799
0.0174866
11.452
0.00613691
0.0622487
0.203798
0.981826
0
0.0383942
0
0
1.49414
10.7844
0
6.9282
7.97585
4.22175
17.6172
0
7.92218
1.82044
11.5594
0.653808
0
1.85601
0.00408818
11.2839
0.147789
0.0838151
0.957069
0
0.944645
9.45541
2.27946
1.76827e-05
0
4.50372
0.929717
3.06681
2.97206
1.07071
10.0848
6.16773
9.41548
0
0.247592
10.1256
0
8.1029
3.55569
13.3681
27.5355
1.26593
4.997
7.35061
6.17645
17.5561
33.2338
24.4337
3.82526
2.33509
0.0835054
6.24362
1.71928
0.189478
0.588191
0
0
8.66827
3.74471
3.81014
0
1.49668
0.646187
0.0126668
0.995649
2.44691
0.914852
2.93176
1.25768
3.08918
5.63073
1.61241
0.0401314
2.80055
0.251103
0.268393
0.711052
2.84826
2.92299
0.0134482
0.799785
0.126544
0.931043
0
0
0
0
0
0
0.0405779
0.663996
1.50555
0.905028
1.01647
0.0121693
1.35626
1.13407e-05
0
0
0
0.189191
0
0.722527
0.330281
0.550354
0.000986189
0.170575
0.543307
0.734121
0.03105
1.05474
0.0144794
5.11606e-06
0
0
0
9.96182
0.128002
3.54948
0.57978
0.000297942
0
7.66557
0
0.00113906
0
0
0
2.06466
0
0.00343669
0.346458
1.00488e-07
0
2.50724
7.61451e-08
3.03306
0.0179027
0.193525
0.29972
3.13368
8.92126
0
14.0509
10.1357
8.69221
7.56422
19.3917
24.4276
17.4424
22.7179
12.6602
9.21847
5.20308
0
1.01037e-05
5.57365
6.13486
5.20826
9.96456
3.45409
5.01921
1.38273
4.21113
6.32683
12.8415
1.06766
9.37847
11.0432
12.8779
9.13533
8.74055
0.0797786
7.79607
0.00344356
3.96561
17.048
20.4253
10.4958
2.50988
8.87447
14.4246
3.24802
0.15318
2.92637
4.60582
2.63402
10.9465
13.9435
18.7073
11.6922
11.5311
5.46446
9.04997
2.79739
8.54438
0.177488
7.53865
6.5924
10.6081
0
6.60324
4.30868
0.603703
0
0.415237
0
2.2228
2.36217
1.28581
0.554324
8.67771
0.0329708
0.924589
1.09561
0.0071678
0
0.0878214
6.07842
2.77115
0
2.73348
3.99142
0
0.0108986
0.0135161
0
0.661802
0
0.734066
0
0.212231
0.869706
7.31771
2.97795
0.933702
0.213989
1.36069
0.661355
4.44641
1.80407
22.2187
3.21649
6.73365
10.3529
7.01792
14.4478
13.9618
15.5509
2.56546
6.85441
5.31147
0
5.32368
4.65475
10.6195
0
4.76642
0
0.389773
2.27407
0.557446
7.61174
2.71778
5.67592
0.30645
7.83071
0
0
3.6907
2.05692
1.46824
0
0.320535
9.72174e-07
0.233341
0.151008
0.000515378
0
0.00270716
1.89576
0.899574
0
4.88801e-06
0.00284633
0
1.69859e-05
0
0
16.9183
0.0129959
0.950041
1.82437
0.0324477
9.66269
4.77761
0.0494401
0.204788
7.62665
5.01059
1.43303
5.63358
0.0718304
1.2219
0.0146895
0.00141276
0.202666
0.42619
0.155748
6.24771
0.831585
13.1425
0.00571531
0
0
1.25988
0.00271967
12.9062
0.0583383
1.03837
1.45177
8.58961
1.03713
5.40125
2.79672
3.81425
4.55286
6.45947
7.68397
0.324775
2.79606
1.37598
0.528167
0.075535
11.7706
0.349597
0.851411
2.02797
0.000163188
4.35726
0.140509
6.29032
2.65119
3.58588
0.177116
8.98152
0.460052
1.38368
1.21882
0.872956
2.1956
2.42599
1.5907
15.7659
1.33643
0.00635911
0.0149049
0.26452
0.465126
0.944154
3.54255
9.77599
16.7887
11.8369
1.00061
14.3692
8.42133
3.19036
7.10959
0.648853
31.3086
2.20733
3.54411
1.85463
25.0101
21.4221
2.58696
3.59468
16.0333
0.0038453
0
0.0374776
0.00355856
0.802775
0.0275678
0.424282
3.54329e-08
3.1004
5.4761
9.42784
0
14.7672
0
0
0.00158573
0.476275
0.0243549
0
0.0164168
0.0402436
1.19897
0.252554
1.66502e-07
8.83812
1.29433
6.05208
0.801502
3.43458
0.0205231
0
8.94953
0.0440426
0
7.25196
2.1288
2.47798
0.635166
8.64904
6.78742
0.0342828
0.176683
5.46522
0
0
0.0704598
0.00876247
0
0.000158066
11.8478
0
14.8802
10.0601
28.9756
0
0
0
1.08593
0.00064877
7.76385
9.53075
9.93058
0
12.2315
3.55863
6.34729
2.82035
2.14153
0.000158536
6.7211
0
0.364555
0.0276205
0.117786
0.00577003
0.0195082
3.55614e-05
0.00333553
0.760142
0.000572785
0.00553578
0.0019612
0.392978
0
0
0
0.0305035
0.308996
0
0
5.69896
0.881519
0.00460802
0
0.00179487
0
3.97644
5.01189
0
1.40891
1.14492
0
0
0.144554
0.0446791
6.43147
0.992156
5.56833
0.0282637
2.70811
0.341759
1.77477
0.590899
5.69693
7.54123
2.71178
1.97521
8.99803
3.63594
3.84582
3.91433
4.17031
3.75373
2.68251
1.38162
10.4845
9.37825
7.64153
11.1838
8.18017
4.95384
4.24681
5.15555
2.95895
4.24029
3.90008
1.97907
3.013
2.5956
1.91874
3.09886
0.544334
0.022368
1.79837
0.70504
0.000623956
0
0
0
0
9.75137
8.62699
0
2.85341e-05
0.772868
0.676656
0
0
1.9748
0.011385
8.41206
2.73394
0.45095
1.29845
6.06697
4.41843
1.45366
8.15494
5.63551
6.93563
4.77141
0.000440269
7.07787
0
7.27916
7.46392
2.61233
6.28855
2.06248
4.09201
2.96017
2.47103
2.70967
3.31445
13.6335
2.1084
0.130089
4.38069
2.04592
10.4315
16.0458
2.10161
18.3227
4.2096
5.94023
18.1965
14.07
15.7501
18.4354
16.8366
9.0741
12.8166
14.1589
4.74579
13.4669
8.62998
6.82011
0
0
0.453102
0.51648
2.66407
4.15518
6.10492
3.09594
2.1118
9.95043
3.11357
3.04562
4.88918
3.89575
2.50272
3.85486
0.336255
0.949689
0.70382
3.16476
5.61118
0.761703
36.1434
0.812351
0.368913
2.49913
3.40397
4.07237
1.7427
1.75738
1.48245
2.63397
3.08385
3.28894
6.34288
1.0291
3.84826
3.92892
12.0114
26.2142
8.48744
2.4005
5.50432
0
2.1223
0.00181943
4.35703
3.35602
2.05795
5.03957
0.0127885
6.03883
6.61165
1.80533
2.37111
2.94322
4.48667
16.2911
24.3115
0
0
0.0888272
40.4578
28.3758
31.5796
1.93232
61.3558
2.1782
6.24172
1.386
1.29418
1.40799e-05
2.72863
7.18942
0.27461
3.79975
33.2564
32.5277
4.70902
3.03377
0.0947294
19.6035
4.47617
23.5575
4.04246
6.12402
14.9268
12.0259
2.8971
8.65578
6.81113
4.39924
6.23261
7.66811
0.937353
12.5888
16.3313
14.5365
1.85779
5.46973
3.08239
12.4359
5.63409
28.5289
3.91024
10.7738
11.2207
2.58893
16.8719
0.572416
0.845703
0
2.08136
0
4.22302
4.8055
9.00409
5.66188
5.62017
4.35043
5.29122
5.27857
1.81779
8.70702
13.5785
6.96084
4.21666
10.2203
5.94419
3.29633
5.5873
4.31384
4.28614
3.8553
3.37181
7.76809
0.138263
8.39509
2.24644
11.8581
0.0143245
6.61375
0
0
0
4.81358
3.75795
3.19756
2.07151
5.27148
2.648
2.31733
1.78758
0.0591654
3.29292
2.30429
3.58274
2.48662
0.970361
0.702471
7.04047
0.820998
0
1.40657
0.882106
2.78837
1.22679
2.18432
2.25894
0.901307
0.0535877
0
0
8.2665e-06
0
7.81451
0.0266491
0.0423488
0.000432631
0.00658024
0
0
0.801491
0.00216094
0.0331614
0.935161
0.486696
0.158478
0.586482
0
0
5.56668
0.0700552
1.59828
1.07678
0.0560377
4.93773
0.623319
2.09193
0.0282804
1.58429
0.65679
0.000201353
5.19182
0.637783
3.73688
0.916288
6.17707
0.0823126
7.62051
0.0185123
7.01771e-06
12.9978
7.45484e-05
3.63319
9.56616
20.9868
0.295494
1.66356
0.000771354
0.00253312
2.20649
0.0200628
3.73326
8.44047
0.429437
0.000188412
8.94951
0.0279151
3.20556e-06
2.06301
0.944441
1.7665
0
0.604816
0.000318584
3.28314
4.63947
10.6981
0.000105558
5.22978
2.54803
2.89471
1.86108
6.38197
2.44972
7.61936
0.567401
5.67784
6.74493
5.8999
1.38517
0.754253
1.72318
1.16083e-07
2.55502
10.8668
0
0.486655
0.0018411
2.64668
0.0775522
0.000672619
0
0
0
0.0404538
2.19442
0.00815836
0.202322
6.18137e-07
1.82234
0
0.595423
0.000787926
1.44489
1.19918e-07
0
1.34655
0
0
0.000149794
0
0.0434726
0
1.02322
8.30739
7.19183
9.56568
10.0603
5.02107
3.9643
2.86804
0
0.482813
4.72374e-07
0.122389
1.03722
1.77343
3.53603
0
1.64794e-07
2.82541
15.8024
8.59401
6.25915
0.767288
0.477482
2.79424
3.40235
0.709493
8.16659
4.93812
1.73103
9.66623
2.89125
1.8441
13.1418
7.36291
3.80489
7.94351
1.2185
8.28585
1.29009
24.5275
0.0201894
34.8343
41.4113
0.905877
0
0.00953242
0
0.0359122
2.09165e-05
0.00954858
2.59133
6.33662e-07
0.00076744
0.000867626
4.77914
0
6.25142
0.0434625
17.264
2.09017
2.64306
9.6682
6.37433
2.96743
3.41883
0
8.66409
10.2891
11.1627
2.30454
11.4266
2.87206
4.00516
0.502227
4.98195
0
11.121
5.15138
7.74458
0.073114
0.647144
4.06276
9.92687
37.983
2.25667
7.47843
5.59575
1.33919
0.405182
3.57832
0.905363
2.27151
2.72926
2.09704e-08
3.27885
13.411
0.60192
0.726084
1.45162
0.00408853
8.63885
1.26399
2.67889
1.68917
0.184984
9.05115
0
10.1262
4.25511
9.53576
13.2664
7.4158
5.1092
0.793686
2.27382
0
0.136769
2.26661
0.944641
1.43736
1.47464
3.00628
5.70047
1.74919
4.62318
9.19066
14.3164
4.46335
9.2334
0
0
0.195685
2.80011
0.291348
2.09233
4.932
0.00598055
0
1.56084
0.000517954
2.53583
0.119689
1.5462
1.55093
1.08919
2.50454
0
5.13845
5.41057
2.45332
0.903759
10.472
1.12104
7.76858
2.18648e-06
17.4753
0
11.5379
0.129274
1.36036
7.48095
0
0.0122796
0
0.446849
0.0458885
0.152568
0.726349
0.0269071
2.09461
0.0103489
0.974223
1.51939
0.103821
0
0.000370512
1.53805
0.725561
4.52439
5.7267
1.96487
0.00686898
1.92123
3.7115
0
0
0
3.47874e-07
14.7161
0.886877
6.11937
7.98434
19.9816
5.7532
18.1858
5.64134
10.1026
1.09576
4.42488
9.10859
0.34111
4.79422
2.0015
1.39163
0.0158256
8.25982
0
7.20328
8.99504
8.19338
1.16333
10.1257
6.02935
1.22814
22.1408
4.52107
5.32905
10.021
0.000187702
7.8937
0.00181934
4.09317
5.7038
0.0662306
3.69477
3.30818
0.408427
0
0.30637
4.36886
0.304051
4.24759
13.3521
2.41866
0
22.4809
12.2373
3.44763
0.423996
3.65757
10.295
6.49502
3.88138
11.441
3.70449
5.80762
6.09146
13.4797
2.65576
6.60165
0
3.85139
10.3024
15.0171
11.5203
8.44764
5.48711
4.14955
3.22992
4.09385
15.1492
6.06422
8.20047
12.9581
5.91398
17.1367
12.0288
3.92485
13.5006
6.05697
0
7.76434
7.94626
4.11798
7.10144
10.747
0
14.4536
13.5315
3.34955
0
0
15.3064
16.3719
13.1114
8.20902
1.71705
15.8426
9.929
2.19109
11.3892
15.2091
6.60721
1.79825
7.4829
11.8192
6.74684
6.89112
19.2525
7.38123
7.84542
3.63811
17.2351
16.4362
0.0366441
17.3198
8.83512
6.6356
5.24698
7.51716
5.83808
15.4456
6.92169
0
10.8651
9.45991
4.66622
0.155937
6.23385
6.68968
5.61107
7.03807
5.59857
8.32583
4.81212
0.25418
0
2.67948
0.922821
8.18858
0.0124661
2.41892
17.9786
8.81205
16.5626
9.18158
0.072438
6.65283
0
7.6315
8.55639
7.58688
9.73302
1.72871
16.0841
16.4149
21.7743
13.1551
10.1265
4.03745
7.29696
0.0533826
9.73618
7.17779
9.27138
0.352231
6.24599
4.50334
4.48153
6.75994
5.06191
9.89807
3.80295
0.0227657
2.52609
1.81072
4.24753
6.33656
0.530089
0.00276664
2.70927
10.726
3.70195
0
0.146584
0.442102
3.67899e-06
1.1602
11.9651
0.693049
4.9995
6.22459
2.22393
10.0007
2.48257
0.408993
3.99521
0
2.18899
4.31151
1.77878
0.0731573
3.48831
9.61783
2.96459
2.56971
4.5476
5.31068
7.85614
6.92821
3.68112
1.87026
3.60204
4.66784
5.99468
7.16876
6.09563
3.86943
8.42882
0
3.88822
6.15543
21.6695
5.42802
0.0748853
8.4903
0.663041
2.45985
1.71033
11.1448
9.54989
8.96983
14.5362
9.55526
3.16926
7.32031
4.44911
2.66213
5.7488
8.2987
6.55744
0.81397
3.99569
9.31593
1.21781
12.4201
0.296234
0.0584487
7.43406
1.85855e-05
24.3163
5.51021
0.000520919
14.4974
0.776608
5.44378
2.32238
5.9
0
0.955674
1.86843
1.22907
15.0216
4.65651
0.210086
2.51469
1.6168
5.07529
10.5996
2.07191
2.9996
7.27497
35.6659
17.3923
2.33398
4.19431
4.61422
0.252255
5.98542
4.3586
3.75445
7.03635
12.8062
8.30038
0
5.52883
0.00252119
10.3566
2.5478
0.62452
11.2705
1.17815
0.284471
44.053
0.065131
35.0409
1.41799
13.9931
0.0166766
1.02328
10.7648
0
4.30643e-09
0.0470953
0
0
9.65459
1.76618
2.71445
4.10643
9.67861
4.79473
4.54993
2.0996
3.6212
0.47115
8.86073
7.99997
0.825879
16.392
8.96009
0.77124
14.001
1.64902
10.0204
2.39265
0.000303291
2.91028
0.750595
1.33927
3.48074
1.66233
0.347229
1.54691
0.0660803
0
3.86819
7.41831
1.75742
0
1.04969
6.05998
6.2319
4.97141
3.43491
2.14162
1.64924
7.79276
0.63528
12.0626
7.86386
0
1.1849
2.93656
2.32089
4.37713
0.00845698
5.26406
4.25516
11.0374
2.82131
3.43329
0.925984
34.937
2.65181
9.44721
3.88243
63.8476
3.19942
0.384212
3.41141
1.10417
2.05792
3.8726
4.78675
6.87854
2.53807
1.00712
2.66413
1.30147
2.47387
42.0936
3.73546
12.4246
0.531663
0.00101796
11.6594
30.4618
0.0242957
0.531897
0.117309
0
2.26964
0.619038
0
0
0.671401
2.28193
0.0380912
0.000578871
5.99765
0.0911659
3.3429
5.59541
0
0
6.79804
0.0232991
7.21953
0
0.50515
4.83552
1.75485e-06
0.921341
0.794959
0.253462
0
0.0725859
2.11504
3.86252
0.395936
1.19627
0.311476
0
0
0
0
2.04421
8.69353
7.80543
4.75564
6.47031
0.356058
6.39998
2.64909
10.216
6.36238
6.00756
6.32212
10.7887
3.46347
4.11024
4.65561
11.1163
10.2829
0.701852
1.51996
19.8208
15.3646
23.5654
7.80557
14.042
0.564242
11.9399
0
0.524538
12.7583
10.004
4.57829
2.15982
1.00414
1.8127
5.44363
0.0864185
0.0515562
2.70052
4.6033
10.713
2.52882
5.45744
9.4403
1.46128
0.406616
3.89971
2.02363
3.22517
4.52245
5.83671
3.41627
1.03944
2.592
0.718455
2.51782
0
0.00902619
2.20904
1.81788
0.796795
5.19234e-06
0.669929
10.913
9.36115
3.54354
2.73912
2.53695
6.38402
26.1694
9.71086
2.78813
0
0
1.47371
4.71088
2.73397
6.03829
5.1221
4.25832
8.28694
6.21474
0.896819
1.01621e-05
0.97433
11.76
4.82828
2.03891
2.44711
2.65476
7.28885
2.48164
0.89474
2.65835
0.702638
0.150003
0.288035
4.86547
6.71453
1.00463
0.000305921
2.24514
7.00471
5.91883e-07
1.14225e-06
0
0.000254822
1.67917e-06
0
7.37367
0.182962
0.523395
0.00367662
0.163784
0.363846
17.4661
0.187327
21.3574
13.1805
0
22.4005
2.17696
1.15478
0.798257
3.48447
5.7178
2.6217e-05
0.215187
0.61859
0
0.0221343
0.0355518
0.050031
3.13031e-07
1.68381
6.50503
10.1246
8.96749
1.25009
0.968185
0.964595
19.5071
2.12672
2.99826
4.40177
2.42026
5.52115
8.26987
15.7211
6.45114
8.19474
9.54191
2.06076
4.16982
6.05065
0.0912835
7.93216
10.4692
4.25826
8.26944
5.96939
5.65788
1.46779
5.89591
17.2029
0
0
0.000799259
0.00110329
0
0.00316654
0.168167
0
3.56928
2.52098
0.0332717
5.21372
0.352646
0.475018
0.979256
0.727771
0
13.5751
10.643
5.48627
10.7434
15.0944
23.6381
6.62765
0.467776
0.0352198
4.74352
9.07985
1.7275
8.06028
12.4582
2.22644
0.635851
7.82677
0.302038
13.431
5.58757
5.65284
13.5456
4.07303
3.35375
3.83114
0
1.18574
0
2.41271
0.0419437
0.96916
6.40451
4.4417
0.016737
7.25364
0.196889
8.30542
8.26579
0.175372
1.68558
13.1121
4.04629
4.34602
2.75588
18.5598
0.0820452
2.87185
1.62325
2.10817
0.567858
0
7.78144
0.43807
0.909347
0.726071
0.787371
0.348226
1.96253
1.95392
1.15114
0.00959326
0.426508
0.028535
1.3053e-06
1.86963e-07
0.812507
0.0029143
0.00523317
3.34235e-05
0
0
0.458392
0.000765025
0
0.765075
0.828178
0.234422
0.73981
0.00343629
4.66485e-08
0.069951
1.01537
0.83498
13.8617
0.297314
12.7398
9.58519
2.05458
3.37096
6.29011
0
0.670148
0
11.1727
0
4.63613
8.12755
4.11635
0.702543
1.26874
7.52032
15.9113
16.4125
3.51525
3.59188
12.4504
1.92232
7.70638
11.6213
0.0982152
1.06097
8.96104
3.96173e-08
2.35782
4.47601
0.0691169
1.68617
2.86486e-06
3.62369
0.0429165
0.470267
0
0
2.65132
0.466145
0.000903525
7.33691e-08
0.000128855
11.7145
11.7384
6.43483
5.64889
0.873004
8.8112
13.8068
1.36495
6.48907
13.1419
5.49682
0.962243
0
0
4.40866
0.576327
0.000306006
0.0035227
0.0172357
0.60715
0.00922343
4.23721
0.97872
1.04217
6.41007
0.913353
0.0570079
0
0
5.38472
8.12489
0
5.16919e-07
4.68239e-09
0
1.89854e-07
0.00301279
31.0037
0.0107443
0.126099
13.1583
0.00594406
0.115426
4.30759
1.56616
0.0237742
0
8.97349
8.46866
0.209839
0
0.000892629
0.00604692
5.54528
0.0559771
0.131714
0.876543
0.0993307
0.682835
0.000690479
0.881394
2.70136e-05
0.00305777
0.399015
0.0227818
0.143642
0
0.00172152
4.28794
0.0234778
6.94815e-05
1.13252
0.261236
1.52997
0.00256077
3.4665e-05
1.8561e-06
0.193726
0
2.88424e-06
0
0
0
8.86136e-05
0
8.40853
0
2.68098
0.0675662
0
1.57697e-05
0.271104
2.35166
0
0.463422
0
0
1.32775
8.76142
2.00953
0.844107
0.474779
0
0.999265
6.20332
7.09464
0.840667
0.312573
0.53874
0.662331
2.53075
1.54536
3.04694e-05
0.00355928
1.86777
0.878699
0.417903
0.736714
0
0.853543
0.899823
3.89843
4.75615
9.76953
0.00729384
9.05949
1.8602
2.35093
5.18686
0
3.62791
19.434
1.61548
0.249109
2.2298
6.37011
0
0.204728
0.0721264
0.101203
24.501
5.04731
7.99633e-07
7.72823
0
0.0526884
0.953311
3.57073
0
1.46267
11.8184
0
0
0.972949
0.288705
0.0464536
0.0888676
0.440063
0.459642
2.01069e-05
0.103475
3.7397
0.0661995
0.786595
2.49695
10.7634
1.02834
0.36911
0.369453
0.00126781
1.70511
6.94752
4.9512
0.532354
0.906598
1.09267
37.4543
7.01545
13.1765
4.14959e-06
4.4375
12.9503
5.71566
17.242
0.129477
0.318921
10.6129
0.887095
17.7377
1.81861
3.31133
4.45346
0.538806
0.00597612
1.80452
1.62514e-07
10.5808
0.000473418
0.00140144
8.83595
6.57578
0.0507595
10.0263
3.43016
2.63936
2.75535
2.43408
7.00617
13.8153
4.20162e-05
2.8987
8.39087
6.79785
0.000719162
2.49003
8.79561
4.74565
1.8257
4.14293
4.33791
2.14556
5.19436
2.73209
0.00171083
1.86235
2.71239e-06
4.16521
13.2087
7.51985
6.62085
0.248852
0.00504962
0
0.0281166
1.92991
2.95228
0.00770535
1.06602
0
2.84998
2.37096
0.20154
0.0991156
0.686839
0.0187657
0.0236625
0.256383
0.623531
5.71881
3.28013
1.10979
1.27508e-06
0.35639
10.0285
0.0112531
0.869536
29.2073
1.01628
3.02337
6.20113
9.83862
0
0.10707
0.0253214
0.273767
22.1992
0.464687
1.98763
8.77787
0.0493386
2.27009e-08
23.9531
2.49417
0.392327
0.164804
0.0616142
6.94853
0.879171
0.0473589
29.5232
7.64855
2.69991
8.41442
11.285
4.47082
7.99824
4.19013
7.24399
15.5963
27.3303
14.234
17.792
15.6561
7.28257
7.58796
1.31471
5.54642
1.63292e-05
4.9033
5.08395
1.65297
8.0117
7.68032
8.4859
0.85694
0.00826583
0.931811
0.00430802
0.000192002
0.265629
0.0280382
0
0.61325
0.0357038
0.864422
0.00587565
0
31.1423
17.2435
0.720721
5.64131
14.4284
6.16762
2.12899
2.18587
10.2187
0.930886
8.15492
1.10147
3.75307
5.34632
1.6722
5.5182
2.48596
18.2744
7.15096
11.9396
14.514
5.23801
17.2195
3.19116
9.58315
12.5684
10.0717
0.710523
0.408587
0.757864
0.000658443
0.482672
0.012749
0.294227
8.48334
3.57624e-05
0
5.19104
6.47582
7.54282
5.51896
1.02276
4.59797
0
2.00092e-05
0.00780786
0
0.750095
3.20341
5.83634e-06
0.129338
0.0454435
14.613
9.54556
7.73057
3.23724
12.2086
0.819449
0.00585429
0.137418
2.9486
0.639304
0.69546
0.0235031
1.07286
0.88608
0.317402
0.118316
8.13014
0.000339608
0.923802
1.98869
2.23164
0.168908
0.736582
2.74107
4.75599
4.1177
1.50908
0.0157833
0.000407469
0.648828
5.4664
0.937235
1.35233
0
20.7122
1.5327
0.0334546
0.56093
0.0261325
14.7669
0
0
7.63381
