1.532e-05
0.159033
0.00164849
0
4.03894
3.30475
0
2.61879
0.17755
0.169497
5.00902
1.26657e-05
0
0.751437
3.79025
0.000117406
0.94271
2.38328
5.3355
17.3157
2.01448
0
0.000197447
6.65309e-05
0.71487
1.163
1.62103
0.185407
1.85605
0.914114
1.50954
4.75062e-05
0.158163
0.165856
0.98925
0
2.74453
5.23305
1.79326
3.37904
6.08219
4.01049
0.242128
0.633278
0.343435
1.59816
2.24383
0.678616
0
4.80776e-08
8.61245
0.160169
0.78054
0.603627
0.759888
0
10.5055
0.359554
5.56032e-08
9.52595e-05
1.55429
0
2.34659
2.85549
7.65306
0
0.460151
1.7996
0.23194
1.09792
4.93977
0
0
0
1.03673
0.3306
2.16843
1.24395
0.0264602
0.0107266
0.991008
0.994791
0
0
16.4106
1.78708
3.98961
5.30221
7.54037
5.51838
4.95756
6.57851
0.041443
4.25799
2.14839
5.74697
9.54014
14.5088
1.41663
0
5.44913
1.45951
1.19696
1.25798
5.59819
3.59366
3.92401
4.17891
1.11685
6.89299
4.20453
4.17885
3.00937
3.65348
2.7908
2.28357
1.45131
1.50617
2.19874
3.14313
1.78716
2.00412
1.2514
2.37846
0
0.618899
5.12016
0.0920756
0.0135532
2.08833e-05
1.11113
0
0.036615
2.39158
0
2.51523
0.786942
0.0753091
0.902753
3.30664
0.00028207
1.7664
0.797245
2.03531
0.0970325
0.766744
0
0
7.74347
65.3826
0.0358997
0
0
0.0154541
4.69667
1.07544
1.0482
2.13292
1.46956
0.155031
19.1555
3.64544
3.6132
4.4132
1.4855
0.0416969
6.24729
6.52284
1.52509
1.24162
2.7079
2.04891
6.33608
3.52542
1.47698
0.120321
0.0644527
0.011254
0
0
0
3.88387
0.0387103
0
0.879345
7.53953
4.79074
2.13233
2.74103
17.5544
1.64017
7.43128
5.59416
3.79475
1.8886
0
5.49872
1.39527
7.29983
0.672959
14.2516
62.603
1.88001
18.9432
4.79628
2.05205
3.90111
0.917749
34.0838
2.16345
33.2021
19.2028
1.21682
13.5783
15.2446
11.5609
4.66916
10.0718
7.07847
0.981525
0.0013261
1.33197
7.31899
2.38959
7.55607
4.1891
10.5468
4.20974
4.76823
0.791698
0.0371345
3.65163
4.25528
0.0936822
1.93722
2.07285
3.33407
3.54088
5.01595
5.1497
1.5653
1.03327
1.42107
0
0
0
2.22167
0
1.64459
0.000815569
0.00450359
0.152613
0.00862961
0
0.00782358
0.91772
0.955794
0
0.0399461
1.57087
0.211106
0.0124121
0.0502648
0.953658
0.291563
1
0.0241131
0
0
0
4.58144
0.811022
5.70891
0.177083
0.550108
0.520458
0.0505333
0.00985308
3.15632
0
6.40037
0.618629
0
0.00552606
0.669629
0
0
0.946894
1.4889
0.804821
0.00839894
12.099
1.2126
0
0.00148187
0.711107
0.0056701
8.46831
1.84299
0.448374
7.02177
0.04785
4.50974
4.56123
0.204353
1.91206
0.847063
3.44172
0
5.75968e-07
0.154438
0.0524859
0.606229
3.11804
1.64735
2.25448
2.9317
1.52119
2.72331
1.099
0
0.158177
0.943736
0.101644
2.52034
4.96007e-05
0.0275256
0.0197236
0.0451957
0.0224225
1.39763e-05
1.74089
0
0.104267
1.42661
2.91052
1.77551
0.26402
1.75505
0
2.19597
0.963592
0.0159944
0
0.682948
0.210221
1.42086
1.97479
2.48527
1.97923
1.04784
0
6.93407
0.0450424
0
0
0.262439
4.98649
0.652424
0.109829
1.87377
0.208023
0
1.49481
0
0
0.2777
0
0.818806
0.358482
0.151254
0
1.34341
0.927942
1.22825
1.17379
0
1.71692
1.35099
0.777817
1.3787
3.06795
1.00568
1.26585
2.39883
6.76181
1.21165
1.5279
0.0394569
2.74758
0.781571
0.939566
0.788011
6.31704
0
3.51393
3.44801
5.60924
4.79597
5.64765
0.0377634
6.21972
2.94429
3.05841
5.52398
6.52786
4.07111
1.37712
4.73096
2.03606
1.39649
5.30279
5.47002
0.0520389
0.261411
1.7488
6.2084
2.93121
5.60563
2.18265
0.174269
6.85078
10.0359
1.56363
1.48917
7.13784
1.50273
3.93325
3.36897
3.82244
5.84089
3.71921
10.7551
3.82384
5.23201
6.63579
6.26885
0.0283379
3.47724
5.73843
3.66103
5.64212
4.53879
7.61025
8.51192
0.00116287
1.87909
0.0215838
0.353355
0.0344839
2.53421
1.78597
2.69423
1.02581
3.89395
2.88746
9.48598
6.78239
3.73934
2.96231
3.14494
0.291784
2.59638
0.0204043
1.72875
3.1474
3.25185
1.50725
0.782947
3.08809
1.08265
0.0117606
0.152069
0
0
0.00323695
2.05545
0.602371
0.96956
0.992432
1.45036
0.92967
4.41215
6.08751
9.042
3.78134
3.22683
2.52955
6.23284e-06
7.54356
7.25187
7.50952
5.47289
0.663163
0.507391
2.21977
0.815545
0.10818
0.0107124
0.0219696
8.56565
12.3007
2.01141
2.68161
9.82821
5.69559
0.172741
1.28153
0
0.0976217
1.91504
0.134257
0
1.88956
3.98059
3.51139
4.82213
2.62021
4.33874
1.0798
0.590342
2.19986
0.46859
0
0
3.6983
0.0152799
0.00779483
0
0.943945
0.0231909
0.290553
0
1.32876
0.00807864
0.830767
1.10025
0.788026
0.715824
1.42882
1.50445
0
1.1107
0.335538
0.000320275
1.8121
8.12069
5.07908
8.88115
5.90412
5.85171
4.69698
0
7.34683
0
4.64651
5.57025
6.08219
2.90857
6.24955
2.17113
1.77467
0.0437062
1.82428
0
0.126662
4.44903
0.0380277
3.36899
1.80625
2.21323
4.70028
3.46562
0.904283
0
0.620737
2.49181
1.29157
17.0424
2.37981
0.641965
1.7341
0
6.12047
2.29216
0.0260544
1.87486
0.228722
4.65495
1.6879
0.0426458
0
3.15738
0.499689
0.959324
0.0677023
5.74779
0.0243186
6.63377e-07
1.51023
0.593628
3.78544
3.55681
0.585579
0.00287873
2.26585
0.0022603
0.449797
0
1.05243
0
3.41225e-07
1.87287
2.36026
4.03141
0
0.0220205
0.597314
1.1447
1.69928
10.6512
4.63742
2.56914
2.13453
3.87056
1.61947
7.53917e-05
2.75674
0.0351306
2.46866e-05
0.0360878
1.52739e-05
0
0.480213
1.4083
0.0533039
4.76724
2.81113
2.95663
0.143365
3.94146
1.90613
2.05777
2.05247
0
0
0
0.104644
7.43544
13.4321
0.117737
4.00109
0.0268784
6.63158
10.1412
2.90658
7.79959
1.25343
0.666644
0.0761996
0
0
1.46093e-07
0.0647601
0
2.74757
3.82707
2.90521
0.46618
8.3035
0.900343
4.71759
1.256
5.86601
11.7566
0.0482143
9.74417
0.000335978
4.3186
6.64351
0.0812688
2.24747e-06
2.88676
4.94247
0.0288575
1.28813
0.00180179
0.0789624
2.33232
2.66739
2.63907
7.64176
1.87039
13.8782
7.46121
0.46091
0.851159
0
0
0
0.0275484
0
0.0207998
0
0
7.87564
0.788709
0.237376
1.57606e-06
0
1.06748
2.0548
0.22353
1.98967
0.936563
5.1438
0.408584
5.93122
0.297316
4.69329
10.4472
3.78327
2.32349
2.94819
2.42964
0
0.856535
6.4697
0.969762
3.65348e-08
16.1767
2.74944e-05
15.5501
34.648
4.73995
4.76704
4.12634
2.34561
4.85228
0
0
7.52252
12.8368
0.233557
0.000317888
0.109851
1.20829
12.6906
1.37617
0.36745
0.0104753
0
0
0.19744
2.19779
1.98926
5.0913
2.58884
0
0
0.00941967
4.98161
3.08647
8.10333e-05
2.21781
4.59647
1.25146
11.0383
1.4594
5.83406
5.80302
3.72797
4.61954
0.001508
2.00347
0.3833
0.906087
0
0
4.21255e-05
0
1.16893
0.0762686
0.814042
0
1.55617
3.93316
0.535002
4.51606
4.11947
1.06216
4.62738
0.784489
0.951792
0.826388
0
2.30046
1.02394
3.69285
0.675673
2.42948
2.75724
1.63807
0.4843
0
5.52479
0
3.48657
0.000396707
0.00294947
0.021169
0.633592
3.49185
1.44883
2.16233
3.52809
5.44724
0.873581
0
0.00868312
3.23576
0.735812
0
0
0.0178006
5.15723e-05
1.30395
0.677159
0.814914
0.354775
1.17362
4.30281
3.31629
2.62407
5.24833
1.21393
2.28066
0
0
2.69783
7.70331
6.99171
4.8709
2.83786e-05
0.393569
0
0.297651
3.00143
4.0992
4.91477
0
3.43823
6.40013
3.28291
0
6.1614
0.866191
0.160591
5.92336
7.68806e-06
0
2.56782
0.130434
0
0.722446
4.53385
0.964924
4.51698e-05
0.0127795
0.0110291
0.437114
0
0
3.74522
0
6.70945
0
0.390284
0.155408
8.26119e-08
0.0604679
0
2.39373
0.00587011
0
6.10407
3.05776
1.6909
1.35401
0
6.47628
4.6245
2.99601
1.25312
1.5519e-06
3.79775
5.06833e-06
5.4039
4.84779
4.32045
3.30732
1.01961
4.87253
7.86752
1.0905
5.2623
0.308902
7.53641
1.11853
0.0616849
4.2256
0.382651
1.90976
0.612023
3.01586
2.13867
0.000280356
3.90857
0.944466
0.00173217
0.316185
0.0908172
0.461439
3.25709
4.39819
4.69004
2.43116
0.824376
1.562
0.0347956
4.96352
4.29492
0
6.51975
1.52681
0.502005
0
0.335122
1.49388
1.81132
0.672453
4.9196
2.01118
0
0
5.01199
0
0
6.94996
7.58312
1.95008
0
3.15958
2.29773
0.238056
4.00387
0.733569
1.95132
0
0
1.11858
0.362988
0.0287042
0.0969322
3.42902
1.94217
8.18013
13.3796
0
0.201725
0.0321665
1.93808e-07
7.90731
0.644926
1.48986
5.04376
0.622348
7.58822
4.72194
0
3.55916e-05
1.63151
0.0554518
1.89226
0
0.0274282
0
2.33734e-06
10.5941
0
14.9919
1.87337
0.000505106
0
0.687846
0
0
6.61979
3.4358
0.929221
2.92223
6.71534
0.00244011
0
0.00177842
0.0410505
0.395751
1.69083
0.969179
0
0
1.0184e-07
2.11319
0
0
3.76124
1.79948
2.53154
0.88018
0.0587149
1.72355
1.09344e-08
5.82309
13.0988
5.25619
0.00670426
0
0.275657
0
4.86413
0.0185439
0
7.44779
0.929409
0.191602
0
7.871
2.92841
0.106262
6.81928
9.60904e-06
1.6476
0
0.000923004
0.773504
7.49491
0
8.18864
0
2.3215
0
4.70251
9.30364
2.78951
6.56388
2.44922
1.51333
3.31676
0.463413
0.00783818
0
0.146267
2.46204
3.26217
0.803682
0.957394
0.071568
0.575181
0
5.50425
8.83819
2.66896
1.23989
0.204835
6.14318
2.29393
4.92744
2.81635
11.8011
2.14071
0.106895
2.17735
5.66554
0.0488342
0
7.89957
1.21061
0
2.38433
1.47673
0
9.75321
4.05504
3.20571
0.865455
1.87901
4.69414
4.66352
6.008
8.48554
3.51049
6.53584
8.15415
2.92327
0.143186
0
0.0611926
1.78673
5.40152
3.24561
10.6647
5.07095
3.45664
3.29024
8.93259
11.2389
26.2201
29.5112
9.20649
1.48467
3.06652
0.944186
0.0693215
0.399217
0.18158
1.6748
2.38218
0.200926
0
6.34251
0
0.401893
4.98865
8.24607
0.289346
2.80714
3.37561
1.53192
1.76991
0.179413
0.35088
0.136686
6.8083
4.31737
0
3.27047
2.3934
5.24321
11.3851
6.21031
8.44634
0.847533
0.0238576
0.013307
11.158
3.57541
0.430342
0.0679031
1.33179
0.792933
0
1.3985e-06
1.39069e-06
0.000568866
4.26697
6.66263e-06
5.9729
0.0736297
8.00401
8.51705
0
0
0
3.238
1.20774
6.35276
7.34624
6.71853e-05
0
9.28435
13.6722
0
0
5.63578
3.63157
6.0241
0
6.21942
4.82062
0.453857
1.71323
0
0
0.693102
0
0.00133522
0.0242153
0
0
6.07244
0
1.03534
4.52628
1.65113
2.52993
1.6971
0.46068
3.18087
0
2.93368
0.194305
1.55972
3.08477
0
0.434661
3.03171
3.00469
6.77037e-08
0.345744
0.0267902
7.9372
7.63385
0.118364
3.0482
0
4.57027
9.11789
6.61616
0.544787
2.21953
1.15551
4.74714
5.55994
0.233226
0
0.0096906
1.76626
0.702819
4.05256
0.853028
0.00440193
0.00115684
0.000632737
4.0805
3.59942
0.173006
1.86011
5.57296
0.855725
1.70874
3.53924
0.0218477
2.98571
0.061094
1.63217
4.16473
5.25442
0
0
0.785031
0
0.728108
0.105183
0
4.64884e-08
1.79482
1.52455
0.332395
3.45481
3.65527
0.724444
3.24314
5.63928
2.07693e-05
2.09904
3.02676
3.82474
5.68181
5.26116
5.99015
3.84748
0
6.61829
23.4193
15.801
4.06365
11.9271
1.44814
7.04818
7.04457
0.0048086
4.05815
0.0608002
0.021415
9.60746
7.42654e-06
0.0644384
0.000764556
0.000236969
0
0
0
0.00176918
3.71975
0.0193832
0
0
0
4.25419e-07
0.00812051
0.908169
0.608642
3.98459e-05
0
6.91663
1.28884
2.71797
2.1041
0.92842
0
5.37786
1.70743
0.00397706
0
3.71135
3.3578
0.974247
3.4374
3.64926e-05
0.527675
0
0.238927
2.96439
1.21814
0.804667
0.83072
0.39508
0
0.0709449
3.09223
4.69377
4.10728
0
1.66458
0.962514
1.22393
0.0663925
0.00814313
10.7131
0
0
1.55871
7.12209
12.4069
0.628217
0.0644554
3.03058
2.35677
3.38114
4.40819
2.55446
3.1352
0
0.180644
0
0.460783
4.68793
1.13351
4.73014
0
1.20309
1.67166
2.88509e-08
0
6.63758
0.71258
2.01796e-06
0.319945
0
5.61285
10.3568
0.16492
4.02464
0.458163
1.10909
0.431153
2.08048
1.36027
0
2.0747e-07
0.761012
5.70617
3.16921
2.60115
13.093
6.57264
2.9094
0.00170539
4.96149
1.85416
0
15.3216
0
0.0235515
0.00617602
0.856031
0.000231233
0
2.23617
0
0.0633698
2.83018
2.10537
0.964608
1.79329
3.66361
0.00414888
0.0633812
0.000913662
0
2.83069
1.38248
0.000631035
0
1.61222
1.40913
3.33427
0.0092129
0.420364
0.0122664
3.6599
0.0131487
0
2.21127
0.49859
3.91192
0.0225017
0.600515
11.8905
10.7222
0.278487
0.0770034
4.58171
13.6703
0.45981
5.12813
1.57165
1.69236
0.28074
1.36183
3.52925e-06
0.81475
1.22006
7.24224
4.77028
5.78152
2.54681
0.330892
3.43208
3.09573
2.8553
2.10602
0
0.0228935
0.0564373
0.59001
4.97286e-05
0.0959377
3.96306
0.548712
12.8867
0
0.112329
0.0233268
0.0730722
0.721293
5.50629
0.0384408
1.26908
9.8885
3.32421
0.714189
4.51264
2.00492
4.50619e-06
2.62811e-07
9.03573
5.097
3.16892
4.29842
0
0
0.322427
2.87325
0
0
3.85264
0
3.61326e-06
0.115192
0.225653
0
0.298302
0
0.513124
0
0.0126382
0.000653884
25.6175
0.672818
0.0129634
0.0130602
1.26239
4.93127e-07
5.59695
5.85322
0.00492688
1.83099
13.1147
0.688262
0
38.5692
0.000822655
0.482966
1.46717
8.19647e-07
0.522614
0
0
0.033277
3.2221
0.134489
0.0581824
2.87224e-06
0
0.0588824
5.14866
0.0494967
8.85686e-08
0
0.0328672
0.0664766
1.11535
0
1.72662
0.369149
0.407098
1.59622
0.00664097
3.47364
1.83854e-08
0
0.0338506
0.550695
0
0
4.64764
1.14259
1.04124
6.07162
0.993739
0.912133
0.767438
0.168282
0
0
0
0
2.74552e-07
0.110141
0.187409
3.48443
5.66762
0.132078
0.000289298
6.05589e-07
0
0
0.00832139
4.17596
0
2.82443e-08
0
1.987e-08
0.0586661
0.645319
0.819669
0
0.292689
0.848016
0.161972
0.737178
0
0
0
2.51084e-06
0
0
0
0
0
0
0
6.06519
2.60624e-07
0.0892252
2.54565
0
0
13.6847
0.00979618
4.16004
0
7.774e-05
3.22505e-08
0
0.00359055
0.0222468
0
0
0.0710857
6.71336e-06
6.06636e-06
0.0035004
1.07499
0
1.15338e-05
4.91111
0.154119
0
5.51922
0.0127107
0.945061
0
2.18235e-07
5.18657
1.00729e-06
8.67459e-05
0.29283
0.000160806
0
0
2.61914
0
0.113127
0.954972
0.307534
1.31558e-05
0
1.44697
0
0.376118
0
2.06409
1.39068
5.75893
0
0.131078
8.49931e-06
0.745677
0.0055735
0.0312702
0
0
0
3.82028
0
10.6276
0.0683745
6.64694
8.13024
1.54437
4.57252
1.84087
2.75655
0.642847
0
3.21809e-07
0.00565731
6.50836
1.45253
5.74989e-06
0
0
0
6.87842
5.37556
5.9589e-06
0
3.48355
0.901948
0.120454
1.88205
0.786079
6.4811
2.86672
8.86961
0
1.06233
6.81428
0
10.6991
9.32755
11.7749
4.43104
2.73594
3.40588
1.0208
7.85629
3.36599
6.75858
2.74692
4.06338
4.72375
4.75697e-06
2.10974
4.83418
0.760903
0.363809
0
0
1.92872
5.3174
3.40911
0
2.13528
4.16111e-08
8.5212e-05
1.36081
0.0068056
0.949182
0.166371
0.489203
2.62959
0.401773
0.389171
1.11708
6.14174
0.701299
9.1649e-08
2.00566
2.39618
0.105157
0.929546
0.00211479
0.00235774
4.88115
0.444704
0.312356
0
0
0
0
0.000761475
0
0
0
0.024306
1.53237e-08
0.0241817
0.0722228
0.00786427
0.901858
0
0
0
0
0.332478
0.478641
0
0
0
9.13416
0
1.34459
0
0
0
0
0
4.53266
0
1.14709
0.221612
0
0
4.25186
0
0
0.258191
0
0
5.73606
0
0.0533378
1.86529
0
0
0.540451
0.00656181
6.0356
0
0.183067
0.718304
2.31889
1.99556
0.0252187
4.05292
3.73529
3.2075
1.49882
3.55508
3.35617
1.62288
7.99363
3.02732
1.73552
3.39621
8.27062e-07
0.000128409
5.14691
2.383
7.97128
8.32265
5.05424
1.69237
1.68921
3.59673
5.39279
10.6934
1.7595
5.4152
6.23227
10.587
7.76952
5.53298
0
5.35798
0
4.3424
4.93814
8.37608
4.82641
5.3629
8.4706
4.1861
6.46011
0.85678
4.32003
8.43742
2.77201
7.32356
7.07684
12.5242
13.0694
6.53846
5.69517
7.39054
7.725
9.57821
0.0947452
5.69206
2.9708
4.31299
0
11.381
5.54146
0.399095
0.397579
0.279025
0
3.65248
0.886865
3.77232
3.65189
2.48542
0.809701
0.893148
0.28002
0.835836
1.5485
0.0484278
1.38106
1.9461
0
1.88469
3.27899
0
6.66763e-07
0.485092
0.750717
2.00553
0
0.0126346
0.0148118
0.626375
0
2.70569
1.79378
1.13673
0.647766
1.62684
4.16081
0.286742
5.41144
4.43521
0.172933
6.97028
6.82682
1.17463
7.22123
9.5268
13.6455
8.26936
12.5054
5.30102
0
7.29514
6.14143
7.14662
0
4.48796
0
0.992592
2.45671
0.0875369
4.43808
7.34776
10.9113
1.93825e-06
7.33457
0
0
3.20173
2.37601
2.20084
0
3.31166
0.0150193
0.00904096
2.71265
0.451109
0
0.172254
5.15096
0.0879612
0
0.0879417
0
0
0.0220929
0.702491
0
2.95924
0
0
0.247409
0
4.57522
1.98183
0
0
3.93581
4.11468
0
1.61968
0
1.31916
8.04605e-07
0
0.91795
1.33023
0
2.73029
2.75902
6.14861
0.0474037
0.101873
0.62735
0
1.47704e-05
11.1691
0.128284
0
0
2.77236
0.380255
2.63607
1.13962
4.41227
8.35585
4.55969
4.46554
1.02634
0.371944
1.99872
0.219243
0.709995
4.00454
6.9073e-06
0
2.57807
0.479789
2.45733
0.000167202
6.14344
1.1201
0.299382
1.59657
7.77588
0.907024
3.56508
1.25134
2.27752
4.95529
0.801813
0.281887
1.74091
0.0626085
0.577935
0.562673
0.032767
0.00325105
1.57402e-07
4.26301
4.24595
7.08924
8.41919
0.000114582
10.1026
5.2843
0.870898
5.98131
1.25385
3.38217
1.26858
1.70801
0.490745
26.6409
12.5479
1.11124
9.02007
2.37259
1.0561
0
0.0144618
0.00396202
0.882089
0
0
0
3.53735
2.04676
3.66669
0
5.25605
0
0.0193629
5.96435e-08
0.477689
0
0.0197013
0.000431071
0.00620422
0.397394
0
0.732293
4.44746
2.00025e-05
1.81796
2.20863
5.45875
0
0.931154
0.121781
2.10058
4.39349e-08
4.57156
0.196772
8.59147
0.00939863
1.8667
3.44465
0
2.15177
2.71591
0.00792442
0
1.50256
0.201099
0
0
5.7615
0
11.4024
3.62107
16.3588
0
0
0
0
0
4.48031
6.86323
5.27806
0
7.98274
2.79163
4.2603
3.62194
3.58578
7.51933
2.85553
0
0.864035
0.00229292
0.0327661
8.83277e-08
0.377373
0
0
0
0
0
0.881432
0
0
0
0
1.00826
0
0
0
5.93642
0.458426
0.0977854
0.052088
0.00442666
0
1.09037
6.70008
0
0.481496
0.543878
0
0
0.00512532
0
3.22284
1.51845
5.53481
2.55371
5.93252
0.222677
0.537645
0.555029
2.98471
10.2867
9.09873
1.80394
15.0925
6.65699
9.52608
6.33161
7.16186
11.1776
10.6499
9.69232
5.33204
5.97005
6.03283
5.87744
5.19231
5.81673
4.9446
1.99134
4.76639
6.8657
4.9285
10.9632
3.44498
1.68971
4.93802
7.06147
0.980865
0.197474
0.421657
5.10997
0.00566884
0
0
0
0
6.86842
9.45752
0.228177
4.84668
1.32343
1.2257
3.04474e-05
0
3.27087
0
7.34519
4.50057
0
0
1.02012
6.53773
0.645365
3.08047
1.0494
3.14754
0.929138
1.41743
2.53915
0
1.91258
2.74725
4.40884
2.49376
0.563937
2.54304
1.40331
2.36194
1.72455
4.29797
11.1893
5.48487
0.370485
0.00120643
0.391452
2.13566
2.32364
1.44391
3.68668
2.5988
3.6313
6.73371
4.19232
6.8848
5.46872
5.41578
4.78224
9.82032
5.65997
3.20806
2.3266
4.6708
4.3893
0
0
0.0040237
1.43723
2.14487
4.01286
3.04805
2.43404
2.90563
1.87426
4.39475
4.2468
6.93413
1.74193
4.89223
2.70276
3.01706
2.31372
0.918304
1.18801
8.39198
1.73167
6.39261
1.60878
0.417593
3.01527
1.55422
0.229889
0.668566
1.7128
5.42026
0.976302
4.45816
0.630864
1.00379
0.0469208
4.1594
6.95195
5.50118
11.8175
4.8524
1.9523
1.94512
0
0.335864
0
4.88242
5.10588
3.75459
2.32327
0.0230679
4.67182
4.78236
5.33905
7.52708
1.83533
4.70045
4.66331
9.1876
0
0
0.0061033
6.00082
4.12929
6.31526
1.38747
7.77345
0.310727
2.70057
0.0547821
1.20473
0
2.17507
2.77581
1.34723
7.54456
18.5566
14.2881
2.51445
5.03443
0
5.21387
2.29539
8.94996
2.61275
2.93779
11.7908
8.99167
7.84316
4.40658
5.38369
3.64922
7.68895
7.41235
1.84449
7.10927
5.72858
6.11624
1.37498
7.01117
6.49332
4.98131
12.5354
5.10747
8.60264
11.1371
4.49114
8.46563
11.5818
4.21268
2.8286
0
4.16455
0
0.880767
5.21736
13.1875
7.68708
4.14585
2.84053
5.32584
4.79914
3.52445
5.79809
8.53833
7.08123
1.35819
13.6128
7.24207
6.29919
6.98626
6.1461
4.78325
4.02653
7.08983
2.15758
0
5.74489
4.28643
10.2774
0.0315644
10.1209
0
0.185949
0
6.47275
5.03399
5.46833
0.0812637
4.9886
5.55099
1.14371
14.2486
2.21527
4.4186
1.17164
10.7718
3.77768
0.234701
0
7.37887
5.54358
0.441134
0.124677
1.69372
0.563451
2.06738
1.19145
0.0601019
1.83275
0.000379891
0.00428633
0.992057
2.2098
1.82344
4.7493
1.22615
2.30193
0.773642
0.00780623
2.11812
0.584597
0.406531
1.15162
1.70084
1.43464
0.00323819
0.635184
1.03258
0.0252922
0.92482
3.47758
1.14334
0.808185
1.94866
0.055474
2.67687
0.0327828
0.00441952
0.0533223
0
9.11973e-06
0.530953
0.55665
1.58987
4.00801
7.90751e-05
6.70896
0.0579508
4.15418
0.198286
1.4208
4.26355
0.946604
3.69317
4.08683
7.37403
0
0.605274
0
1.28103
1.20319
0.0814594
3.48981
1.61954
0.309364
0.908649
4.25499
3.52367
0.0768427
0.232097
0.155969
0.874917
0
0.600521
0.000731926
0.00494083
0.245174
0.696934
0
0.693805
1.37487
0
1.24003
6.1626
1.33588
1.29937
0.226037
0.0459652
3.29929
0.726316
2.68415
0
0.000319323
0
0.68262
1.37588
0
0.784852
1.60574
1.11304
0
0.000456738
0.562128
1.78229e-05
0
0
0.896309
0.0146162
0.00363518
0.128753
0.98669
0
0.736387
0
2.2614e-07
0
0
0.0709761
0
0
0
0
0
0
0.0570005
2.35753
1.82827
4.33849
6.44051
4.31358
3.21618
0.468414
0
0
0.894841
0.394037
2.78543
0.178329
0.674016
0.0354959
0
4.60083
23.3689
11.469
5.3981
0.618182
1.97976
4.43653
5.18239
0.122189
4.7244
4.8047
1.55939
5.85155
1.83824
2.67418
7.03555
5.07478
0.31809
2.43623
1.5331
3.70626
0.0753776
0.375649
0.233885
2.04581
13.3834
0.5407
0
0.0991923
0.0611726
0
0.230412
0
1.18453
0
0.417872
0
0.780383
0
0.288776
0.0593347
1.93023
1.71622
1.79462
2.3987
3.43846
1.32022
0.239861
0
1.10454
4.25151
4.32981
4.07733
9.99276
5.05382
6.90482
0.0498154
1.64085
0
9.72936
2.74135
1.89812
0.7539
7.17397e-09
3.03606
6.72795
3.51476
1.55366
5.10834
7.28262
1.72336
0.22451
2.59636
3.0069
1.92526
1.46033
0.00473646
2.75966
6.04259
0.474057
0.228387
8.16288
0.000608881
0.877968
0.0198256
0.00835036
0.913743
0.0278168
2.56215
0
3.87126
4.58038
5.94549
3.68756
2.55379
0.443086
5.87884
0.986617
0.598309
1.24424
1.92877
1.02955
3.07897
0.825646
8.13908
1.80643
2.43921
4.06018
6.78077
8.11529
0.0430425
2.69956
0
0
0
3.88363
4.49634e-07
2.99713
4.22499
0.0227542
2.95858e-06
0.847422
3.04663e-05
0.23042
0.00395972
0.0526504
1.13551
0.0557955
0
1.84158
3.6353
0.2083
0.468945
2.92313
3.4799
1.59552
2.23324
8.61856e-06
1.95717
0
9.13623
0.00327167
1.40712e-06
0.475665
0.0128626
0
0
0.0483139
0.333683
0
0.00135857
0
0.020376
0.931163
0.00263133
0.350759
1.35191e-05
0.0144216
0.0764329
0
0.242204
1.08367
1.45115
1.35152
0.00795629
0.326392
3.59061
0
0.000340082
0
0
4.42023
0.14929
1.64439
1.83847
3.6017
4.96857
12.0862
3.18767
7.74081
0.850266
3.37074
6.29706
0.564959
2.07524
5.04376
0.11261
0.0361684
1.77312
0
2.88499
3.44531
1.88095
3.86155
3.05617
0.823764
0.0750189
17.4696
3.23574
2.58952
8.95073
1.50679e-06
11.7083
1.04188
13.8291
2.54003
3.74349
7.25306
2.31756
1.28173
0.780774
0
0.915939
0.0858821
1.68024
0.924462
4.13488
5.01901e-07
2.32633
1.43106
4.0783
3.15237
4.48926
2.74328
6.42469
2.86625
7.06664
4.06277
18.8989
6.60763
6.1139
4.12937
1.79914
0
1.56749
1.61555
5.15199
2.19059
1.60542
7.40222
0.682864
0.344435
3.86752
4.69025
3.20654
6.64969
3.03864
1.76691
7.13041
9.33039
1.42813
2.40881
2.53887
0
1.15598
6.93264
1.85324
1.47628
1.6797
0
5.05478
6.79478
2.35753
0
0
8.86966
3.73465
7.28818
2.9824
0.154783
6.76715
8.74659
0.0626253
8.90245
7.75412
9.01415
0.100438
6.73941
2.23142
6.23714
6.84191
8.17543
2.63303
8.53969
8.31736
11.1673
12.0831
0.00210556
8.85753
10.6115
6.23044
0.904192
8.43907
8.63917
16.2182
8.00097
0
6.56803
7.44819
5.31381
0.00103141
2.02164
3.43755
10.4966
2.30543
5.40547
3.63699
2.56472
0.0706502
0
0.286222
0.978506
2.08442
0.224349
6.17228
2.70951
5.30202
5.27175
8.51346
0.00759312
3.97288
0
2.48688
4.15178
3.22673
5.90899
3.1434
28.0541
24.21
5.02559
7.28926
7.94789
6.88745
9.68154
0.419248
4.96614
5.05652
9.52787
0
5.99518
5.23775
6.41099
4.5277
2.15484
13.4888
2.96083
0
4.70965
3.67033
3.47079
6.69941
3.62286
0.926767
1.79354
2.5298
0.902871
0.68912
4.81424
0.0171022
2.91095
0.748878
5.08006
0.787434
5.18024
5.57559
11.1899
10.4639
2.64203
5.68705
8.01155
0
0.110868
0.924145
4.09716
0.0105642
3.87235
1.16896
5.6644
3.71502
8.01756
4.037
5.81166
2.806
3.80198
3.5745
5.51701
4.90401
1.97026
5.89145
0.423794
7.14558
16.4406
0
5.08038
6.70083
11.75
5.18742
0.831207
9.36277
2.78175
3.04201
0.0507395
3.68709
4.27636
5.00468
14.1239
4.27159
5.79075
5.13584
4.57332
6.33139
2.49572
9.06824
4.38401
4.68744e-06
6.21009
4.46931
3.46095
15.0633
0
0.000455644
4.24605
0
8.84812
4.02413
0.932641
7.41792
0.0746977
4.58817
2.54317
3.46028
0
1.2202
2.8452
1.03543
3.09138
4.22317
0.0371391
2.79596
0.337955
1.87771
2.93793
2.31293
1.30853
6.71664
1.11174
4.17275
1.13312
9.63632
0.726726
3.22665e-05
4.05867
5.35716
0.527216
4.81927
4.53495
8.87349
0
2.92066
0
4.93095
1.55682
0.102578
1.83453
3.38993
0.27223
4.64225
0.0353624
3.49122
0.847534
4.12255
0.112879
1.3241
3.33768
0
0
0.0110585
3.05025e-08
0
1.73905
4.50095
1.84397
8.15882
8.34893
1.87065
3.6026
0.617604
0.479087
1.09747
3.85884
2.03249
0.0148045
7.48603
2.17063
1.18509
3.02185
0.219723
2.58071
1.84581
0.000264291
2.36337
3.00422e-08
1.3242
3.86862
1.08173e-06
0.322454
1.58762e-07
3.04661e-05
0.423987
3.19712
9.564
3.35714
0
0.971122
3.52639
6.10175
7.7098
10.2222
3.94966
1.60545
2.81725
2.21505
8.03706
1.78878
0
4.34346
1.78483
5.86657
5.80553
0.170127
2.55977
3.833
14.038
0.917377
3.43253
4.33213
113.51
4.60428
3.69709
6.65815
73.61
5.60319
2.29115
2.51345
1.99412
1.64679
2.08773
3.4184
3.0894
2.72379
2.65088
5.66556
2.78088
3.58373
4.08305
5.96317
0.726059
0.416518
0
2.23812
3.10578
0.0062498
0
0
0.000153068
3.891
0.882345
0
0.0186935
0.167741
1.25849
3.46408e-07
0
4.12538
1.63038e-05
2.25288
5.75593
0
0
0.949386
0.0579896
2.6677
0
0.175824
1.86719
0.00257823
0.868583
0.0720567
0.265326
0
0.490363
11.1649
1.68619
0.206587
0.514442
0.0257979
6.67551e-07
0
0
0
7.87933
3.14481
2.20646
0.754979
2.1764
1.02357
1.38028
0.727206
3.62735
1.52179
0.714751
1.18193
2.70416
1.44799
0.34848
0.981742
1.33895
2.37972
0.0711275
0.0635172
5.55654
6.95115
16.1336
4.23088
2.83952
0.0628941
2.53768
0.56776
0.466402
7.99625
9.80704
5.88262
4.80797
4.58535
5.3087
2.23431
0.00226777
0.967631
1.18956
1.56824
5.39901
8.19551
7.20227
8.28101
1.44198
2.17123
0.470348
2.39209
7.94601
10.2984
5.40326
5.91735
7.83405e-06
3.30657
1.89733
0.83595
0
0
1.1446
1.59887
0.0464317
0.16853
0.0514505
6.51045
10.8051
0.210189
0.756267
2.09357
0.937306
3.95991
0.870969
1.73399
0
3.12319e-08
1.63855
3.00972
1.96049
2.28332
17.2218
2.49311
4.42818
9.87028
1.04441
0.109112
0.595644
5.48467
3.3755
0.755607
0.283547
0.603193
7.26788
0.155547
0.0376217
1.15335
0
1.36366
0.893255
8.03834
5.5523
0.244396
0.0508219
8.83391
2.50255
0
1.02007e-05
0.00401251
1.08285e-07
0
0.00278167
6.32981
4.37022e-07
1.23191
2.43349e-08
0
0
3.67395
0
4.23541
0.0295277
0
5.22807
0.0775844
0.011448
1.11667e-08
1.24599
0.0201516
0.00372561
8.68805e-06
0.011828
0.78574
6.78658e-05
0
0.00479901
0.00174939
0.00408595
0.973836
5.95353
4.35053
0.000690917
1.75514
2.12952
0.92532
0.00239446
0.00154532
1.99908
0.805622
0.252107
0.999066
2.31327
4.433
0.61773
2.70501
0.369964
0.136205
4.92168
0.201432
4.26994
3.64856
3.67305
0.828282
4.06461
1.13499
1.17362
0.507621
8.36848
0
0
0.0719676
2.20805e-06
2.38419e-07
5.34673e-06
0.223293
1.59578
0.0231675
0.588528
0.245765
0.223143
0.027836
1.39361
0
1.46189
0.169627
5.99975
1.24197
1.35633
7.69207
7.43734
7.78696
7.75479
0.000129223
2.03354
3.47872
4.03029
0.426543
7.7803
4.75566
0.076762
1.68188
12.4188
1.04211
7.32042
0.493518
6.63107
8.03323
1.17476
1.45198
7.45177
0
0.849179
0
4.96103
0.808515
0
5.22025
2.29901
0
6.92567
1.223
9.71873
7.424
0.0205183
7.79284
10.7494
4.99201
5.13485
4.78443
3.807
2.51845
3.43588
7.39896
4.52693
0.284749
0.592129
7.86121
0.0779611
3.01499
2.49004
1.7662
3.84713
1.4486
0.0668465
1.34307
1.79138
3.52511
0.892104
0.34224
2.03008
1.25582
1.21435
1.86497
0.774084
1.58114
0.420296
0.824396
0.84437
1.24934
1.09731
0.00920667
1.12326
0.748691
0.016767
0.815641
0.786516
0.719162
2.06894
2.87045
0.222389
9.87262
4.08982
1.11696
0.483261
1.47864
0
1.63848
0.569349
4.08702
0.240167
0.626676
2.61628
5.5812
0.0406823
0.996281
5.27625
4.14148
2.5413
2.3106
2.32942
11.8608
0.212428
6.74738
7.1621
0.839672
1.21443
7.18732
0.000130225
2.1078
2.08969
0
3.0407
0.0504007
3.11822
4.40103e-06
0.299159
0
0
5.81922
0
0
0
0
3.18639
4.66755
2.89291
3.27385
0.66125
7.58976
2.15991
0.8627
10.9643
4.47815
3.94259
0.808327
0
0
0.824638
7.89099
0.066359
0.00110037
0.00286896
0
0
0.888963
0.00778704
2.51983
9.11576
0.0308826
0
0.00288279
0.86017
2.05234
7.40804
0
0
0
0
0
0
3.62862
0.0757185
1.19268
3.4087
0.102177
0
0.0534962
0.0425817
0.890361
1.48315
5.40807
12.1863
0
0
0
0
2.02744
0.0751858
0.105611
0.00944702
2.57284
0
0
0
1.10714
0.0166861
1.33482
0.370777
0.000278515
0.697148
0
0.722091
0
0
1.6286
7.54072e-08
7.06159e-07
0
0
0
0
0
0
0
0
0
0
0
11.8135
0
0.230618
0.337207
0.0399878
0.0300584
0.105474
1.1458
0.681689
0.953906
0.855618
0.118848
0.944353
2.45023
0.106239
0.040893
0.0787769
0
1.786e-05
4.20484
8.22655
0.00149912
0
0.103706
0.000262574
2.59837
0.0123323
0.603651
0.816998
2.36705
0.0207119
1.75185e-07
1.03244e-05
0
0.764693
0.221696
0.698501
0.426134
2.04177
0.000249181
2.45538
0.343814
0.223808
2.02008
0
0.0680924
2.33078
0.131552
0.653345
0.00585888
4.92615
0.893586
0.0346771
0.19586
0.050504
15.3571
0.896106
0
0.548416
0
1.53652e-06
3.76538
7.53957
0
5.33294
5.23472
0
0
2.79395
0.001822
0.00550464
0.0443774
0.00135135
0.468901
0.400544
0.196188
1.45748
2.05083
0.0272525
7.6127
2.93817
0.0278536
0
4.12666
1.48516e-05
0.290825
4.64878
3.59763
2.35673
0.302338
2.39378
2.77207
3.93878
5.55044
0.00511834
3.93936
7.5326
1.42982
7.01178
3.72382
0.201237
4.31058
0.406685
6.18319
1.95977
0.67126
6.45257
0.811263
0.277312
0.144157
0.211295
6.15221
1.29555
1.66299
3.40366
8.38374
0
3.38737
4.71804
3.52635
5.35733
0
7.42547
1.27319
0.377451
0.0539905
4.32706
4.09565
0.298798
2.50841
13.1831
5.08226
5.7159
2.14254
8.90363
2.27525
9.14159
8.33852
0.441931
6.81721
0.839095
2.97064
9.00981
6.38137
3.04668
0.0679528
1.29929
0.852837
1.20672
0.415783
0.965356
0.0534391
1.94392
0
0.838096
1.99295
1.03189
0.0118909
2.19157
0.0351424
0.228451
0.044815
0
0.0800424
4.19088
0.872888
0.00211561
0.0440552
1.62481
0.0379919
1.66841
4.94115
0.501476
2.70427
4.89899
5.58366
0
0.909927
0
0.00523936
23.52
0
0.417075
8.22614
0.886236
0.115493
7.68102
0.186017
0.0609979
0.407238
2.70971
9.17148
2.50986
0
4.08424
1.31746
0.016949
7.49122
2.4994
1.91411
4.06558
1.97054
2.1752
3.10132
0.978718
3.84829
0.106827
1.05154
1.33739
0.175898
0.472552
3.45863
2.60956e-06
1.34956
6.98344
0.0656104
2.85524
2.59421
6.6444
0.0531508
0.00710327
1.04478e-06
6.47089e-07
0.650174
1.04022
0.929558
0.860552
0.602043
0.00033152
1.02452
0.0477108
0
3.6521
5.44913
0.312414
8.16493
4.78073
3.4802
8.00022
5.16876
5.41716
0.00799826
3.71957
3.71302
2.18171
2.3916
2.92599
5.3796
3.03543
2.44203
0.547766
3.2587
8.60747
17.3262
9.68761
1.20916
1.75979
3.27981
3.40389
0.537388
0
0.901436
0.118393
2.41213
2.85533
0.350953
6.06159
2.13408
1.27059e-07
2.8791
6.38103
1.24543
4.59626
2.59279
0.233692
0
0
0.0341264
0.000279207
1.78583e-06
6.04629
0.00447847
1.0276
6.39515e-07
10.1923
12.4418
3.52113
1.73398
0.922139
0.654622
1.65134
0
1.16548
0.0784098
2.69253e-06
2.38225
1.37532
3.69884
1.54001
3.8594e-06
1.057
7.4114e-05
0.913495
0.00712133
0.977394
1.12979
2.68194
3.11211
0.959718
1.89432
0.084075
0.766857
0.586757
0.0401103
2.81427
2.00305
0.0767793
0.673811
4.77421
0.129302
0.00872938
5.66378
0.12544
9.01233
7.67184e-05
9.00121e-07
10.8697
