4.29144
1.46241
5.13087
0
0.358794
7.80525
1.56422e-06
7.19137
2.04076
4.71498
13.7754
0.108385
2.11219e-05
1.19865
6.63066
0
2.87042
10.3912
13.6022
27.9585
6.01964
1.06122
0
0
1.23629
2.10681
0.876976
0.950448
7.2697
0.00285134
0.00472211
1.4183
0
1.14052
1.91951
0
2.16596
9.66232
5.63822
9.55721
2.08649
17.3319
2.04991
8.23923
1.36872
12.6744
5.9915
0
0
0
11.2005
1.30598
11.0627
0.0640165
2.91822
0.223171
21.4077
1.20754
7.4548e-06
1.07747
3.34116
6.91058e-09
4.88495
9.85978
10.109
0.000385464
3.16555
2.5805
1.61906
1.72615
12.7101
0.00424916
0
0
1.403
2.00153
8.52017
2.53852
0.930427
0.676507
1.01295
2.72903
0.00039237
0
32.2709
5.35834
3.8208
9.39032
15.0801
8.90463
12.8487
13.399
2.79727
3.33219
4.93738
8.05461
9.67218
15.7805
1.15299
1.63667
4.31899
4.14439
8.92253
6.93848
8.30099
7.53422
3.42454
6.14984
5.629
4.73339
8.4967
5.7407
8.1327
13.3098
11.7148
9.49795
8.08662
5.69858
4.58135
2.9757
6.99697
3.08041
4.67566
6.13833
0.957044
2.68956
7.83476
0.010252
0
6.38116e-07
9.34767
0
0
10.5607
0.485539
0.085699
14.6438
1.75493
0.148015
0.27798
0.202668
2.03811
0.290894
1.34077
3.6045
0.0216339
0
0.0106504
20.1262
87.8717
2.53294
1.07277
0
0.00729625
11.7296
0.696855
3.41668
1.81031
4.77367
0.546483
37.909
7.37992
12.5591
9.64822
3.21069
5.06984
4.82074
11.3864
44.1646
21.8144
8.46334
2.19933
8.22372
3.38294
19.0695
0.00575542
5.23882
0
0.00187039
0.0401007
7.6891e-06
6.50094
0.234546
0
9.02727
3.82067
10.8987
2.97646
11.6644
9.3863
17.1186
10.9615
7.5404
10.5749
1.46341
0
7.08367
2.3064
8.81709
7.26547
18.3449
85.4615
10.5682
37.7196
11.0796
2.55221
8.19147
1.68339
52.372
2.83862
24.705
19.259
0.588837
12.553
14.1696
20.9494
1.53797
20.8607
23.2926
8.65057
0.0189656
4.66908
16.9579
7.21588
12.9408
10.8706
12.2285
12.1623
13.6776
0.000174277
1.49827
7.03528
10.5711
0.000677939
3.49861
3.55752
4.08295
3.23057
4.57146
4.83103
1.89956
4.14437
4.32076
0.578723
1.07421
3.40739
1.88331
0.0179619
2.45352
0.175726
0.658026
2.25038
0.151194
0.608414
0
0
0.109254
1.55069
0.0171073
0
0.134539
0.0183725
0.0180843
0.986381
0
0
2.25415e-08
0
0
0
6.48964
1.29115
13.0008
1.29825
0.0112471
0.790646
0.060934
0.574378
10.3575
1.59561
17.7339
0.420241
0.678618
0.00253324
0.0192419
0
0.0793088
0.584959
4.12999
2.21259
0.000522002
11.9721
5.1142
2.02776e-06
0.538826
0.362872
2.32915
21.0447
2.25114
2.41161
3.28631
0.994684
13.2403
15.1952
1.29518
5.20076
5.50818
2.19408
0.0489765
0.880882
0.372553
0.901545
1.59068
10.702
8.64931
14.5813
23.9364
5.83051
3.0001
3.91014
0
1.06527
0.107926
0.298268
5.12286
1.0776
1.05002
0.934552
0.960221
0.0192583
0.115246
0.845424
0
0.771165
0.69233
3.57823
7.28131
2.94589
6.38145
0
17.5073
4.11792
4.09184
6.17682e-06
0
0.706657
0.714857
2.84424
3.43922
2.23264
0.927689
2.20333e-07
9.28873
3.08009
0
1.29773e-08
2.15485
8.64225
0.770487
0.124676
1.81283
0.201298
0.01341
1.65962
0
0.0153623
3.29789e-07
0.823401
1.24249
0.163892
0.296482
0.583503
5.97698
1.96781
2.37124
3.6359
0
4.0697
4.75875
7.98197
16.9357
2.54816
10.1127
0.801583
9.92691
4.74492
0.544823
4.69054
1.64984
3.19093
4.13865
4.16165
8.231
6.37926
1.70301
9.3751
5.89975
4.50422
6.46761
20.1184
1.88866
13.6401
9.48252
9.43714
8.77308
6.98056
6.90229
17.8481
3.30659
4.25981
5.66227
5.32386
8.71557
5.87407
3.47194
3.76503
20.7991
9.27297
6.15877
2.75013
0.114524
13.8518
13.0362
7.5873
6.5705
24.3047
6.07282
8.7362
14.9611
18.1587
14.3626
9.10751
13.8201
12.7016
16.7161
9.75833
18.7989
0.308914
24.3905
11.2598
6.79316
11.5498
9.03145
9.53631
9.95293
0.917066
1.66579
0.000874934
3.42669
3.88849
7.69806
4.17388
12.8769
2.16519
11.3617
2.62792
15.7403
5.65013
10.0443
5.8075
2.80193
3.0353
8.49757e-08
0
5.23152
0.122715
10.8412
1.90817
0.81654
4.11358
0.0923136
2.98374
0.253827
0.00212146
1.24499
0.126799
3.67425
1.17613
1.70128
1.44095
5.91698
1.6517
2.76794
15.075
20.1447
10.18
7.03172
10.0268
0.492288
6.95333
10.935
13.1845
13.5796
1.53563
0.233951
3.91565
0.846244
0.920701
0.00201989
0.00590377
10.3559
21.3912
4.61319
8.30563
22.8833
11.7721
3.83475
6.94771
9.43459e-07
1.21508
5.08372
1.97947
0.00653697
1.65739
7.03014
5.51516
9.66997
6.41757
10.3202
1.64035
1.67164
4.90023
6.6606
0
0
9.64324
1.21383e-06
2.56309
0.248571
0.776404
1.28415
1.59609
0.219543
3.93122
1.13991
3.82369
0.175138
0.0298263
2.35349
20.4685
3.57128e-05
0.127886
3.02849
1.5993
0.000147727
5.85812
11.5009
3.15424
11.1238
11.6448
13.6405
10.9704
0
12.3332
0.0197183
10.4054
10.1203
2.77255
8.59014
8.09266
4.88742
1.12501
0.280309
5.51644
0
0
3.35665
5.85869e-05
13.6444
4.30342
5.41923
9.84073
5.62013
2.10663
0.836864
2.62913
4.57005
13.9711
22.6642
2.73747
0.367633
1.62459
0.670933
12.9803
8.44675
0.325185
4.93886
0.000138289
13.4976
0.163216
0.0435937
2.65938e-07
5.3661
0.54314
3.07108
4.88652
15.2103
0.00382193
2.03834
6.12807
1.81717
3.16691
2.3924
0.102789
6.5405
9.29529
0.54544
0.0643608
1.88305
3.14305
1.68248
0.00806324
6.23196
4.66046
10.4434
1.09037
0.464166
0.119227
8.15866
0.444194
8.74179
8.93358
2.55019
2.20363
12.3365
2.60938
9.30606e-07
4.36449
0.253715
0.00333384
1.07866
0.687183
0
0.805721
4.8122
0.628154
8.43933
5.53909
16.7992
0.0226289
7.2153
2.97756
5.38219
5.1104
0
0
0
0.687374
23.3963
12.6161
0.690845
16.1129
0.0410132
4.45172
18.5522
11.0669
14.8119
0.0822227
0.765057
1.8499
0
0.695721
0.963261
0.127737
0
6.40111
10.1659
7.81247
1.47154
6.72918
0.807726
7.7625
2.20625
10.584
22.4017
0.00646174
6.36199
0.155092
7.20839
17.4021
0.347396
0.00127443
4.82782
17.0791
0.712135
4.78827
0.023252
0.00268563
11.9674
6.77421
10.1668
15.9676
6.72602
9.43621
9.96055
0.719449
1.11707
0
0.706779
0.533419
5.49898e-05
0
3.09457e-06
0.932166
0.623614
10.443
3.12572
2.53438
1.07139
0.011277
6.45457
4.31228
0.0341143
11.7531
2.49359
11.2897
7.1478
9.49753
2.27804
11.405
17.0693
7.0208
5.55781
13.0076
10.467
0
1.71221
13.4728
3.35268
0.000170134
8.69702
0.0745976
14.5056
60.7685
6.45704
46.0158
10.8624
9.79129
2.93096
0.186662
3.49406e-07
15.4898
13.823
0.142292
0.12704
0.605676
0.364608
27.8766
0.586809
0.000134086
0.0615181
0.10401
0.749709
0.04953
4.62035
8.62597
5.6544
3.50283
0
0
1.21878
3.49804
9.00475
0.691001
2.09783
19.3188
15.0912
17.1971
0
10.4636
15.7513
5.23443
10.1387
0.700302
6.01282
1.994
0.00445531
0
3.56072e-05
9.48542e-08
0
0.911614
0.520193
0.194192
0
8.53064
10.5736
1.75154
17.6574
10.4416
3.36953
4.97916
2.15279
1.66022
1.5406
7.15943e-08
6.96392
0.671247
4.36645
2.38297
6.51988
5.99487
14.051
0.727731
0
11.3173
0
14.7625
4.22409e-07
1.07408
0.806317
8.4079
15.3532
7.09293
6.0229
7.09909
13.9691
0.931031
0
0.106119
10.6102
2.32567
0.0105827
0.438162
3.02752e-05
0.0299551
1.93918
3.84496
1.92457
0.685296
4.62966
11.7889
6.4171
5.06695
6.92315
7.74793
9.49032
0.000838613
0.899801
6.87474
10.3543
16.8086
6.93696
1.80799
0
0.902262
2.9069
11.0258
10.9596
6.41509
0
8.70404
8.43558
12.9993
0
12.7443
0.564481
0.00519816
4.18114
3.30798e-07
0
5.86203
0.284387
0
0.85743
8.09405
1.67291e-05
0.899548
0.268471
5.3647
7.28324
0.00897618
0
12.7427
0.340129
13.5576
0
6.2191
0.0169104
0
0
1.02823e-07
4.866
0.000826498
0.222665
5.05898
5.3335
10.3927
5.66204
0
14.3038
1.42521
3.66872
1.05304
2.89812
0.814847
1.00148
8.71723
7.53093
6.79811
6.96889
7.85209
6.93902
14.7416
6.20085
13.1989
2.47683
9.19838
0.236684
0.992779
3.30376
1.95074
8.69318
0.72987
4.7685
3.3893
0.799713
10.7349
1.06179
0.00647648
0.842239
0.078833
0.481711
7.35305
5.15896
13.1331
5.90501
1.04626
1.5771
1.04968
12.8746
19.7083
0
10.6285
7.97629
3.94697
0.386388
0.0270399
0
5.62518
0.515397
10.5573
5.47222
0
0
14.6381
0
0.944305
10.6902
6.18046
0.599175
0
4.81418
7.4872
8.33257
0.817333
3.98088
4.61292
8.11358e-07
0.0500571
6.91215
2.75016e-07
1.76063
0.975799
3.75959
3.78324
12.2685
11.2904
2.90868e-06
0.216015
0.0627361
6.64201e-07
12.4367
7.9137
9.90712
9.79099
4.45985
16.0547
13.4613
0
0.000266405
2.39
0.964042
1.53962
0.585924
4.1667
0
1.3166e-08
29.8976
0
20.0487
3.19863
0.941991
0
0.0151151
0
0.00516892
4.82497
12.0517
2.72186
14.8433
12.3646
0.00859467
1.1628
0.927135
0.00211937
3.14367
1.51668
4.71843
0
0
0.103057
3.49104
0.908805
0
2.22166
0.807192
5.71248
7.11846
0.0577563
2.0345
0.960189
10.8184
21.1719
3.98756
1.03612
0.155143
0
0.0395859
4.63192
0.000840632
3.42647e-06
17.298
0.213123
0.292807
0.000728458
12.9357
11.1251
0.650914
11.6479
7.57653e-08
4.84519
0
0
1.41704
12.0759
0
18.5535
0.0167085
0.57512
0
12.7449
12.3446
2.73328
18.9518
4.97924
1.51839
15.01
3.52921
3.57035e-05
0.00605918
0
4.09194
16.1564
8.75935
11.6569
0.554197
0.0186287
6.47154e-07
12.22
12.1007
6.38321
14.9171
11.3181
8.21144
8.31675
7.44925
15.2986
12.3213
6.36934
4.33345
15.2348
13.7933
0.618342
0
19.554
8.74835
4.55653
2.5641
3.04669
0
16.7422
11.2126
6.89076
0.00665445
38.7625
8.78783
5.69877
3.17004
11.6215
5.26683
15.0574
6.68678
14.8646
0
0
0.646735
4.55285
14.6387
12.5469
19.0659
8.58132
10.3806
11.109
18.1045
22.014
50.9811
61.962
20.601
5.03838
7.81798
1.41748
0.908207
0.343209
1.70299
1.8112
0.794618
1.08284
0.680076
10.3563
0.136213
1.54104
7.17698
11.2199
6.04725
6.57742
5.52583
8.72008
2.40964
0.855499
0.867066
2.2103
11.0272
7.22638
0.545788
8.68888
8.54167
9.71664
16.1514
21.6694
14.0553
2.43851e-07
0.237777
1.42223
12.1253
6.55288
1.42227
0.80646
4.54176
0.160285
9.36974e-06
0
0
1.63059e-06
20.9039
0
18.2573
0.471954
19.8845
14.5273
1.77687
0
0.00331993
11.8637
6.33335
11.3353
12.3144
0.134177
0.798067
18.0131
31.3058
1.57426
0.432362
4.46189
6.55039
14.7275
0
23.6265
9.50199
6.60641
13.8589
0.711019
8.52313e-07
14.5567
0.0100371
1.05282e-08
0.997728
0
0
11.1004
0
4.54303
9.47735
6.57525
18.0308
10.8159
2.37029
8.23058
0.0986039
14.0909
0
8.37955
7.67549
0.0028333
3.74319
9.99338
18.2432
0
1.16354
1.06779
16.6147
15.1958
4.31765
16.1525
0
8.88731
9.68829
13.2311
0.178342
9.71997
0.559391
25.0435
6.1853
0.56586
1.09933
1.61154
9.03941
0.409748
18.2869
1.00516
1.74943
0.0236443
2.2503
6.68993
9.86505
1.48358
2.35236
11.1216
0
19.6006
14.0417
0.643363
4.90383
1.08258
3.92492
6.55367
12.0202
0.0135359
0
2.26318e-05
0.808616
0.0928389
0
0.0158197
0.0321266
10.935
5.03081
2.07669
5.95905
4.11575
1.43177
8.80002
9.65453
0.30948
9.10719
12.2272
11.289
15.2488
21.3033
16.5997
12.1526
0
12.4478
19.084
25.9203
19.4602
26.5909
2.6538
15.2815
13.4516
0.940212
9.30273
5.4751e-06
0
14.9535
2.04071e-06
0.0564282
0.00138107
0.658412
7.01197e-08
0
0
0.23122
4.81039
0.7178
0.155064
0.620127
0.0271479
5.01336e-07
3.05139e-07
0
0.581743
0.929605
0.00418761
21.6369
0.950648
14.8055
10.4698
0.037522
1.10752
11.6215
6.41226
0
0
9.68768
3.69898
16.341
4.36926
0.0170557
0.441104
0
2.84809
14.9956
5.95854
0.0147172
2.40015
1.6982
0
16.2569
21.6065
9.48246
14.0004
0
3.71593
1.67976
3.57977
0.000161201
0
16.7687
0
0
0.951912
8.63916
32.5762
1.89384
0.0205753
13.1046
5.15322
10.4801
14.8961
5.17782
11.3807
0.499457
1.01746
1.25892
1.24222
5.20725
0.7017
0.185742
0.262507
3.16898
12.9666
1.43572
0.632472
2.98239
0
0
1.51162
0.505036
8.41572
25.8068
0.741409
13.3597
2.59585e-07
5.13659
1.36327
13.3444
1.62468
0.000471021
0.102368
0.0704198
25.6964
30.7
15.3264
10.0741
11.1006
3.82556
0
8.75762
13.755
0
6.6405
0
1.49598
0.145455
3.23539
3.98198
0.0259994
1.01177
0.000259663
2.42024
0.709321
4.7696
1.20433
3.99055
3.79144
1.55195
0.98562
1.00491e-05
0.00162194
2.54137
9.38567
0.183321
0.000132947
1.98539
3.2826
9.77221
0.188441
0.142427
0.77998
5.47631
2.8156
0
11.3679
0.233589
18.9184
0.300031
1.12197
25.7691
17.084
0.625572
0.261641
8.37543
19.8499
6.03274
16.3031
1.81645
7.50563
2.62732
2.7271
0.951314
7.42935
1.54249
18.8456
7.77021
6.27827
2.1352
6.72776
3.0411
2.78681
12.0791
2.32581
0.299002
0.00011347
0.206397
0.161747
0.0556987
0.135459
7.93047
0.900057
20.8837
0
0.714782
0.247081
1.79191
0.306707
8.03134
0.834184
1.87371
11.4929
7.73676
3.15404
4.79726
2.28466
0.0654713
0.248449
18.9536
13.6679
9.86666
12.3763
0
0
7.59755
2.58873
0.132981
0.838969
3.43709
0.0898641
0.0316567
0.0863022
2.11228
0
1.56726
0.0116272
5.32664
0.205194
4.11094
0.896453
70.31
2.13174
0.680206
1.15891e-07
7.15056
0.00410025
0.958638
11.7697
1.36513
5.29091
21.7355
1.13498
0
49.636
0.121373
0.87388
5.57729
0.00030005
0.0141405
0.0121815
0
0.0119209
5.05096
0.288999
0.328546
0.755542
1.20556
0.631569
6.97124
0.138654
2.40473
0
0.739328
1.15272
0.015946
0
9.18139
0
6.68561
0.125768
0.178452
10.487
0.462279
0
0.304095
1.71255
0.00114477
1.48959e-07
13.4119
1.21644
2.90805
9.84119
4.49913
4.78584
0
1.29824
0.053402
0.206506
0.2398
0.0126284
1.14623
0.213872
0.412408
11.3146
11.5989
0.209002
2.05019
0.265564
0
0
0.0112108
10.7558
8.37133e-05
1.15743
0.0217163
1.04136
1.49498
1.03959
0.936751
0.056875
0.0693812
0.846364
0.00699502
0.0603607
0.937884
0.149067
5.3673e-05
7.65896e-07
0
0
0
0
4.20443e-07
4.90546e-08
0
14.0688
7.74758e-08
1.00748
8.19747
1.32583e-05
0
18.1262
3.96446
4.70202
0
1.2408
0.866638
0
0.587613
1.45963
0
0
0.865041
2.31572
1.29834
0.817195
2.52018
0
0.758805
6.57405
0.77686
0.631295
9.72459
0.0625705
0
0.525024
0.018992
7.59283
0
0.171743
1.82873
0.2798
0
0.067537
5.62586
0
3.22023
0.57416
1.75465
0.764578
0.000632057
1.10879
0
1.79058
0
3.87689
0.0536611
7.34444
0
0.89371
0.135726
0.917155
0.00654913
0.0299169
0
0
0.104784
12.1101
0
11.2661
2.95413
15.6832
31.3856
0
13.1495
4.92679
8.96962
2.75515
0
1.82318
0.00695013
12.9486
3.20519
0.0402312
0.053122
0
4.07761e-06
6.04626
13.2558
0.0306098
0
18.2011
3.47785
2.8384
3.958
4.2597
13.9867
10.934
21.0733
0.00215987
0.742025
9.40568
0
15.2638
23.6974
14.9418
13.0446
1.16845
8.09855
7.87734
27.9672
11.8302
13.6994
10.0661
10.9032
7.17758
1.01598
8.37761
2.73282
0.429377
0.575443
0.000135838
2.85243e-07
8.45912
7.05149
1.99407
0
4.7454
0.0218575
0.774879
8.12876
5.55502
3.70761
1.4773
0.0525896
5.00437
7.25332
18.7474
31.2537
3.75169
2.2108
0.0419475
4.73441
5.17227
2.58307
0.895115
0.0257735
0.0305354
3.78423
0.911897
0.103808
0
0
1.55069
1.23771
0.0376861
0
0.000171832
1.64323
2.18594
0.0202656
0.0626892
2.42569e-07
0
0
0.647177
0
8.72685e-06
0
1.26687e-06
0
1.20192
0.635389
1.33572
12.0109
0
3.21644
0
0.0744925
0.00374885
0
0
16.3187
0
0.415961
0
0
0
8.53606
0
0
0.970324
0.0324629
0.984958
7.62084
0.010983
0.0799696
1.3358
0
0
3.12677
2.49344
6.77882
0
0.0455411
0.000455834
1.65827
7.55426
0.788351
11.426
9.06843
7.30731
3.66626
6.07261
3.27383
6.71261
12.3321
9.72965
7.08848
4.46461
0.000449794
0.0351018
8.01486
10.5794
17.3183
11.5676
8.21086
10.1408
4.87891
15.4245
21.1142
18.2497
9.95909
12.0881
14.4084
14.6626
15.7605
7.01762
0
14.2256
0
13.9205
16.2554
11.3504
17.0944
4.92235
9.15421
12.3459
7.53673
0.122231
12.3377
9.74336
11.2307
11.8642
16.071
13.8089
25.4453
16.0626
8.69018
11.8849
8.83729
15.7907
0.17316
14.9088
14.5553
10.0079
0
11.9574
8.77424
8.46873
2.41954
2.62361
1.87003e-06
4.65455
4.2172
5.48432
3.15918
9.63891
0.547911
3.44329
0.997086
1.8696
1.5673
3.08397
3.15018
0.322658
0
2.28741
9.10779
0.000137607
0.136257
2.88244
2.35214
0.217215
0
1.02683e-05
0
1.92017
0
3.58201
2.68942
0.773659
1.44658
1.76185
7.80151
5.07237
10.9408
11.6092
3.96478
14.4524
12.3883
5.9551
15.8011
19.5398
15.9562
10.8085
21.1529
15.1866
0.000204375
13.4204
9.34529
11.0603
1.32793e-05
13.6731
0
4.49102
6.20841
0
9.15987
7.53255
16.8708
4.42703e-07
23.5671
0
0
10.3855
6.20485
3.04407
1.33807e-06
3.02196
0.486753
0.0431742
4.35693
0.0803611
0
0.523664
15.5519
0.884009
0.00130854
1.94138e-05
0
5.06969e-06
0.00165993
3.11245e-05
1.17503
12.4857
0.200568
0
0.0370972
0
7.56644
7.45216
0.814959
1.68013e-05
13.0839
5.77892
0
1.62783
1.18423e-07
1.50156
5.09744e-07
0.271862
35.1631
0.913152
0.621908
9.98643
3.18128
16.6756
0.000354861
4.93753
0
0
0
16.3886
0.226989
0.749105
0.0153819
7.54726
2.39284
4.93528
5.41659
8.10167
3.78952
5.36772
12.0108
0.309721
3.53441
2.03961
1.17588
0.254373
11.3167
8.22717e-05
0.19544
9.2814
1.84719
7.47252
1.64798
6.96273
1.80259
1.43351
1.65325
11.1382
3.19803
0.728969
1.43135
4.48827
8.37421
9.05097
10.3223
5.50232
0.11489
0.0619005
1.40705
0.731098
0.317213
0
5.79962
8.42435
9.79135
13.0011
0.225846
9.63648
14.2293
1.79227
16.1378
4.627
23.0917
4.64498
0.505106
1.65266
51.2067
33.1706
1.50409
16.4421
12.9152
2.71026
1.34407
0.0592166
0.0257932
2.74585
0.500417
7.96266e-05
3.45539e-06
4.10096
10.172
8.93583
0
11.1419
0
0
0.137774
0.115781
0.0162687
4.21346e-07
3.25551e-08
0
1.78386
2.55738e-07
2.46804
5.9407
0.437034
11.48
2.51488
3.13419
0.0445493
0
3.38656
5.09669
0
6.18825
3.88254
5.19912
0.00932318
8.57203
17.922
0.00419618
2.11261
8.65733
4.10796e-05
0.83017
0.000312262
0.000407342
0.523026
0
22.4313
0
27.0248
10.9837
20.5322
0
0
9.84279e-07
0
0
15.9995
6.87779
15.9817
0
9.69887
13.68
12.162
4.15579
2.9732
7.14772
2.8296
0
0.449887
1.11188
0.0518029
0.000507697
2.90547
0
0
0
0
0.000986762
0.122736
0.710557
0
0
0.637309
0.893562
0.927416
8.17921e-07
0
4.89377
0.204383
0.0028582
0
0
0.394825
1.74012
12.88
0.629377
1.81929
2.74298
0.000181111
0
0.843172
0
4.16585
3.37347
9.80529
6.71782
10.8049
0.625839
4.97723
0.468755
3.48951
9.53288
7.97218
0.1903
8.14288
4.26839
16.6865
8.84807
13.465
16.8145
14.9369
17.2722
18.7148
16.8624
16.9524
7.68171
16.3586
14.1371
14.4014
5.55992
10.4647
11.4366
15.8159
24.1637
8.91811
4.66929
8.11317
9.18245
6.87902
3.31593
0.190683
7.39257
0.9324
1.04121e-07
0
0
0.00776071
23.588
19.5458
0.890137
4.01457
2.01782
4.5088
7.41381e-05
0
3.29105
0.157174
14.7871
2.09523
0
0
2.61171
13.4971
1.48662
11.8614
6.70978
11.4112
7.08502
2.04661
5.55697
0
4.90424
11.9311
7.52777
11.5841
6.3203
3.30899
5.8892
4.39762
1.35746
5.70008
19.9316
9.15028
6.85694
1.15524
0.495065
2.27937
6.54944
5.16778
9.27135
7.22813
6.20734
13.3892
22.0494
24.7567
14.034
8.31955
11.8023
13.1661
9.41996
3.75002
6.95333
14.6023
3.47024
0
0
4.78679e-06
2.15838
3.88819
9.36921
5.0006
7.9781
11.1346
10.4555
8.46987
8.97706
18.9317
1.80779
14.9439
10.6573
4.72244
0.942679
2.31349
1.5671
21.7363
1.03746
9.26696
3.9689
1.60891
3.1848
3.81356
2.83811
5.25029
3.18797
6.29923
2.65723
10.041
6.43805
12.9304
8.07525
3.68468
22.9313
12.7457
8.20924
23.8986
5.31452
4.35454
0
0.000496917
1.50928
1.25824
4.34415
2.18795
3.97658
1.04753
6.76887
9.71391
9.0845
15.1294
13.737
7.703
9.63419
28.2501
0
0
0.00263986
22.2178
22.2824
30.2227
3.13061
23.5711
1.31412
2.47955
0.19091
0.079715
0.339319
5.44259
9.01066
0
7.55338
45.436
24.5603
10.4412
8.49874
0.0416955
15.6268
4.18477
17.6131
5.49493
1.41834
18.6948
12.2981
23.9195
26.0679
21.3498
17.8889
15.2489
15.4961
4.22461
16.101
13.0484
10.5779
5.41366
10.0989
14.4678
8.52517
17.4508
11.625
20.8127
15.4385
7.14969
13.2827
22.9818
20.2712
15.0841
0
15.9746
0
2.9148
12.6184
18.4226
14.2423
13.9352
2.39769
13.0794
17.1344
11.3994
14.4994
18.2584
10.3232
1.63392
14.1471
7.45748
7.44264
7.70581
1.63422
8.22116
5.90283
8.76343
6.32679
0.542859
6.09937
14.1966
17.7827
3.18323
11.8013
0.384885
0.23162
2.49273
16.173
9.47244
8.39257
0.408268
7.38719
7.16392
5.03802
15.2879
5.72945
6.65847
4.67207
14.0751
8.16251
3.51511
0.0370237
12.3739
4.09527
0.52598
2.70897
4.11959
2.93035
1.64448
1.83425
2.86139
0.117687
0
0.573896
1.85966
1.36489
3.89633
9.36041
3.23749
2.74787
1.57269
5.90724e-06
0.0558548
0.91336
1.33015
1.07017
2.72796
1.06021
1.77394
1.0005
1.3948
0.00147582
1.09755
4.87641
1.13285
0.179954
2.80806
0.776905
6.15835
0.683889
0.163231
0.333928
0
1.41901
0.0684091
4.26665
0.596915
4.72761
2.28924e-08
6.60049
0
14.9815
0.0047155
0.85233
11.4916
0.575637
9.73336
9.54007
11.1985
0
3.89181
0.000489048
0.0612261
2.13824
0.785024
17.1203
15.6363
0.467219
0.207089
16.4845
0.286731
0.878073
2.64882
0
1.33022
0
0.567104
0.924017
0.0211035
0.0357049
1.84696
0
1.56135
2.71493
0
2.18938
10.1929
6.65443
7.81436
0.165596
7.35144
22.8799
11.9186
4.19711
0
0.489871
0
2.22997
6.64962
0
1.80699
1.19864
1.16819
0.155644
0.411249
2.27389e-05
0.000472523
0.794196
0.985289
4.9954
0.323288
0.0264445
0.0014005
1.19426
0
2.90332
0
5.56607e-05
0
0.00901407
0
0
0
0.000858735
0.000110726
0
0.207001
0
7.80084
6.78065
9.12469
7.36418
10.7015
2.63174
3.11841
0.00904121
0.581025
0.00584075
0.601635
5.25694
0.225504
1.86177
0
1.62753
13.8819
35.2854
29.2842
16.1411
3.35597
0.000194014
10.1202
6.46465
2.15736
8.0303
6.50461
3.66741
9.5798
5.31363
0.444923
13.6857
8.34459
2.67223
23.864
22.8278
6.77367
0.933951
12.2262
0.000332679
19.6319
31.6339
0.749978
0.781903
0.0115243
2.16041
0
3.36653
0
0.217959
0
0.0472525
0
5.11317
0
2.90385
0.0504614
5.31197
1.24421
0.887927
9.19084
8.0461
3.09431
4.19822
0
8.9145
13.3109
10.3963
9.87289
19.8379
12.5138
14.2659
0.707781
7.38499
0.0746421
28.3024
11.4909
3.98503
2.00485
0.0877936
13.7158
12.0236
8.32395
6.51974
5.51526
8.44289
2.80321
2.35395
6.73321
5.87732
3.3679
2.81179
0.0496224
7.81822
10.3158
1.13476
0.742948
12.1185
0.00255989
9.83024
0.614045
0.184265
2.90001
0.00578136
4.84977
0.400492
17.0507
30.052
13.9123
4.2718
5.11552
9.03289
9.98139
1.58836
0
1.05975e-07
1.62724
6.90364
5.56365
5.01798
20.0496
9.36335
9.48472
10.1532
13.8262
15.1178
7.27283
9.09118
0
0.822175
0
7.49508
0.239035
3.36548
5.46234
0.797553
2.67705
0.714107
1.69692
0.288247
0.107154
1.97372
5.24917
0.104861
7.00938e-08
0.331018
10.0127
1.74094
1.31748
8.18257
7.81532
1.90353
2.00178
0.431975
4.19931
0.866756
12.2322
2.31541
1.56105
4.01404
0.0324155
1.26329
0
0.0480112
0.0450211
0.0164344
0.00106507
2.53423e-05
0.00580353
0.713422
0.992321
0.00443662
0.932755
5.0855
0.496861
0.0118773
1.4707
2.354
7.26654
2.08899
0.00127303
0.64018
6.40223
0.0430544
0
1.2683
0.0324954
6.50743
0.256608
2.93059
4.94166
3.85126
5.49938
19.9045
4.09453
16.4505
1.54059
9.087
3.5429
0.0564089
6.7837
2.72059
1.05707
0.0127543
8.29077
0
7.99618
7.19107
13.4089
5.76874
6.76012
14.6295
0.61868
23.9382
12.0933
13.4726
20.7567
0.774051
11.7904
0.0831023
20.0423
8.2956
22.2624
7.66542
4.73755
2.45827
3.76642
0.00226629
1.96762
1.48439
0.955775
1.60822
12.4895
0.0316108
8.8926
4.65512
11.7491
6.71495
12.6302
10.9591
22.2569
4.02112
9.46819
9.57174
14.2906
11.3005
10.6268
7.45895
5.72088
0.012211
1.38549
6.00888
8.86735
2.29023
9.18158
11.6476
5.07433
3.09121
5.98478
10.0501
5.49155
13.8423
9.01361
1.30953
14.9928
24.6454
5.9616
7.12651
7.14451
0
10.6589
14.6851
2.79386
9.03249
13.3812
0
13.5599
29.7134
10.668
0
7.03463e-07
19.0245
7.23591
13.918
8.50521
5.12382
12.7464
7.29722
1.19689
7.9966
27.9259
16.9791
4.71231
19.861
13.7244
15.6629
17.2543
19.0909
5.22711
22.0335
13.7535
26.5369
19.5029
0.905738
15.0222
9.01449
7.22292
6.02085
11.5366
19.0859
49.4543
26.3863
0
19.1064
22.8178
12.5445
1.08963
7.27626
9.11415
15.0055
28.7879
8.08171
7.78938
8.06215
0.530908
0
1.07447
3.35109
14.1988
0.763083
17.7995
10.5344
22.4861
8.75817
12.2794
2.04075
9.8187
1.22553e-08
8.01339
10.6559
8.93991
12.5397
18.1365
49.6098
32.0979
16.7547
17.7314
16.0415
18.252
16.835
1.40221
14.2296
8.28676
15.0654
0
9.38398
1.56162
12.0549
11.5451
8.73018
20.3235
16.7458
0.0171131
4.24933
3.44048
8.96981
14.0309
15.7033
0.00652329
5.23981
4.3023
4.18336
0.0650772
2.90744
0.386569
5.532
1.20413
14.5023
1.54036
10.5118
14.958
5.33724
15.9106
1.07754
16.8262
24.7034
0
0.260418
1.77054
6.42943
0.980235
10.6908
12.1246
8.956
6.87208
8.85067
15.7257
9.63287
2.83665
5.01342
8.57667
1.92225
6.26976
6.88455
10.6057
0.967798
14.8682
20.3994
0
11.5039
19.4935
2.58786
9.92774
2.9357
2.73978
0.170089
4.43095
1.6485
3.77296
21.3865
14.5563
9.48478
4.51928
6.299
9.37375
6.54903
7.85981
14.8945
33.5612
11.5684
1.18179e-07
10.5505
32.7079
12.4824
26.6523
12.7326
5.49759
10.8213
4.76178
16.726
11.8466
0.0635886
19.6457
1.25667
11.4873
7.35944
8.1482
0
4.04825
5.06233
24.4888
9.01192
4.70743
5.39671
5.49424
0.00948138
8.30379
18.1661
6.97004
1.8067
7.74487
1.24344
8.76256
3.54467
17.1
4.04034
0.576819
17.9397
11.9152
4.05129
12.5993
5.74766
19.6187
0
5.9303
0.699488
8.2576
6.44041
1.31349
5.08456
3.68826
0.46404
15.7712
0.998512
10.0165
1.05821
13.9294
2.74005
0.618673
8.33975
1.23012
0.67068
0
0
0
7.94229
7.24013
27.3098
16.4568
8.36785
9.02563
7.94613
0.361488
0.755044
1.02806
4.93116
7.01421
0.0651798
12.4953
20.1621
2.7668
6.45263
0.826012
9.23239
5.0996
0.00712798
6.23282
0.00128981
1.26814
14.3721
1.9098e-06
0.675623
6.69007e-08
0.0284821
4.33933e-05
8.98393
16.2703
13.0381
0
4.71019
10.7953
9.83394
10.9644
9.17077
7.07255
11.5948
12.4617
7.01523
18.3217
5.92287
0.939137
9.9371
5.39217
12.484
9.25507
0
7.45309
12.5509
13.714
2.23016
4.30923
16.2622
132.784
9.41896
12.3758
13.9487
97.1106
10.0672
7.49134
6.80648
13.0491
12.4106
11.0234
6.33965
10.3878
6.92972
9.40867
10.0913
5.75629
7.5315
24.4831
9.37368
5.70545
0.0254307
0.258936
7.66247
14.0435
4.12295
0
0
0
3.48198
1.00934e-06
0
0.0175053
1.20164
4.08265
1.17252e-05
0
8.09397
0.000141487
2.79511
9.27717
7.07948e-05
0.00576904
3.98498
2.51521
6.13966
0
2.44232
0.538238
0.0239448
1.80175
0.742808
2.87695
0
0.352765
42.7271
2.9399
0
0
0.127278
0.370674
0
0
0
7.88754
6.1981
14.817
2.24365
2.318
0.0804334
14.405
3.38806
9.04477
7.30459
3.88411
5.34995
14.7433
1.36966
2.59393
3.0594
5.05851
5.77407
2.02913
1.27722
11.2724
19.7707
25.4172
10.6109
13.276
0.643039
4.27953
0
0.713548
4.85309
13.475
5.33986
4.06428
0.97985
1.24611
11.43
0.000398479
11.2605
3.50027
11.2337
12.9098
9.2762
11.5904
8.74069
5.84594
6.94845
5.90135
23.534
25.7808
20.0175
16.8681
8.39978
0.538604
5.64922
4.06692
4.33916
0
0
1.26668
4.09732
3.61026
2.47348
1.30179
16.693
19.8305
7.13954
2.75114
6.64401
6.977
6.04391
2.30907
5.63455
0.0457092
1.01536e-07
3.18199
9.38967
31.9937
6.90067
26.9272
15.7714
7.61844
17.4609
0
0.28138
0.330401
10.2898
8.66246
0.752763
1.344
0.8669
8.54604
1.91058
3.16539
1.71247
2.30873
1.28669
1.30675
13.3721
20.8328
6.52423
0.630315
4.78747
7.2168
0
0.0461359
0.903322
0.0293396
0.967312
7.375e-07
13.2951
1.1534
3.25886
0.0028793
0.0219471
0.666144
4.74991
0.468544
6.43251
2.82624
0
14.9
1.31678
2.5892
0.005811
2.43624
1.20396
2.06646
0
0.506087
8.01749e-05
0.112127
0.000243492
0.00285938
1.66858
0.0108893
1.52299
7.16624
5.32729
0.278712
10.1671
4.71379
7.30212
1.59807
1.51757
18.437
1.36588
1.36724
3.94447
9.55173
5.68385
3.15777
6.43833
0.372931
0.514785
5.28691
4.37222
7.64521
3.81919
4.30138
0.658494
8.00939
4.70038
0.0780416
2.92593
6.64981
0
0
0.750948
0.110741
0
0
0
2.34349
0.721694
0.0449164
0.947473
4.21628
0.0247275
3.16098
0
0.332872
0
16.0993
5.36811
2.78609
9.59769
17.5958
19.1177
16.2489
2.07615
3.31894
9.97173
15.3575
3.39845
17.65
10.9243
1.68102
2.71899
17.1547
2.24517
17.7774
8.39641
5.9981
12.5266
4.0881
4.24001
9.43118
1.01325
2.33987
0
8.2252
0.525407
2.81671e-07
11.4457
15.343
0
17.908
7.13596
17.3533
10.9266
2.06878
12.865
17.9089
15.6625
15.9806
5.71282
13.2544
6.13301
6.08612
13.6504
5.61192
2.81363
0.509058
10.4323
1.12155
1.80867
2.16971
1.15285
0.174936
1.51144
2.17308
0.0852578
1.66117
1.09115
1.77196
0.215164
1.23091
4.82704
2.73037
2.36018
1.04958
0.0778393
0.80856
1.3491
1.03346
2.50772
0.975968
1.60568
0.954723
1.47489
0.0118708
1.75879
1.58368
0.170638
1.83499
12.5568
0.0842976
11.935
7.32359
3.065
5.56494
5.87908
0
0.0227589
1.08525
4.09516
0.0137787
1.11919
4.32646
9.43448
0.644101
4.31517
8.97539
17.7286
13.0515
5.42075
4.55066
30.5325
0.338348
11.0742
16.8976
0.151704
0.12688
12.7043
0.00608892
4.74656
15.9517
0
5.26467
0.560041
24.6858
0.0715112
0
0
0.00376143
11.7047
0
0
0
0
7.00683
16.6172
6.2547
8.22853
0.00678337
14.1812
13.1302
1.01268
21.7686
6.39148
13.2003
11.4895
5.97133e-05
0
14.8685
10.8711
0.761706
0.027668
0.0253295
0.369069
0.282227
8.27434
0.0242209
6.16215
17.7901
3.32302
0.95926
0.0506288
0.098993
4.77783
12.0745
2.0349e-07
2.51428e-06
0
0
0
0
15.5355
0
11.8439
13.229
0.0531107
0
1.16724
0.00956097
0
0
11.0526
18.0141
0.000149747
0.000889985
0.0134479
0.000376173
7.31002
0.0142969
0
0
9.3712
0
0
3.90799e-06
2.67063e-07
0.00164469
0.649176
0.000581754
0.132662
0.620639
0
9.52997
0
0
14.2987
0
0.0465173
0.930595
0
0
0
0.000337325
0.204175
0.0015207
6.16064e-08
0
0
0.0744144
16.3647
0.266973
1.54094
0.972431
0
0.00161445
0.68157
8.3784
0
2.0976
0
0
3.89679
7.04607
3.51241
1.16294
0.505046
0
1.67023
5.38949
7.01058
1.95429
1.35633
0.814575
2.53832
7.42027
1.58838
0
0.000147597
3.04814
1.54681e-05
0
0.708435
5.83924e-05
1.92937
0.549864
2.18313
3.56531
10.6358
0
5.70012
1.70803
1.42995
1.70404
0.00781527
4.39587
8.36443
0.390669
2.15407
7.17307
11.4495
0.519855
2.03747
1.22031
0.610877
33.004
2.88267
0.122821
4.58263
0
0.141557
6.26047
4.25615
0
4.40967
11.543
0
1.97918e-06
2.91396
0.63382
0.181918
0.0890295
0.0787187
1.3593
0.23037
0.945241
7.21472
2.85662
0.64769
11.2633
8.49637
0.0112967
0
0.191381
0.0826859
1.34898
17.539
6.00269
2.5206
0.268766
5.18531
16.0878
12.2755
24.6741
0
12.7171
15.7215
5.14953
20.4011
1.70759
0.226117
8.80593
1.22721
19.9221
3.98092
2.19514
14.2635
0.17349
0.0903285
2.17545
1.61399
6.88168
9.83697e-06
1.01501e-06
5.51614
16.7296
0
7.37549
17.8038
14.0596
6.76578
1.35504
9.22832
9.72432
0.393266
1.40653
14.129
5.69368
1.14376
3.25079
21.3823
7.6973
14.9633
4.76894
18.9874
4.43
12.3345
9.23823
0.467961
14.203
0.535106
9.10188
25.0944
17.1976
5.60437
0.451016
0.189863
2.34555
0.119028
0.00766312
1.60985
0.40017
0.89212
0.000498955
2.70214
4.00834
1.90602
1.46752
2.08045
3.04122
1.53128
0.183974
0
0.0917544
8.09711
0.661275
0.896219
0.0437714
6.19364
0
1.73974
10.7565
1.52251
16.0189
8.6073
16.3852
5.49024e-05
2.09609
0.0303639
0
32.3041
0.00671088
2.32801
15.2978
7.49841
0
22.6989
4.40159
0.662467
0.981184
22.7538
20.1625
6.57649
0.0571273
13.1823
0.275914
0.378589
17.1109
23.903
9.8605
3.10173
4.02888
8.38591
6.3201
3.69085
2.91248
3.53664
5.20616
4.96283
2.61293
2.69449
11.5219
0.0967762
5.76644
11.7872
1.74674
9.53703
9.48226
8.10613
2.92745
0.0139827
1.1282
0.0128754
2.08124
1.92152
0.198557
0.970652
0.82004
1.74809
0.153092
0.459373
0
9.08261
8.153
0.0214849
19.2093
4.45449
3.7091
5.15724
8.47392
15.9828
0.469481
13.7815
5.08119
2.48502
4.51917
10.9693
9.78176
6.87274
5.66495
1.03346
4.91619
8.90273
23.1429
15.4269
9.4986
4.52889
8.09554
8.89464
0
0
1.48308
0.000599702
0.00174796
1.2253
0.0984634
24.913
3.60187
9.49435e-07
11.8969
10.267
15.0026
8.23067
5.39831
7.57531
0.236448
0.00385434
0.031282
9.77355e-06
0
9.76656
0
0.000132858
0.0288931
29.157
30.6325
7.19742
2.24799
3.98833
3.14561
0.5312
1.11141e-05
1.50506
0.0441399
0.409098
1.93657
0.748633
6.15891
1.74587
0
4.58093
0.164112
3.4849
0.975138
5.77372
0.642733
3.45972
5.58749
2.72672
5.37962
0.87061
0.78293
0.110925
0.543257
2.2552
1.41096
0.92912
0.0598673
9.32493
4.79646
0.0222305
10.4226
0.162604
15.6711
0
0.00538856
24.1326
