5.54798
6.37235
4.41827
9.01551e-05
2.12431
8.8167
0.0079443
12.5781
1.54173
8.2919
14.7101
1.25011
0.000462712
1.71899
7.10604
1.32889e-05
1.47534
9.40759
10.1661
9.78402
5.74425
1.15668
0
0
2.97849
4.83635
4.12762
0.884222
13.7703
0.0904643
0.00113538
2.77001
0.884861
2.61093
2.44329
0
0.518244
17.3829
10.5037
19.9331
5.41906
19.4773
7.60199
12.6486
1.73183
6.70363
2.7817
0
0.519526
0
0.457808
0
14.5927
3.53076
1.70432
0.130504
17.759
1.83869
0.313435
2.84999
10.4209
0.0245229
9.82661
7.42399
11.7489
0.185644
4.72773
1.32858
5.01353
2.79734
18.8547
0.00193917
0.00123806
0.167207
2.33304
3.36727
7.82168
1.63142
6.43122e-07
0.604364
0.000203982
2.93006
1.0502
0
36.0794
6.57733
9.71108
11.0793
13.1647
11.6053
26.7563
11.6376
4.11226
15.5499
3.17177
12.0571
14.8099
23.9343
5.87903
0.407578
4.72165
16.1547
11.3204
12.2834
12.758
4.94668
10.5447
3.34447
2.74211
10.2105
6.30303
14.2445
9.10176
8.49096
5.95336
6.59801
3.23196
2.47678
2.0823
6.62451
7.02568
4.99023
3.81004
1.89578
0
3.23112
3.70248
0.181138
0
0.0433646
5.15582
2.19539
0.000123276
5.50545
0.272609
5.93959
10.6875
0.113599
0.476391
2.75824
0.00717632
0.828834
0.00184325
1.02021
0.284752
0.324063
0
0
15.9593
48.5794
1.93662
0.207251
7.02176e-07
1.54035
10.7175
3.78975
13.3021
7.21828
8.26655
1.87242
9.39322
16.5804
8.75643
11.4749
0.00954053
2.49666
9.62441
4.32974
6.4126
1.92229
9.40947
1.89452
11.7646
1.27152
2.77193
0.00498876
1.11901e-07
2.27347
0
5.2373e-07
0.0651488
6.29329
0.761005
0
14.1164
4.63267
12.9545
3.96597
13.946
33.8534
17.1139
27.1446
18.3935
30.3312
2.2291
0
8.72665
3.79538
15.4614
12.3282
26.7018
62.3836
21.8689
33.8795
17.1151
5.2039
10.0307
1.41875
39.4151
7.14277
25.3305
26.9313
2.11669
22.202
24.7301
40.9155
12.083
31.7957
21.9021
6.51101
2.8847
3.42657
13.6387
1.46272
14.4814
15.034
14.0975
26.478
35.4952
9.8463
1.42128
6.48532
11.8174
0.479463
7.17722
2.32124
2.57805
2.84882
4.51563
3.68812
6.55269
1.14973
2.42307
0.879036
0.95247
1.8104
0.110737
0
2.1689
0
0.167726
2.56021
0
0.111744
0.614509
0.00119075
0
0.546845
0.170991
0.645274
0.95237
5.9117e-05
0
0
2.41684e-06
0
0.00171894
0.000529912
7.9636e-08
0
3.03898
0.867117
13.1484
0.781357
0.318356
0.871303
1.22588
2.76309e-06
2.76007
0.0818633
15.7228
0.253728
0.855634
0.00226586
0
0.838524
3.84327
0
0
6.07328
0.0126339
0.428138
8.8517
0.00403792
0.0997846
0.00862901
0.0923139
25.2928
4.32826
7.34771
13.5474
0.729195
9.86562
11.1328
5.13586
18.6208
10.5242
7.9312
0.250136
1.12763
1.40711
0.629853
2.66721
5.6894
6.7146
12.5178
16.4872
5.55349
8.08817
3.41521
0
4.5571
1.65566
0.640148
6.55768
8.3389
1.6445
0.551508
1.16806
0.476432
0.00139864
0.657342
0
0.337086
1.36698
6.42379
5.17093
3.11316
5.36758
0.249914
35.7381
6.21003
6.11667
0.0506147
0.00015254
0.808032
2.12911
3.11181
2.44284
1.77588
1.11956
1.07817e-06
14.7967
3.55918
1.16594e-05
0.653385
1.79562
10.9481
0.00792264
0.472536
5.78323
3.98191
0.0636277
1.84107
0
0
0.758362
0.0101794
1.50933
0.208782
1.50946
0.40286
6.0311
2.80681
1.48893
1.84238
0.0176831
7.46141
15.3732
15.414
14.2699
5.82875
1.81041
11.4158
11.189
4.54811
2.23343
10.8594
3.85379
7.91009
3.32304
4.70332
1.16846
5.98346
0.396022
11.6752
10.7312
16.3241
10.161
23.6599
8.68498
21.1294
13.0721
15.4197
24.6546
12.1935
9.76582
8.89647
5.39277
4.34306
8.52181
4.25936
11.3889
11.9187
1.55994
3.91753
54.0358
19.5993
14.456
3.83764
3.95667
30.358
14.2301
15.1056
10.3984
30.3731
14.8021
9.26735
18.0093
18.7411
22.5733
17.7215
14.3183
16.0221
18.8827
9.14549
30.6218
0.622765
12.9085
15.4133
10.9969
8.57433
21.7136
15.326
15.0391
0.78478
4.325
0
1.92033
2.21307
7.89847
2.76999
20.3309
3.9723
13.3723
6.56342
31.6025
13.2173
11.0517
5.73203
2.71091
0.37184
0.906204
0.00619944
6.42283
2.2895
10.8956
3.29661
4.76354e-07
2.0551
2.07684
1.18715
0.128165
1.06604
2.63605
0.0199493
4.07283
3.82249
2.38014
3.36694
8.5846
4.80102
1.43317
11.7646
21.8403
7.65833
11.1989
10.73
4.11443
11.7409
10.7658
19.1325
24.0976
3.47731
1.1684
10.5054
0.00483545
0
0.00233284
0.00356435
13.8329
23.0615
11.8822
9.6366
34.2372
13.4868
9.11885
7.89408
0.00121231
4.34434
10.2867
6.9134
0.175595
4.82283
6.47617
9.05511
15.6756
7.49265
17.2491
4.81135
4.01484
12.3093
4.43445
0
0
15.9401
0
2.22748
0
1.02036
1.67914
3.43014
0.000263061
4.64101
1.40722
5.54031
0.449472
0.285773
0.923001
16.5814
2.86416
1.32358
10.6867
5.57833
1.62405
6.62177
10.0175
7.74454
11.246
14.2354
26.9704
15.6106
0
19.9072
0.00620024
25.1
29.8946
15.5732
20.0227
11.5079
2.34786
1.63085
0.00626679
9.29783
0
0.000353414
7.71813
0.000929725
12.0857
8.03713
7.84082
18.2345
7.96835
2.90003
1.8096
0.782862
3.99531
27.9705
43.1815
5.97468
0.0434389
3.43967
0.866538
14.3276
3.43353
1.87646
5.87721
4.81259
11.2899
1.55224
0.511647
0.469681
3.56306
0
11.5477
6.07701
19.3944
3.31356
7.26637e-05
14.1387
9.00178
12.1604
10.3232
0.38501
6.42168
9.88324
0.1567
0.000205118
0.164213
2.71267
0.319684
0.0178049
10.6634
7.30897
12.9866
0.000113705
0.876155
2.58753
11.3788
1.14915
9.68234
6.07054
2.0665
3.00962
1.46842
0.0292007
0.881959
3.74043
2.78621
0.00214816
0
0.876304
0.000233179
2.82496
13.514
1.48361
13.94
9.94785
1.79294
2.94743
9.80812
0.645676
14.849
11.7994
0
0
0
0.340647
9.65068
25.7604
1.47283
12.7146
0.919735
9.92246
39.5179
24.2395
12.2081
9.2627e-05
0.381458
0.373796
0
0
0
1.26162
0
11.3573
16.9211
13.0786
4.98665
13.3273
1.66223
10.0526
9.01787
12.767
8.178
1.27925e-05
4.60245
1.51218
16.6248
23.6517
2.03103
3.4549e-05
13.1096
6.82241
1.65324
9.02014
0.102553
0.67992
9.22242
17.5429
6.38538
9.13001
11.6737
7.12657
13.6537
0.879726
2.11783
0.0646091
0.491242
0.71383
0
0.000920113
0
0
0.145439
20.031
3.97151
3.48868
0.725285
0
4.30296
1.83506
0.489736
4.70451
4.59797
6.84709
3.05242
6.09536
4.01292
16.7259
12.6361
6.93562
5.69704
34.9445
21.1378
0
5.88616
27.1708
6.36638
0.00112569
5.83406
0.963261
21.5352
57.1064
10.9434
21.4917
5.25656
9.60351
11.354
1.07628
0
28.7322
31.4842
0.0730976
0.00521004
1.11848
0.94114
35.7255
1.14226
1.51563
3.56311e-07
0
0.944348
0.667847
6.56168
15.963
10.5242
7.12948
0
0
0.0109836
6.39907
6.8204
1.10806e-05
2.67307
24.9886
0.0251142
20.0204
1.19038
9.15745
23.0752
9.20341
26.246
0.0107482
4.65732
2.97244
1.56152
0
0.0887872
0
0
0.532701
0
0
0
2.62564
13.2386
3.96177
23.3667
11.4275
2.32458
9.25489
0.8502
2.2504
0.664155
0.00548929
9.15337
0.694436
8.16112
2.8125
10.7581
8.66098
12.1178
0.485753
0
6.21958
0
20.7337
0
0.500476
0.321194
9.51436
19.6711
6.48637
10.4871
8.30744
19.5183
0.977451
0.000690479
2.12462
5.81814
1.06253
1.31048e-06
1.54609
1.08421
0.321315
3.09837
6.05734
3.09468
2.70484
7.86616
25.8918
5.80275
2.79576
14.49
5.85586
16.76
1.3213
0.802919
8.99339
21.7404
20.0303
4.8335
2.04965
0
0.129947
5.01502
7.57796
15.776
18.8439
0.509321
7.85815
19.8684
3.87712
6.36488e-07
13.4819
0.0677551
1.90376
14.0661
0.731255
0.359453
8.46619
0.00927124
0
0
6.36157
1.02592e-06
0.303378
0.392673
5.17766
3.41362
9.74709e-05
0
12.6894
0
25.5868
0
5.83388
0
0.095023
2.83229
0.967139
10.5696
0.00190887
0.544131
11.6094
6.03719
9.06396
11.0472
0.502126
19.6034
14.6266
7.3487
6.20178
0.020927
11.2469
0.0436052
11.3204
22.774
6.74828
11.996
6.08796
14.4806
10.9126
12.3925
16.7395
0
10.5358
2.6685
3.04092
6.48403
4.87714
2.83806
1.37427
3.94846
5.4435
1.99753
9.52204
2.6061e-08
0.034092
0.809867
0.123234
1.00359
8.79885
6.40578
13.1577
9.62426
1.59444
2.80898
0.315886
7.79684
15.9248
0.838445
17.2152
9.80651
8.55758
0.0215603
0.896815
0.720352
13.1532
0.557891
11.5052
12.1333
0
2.50438e-07
14.8152
1.78685e-06
0.000278501
17.4826
14.6741
7.16386
0.873015
4.06331
16.5104
2.34825
2.1756
5.03535
11.8384
0
0.446129
6.95238
1.97927
2.61759
0.0882441
4.34872
2.95966
12.2906
18.2857
0.00538293
0.857167
0.000195185
0.327414
30.0248
13.9159
9.74088
5.74124
7.30041
18.8014
17.1471
0
0.0193986
4.79406
0.128187
4.24158
0.75017
6.37843
1.96731e-06
0.00434791
22.29
0
25.2514
3.99764
1.10997
0
0.178388
0.0496587
0.0178821
8.73506
21.3055
1.02482
15.9878
12.6382
0.0192985
0.0419862
0.180289
0.923159
6.31543
2.37255
4.81656
2.23091e-05
0
0.0535593
1.44854
0
0
4.06316
0.79441
2.20336
9.59564
3.32661
0.265271
0
20.3714
20.8545
3.91695
1.38236
3.21295
0.351444
2.07372
4.22564
0.0703037
0.180765
15.0968
1.53074
0.543325
0.1154
14.4729
6.07382
2.03756
7.08878
0
2.78043
0
0
0.962152
23.9178
0.00274974
37.6067
2.16982
6.08484
0
14.159
17.5341
8.50697
18.5137
5.07106
4.45863
24.6204
7.49056
0.0453291
0
0.0132393
11.7954
18.7011
12.0582
13.9301
0.388298
0.464379
0.38105
16.6694
13.2131
17.0991
19.0077
7.37939
13.8472
11.6334
8.59112
9.2723
16.4228
1.67394
8.72973
14.9308
10.3191
2.15821
0
14.0204
22.6044
0.892136
9.32139
3.26545
0
13.8406
11.6837
8.01585
1.44086
9.18263
8.38118
6.63839
15.1395
20.0882
7.58355
19.4883
18.356
11.5265
0
0
0.00927046
12.1178
19.8417
18.8345
11.9301
12.2951
13.1729
10.7149
20.7861
24.8277
35.764
39.521
41.5659
9.04357
12.641
1.70902
0.0193091
0.63989
0.426337
1.57842
3.97119
2.78403
0.0466851
14.061
0.0908172
1.19635
5.78982
14.0813
6.83903
11.9212
7.05852
13.4839
3.64288
4.0039
3.2972
3.99725
12.7635
7.63609
0.00439384
12.0466
6.44585
13.7958
22.5165
19.7008
20.3476
0.0603382
0.0051949
0.044842
19.9972
10.1231
1.56315
1.56825
4.03186
1.31045
0
0.846284
0
0.366464
26.2243
0.00954918
16.9668
0
29.5097
13.3026
0.939413
0
9.03003e-08
7.8625
14.2898
15.6325
18.783
0.852421
2.51913e-05
18.5991
32.0286
1.61477
0.923791
12.146
15.9993
16.6569
0.0434454
19.2433
10.0054
5.68145
13.2925
0.0233401
0.00255185
12.4481
0
0
0.900491
0
0
20.7986
0
1.85678
15.7293
19.7165
8.53209
13.6149
4.22724
16.077
0
10.998
4.31799e-07
12.6808
13.9818
6.32342e-06
7.54163
14.124
9.56644
0
1.17423
0.15914
19.2318
22.5699
5.56874
16.3342
0
9.81198
9.81966
14.7784
0
10.6012
1.72558
13.9981
13.1678
0.954296
0.198475
0.00108861
17.5655
1.56897
10.2085
0.110958
1.3948
0.139085
0.924196
6.98203
0.0117201
0.507848
0.192088
10.906
0
10.163
13.1549
1.96208
7.07597
1.60635
8.82366
10.6055
14.4395
0.519278
0
1.77511
0.352993
0.0154804
0
4.59673e-05
0.406886
16.2692
3.80529
0.840466
3.38643
6.34852
2.52612
7.01261
10.1423
0.717131
6.49813
11.4963
15.9624
15.4425
16.3842
19.2079
17.9282
0.000788109
13.7846
16.2159
13.7407
16.8677
20.6859
4.77258
26.9688
16.4816
0.0780051
13.7675
0.00456548
0.16408
21.8438
0
0.851387
0
0.00165757
0.64869
0
0.016649
0.307799
7.761
2.22536
5.66697e-06
0.0279988
0.986764
0.840339
0.109479
0.000975333
0.0515231
0.00526495
1.91832e-06
11.7694
2.00651
28.2581
11.098
0.178143
0.0732703
17.2278
5.6546
1.08
2.3453e-07
15.2225
4.74387
11.8252
13.1286
0.008205
0.0852301
0
0
10.2336
11.9708
0.133959
0.642136
1.2493
0
4.20526
1.22942
20.416
12.082
0
6.26886
1.40856
2.84899
0.0340223
0
11.9204
0
0
3.14061
11.7931
54.1515
3.25666
0
26.9785
2.02776
12.6304
29.0474
4.83269
13.2104
0.913736
2.18863
0
4.61407
5.55232
4.44449
17.3119
0
3.02995
1.50344
4.11183e-05
0.0734441
0.131906
0.00650225
0
1.16921
0.158302
17.4642
7.26187
0.146419
19.1423
0
5.334
1.85771
0.903285
1.24658
1.84588e-06
0.0806157
0.872882
12.0314
11.3344
15.3605
16.0451
19.0685
11.6756
0.0258331
11.9619
42.4003
5.87255e-07
6.69435
0
2.17077
0.0209123
1.26927
6.85661
2.05266e-05
1.19282
0.0829535
1.83269
5.49539
4.00807
5.58297
5.46918
5.0946
0.0140951
0.540303
0
0.22727
1.80157
9.4676
0.0056974
0
5.50426
6.53687
9.76585
4.01554
0.426682
3.21547
8.75502
4.49243
0
25.1422
0.00136078
13.793
1.28823
2.21015
38.4582
43.7957
1.37063
0
20.2397
31.1935
2.90002
9.90226
9.02501
12.9411
7.29538
5.44928
0.718847
3.28372
2.9229
17.1905
3.47825
6.85199
5.81332
2.99802
3.33408
2.69322
10.5478
4.60336
0.601898
9.86647e-05
0.349481
0.0891957
1.37149
0.469655
3.43626
0.345262
16.924
1.23394e-05
0.437459
0.707228
0.542433
0.382294
13.763
0.287009
2.10829
14.6499
16.3892
7.39205
15.1524
7.8147
1.61021
0.610175
16.0007
25.354
13.4627
16.3674
0
0
14.1998
9.84929
2.01986
0.783855
7.4916
0.0031672
0.00142452
1.12674
0.127013
0
0.28743
0.00102891
8.36173
0.588694
5.16164
2.2981
35.1258
0.847132
1.13646
4.07388
7.05618
2.96307
4.46001
15.4742
2.53251
14.8355
18.1247
3.98239
0.127546
34.6535
0.738261
1.94347
4.24386
0.232803
0.0650077
0.00155162
5.08679e-06
1.32201
8.1584
0.108611
0.523333
1.20549
0.0520323
1.3419
10.5282
0.107264
0.256498
0.0288389
0.541856
2.05299
1.5344
0
14.1313
0
19.493
4.70937e-06
0.0579327
6.28652
0.760696
0
5.52826
1.9486
2.07404e-08
8.72659e-07
13.8036
6.67985
0.506559
17.2022
4.10945
6.73489
0
0.976305
2.02791
0.364829
0.776264
1.56113
0.906403
0.843079
0.715192
31.9764
9.63652
0.164368
3.69451
0.577356
6.96408e-07
0
0.950591
11.1815
0
0.764388
0.695896
1.52366
1.05526
1.25677
0.520581
0.081002
0.0158657
0.855276
0.015
1.07652e-07
0.0583527
0.706288
0.00149488
0
0.0475516
1.76993
0
0
0
0
0.120483
27.9422
0.732418
3.58752
7.6197
0.71234
0
33.4516
0.86145
7.38825
0
2.33074
2.04501
0
1.43307
0.398016
0
0
0.510996
0.260679
0.466824
1.3305
2.07447
0
0.924757
7.01201
1.24061
0.0124765
17.634
0.172656
0
1.52206
0.310753
3.45399
0.047597
0.976127
1.62714
0.892447
0
1.22911
6.01391
0.816339
0.71629
7.19628
3.40309
0
0
2.45721
0
0.809506
0
4.42975
0.647788
15.7277
0
0.730269
0
0.599122
1.00005
1.34924
0
0
0.00139724
11.5133
0
10.7653
2.29722
15.8596
17.3733
0
15.9854
9.16725
11.1458
1.08354
0
4.37092
0.143195
13.6489
0.815451
2.53016
0.000322532
0
0.0628514
8.39849
7.47979
0
0.0582434
13.7455
2.49393
0.890494
4.39539
8.2962
14.9103
10.872
32.8453
0.0882875
2.1565
10.3417
0
10.8406
13.4692
33.0871
28.0602
5.10053
9.14634
18.1414
18.0023
20.9889
29.2312
23.2125
4.82061
2.64228
3.5114
5.04465
6.70264
0.251778
0.615489
0
0
5.52904
6.46214
6.62514
0
3.01102
0.0582864
0.471287
1.69355
4.52152
0.94461
6.95988
2.18693
5.45223
3.15378
7.24445
3.43731
7.06109
0.90856
0.911914
0.547516
5.04933
3.12387
1.88832
0.136992
0.0226588
9.50807
0.0525198
1.47647
0
0
0.801612
0.0985245
0.264387
0.0159953
0.802955
0.0111571
0.276703
0.935727
0.760018
9.02045e-05
0
0
3.22629e-07
0.27769
0.00692942
0.522471
0
0
0.541561
0.897435
0.762591
0.908405
0
2.84887
0
0
0
0
0.00340431
14.2648
0.845725
1.20793
0
0
0
13.6887
0.00750471
0
0
1.685e-07
0
9.3507
0
0.294514
1.67225
0.93293
0.0735033
7.51511
0.962496
13.9922
0.840676
0.160962
0.000937166
9.73095
20.1335
1.12613
18.5331
12.5207
9.62947
15.9723
10.4469
16.1883
18.6412
31.6451
19.8468
21.0546
19.6249
0.87896
0.0663979
11.5596
13.5724
16.1547
19.2122
11.5669
14.9959
5.91081
14.8337
21.2594
33.9161
6.16054
6.42854
14.269
7.79878
10.7611
9.23989
0.0200676
14.3907
0.0322448
12.1377
14.3935
23.9477
19.5934
9.03338
22.1847
19.931
15.3964
1.30871
16.3413
17.5066
10.4173
9.56326
21.47
20.6243
23.4634
16.7288
11.5346
23.1586
6.4759
17.7591
0.073069
15.0437
7.28983
9.19992
0
9.82473
11.2002
1.29138
2.7935
2.0527
0
4.57009
5.45387
5.57027
1.30738
11.1777
3.56102
2.14836
0.387682
0.114196
0.00757402
0.78635
13.9531
2.29491
0
2.04035
10.259
0
1.0937
1.1417
1.26538
1.49158
0
2.33421e-05
0.148142
3.81821
0.0196147
2.3184
3.66301
1.26486
0.892969
3.00591
7.7418
6.94781
13.3547
26.3269
7.22226
16.0957
14.9784
5.62492
30.8326
9.0273
40.1773
22.8678
28.0731
20.2807
0
17.5023
18.8501
17.5711
0
17.1517
0
3.96846
0.574435
2.69082
4.91859
11.9587
12.4524
2.15383
24.778
0
0
14.7008
11.1381
2.74965
0.000367677
1.96114
0.0354012
1.03106
1.13721
3.13805
0
0.0909005
11.9692
2.76673
1.24038
0.0117935
0.000166676
0
0.0477772
0
0
19.2765
0
0
0.447376
0
22.0059
4.68157
0.350933
0.0708666
12.5781
10.2173
0.472449
3.50479
1.35321e-07
3.59823
2.37794e-07
0.137442
8.42727
0.100379
1.879
9.84293
1.49141
8.30558
0.118023
2.61603
0.000331196
0.513182
0
11.9378
0.654675
0.120546
1.7349
5.79123
1.58418
7.49373
6.36457
9.34719
4.31371
7.36623
11.8071
0.576878
1.35495
5.19651
1.27043
0.167654
21.6858
0.871339
0.306607
14.431
2.63198
6.66447
0.00757104
14.032
0.793522
2.57092
5.88266
28.3501
6.04325
3.07975
3.35712
4.72704
10.7238
7.12558
6.54939
6.71539
15.9576
0.0695173
0
0.0313448
0.20265
1.00147
7.62467
15.7567
19.1945
12.6764
0.357301
21.7086
25.2055
0.838393
12.3487
7.68727
50.7415
3.44333
4.22964
3.3456
25.9856
32.641
4.4924
16.8377
7.83416
0
0
0.000176302
0.0857651
0.302037
0.363327
0.493781
3.9272e-05
6.45104
20.179
14.1467
0.343705
8.65592
0
0
0.279342
0.0255314
0
0
0.652979
1.01261
6.42635
0
1.7068
11.8217
1.27234
15.2527
4.67317
4.45345
0
5.15974e-06
10.2858
5.0378
0
6.96132
4.91806
2.18841
6.26887e-07
9.05757
9.80678
1.27327
4.53319
8.2427
0.809224
0.00017843
1.50089
0.287654
1.21029e-05
0
20.8513
0.0200781
45.3023
20.0563
14.3778
0
0
0.00427774
1.16455
0.00761273
13.8167
10.3177
16.7105
0.50895
9.36293
11.3575
10.9199
4.23602
5.49416
0.924164
6.61155
1.01559
0.864965
0.664776
0.0556531
7.94083e-05
1.19148
0.0517723
0.0583366
2.69692e-06
0.00375103
0.115689
0.489759
5.8691e-05
0
0
0.793834
4.593
0.265547
1.22717e-07
0
6.97065
0
0
0
0
1.51361e-06
2.49941
20.1008
0
6.44551
0.112203
0
0
0.393382
0
8.72051
2.5972
5.31561
3.98789
9.39723
1.90347
6.75364
0.754484
4.85723
12.1571
4.66074
1.20342
20.7152
20.6265
24.6374
10.416
7.94526
20.8671
25.02
9.43063
21.4903
10.4979
16.9203
16.2966
11.0332
22.355
8.54973
2.42188
14.2083
15.3886
10.1247
11.3551
10.8986
21.8067
13.275
11.1212
3.66219
1.49644
3.04158
2.48909
0.00144802
0.000510605
0
0
0
46.317
21.7125
0.0864555
2.96228
0.584085
4.30607
0.941517
0.00358031
10.0481
5.99762e-05
16.5884
3.39604
3.23477
1.68557
11.2958
15.8987
2.51402
15.0072
6.46795
10.9743
9.70118
1.55421
10.8012
0
7.1934
17.0125
11.3438
17.9906
8.02311
2.01884
4.45028
9.6479
8.85702
11.9873
18.8547
18.1154
9.42881
2.38829
4.86348
4.49257
16.3247
9.88898
20.1716
14.371
11.806
11.6826
17.5037
21.9069
25.933
27.5463
24.8428
15.0059
22.3061
19.0222
10.6637
12.2826
10.524
0
0
0.680457
2.96451
2.62309
3.86096
4.96143
7.71967
8.10375
9.27456
10.6488
10.6448
12.6778
3.42472
13.904
17.5228
6.93263
2.78418
3.73034
5.35532
5.99791
4.77428
19.7669
2.83191
1.50007
6.61597
5.61582
4.65095
2.85189
5.52803
12.4183
3.766
15.1087
3.2531
5.01612
4.49415
3.88637
12.6636
20.835
29.0876
24.0403
5.94036
3.55202
0
1.5067
0
4.42919
6.33346
5.14258
8.28172
0.0262491
12.2197
22.6462
7.25651
9.83239
7.61879
20.3991
28.4979
23.599
0
0
2.90075e-07
54.1213
37.6392
27.2391
1.1892
31.2771
0.975309
7.96647
0.867457
3.75
0
3.72808
17.704
2.66391
12.439
69.8941
45.6129
22.3651
6.29639
1.6305
42.1685
9.03688
42.6126
12.1371
2.81518
36.5127
33.9879
48.6553
55.8761
10.0656
21.183
12.3699
13.8666
6.53992
10.0544
9.04585
8.0008
16.0024
8.84785
16.995
8.50116
22.909
10.1001
18.8598
24.8461
36.6959
22.5598
28.6191
14.4764
14.9577
0
15.3194
0
1.24216
15.2671
16.875
14.4906
13.3696
4.90154
16.6409
19.1463
14.9632
11.2624
16.3338
13.8131
5.6351
17.4699
16.9016
8.95715
11.129
9.24524
6.07484
10.5554
12.9126
7.12995
1.78487
10.4502
2.74247
15.3319
2.12835
11.0302
0.483345
0
0
15.4647
13.7804
18.9611
9.9038e-05
8.27266
19.8851
4.28984
11.4669
5.18313
4.71932
17.3535
17.6444
5.35568
3.62334
2.5251
14.0902
2.00101
3.85285e-07
0.389412
2.98034
4.87884
1.73123
0.0246828
0.148643
0.887633
0
3.39024
0.167166
0.286223
0.0050445
21.6161
0.757482
1.11275
1.14365
0.0776099
0.0414614
0.99449
0.823588
2.47576
2.03997
1.09522
0.0770616
0
0
0
6.28376e-05
8.30249
1.35837
3.40933
0.637706
0.270748
9.01087
1.53412
0.207579
0.0885899
3.01408e-05
1.21494
0
13.0326
0.292187
5.17343
0.121568
13.633
0.945806
21.1259
0.72798
1.44844
14.8437
0.302228
17.5168
10.842
22.6454
0
7.96604
0
0.0183985
0.910277
0
14.0448
20.3516
0.129271
0
23.7538
0.0925247
0
2.73268
0.702045
1.40438
0
0.548931
0.000809146
0.748967
0.820065
4.19261
8.62543e-06
5.27719
4.23513
1.66435
4.39807
15.9201
2.2924
8.0426
0.134279
12.8721
17.9838
14.1549
4.11691
0
0.49483
0.096241
3.7602
4.68026
0
1.2863
0.172206
3.887
0.543541
0.106793
1.42587
6.81015e-06
0
2.06824e-06
3.01608
0.171871
0.178135
0
3.04646
0
0.269034
0
0.874448
0
1.08964e-05
4.73283
0
0
0
0
0.00187413
0
3.94359
8.36362
4.88386
13.3841
6.41821
16.3807
11.3238
6.88935
0
0
0
1.72738
10.665
2.29416
6.682
0.110738
0.234733
13.4939
49.4286
34.7062
18.4078
6.64751
6.52049
14.2057
10.2488
0.94772
4.40493
12.7331
4.99644
14.4747
15.0147
4.49432
19.1698
10.536
7.87739
18.7062
0.191126
22.869
2.67805
30.0924
0.0594781
49.8348
46.7921
0.937798
0.0260051
0.567935
0.926625
0
2.32479
0
2.82365
0.158353
2.48908e-07
0.780731
10.1699
1.58794e-07
2.74622
1.04661
7.19013
3.58549
3.57849
19.8143
12.1689
5.77261
5.05171
0
16.1468
19.7163
7.06802
3.93276
11.716
12.236
16.261
0.000203468
5.15798
0.539475
19.5464
6.82035
6.03187
3.64135
0.375567
8.32586
6.31196
11.9899
8.50824
11.7548
16.6896
2.85104
6.30259
12.3287
19.4688
3.7737
12.2026
0.0328548
1.87059
22.5286
4.8544
2.81706
16.6365
0.155794
10.8013
2.39789
0.0546525
2.38001
0.53948
16.2562
8.61998e-07
12.9467
31.5182
11.0831
15.9853
5.1927
7.14791
6.02545
3.32817
0.000665315
0.795483
3.99654
4.16027
12.36
18.0719
15.2644
18.4758
8.43793
9.90268
15.0347
36.5428
9.48723
11.449
0
0
0.000292496
6.57392
0.201068
6.56881
3.62673
1.70625
0.643187
0.709487
0.03966
0.0617414
0.357099
6.11923
2.94467
0.10918
0.045392
0.0435133
17.2633
5.28617
2.45693
2.9763
17.1012
1.81458
7.26714
0.00110834
13.8602
0.0872192
14.4023
0.862454
0.0175096
5.55986
0
0.383946
0.00490869
0.847386
0.224436
0.713159
0
0.180721
0.001035
0
0.0240651
0.797607
0
3.99414
0.000702128
0.0623581
1.80599
4.46603
2.613
2.05047
0.710137
0.978344
6.61145
0
0
0
1.00147
11.4475
0.87943
8.84187
15.3188
10.381
6.27279
27.1082
15.0056
17.8503
1.6588
12.3872
8.14182
0.140944
6.15315
12.1358
0.774841
0.00810428
17.1456
0
17.7891
20.1854
10.2853
4.74386
18.0393
13.5545
0.661766
31.1254
12.1134
22.6773
15.9175
1.60355
18.9803
0.0504311
22.7179
11.7601
3.3433
8.01044
5.07469
3.91158
0.692711
0.00101661
6.78961
0.121403
5.46889
4.29653
2.77233
0.0741099
10.0333
7.68586
9.39724
13.1565
15.5697
30.278
22.3646
11.6998
29.9989
10.4888
19.492
22.9481
22.2286
10.6152
8.38198
0.0180575
5.02996
3.80203
19.8682
7.84236
7.71119
16.3925
6.45198
5.43297
8.49859
10.373
6.13689
13.765
26.2028
8.62143
23.3666
17.4007
1.99282
22.1552
18.4949
0
13.9529
9.2919
6.56026
9.33548
18.6967
1.32677e-05
23.2771
33.411
4.5357
0.277085
0
36.2565
16.6005
32.2388
21.4962
5.79557
20.6206
22.3718
1.22193
14.7048
16.3991
21.6235
1.58221
20.5125
18.0694
13.0841
17.0535
33.2249
3.3169
20.4331
24.9439
25.9438
24.492
2.37442
31.0019
18.5692
16.4088
6.33987
17.2717
19.2123
22.5729
16.2193
0
28.8652
34.7999
21.2085
0
6.7272
4.41674
25.7277
5.6373
15.2645
10.9512
24.9771
2.93843
0
6.80659
0.0761867
10.9401
1.10705
20.9666
12.8291
53.1221
18.4985
10.3528
0.328691
13.8053
0
10.6983
13.0973
21.33
10.8674
17.6971
18.1983
28.3456
20.4674
21.5062
11.2626
17.5058
10.9992
0.00239735
9.74288
10.9353
23.8999
0
13.3501
10.0025
12.5025
12.398
2.2936
19.3204
20.2727
1.41629
5.81769
6.71831
5.79939
12.9451
13.4377
2.37275
7.08404
10.9133
4.42438
0.0538414
4.92827
0.301118
2.75932
2.81229
14.2053
2.19899
14.3597
5.44216
10.793
27.5846
3.61241
5.60754
52.9463
0
1.12411
3.49761
9.50751
0
10.999
7.46663
8.89097
4.88437
11.0491
18.711
15.844
6.45835
4.12931
12.2303
10.8664
8.69423
4.65424
29.1908
5.34157
20.5992
19.9692
0
15.3511
12.9459
7.69178
9.33754
1.19904
5.50862
10.7057
8.18543
3.37874
9.52943
44.2376
10.555
13.9378
11.4512
7.67099
24.4389
12.1802
12.36
20.8773
35.2737
11.4947
0.0234658
15.8264
12.4516
17.064
47.9117
1.94833
0.401175
18.9003
4.34219
23.6424
12.8767
0.155372
15.3849
1.1284
14.5206
9.02392
6.68737
0
3.49048
4.30222
7.49902
12.9728
16.4812
1.14628
3.0884
1.46846
9.46846
19.4831
5.86684
4.02527
8.51689
2.4126
18.5216
9.85983
20.6391
8.46408
1.65077
22.848
12.3867
9.01107
31.5127
14.2841
12.5285
0
8.31362
0.209965
9.24029
1.99723
1.85067
16.4836
0.738349
0.104857
30.9768
1.09118
32.7851
1.0194
19.9347
1.75009
1.57725
19.486
0.0405057
0
0
0
0.950081
20.3699
10.6024
12.0513
21.1283
20.0656
7.42779
5.6219
1.28592
1.87463
2.72164
13.7066
15.4883
0.0399311
34.4097
31.2326
0.0866186
13.5908
2.07253
12.2467
3.91211
1.77404
10.8776
0.961613
1.79406
7.29116
0.607166
0.0247158
0.912546
1.68172
0
9.28118
22.0939
9.9842
0
1.89275
14.8749
8.49328
11.2496
8.42766
10.2385
8.36099
13.3017
7.92142
8.94432
8.16547
0.314269
9.49305
7.74941
6.14726
7.25456
0.979967
6.39856
17.2506
15.9396
10.9895
6.316
11.3397
86.925
7.74441
23.0417
7.42525
126.443
6.41727
4.54225
8.21411
8.68364
9.65194
5.16658
4.63481
9.25594
9.0875
11.8185
8.25805
10.8407
11.8928
45.4001
15.7941
15.4726
0.949017
0.605675
13.394
24.8226
4.07988
0
0.00330986
0
6.48448
1.22405
0.809017
0.326553
1.83557
6.32465
0.0393686
0.640699
11.9309
0.182199
9.7499
23.6586
0
2.50438e-07
14.4204
1.3845
14.5017
0
4.97423
4.97377
0.100067
1.87067
0.000251559
1.60621
0
2.72658
36.5345
4.24385
0
0
0.759965
0
0
0
0.000213025
24.7568
10.856
12.3182
2.80661
9.36257
0.227651
15.8207
7.16342
21.3736
9.61842
6.86009
8.06935
9.59435
3.50291
3.65768
8.64525
17.4404
7.86419
5.78666
2.46116
22.4283
23.871
23.9793
13.0187
38.4926
0.541575
6.56605
0
1.75203
13.1422
12.431
14.547
5.74692
5.03045
6.35829
9.45025
0
7.07488
7.65561
10.4826
20.5821
17.5293
20.1108
19.7301
8.14377
6.70895
13.1317
8.35989
10.9757
16.6836
18.5648
6.97857
0.510401
10.7349
1.66505
1.85531
0
0
3.5633
12.4742
3.4447
0.0026687
1.09369
16.6823
39.145
9.56558
3.97658
7.50004
14.7669
33.6355
11.1593
15.4108
0.0808563
0.000930204
5.04844
16.4925
9.23461
13.5673
36.3302
7.66071
18.8423
23.9832
0.234551
0.0536281
1.95788
17.571
12.2803
4.10862
5.19906
1.17377
25.8991
6.85965
1.36803
6.705
0.199165
0.366415
0.247956
14.4541
22.0121
5.8909
0.000167838
6.4878
7.89464
0.0991707
1.80278e-06
5.45141e-08
0.0346789
0.00194032
9.78012e-06
13.9271
1.34011
3.6
0.100549
1.30861
0.0311411
15.9464
0.0395055
19.5347
14.8284
0
24.113
2.23144
0.20032
0.919311
8.38546
4.7837
0.86138
0.835763
0.0064817
0.0821541
0.15316
0.0261771
0.000383736
0.316807
1.1723
4.74799
5.77148
3.41941
1.02788
1.70958
0.299762
7.65859
1.15798
1.17746
16.0826
2.64386
2.16615
11.4635
17.5113
14.3089
4.78811
18.403
7.30324
4.54139
10.402
2.64129
18.7364
5.33513
4.31111
7.70397
10.9869
8.40565
0.395649
4.7367
29.0443
0
0
0.00711948
0
1.98338e-06
0
0.217409
2.65935
0.0445674
0.19639
0.895193
3.82882
0.00238745
1.65321
3.39453e-07
11.5306
0
21.0441
7.26782
6.01085
21.3537
25.9563
26.389
20.7246
1.60463
2.57162
11.7471
16.6687
1.02272
11.8554
9.85209
2.16733
2.85208
14.6016
1.7573
26.8971
12.6715
7.97813
7.32014
7.50611
5.09478
6.00014
0
3.99363
0
12.1384
2.46256
2.35638e-05
9.83979
22.087
0
10.8678
8.85785
14.893
11.6959
0.78212
10.2026
17.8677
7.78146
9.52939
20.6922
21.5942
5.2294
3.42072
9.4545
4.89676
3.66641
1.26225e-05
13.3498
0.339404
1.86681
2.31884
1.19374
0.792702
0.0124377
0.196625
0.867113
1.33473
0.833094
0.0341625
0.483427
0.166658
5.13122
0.939606
1.70866
0.925652
0.0427098
0.738304
1.00947
2.04002
2.18011
1.24045
0.0385712
0
0
0
0.000395363
1.77337
2.65915
0.792517
23.9185
0.265536
14.2339
11.6128
0.758181
11.3353
9.34071
0
2.47958
0.000570042
10.7468
0
2.87367
4.30918
9.11149
1.87734
7.42731
12.3834
13.1087
9.0702
9.90705
12.8212
24.8713
2.45211
25.1305
30.4591
1.856
0.791666
17.7012
0
3.05125
18.7781
0
4.42311
2.16532
16.5949
0.0673845
0
0
0
6.6882
0.00717139
0.0600273
7.32208e-05
1.34215e-05
20.4984
25.0807
10.7268
15.0089
1.74099
12.2029
12.1758
3.44687
17.8811
15.106
17.7491
5.93051
1.61746e-06
0
17.3619
0.889855
0.0391387
0.052843
0.607874
0.670144
0.6902
11.1685
3.79555
4.55754
22.3751
0.921387
0.00402636
0
0.000733882
15.7684
21.9978
0
0
0.0388169
0.298488
0
0
25.6199
0
2.34322
13.4935
0.0179081
0
4.74904
0
0
0
18.6948
18.0778
0.0304091
0.0128961
0.559917
0.038424
12.3324
0
0
0
5.00083
0
0
0
0
0.0246743
0.894061
0.555326
0.402802
0.020427
0
12.5478
0.65357
0
14.4948
0
0
0
0
0.0102352
0.0617955
0
0
0
0
5.84627e-06
0
0
18.2247
0
2.42361
0.838164
0
0.0339712
1.60414e-05
18.9423
0
0.227542
0
0.105197
4.8373
18.0435
8.07572
1.43175
0.217184
0
2.94853
7.12027
11.7614
4.85771
0.718962
0.373941
3.09293
18.0762
3.58464
2.47074e-05
5.7496e-06
5.40587
0
0
0.398261
0
0.721716
6.28346
5.42233
4.73415
16.2292
0.750357
16.6536
4.16268
3.48066
8.20619
0.194059
5.86184
15.4931
2.49555
1.80774
2.61151
14.4263
0.0227077
4.60269
3.08026
0.442247
61.6596
2.27613
0
9.15982
0
0.0662359
1.01343
9.78966
0
4.23324
23.6046
6.69258e-08
0
2.00944
0.150375
0.563422
0.339774
0
2.36279
0.14977
1.50919
2.98419
3.77694
0.383086
17.9113
9.75587
0.341081
0.0996103
1.00785
3.5839
1.42478
9.47711
8.19151
0.851187
0.331109
0.864345
29.2151
13.9138
18.8168
0.552736
9.19329
22.5242
16.5646
23.4682
0.966142
0.0836316
25.8191
0.242119
45.4877
1.16468
6.36683
14.4353
0.185302
8.79424e-05
1.61626
0.020791
16.4523
3.86641
5.10981
13.344
15.483
1.0398
12.2346
10.6958
11.2621
14.3251
2.36484
9.62339
14.638
0.530983
2.87642
16.884
4.89739
3.54405
3.5919
26.3776
13.6714
23.3288
4.90506
13.5819
3.84646
18.6038
16.0685
0.312029
14.7365
0.150889
10.2796
22.9014
7.98221
8.74509
0.504515
0.270418
0.0547212
0.0201656
2.09052
1.00627
1.11145
0.0843206
0
1.82077
4.63522
0.18885
0.004501
0.136285
1.14827
1.97682
0.270546
0.00530479
5.70622
12.2377
0.04286
1.04444e-05
2.89133
8.54097
0
2.83889
24.8307
3.99324
19.4857
20.7901
18.6178
0
1.63683
3.83917e-08
0
23.6275
0.535728
0.59741
10.7154
3.36698
0
42.5051
3.59938
0.465849
0.419114
2.05642
22.6765
4.30611
0
26.8504
5.04652
1.35047
9.08385
13.2674
9.37035
16.0264
11.3602
15.0247
14.4337
13.0027
13.8691
5.13407
11.15
9.32145
5.85075
4.35479
11.0858
0.729939
4.79573
16.6065
1.10083
6.34125
11.4249
10.0512
1.4267
3.84657e-06
0.0875987
0.00100893
0.852059
0.236508
1.59864
0
0.465602
0.104606
0.0627724
0.012695
0
24.28
31.6006
8.77995e-07
22.5946
14.43
11.0712
11.2724
11.2791
12.6953
2.14102
8.30102
6.36304
5.03407
5.40393
10.1917
13.0629
11.0691
20.0949
4.75596
19.5754
23.185
36.4334
21.7693
17.7509
11.4521
23.8515
8.18832
1.85552
1.84776
0.612398
0.671877
2.43768
3.01609
2.42947
19.5434
0.618764
2.11718
12.0453
14.3328
28.2916
12.0262
10.0757
11.8423
0.36507
6.02447e-06
2.90025e-07
7.79798e-07
0
9.53326
0
0.0198772
5.17505e-08
35.281
25.8032
7.79662
8.64192
11.16
4.43872
0.670537
0.192265
0.337492
0.601844
0.0414728
1.17064
2.04579
2.89272
0.918612
0.00105919
13.2106
5.66812
1.53904
1.35111
1.25785
0.874464
7.84757
1.45106
2.27042
2.15635
0.0873728
0.0351997
0.812122
1.11397
4.25769
0.256753
0.0859359
0
22.4733
4.41115
2.16254
9.12044
0.951016
19.2455
0
7.70768e-06
24.1449
