2.25695
2.25222
3.12627
0
1.81112
6.83193
0
5.23474
0.788718
3.54283
20.6443
0.333197
0.000107371
0.50256
6.44274
0
5.09901
16.7146
24.8099
10.8081
13.7643
0.470884
0
0
4.78883
5.01059
4.49687
2.94089
24.8655
0.000644503
0.194183
4.10668
0.993426
0.194261
4.25586
0
4.30944
7.87335
7.55219
13.316
8.21397
14.1117
2.85476
5.50625
1.34015
6.95531
1.17836
0
0.84134
0
0.275488
1.95936e-05
11.2876
2.02037
0.507375
1.04005
12.8508
2.17899
0.112572
1.0235
2.13134
0.0103012
7.56461
5.54394
6.1817
0
3.77004
1.65346
2.08783
0.0349252
14.4432
0
0
0
1.94988
1.61931
5.03096
0.698486
0.0147099
1.71939e-07
0.600597
0.918805
0
0
45.0524
0.703677
7.97979
23.4757
23.341
9.73551
19.1155
16.2488
1.83454
11.8727
11.2671
9.40329
10.5426
18.1059
2.03219
0.315293
4.61791
3.83796
11.5667
11.4556
11.4996
7.89143
20.9659
7.85849
5.80182
8.58727
18.6588
15.1967
17.1057
23.8276
36.0605
19.0306
1.67433
1.49159
6.28673
7.93815
8.51096
1.85173
1.98932
1.88982
0
0.626693
3.98028
0
0
0
4.40966
0
0.00528099
25.1834
2.6255e-07
24.0545
21.6144
1.37857
0.896795
2.23616
0.000455405
0.38683
1.3635
0.494195
0.687537
0.0253614
0
0
18.9953
54.4626
2.54658
2.48284
0
0.0861518
2.91035
0.990594
4.65878
0.965656
7.90512
3.8919
8.9157
5.21111
16.0484
28.2622
0.850861
2.11908
7.30443
7.96161
14.7998
4.51658
36.0259
3.35229
1.61183
3.90965
4.69316
0.0385425
0.00154641
1.37426
0
3.29142e-06
0.0184376
9.27451
0
0
9.34786
5.73241
6.82456
10.3882
7.00647
28.3895
25.0381
20.1651
11.6369
13.4344
3.2058
0
5.33985
9.37555
19.9415
7.41207
25.7998
75.1778
11.8757
41.8934
22.9035
4.07948
20.633
3.97167
61.1914
7.04848
16.0468
16.3968
0.650793
15.0948
10.4413
16.6802
6.68424
18.6408
9.50333
2.10542
0.184799
3.30795
10.6216
3.14973
11.7656
10.2512
29.8953
18.3574
21.9638
2.20798
2.28385
3.70904
21.5365
3.48276
3.32169
0.792225
3.10852
1.33253
3.8105
2.65767
1.93576
1.78039
0.558603
0.0816535
0.431957
1.36005
0.00148598
0.594145
1.46438
0.0810329
1.47044
1.71032
0
0
0
0.0703483
0.00726858
0
0
0.00423253
0.809506
0
0.0332344
1.05116
0
0
0
0
0
0
3.16451
0.074918
26.853
0.0534414
0.559771
0.830118
0.0128708
0.282834
4.02074
5.25166e-06
13.9944
0.456963
0.829252
0.000127693
0.0469109
0
0
0.786633
0.221619
2.56936
0.152951
0
18.5479
0.00285337
7.14677e-06
0.000505014
0.0285699
13.8402
9.25641
27.5726
10.4447
2.80362
5.62094
8.35933
1.16607
10.2581
1.01155
2.72214
0.349623
3.42507
3.69303
4.25048
0.625872
6.12026
9.7179
13.236
26.9765
9.3175
15.0227
4.90834
0
4.91505
3.06582
2.28382
3.64241
3.53777
1.82824
2.39927
0.295652
0.655563
5.46148e-06
4.5843
0.130151
2.88797
5.44118
3.8374
7.32439
3.5413
2.86106
5.40188
12.1758
6.1506
2.34738
1.29094
0
0.747635
0.915798
3.10985
4.30008
3.36557
1.44202
0
18.6927
1.5753
0.683842
0.0952969
6.13517
7.35868
0
1.11442
3.53765
1.00876
0.55593
1.4823
0.00398462
0
0.0015793
0.00671989
2.22323
0.823062
3.08336
1.40132
4.21239
2.02071
2.01868
3.84245
0.256911
6.67334
8.27431
8.41015
9.45194
10.1227
0.315952
3.719
9.70157
2.37577
6.44701
8.38659
10.415
2.81741
23.4033
16.9577
13.876
2.14128
2.9708
18.591
16.2495
14.0718
15.0768
23.4655
9.90084
12.1935
11.0388
7.0512
13.8587
8.73107
4.60054
8.03741
1.71165
6.30685
4.13599
24.4135
4.40709
7.21306
2.69777
5.12364
39.1249
8.53235
9.45581
2.75151
2.63927
15.1012
35.6142
29.8767
19.1956
29.7366
5.59152
18.292
22.9003
10.0104
18.5683
41.3888
27.5506
21.2647
18.8146
11.1055
25.5694
0.401862
18.3463
33.1454
31.1932
24.156
10.5222
6.54252
7.83312
5.15936e-05
2.63219
0.0416327
5.43313
4.8197
20.0191
0
11.8901
14.8161
19.9674
4.70164
6.33123
8.4859
4.42113
23.2131
12.6292
3.43904
3.21006
0.0591639
12.5401
0.33376
26.1622
4.13077
0.82273
4.21944
1.6206
1.43814
0.521238
1.67558
0.0522609
0.537985
1.66958
1.79882
0.582762
4.02758
8.62674
2.95732
1.45968
15.6907
12.1582
10.3991
3.67435
12.5089
4.95124
13.7031
16.9783
17.864
13.045
4.83471
2.11423
10.3206
0.00207654
0.00428938
0.0142693
0.404103
14.9479
20.6453
7.92741
5.82874
11.3834
13.2609
11.1062
3.40369
0
6.88275
4.84901
0.194785
0.144915
8.8306
4.49917
1.95294
5.09545
13.5334
4.46105
1.99597
7.12201
19.8668
4.09409
0
0
6.71712
0.00283525
2.73168
0.616048
0.028758
0.658751
1.4317
0.00259945
3.50259
0.339641
1.66853
0.0109402
0.000209226
0.262652
12.1674
1.33294
0.00258364
3.25677
1.08833
1.28076
13.9532
23.4022
31.9618
29.8257
18.7729
10.0438
10.5411
0
22.0434
0.834618
15.7952
14.1658
3.2179
8.54633
3.15219
2.9412
2.24068
0.0883516
6.97136
0
0
9.69732
0
5.55811
15.0736
8.59238
12.8382
6.94617
2.30586
2.18985
2.83645
10.4621
20.0371
39.1817
3.45705
0.083616
2.2535
0.000255491
15.7069
18.7173
1.79034
1.86193
5.06598
8.05186
1.58498
0.0110902
1.06384
0.0435744
0
2.50537
1.60357
9.6171
0.811776
1.7572
4.11146
3.74116
5.65216
3.3507
0.104428
1.28507
9.2546
1.48938
0.00835609
0.992844
0.369152
0.571643
0
5.41974
8.95581
36.6543
0.00336512
0.810638
0.0833127
12.3698
0.932757
2.08029
10.2442
2.31444
1.08498
0.316538
0.111011
0.107584
22.1132
1.2091
0.0580174
1.06421
0.0650897
0
0.0395088
10.5963
0.000211154
9.21037
17.0945
3.70527
2.37007
3.74238
4.77322
14.0114
9.99863
0
5.94102e-08
0.0649549
0.0434748
10.8421
26.5449
0.0776081
15.6061
0.113829
11.5954
34.3679
14.5362
8.14912
0.365867
0.00528987
0.681999
0
0
0.0289784
0.90168
0
8.25405
6.13329
2.13165
1.87595
7.37452
1.26371
18.6596
5.74517
18.0533
15.736
0.00342799
4.3427
1.03362
11.1253
15.9746
1.58964
4.50172e-05
13.1128
11.396
0.25206
3.65196
0.00119007
2.06757
7.02595
18.1009
10.0043
13.7899
8.17908
21.686
9.32978
0.807003
3.02753
1.58744
0
0
0.0257316
1.05453
0.0121655
0.031026
0
13.9902
2.08283
1.13979
0.543829
0
5.20699
7.75261
0.0198044
6.63749
0.587068
11.6084
1.64547
7.40837
2.41583
13.2792
16.0943
6.27816
3.95484
10.7068
13.3641
0
3.13717
16.5767
1.55783
1.17419
15.4221
2.60961
30.3325
65.0934
9.55423
30.8591
32.4423
6.69859
6.45048
0
0
12.174
46.4786
0.327743
0.0890634
4.35365e-07
0.138762
14.3517
0.322885
0.623193
0.794964
3.80056e-06
0.497726
1.14518
6.05382
25.9477
9.91086
0.112497
0
0
0.537941
7.51011
24.736
0.00771332
3.91314
28.0296
0.019204
25.0915
2.52361
5.96199
20.423
26.4337
16.9251
0.058312
4.24666
2.07779
1.08264
0
0
0
0
1.13536
0
0
0
2.7093
12.7024
3.03315
12.2886
4.5159
2.48204
4.96155
0.485914
0.819018
0.742748
3.87089e-06
2.79556
0.966508
3.75208
2.07884
35.7381
4.70568
12.4276
1.09408
0
5.51229
0
9.30051
0.0327033
0.0135375
0.0525173
20.0266
15.4544
9.56931
12.7648
7.82522
8.43458
2.42355
0
0.498328
33.9194
1.24276
0
0
0
0
1.85125
12.4312
1.68589
1.10978
0.335226
11.8569
4.30644
3.77565
7.50778
3.02329
20.511
0
0.0195671
10.3317
13.9278
18.8294
10.7821
0.852803
0
0
3.7014
7.21206
19.9201
12.1044
0
7.02613
12.9578
11.174
0
10.9885
2.82029
0.350146
7.18513
0.00329743
0
8.49905
0.00652828
0
0.131407
6.99438
0
0
0.249225
1.20846
1.6759
0
0
8.67151
0
19.5081
0
4.23419
0.703243
0
7.51867e-07
0.0200605
11.2416
0.000273902
1.14237
10.6303
8.49077
11.1546
21.677
0
18.5674
6.3179
1.83168
1.9534
2.10049
5.073
1.89591
12.5661
20.5752
5.25455
3.82579
16.1676
4.70248
14.5724
15.8735
33.2083
0.101629
13.9387
1.83268
1.13376
3.7073
1.93741
6.26034
2.85563
4.06425
4.30064
3.00723
11.593
0.741293
0.00158874
0.214563
1.58822e-05
0.000205775
6.01137
9.58882
25.7936
15.7563
3.95879
0.653032
0.0063572
17.8351
9.65678
0
17.2294
6.11489
7.53445
0.0148047
0
0
4.83765
1.7171
20.7811
8.63122
0.000225642
5.87202e-06
16.8468
2.98952e-05
0
8.03645
1.43102
6.86085
0.00355069
14.3856
9.20839
2.89132
2.68405
5.23538
11.0813
0
0.328855
5.82263
1.1428
0.205719
2.70423
2.36125
10.4349
32.0273
14.8258
0.634627
0.069987
2.99486
4.90321e-07
36.4371
5.77127
7.30685
22.9383
2.64477
19.2052
9.80425
0.0217943
0.00164922
1.38228
0.291958
5.74246
0.0241232
5.77697
0.0404269
1.04179e-06
13.4167
0
16.4172
4.81724
1.02887
0
1.02466
0
0.516535
7.43657
13.8296
5.29137
22.3915
13.2917
0
0
0.0102306
0.135328
0.918313
0.349908
1.08422
0.204694
0
0.0292646
1.42088
0
0
11.4365
3.05758
3.55467
6.65538
1.64501
1.85295
0.00772546
6.75153
8.18627
3.91564
0.0198695
0
1.37704
0
2.95718
0
0.000120653
18.1161
4.61179
0.677323
0.0199412
15.8639
3.13785
0.446004
7.84888
0
12.1281
0
0
0.22312
21.8113
0
27.9312
0.0422715
2.32421
0
10.4414
9.73321
6.76219
9.80074
4.48057
3.08431
34.4626
3.71048
0.0478367
0.277189
0.792101
17.5871
14.5109
5.86736
6.44716
0.0431106
0.768558
0.0498646
11.5233
21.8649
25.6603
18.7576
13.5263
10.8451
20.6079
15.7426
8.09797
18.6472
3.12644
11.5797
14.4659
15.7145
0.0113384
0
18.3277
11.2595
0.0516588
4.90816
4.56881
0
10.8899
14.004
7.30034
2.34025e-08
34.9177
22.316
23.0898
12.7529
8.91874
5.27032
11.5698
8.85169
13.2255
0
0
1.77264
21.0448
22.4667
15.5799
13.7035
22.435
25.5179
25.9743
33.9508
29.4014
37.0283
37.7211
30.6564
3.80299
10.1369
0.148105
0.961597
0.665013
0.871729
2.48943
0.352422
0.828248
0.00468858
7.23332
0.0309299
4.07965
10.8778
12.2803
3.63761
1.91291
7.11709
5.44774
4.28585
2.28313
3.33181
4.52151
13.9422
5.41148
0.0843017
21.9958
21.666
15.8803
29.6086
13.4948
12.5086
1.71003e-05
0
1.79881
7.80729
3.77251
2.16971
6.60791
9.23528
0.0015737
0
0.468831
0
0
19.5805
0
15.2588
0
34.4468
45.5199
0
0
0
18.1311
19.4782
12.9786
6.83515
0.31222
0
36.7951
24.6428
3.20942
0.644806
7.3554
33.5953
34.2367
0
15.9515
26.4399
1.74704
27.8976
0
0.0443915
25.0967
0
1.70468e-06
0.0979851
0
0
53.1859
0
1.74024
9.42055
17.9509
15.4545
24.0426
3.20216
22.2961
0.130407
16.5104
0
26.8551
29.2542
0
29.9822
21.0747
23.0191
0
2.98584
1.32039
18.71
10.8181
4.78286
11.0546
0
35.118
10.3314
14.9113
0.00553335
25.3124
8.54902
29.3065
23.6066
0.313627
0.513412
0.152414
29.5277
0.142479
25.566
0
0.00315488
0.65153
0
35.0785
0
0
0.478277
51.3951
0.115273
42.3527
35.9001
0.826124
14.054
0.526016
10.9516
4.18109
38.9477
0
0
0.0897323
0
0
0
0
1.69388
5.04274
6.0727
0.503047
13.6286
15.2705
3.81206
10.7496
18.3638
0.45601
14.4801
14.3711
18.3706
12.753
18.4951
13.0406
12.7629
0.0167608
16.5637
13.9041
18.5241
13.7243
12.6337
5.2483
20.491
10.4903
0.00825112
15.199
2.3314e-05
0
19.3112
3.02163e-06
1.86534
0
2.73044e-05
0
0
0
1.25192
8.90041
0.464078
5.99206e-05
0
0.000130956
0.175765
0.716552
0.334315
0.158534
1.43383
0.03125
29.8002
5.04852
27.086
11.3512
0.845705
1.31063
10.0035
26.8986
0.111887
0
15.6026
15.2521
31.9328
26.1736
0.314348
0.620829
0
0.221563
21.836
14.1542
0.770528
0.0766582
0.0138919
0
22.8129
8.43777
11.5279
11.328
0
2.71964
0.863022
0.783406
0.000452643
0
10.707
0.000331175
0.0464508
0.71534
8.52952
42.4442
4.56854
7.71678
23.887
2.56214
10.9156
14.7772
4.56398
13.7214
0
1.33456
0.000104732
3.46488
1.96322
4.43116
6.38468
0.261939
3.27681
4.29116
0.0565918
0.113072
3.95624
0
0
0.227326
0
20.1701
15.7195
1.68848
10.6675
0.125841
3.27688
2.15616
5.03507
1.67958
4.17821e-07
0.0883081
0.501422
26.2506
17.6735
16.808
18.0044
11.009
8.97962
0
12.1552
12.1714
1.13186e-05
6.56631
0
0.829057
0.0386777
5.14441
2.3232
1.28916
0.687345
0.531422
0.702239
5.0272
5.04473
5.13695
9.55218
5.04623
2.44919
0.0440628
0.850819
0.492237
0.395823
13.1985
0.139186
0.876871
0.877485
0.269199
8.74277
0.290942
0.912719
0.0403984
7.17059
1.06932
0.69178
8.58184
0.0784583
17.3909
0.0455084
1.07298
24.9207
15.597
0.434032
0.612045
10.5863
20.8439
2.16371
31.4632
1.94916
4.28677
1.78977
2.09448
1.18453
1.25042
1.79806
17.0959
9.82933
7.69582
1.62503
7.78496
3.559
3.9526
11.5507
2.66111
0.00081176
0.000145628
1.07686
1.47358
0.207644
0.0130042
8.38566
0.142097
17.8287
0
0.802753
2.29412
0.829975
0.235676
7.8339
2.28048
1.73038
15.2742
12.6163
0.542942
3.15045
4.61616
0.318267
0.493802
23.1572
12.6054
7.0578
8.59286
0
0
12.0856
4.53661
1.45385
0
5.85439
3.40196e-05
0.835495
1.94484
1.64511
0
0.0125773
0.348538
6.41905
0.0133898
1.07446
0.260173
46.5518
3.11142
0.857409
0.576188
11.5032
0
4.93412
33.777
0.969458
5.63021
28.5687
3.19096
0
48.2906
1.83759
0.652474
2.50827
0.0196568
0
0.00127928
0.000246974
0.0810688
17.7268
0.260552
2.05716
0.089858
0.0365562
3.33543
12.8706
1.40598
0.272134
0.0658513
0.993663
0.059138
0.000144057
0
10.5087
0.105815
4.08284
2.93071e-05
0.153335
7.3622
2.18684
0
3.88712
4.02465
0.000336352
5.86203e-05
4.60549
1.37219
0.603207
29.4531
9.61905
7.32297
0.00590179
1.56266
0
0
0
0.927452
1.95236
3.83901
3.20778
22.4956
18.5866
1.61968e-06
3.40167
1.85975
0.0138035
3.60058e-05
0.0437854
7.20567
0.322579
0.90623
0.996267
0.0535032
0.336727
0.522844
0.224565
0
0.0030104
0
0
0.0927627
2.97096
0.772359
0.000498364
0
0
0
0
0
2.49914e-07
0.142389
0
23.2169
0.11618
1.69909
8.89978
0.782218
7.08543e-05
29.218
1.24773
5.94346
0
3.75746
4.47465
0
3.93498
3.10299
0
0
1.82147
0.377705
0.0119511
3.10971
2.82948
0
1.93641
18.5487
0.000234259
0.000877179
14.953
0.826659
0
0.027451
0
2.12062
4.38835e-06
1.51482e-07
0.0788631
0.285857
0
0.337731
4.23918
0.119714
1.33374
5.54952
0.25381
0.199746
0.0549032
0.596517
0
0.984629
0.296258
6.61878
0.893523
15.6714
0.0102952
1.90884e-05
0
0
0.000145692
0.000477569
0
5.32357e-05
0.429087
20.8677
0.0349776
21.3491
3.36363
14.3664
19.5833
4.12597e-05
9.50924
11.2592
17.4053
0.563161
0.000158833
4.34371
0.0533018
23.6217
0.0829675
0.142202
0.208455
0
0.201542
13.8956
20.741
0.00665138
0
15.3792
2.50063
6.21634
8.64735
4.3481
18.421
13.4553
38.6192
0.000123313
1.80922
13.5995
0.00114019
18.2054
20.4951
30.2991
12.9698
3.49325
8.0236
10.645
22.1605
12.8745
16.5223
14.148
13.5473
7.50946
1.00073
3.26357
10.3933
0.353026
0.236739
0.00195908
2.19785e-06
5.5735
8.42148
7.1425
0
2.69917
1.63323
0.000269007
2.32133
3.17157
2.43094
2.18998
1.73516
5.3574
4.64838
7.33669
7.48413
5.70346
3.1795e-05
0.131171
1.98849
3.6724
2.12231
1.57663
1.85244
1.35005
6.46983
0.0109287
0
0
0
1.93742
0.446514
0.410887
0.0206776
0.576403
0.939413
1.26158
0.0402958
0.0913174
0.0117934
1.30036e-05
0.148707
0
4.21115e-07
0.976751
0
2.50867e-06
0.000290871
0.883412
0.273059
0.585735
0.438686
0
0.0604911
0
0
0
0
0
12.6274
0
3.7353
0
0
0
43.765
0
0
0
0
0.319099
25.83
1.30304
0.89476
0.735086
0
0
1.8421
0.303009
9.21272
0.19264
0.480728
0
8.58549
7.65836
0.00946031
4.8693
4.39525
3.70158
5.44693
3.45983
4.57488
6.78706
8.01882
16.7021
6.76121
10.7766
0.0426431
0.0637267
11.7732
6.69439
4.36893
9.32842
14.0878
4.98967
5.34961
5.48616
16.6619
17.1488
8.55593
11.3119
8.13191
6.30649
18.9482
9.59454
0
18.9989
0
15.2375
8.09357
11.4956
14.5952
6.29499
11.5495
13.8036
12.142
1.22308
12.4153
11.867
12.2388
6.62314
16.389
18.8743
19.6372
8.76517
12.013
11.7666
6.9223
13.0831
0
6.6832
10.5972
10.077
0
9.06854
5.58811
2.7695
2.72901
0.430993
0.00471547
3.25882
1.79507
2.55152
3.9547
3.99266
2.27259
1.26553
0.572465
0.00479241
0.00460503
0.260092
17.8617
0.00643546
0.0234202
1.54096
11.0807
0
1.1897
1.01304
2.92286
0.311548
0
0.675088
0.00851879
3.14125
0
3.54046
3.2674
1.79859
2.2882
4.46596
15.8289
3.95716
21.9537
10.2994
5.01682
14.6764
8.10509
6.82095
16.0551
8.55078
25.1266
15.7097
20.1982
8.50892
0.525962
23.5186
14.3196
13.303
0
18.862
0
22.8318
15.7584
0.703706
17.9167
12.7029
16.5963
1.48865
23.5088
0
0
8.57896
5.19825
6.39301
0
3.11329
0.825954
0.221588
0.420236
2.38865
0.206684
0.737056
23.0281
0.0343748
0
0
0
0
0
3.58906e-07
0.453922
10.5617
0
0
0.191412
0
24.1367
24.7358
0.525584
0.767738
9.00582
6.22449
0.994235
3.64051
0.0266949
2.86695
0
0.65337
12.6123
0.797125
0.334544
21.6913
1.09654
15.642
0
1.49234
0
0.67907
0
8.4011
0.977169
0.317735
1.69557
14.3395
0
5.70619
19.5875
20.815
9.74773
8.52709
13.2459
2.7709
3.81673
3.70135
1.68293
1.60592
10.1891
1.31268
0.709062
9.25248
3.05425
4.11006
0.147505
26.676
1.02358
2.09831
7.7726
21.6672
13.349
5.30849
4.76059
7.85337
10.4013
3.7879
3.57072
9.79027
3.03749
0.0765959
0.721363
0.0888672
1.53672
0.00647086
5.03938
32.273
26.8837
12.7786
0.210871
11.9884
9.8601
0.809839
10.5153
7.64398
17.4183
0.826706
2.73579
2.19503
27.1699
20.8857
1.63717
16.9672
30.3489
1.26872
0.00589691
1.82906
0.943269
0.152283
0
0
9.59755e-06
3.4141
6.62117
14.1445
8.27419
21.5561
0
0
0.358922
0.33253
0.872684
0.0231692
0
0.000843572
4.89329
0.0864853
1.77543
13.4202
0.76941
9.52811
3.18249
3.64737
0
0
10.4751
14.5727
0
7.03761
3.92856
2.92505
0
21.1116
22.5744
0.69117
3.61238
15.1987
0.447726
0
0.166034
0.0339121
0
0.91583
17.3036
0.130152
44.4409
31.8402
10.946
0
0
0
0
0
18.3915
4.98544
17.6704
0
7.36687
20.4815
11.0441
3.06205
3.36774
2.73908
7.026
0.000479334
0.0681679
0.406043
0
5.58413e-06
3.69407
0
0
0
0
0
1.18052
0
0
0
0
0.390246
1.10303
0
0
14.9449
0.172725
0.691214
0.0195946
0.991908
0
0.874139
27.1553
0
1.02356
2.79302
0
0
1.80929
0
7.31755
5.55752
8.02591
5.78156
5.58106
3.31808
6.65544
5.16574
6.50333
28.6257
21.391
3.35398
36.4827
25.3815
36.7026
15.1961
20.1322
39.608
23.2021
13.6904
15.4949
14.6342
16.4509
14.6018
24.1372
8.92948
10.288
2.77071
13.2205
9.7459
11.4313
21.6343
13.2553
8.87195
13.6011
30.8409
15.1934
3.44566
5.77275
0.0462515
1.51983
0
0
0
0
33.328
24.137
0.000854362
6.60395
3.1269
2.03972
0
0
6.94333
0.0319535
10.2199
1.64181
0
0.204613
4.87664
24.4418
0.505833
17.5612
13.4669
17.9866
11.8485
0.574144
14.4285
0
9.45394
21.3587
10.2166
28.1221
10.581
9.14875
11.5675
8.6699
7.93298
6.73025
17.2323
29.3836
9.98744
2.06721
9.52622
4.18233
2.62874
5.06678
5.0322
14.7208
13.9524
15.7254
19.2693
15.33
28.4739
19.2918
15.3244
13.3784
16.7291
14.1966
10.6896
13.1344
17.8592
0.000561106
0
0.876634
3.49758
5.71191
6.16935
1.97755
3.7721
4.04755
12.9286
19.0325
18.5337
19.5597
0.743655
18.9848
12.0047
5.88655
3.60622
5.38561
2.92016
10.9075
3.6255
11.2486
3.69804
2.55699
3.54052
2.33332
5.91527
1.62841
3.32121
44.5551
2.72094
13.1201
8.1099
10.1901
7.44185
12.4824
25.1072
6.11175
6.51502
27.9839
2.39742
1.79164
0
1.87892
1.85612
7.21456
9.85857
6.08789
14.0449
0.176347
16.2398
12.5696
19.7995
14.7374
10.8777
9.32291
22.0162
39.3391
0
0
0.0311166
37.2711
28.3622
29.736
2.79284
42.2643
4.50383
13.3302
0.326862
1.13926
0.615503
7.74105
26.5484
2.82348
4.93656
67.8818
35.4775
12.3796
9.73472
0
27.9111
4.28003
28.6103
9.89526
9.84345
26.4711
22.9451
30.1352
33.2291
7.52779
13.4555
8.99647
20.2382
9.9255
10.9112
11.7483
13.8382
6.70984
7.67278
22.7635
10.2675
28.0651
7.08375
20.2995
26.4897
14.4001
28.173
21.7409
23.403
13.2563
0
16.8055
0
12.7651
13.8646
25.2192
19.074
16.2498
4.8061
22.7531
20.0151
13.4319
13.3951
17.8095
10.6723
2.60007
15.9047
11.4324
9.60661
12.0401
5.43961
6.73772
5.26331
7.31392
8.61438
0
10.9407
8.9837
21.2839
8.39745
19.0483
0.22682
3.17459
0.402159
13.4279
24.63
12.1559
0.307918
12.743
12.723
11.4144
15.0366
3.32267
9.06542
18.3194
25.58
4.57537
1.66513
0.10417
11.0319
17.6432
0.257689
1.52995
0.0523874
1.81169
0.15375
1.10269
0.91911
0.861493
0
4.7297
1.13981
0.724567
0.945236
15.0337
0.654174
0.0127465
0.837734
0.0534567
1.52821
0.290448
0.045864
1.14475
0.857083
0.88322
2.97096e-06
0.00107749
0
0
0.227217
8.1459
1.63357
0.0039631
4.45431
0.101593
10.0084
0
0
0.819167
0
0.0597708
0
7.10475
0
8.88239
0.314075
7.6648
0.672838
9.42335
0.347757
0.0572902
12.6665
0.718397
16.5914
5.3363
15.4412
0
25.6797
0
0.000699535
0
0
6.78415
13.5116
0.249503
0.00632584
26.0127
0.0250884
0.0197293
1.26564
1.08417
1.2613
0
0.627242
0
1.06211
0.849484
2.52436
0
7.94015
4.94482
0
5.07222
11.6895
6.1987e-05
8.50176
0.256238
12.6315
13.4017
12.3454
6.32098
0
0.855939
0
8.95269
6.12359
0
0
0.650338
0.270785
0
0.0248114
0.228157
0.00202638
0
0.0623143
1.15555
0
0.158557
0
0.642672
0.110535
2.04365
0.387267
0.138915
2.48454e-06
0
1.56515
0
0
0
0
0
0
1.20978
21.4288
21.9359
19.7351
7.58514
21.3123
1.48015
3.29566
3.03446e-07
0.0194859
0.869917
0.346506
10.9711
1.92494
3.81961
0.00883061
0.561272
33.781
47.7654
34.8398
17.0261
10.3362
11.8589
22.5164
21.6255
4.20217
2.43718
9.14868
3.05054
7.52897
6.43869
6.95976
16.6174
19.9597
3.35288
9.90471
0.129277
8.94865
0.904948
19.4823
0.051139
19.3679
23.1414
1.2173
0.0908082
3.22164
0.0331495
0
1.49446
0
1.43339
0
0
0
10.6748
0.00161671
7.47082
2.47295
13.7265
3.73685
2.81706
17.8315
20.0882
12.8132
4.68706
5.59654e-06
17.6042
16.6111
20.648
28.1802
23.3778
27.7242
21.2668
0.299733
27.4989
0
19.3937
10.9089
17.8128
10.2494
0.0187371
17.7322
4.48365
20.4922
6.70055
25.8016
37.7562
8.93972
4.65337
13.0594
22.6966
11.8529
13.3296
1.28804
6.969
26.536
0.646152
1.32077
38.8263
0.00556792
15.6282
0.861386
0.0381013
0.796232
0.481457
3.99252
0
35.3365
47.7634
13.1551
8.19662
8.74006
8.6886
8.07696
2.76638
1.19419e-07
0.270629
6.47824
10.2355
11.5662
16.1125
38.8031
15.9248
20.5493
14.3177
21.9651
11.4331
7.41709
15.7441
0
0
0
23.6234
4.13249e-08
7.18267
33.7894
2.5977
0.0145438
1.35916
1.28552e-05
0.103648
0.0669266
3.45553
1.62106
1.80775e-06
0.00658134
1.10325
23.7962
1.15985
2.96797
5.32587
7.61593
0.908354
20.314
0.232385
3.15761
0.00101805
7.16557
0.0472746
0.401556
4.29975
0.159267
0.930136
0
0.366635
0.929485
0.0130738
0.000870265
0.0648937
0.018803
9.64223e-05
0.486515
2.02205
0.000163858
0.91413
0.552697
0.663906
1.34345
5.84133
1.2903
1.89203
0.00400975
0.0835911
5.64474
0
0
0
0.0299602
11.13
0.78568
19.4961
7.12357
22.8399
6.53544
7.66152
4.98613
8.88134
0.702522
7.41509
13.0414
0.0464134
9.34027
8.0614
0.0700618
0
7.65995
1.25196e-06
5.35541
5.24722
21.6673
5.54574
24.0705
20.9425
0.0516392
21.0418
8.88244
13.0318
12.2595
0.295744
15.1127
0.0050736
24.9963
4.87887
8.72585
7.7352
7.20255
1.85649
0.906674
1.34172
2.42414
2.30614
2.16335
1.88847
7.41975
0.151055
9.04167
4.9613
27.0475
24.0296
13.5999
35.0327
15.1694
5.14776
17.2516
28.4052
24.7896
30.8991
10.5278
11.951
14.7535
0.747005
2.59802
7.35786
17.3118
10.868
6.64207
9.31174
6.39961
4.73958
10.7263
6.94401
6.37815
7.86163
8.51658
3.4133
9.72865
21.5206
7.57081
10.7962
14.7832
0
3.66379
7.71986
3.27241
4.56338
19.3285
0.964098
14.3647
14.6536
13.9287
0.0622521
0
15.4439
8.72659
10.6413
20.9907
5.43734
20.1498
12.7936
3.00915
17.7961
27.318
12.5414
3.25933
16.6164
25.2413
44.0371
13.8784
34.1117
9.60149
35.0666
28.0527
49.4141
22.6877
0.580069
20.3943
24.5907
14.6021
11.4332
12.8923
26.9132
40.5156
18.3247
0
36.4167
32.5733
33.7475
0.0893044
9.23584
21.4952
27.6985
33.4861
9.15119
21.2739
16.2216
1.75107
0
2.2895
2.14183
19.4757
1.09307
19.5033
22.8544
33.1527
18.3698
21.3638
2.80595e-06
15.1273
0.127228
14.4209
13.7578
15.7793
13.4762
15.8389
24.909
30.5556
10.6278
23.2447
17.5078
19.091
24.1545
0.00630873
16.3769
13.3289
20.4618
0
9.53723
4.98007
16.5438
7.54172
6.12533
21.7501
15.2805
1.48648
4.5965
4.48486
5.72072
17.478
22.8927
0.997605
12.3757
5.08599
4.33753
1.56963
0.166452
0
4.81433
2.96526
15.2609
2.57217
19.7545
8.99276
7.93274
22.5493
1.03143
8.53901
37.1222
0
0.527171
2.1235
8.17645
0.0863362
36.828
12.5933
9.815
8.03232
10.5046
17.7227
13.3937
16.9313
13.0853
10.9972
10.6247
4.63468
10.1289
8.22832
2.48845
23.8487
26.1237
0
28.9078
8.44053
21.0128
2.66086
0.830317
18.1086
5.89302
23.1245
14.2292
15.2865
33.4804
13.5919
14.3138
13.7839
17.755
5.01201
5.25681
28.7192
24.1018
32.8043
14.1879
0.215924
6.70096
29.4652
14.7604
58.1405
6.27876
6.89121
20.001
11.2385
5.81054
13.6146
0.253703
17.7879
2.94513
15.4517
16.5931
11.3658
0
1.66178
14.3948
7.86533
9.32621
16.8293
3.34119
7.5209
1.78417
5.64648
26.9154
8.95357
6.92535
10.366
3.64581
14.4045
6.07484
18.0595
7.80017
2.66871
25.8348
17.6622
3.94937
29.2839
2.44481
10.4004
0
5.7166
0.945173
3.6635
0.00711837
0.543783
5.40895
2.01385
0.0872346
10.2525
1.46298
8.26969
0.199191
6.70411
0.931687
0.664009
9.18461
0.0420661
1.26785
4.8852e-06
0.00295203
0
10.1099
6.49543
36.2287
13.6336
16.0686
9.51281
11.7657
2.51731
3.33638
1.3043
11.2557
9.64978
0.810836
8.65177
14.2025
0.827287
4.873
0.0895097
2.14823
4.46388
0.145037
2.46308
6.66595
2.52455
24.879
0.0397463
1.18057e-05
0.894998
0.0120431
0.749668
8.08849
8.6563
6.23528
0
1.20653
16.5736
10.9446
15.8352
10.342
13.4043
12.2164
10.0729
9.96945
25.8904
11.5876
0.301092
22.2195
10.6272
9.71115
16.2838
0.709346
13.1567
8.48502
17.1903
6.51433
11.5453
5.04144
77.8244
11.2362
19.3998
11.4825
116.487
5.14989
5.2253
5.58558
4.29431
6.59071
9.0432
6.28916
23.192
7.11936
13.7409
10.2287
1.29726
3.76689
15.13
24.1494
4.12008
0.858308
0.00507245
10.5214
11.8204
0.0648968
0
0
0
6.59892
3.8909
0.000594818
0.000369056
0
0.224288
0.723571
0
7.54571
0
1.68009
3.76526
0
0
7.50545
1.62759
10.3282
0
0.193634
1.86113
0.663829
1.80257
0.846161
2.05758
0
2.41579
21.0832
6.4077
0.816838
1.00891
1.32707
0.0515498
0
0
0
15.6361
5.47898
8.15198
1.58653
3.0304
1.28166
14.734
6.87486
6.52703
4.53752
4.26323
1.76299
8.14447
2.41001
0.975978
1.7206
2.03183
1.76934
0.432431
2.44892
9.81477
29.943
19.0665
19.4607
10.5307
1.34722
6.73184
0.381392
1.6503
9.21571
9.23116
8.55544
3.95608
5.19233
6.10659
17.9369
0.252773
8.03538
16.9988
25.1274
20.6307
23.801
9.16861
14.9468
14.4716
8.12766
18.297
13.5576
15.1923
21.8721
10.4956
19.7706
1.27458
13.4117
5.64633
2.22846
0
0
1.48233
10.4611
2.04118
1.6808
3.81659
22.9446
25.1473
6.81921
4.13236
6.05131
4.9612
15.1196
3.1979
7.3821
0
0.469321
3.28669
8.67774
25.0374
7.5869
32.7767
17.0964
8.42803
17.9989
0.0676531
0.56562
4.03688
13.5943
47.3217
7.96108
6.2254
2.65892
16.2567
4.63921
2.54791
10.5359
1.05143
2.48344
1.43866
23.45
38.4469
9.25573
1.43598e-07
22.7167
14.582
0.0836679
0.892212
0.000130412
0.53847
0.000246336
0
9.64616
3.81673
5.12032
1.45247e-07
0.217847
0.323209
7.46553
0.593704
9.81436
2.9225
3.69912e-05
11.4557
0.276524
0.329197
1.27271
6.00713
2.26834
1.07148
0.0919718
0.000232953
0.0399943
0.00144846
5.43186e-08
0.0176531
0.956402
0.0131299
1.96059
5.15272
4.30149
0.0280911
0.150673
0
14.3928
4.70754
7.16239
16.0974
8.07839
2.92861
6.81296
18.316
5.7387
6.39438
12.5506
0.104551
0.0344556
9.4707
0.851979
12.8788
10.3862
4.83235
5.34411
4.22804
1.12467
0.6252
0.879419
14.2152
0
0
0.00444967
3.82275e-05
0.00542486
8.3486e-05
0.389424
0.604659
0.27528
0.724716
0.699032
3.34985
0.0296688
3.45623
0.749701
2.13107
0.000140131
25.1489
2.02913
5.46787
4.40615
21.41
10.5569
16.0866
3.16947
15.993
30.7482
21.549
2.76002
13.4285
19.4837
1.7669
4.51579
10.1858
2.8758
30.8647
13.6811
9.38153
21.7169
14.4775
3.34386
11.5676
0
3.45846
0
6.62277
0.481088
0
25.0068
25.4095
0
10.0347
10.6403
12.8881
17.0111
0.902928
11.7314
23.4191
23.3397
31.7176
12.7291
17.4641
3.11576
7.1431
10.3528
5.46346
1.77288
0.0981025
16.5457
0.19668
0.950399
1.17162
0.0964153
0.472035
1.91463
1.02878
1.3471
0.424126
0.0117339
1.08109
1.2004
1.05329
7.63879
0.547608
0.0243402
0.991908
1.44672
0.178835
0.0771081
1.31771
0.820929
0.460112
5.40284e-05
0.0122161
0
0
0.218361
1.5793
0.0094819
3.49628
11.6392
0.133372
8.41679
5.43524
3.60336
0.909524
1.03811
0
1.81637
0.0242188
13.8563
0.937067
4.01792
6.88952
11.7393
0.617938
3.19719
17.7232
13.6519
18.5856
5.64325
9.45727
19.5996
1.09805
24.76
11.9142
1.04882
0.689609
11.0269
0
2.83921
16.9087
0
5.75993
0.388421
35.7907
3.61704
0.0128745
0
0
10.747
0.206542
0.0404942
0.996674
0.0149065
9.48148
37.7284
31.5459
23.8706
0.00204369
18.1753
12.5685
2.7507
12.9545
10.9708
9.46486
5.98699
0
0
25.649
0.624921
1.71924
2.84856e-07
5.33993e-06
0.0444757
0.132792
17.6044
0.954272
0.142827
10.6583
0
0.00461703
0.000153336
0.00756597
11.1923
24.7125
0
0
0.0867673
0.866191
1.60142e-07
0
13.1736
0
0.606466
4.21015
0.000395363
0.582887
1.0737
0.0482224
0.177119
0.000210716
5.29636
6.2071
0
0.196634
0
0
17.751
0.00762932
0.0484423
0
8.30655
0
0
0
0
0.558345
1.52341
1.26864
0
0.624222
0
19.1214
0
0
18.7415
0
0
7.80421e-06
0.0069965
0.787494
0
0
0
0.566017
0.0063622
0
0
0
10.6377
0
0.332786
0.659882
1.35334
0.480369
0.921257
5.07815
0.26846
0.000970155
0.53711
0.513975
5.9803
13.2933
4.94262
2.434
1.50029
0
1.09766
6.34383
7.90567
0.574743
1.78565
1.88611
0.986286
32.288
0.253508
0.000251486
0.226529
3.40705
1.4446
0.152908
1.57826
0
0.894136
0.196245
0.539133
0.29341
5.59173
0
9.34082
1.302
1.07598
6.01895
0.0395807
1.34439
8.12098
1.71766
1.02449
5.53749
11.4866
0.778884
1.85731
1.78405
0.900634
63.2374
1.35718
0.000152773
6.8225
0
0.000366136
2.6038
36.444
0
1.2612
18.6998
1.52219e-06
0
1.41045
0.305624
0.0409897
0.0361001
0
4.16858
0.0175121
3.0094
1.80109
3.2039
0.664686
12.3712
6.69733
1.5052
0.574536
0.186727
0.4037
0.880702
23.3741
5.82955
3.36929
0.000172518
1.14047
10.5896
20.7584
19.477
1.13862e-07
16.1576
8.02016
15.3285
8.66057
0.056558
2.15425
7.81103
0.905571
15.5628
0.639316
0.664326
10.0647
1.14609
3.25663
5.50396e-05
0.241674
15.9152
2.63729
4.39379
19.8296
23.4792
1.15646
12.2729
5.62921
7.51443
7.51988
2.85681
13.457
14.4243
1.39936
5.04156
18.4392
12.2877
1.97262
5.96798
38.0267
14.9922
23.5453
19.4316
25.216
11.2528
20.5769
32.5509
0.791841
20.6602
0.000417004
1.37367
17.5569
11.5846
10.8591
1.32086
1.77649
2.98997
0.635148
0.0101282
1.24759
0.762309
0.0810388
0.00544511
3.04655
2.87486
0.001988
0
0.157722
0.255217
2.25698
0
0
12.5095
45.6272
2.06583
0.0206332
1.10239
3.62885
0.00267284
0.704778
9.22323
8.76802
23.0531
4.27368
20.34
0.578082
2.3913
0
0
30.8963
0
1.94612
10.5957
2.14132
1.3647
26.9303
2.02026
0.0886573
0
5.76868
16.7156
4.22831
0.984833
13.2179
2.09089
1.11356
19.9249
9.95719
4.63704
14.7758
8.85834
4.37822
9.34216
3.37605
5.495
1.20405
6.35373
5.57263
4.22837
1.87135
14.2568
2.0982
9.53684
11.339
0.0743649
12.8347
12.6716
13.3717
4.95881
0.939008
0.00929393
0.00861634
0.297426
0.540255
0.000240695
0
0
1.33281
0.00017594
0
0
10.5416
7.95482
0.00691764
25.2995
2.93793
5.15744
14.3426
11.7928
11.9947
2.54722
19.5509
9.40704
15.2029
13.1849
3.17497
12.3358
6.74637
7.65329
3.81966
5.84772
10.0452
36.1075
6.81265
8.237
7.3501
11.0432
5.03211
3.83821
1.71826e-05
0.0566872
0.406039
0
1.16038
1.58113e-07
15.7939
0.00255449
1.49166e-07
31.8478
8.33808
10.6099
16.3576
12.9636
5.73258
0.117101
0.0383258
0.0173491
0
0
30.9685
1.32684e-06
0.967091
0
42.2658
28.2917
5.6659
2.12248
3.89011
3.53718
0.0248369
0
1.14574
0.0598641
0.000840709
1.94317
0.314909
4.03129
0.00535317
0
5.21963
0.203399
0.123199
0.622228
5.04594
1.323
6.51812
2.28019
3.22827
4.09696
2.30763
0.133242
0.0822721
1.24798
6.52652
0.42363
2.07154
0
13.2338
3.11351
0.206074
16.4822
0.200808
13.1208
0
0.115316
13.9503
