2.48555
2.3312
1.94894
0
0.462891
5.09005
0
9.71374
1.06495
8.71792
21.5276
0.903692
3.28589e-05
1.43991
4.61501
0.246657
4.77082
26.0095
26.3204
7.41536
8.16235
0.343748
0.168938
0.568741
2.81753
2.7051
9.91432
5.83665
39.0024
0.459084
0.0654148
4.01685
0.926928
2.26239
1.1203
0
5.48293
15.9578
21.4349
15.3604
5.0712
13.4774
1.58369
8.76755
1.67305
10.437
0.272826
0
0.722148
0
1.10816
1.09069
10.3358
2.79894
1.47072
2.26338
17.2804
0.471505
0.0976259
0.978977
1.80049
0.000376617
5.53133
2.90565
4.19855
0.00234802
1.41075
0.459084
2.78914
0.52754
10.3497
1.05286
0
0
1.2026
0.166462
3.9431
1.51206
1.30703
0.0456968
0.162508
0.849879
0.894994
0.536655
31.5861
2.15111
13.9263
23.9557
10.8013
10.3309
17.4081
17.1023
2.13887
10.7981
14.6412
10.1367
11.3809
12.2981
2.90932
0.925789
2.44887
3.04534
8.1626
16.8663
9.23774
9.38356
10.1663
5.19918
4.74086
10.8039
15.6837
13.7183
10.3766
10.8145
8.76239
10.0892
3.41672
4.2593
1.53292
2.68457
3.5169
2.75572
3.05921
0.766387
0
4.06439
3.82899
0.287425
0
0
8.48281
0.245457
0.962058
21.8419
0.00641339
5.87738
13.7784
0.528609
0.00815836
8.64839
0.110389
1.01397
0.964345
0.407806
1.12672
0.0158601
0
0
36.8042
63.4355
3.6863
1.69315
0
0.0818141
6.74977
3.88253
3.66725
2.73355
7.92573
0.622202
10.8309
9.516
25.0099
23.887
0.779068
2.36432
5.12494
5.54442
0.755981
0.121091
13.9424
1.20736
1.56806
2.79923
1.09798
0.352745
0
0.247951
0
0
3.44381e-06
17.4062
0.0782215
0
9.55647
9.32086
7.79852
11.1123
7.71622
28.0969
30.2289
13.1272
14.7176
8.99659
1.88511
0
8.63843
15.1248
15.1027
8.27526
42.6647
100.494
9.94565
46.1157
22.9658
10.3064
25.6199
5.22876
44.266
10.6877
23.7167
22.4076
0.2036
25.0158
14.0484
23.1103
4.62421
29.3071
19.3727
5.55836
4.23389
2.8584
20.9795
1.66804
25.7847
16.1197
30.5182
19.3335
26.3009
0.0276166
0.622198
4.15738
19.0185
2.40827
3.04343
1.44554
0.357062
2.57739
1.61193
2.01311
2.23675
1.59583
2.97857
0.0185291
0.327848
1.51983
1.63009
0.010559
2.18683
0
0.9554
3.3769
0
5.48606e-06
0
0
1.60481
0
6.6854e-05
6.78727e-08
0
0
0.0174262
0.968476
0.00512343
0.242336
0.555336
0
0
0.161133
0.409667
1.31491
26.0416
0.441656
0.24119
0.362403
0.938364
0.0419963
6.98392
1.94473
21.8645
0.0596133
2.23837
0.00344288
0.346693
1.4822
1.29644
0.0154426
0
2.32587
0.665512
0
38.1287
0
0.00620345
1.11802
0
16.1274
17.324
15.5547
10.5452
2.03816
8.12995
8.44082
0.190053
5.81205
1.72254
3.7641
0.0173426
0.233689
1.04635
0.971413
1.2344
7.02443
10.771
16.4584
31.0381
12.1817
9.73255
7.75364
0
4.62948
6.3958
3.72604
8.07579
6.65288
0.413684
0.242363
0.139613
0.331078
0.30257
3.08887
0
1.64427
2.89726
11.6666
13.7905
5.99534
3.47333
1.37576
15.0861
1.57902
2.39295
4.11894e-07
0.0065685
1.44313
0.143443
1.49433
2.47168
1.75223
1.06005
0
23.182
2.17683
0
0.583609
7.34481
14.0709
0.249604
0.591546
3.86086
5.11981
0
2.47098
0.00418761
0.00627108
0.000570552
0.00122079
0.834222
2.14673
4.31672
0.0295282
7.29486
7.20601
2.67452
1.65438
6.34895e-06
6.29477
15.4218
16.3949
10.9804
17.7235
1.51139
6.1958
2.57522
3.63689
12.0352
18.0131
10.7973
5.70674
19.8429
18.4626
18.0139
3.78904
7.36596
26.863
16.1399
4.04615
5.064
13.0413
7.89277
14.4468
14.6488
14.6568
8.39256
11.0487
10.7966
8.69978
5.09832
8.4992
5.18961
14.2004
6.0196
6.34417
2.82523
10.3731
27.2351
7.67395
12.7823
1.53203
1.02841
19.4801
23.3728
20.1393
22.0777
35.7587
6.51612
26.8836
25.7124
15.8926
18.2131
46.8032
29.4393
27.7886
13.3393
4.18174
21.8531
0.274933
46.3648
27.5049
18.6639
11.7529
12.2681
11.2937
9.48877
0.00551529
2.05029
3.56494e-06
5.2899
1.65673
17.3619
1.73487
14.1872
17.3839
23.452
8.97647
16.0032
15.4708
6.29572
14.9994
15.1268
3.81042
2.21575
0.432493
8.2641
2.29488
48.0831
6.17455
3.03764
0.820368
1.79906
0.998431
1.54216
0.201992
0.610379
0
0.303313
4.54563
0.872843
7.26268
16.9489
5.04013
2.21531
20.4289
13.8698
6.42132
7.41573
22.2155
1.62499
17.7788
15.868
13.0628
12.2198
3.19077
2.29033
9.88569
1.31209
0.639946
0.030709
0.00195421
16.485
19.0416
4.70258
17.4918
14.9145
10.6951
8.99217
4.41677
0
4.46746
8.0083
4.47743
0.047131
2.25653
5.27629
10.6205
14.7004
10.4952
3.95148
3.19932
11.3807
22.065
4.74385
0
0
5.86876
0
13.7926
0.00393887
1.79682
0.000142589
0.912168
0.392891
2.80365
0.458958
3.88787
0
0.704233
0.438051
21.6964
2.72229
1.31564
2.8453
1.47071
0.370981
10.3494
20.9495
18.4947
25.4008
10.928
12.2268
11.8863
0
33.4387
0
13.7169
16.0741
5.34144
8.97915
6.60844
0.921504
0.977209
0
18.5352
0
1.07379
4.99582
0.683302
4.54424
4.0437
2.68674
21.9323
3.13396
1.67419
0.841967
7.40957
12.433
24.6067
43.85
7.05728
0.695928
3.22381
0
8.3395
10.8462
0.0622284
2.60629
4.94727
8.30604
0.606804
1.99326
1.44927
0.836053
0
2.87875
1.51591
2.58499
2.74861
2.53824
2.43432
5.98193
8.97025
7.53817
0.406022
2.70199
2.45605
0.982038
2.74405
0.00615802
0.0469168
1.53754
0.00551803
9.51349
18.3206
23.2413
0.109174
0.0853897
0
11.8854
0.000348029
1.45211
3.5452
3.60705
0.73844
0.0519619
0
0.45013
8.16908
0.731452
0.00261032
3.725e-05
0.032298
0
0.25533
4.65612
0.0329338
8.07829
23.0225
4.59869
0.0169274
3.36415
1.54794
9.81442
26.3296
0
0
0
1.06999
30.5804
32.1716
0.60125
12.7038
0
23.1648
28.296
9.70141
13.6022
0.131348
1.35813
1.90953
0
0
0.756766
1.31475
7.75679e-08
7.36127
5.57476
1.23749
3.07962
12.2458
0.964411
36.5609
6.33626
27.1535
19.7299
2.14274e-05
4.41032
2.64394
12.1557
19.1641
5.57361
4.07823e-05
8.67863
9.56552
0.217491
7.8015
0.801437
0.0378995
5.37883
15.2581
13.6717
11.4488
10.6275
20.3428
9.89756
0.632317
1.76843
1.18443e-06
0.0801091
0.251715
1.08137e-07
1.69799e-07
0
0
4.86594e-05
24.0641
1.74135
1.73252
0.224627
0
4.19462
4.06573
0.391203
5.43647
3.75446
6.60402
2.98389
11.5921
4.34208
19.4767
24.6044
4.23299
8.14761
9.57101
9.0741
0
1.19844
19.7951
1.87455
2.25804e-06
23.7459
0.00140007
31.7568
82.6397
6.40451
18.4735
35.9677
19.8245
3.9276
0
0.0187337
11.3753
29.8394
0.44512
0.377962
0.45772
2.026
25.0056
3.17247
0.381859
0.740505
0.118375
0.644688
0.503513
10.6551
16.6988
10.3325
3.16012
0
0
1.125
6.44047
13.7517
0.198011
1.68001
47.1822
1.28934
19.5124
0.0127243
18.1621
18.1251
17.8471
11.3086
0.00610628
2.98723
0.80606
0.223091
0
0
0
0
0
5.80395e-07
1.88946e-07
0
6.72568
20.191
1.91072
12.2774
5.74353
3.34597
5.16783
1.53606
0.817819
0.804068
0
3.84772
0.475999
3.81368
2.75087
42.2966
4.54839
15.4776
0.83366
0
4.80387
4.95234e-06
9.20557
0
0.0660427
0.688951
13.0472
9.28807
8.40168
30.8519
8.46225
13.6788
0.909421
0.0191186
2.90911
18.7395
0.0100619
0.00291276
0.737091
0
0
1.45417
10.1117
2.73033
1.78712
3.2201
13.7282
4.621
2.27569
7.04404
7.45506
35.1533
0
0
10.55
8.28917
17.4539
4.96646
0.986091
0
0
4.16623
11.7488
18.7765
14.0737
0
7.82565
11.8981
7.14573
0
14.2418
3.02722
0.119135
12.3204
4.11347e-06
0.845285
10.8221
0.707665
0
0
3.8269
2.39431e-07
0.34258
1.8193
5.11657
3.44941
0
0.03595
17.6784
2.3412e-07
16.189
0
6.11277
0
0.375376
0.510402
0.248571
14.5571
0
3.20919
15.2998
7.8333
8.63103
17.0046
0
14.9494
18.4862
2.91038
3.95877
2.18137
18.8298
2.30852
12.1119
12.8499
13.8432
7.29144
6.36555
18.7957
7.0642
8.30527
14.3623
0.132152
9.46575
3.28884
1.36186
19.5169
0.397152
8.35739
2.41258
4.66394
5.71124
2.12974
7.23829
0.604072
0.731963
0.0698137
0.391569
0.204808
5.28311
5.75817
18.0029
17.4509
0.731616
0.529909
1.45254
15.1208
9.0461
0
10.5656
3.53262
5.34142
0.0111039
0.228209
0.444816
5.50695
1.94097
27.1216
6.04446
0
0
21.6984
0.00240674
0
9.22951
3.02541
3.15823
0.34127
19.2085
9.65805
2.06641
0.663122
4.31715
8.37701
0
0.814551
2.40144
0.685084
0.803439
1.69767
2.53472
12.7085
26.3228
12.1066
0.000354678
0.846565
0.000159596
0
16.3442
11.1255
5.06786
9.89587
5.14516
16.4607
9.04217
0.346038
0.0995993
2.72833
2.78796
3.26491
0.9486
3.23762
0.0031421
0.000263066
15.3335
0
10.7156
10.1268
1.7199
0
0.203791
0
0
5.72897
34.5347
2.30553
13.7485
17.09
0.853167
0.883772
0.872148
2.09517e-07
1.65974
0.855031
0.871786
6.73286e-07
0
0.220705
4.49728
0
0
10.6207
2.09194
2.52231
7.62812
2.36442
1.99074
0.00410928
10.0598
7.05683
4.46363
0.0212649
1.70315
1.06138
1.6303
8.44623
0.81391
0.0583406
19.5429
1.19071
0.96784
0
23.3722
2.67784
1.34307
4.78019
0
9.10017
7.42588e-07
0
0.753992
20.4503
7.42668e-06
25.3095
0.128053
1.07376
0
15.4004
5.6266
6.40265
13.5889
8.92953
2.50233
31.3766
4.73528
0.00916375
0.405468
0.713042
20.2823
12.1935
4.1244
4.3759
0.298681
0.716059
0.000284492
20.8068
24.7128
24.8526
19.0523
10.9407
13.0602
12.3353
22.825
8.70496
13.0963
1.72446
7.77821
16.0553
10.9577
0.00235808
0
26.7177
7.5534
0.011679
7.56446
3.54101
0
17.3615
10.2162
14.5924
0.13961
103.992
16.6562
15.2727
11.5331
11.8897
7.07995
8.48367
5.56837
15.4252
0
0
0
21.9901
27.1553
16.5955
23.353
30.4216
39.7762
49.6516
44.5702
40.7847
44.8478
41.2129
23.3331
11.5255
5.93627
1.17535
1.34229e-08
0.559181
0.38462
3.16741
0.000135884
1.3646
3.37395e-06
8.65004
0.153863
0.0496346
11.5219
8.32493
3.70292
11.6156
3.85508
10.5447
1.75178
11.9312
7.77503
11.4085
15.1689
10.8486
0
29.1828
19.4069
17.8748
30.6557
18.9127
15.7128
0.948726
2.47738e-05
0.0846367
11.2294
6.59466
4.80705
4.10559
19.8241
0.0795751
0
0
7.68077e-06
0
28.1795
0.248163
27.9124
0
57.6388
33.6679
0
2.69277e-07
0
30.0549
60.1543
12.5854
7.18891
3.66024
1.77084e-06
34.9061
18.8696
0
0
8.74962
28.5255
31.0515
0.0268381
6.73091
31.3342
0.783869
17.1691
0
1.5494e-05
20.3067
0
0
0.133049
0
0
29.7969
0
1.1027
13.448
22.0728
16.0403
20.8706
4.18716
14.1217
0.0122901
27.6678
0
17.9153
20.1202
0
16.9212
18.3587
13.595
0
4.3961
2.5189
15.972
15.2189
3.48021
16.2216
0
30.5326
8.24712
16.8548
0.0522182
19.0599
12.9062
31.9015
22.2651
0.631379
1.07217
1.50097
19.9501
0.0303586
18.7829
0
0
0
0
15.1725
7.19435e-07
0
0
26.8352
0
15.4085
23.6865
1.17754
8.30838
2.84067
10.9605
12.9241
26.2149
0.000132157
0
0.00203828
0.00684234
0
0
0
0.365608
10.075
3.58587
3.25862
28.8552
23.8727
5.27856
16.3296
16.7515
1.77188
19.3377
23.3391
22.3176
22.1883
24.0943
32.179
23.8247
0.919392
7.79125
40.1134
30.7456
15.0825
26.8662
5.41148
37.0859
13.5886
0.621803
26.2196
6.45138e-05
0
36.9564
2.79541e-06
0.453488
9.1168e-05
3.92597
0
0
0
0.296346
5.75362
4.71855
0
1.31989e-06
0
0.162574
0
0
0.00873313
0.812243
0.908481
50.7711
3.69525
37.8886
10.1635
0.137351
0.0344791
5.42889
36.5207
0.958267
0
28.1866
7.68707
12.2683
31.6176
0.614279
0.522055
0
0.164014
20.0668
47.3186
0.0939254
0.173777
0.551155
0.0401089
19.0661
0.277882
18.0732
11.856
0.0259416
1.10645
1.8663
1.17689
8.9327e-08
0
10.9996
0.779848
0.00764249
0.462726
9.50696
68.878
2.785
4.93019
26.1193
2.26609
10.3704
12.7058
2.89255
15.6072
0
2.53501
0.0993963
1.4949
3.0001
7.16041
14.1936
0.132776
3.82434
0.517368
1.41813
0
0.00523906
0
0
1.0249
0
14.3646
10.7427
1.56547
18.8665
0.222954
10.3289
0.9538
0.381804
1.51366
0.00014917
0.000667714
8.26268e-08
48.7996
24.4182
24.0024
15.5876
13.5123
9.39459
0.0180397
3.25452
10.6562
0.00137046
11.2556
0
3.16385
0.0231741
5.24826
3.29732
0.0919683
1.00015
1.02437
1.57128
9.81132
12.0053
8.70136
11.6617
8.5545
3.5012
1.25328
0
0.0160886
2.66266
17.9437
0.00406563
0.967726
1.92235
2.35633
9.78303
0.560848
0.732237
0.0216085
8.65255
0.514485
0.0404982
19.1943
0.2625
22.6149
0.137777
0.959982
20.9128
11.0625
0.569011
0
14.9742
16.1201
2.59458
8.64032
0.905827
7.2153
4.24592
3.09538
0.929192
4.35788
3.37649
14.9199
15.22
3.87535
2.76799
6.32655
6.19936
6.6396
12.6974
2.16209
4.98082e-05
0.000223276
0.495541
2.7686
4.30001
0.05107
8.15944
0.0099115
31.1474
0
1.42876
0.685837
2.58407
1.05643
11.2815
2.4247
0.695021
20.2338
21.001
3.02519
3.69656
5.99283
0.112275
0.968655
30.5916
20.3467
6.55116
7.00073
0
0
12.5884
6.42012
0.0246758
0
8.33234
0
2.62194e-05
2.94609
0
0
0.8031
4.90679e-05
2.95376
0.0258121
2.7952
0.011263
69.7508
1.65814
0.374426
1.7853
6.90243
1.39289
1.84668
42.947
0.0126656
3.90889
23.2436
2.79229
0
52.305
0.782666
1.56294e-07
1.31727
0.149256
1.61556
0
4.75376e-06
0.0123811
12.9616
0.124144
3.97719
1.08745e-05
1.91593
1.47041
7.31192
0.275014
1.60183
0
1.37624
0.194221
2.34237
0
11.931
0
4.37418
0.0206896
0.0816905
15.7159
0.0745469
0
4.03713
3.06839
0.710239
0.00113573
10.398
13.8724
1.12944
47.3917
19.9863
11.7879
0
0.765853
0.226545
0.339039
0.838566
0.0741767
1.34474
0.254094
1.39672
27.8183
12.6074
0.158631
0.390649
0.0864288
0
0
1.05013
5.41364
0
0.657062
1.2574
0.716259
0.931651
0.556657
0.125174
0.0171781
1.63651
0
0
0.0155538
0.123111
0.00123225
0.000121825
0.466825
2.75119e-09
0
0
0
2.18513e-05
2.38196e-05
0.0881458
14.0014
3.68752e-06
0.672552
9.7505
0.00580961
5.84456e-06
29.8489
2.5771
11.4233
0
1.97656
1.62979
0
2.0281
1.76259
0
0
2.08532
2.29307
0.0377036
0.000976438
7.54029
0
0.327385
27.6193
0.0610265
0.0107973
18.5704
0
0
3.46816e-08
8.99033e-08
3.01421
0
0
0.493665
0.338825
0
0
4.76929
0
0.942066
9.86704
0.0892793
1.52087
0.0714961
1.61426
1.22812e-07
0.96357
0.00852475
9.14755
0.519468
13.7037
0.000625267
0.291347
0
0.508609
0.0786026
0.00891209
0
0
0
23.2506
0
13.9563
2.41843
7.24813
22.5171
0
23.6742
13.9591
25.3238
2.60457
0
3.07412
0.311823
24.224
0.602326
0.0878737
3.86373
0.858634
0
17.7227
17.6954
0
0
11.8303
3.66935
5.24467
9.14777
4.46388
21.1922
11.0673
32.563
0
3.64306
11.4235
0
13.3502
15.461
15.4766
12.6661
4.39759
4.37533
11.8532
18.5392
14.0188
19.2169
9.05552
6.52557
4.00126
0.833069
6.59411
6.57255
0.0752161
0.226111
0.00581432
1.02582e-05
2.39823
7.58189
4.41645
0
3.46554
0
0.67469
0.916087
1.83276
0.223806
1.97375
3.28227
1.62257
2.95677
5.63408
2.47241
16.0986
0
0.218014
4.99023
6.84898
5.43667
0.298387
0
0
9.05915
0
0.382415
3.9896e-05
0
3.05111
0.294226
0.0846715
0.63437
0.331298
0.343301
2.32448
1.47213
0.0544077
4.10949e-06
0
0
5.61858e-06
0.018968
0.0191847
0.97531
0
0
0.481516
0.126997
0.0658748
0.662779
0
0.503411
0
0
0
0
0
24.3395
0
1.70669
0
0
3.09121e-05
22.2965
0.0921016
0
0.0357851
0
0.0307689
24.2627
0.948262
0.393651
1.52378
0
0
3.00696
0.244197
6.65171
0.146588
0.358949
0
6.68204
6.39994
0.0366519
5.10928
4.45371
5.35097
5.56857
4.36708
1.11182
4.74787
9.95376
6.63016
7.13237
13.9496
0.312131
0.983926
12.7535
9.57382
9.52739
9.4456
21.1483
6.08844
6.25632
9.75723
14.7214
26.0579
6.72898
11.1186
16.347
9.11918
24.9658
17.2798
0
23.8698
0
15.8949
12.1977
11.5471
12.9458
3.79418
17.1919
13.9885
4.58469
2.68621
7.56313
12.9193
8.08426
8.4608
14.9217
14.2045
12.9387
10.6246
4.24
12.2627
8.42835
10.1631
0.00010033
7.50897
12.9549
6.26602
0
10.1571
7.03007
1.48085
0.118232
0.0554861
0.00860483
0.850181
0.544126
2.7561
2.20779
5.88299
1.51873
0.467804
3.27575
0
0.0724284
0.000220105
11.3721
0.301806
0.0540792
0.465602
12.3276
0
2.22298
3.51747
3.99872
1.00574
0
0
0
1.12431
0
4.28862
3.34042
1.74725
2.90505
4.48676
9.83146
2.4828
20.0016
17.1126
2.19352
26.6101
23.5212
6.80739
33.1618
22.8242
27.8049
22.7174
23.0188
13.3877
0.30113
17.052
17.0136
14.3987
0.0211407
19.8587
0
10.0751
2.82155
0.18351
5.81486
9.64632
4.84372
0.693468
16.322
0
0
6.82527
5.91867
0.757031
0
1.76935
0.660269
2.35082
0.786242
3.65557
0
1.19673
21.1968
0.00704376
0
0
0
0
0.0102546
0.000409125
0
10.7332
0
0
0.455381
0
12.8043
28.6668
0.264866
0.0422039
9.01746
4.00228
0.000179735
3.34566
8.39688e-06
1.2958
2.29712e-08
0
0.765352
0.196724
3.25646e-07
29.7559
2.9391
14.1687
2.75862e-06
1.14034
0.175818
0.499231
0.587745
24.6033
1.8575
6.43711e-06
0.667049
15.5924
0.322591
4.06418
23.5354
28.3065
19.6805
15.835
17.7311
4.27603
2.1684
14.537
2.64785
0.98466
15.7248
1.15489
0.376669
4.35629
2.09862
5.38335
3.54416e-05
35.8138
0.399883
0.979296
3.57898
25.2545
5.64558
7.01829
2.49961
6.02263
12.7793
7.5317
6.08128
7.19229
1.64869
0.00213316
0.000219178
0.00393759
0.772937
0.000518102
3.69487
32.8438
24.0467
13.562
0.20248
11.837
13.8536
0.106447
17.9937
2.90581
28.437
2.05611
2.58396
1.38871
48.3597
24.426
5.80944
19.1573
18.8855
0.219116
0.0858247
0.0140912
6.0964e-06
0.0493289
1.57111
0.00356921
1.87694e-05
4.47319
11.4488
24.0265
1.6676
53.819
0
0.089059
2.09715e-06
0.288671
1.38869
0.016866
0
0.00400632
5.9661
0
2.66524
21.178
0.791848
8.13472
2.5741
7.43041
0
0
11.4876
16.1437
4.72225e-06
4.85397
4.93762
7.26078
0.00961015
42.4761
24.4453
0.0189944
4.22201
20.2084
5.13527e-07
0
0.0587009
1.37773
0
1.55347e-05
25.6521
0.000129843
81.807
30.3688
23.249
0
0
0
0
0
18.6934
9.36023
26.6442
0
11.0207
23.7866
16.6355
2.97978
3.065
0.714298
4.31563
0.264952
0.169774
0
0.0608772
0.989748
4.067
0
0
0
0
0
1.40334
0
0
0
0
3.34089
0.0118578
0
0
11.5279
0
0
0
0
7.42145e-08
2.70492
30.6663
1.58232e-05
1.48472
1.84483
0.755005
1.38839e-05
1.36851
0
8.87851
6.7467
11.9053
3.20351
7.10458
4.88423
6.25559
4.25228
2.67241
32.5096
35.0727
4.90964
54.9596
40.8976
40.4081
12.9203
11.8986
12.6532
16.4363
13.8792
12.5583
15.111
23.3241
12.1826
6.99592
6.81162
8.70815
4.29597
12.0001
11.6947
6.31363
9.09496
4.12005
12.8609
9.30824
14.2096
7.74276
0.91205
0.923164
0.191022
0.415072
0
0
0
1.03256e-07
20.6658
17.9166
0.65833
4.31719
4.17788
3.08582
0
0
8.39712
0
7.53699
1.23947
0.505036
0.789522
6.05763
16.34
0.740719
20.7479
25.8266
22.0514
22.6346
0.774272
25.1041
0
13.6994
21.8431
12.6736
41.3605
10.0807
11.7247
5.50807
10.2836
9.3839
8.64661
23.6688
27.5058
7.7079
0.327095
9.55105
1.90031
7.8884
13.2741
13.8461
16.9105
4.45736
28.2532
25.3862
31.9661
33.421
33.8928
28.2343
24.8708
23.7733
17.5604
19.3914
21.1082
20.8299
0
7.56524e-07
0.133674
3.28222
8.07161
10.2265
8.03798
8.10742
11.6471
15.7419
10.9352
11.7937
19.6166
2.5562
16.4509
11.6539
5.99434
4.73863
3.4602
4.80312
7.76423
6.15721
9.004
10.8604
12.0857
12.1824
5.23174
5.57502
1.32298
4.73869
19.0123
8.66094
10.4485
15.8974
15.9497
8.98625
13.2585
43.0259
9.3168
6.19496
42.9155
7.42473
4.06377
0
0.480659
0
9.27954
9.9239
11.4892
15.8567
0
14.7359
23.4684
24.6398
16.61
23.4265
24.3083
19.8917
43.5662
0
1.10123e-06
0.184205
36.0699
26.4613
30.1355
3.36467
40.5908
1.76387
7.53949
0
3.41868
0
3.12372
28.6117
0.112553
7.88336
99.2354
45.9694
19.3605
6.43253
0.859898
32.4724
10.2635
32.2489
16.8365
7.80312
34.4623
27.8319
40.6078
39.5165
11.2424
14.0677
7.32248
15.5022
10.2958
11.0311
20.9025
11.9492
14.4332
11.0016
16.4506
10.057
31.1214
10.9042
16.8125
15.0378
9.40522
19.6013
31.0251
18.2176
19.192
0
20.0671
0
5.60567
11.0515
20.385
19.9903
9.10158
10.8937
20.0495
14.176
17.7869
10.8567
10.8646
13.4599
5.34967
15.7857
9.77403
8.77476
9.09013
13.4212
7.49504
5.80133
11.4073
12.309
1.06326e-07
10.3007
3.91789
13.1375
7.31176
13.9827
0.122603
2.46624
0.940125
7.49326
11.2002
9.43567
0.365512
20.0843
18.1385
9.70175
8.72957
4.63697
13.6719
15.9341
21.4399
2.20947
2.23416
0.34077
10.0685
14.9659
1.71184
3.50238
0.706501
3.53388
1.32587
0.130228
1.15985
1.63335
0
3.13808
1.91105
0.0116215
1.02309
10.6238
2.44095
1.40283
0.919053
1.54973e-05
0.00631719
0
0.0135315
1.91196
0.254222
1.32373
0
0.136283
0.598135
0.921963
0.318158
7.23716
3.21428
1.89242
4.20527
0.312243
14.7087
0.624222
0.292975
0.187224
0.362132
0.601665
0.454899
5.24252
0
12.9525
0
11.9811
0
11.3302
0.0683437
0.38967
22.029
0.129427
22.4392
7.68692
10.8219
0.00186756
31.3614
0.000391461
0.00806838
0.387107
0.000711312
8.75961
16.5819
1.99578
0.000462064
14.5879
0.142135
0.112746
5.2367
0.232927
4.77029
0
3.32284
0
1.48176
2.17257
2.87767
0
8.17708
2.10032
0
5.20279
15.7336
2.24447
11.3036
0.508133
16.8519
9.0285
11.7197
9.73323
0
0
0
11.6223
16.4095
0
0
0
3.40477
0
0.000355046
0.786815
2.53936e-05
0
0.396679
2.26562
0
0.893076
0
0.701282
0
1.83976
0
0.922791
0
0
0.668174
0
0
0
0.608456
0
0
0.303589
31.2174
36.874
28.4389
21.8926
33.8368
5.08742
2.42478
0.969906
0
0.0232247
0.623168
12.0584
6.75047
6.20639
0
1.88949
21.6172
46.9519
28.7656
9.27262
26.2065
2.73222
20.1205
18.0881
2.3832
1.46103
5.24931
3.73295
10.4798
4.31542
4.71446
14.9999
12.7856
1.66686
22.1368
1.21872
6.25251
4.71675
15.4326
0.630266
27.7558
19.8171
0.134987
0.0192178
2.66017
1.83313e-08
0
0.867023
0
0.12483
0.538395
0.493036
0.000529859
13.8689
0.0180519
10.2012
3.61885
18.2623
1.69201
2.60088
25.0375
22.4978
20.8701
0.636996
0.906394
20.6778
21.131
27.3887
34.2837
39.7585
26.5397
36.1104
0
27.3026
0.172667
17.3924
24.2985
30.9552
6.46836
0.0860543
30.0012
5.10851
42.2364
2.82138
42.6533
37.9556
10.0943
5.34523
14.337
23.4145
10.7624
14.9828
1.59183e-06
4.49877
31.7441
1.23923
2.04639
33.0223
0.0305192
15.5382
2.19928
0.0468533
1.90179
0.0761986
6.13554
4.17556e-08
32.5202
49.079
16.9083
19.7612
8.24632
6.06381
5.06903
2.64804
0
0.0806812
5.95759
19.0735
25.0739
16.6456
28.8326
19.7344
19.7652
10.9393
13.281
16.475
3.80978
21.6798
0
0.000292033
0
13.652
1.65262
12.088
28.1533
5.62651
0.194821
0.000128314
2.63768e-05
0.157489
0.0166147
1.18991
2.80336
0
0
0.00823579
16.1531
1.0594
0.413479
5.83877
6.78733
0.134317
22.7998
1.96787
2.4413
0.999965
5.13
0.973938
0.0123981
1.30877
0
0.803648
0
0.0220306
0.000133878
0.436156
0.00149048
0.046226
0.186267
0
0.00954378
0.936288
0
2.70297
0.209197
0.000679204
6.01306
7.37847
7.09295
3.61762
0.00250572
5.2504
9.09225
0
0
0.00409504
0.0230372
19.5119
4.69395e-08
15.0825
13.9875
36.2308
11.8921
10.6712
4.01633
11.7812
2.47401
7.84543
9.18158
0.0945592
20.0001
14.7264
1.05037
2.1274e-05
10.643
0
12.7817
8.31603
37.3461
8.01941
15.1194
22.1846
1.23268
25.2068
6.4619
14.0337
9.13135
0.856661
13.5248
0
20.4937
7.68322
1.76233
7.81939
3.47095
3.18211
2.31054e-06
0
3.43916
1.37653
1.54861
2.11159
3.71088
0
6.79517
5.19363
23.8008
16.0017
17.2895
28.9725
20.0179
11.5262
16.868
20.0193
33.3758
16.6926
13.2383
12.4868
24.8863
2.3013e-08
3.47746
4.3934
14.1023
14.3773
7.43661
8.94669
4.98942
3.92255
14.8368
12.8227
12.5549
18.3373
22.1479
5.1555
12.6975
20.5194
6.16971
8.88239
7.67079
7.45943e-06
11.8189
12.7441
2.66671
6.17275
10.1139
0
5.94245
8.27687
12.0739
2.95004e-05
0
19.0665
9.03973
14.9847
17.2695
1.88059
15.3147
10.3076
3.57202
17.2188
25.0694
15.599
4.203
11.016
32.6323
29.2135
15.0669
32.2728
24.5667
27.6818
17.9616
36.6565
34.7072
1.92649
28.535
23.3106
20.9137
9.48411
21.2711
34.2838
47.1578
32.4154
0
36.6071
32.5143
32.3115
3.29549e-06
10.6308
15.751
28.1394
37.7152
7.90509
29.2151
23.017
0.791237
0
2.07102
0.732326
28.2893
0.0368612
19.3546
21.9612
34.2987
26.9217
39.3813
1.02828
37.2772
0.142569
26.9656
24.9535
22.6496
26.7633
18.9293
61.8905
56.66
12.3927
32.66
25.759
17.6887
23.9396
0.00255603
14.457
10.1142
17.1786
0.858978
12.5996
12.7743
8.96062
12.7421
4.648
18.5155
10.419
0.963691
6.31623
5.8753
6.69331
18.6225
15.5096
0.230191
8.14173
8.92885
3.82143
8.34319
0.920647
0
2.0565
0.636316
18.0902
2.01005
17.9001
20.2468
12.2644
12.4661
2.89348
5.38634
41.4721
0
4.6542
3.96617
5.75152
0
20.3389
10.4683
8.16434
14.2391
8.15228
11.6594
12.7609
11.5689
20.6268
14.1392
6.96183
22.3084
19.3629
13.1714
4.90223
16.5845
46.9307
0
12.2932
6.93839
27.7402
0.818663
4.34461
24.0535
10.4633
25.5289
21.2175
29.0971
18.2671
10.4639
25.9575
22.8942
25.0978
10.5541
6.35649
12.6425
34.712
52.7959
8.11915
0.625279
9.35629
36.3766
17.8622
64.8749
21.1684
5.17048
22.5353
31.2709
15.9515
10.6236
0.00218626
10.1601
2.36464
11.1635
16.9718
6.26194
0
6.44944
15.4174
16.2011
22.5694
13.1357
4.95798
6.00236
1.80946
6.23431
29.5461
3.71958
12.5534
14.591
5.72335
14.8873
7.12513
18.8779
7.35967
2.9001
13.5871
14.0354
12.6405
29.0649
5.63612
10.2098
0
5.7386
0.991115
6.79724
1.00603
1.52199
6.00058
3.60413
0.455931
12.3208
0.419848
8.19376
0.00185178
6.75525
2.49967
1.87284
8.26045
1.16879
0.0771794
0.913771
0.0699508
0
10.6538
8.03608
13.961
24.0547
15.8641
13.6683
12.1973
5.08701
4.04565
2.10636
6.77214
7.87299
0.0358959
8.90247
16.08
4.46214e-06
6.96658
1.25615
3.37685
2.54345
0.823984
2.65298
0.817216
2.31665
19.801
0.048124
0.0785605
0
1.19387
0.857224
11.684
12.6883
15.7922
0
4.82945
10.2276
14.6868
10.9656
9.96761
8.3045
7.64194
7.32204
6.67877
33.3318
10.995
0
10.7458
11.4421
7.00077
8.06972
0.0226166
9.46935
12.7679
14.6154
3.67042
3.46572
7.8663
114.128
7.96248
21.7971
12.1071
106.624
11.6138
4.01945
9.19126
6.5031
6.51321
8.9068
11.5808
48.5498
9.64983
7.47272
8.30133
8.59064
4.04458
21.7587
11.2359
6.01631
0.0058699
0.00044238
19.0431
18.7845
0.17352
0
0
0.947355
8.35158
0.0253664
0.147355
0.539524
0.00229808
3.3729
0.00420354
1.86066e-07
4.60412
0
6.42293
16.1782
0
0.0386491
4.98429
0.578791
9.94685
0
1.29008
2.90842
0.0302988
0.123632
0.116582
2.15911
0
2.8673
13.5603
6.65766
0
0
3.62183
0.407795
0
0.267715
0.0681965
14.6691
6.15727
8.76029
2.95952
9.40519
3.96696
22.4654
3.41864
6.78632
6.11531
8.07766
4.77801
15.9945
4.77176
2.17597
2.82949
5.49866
5.88802
1.86739
1.74256
11.0382
48.0375
52.3026
41.8726
21.077
1.55657
3.29725
0
0.416709
7.86327
7.82539
10.8466
1.31022
2.46262
3.87457
39.0668
0
7.02678
15.1574
15.433
25.8018
16.3708
10.083
14.7497
18.4861
7.45877
15.7634
15.2157
21.7442
14.466
7.70355
20.1817
0.127663
18.2813
9.95142
3.01327
0
0
2.03352
7.60702
0.479001
0.890533
2.27639
26.7249
32.7664
4.13892
5.56048
5.73157
5.82705
12.9213
3.85993
8.64123
0.710313
0.0286444
3.15
10.1242
121.994
9.65364
63.2026
13.2556
14.759
14.7356
0.0121716
0.303489
2.40963
6.90822
17.1337
4.18008
5.25186
0.000217958
17.0208
8.99711
0.956186
13.4405
3.49204
6.35824
0.945206
30.3331
29.8268
2.73117
0.0392695
13.8226
33.7239
0
0.00174305
0.0661964
0.202711
0.533098
1.05915
12.6361
0.176827
3.32671
0
0.019719
0.0864098
10.0517
0.19156
11.1961
10.3833
0
14.6492
1.30538
0.0175998
0.301736
6.48785
1.38894
0.0407904
0.00109245
2.5328e-06
0.75484
0.0187478
0.00824376
0.028731
0.0127377
0.086976
2.09304
3.93214
3.16787
1.62031
0.157204
6.91712e-08
10.2595
2.83353
8.03935
29.3959
10.7857
6.02413
11.7412
24.124
17.7577
6.63007
16.3431
2.02483
1.38468
6.97187
1.28629
8.90547
5.39511
3.39014
3.67455
8.10655
8.4953
5.03459
4.61413
17.4493
0
0
0.00444967
8.59134e-06
0.0409169
1.12543e-05
1.11359
0.95104
0.021329
0.000277772
7.69188e-07
7.1733
0
1.69762
0.0427749
2.16227
0.000155329
16.3075
9.28493
6.05839
4.48736
29.8368
19.2981
18.7128
0.688932
8.86835
18.3367
11.0165
2.15809
12.2216
46.1413
1.50945
2.798
18.0284
0.227934
51.3369
14.3023
17.0398
33.0812
19.9882
7.54112
7.891
0.000805241
4.85171
0
5.76262
2.29986
0.00568308
23.5256
25.2165
0
13.1805
11.1119
13.634
12.4854
1.3274
5.87834
13.495
33.8239
9.51677
17.3408
36.3123
4.6776
10.1212
5.89426
3.19594
1.97527
1.59825
12.4558
0.158244
0.792109
0.977219
1.1469
1.71243
0.0657909
1.02072
1.05329
0.642787
0.828603
2.29195
0.311796
0.013575
3.60485
1.96463
0.888412
0.688463
0.00299187
0
0.011461
1.58311
0.218356
0.750083
0
0.235122
0.64073
0.560949
0.317084
2.96584
1.39276
3.49836
11.7397
0.313102
17.0507
6.52373
1.13756
2.37571
2.61056
0.000415519
0.181948
0
8.76679
0
0.0672651
3.27946
9.89199
0.483027
1.85496
25.712
25.6566
25.5351
4.94351
5.26332
31.9201
0.116499
21.1477
20.6604
0.8962
0.000534175
8.72213
0.00480881
2.11406
17.1512
0
6.1183
0.396462
17.506
0.321235
0
0
0
5.87316
0
0.000526893
0
0
13.2895
56.6321
39.3217
27.0489
0.510287
31.7477
12.9916
3.00083
17.6586
9.20685
17.4191
7.49168
0
0
28.6294
0.612818
0.0794606
0.370407
0.041503
0.0712071
0.0824195
25.1754
0.00756932
0.41618
17.9142
0.264182
0.383642
0.000630604
0
10.8483
27.7338
0
0
0
0
0
0
17.9418
0
1.25875
8.51617
0
0
1.15361
1.07731e-05
0
0
8.62585
5.56037
0
0
0.0038248
0.000181819
21.3907
0
0
0
11.9148
0
0
0
0.101357
0.533876
1.7226
3.50095e-07
0.0990134
0
3.41472e-07
18.6052
1.03093
0.77606
20.4714
0
0
7.36387e-06
0
0
0
0
1.87003e-06
0
0
0
0
0
15.6396
0
0.30114
0.0487404
0
0.293427
0.383661
9.09452
0
0.0979835
0
0.0451345
7.67403
22.2881
6.64291
2.56981
1.18166
0
0.379624
5.70757
4.12352
0.0408739
1.82924
1.15527
0.330651
21.8016
0.0522445
0
0
1.81235
0.657754
0
0.280562
0
0.00150134
1.52249
3.34542
0.445731
5.44696
0
6.28946
0.914802
1.19543
9.8836
0
1.20344
9.98061
3.31789
3.78634
7.74449
14.6947
0.141358
4.45321
1.1316
0.0306568
80.2107
1.51674
0
10.9533
0
1.10731
0.981566
22.2415
0
2.56925
17.5476
0
0
0.034671
0.00445294
0.185789
0.0280775
0.053868
0.625411
0.00215937
3.5448
6.00545
2.48168
0.0923749
10.7697
5.36254
0.315018
0.102889
2.40392
0.00134678
0.106061
24.7467
9.97009
1.33623
0
10.1516
13.6619
15.7627
12.1411
0
19.3128
9.90291
19.0817
10.182
1.04387
1.02544
14.2222
1.5597
29.0847
1.41391
1.31989
12.6216
3.19191
0.461536
0.531058
0.000178364
14.5325
0.00160678
0.00071789
21.9103
41.0663
0.0386595
20.4667
7.84248
7.48213
7.27344
0.514945
18.3071
25.3577
0.465353
3.02998
21.843
15.1908
1.48669
9.70523
27.6408
11.0125
21.2381
22.9914
31.4883
19.5991
29.1448
17.3308
0.915679
23.4322
0.00192648
7.24339
18.336
10.5884
8.6282
0.0443659
0.754865
0.133902
0.215298
0.252299
0.26158
0.983574
0.24244
0.350915
1.95856
2.24042
0.902797
0.00145593
0.307221
1.37538e-06
1.52908
0.0958396
0
11.3573
22.8357
1.47145
9.60355e-07
1.6451
9.08105
0
4.09044
8.1994
11.2029
12.4199
16.394
23.5223
0.0302904
2.95768
0
0
25.2226
0
0.531012
15.148
1.45652
0
29.8035
2.90996
1.06941
0
1.88892
20.2645
7.48358
0
13.1353
3.13485
1.72668
30.5032
12.1193
7.88339
13.9145
7.79469
2.92577
7.44816
6.99922
5.59865
2.62595
4.20403
4.37571
5.55117
3.45629
21.6268
1.16647
13.1753
20.6849
0.801004
19.2045
15.1623
22.5852
13.4867
0
0
0.00668603
0.00426824
0.0133379
0
0
0.308425
0.0223666
0.857153
0.000203118
0
15.7117
16.6664
1.55339e-07
61.242
5.86594
7.91126
7.59884
7.23455
8.63924
0.0186092
34.6941
9.2344
9.04213
7.84268
5.58183
11.6497
1.84461
8.57056
1.29775
9.06959
11.457
59.2212
11.2545
7.45977
9.8069
9.00017
6.9273
3.76419
0.0256935
0
5.87966
0
0.536501
0
20.09
1.3768e-07
4.58114e-06
28.8737
11.704
9.87435
6.21871
8.50072
4.94229
0.0538089
0.99623
0.0312955
0
0
18.5417
0.217684
0
0.0300715
49.1731
12.3735
10.5602
6.41929
6.67408
2.11686
4.42442e-06
0.547129
1.96524
1.54859
2.08077
2.11665
1.10019
2.48431
0.000383801
0
8.05172
0.000299246
0
7.49723
7.16462
0.513367
8.11768
6.07407
5.46432
4.07097
0.0523889
0.519089
0.536198
2.36752
5.74183
0.0939738
0.0465558
0.789208
28.9327
2.53749
0.085479
18.0737
0.248846
18.3071
0
9.67909e-06
15.5602
