10.17
6.47423
5.48911
0.202294
0.204766
18.3953
0
14.3554
2.78919e-08
11.2455
13.9868
0.230722
5.7448e-06
2.7486
15.6715
0.00954974
3.59722
27.5316
36.7892
6.12038
36.1346
0.000871165
0.00199958
0.0101745
1.64751
1.55673
2.0771
1.48287
9.59211
2.17102e-07
0.37415
2.5923
0.968851
0.284201
0.125127
0
2.86341
11.2319
7.9351
11.6709
8.20433
22.2788
2.71036
9.27398
1.81605
6.18883
6.31892
0.679206
5.73948e-08
0.000640131
0.0544734
0.182092
12.8497
0.683779
3.23201
1.09274
19.3083
1.16548
1.27362
1.85178
15.7462
0.963757
12.8665
1.99611
13.3751
0.00135351
9.94927
3.74589
5.97274
0.837514
12.2541
0
0.00134111
0.502396
0.731332
2.68408
15.6927
2.87972
1.4413e-06
0
0.285936
0.470956
0.950102
0
11.819
0.736763
4.35993
5.27948
4.24575
2.5208
9.30949
6.95556
0.915108
12.3508
7.2296
8.23694
8.10531
11.9783
2.43804
0.0133953
3.35529
7.8798
4.99901
9.68257
7.17549
4.77947
6.7721
3.80542
0.937299
11.275
4.43945
2.48418
5.42162
5.73903
1.72545
2.87806
1.34078
2.72281
2.38805
5.27884
4.99183
3.09014
3.43355
5.36817
0
2.8892
1.30004
7.35875e-06
0.012617
0.000500614
2.58458
0.361061
0.00149554
7.5601
1.44674
0.120154
3.74937
1.0029
5.8484e-07
0.293259
0.00637912
0.0285707
2.81554
0.460978
1.58573
6.21654e-05
0
0
20.0218
45.1279
0.764796
0.203166
0.526709
0.620915
5.52882
10.3442
14.8666
12.5232
4.99202
1.00525
3.9216
20.7383
2.38256
2.27198
0.976659
0.0489925
3.16737
0.474772
0.0297115
9.72104
2.33697
3.74161
2.33709
0.139314
0.712638
1.06146
0.279614
0.00570928
0
0.0537177
4.61445e-05
15.261
0.0181052
0
11.8931
4.75765
20.1539
4.57955
17.8976
41.6154
14.3556
19.8847
21.2402
28.4057
0.865978
0
8.69976
3.20139
12.2985
6.16807
15.1289
55.4728
32.4499
35.2142
9.7254
3.30388
7.7181
2.74325
76.3365
7.62977
33.8098
22.8566
0.890063
31.5684
17.9104
26.0013
3.78812
41.7914
32.7227
4.86298
1.25955
7.21039
26.2499
1.14452
22.5881
20.1001
25.5955
18.2241
12.8981
1.35821
1.99087
5.22002
12.2846
1.61812
7.88469
5.25423
7.00776
5.8164
2.91875
12.5219
3.10563
1.18885
2.69967
0.151013
1.90821
2.22347
0.560095
0.00166218
0.927447
5.47948e-06
0.231677
0.482354
1.44083
0.89646
1.28938
1.52725
1.08772
1.67433
0.181924
0.392858
0.410489
0.346431
1.76934
0.0573944
0.00714033
0.157894
0.459468
0.239445
0
0
5.1162
0.24437
11.4539
0.125421
1.01391
1.03704
0.553181
0.0781227
7.56553
0.0856866
10.469
0.021944
0.893486
0.00204239
0
1.55711
4.11116
2.06206e-06
0
10.0011
5.08484e-07
0.0826013
4.02186
6.16369e-05
0.0129194
0.234197
0.968323
13.5708
3.61679
3.89107
8.8689
2.65805
5.08269
3.33359
2.41117
26.9982
5.95107
3.78197
0.383656
1.18385
1.69742
1.17313
1.5479
4.51428
12.8856
17.0916
21.7436
6.97602
6.07716
7.90029
0
1.92844
1.61072
3.45395
9.40027
5.17891
1.92452
2.75296e-06
0.23873
4.65521e-05
0.0541494
0.037654
0
0.8283
0.302679
7.79104
5.58641
3.8198
5.84392
0
68.276
0.891063
10.1389
0.151894
1.55538e-05
0.590033
0.14021
2.42613
1.4585
1.43392
0.905354
0
12.3335
4.2924
0.0225395
1.59931
2.64154
4.06043
0.822247
0.269111
0.752288
3.47995
0.780128
1.70413
0
0
0.543115
0.0509921
1.6088
0.462555
0.268474
0.00115407
17.4182
0.774452
3.29111
1.20747
8.22874e-07
4.88414
18.0308
24.1798
11.6977
2.79412
1.61709
4.74726
12.7264
9.40749
0.413306
1.07539
2.31938
7.94978
2.775
3.34306
8.06428
3.23971
0.808221
15.5239
15.0558
10.0141
3.83857
30.8243
8.02968
27.0422
13.9677
15.9025
21.0949
6.62509
6.14201
8.49004
7.12177
2.71924
10.5952
2.00275
9.79111
13.8036
5.34543
5.06474
39.6484
21.2348
9.56477
1.7123
4.76869
4.18795
5.12066
10.4176
12.5474
12.3412
17.3301
5.20433
9.5559
12.1561
4.33701
8.99963
16.1577
12.0196
13.3709
7.54847
14.7799
0.380581
2.39324
7.55399
4.38768
5.41478
9.52967
16.4768
14.5158
0.0592817
2.88317
0.0206652
2.34749
4.11357
3.6748
3.00919
14.4341
2.78631
13.5061
12.0524
25.2637
13.4827
10.0085
8.16304
3.69671
0.0268538
1.62681
3.12131e-05
2.43695
2.25707
3.22198
3.17703
0.334122
0.0726219
2.49785
0.576899
1.27874
1.67188e-06
2.034
1.81582
0.301268
2.83211
1.96872
2.11072
10.08
2.40758
0.0016065
14.2288
18.5317
6.76775
6.52676
9.34864
1.02242
13.4487
14.0331
21.9356
9.05769
0.597832
0.844738
18.4547
1.50242e-06
0
0.00313553
0.006967
12.3294
19.0596
15.8843
13.2492
34.2031
13.6751
4.93132
9.9799
0
3.04151
6.62834
5.75039
0.616356
9.6124
14.8035
13.8913
17.0864
4.72751
16.1657
3.78722
1.61178
10.0091
7.8302
0
0.000193427
17.738
0.000378841
0.269331
0
0.760389
0.811105
5.49727
0.00324802
3.07397
0.728572
4.4347
0.58792
0.0529013
1.25835
11.593
4.07392
0.183962
5.09834
4.95138
0.733766
3.35718
5.72664
1.71727
8.67857
15.3103
21.4479
16.7402
0
22.0726
0.509928
11.66
21.7318
13.3141
19.7153
14.6164
8.74554
1.09727
0.824774
8.36097
0
0.0673198
4.48054
0.0141819
1.27163
3.54072
7.89459
14.5499
2.79637
2.82831
1.74362
0.515929
3.56402
9.55942
25.5826
3.21966
0
6.00478
0.773551
8.29336
6.40804
0.289229
6.66304
1.1334
2.61136
4.75877
0.244238
2.23445
8.39146
1.34839
12.2839
17.3086
35.4783
1.49263
0.687708
21.7146
12.1158
10.8139
8.1698
0.0304034
1.65059
12.1529
0.223429
0.15182
0
3.39812
0
0.72767
26.412
8.84582
5.14007
0.0191098
0.0256472
1.01856
5.10289
0.0651339
1.52199
0.727821
2.53412
2.48212
1.49765
0.14106
1.26302
2.49106
1.09749
0.00834527
1.22845
0.170198
0.00360208
1.91195
17.9632
0.0111189
15.4816
1.9939
3.02667
0.0461271
9.89245
1.77124
4.40918
7.01431
0
3.98886e-06
0
0.146547
6.52399
29.8855
0.437179
9.92313
1.59156
13.7314
4.85606
6.53304
19.1142
0.146216
0.499044
1.02452
0
0.966606
0
0.431198
1.31403
11.8218
16.1295
16.9352
9.70262
3.30356
3.04172
10.9222
5.31305
30.3425
20.522
0.000699468
3.44261
0.0604477
18.8707
13.2696
2.82364
0
11.8834
9.69383
0.474804
7.57524
0.395405
0.275758
3.34308
2.32701
2.73963
7.05774
5.8403
3.80989
15.9338
1.68244
1.68742
0.250636
1.10424
0.949884
1.2015e-05
0
0.000173421
0.0134174
0.190267
24.4541
2.86815
1.76904
2.31249
0
5.83823
4.13943
0.135339
3.88577
7.42186
7.18281
4.02816
5.76736
7.7484
9.41831
14.0757
16.3939
8.88476
23.4741
26.3573
0.0194817
1.10604
23.6325
1.75671
0
7.48768
0
33.1554
57.3604
15.2143
8.07287
16.7464
5.94857
12.6676
0
0
10.2982
28.807
0.0822517
0.671624
0.628525
1.05247
36.3727
0.693175
3.6775e-07
1.78797
5.49756e-06
0
0.88661
1.56316
3.83098
9.2647
7.4592
0
0
0.572033
6.35389
2.97334
0.0199419
2.5383
22.1653
0.836057
19.8031
1.18638
4.76095
22.0623
3.75131
24.9503
1.10802
6.6973
3.66791
0.0151509
0
0
0
0
0.527947
0.000231535
0
0
3.43203
13.1495
2.90356
25.0211
9.18929
1.51716
12.3507
4.05963
2.21344
3.51864
0.00857718
7.949
2.29065
12.0199
1.59056
7.09377
8.33949
9.23537
0.393431
0
10.3268
3.01189e-08
7.249
0
1.05023
0.987154
4.91321
9.58096
2.05381
2.68184
3.08254
24.0749
1.69298
0.305098
1.25857
1.25759
0.444484
0.0252903
0.516282
0.0874287
0.000917318
1.58796
7.08403
4.1106
0.776396
2.56553
10.5246
3.05047
5.55194
12.6503
3.98942
23.7553
0
0.0864606
3.27333
15.3027
4.30051
2.92913
2.58088
0.000203347
9.75607e-07
1.92366
15.6331
3.15647
6.33919
0
9.31104
13.6737
5.29087
0.62607
8.24384
3.5037
0.527406
7.46685
0.00374239
0.0180438
7.2735
1.37603
0
0.704693
7.34011
1.61608e-05
1.39766
4.16355
8.2715
4.48686
0.0776279
0.83147
14.5596
0
27.8276
0.0662189
2.7973
0.0407334
1.03394
0.011183
0.251051
3.81853
0.279488
0.445531
7.59857
6.33323
8.99361
4.99285
0.271843
15.739
9.99259
1.71316
1.20023
0.000537289
9.58328
0.00325241
7.15887
10.0339
3.15251
6.92611
2.66352
14.2865
4.70285
8.52044
10.3975
1.49855
10.3467
0.568677
0.521216
6.05659
2.91813
4.17251
1.33216
7.32511
9.72491
0
6.85952
0.337482
0.528798
0.0951877
0.079457
0.00066972
17.3183
1.20941
4.20552
1.49576
0.943354
0.374617
2.31597
1.74062
8.06712
5.96046e-06
14.9269
8.04433
2.95484
0.0196963
0.157314
0.762097
17.4044
0.693792
11.2755
12.2674
0
0
31.5361
0
0
11.5673
11.885
5.40167
0.000782156
5.73203
19.0708
6.3764
0.454814
4.10274
12.2648
1.24311e-05
0.0187524
18.6714
0.210568
0.400377
0.775178
3.88083
6.58033
7.39846
11.9025
0.0419759
1.62602
0.00626916
6.12427e-06
17.1226
21.8946
0.894597
5.72059
10.533
16.5296
14.3859
0.0207813
0.581079
1.3432
0.697545
4.98492
0.706092
1.85231
0
9.03002e-06
12.8267
0.0375423
7.7427
0.61866
1.82665
0.0389155
1.04541
0
0.0231778
3.05694
18.3835
8.93178
14.9564
8.59868
0.0184313
0
2.59055
0.111772
5.95678
2.86635
2.77569
0.00126804
0
4.1207e-05
3.0233
0.000232689
2.22956e-06
2.98865
1.25791
2.0965
6.82771
3.02986
0.000351562
1.36804e-06
19.8861
29.1322
6.0065
1.00912
3.55539
1.10379
3.04207
10.4704
0.97917
1.69205
5.49269
0.0121428
0.200503
0.0293544
12.52
9.23057
0.646694
3.68724
0.956613
1.62945
0.78401
0
0.469568
25.2778
0
27.6557
0.0183843
6.55822
0
15.1102
11.4585
6.2945
12.239
2.25863
1.17088
28.6469
5.14469
0.610307
0
0.011792
6.07079
18.2036
7.01624
7.299
0.515699
1.58904
0.378492
11.5543
14.6243
11.8895
10.9572
2.54202
34.3995
2.65082
5.48827
15.161
17.152
1.43509
2.96317
1.888
8.32851
0.133246
0.000612101
16.8202
14.2823
0.791427
4.17992
1.97358
0.000284252
20.6356
10.3891
16.5185
7.9944e-09
2.91443
2.96942
3.53376
4.5762
15.818
6.97011
19.286
10.4596
7.1941
0.921626
0.0531944
0.155757
11.0679
16.1355
11.6009
15.8125
6.5463
3.28734
3.43355
16.1116
13.9986
39.8835
38.5339
12.6394
4.06933
9.21689
0.880966
1.48237
0.000645758
0.624225
1.71093
1.26457
1.36137
0.0274861
12.6169
0.498142
3.46015
4.15923
12.8353
8.78987
22.8671
5.56888
15.126
9.79135
4.34751
1.49175
1.90244
8.88807
4.50609
0.0214593
5.6798
6.62614
3.82606
10.858
10.8522
16.0315
3.42733e-08
1.16145
0.719886
15.7355
2.57494
1.8762
1.30909
2.81995
0.965935
6.98587e-07
6.58163e-07
0.163936
0.693859
16.704
1.42
8.59801
0
22.2329
11.5197
0.630403
0
0.0046112
5.20509
2.4481
22.76
14.4033
1.4502
9.46456e-06
22.9397
10.1338
4.53941
1.25238
6.98301
9.32379
9.84937
0.00443684
9.23537
8.51807
2.14608
10.2629
5.77661e-05
0
4.51007
0.685839
0
0.947076
0
0
9.96462
0
0.955419
7.68327
2.73314
1.20297
6.61546
9.56461
3.85241
0.00156058
11.1439
0.471467
6.50257
12.3922
0.000191637
3.5436
6.3017
7.2059
0.622114
0.633156
0.122356
19.6742
17.4127
2.53453
8.28097
0.0040204
11.1391
20.6349
15.1957
3.39283e-07
4.76602
6.71728
33.5651
4.32672
8.25546e-08
0.108529
1.8505
5.01801
1.1212
4.43318
0.0847328
1.67215
1.04444
0.369101
2.95463
0.844947
0.897437
0.877011
4.64242
0.62788
8.81041
8.32536
0.992679
2.39355
0.0788831
2.29772
13.241
6.00228
0.0389703
0.0817139
0.907823
0.132411
0.769049
0
0
1.51413
21.3976
2.92621
3.6252
2.75068
7.7652
0.896008
8.32127
11.8357
0.120809
7.59547
25.5371
34.7662
43.7069
45.8224
26.802
11.4806
0.491813
7.43726
17.5404
17.7708
12.9
36.3781
1.38099
14.5645
7.4712
1.45172
11.8836
0.00188729
0.365319
11.7494
1.32026
0.0163492
2.73737e-07
9.70421e-09
0.0130238
9.52874e-05
0.0300203
0.0433489
6.01248
3.05124
0.00977882
1.00913
0.0554077
1.85945e-08
6.07489e-07
0
8.93026e-07
1.07527e-06
0.00010676
4.75045
6.19956
28.1028
25.7337
0.57118
0.0101282
15.859
7.38599
0.944494
0.394127
6.05897
1.34356
6.74024
8.57725
0.00207758
0.327525
6.91767e-06
1.60481
4.1609
2.27187
0.712264
0.667132
3.39289
0.841063
0.00282817
9.35374
9.81543
8.91377
0.44716
14.1179
4.57695
4.16803
0.0326485
0
6.29164
0.00520354
0.20423
0.920684
11.86
30.8971
3.09133
0.0195038
22.1886
0.934198
14.6639
18.9651
3.23863
10.177
0
3.52878
0
5.84954
13.209
3.99403
7.06296
6.83164e-05
2.48696
1.06027
8.89254e-05
0.0714465
9.37896e-05
1.89488
0.853199
3.34225
0.0487605
3.44985
10.4264
0.428142
19.028
5.89063e-05
6.80443
0.131446
2.1144
0.892919
8.10978e-07
0.12322
0.027383
3.81589
5.51059
4.07022
30.2275
8.07835
4.99902
0.0354672
9.54684
25.3387
0
6.63363
0
0.406728
0
4.01326
12.2381
0.689146
0.160366
0.0609601
1.0289e-06
5.05044
2.86026
4.93361
3.90064
2.3053
0.337653
0.0328559
0.00364222
0.0287407
7.09273
1.41154
0.00140139
0
4.07053
3.57774
6.90326
3.66241
0.581345
1.11362
7.34089
4.42609
0
16.7709
0.000449485
14.7882
1.36581
1.11504
31.3202
27.6864
0.477677
0.0229478
17.6431
36.7576
4.23822
11.4355
2.03293
29.878
9.4169
3.94746
1.01477
6.41467
4.0261
5.8418
10.8002
8.84697
9.96331
3.91472
3.98695
4.20277
13.6665
0.588195
0.0430093
2.78313e-05
0.0195315
0.163038
1.60039
0.00507986
3.62992
0.2598
20.1926
3.57722e-05
0.500321
1.35529
1.8849
0.488709
14.3415
0.814821
3.15936
17.4279
11.8918
7.20021
19.3282
5.44233
0.0209777
0.171868
13.543
14.0725
22.4527
13.1898
0
1.43763e-05
7.65571
4.27561
1.76699
0.257894
7.01674
0.00228166
0.382545
0.568292
0.648947
0
0.0677415
0.0516205
7.22145
0.186472
3.3246
0.00012561
76.6954
0.465944
0.0137845
0.922564
3.10964
0.960105
1.31654
3.76516
0.0306023
8.39309
36.2894
1.48399
5.17337e-08
58.41
1.05044
0.00683076
1.74781
0.209167
0
0.0318428
1.18081e-05
0.343895
5.65621
0.226171
3.41881
0.266154
0.533461
1.32511
8.87233
0.0390864
0.356728
0
0.743536
0.953764
3.1332
0
21.8561
0
22.9463
0.137015
0.57499
12.3079
1.00726
0.0145072
1.46256
2.68569
0
6.12497e-08
14.5358
7.57428
5.35688
3.00374
2.494
2.48874
1.52232
0.0275471
0.319044
0.109817
0.66901
1.54694
1.25445
1.73993
0.618037
18.832
5.97272
0.704552
0.735135
1.07161
1.48173e-05
0
0.907422
5.87265
0.484048
1.25231
2.42301
1.44481
0.193925
1.2782
0.752823
3.21691
0.298195
0.848626
0.376278
2.17277e-06
1.07684
0
0
0.0332093
0.0366123
0.063969
8.65799e-07
0.42949
3.18394e-05
0
0.964343
12.1343
7.00268e-07
2.32629
2.06502
0.000720948
0
37.3715
5.68484
4.34511
0
0.76365
0.831217
0
0.383114
0.437758
0
0
0.681916
0.0859614
0.00011449
0.000142668
12.057
0
2.99269e-05
5.81125
0.0169909
0.538817
15.007
0.973309
0.295268
0.404681
1.40685
2.3425
0.000534717
0.000746353
2.40593
0.000325178
0
0.446256
3.16075
7.48615e-06
0.533867
0.0303721
2.28071
0
0.0126357
1.73838
0.921698
0.213013
0.0127215
3.89985
0.0512484
17.35
0.031491
0.0496528
0.90547
0.498717
0.845407
0.0120012
0.00429367
0
0.367261
11.8342
0
8.46352
7.64357
13.3604
31.0281
0.388231
18.8385
0.77937
13.9328
0.93094
0
3.06146
0.00759137
10.5393
2.3633
0.701909
0.10488
0
0.312486
12.4554
6.70831
0.0870231
0
14.058
2.54709
3.44148
3.40482
1.66724
12.6465
10.5399
22.082
0.374927
1.46308
12.8518
0
10.4986
10.546
23.5976
28.0504
3.85653
10.9164
19.3126
21.1833
14.2034
23.1421
26.2369
4.64883
3.55484
1.64522
11.2735
5.81534
0.0243369
0
0.294597
0.86055
8.50828
7.79642
5.08719
0
1.62227
0.378702
0.372415
2.05515
5.15592
3.1324
5.9819
3.92941
4.49045
4.08357
3.74121
2.04007
4.1651
0.753152
0.599664
0.499218
5.48358
8.9823
0.765783
0.0452134
0.907487
2.62384
0.678933
0.383118
0
0
0.876603
0.242378
0.437341
1.51335
3.38163
0.0306349
0.756466
0.50848
2.17596
0.0555342
0
0
1.01187e-06
0.28904
0
1.6476
0.00319129
0
0
2.75247e-08
0
0.118037
0
1.47345
0
0.612443
0.13969
0.0164455
0.096977
10.4926
1.25135
3.48883
0.0302434
0.00938533
0.0512457
6.54825
0.658103
0
0
0
0
8.70737
0
0.0206511
1.6135
0
0
2.4224
0.705555
12.5414
4.63133e-07
0.260516
1.78281
7.61664
19.3695
2.4512e-06
16.6675
19.364
13.8885
10.1427
25.3126
29.4937
23.364
31.9638
17.5177
22.6952
11.8629
0.273759
0.0160057
13.5085
10.9445
14.6313
20.8384
12.8124
20.9681
8.95086
12.5523
10.9239
20.7615
3.61952
14.0833
21.4353
19.0845
15.5274
11.5777
0
16.4073
0
10.0235
16.5755
20.3459
18.4052
2.9523
15.3168
11.6844
11.2551
0.634308
12.712
10.118
4.99439
6.4904
15.4824
21.7971
12.5098
25.1085
12.9285
13.9952
10.2217
7.02989
0.0199208
12.3442
14.0369
16.0225
0
14.844
6.51879
0.266173
0.0841775
1.8214
0.033059
3.48002
0.958418
6.28915
2.88947
17.2372
1.03305
2.57187
0.495786
0.767882
2.08529
0.06754
5.2416
2.27087
0.181458
1.05865
10.0675
0
0.0343407
0.0609652
0.669962
0.565178
0
4.57943
0.0403571
2.20185
0.0528867
3.9822
2.68864
3.33442
1.22037
1.76055
4.97673
2.18239
1.67471
35.4043
12.206
17.3524
11.9013
7.10352
23.5051
16.5539
12.849
9.78999
12.9843
7.79333
0
8.62722
4.99586
10.75
0
9.72103
0
2.34889
4.73356
1.34164
5.38205
4.73306
7.34681
0.491122
9.00282
0
0
5.31781
3.72571
2.65542
1.27381e-07
5.18711
0.00391825
0.832977
4.65147
0.568362
0
0.360928
8.46894
0.0911777
0
0.670304
0.0420619
0.0247277
0.913726
0.130191
1.00155
20.6571
0.00261861
0.333667
0.138594
0.000507697
8.56836
6.41159
0
0.502162
18.353
15.3035
0.000372477
7.53608
0.0842073
0.926996
0.899155
0.0881477
0.0120794
2.55591
0.548602
15.4326
2.68145
33.083
1.16256
0.0611681
0.524461
1.63536
0.0423895
16.8059
0.135791
0.00119937
1.27918
6.95521
0.00753379
10.7201
5.96746
7.96428
12.1164
11.0179
10.8657
1.41439
6.94573
4.61655
0.545177
0.447341
11.9655
1.94578
0.000523479
3.57478
0.435378
5.13096
0.383352
9.04914
2.46429
5.49252
1.86542
18.0126
0.700605
2.54001
0.684072
0.721335
4.75902
1.63533
1.63317
19.4793
0.688785
0.0244393
0.495878
0.541069
0.811324
0.0206675
6.66528
12.6278
22.4293
19.3532
0.228402
13.992
22.7282
3.88003
24.0364
0.752163
63.7144
5.42145
1.89272
4.04587
34.613
17.4687
11.3591
13.9616
9.52516
0.476062
5.45862e-07
0.949899
0.0179962
1.072
0.888709
0.122087
5.6216e-06
8.01837
13.1123
15.6089
0
4.32824
0
0
0.00966085
0.0269081
0.0220345
0.506688
0.777422
0.761205
2.44455
0.184481
0.0739786
14.591
0.933255
11.1192
1.91047
2.1632
2.5973e-07
0
12.7171
0.766744
0.520209
17.8182
4.88707
2.11694
1.60217
6.95509
7.22347
0.000100424
4.15264
7.16518
0
0.91038
0.169675
0.949019
0.570639
0
14.7699
0
24.1739
11.0204
31.0025
0.0673603
0.254442
0.00303517
0.954406
0.382024
12.3274
11.6155
18.2414
0
9.77379
11.1347
7.60217
8.58597
1.80492
2.97665e-06
7.89909
0.0107287
0.667442
0.6368
0.965164
1.01876
0.000329228
0
0
0
0.00107041
0.845174
0.02068
0.0141815
0.00105022
0
0.00207901
0.572875
0.0581691
0.210375
0
4.84185
0
0.0241314
0.345949
0.590911
0.04463
7.31159
7.54643
0
2.08588
1.25315
0
0
0.663302
0
5.46581
2.24529
10.7918
2.31118
5.99383
0.869207
1.63339
0.354845
3.08756
5.8275
6.06599
1.52431
14.7465
6.63587
9.38396
7.68139
10.5705
8.15409
6.49066
11.6814
9.71464
4.81757
9.42054
19.1136
5.91135
8.63891
8.3626
12.2782
10.4723
5.91331
6.42909
6.32223
2.34002
6.90326
7.31348
4.87445
2.12927
1.0954
2.60208
3.01796
0.858517
0
0.0177244
0.0154461
1.06444e-07
26.6701
4.94121
0.911049
0.724835
0.944338
1.03127
0.00437503
0
3.79386
0.000809028
9.09338
7.60371
0.474069
1.55178
13.2617
11.4643
1.52617
13.6337
8.10741
7.34428
3.87348
1.28206
1.87924
0
5.1582
15.4861
4.90501
15.1997
4.32932
4.2566
4.79064
2.40479
2.02423
6.76941
33.2164
5.91065
2.00588
4.28755
0.515942
7.05251
20.2339
9.96765
32.0242
25.6683
17.5724
33.1514
33.5383
21.3509
17.6274
19.9737
13.8418
15.2485
8.34415
12.1361
15.1404
11.4342
9.54888
0.00690658
0.00234544
0.0436436
1.35266
3.91444
14.1601
5.6953
5.01421
7.70173
6.5023
5.35843
5.72046
11.5294
5.16163
6.39106
4.45399
1.23
1.10243
2.52374
3.09151
8.04185
3.96668
50.3829
3.2203
2.79233
7.33365
7.21102
4.50171
2.91381
5.39545
2.2959
12.6077
4.22119
8.72104
8.78035
4.60973
5.95578
16.6205
20.2291
28.7517
18.4519
9.17647
3.58965
0
0.179176
0.0525281
4.34673
10.7765
3.23223
11.8389
0.0457216
17.4222
12.855
12.753
5.58856
7.21965
13.0279
32.6833
29.2836
0
0
0.000470678
35.9403
28.8221
22.451
3.25809
46.5833
0.154079
13.1297
0.347687
0.958922
0.292247
5.19176
11.6501
1.96256
4.40286
39.4532
26.4337
11.347
4.50827
0.263942
29.7466
11.0003
29.2915
2.84802
5.1814
15.3568
10.9417
13.0457
15.4844
12.9917
16.1082
9.20992
17.7887
2.16714
8.76513
28.9221
32.7569
4.46368
17.8421
10.9343
10.1996
8.55658
31.6342
11.3528
14.5172
12.1436
11.3521
22.6148
11.7674
4.39968
0
6.58439
0
2.27376
16.9237
18.2773
6.08038
1.88878
4.09441
13.8067
6.14775
6.52462
9.64457
8.10746
6.7223
5.60214
10.5356
5.34829
6.15314
7.89093
6.79626
6.42378
8.7285
5.47514
8.61564
0.688209
10.9609
3.03767
13.4236
1.65503
7.52206
0.880106
0.236594
1.81232
13.9766
7.12074
14.4567
1.14626e-05
7.76293
10.846
2.35888
2.93638
0.571121
4.48795
5.28556
7.64092
3.57983
1.4641
0.0204452
14.0618
3.72051
0
0.888532
1.75097
3.22781
0.952144
1.37364
0.812139
3.26909
0.0400749
0
3.75836
0.0229552
0.66062
14.0044
1.48912
0.857885
4.1726
5.61625e-06
3.3635
1.37159
0.199977
1.13303
1.39898
0.115134
2.71042
0.173816
2.4632e-06
0.297376
0.503135
8.22593
0.423978
0.0958562
1.82554
0.0798211
3.71402
0.695266
0.0698061
0.231078
0.000221646
1.74834
0.829128
6.31553
1.10787
6.94189
0.367349
8.97299
2.40988
15.2455
2.56198
0.0946335
17.6639
0.787226
7.45541
10.5334
18.2911
0.690481
5.31947
0.985826
0.236933
0.959369
0.888593
7.85349
8.69509
1.91345
0.0277328
14.9062
0.399014
0.00639856
0.8402
0.0620696
0.938439
0
0.825566
1.93476e-07
0.422749
2.07389
1.60731
0.0970619
7.55393
4.43621
0.980814
2.55186
15.2813
2.31908
9.57263
0.175354
12.5702
8.71273
11.9231
3.26968
0
0.672445
0
4.88327
52.992
0
0.00259335
0
1.93528
0
0.209093
0.103043
0.00380475
0.522108
0.835641
1.13852
0.413352
0.602381
4.56192e-05
1.41827
0.44204
3.04379
0.827597
1.28161
0.00955658
0
2.337
0
0
0.0840258
0
1.63215e-08
0
1.87249
4.85101
2.93717
5.96006
17.4322
22.4
5.92418
5.26634
0
0.95369
1.02555
0.557193
3.23182
1.53247
6.34804
0.118294
0.00703072
8.2171
23.7439
24.2561
8.27404
0.177607
1.24914
3.75545
3.06513
1.64478
8.43686
12.1774
3.75905
11.8377
8.07033
2.15033
19.4188
10.2794
7.25497
8.23616
1.05323
10.7722
2.18948
29.3225
0.0250475
69.7383
84.3044
1.03112
0.00340608
4.322
1.9031
1.7907e-05
0.97405
0.709338
0.0603284
0.237745
0.57559
1.08246
4.78512
0.0153041
2.84595
0.690836
11.1205
2.8935
2.73468
11.5116
15.5087
8.17263
2.1864
6.54561e-05
6.05599
12.5892
11.147
3.35263
13.5927
5.48385
4.92912
0.471347
3.93843
0.0180166
17.6768
2.5658
4.29216
0.303821
0.0402918
4.64467
5.79297
23.2208
1.47871
3.68915
5.80568
4.98112
4.66819
6.76377
6.33423
2.51086
3.21379
0.0248919
4.94273
21.4832
2.50404
2.68177
3.97006
0.0329837
5.19922
2.79419
0.894343
3.1219
0.0761025
14.8863
0.00579759
6.77203
10.8586
13.2253
24.4874
9.87323
6.55829
3.75118
4.92763
0
0.0209231
5.27316
1.57973
1.90342
2.76266
10.5751
4.0228
5.98804
6.30239
13.137
29.2192
8.89353
4.83737
0
0
0.000503407
6.9285
0.871173
4.54953
5.67572
0.0322713
0.197863
1.43228
0.141273
0.0143351
0.435428
4.3922
3.56508
0.367997
0.636964
1.39686
9.11673
5.42809
1.20344
4.13786
20.5899
1.69068
5.63034
1.36871
17.5885
4.93422
17.5512
0.0954241
1.43042
13.0139
0.0699508
0.387219
2.22235e-07
3.7391e-07
0
0.000746301
0.741314
3.1584e-05
1.90078
0.039333
1.87919
0.0896322
0.965593
0.283511
0
5.22401e-07
1.43682
8.26014
9.35158
5.29234
0.000351153
0.383197
7.34698
0
0
0
0.0346168
18.017
1.84794
8.63315
15.7928
19.3501
8.87946
25.8311
16.3094
29.6784
2.0418
11.7588
4.30329
0.281184
4.49198
5.51738
0.453404
0.0298684
8.52709
0.88982
7.42986
9.29934
4.90438
2.66365
9.03422
9.22003
0.598613
13.8076
16.3397
12.3372
22.7779
0.00172981
21.4211
0.112895
9.82779
6.12808
6.05543
7.24324
7.06189
1.52702
0.259747
0.00108503
6.07436
1.42995
7.88332
8.00845
2.69159
0.915196
26.957
24.3048
8.45257
7.49095
6.72741
10.295
24.9214
4.90699
11.0233
4.15911
12.4801
10.9194
14.0266
10.1579
5.46921
0
5.20892
6.86452
17.7849
7.16766
5.60257
12.3146
3.80968
2.73384
13.7265
5.39083
6.64821
13.7579
25.1469
5.84641
29.2531
23.7416
8.42508
15.5944
15.2595
0
10.3227
14.0159
6.84249
7.32295
20.3567
0
19.5695
30.6383
2.47342
0
0
32.7581
16.4166
21.939
18.7733
6.15149
25.3425
12.8201
2.83065
16.4346
28.8699
8.78697
4.12444
11.1455
15.9108
17.1989
12.6001
30.0954
9.51316
8.49345
11.3434
22.7471
24.546
1.23188
37.6433
20.5972
14.1659
0.614357
12.9856
14.8154
44.9975
16.8708
0
30.1001
24.8002
12.3117
0
8.63204
11.2277
9.02735
14.6533
5.56669
8.3025
11.2412
1.44666
0
5.57664
0.925881
13.9781
1.90338
4.32752
17.7446
11.2933
12.7015
11.5254
2.27236
8.66393
0
8.98698
13.1231
13.6826
10.161
7.91644
24.0731
38.0658
21.8845
30.1885
13.5494
10.0892
16.0735
1.20896
16.9846
11.1873
12.7265
0.0263993
7.83616
5.79843
15.4042
7.23549
4.25125
17.5193
14.6032
0.133829
4.50356
6.16589
6.45489
6.89598
12.9145
0.0227307
2.52941
9.92014
7.30149
0.073756
4.73688
0.821234
2.16559
0.195461
18.2356
1.0363
11.6376
32.3357
11.7881
15.1268
7.11251
3.91878
12.2169
0
1.13787
4.29082
5.60926
0.0609709
3.97993
12.5279
6.83304
8.23686
6.29194
5.80423
12.6623
10.6996
7.08544
7.22583
9.77909
12.8768
15.1152
11.9382
5.56121
12.4261
12.4174
0
10.3612
11.0819
26.1349
8.4212
2.32363
21.538
0.27086
3.06705
4.75492
14.7077
25.7446
9.55856
35.5246
10.7986
10.0703
9.10054
10.1597
5.67925
7.45929
8.86045
1.66311
0.103988
6.01125
9.22805
3.90504
7.94227
0.00151142
0
9.2734
0.369262
32.2843
16.8257
2.9939e-05
8.49014
0.0960433
10.1744
1.19346
6.24401
0
1.34838
2.99361
3.39439
11.3898
6.48054
4.49473
4.08268
1.53482
7.1971
10.8329
3.45005
2.18084
6.73792
1.84008
10.5899
2.13408
13.8955
6.06871
4.26776
5.28298
5.48473
5.36113
16.0636
12.0028
14.3296
0
4.49977
0
14.8945
3.66936
0.984882
12.3186
3.269
2.78431
79.5242
1.18037
30.0655
1.27096
18.7938
2.98273
0.357928
25.2079
0.632497
0.0316995
0
0
0.000853187
25.5012
0.636004
2.30748
7.68206
9.52535
11.4717
8.20232
0.787237
5.71438
2.22414
12.5227
24.6134
1.04236
26.8802
22.556
1.05697
10.7627
1.61349
8.73087
3.76356
1.42629
5.82114
0.941726
4.85753
3.51339
0.581421
1.97521
0.474275
3.502
0.362463
10.7867
15.3541
12.8648
0
0.980822
7.08294
8.47973
8.92096
3.94691
7.71966
8.08436
4.72675
6.7991
8.2921
5.89412
0.136531
9.33641
6.42157
4.60368
4.7955
5.10997e-05
4.88145
8.64214
12.6336
6.75004
4.82314
2.07697
129.749
6.60877
14.7125
7.89581
121.652
6.55795
4.90594
7.64871
7.68833
7.80962
4.49525
6.0168
4.03175
5.32366
4.99798
1.86672
4.21466
6.21724
68.6511
7.36618
24.1098
0.32533
0.145698
17.7675
23.9719
0.987805
1.20298e-05
3.38904e-06
0.317807
5.0242
1.52509
1.11652e-05
0.628085
1.78485
3.44895
0.0743809
0.000349833
8.36773
0.00427515
3.33648
8.83713
2.63154e-08
0
15.1719
3.57505
13.6147
0
3.38425
4.1709
5.93389e-06
1.15086
0.069241
2.94286
2.73733e-05
0.497863
13.239
3.7975
0.106789
0.179762
2.70675
0
0
0
0.942635
11.4647
11.1481
10.3782
0.69886
2.40586
0.17252
15.2228
1.73476
9.38631
6.45855
2.05795
9.05197
15.0737
6.67844
4.86667
8.17222
14.8052
12.8707
3.42068
2.25464
31.9017
10.8381
33.7907
15.614
13.9074
0.866038
14.5126
0
1.53679
10.3826
11.8329
5.09038
4.2065
3.93957
6.27721
5.70413
0.0501492
0.702503
4.28061
6.39453
4.75109
7.73018
15.2928
13.5316
3.50474
5.19811
3.82618
1.65731
3.07511
11.1772
7.94489
7.1779
2.11271
7.62577
1.08331
0.800342
0
0
1.56965
3.34181
2.54392
0.0162213
1.1726
19.6088
19.4766
10.0471
1.62564
5.97595
10.3607
36.6164
18.6954
10.6254
0.00383873
0.0141672
5.3149
8.05422
3.6263
5.76602
10.4587
5.97138
7.85617
15.2539
0.657858
0.0766959
0.74888
12.4406
4.02225
3.30668
3.49271
1.79307
14.4248
1.7675
2.19875e-06
2.92449
0
1.24649
2.71146
7.16496
9.51227
1.93369
0.291574
1.46018
4.15635
4.13493e-07
0.0484831
0.00302141
0
0
0.00097959
9.87112
1.43835
2.6365
0.00217428
0.170402
0.982387
20.2066
0.498312
26.5452
17.9622
0
37.4427
3.25545
3.46946
3.06205
5.03915
4.06343
0.0198389
6.20077e-06
0.0879062
0.0789377
0.0697203
0.000629096
0.0562353
0.00415439
6.61083
4.99005
16.4211
13.2521
0.048248
2.37303
0.852462
35.0696
2.08067
1.16932
3.96193
1.22929
3.3601
6.93671
22.3454
8.90772
11.2583
17.2058
0.93026
3.05646
8.18334
0
20.5656
9.73135
5.88692
9.86076
11.0461
6.26227
3.478
7.99244
20.1669
0
1.65964e-08
0.00709061
1.1636e-05
0
1.47725e-05
0.120352
3.07199
1.77206
1.31438
3.06493
8.15001
0.743897
1.33681
0.778877
1.52792
0.474796
9.92419
12.6184
10.6174
22.7649
17.2959
30.1165
16.8421
2.03407
1.78715
4.64503
8.28578
2.20687
11.627
2.77997
1.96573
4.49815
13.4819
2.34194
17.3424
3.62075
4.01254
9.99789
10.8209
3.42439
14.5539
0
2.7045
0
6.85155
0.945531
0.323204
13.5094
10.3742
0.0149489
29.7621
5.09222
9.89753
9.5267
0.997681
6.41276
16.6392
5.0863
12.3051
10.4228
23.3317
0.565821
4.3579
6.47536
6.35254
1.77537
0
21.0842
0.0492614
2.01369
2.35661
0.74843
2.01731
1.97288
1.084
2.85982
1.32486
0.901718
4.12491
1.0261
0.062148
3.49685
1.68598
1.01447
3.97589
3.57266
1.38878
0.554185
0.96389
0.963515
0.0535724
3.51372
0.164412
4.70091e-08
0.0777367
0.843126
0.711036
0.0987137
1.45128
29.8811
1.59705
23.8582
8.58575
1.04041
9.04708
11.7543
0
0.716498
1.16216
12.0834
0.0428185
4.89206
8.15059
12.4509
1.941
4.48952
9.34206
26.7
26.652
13.1521
8.7324
8.5251
1.72008
7.04236
18.1571
1.19336
1.03641
12.7042
0.0584176
3.88051
14.7536
0
5.72162
0.0245513
3.04275
0.136298
0
0
6.51247e-08
1.46453
0
0.0806723
0.0039296
0.540509
11.1807
8.31392
10.1763
9.41841
1.60692
17.0953
11.7326
1.20182
11.8617
19.5861
15.1484
3.4056
5.84536e-06
0
10.798
0.0469827
0.0311771
0.990469
0.356484
0.0661833
0.73647
11.152
0.996093
1.69232
12.4852
0.456445
0.00300083
0.672932
0.0392915
5.12542
17.6187
3.64333e-06
1.61529e-07
0
0
0.061978
2.75429
25.0626
0.197798
1.52624
6.93684
0.786269
0.912624
2.22634
2.31424e-06
0.457779
0.638329
15.2655
24.4043
0.200712
0.807732
0.807703
1.01897
1.58528
0.0178643
0
0
2.33505
0
1.99829e-07
6.87308e-06
0.00114619
0.000947289
0.924473
0.707578
0.666941
0.127145
0.506399
5.43322
0
0
1.48369
0
0
0
0.000126452
0
0
1.52579e-05
7.81993e-05
0.00468071
0.556103
0.130972
0.893536
0.011096
13.5379
0
2.3266
1.0781
0
0.114126
8.73537e-05
4.7365
0
0.936145
0
1.74707e-07
1.7873
14.2172
5.35749
1.81709
2.12566
0
1.38649
3.98602
5.95585
0.975563
0.00397699
2.75193
1.3731
9.97906
1.18699
0.000636624
1.3765e-06
1.31714
0.00293945
0.221624
0.77471
0.00865392
0.146185
3.22565
7.91784
3.95979
13.4719
1.71153
24.0499
4.12965
2.04119
7.6875
0.0233511
10.9546
20.1173
2.54283
0.768489
4.68889
9.55771
1.99129
2.33297
0.131679
0.210767
27.2239
7.19963
6.21643e-07
3.65416
0.000749991
0.934123
1.95884
2.56399
0
4.34041
8.67852
0
0
1.69113
0.324411
1.12482
0.030305
0.317922
0.202182
0.000637239
2.48511
1.91486
0.299678
1.13275
13.116
17.3231
0.0582709
0
2.05723
0.00288462
2.26182
16.3377
1.51204
1.48738
0
3.62138
71.4403
17.2927
19.0887
0.246793
9.19592
19.8316
19.1189
26.3915
0.559231
0.214715
19.8824
4.33318
28.0044
5.17391
10.2944
14.5151
1.19026
0.0684356
2.26207
0.875892
11.4621
0.612163
1.16217
10.8716
16.1481
3.15172e-06
13.165
8.60936
2.04696
11.7218
0.760556
7.39509
15.0509
0.890555
1.32034
18.5413
10.3543
0.745511
2.69877
13.0868
9.60011
7.38788
3.41516
12.9097
3.3459
22.4566
9.32017
1.09122
6.40488
0.00160299
6.48932
11.1656
5.9932
10.2252
1.9162
0.440157
0.0813718
0.5898
1.88953
1.86192
1.33286
0.244695
0
0.383038
3.87394
1.00508
1.20978
2.32963
1.5609
3.79713
0.859373
0.233514
19.6716
5.79355
0.000124362
1.46747e-05
2.04545
16.3573
0.337531
7.96407
57.6815
2.34371
2.88326
8.71704
15.0118
0
1.67525
4.93592e-07
0.158316
45.9977
0
2.65959
21.1819
0
0
39.1529
6.91467
0.0972088
0.0988442
6.93075
18.9004
1.33746
0.876314
29.46
5.5526
3.01817
9.2933
10.9189
4.61143
9.9161
4.98761
9.21265
14.2936
23.3966
21.0333
28.0911
36.9556
13.0894
4.00221
2.23752
4.27175
0.428443
4.17456
5.91
0.179908
4.00505
11.3265
14.8399
0.493965
0.003604
2.47912
0.00596435
0.000165727
0.822217
0.0738132
0.459133
0.210642
0.00907747
0.333471
1.77612
0
48.3647
27.422
0.338728
8.40798
19.8672
13.0862
4.36694
4.65179
8.90563
0.794776
8.05443
1.77435
2.4848
3.49594
0.664104
14.2323
10.1355
16.5785
8.41452
26.5942
25.2367
11.6625
31.6732
17.7358
14.1738
18.4958
17.2399
1.79627
1.50519
0.966353
0.00273831
0.692016
4.55052
1.65009
12.2997
1.7676
0.862279
6.881
11.5175
31.4293
9.80506
9.28775
6.83812
1.34329
0
0.000177788
0.232329
0.145795
3.88889
1.23276
0.939628
0.000133412
22.7928
11.6294
8.58018
2.6261
6.89663
2.39614
0.0273429
2.45444e-08
3.31494
1.47371
0
1.69934
1.81589
1.87748
0.00462871
0.605012
17.9243
0.0020863
3.03094
1.46756
5.15866
0.679858
5.00965
7.45882
3.00506
4.45532
3.14418
0.459659
0.136195
0.982289
7.84957
2.94037
3.20183
0
16.0582
1.01156
0.813851
2.30562
0.575842
18.5781
0
4.68595e-06
21.85
