0.572533
3.40067
0.79026
0
1.21639
4.718
0
2.76851
0
0.000626246
3.12808
0
0
0.540146
5.84065
0.0868685
1.45676
2.87749
4.01084
0.0174727
3.63897
0
0
0
0.0412498
0.00790032
0.666001
0.11433
0.303377
0
0.251405
0.00356236
0.0171015
0.761694
1.07574
0
0.203389
1.53721
5.66209
1.62775
3.19565
5.3905
0.220667
3.03051
0.364325
1.10001
1.89377
0.798332
0
0.000277457
0.316018
1.84206e-07
1.04472
1.00932
1.535
0
6.68445
1.36589
0.0378599
0.00188971
10.7918
1.75771e-07
5.83247
0.260348
9.04285
9.27298e-06
1.14834
0.925346
2.35624
1.20319
2.20928
0
0
0.00868871
0.0628974
1.22832
8.8359
1.41679
0.87734
7.97787e-05
0.00706396
0.946577
0.000356911
8.0003e-06
5.50121
1.28911
0.133493
0.953129
0.909728
0.0482176
1.4766
0.00728972
0.596966
1.60865
0.707696
1.38823
0.412591
0
1.26361
0
1.56605
2.00145
0.75216
3.43059
1.7602
0.0226885
0.0624931
1.77833e-06
4.74822e-05
1.68409
1.48625
1.45844
0.0262878
0
0
0.22948
0.533612
2.11859
2.02366
1.19929
1.36052
0.328799
0.0390567
1.1257
0
0.102619
0.55591
2.38185e-07
0.000365073
0
0.379653
0
0
0
1.34776e-06
0
4.70803e-05
0.0942208
0.885807
0.0207976
0.313613
0.553142
1.28853
1.0173
0.128413
0
0
0
2.26969
6.99456
0.0513196
0.00348438
0
0.00778447
0.389995
0.452393
1.2443
1.17919
2.10495
0.21506
0.554322
3.39722
0
3.68789e-08
1.1299
0.00195876
0.411046
2.72211
0.0052286
0.0243162
0
2.52431
0.0370486
1.32628
0.846463
0.343645
2.12202e-05
0.0376064
0
0
0
1.72709
7.27468e-05
0
4.08338
1.60585
3.04191
2.36945
3.9916
12.0628
10.0562
7.97218
6.35711
2.94273
0.992376
0
4.65239
1.02569
2.75106
2.68557
10.3675
16.0147
0.510678
8.88786
1.55227
0.80414
4.04141
0.678337
6.57721
1.71269
2.78268
3.63737
0.659681
4.45653
4.24318
8.01568
0.983549
2.69818
1.42047
3.88696
0.00925892
5.64733
5.40875
1.45191e-05
5.82134
1.12908
3.55709
1.04208
0.661767
1.72987e-07
0.0337825
3.41002
2.05882
0.164459
1.20151
1.65467
1.56409
0.444421
1.00136
1.94128
2.14692
1.21431
0.960672
0
0
0
1.47646e-05
0
0.278629
0
0.125378
0
0.278174
1.17246
0.0210021
0.242041
0.377907
0.640881
0.390196
0.304946
0.00065593
0.318097
0.00155754
0
0
0.00157377
0.54415
0.630393
0.0437265
0
1.50574
0.0457092
0.528363
0.28197
0.00971554
0.449955
1.11023
0.000321634
0.745685
0.0511685
0.965767
0
0
0.106314
0.00762508
0
0.0247764
0.539331
0.0189703
4.50577
0.784051
0
0.0478096
9.58836e-08
0.0379058
0.0390617
0.879247
3.34944
1.1932
0.000640415
0.0476786
0.000179779
0.682794
0.125521
0.152286
0.451336
1.25647
0.487716
0.136792
0.879936
0
1.04304e-07
0.0438512
0.0158891
0.791172
0.115021
0.750517
2.40039e-07
1.93904
0
0
2.32631e-07
1.14993e-05
0
5.61977
1.99165
1.10076
9.24985e-06
0
2.51594e-05
0.549195
0
0
0.0410032
0.948805
0.659142
0.275275
1.36561
1.12262
0
1.80954
0.498827
0.755913
0
2.12758e-07
1.9299e-07
0.700491
1.12701
0.568717
0.488754
1.52651e-07
0
0.952015
0.344538
0.31311
0.737467
3.65567e-06
0.0397036
0.0240365
0.0215675
1.28874
1.80447
0
0.120107
0
0
0.00683114
0.144656
0.185235
0.00549888
0
0
0.596847
0.364579
0.00112789
1.50138e-06
0
0.051957
0.521514
1.48118
4.45181
1.8318
7.07821e-06
2.61373
3.69958
1.86578
0.244922
2.8441
0.0705421
0.0656109
0.655224
0.653916
0
1.2908
0
0.729987
0.00909533
0.61087
0.129602
2.89396
0.328455
7.23145
0.356691
1.4577
5.26991
5.67492
2.10736
0.615297
1.75673
0
1.37251
4.23228e-06
2.22849
3.46001
0
0
27.124
5.08413
1.07902
3.92241
0.6803
0.0979813
1.3346
0.168958
0.137476
2.3909
2.98598
0.506472
4.86209
1.51222
3.34988
1.038
1.62711
3.10791
2.05393
1.98006
1.79271
0.0927822
0
0.177
0.554315
0.31606
1.81102
3.03863
4.32187
0.122163
0.0793094
0.0445019
1.48449
0
0.730629
0.608432
6.47926
0.110545
4.10714
1.27463
8.52578
4.81772
2.4372
3.36919
0.710281
0
0.11297
0
0.592555
0.0403598
2.95315
0.864383
1.88318
4.91135
1.48712
1.95337
0.69989
4.23781e-07
1.16462
0
1.58384
1.20127
1.52662
1.17212
0.142311
2.16148
0
5.46751
5.97248
0.564628
2.24681
0.115626
0.63134
1.2627
3.14364
10.1777
8.34022
8.32045e-05
0
2.16571
2.54658
0
0.394555
0.00315964
1.76286
5.60364
2.0322
2.45837
5.49358
5.85003
0.279053
0.488107
0
0.14814
1.00522
5.28598
0.113056
0.883219
6.62149
1.25926
4.92328
0.0120136
5.15435
0.692505
0.362465
2.81878
2.43713
0
0
5.67077
7.20507e-06
2.00473
0
1.51638
0.929399
1.21786
0.234258
0.872905
0
0.423822
0.95994
1.55127
0.219691
0.786314
0.980824
0.0688373
0.740138
2.94737
0.000119488
1.45466
0.0571064
0.565124
1.26881
0.874221
5.07629
5.97467
0
4.77449
0
1.23962
6.13557
3.38431
8.16369
4.80024
1.35452
0.174564
0
0.254195
0
0
3.30078
0
2.07549
0.678485
1.22887
1.90861
0
0.468957
0
0
0.0159081
0.868484
4.76866
0.363705
0.350349
1.87466
0.255017
1.61291
2.21889
0.00824648
1.81862
0.0215879
0.11472
0.0055523
0.155204
0
6.80534
0.644
0.760747
1.00713
9.58884
7.6301e-05
0
1.99337
4.37939
1.93383
1.63316
0.479134
2.85826
3.74899
0.0823378
0
0
1.0698
0.00507515
0.011426
5.75602
3.39686
3.30313e-06
0
0
0
0.0296643
0.0174553
0.00442704
1.60107
0.573687
1.00685
0
0
1.69837
0.86921
9.58294e-05
1.15953e-07
0.913505
0.0475083
0
0.67101
3.82588
0.184093
10.2638
0.224716
0.00479189
1.48195e-07
2.94601
1.26309
0.584635
0.0671437
0.0273515
0
0
0.000520849
0.392577
4.76703
0
3.1931
0.00104141
0.247936
1.93514
2.25184
0.0920276
0.944918
1.67897e-07
0
0.000217262
0
0
0.137096
0.692039
4.74495
7.44506
5.86283
0.938235
1.62495
3.04688
3.81485
2.94819
4.07608
7.37578
0.139087
0.0438162
0
2.68426
3.43939
0.164061
0
3.01952
2.0334
0.977184
0.0166802
0.227412
0.0750875
6.52547e-05
0.916783
0.413015
0.193887
2.96201
2.33421
4.24462
0.0232539
0.0921623
0
0.00106791
0.00832759
0.052734
0
0.10753
0.008992
0
5.76417
0.799593
2.32474
0.952122
0
1.76759
0.558829
0.183505
0.711365
2.31912
2.37687
0.976248
1.39552
1.28212
0.648991
4.0871
5.02382
5.66814
2.67231
4.43339
0
2.02509
3.79074
0.074207
0
3.01394
0
3.70211
11.1638
7.24394
6.85678
3.30895
1.33066
5.37762
0.831915
0.703365
0.975537
0.126257
0.00026937
0.979185
0.302077
1.55662
15.1864
0.919743
0.0262359
2.60022e-07
0
0
0.0194499
0
0.577077
8.09187
2.39209
0
0
0.000541797
0.458395
0
0.00238379
0.366758
3.01614
3.70886e-08
7.02064
0
0.414362
7.19829
0.129074
2.34734
0.00394431
6.6204
0.0904733
0.619058
0
0
0
0
0.76436
0
0
0
0.983289
2.3833
0.680105
15.8329
3.21207
4.25449
1.22033
0.956191
0.399268
0.725072
0
1.43465
0.376867
0.736816
4.03353
0.251818
2.12846
0.264413
0.648502
0
3.37795
0.0072308
2.88339
1.71414
0.00167873
0.275925
4.267
1.07584
0.0158183
0.821169
0.146492
6.12469
0.0689874
0
0.0169993
1.01779
0.00270618
0.0675686
0.057248
0
0
0.71363
0.42166
1.0146
0.0156856
2.26248
0.103972
5.18074
2.58407
2.70137
0.640281
3.24419
0
0
0.122611
1.26684
0.821078
0.137442
0.788395
0
0
2.18959
4.05216
0.073257
0.0831953
0.0034879
1.69393
0.686172
1.05495
0.962532
1.3085
0.00200618
0.362863
2.66399
0.00179895
0
1.83032
0.0564295
0.0559079
0
1.84334
0
0
1.03503
0.510194
0.927211
0.0918148
0.00427934
3.59482
0.184445
7.69648
0.649778
8.1282e-07
0.63007
0.109347
0.864482
7.38949e-05
0.0172175
0.149063
0.409413
1.60205
0.462985
0.129503
0.0130202
0
3.71106
4.85791
0.0536107
1.69508
0.620812
4.32937
0.298051
1.98009
0.841152
1.19478
2.33459
1.04909
1.43906
1.01175
1.95205
0.907885
0.164157
0.179893
0.531491
0.718777
1.84988
0.0217301
1.73059
0.0861545
2.58804
5.53719
0
0.556191
6.75715e-05
0.119621
0.102549
0.124284
2.24331e-06
4.32235
0.282931
0.00433948
0.156442
0.865723
0.285717
0.266868
0.0218966
0.378767
0
1.41207
2.17779
0.812371
0
0.002573
0.00302852
3.86484
0.351719
0.710709
5.46442
0
0
6.51266
0
0
2.67555
2.67563
1.19318
0.00164396
0.461157
11.4832
0.00216224
1.70811
0.112245
3.63986
0
0
8.7724
1.58187e-06
1.59303
2.15039e-06
1.17375
0.837878
2.1678
2.16797
0
0.133011
0.959995
0
11.3328
9.77397
1.38367
0.857549
2.92277
1.54096
1.19175
0.00024767
0.0195671
0.166542
0.00289905
0.504946
0.48881
0.203904
0
0
0.893595
0
1.18326
0.121422
0.0461339
0
0.11709
0.245222
0
0.388756
1.01828
1.52423
5.05272
3.37891
0
0.218831
0.855803
0
0.315889
1.27232
1.26046e-06
0
0
5.86613e-06
2.9485
1.92665e-07
0.335591
0
0.0448702
2.29985
1.99052
0.000943531
0
0.125004
6.01095
9.45512
0.943788
0.088674
0.0666792
1.69355
0.0276228
4.34496
0.834608
0.503231
1.51533
1.0766
0.18207
0.00427076
2.508
1.07312
0.00645044
0
0
0.809197
0.891365
0
0.120262
6.86907
0
2.17473
0.674923
1.84053
0
4.3681
5.57313
1.91198
3.4365
0.264782
1.8483
11.4732
0.206267
0.714596
0
0.0011789
1.16338
5.20376
1.2738
1.19102
0.000438044
0
0.894525
4.24881
2.08645
4.26369
17.1978
0.0838959
4.91862
0.906728
5.5689
20.0474
7.89301
0.000256367
0.0964861
0.1847
2.472
0.0251148
0
6.89562
2.19034
0.312368
0.23943
0.153948
0
8.50831
4.53848
0.902798
1.94032e-07
0.0020506
0
0.0234656
0.900484
4.52759
0.351639
1.8156
3.37813
2.21336
0
0
1.99894e-05
3.02012
3.38806
1.35034
4.91329
1.35335
2.61024
2.95269
2.49134
1.7257
6.02698
7.56084
1.30035
1.80502
3.86718
0.983175
0.0701088
0.122707
0.0662891
0
0
0.615063
0.0605735
2.24944
0.0107063
1.60104
1.05278
2.44883
0.66912
1.09135
3.44813
1.62424
1.0569
0.112797
0.045379
0.864602
3.09532
1.40571
7.95783e-08
0.162245
0
0.0135475
0.467499
1.96389
2.90046
0
0
2.50777e-06
3.22879
1.52463
0.44388
0.336869
0.0401823
0.000241715
1.47583e-05
0
0
1.76887
2.31514
0.172226
1.55637
0
0.718068
1.58603
0
0
0.306026
0.454715
0.74183
1.60302
1.87733
0
0.453241
1.67479
3.87928
0.785385
0
1.87392
1.55155
0.81311
0
2.47055
0.345852
0.445678
0.400863
0
0
2.12218e-05
0.667239
0
1.21252
0
0.00685497
0.219651
0
0.00100276
0.0153073
0.657359
0
0.0269567
1.42612
0.563338
0
2.97703
0.430372
0.00258414
1.28461e-06
0.205461
0.00543855
0.255558
0.874492
0
0.0177662
0.00686372
5.7291
4.72769
0.344418
2.26682
0
0.951927
5.13305
2.54895
0
0.917732
2.09035
7.20317
1.13578
0.202411
0.0253185
0.864847
0.708242
1.17674
0.0719265
0
0
0
1.78452
0.000963198
0.0492418
0.405076
0.00736659
1.71485
0.0301054
0.211051
1.61101
0.00117364
1.4593
9.99684e-05
0.630614
0.343558
0.0625203
0.280682
0
0.0703406
0
0
0
0
0.360026
8.94972
0.749368
0.131647
1.86724
3.34736
2.20661
1.97929
3.04426
2.58519e-06
1.0282
0.347864
1.51933
2.25676
1.8601
2.1703
1.23533
0.00715314
3.94511
4.26908
1.84233
2.26212
5.50015
0.639537
2.3892
2.47742
0
2.41828
0.049444
0.0153542
4.07153
0
0.0346917
0
0.0205713
5.28414e-06
0
1.4792
0
2.13237
0.276868
0.909089
0.0340368
0
0.25839
0
0
0.371217
0.482533
0.00354214
0.293378
0.41251
11.1688
5.14529
1.97855e-05
0
5.12988
0.228355
0.0821291
0
3.38103
0.00241076
0.0563303
1.4447
0.0190601
0.146286
1.37386e-05
0.330903
0.0348451
1.19851
8.15412e-05
0.944473
1.61012
0.31156
0.47031
0
1.96387
3.01557
0.0328875
0.736217
1.97117
0.209023
0
0
1.9076
0
0
0.0253913
2.30963
1.03601
0.0858534
2.67355
4.56099
4.46673e-08
2.21824
6.56071
1.82296
1.57408
0.463639
1.0668
0.00736917
1.95067
2.14249
1.11341
0.822548
0.0778599
0.0271705
0.127376
0.682198
0.0021688
1.61614e-05
0.16352
0.0288903
0.639269
0
0.245607
1.88236
0.0247684
5.07792
0.0450562
0.105378
0.00020093
0.473614
0.710747
0
0
0.00153891
1.84642
2.70625
1.36108
1.11686
0.947149
2.92055
0.790514
4.33882
2.04366
0
0.311255
0
0.00134781
0
1.62833
0.965316
0
0.000486071
1.71305e-08
0
0.867789
3.23458
0
0.0648954
0.525659
0.00212113
0.0968951
0.0773581
0.227547
0.0232597
8.03991e-08
0.109366
0
0.664968
1.54867
1.91241
0.496333
0.106828
0.623474
0.27314
0.392329
3.62294e-06
11.7408
0.300657
3.45833
0.680911
0.360153
10.9518
8.89985
0.590832
0
10.277
16.7334
0.916945
4.37348
0.361041
4.78216
1.03171
1.15775
3.09504e-05
2.0683
1.80398
6.12201e-05
0.142687
1.90358
0.667826
2.36143
0.718935
0.899408
1.78863
0.96258
0.00134824
2.78602e-05
0.0818502
0
0.0176601
0.697464
1.60139
0
3.30671
1.06288
2.35404e-07
0.199387
0.131612
0.00142411
3.55874
0
0.626276
1.05071
3.08432
2.02444
4.02034
0.450088
1.28067e-06
2.66211e-08
2.61877
2.8569
3.45027
3.26767
0
1.25499e-05
2.35609
2.05183
0.0308083
0
0
0
0.000725963
0.000549697
0.00256638
0
0.143198
0.0256111
0.000888674
0
1.6262e-05
6.09193e-07
11.7847
1.77164
0
0.452253
0.207588
0
2.30695
1.11902
0
2.38897
4.08476
0.398753
0
7.88029
0.0685162
0.00524422
0.127411
0.202692
0
1.49827e-05
1.93314e-05
0.000103532
0.0956494
1.00589
1.29535
0
0
0
3.24635
0.00307009
0
0
0.696764
0.138474
0.176761
0
2.78663
0
3.48006
0.0455117
0.00596725
2.42707
0.573409
1.8176
0.930495
0.0511318
0.000232045
0
4.54394
1.07665
1.64051
0.966624
0.162801
0.382009
1.91497
0.000709032
0.00232656
1.13923
2.70183e-06
0
8.05002e-08
0.306564
2.79819e-08
1.40586
2.67532
0
6.97007e-05
0.0645367
0
0
0.026741
1.60147
0.328432
0.0140454
0.0394208
0.954362
0.0749439
0.433897
0.0258745
0
0.00369976
0.0482404
0.023321
0.0226911
3.2321e-07
7.25861e-05
0
8.42063e-09
0
0.00967353
0
0
7.01086e-06
0
0
0.67339
0.000857035
0.312967
0.0408732
0.00107906
1.15407e-07
4.28042
0.523663
0.832608
0
0
0
9.04734e-07
4.5398e-07
0.0299384
0
0
1.12602
0
3.5437e-06
0.0132105
1.06663
0
0
1.98448
0.0239006
0.0267686
0.654961
0
0.972386
0.37307
0.0458763
0
0
0.00044144
0.465887
0
0
0
0.0178855
6.22097e-05
0
0
0.9609
0
0
0
0.95136
1.46797e-06
0
0.0230024
0.310441
4.61317
6.94763e-05
0.102898
0.47524
0
1.05577e-05
4.97514e-05
0
0
0
4.07461
0
1.59231
0.428849
2.37257
5.7841
0.0184516
2.51403
0.955078
0.0476719
0.0585873
0
1.11899
0.593684
0.879702
0
0.00733674
0
0
0
0.579013
0.0103553
0.994726
0
2.06096
0.664048
0.36115
0.943412
0.0113327
1.61496
0.0273045
5.18852
0
3.4712e-06
1.17189
0
1.61713
0.83778
0.663038
4.09742
1.82115e-06
1.43582
1.28586
1.9208
5.51542
3.39096
4.28107
1.76838
0.693786
5.95002e-06
3.65804
0.00820079
0
0
0
0
0.343584
0.0690696
3.05783
0
0.0020867
0.622159
0.201431
0.000595912
0.516511
1.62429
3.74984
1.59218
0.970203
2.02675
2.91079
0.0379412
1.82167
0.777614
4.71786e-06
0.0526328
2.92289
2.72122
1.24545
0
0
0.104765
0
0
0
0
0.81754
0.0135563
0.0415719
0.0144637
0.810929
0.0954403
1.51188
1.69784
1.65406e-07
1.24623e-05
0.00347146
0.883363
0.00470554
0.0948621
0.0106872
0.785189
0.0215677
0.515549
0.000139071
3.51275e-05
0
0.240671
0.010351
2.66045
0.00469518
0.00071282
0
0
0
1.0016
0
0.975234
0.0741644
0.00676749
0
0.152087
0.497816
0.00029221
0
0.000474224
1.05832e-06
0.592788
0
7.6479e-08
0.00258805
0.36247
0.00623977
1.82532
1.32024
3.54347
0.028784
0.038875
0
1.4682
7.4228
0.00394505
5.5929
4.80009
1.53489
1.07212
12.3636
12.2418
4.19878
12.0108
4.36377
4.19699
0.742375
0
0
5.06807
3.63484
5.161
5.16633
1.32244
2.23076
1.66861
1.62605
3.85398
5.8379
0.362178
3.03026
4.54908
4.93182
5.78041
4.99531
0
2.71924
0
1.19178
4.71677
6.69519
2.59614
0.51998
3.96513
3.6459
1.70205
0.0509221
2.02828
0.146514
0.0466029
0.561114
6.46943
2.96294
1.93124
2.87262
2.09246
3.59453
0.88248
3.86266
0.0140119
3.74287
2.64118
5.21895
0
3.38856
1.23278
0.0561245
0.499939
0.84682
0
0.631254
2.62514
0.371731
2.85227
4.37529
0.856895
0.00624527
0.726628
0
0
0.347061
0.668838
0.00247692
0
1.05625
4.16388
0
3.29081e-07
0.00254229
0.779541
0.00639556
0
0
0.517983
0.167307
0
0.754838
0.612361
0.720961
0.382303
0.574152
0.177683
1.11919
0.197426
6.2457
0.644505
1.82174
2.32977
0.894117
0.384817
2.39987
1.86762
1.05228
1.37623
0.873528
0
0.205268
0.95194
1.73382
0
3.56161
0
0.102983
0.110067
0.24556
1.79698
1.07179
1.0956
6.61917e-07
2.48069
0
0
0.574026
0.775605
3.7348
0
1.26648
0
0.342376
0.937782
4.3418e-07
0
0
0.00640867
0.0103098
0
0
0
0
1.14886e-06
9.85834e-06
0.0828894
11.7003
0.01627
0.938161
1.00263
0.0255555
1.21418
0
0.000900532
0.10633
6.03586
3.82156
0.00942431
2.7023
0.111558
0.0470098
0.803553
0.225611
0.00102572
0.0459497
1.19502
0.416098
1.99919
6.73908
0.0478247
0.000253636
0.00442093
0.605553
0
0.822848
0.0499592
0.000471821
1.22321
0
1.04551
2.82208
0.510535
0.609619
1.17538
4.56656
1.50469
0.17299
1.62419
1.40915
0.14463
5.76765e-07
5.32747
1.72521e-05
0.00437215
2.1144
0.305255
0.69396
0
2.3556
0.615477
0.907238
0.166225
11.219
0.707163
0.0261694
0.00233686
0.684456
2.28368
2.07777
0.646595
5.86554
0
0
0.172941
0.0429069
0.471321
0.796447
2.65698
3.33819
6.66523
4.60557
0.0548812
4.06636
6.05527
0.144603
0.174927
0.773753
6.58137
1.61942
0.129853
0.0713337
5.02964
6.24919
1.48276
1.14945
0.365561
0
0.0316933
0
0
0
0.459537
0
0
0.997095
2.70103
0.124611
0
1.18728
0
0
0.00128525
2.10855e-05
0.143377
0.046584
1.7027
0.0526049
0.024306
0.156465
0.0114436
3.83248
0.0479642
1.35129
0.408802
0.0246537
0.788789
0
1.21047
0.415603
4.40849e-07
4.6388
2.55545
9.61287
0
0.317242
0.103639
3.74272e-05
1.18211
2.10159
5.16706e-06
0
0.00486689
2.87061e-05
0
0
1.85882
0
3.94684
1.16307
3.96691
0
0
0
0.156797
9.79865e-05
0.181512
1.14467
4.29084
0
2.32294
3.00139
1.27001
4.53187
1.64167
0.0107558
1.85968
0.00489753
0.165
0.0595843
0.0129049
0.00804043
0.0231771
0
0
4.23193e-05
0
0.00131331
0
0
0
0
0
0.279765
0
0
0
0.807858
0
0
0
0.00569991
0.864087
2.99768
1.27044
0
0.448154
0.571291
0
0
1.27731
0
1.11111
2.38185
1.71791
0.925498
1.13209
0.706659
0.785641
1.19274
0.274438
2.93449
2.31808
0.401086
1.30659
0.125943
3.39052
1.08359
0.165105
1.99738
1.79809
2.08389
2.91998
4.89695
2.06508
4.70509
3.19201
2.10282
1.22932
3.48274
2.52564
1.21735
0.984612
6.56287
1.86203
0.137008
1.35045
2.97509
0.00174092
0.106611
9.79106e-05
1.09584
0.975019
0
0
2.88237e-05
0.319001
0.605008
1.80293
0.0707404
0.675344
1.29855
0.174022
0
0
0.622576
0.000968215
2.9966
4.53248
0
0.2336
6.56025
3.78897
1.60942
3.48745
1.67568
0.32158
0.837027
0.847509
1.47334
0
1.07484
2.13232
2.4865
1.79478
1.18547
1.27005
2.00599
1.04776
1.21768
6.16702
25.3362
1.87726
2.76846
0.676974
0.046319
2.05559
2.17114
0.991565
4.99518
2.95991
1.81502
1.55757
2.37342
3.09888
1.96684
2.02404
2.02466
4.66356
3.678
0.254294
0.803397
2.29908
1.85672
0
3.06133e-06
0.324078
0
0.538549
1.19091
1.87052
2.00656
1.85242
1.02324
1.88741
1.66893
2.94811
0.142625
1.31512
1.30857
1.44419
0.549334
1.19588
1.77629
0.746877
0.232035
8.28499
0.300363
0.816391
0.24327
2.07526
1.69794
1.02644
1.43358
0.774553
0.963468
3.91538
2.45432
2.40114
0.442433
3.37682
4.72231
2.14406
6.14923
3.07355
4.87485
4.64824
0
3.40648
0.000627766
0.542834
1.64152
1.90652
5.14709
1.74313e-08
1.34796
5.13379
2.50695
1.75775
0.137863
0.665222
4.14468
8.59435
0
0
0.00530043
21.2966
11.6954
5.65351
1.09182
5.99347
0.506221
3.33346
1.01271
0.246553
3.70693e-06
0.563317
0.731362
0.0624114
3.61406
4.41365
3.36051
1.73068
2.84925
0.00865665
1.299
5.96574
2.30528
1.17144
3.75242e-05
3.01273
0.875773
1.00219
1.44599
2.70699
0.43205
4.94044
1.46435
0.674335
1.09166
3.07988
8.41197
1.67553
3.61015
1.08312
0.679207
1.46995
8.06194
1.93343
2.64047
1.97295
1.22056
4.40124
0.94881
0.595666
0
0.893189
0
0.0158955
2.1959
3.9573
0.701818
0.169099
0.546519
1.41871
2.79095
1.48877
1.03855
4.17918
1.23791
0.767769
6.75718
1.86661
1.41263
4.37022
4.19371
0.618145
1.05774
5.70026
4.25125
0.043152
0.903133
0.0422347
3.56335
0.000161326
1.32584
2.15851e-06
0.893068
1.17397
1.91619
0.893168
0.885896
0.000154565
1.92553
0.182225
0.671088
0.989279
1.87438
1.763
0.280404
1.01524
1.05618
1.78392
0.420056
3.40897
0.36509
1.78682
1.38332
2.69409
0.504859
3.69626
1.17862
2.55682
1.90229
0
0
1.35321
0.0495339
1.65271
1.26022
0.315492
1.66151
1.81217
3.59029e-07
1.86017
0.0338703
0
0
0.169587
2.97853
0.0725228
1.61773
0.350917
1.07857e-07
0
3.72364
0.838152
0.0324987
0
0.0321909
2.11579
1.39092
0.0417972
0.00192033
0
0.183357
0
1.94835
0.830192
1.44757
0.0075986
0.865353
0.456713
0.671268
0.582632
0.366588
2.61798
2.12693
1.85229
2.15096
4.62882
0.00213685
2.5395
0.72342
0
0
0.254035
1.06933
3.09228
0.255899
0
5.3978
0.00971536
0.0816967
1.80319
0.304707
1.20604
0
0.243394
0
0
2.38753e-07
0.170227
0
2.77491
0.956655
0.980021
1.14358
4.50223
0.111898
0.0605436
0.00144261
4.61026
3.34576
1.14241
0.607561
0.0315266
0.170238
0.339593
0.871011
4.2863
0
0.00148283
1.32643
0.951076
0
0.0113049
1.34931
1.75737
0.00238196
0
0.00301496
0
0.00454973
5.31812e-05
0.627413
0
2.35336
0
5.21735e-07
0
0
0.845148
0
0.902082
0.000570775
0
0.00875483
0
0.458842
0.741915
1.47497
0.811787
2.46157
3.75541
0.833938
4.98869
0.10091
0.939037
6.57959e-05
0.00504386
0.000166082
0.362043
2.4039e-05
0
0
1.37308
6.23275
3.93758
7.46859
1.72032e-07
0.76172
2.54181
0.58139
0.825086
3.91444
1.05581
2.02884
1.95288
2.17213
0.00312268
0.76214
2.52076
0.2716
0.0525354
3.17621e-06
0.982182
0.0990574
3.74473
5.15396e-07
6.28262
13.3064
0.406722
0.0142863
0.0880867
0.000321882
0.602752
1.22691
2.27715e-05
1.19711
0
0
0.220609
1.11324
0
0.721506
0.00143221
1.90874
0.303773
0.404815
4.22698
2.34455
0.26554
2.53657
0
4.21325
0.280224
0.0168755
0.461467
3.64499
0.979014
2.09242
0
0.0238532
0
0.612337
1.12074
1.28545
0.154235
0.805322
1.59217
0.521947
2.56995
0.683812
2.5009
2.40681
1.00091
0.0796963
0.0802715
1.79304
0.7479
1.23548e-05
0.146561
0.0872873
1.82494
0
0.0803462
0.91279
0.0189013
0
1.03536
0.00819378
1.49913
0.252492
5.64676
0.748671
0.813772
1.91198
3.40136
4.73805
2.90622
6.3484
0
0.21219
2.87252e-07
0.0850104
0.328561
0.0077551
0
0.38365
0.98371
0.798887
1.71444
0.829394
2.63753
16.689
1.01617
1.60745
0
0
0
1.52726
4.84486e-08
3.46651
1.92978
0.000308035
0
0.0987966
0.0478561
0.0144213
0.143012
1.81201
2.26367
0.768526
0
0.766616
0.604541
3.88132
1.65067
0.999032
6.3865
1.66493
0
2.34796e-06
10.9049
0
10.0273
0.0285824
0.391417
0.918795
0
0.807163
0
0.00281363
0.783072
0
0
1.84353e-07
1.05589
5.2477e-07
0
0
0
1.24179
0.917356
0.00529519
0.0193971
0.160373
0.0576881
0.0157227
1.41116e-05
1.04998
1.33485
0
0
0
0.0154773
1.41107
0.741685
0.667974
1.1228
1.38643
3.41032
4.93935
1.84469
7.77915
0.274189
4.18516
3.95524
0.0182633
4.50422
0.95621
0.0016421
0.0222625
3.99764
0
2.53941
0.583986
1.62838
0.658699
0.0144467
1.39903
0.00818851
9.06673
5.97587
2.16251
2.58673
0.948426
3.67282
0
1.77477
0.244871
0
2.0544
0.421345
0.747924
0.119308
0.000256173
2.68599
0.15098
4.42937
3.8388
0.0779232
0.000183664
13.7071
5.71594
1.30077
5.30293e-05
1.84046
2.39936
3.48289
0.00451796
1.8446
7.35787e-05
5.10946
1.46052
5.36856
2.24074
0.739199
0
1.48487
1.01495
3.02254
0.777938
2.79582
2.29898
4.32506
4.55349
1.0861
1.5806
3.16179
2.53808
2.0152
2.29417
9.49266
5.73509
4.83141
2.62065
1.46463
0
2.91594
4.01386
1.90617
0.750688
7.53802
0
9.17349
13.3403
1.36613
0
0
17.0291
4.28507
5.17772
6.55996
0.543116
3.86617
13.049
1.78529
2.26295
7.37412
3.29572
1.21668
8.09331
4.52516
1.28364
2.69335
13.6719
1.35331
4.1233
0.77438
6.38824
8.87671
0.00037022
10.3609
8.79264
3.068
2.40974
0.952569
6.68676
32.117
9.15792
0
6.2016
5.18382
4.04344
0
3.59491
2.38837
1.70165
5.12362
1.0644
2.22991
1.24335
1.05957
0
3.24575
2.32411
1.6567
0.43291
0.535968
1.40061
1.35256
4.43084
6.36664
0
2.08191
0
1.37719
1.30747
0.741314
1.11283
0.444787
3.9545
3.9182
14.942
5.34741
0.40368
1.62365
0.865091
0.0171831
1.09983
0.495523
2.24676
0
0.912454
3.97952
0.704858
4.15537
0.0183626
3.68173
0.102725
0.101833
0.0935425
0.49672
1.26479
0.723398
0.757245
0.369169
0.413163
1.06559
2.13785
0.966588
4.05748
2.88325
3.75908
0.0390984
3.84004
0.857722
1.48358
2.61185
2.30318
2.97323
3.32218
1.71792e-07
1.02264
0
0.895904
0.0895322
1.92195
0.0391255
0.85969
2.2451
1.43658
2.22369
4.17919
2.29932
3.9223
2.45398
0.258152
0.836817
1.82582
1.03629
1.47698
3.15647
0.222769
1.41379
2.66924
0
1.29425
2.09645
3.7858
0.85784
0.896796
1.68322
0
0
0.0765679
2.83599
0.458881
0.7368
2.292
1.40456
1.66555
0.891289
1.241
2.45578
1.6254
5.8965
0.118846
0.278759
5.72522
2.84325
0.381788
15.0718
0
0
3.30095
0.135896
5.68105
3.41752
0.00443257
3.74251
0.235131
6.86081
0.159336
6.89633
0
1.56848
0.338243
1.26625
2.37871
1.55753
2.01785
1.21093
0
0.816462
0.840044
0.97433
2.40948
1.02273
0.0916032
5.90595
1.0575
3.53973
2.65202
0
1.53136
4.82188
1.00809
1.36423
0.83199
3.85979
0
1.96822
0
3.23429
0.965394
1.20594
1.9045
0.945866
0.521622
13.5734
0.0354342
5.80691
0.478494
1.6745
2.68199
0.781379
1.40851
0.388639
1.66421
0
0
0
2.53208
0.699643
0.00723219
0.640182
4.45257
2.19245
1.62981
0.622163
1.20276
1.50058
3.63674
4.27112
0.00151344
7.0606
6.70458
1.70138
2.78512
0.978657
3.95969
2.59044
0.0547831
3.62811
0.0658581
0.850538
2.02785
0
0
0
0.0129246
0
0.0893694
1.31508
2.06949
0
0.162138
0.682341
1.85956
1.49007
0.0108525
0.0136584
2.37418
2.08727
0.070418
2.88877
0.000784682
0.0202288
0.761155
0.501347
0.816672
1.82038
0.00240457
2.00833
0.7803
5.5624
5.49962
0.843258
1.20304
27.1036
1.5349
0.240387
1.05801
22.631
1.81722
1.44008
1.63547
0.922665
1.056
0.973547
1.86228
2.97425
1.0128
1.96001
0.989355
0.92914
1.96067
4.17687
1.32419
2.83249
0.00685583
0.00360717
1.9583
4.60522
0.0760879
0.3932
3.8162e-06
0
0.992362
0
4.88664e-06
0.915373
0.172389
0.683906
1.61185
0
2.55807
0.000908986
0.257684
1.45318
0
0
4.35176
0.103297
2.74353
0
0.0884835
1.0646
0.00780332
0.831895
1.00351
0.00282712
0
0.224067
4.32415
1.43456
0.189601
0.655845
0
0
0
0
0.167814
0.291483
0.158371
7.13147
0.428741
5.56027
0.824879
1.94453
1.28375
1.42898
2.28073
0.286657
2.13294
3.52709
0.290833
0.886423
1.85428
1.62544
1.62689
0.106967
0.0396309
6.52496
2.83785
4.18434
6.74581
2.53903
0.00743496
2.18466
0
0.706129
6.20221
2.00483
0.00620762
2.05282
0.20325
0.109613
1.81337
0
1.09572
0.893255
0.363343
0.501887
1.70762
2.24003
4.19479
0.0651027
0.820878
0.0799417
0
0.849804
1.10021
1.08103
1.19025
0.999139
2.24068
0
1.74646
0
0
0.537753
0.271925
0.00570519
0
1.15151
4.50968
3.87891
0.416999
0.401247
0.0273201
1.45384
4.23168
1.76882
1.83867
0
0.00219279
0.938167
1.68947
0
2.76595
1.62298
0.748928
3.20385
2.12368
0.976664
1.60081e-06
0.148223
3.87129
0.13424
0.802327
1.17308
0.462071
3.95695
0.827855
0.0198102
0.713525
0.959057
0.722302
0.999199
0.635184
4.16348
0.502737
0.327252
13.0123
0.382199
0
3.22865e-07
0.0096352
0
0
0
2.845
0.376295
1.40554
0.0106459
0.0342544
0
5.09656
0
6.58688
3.10794
0
6.5399
0.555464
0.552728
0.196781
3.26028
2.70846
0
0.894195
0
0.00647258
0
0.00322488
0.000552681
0
0.580386
0.883855
1.32267
1.00331
0.0198357
0
0.00145605
4.45431
1.1092
0.433324
1.22148
1.02082
1.8758
0.123042
2.37471
2.87339
3.84454
6.94662
4.3306
1.18183
2.24294
0
5.2838
0.993003
2.46921
1.5658
2.24246
0.687805
0.0658284
0.0142506
4.67783
0
0
0.00469295
0.768109
0
0.0394914
0
0
0.25787
1.00791e-08
0
0.0193463
0
0.192744
1.75208e-05
0.050679
0
2.79497
2.24332
6.14643
7.15873
4.22335
4.29465
3.87392
0.550138
0.302609
0.00488405
2.02647
1.65245
2.39768
1.307
1.0786
0.980098
6.02642
0.772291
0.95954
0.243475
2.32436
1.5949
1.4252
0.432224
2.43324
0
0.380376
0
2.05945
0.714004
0
3.30977
0.0114437
1.02565
5.78131
0.0407984
2.31944
0.246171
0
2.78994
3.61402
0.0483192
5.28967
0.149006
2.49378
1.45096
1.6025
2.42086
1.58486
2.06535
2.23503
4.22376
0.208334
0.300783
0.304181
3.83465
1.02248
0.922713
1.93459
1.24532
1.07453
2.29226
1.61826
0.00730686
0.0446934
0.987269
0.293325
2.12942
2.24371
1.88729
0.0221143
0
0
0.286954
3.1471
0.15106
2.1859
0.385542
0
0
0.505008
0.0117879
0
6.53429
0.0314238
8.74813
1.09995
0.906075
1.12972
3.32723
0
0.0500345
0
2.47483
0
0.459926
2.20212
2.82678
0.0670266
0.306121
0.603659
4.9381
5.50333
0.668975
0.354136
3.3539
0.07783
3.50013
4.20895
0.648844
1.03723
2.63698
0.214849
2.5912
0.505729
0.000310204
2.31824
3.13089e-06
0.00848247
0.787817
0
0
0.0644361
0.107101
0.0158997
0.00205716
0
0
1.65816
2.45387
0.474903
0.631975
0.740913
4.5366
1.33798
1.55995
3.44882
0.530628
0.187369
0.000504531
0
0
0.960552
0.396006
0.0685062
5.26021e-07
0.147934
0
0
2.67544
0
1.48089
6.5979
0.14746
0.846413
0.00257925
0.000209488
0.16752
2.3191
0.00558923
4.04479e-06
0
0
0
0
4.43467
2.95028e-05
7.57004e-05
0.952771
0.087717
0.0682735
0.665313
0
0
0
5.23969
7.51785
0.12387
0
0.000229822
2.64767e-06
0.0591454
0
0.0209094
0.34001
1.6621
0.797314
0.028306
0
3.77467e-05
2.3372e-06
0
1.04302
0.71451
0
0
0.000453099
0
0
0.182519
0
0
1.7665e-08
0.691255
0.0225981
1.93837e-07
3.16248e-06
4.27372e-06
0
2.60244e-06
1.60077e-07
0
0
3.82913
0
0.380782
0.0209897
0
0.0424202
0
0.932937
0
1.2498e-06
0
0.254683
1.04694
4.5353
0.17103
0.0490191
0.0921474
0
0.62452
1.78307
2.27609
0.569818
0.836657
0.09434
0.644001
0.784838
0.409635
0.00480391
0.0188552
0.129118
0.464926
0.970954
0.0537777
0.434927
0.000397329
0.565489
0.953212
0.0591561
1.73702
0
0.519777
0.0309538
0.110125
0.00133934
0
2.26244
13.6312
0.969656
0.110011
1.33817
1.39711
0
0.00357117
0.000188768
1.05666
5.74336
0.62748
1.25952e-07
0.116055
0
0.847376
1.21744e-05
0.658183
0
0.545114
0.209025
0
0
0.155812
0.0208625
1.63575e-05
0
0.567926
0.189594
0.611247
0.26718
0.958265
0.883903
0.873175
2.76764
4.38499
0.788599
0.000561499
1.2844
0.0015421
0
2.70324
1.86474
1.00561
0.629204
3.16435
10.485
1.9028
2.83167
4.35894e-06
0.22185
4.39135
3.68141
5.62091
2.05132
0.745789
4.82412
1.30925
4.9008
1.1813
2.19058
4.24991
1.42604
0.0189281
0.899307
0
3.73897
2.00271e-05
7.39275e-05
3.24051
4.63627
0
0.985537
1.68621
0.954265
8.88454e-05
0
2.01683
4.29283
0.000374065
0.510732
4.61789
0.412017
0.00487615
0.910057
6.32238
0.521201
1.41347
2.10942
2.3697
0.724033
5.37775
0.188635
0.0569074
1.20273
0.205049
3.74483
1.08617
1.1845
2.75858
0.033646
0.383021
0.346024
0.060475
0.663921
0.79837
0.517905
0.335743
0
1.69178
0.0871256
0.270363
0.386828
0.0143633
0.297287
0.0249101
0.853823
0.0152274
1.68504
0.623858
4.00505e-08
0.150149
0.000354915
1.24809
0.0384604
0.989098
9.36914
0.967821
0.204431
1.79773
4.36813
0.00249129
0.152188
0.506323
0.000281478
5.05225
2.23624e-06
0.0557014
4.11017
0
1.25281
7.22446
0.796578
8.45353e-06
0.074975
0
4.44784
0.866976
0
4.43619
0.147231
0.0281475
0.896036
0.783696
0.363766
3.46488
0.609347
2.81133
8.07977
7.36867
5.12255
4.46855
6.30645
2.97009
0.879619
0.177166
0.0843081
0.920391
6.04162e-05
1.13963
0.823958
1.37446
0.698241
3.95469
1.84601
0
0
0.104784
0.000212151
0.894968
0.00508372
0.0272533
0.0400735
7.86581e-05
0.0112644
0
0
14.6335
9.17879
0.000133581
1.3291
6.30676
5.1279
1.05863
0.705161
3.17829
0.887728
1.21967
0.979053
0.518923
0.824214
0.313035
5.65582
1.20376
3.49112
1.4218
6.40371
5.47403
2.07707
15.3661
1.86958
5.08068
3.78374
5.48508
0.887688
0.342016
0.367854
0.000194557
1.3067
0
0.182282
1.42531
1.07652e-05
3.53065e-08
1.30075
2.45608
3.71015
5.71336
2.09864
1.60485
0
1.62496e-06
0
0.000212985
0
0.0613156
1.21951e-07
0.0360597
0
2.21991
1.38527
3.22194
0.0191487
1.06151
0.21814
0.0513607
0
0.439003
0.0164635
0.20548
1.84245
0.921507
0.0191516
0.00969438
0
2.8697
0.00125878
1.06278
0.281864
2.3924
0.570223
1.44736
1.8675
0.64438
0.566011
0.00571625
0.386919
4.70877e-06
0.464661
1.17375
0.00649835
0.00612158
0
3.58936
1.28912
0.00132571
0.431985
0.0504948
3.48563
0
9.29562e-08
7.24819
