21.9851
7.97758
8.19631
1.23033
4.42676
27.1264
0
17.6135
15.6145
14.7836
30.2073
0.193507
5.48329e-07
2.05685
40.2069
0.00246913
2.70016
77.3505
20.5857
6.68007
71.2117
0.434786
0.0613411
0.403711
5.99252
7.31882
7.44378
1.38757
11.6638
0.356419
2.53179
0.045158
0.739053
1.02776
6.26768
0
0.534086
33.086
3.01694
10.7336
13.4096
45.5469
3.65478
23.4134
3.62826
11.6545
4.35017
0.300362
1.4135
0.481827
2.65451
2.66131
19.8419
1.74573
16.5096
0.551783
51.5226
12.9937
0.394849
0.543999
96.463
0.111627
54.1174
2.13351
35.5128
0.00030149
23.3072
13.3009
7.95293
1.63017
22.5944
0.148814
0.00148222
1.53278
1.66456
4.65551
19.5376
14.6954
0.937394
1.37107
2.40793
1.44149
0
1.72325
15.3591
7.29467
3.11936
4.57674
8.89098
5.65358
25.0264
6.90412
0.687146
5.60078
6.13403
3.78435
11.9652
7.13588
7.99805
1.37635
5.66619
25.8552
5.51568
19.2384
4.71991
1.93871
5.22637
2.83689
1.73317
13.4131
3.06811
1.62582
2.64149
2.01517
5.97411
5.72166
7.13569
4.45727
1.83167
4.57244
8.23392
6.22977
6.53947
4.59929
0.977281
2.88257
5.23978
4.59487e-07
0
1.39825
4.75183
0.0973328
0.436109
4.69952
0.476349
0.873675
3.34497
1.40247
0.913589
1.23367
1.00404
1.52196
1.08993
4.2272
2.67862
0.516717
0
0.0161678
30.063
61.658
1.02047
0.390558
2.50628e-05
1.0423
16.6753
8.32084
22.1365
26.9827
31.1414
3.67651
8.11078
31.546
0.00317923
3.76618
1.09343
1.75536
7.4312
22.6441
0.0826699
1.7955
4.16991
2.90145
3.0582
3.03932
1.2326
1.50468
0.809382
0.799088
0.00130888
0
3.45518e-05
11.6393
0.189051
0
19.7263
10.7302
33.2277
4.12261
32.05
85.4567
32.4093
25.6651
19.6107
40.2588
2.37419
0
11.6689
2.93554
18.8018
14.249
20.2456
61.3981
40.2724
28.5493
14.2978
5.80627
37.3742
3.49956
53.7855
16.8672
33.2964
33.6493
1.71061
50.0013
52.4457
55.0174
8.05227
49.617
36.7925
19.7469
2.90206
9.09958
51.8853
2.49058
30.6422
24.7678
20.0452
32.3581
23.3256
1.88393
2.78252
7.66552
30.2119
2.65813
4.30324
5.58357
21.6231
4.50297
3.71311
7.22648
8.53603
3.16358
6.30053
3.32103
1.84135
3.88447
0.0298245
8.41857e-07
1.71042
0
0.597812
0.20238
0.733705
1.24135
0.0856684
0.010044
0.895963
0.323088
3.37727e-08
0
0.114659
0.0677975
0.938453
0.192399
1.5724
1.98276
0.934672
0.379261
0
0.216939
4.60397
0.00661296
10.9777
0.193337
0.0692006
0.723308
0.541369
0.0690598
11.5661
0.98101
17.7531
0.0702393
0
0.0187259
0.0127092
1.05682
0.852862
0.606671
2.29787
22.3155
0.000521085
0.861103
7.91768
0.503611
0.938836
1.07818
1.34729
26.4598
6.10097
7.12707
8.26438
1.14613
13.6389
15.0474
2.71109
44.9111
15.4197
3.68445
0.0894969
0.617955
1.30757
0.623598
3.38899
2.13714
12.9552
14.1393
19.0001
5.99346
16.3493
4.66548
1.44338
2.91426
1.22086
2.15173
43.5623
30.0335
24.4135
0.0225882
0.586147
0.171835
0.708544
1.885
0.00104022
2.14338
1.06295
5.86356
8.0768
6.83026
11.903
0.369421
213.131
0.533032
23.5213
0.0644377
0.0205258
1.9058
0.317655
3.15554
4.1947
4.65976
1.39776
0.972267
10.4933
7.93243
0.838822
0.962517
19.3693
1.79933
0.577759
0.705084
5.6542
28.7354
0.637182
3.51384
0.00329082
0.644729
1.64686
0.235861
3.38391
0.953551
0.601176
0.0625898
17.1671
3.78764
9.46295
22.663
0
37.8768
32.0808
22.7795
22.7107
5.63166
1.607
20.5773
43.9434
12.9332
13.3776
31.2587
5.69798
18.7094
1.65961
2.1796
6.07225
4.15761
0.524245
25.1965
31.7105
20.6035
20.2036
51.2929
32.3104
53.1276
22.8256
27.6927
44.184
17.3121
13.1699
23.7053
7.6922
1.05708
13.4124
7.77612
10.0436
58.0085
7.33959
5.56335
146.811
44.9436
12.4952
1.21562
2.23392
5.94484
1.28724
6.82789
5.93867
13.4021
36.7741
5.51229
26.752
11.0178
7.63121
4.80154
12.2094
10.8192
7.07109
18.997
24.8283
0.953227
0.140232
3.81179
2.28339
10.0671
18.2489
28.7265
17.0422
0.341462
0.20404
0.165335
5.50781
3.04663
4.00244
4.14195
127.947
4.81985
15.0606
10.4453
48.7236
32.3555
16.4593
16.1014
4.95379
0
0.64717
0.966222
6.10841
3.15772
8.75458
6.23507
1.14153
3.83218
7.09737
1.68995
2.10882
0.977884
1.63152
0.770935
0.26279
12.9805
1.67794
13.4894
18.602
17.3372
1.70664
17.4679
22.1822
5.73958
9.53183
5.5346
1.7902
8.38639
26.7932
82.1957
20.3754
0.0347918
0.0376992
23.6845
0
0.0114324
0.00353082
0.0530578
31.8994
90.9824
33.2923
32.6874
62.4733
31.8841
2.44225
25.0726
0
21.5968
8.78858
14.7873
1.16899
18.4556
21.8273
11.9304
36.8261
2.22949
55.5311
13.1793
4.20794
10.8232
9.38027
0
0.00555187
34.1798
0.00816901
3.52851
0.647659
1.74744
4.16937
10.5754
2.65563
6.05727
0.213972
2.00567
0.25401
2.65438
3.39043
14.5352
3.35365
0
9.46124
39.5636
2.91608
1.11756
4.65851
6.08625
6.68089
10.3805
32.3253
21.7207
0
38.1049
0.0222909
37.3066
101.145
60.0141
46.9763
49.1769
18.1946
1.79743
1.59885
19.5737
0.819998
0.13907
0.95836
0.738294
6.69671
5.50009
5.35731
52.9422
0.680149
2.32162
1.63121
1.03907
2.70644
27.4193
45.7411
5.65428
0
7.90553
0.240256
6.48843
8.44444
6.32192
43.7405
2.48451
16.0765
5.14572
1.50002
0.0997522
14.4724
0.631195
24.2856
33.4906
76.6368
7.40274
7.63245
62.1796
27.3651
34.5528
26.7569
7.87446
21.6113
41.6486
0.722778
0
0.944809
2.92502
0.0182603
0.237866
42.4572
11.1711
8.05518
0.61153
0.0403882
0.995353
7.55043
0.0488374
1.69463
10.3154
1.70496
5.95763
2.99626
0.0070087
2.85519
1.91575
1.74087
0.607882
0.114138
0.842737
0.960442
0.59895
49.1417
1.773e-05
35.0674
8.27664
3.85286
0.762312
10.8378
2.48829
9.4145
15.4534
5.39183e-06
0.0023248
0.00109588
1.01193
14.1608
36.8297
0.148657
16.2617
0.352255
15.7949
11.0495
13.9019
24.7267
2.19125
2.03505
0.717395
0
0.578897
0
3.01619
0
26.4326
35.7695
79.8673
33.415
11.4843
1.40896
14.7354
38.1905
21.5502
41.875
0.487483
3.34824
0.17204
15.8444
17.7499
8.10618
0.0120148
63.8792
17.123
1.76279
8.45443
0.00185121
3.2147
2.65252
1.57062
2.66922
7.55266
13.0918
9.94123
27.5096
1.38769
16.6444
0.228936
1.87302
1.81782
0.27697
0
0.326827
0.0504354
8.3134e-05
27.0629
4.87291
6.23621
3.87813
8.27566e-07
12.4336
1.45707
4.5093
7.29259
26.9473
17.8701
10.7139
8.48592
10.2477
15.109
17.4393
40.2621
45.1892
34.6787
65.9315
0
1.21058
83.7418
2.32787
0
7.0141
8.26325e-06
34.1465
72.6614
16.5637
24.456
26.6172
14.3037
11.4193
0.0119131
0.225619
20.044
18.8623
0.396664
0.48852
0.882646
1.97804
73.5666
1.28331
0.879743
4.09186e-08
0.0725841
0.00336846
1.64325
3.1973
6.64714
25.0693
8.95689
0.0973724
0.342433
0.810154
8.53863
5.19819
0.00114076
1.98797
11.9859
0.695185
30.3347
0.152655
8.58448
17.9024
1.35757
22.8582
0.445882
4.78095
1.68556
0.89669
0.531304
0.000197251
0.36483
0.00182131
1.70451
0.0207519
0
2.27732e-05
10.1395
18.7603
6.34584
54.4919
28.8598
4.40445
20.0596
1.93976
2.4969
0.996909
1.92332e-06
29.7989
0.294393
17.1825
2.79658
21.5612
22.1035
14.2008
2.40503
0
18.7373
0.0318442
12.9586
0.165317
0.150112
1.67782
10.6199
13.4705
5.16071
6.89891
6.38266
36.9907
0.272808
3.31457e-06
0.207448
2.63014
1.16694
0.112723
0.203228
0.012835
2.7579e-05
3.09056
4.34323
5.97604
2.44096
2.79117
17.7678
10.4062
6.03296
14.6413
6.5659
29.5188
0
3.04877
3.96423
36.5664
5.92053
4.41654
0.199818
0.0171011
0.000218976
8.12077
26.6619
6.78838
15.3698
0
13.8511
15.721
5.60586
0.00891247
16.8326
1.69581
1.20807
17.0766
0.0195112
1.22358
12.7309
0.337843
0.0285416
0
7.89007
0
0.135322
4.54904
7.41484
11.0812
0.976811
0.916036
25.9015
0.0592431
39.7829
0
4.81562
0.934856
0.617015
0.0692057
0.534243
6.04801
0.239971
0.876456
6.47824
5.40009
3.51531
5.85277
0.176894
23.2715
15.7215
6.41625
4.67303
4.83639
12.6053
4.63094
7.51822
10.8026
4.95827
9.72149
5.05505
46.935
7.28123
5.67399
4.84131
0.925125
1.64716
0.506842
0.444923
14.4743
1.70867
9.87389
3.30048
12.1968
14.5062
0.33078
5.92453
0.474862
0.00346021
0.110282
0.129367
0.499672
26.4301
9.21811
2.19421
4.78237
1.34006
0.612742
0.00606537
1.6811
17.3897
1.26365
15.4721
15.0361
3.49999
6.95267e-05
0.0431536
0.755238
36.8704
2.39835
37.3067
56.7749
0.835834
0.48253
16.3866
0.603072
0
40.9852
18.3809
13.0136
0.692212
10.5448
76.61
0.62491
4.91876
4.82934
27.8039
0.0181361
0.278315
44.6346
0.0632299
0.0722324
0.408458
11.676
6.19085
10.2385
14.6886
0.000211282
0.409089
0.989505
2.08187e-07
22.2505
31.8273
1.01896
1.1716
38.9329
10.6103
20.1316
0.00810862
0.00421549
0.211176
0.154423
1.3951
0.521087
2.3359
6.35457e-08
3.47511e-05
13.4042
0.0208386
7.32484
3.87208
2.60067
0.868427
2.23068
3.34214e-06
0.00015723
6.17393
18.4728
1.03038
21.9389
13.3837
0
1.53107
0.133572
1.61811e-06
7.84947
2.35558
3.13215
5.93092e-06
0
1.19563
4.53861
0.0321033
0
2.69512
1.81641
4.67963
34.2296
2.31253
1.77246
2.01103e-07
45.3764
48.9372
6.87697
3.28
1.03255
0.823234
1.00527
14.217
1.65618
2.56029
7.24777
5.90083
1.113
0.46804
10.7985
19.3046
1.64615
0.16258
0.950006
1.33063
0.732418
0
0.0434786
28.9659
0
31.3543
0.346267
4.60649
0
26.7925
15.1753
8.89298
31.6291
7.90051
5.29969
51.419
16.3905
0.933906
0
3.14625
6.17384
18.1808
10.6386
11.7649
2.93733
0.519793
0.975441
11.0933
44.8514
31.6764
22.8263
3.9852
100.248
11.1949
7.93304
103.147
25.1786
3.65946
1.21284
1.3874
10.5668
0.134457
0
20.2706
16.4117
1.01974
3.76561
1.83726
0
57.8925
2.46384
31.6621
7.39306e-08
1.38409
0.588646
2.13178
14.1951
23.7606
13.6327
32.1687
18.6566
7.63327
0.058899
7.79148e-08
0.603018
10.5423
20.4202
11.0757
21.8145
17.0783
10.7881
9.43568
15.5741
14.7528
32.1664
39.4742
21.6159
6.48566
32.077
0.0824011
1.86253
0.0173091
3.28261
1.4482
1.07358
0.90435
0.611299
25.1939
0.000912043
1.415
5.43093
7.8426
11.0873
12.3993
10.7951
25.4921
28.5307
5.57205
1.877
6.23738
12.8097
17.1218
0.0813357
7.36303
5.24342
5.2364
16.0018
19.9534
21.5392
0.350405
1.30103
1.27167
15.6696
12.4229
3.74312
1.95342
2.90714
1.76926
0.381651
0
0.0168143
0.0611904
26.5008
0.964051
15.8215
0.906974
16.2782
12.3831
2.22575
0
0.972151
6.47681
9.11931
30.1273
12.4461
3.14384
0.0264942
17.3614
18.8796
1.68541
0.453383
14.054
17.3598
10.6335
0
14.274
8.06869
4.05577
5.07228
0.0240437
9.02449e-06
3.61437
0.00648695
0
4.21793
0
0
6.11078
0
6.72887
10.1226
1.93995
13.129
4.91125
7.95307
13.346
0
23.9301
1.0151
5.52563
1.68849
0.45495
6.58152
2.80281
2.34625
0.195807
1.4373
0.236336
49.5426
27.6977
2.41441
18.2215
0
4.26525
31.698
25.7535
0.0429895
4.37174
5.97408
35.9019
4.78195
1.44267
0.587711
0.0618971
5.49645
0.0274727
5.62661
0
2.38643e-05
0.00740019
0.280464
10.5345
1.49258
0.669467
0.0505591
3.21093
0.00998309
1.21954
7.49827
0.953531
2.79151
3.60512
3.51555
4.21494
6.0777
0.884324
0
1.07329
0
0
0
0
0.155905
53.0931
2.26807
3.2856
5.88525
8.13638
1.14728
8.97089
12.5153
0.15313
11.8564
14.9075
21.0903
20.8852
26.9615
24.7621
19.5305
1.29567
7.3298
24.3044
31.8759
12.4649
28.8587
0.896935
17.8936
5.42591
0.269867
14.3947
0.206546
0.0228359
17.6374
0.941419
0.481712
0.00150152
0.691661
0.000515934
0.000644749
0.00937615
0.0116858
29.719
7.44368
0.768686
0.436526
0.0219381
0.0274366
2.42439e-06
0.0745992
0.317784
2.87996
0.0501099
9.05649
1.34636
36.4446
33.5462
1.48368
0.86617
15.4002
17.8768
2.50243
0
23.1141
1.59773
1.21472
16.2894
0.0090632
1.02002
0
1.27682
4.79234
8.799
1.40988
1.84495
1.60519
0
1.32836
1.40915
7.99981
13.549
0
9.85442
8.78944
4.42414
6.97196e-05
0.640824
15.6078
6.6632e-08
0.0184535
0.038539
14.0343
20.2748
1.4258
4.45591
30.7453
1.62499
30.226
34.8481
3.72109
13.4834
0
2.58155
0.0183336
9.00953
11.0216
5.39239
15.2474
0.129767
3.13812
0.903321
0.378428
0.388188
1.03258
0.129936
0
10.8749
0
9.17641
3.30059
0.157519
22.0018
0.0752855
10.1516
0.214235
0.731922
3.48912
8.38705e-07
0.371847
0.391916
11.6341
12.7672
3.97537
24.5051
9.73675
16.1693
0.0174755
18.7561
36.2742
0.52731
7.1983
0
2.79584
3.74133e-06
3.31266
24.1515
0.1503
12.572
0.108103
26.5263
4.04823
17.3442
0.205365
3.11958
0.560845
1.82271
0.0190704
0.0807222
0.20624
2.89046
5.59626
0.0296233
0.0522853
10.3741
9.34733
11.6301
5.53957
3.5104
1.64405
9.97085
8.79164
0.944404
82.5493
0.081343
20.1809
6.93314
1.53673
35.4967
67.1473
1.43457
1.4927
68.451
56.9748
7.29819
10.4955
7.05249
92.5384
16.9139
10.3291
2.10604
4.50068
13.2968
6.77673
13.5057
48.8643
12.292
5.57677
9.55798
12.0601
43.482
3.02511
0.000505584
8.16153e-07
0.00373354
0.15066
3.94143
0.752216
6.49205
0.639866
34.759
0.0466541
1.5164
1.32144
1.98374
1.00836
9.74458
0.148912
2.58637
19.1777
28.507
6.35313
17.8887
25.2937
1.24685
1.83635
15.2091
16.6511
33.5565
15.5352
0
0
7.91698
6.04384
0.297537
0.79504
6.19535
1.26805
3.04806
2.11682
0.643362
0
0.33648
2.34114
5.17551
3.09712
2.36109
0.0020192
53.4422
0.0455907
0.693452
1.32331
4.25159
0.028101
4.24229
4.47084
0.00513616
8.06094
27.8075
4.88123
7.55314e-05
36.6445
0.677019
0.486057
1.85976
0.0845353
0
0.00189742
2.78988e-06
0.132125
5.81004
0.898785
2.6537
0
0.544997
1.5698
7.33462
0.135818
1.19256
0
0.0966205
6.312
11.5263
0
38.2259
0.000322404
47.5814
0.558977
1.03134
6.74466
0.275907
0.713954
4.27372
2.15157
7.54167e-07
0
33.584
3.10537
2.24259
5.26211
2.16702
5.30459
0.034107
0.226523
0.0501218
0.915853
0.00156037
2.73392
0.59509
2.20324
0.324496
56.3151
7.54968
0.170714
1.25374
2.21159
0
0
0.769416
3.62514
1.2233
0.981559
1.63582
2.24266
0.0300846
1.20482
0.319584
1.94618
0.986347
0.00471411
0.00018004
0.0327236
0.14061
0
4.47488e-06
0.169056
0.273375
0.000769191
0.0850911
0
0
0.000704648
5.67902e-06
12.7762
7.57554e-07
3.63414
0.295731
0.0056843
2.79439e-05
59.6939
4.19673
7.25502
1.49836
0.198033
0.932133
0.856951
0.0410597
1.29873
0.781533
0
0.189559
1.84993
1.79559
0.12901
14.2816
0.922435
0.115629
15.3253
0.821845
1.02589
20.6346
1.07811
0.985676
1.24021
1.53716
4.7333
0.0752847
0.889561
4.43128
1.48198
0.0316567
3.32227e-06
6.96616
0.154827
3.51849
1.20597
3.1701
0
0.0377392
0.0249606
0
0.000100093
0
16.2089
0.0838684
12.1292
0.253843
0.012396
0.243127
6.49773e-08
0
0.076525
0
0
0.479382
30.4038
0.0782096
11.9464
36.6307
23.9592
67.4521
1.53033
15.2664
1.34222
15.5759
2.27171
0
7.45396
0.938863
20.4149
0.812106
1.49633
0.0912592
0.00255651
7.32755e-06
14.3425
8.40095
0.00391043
0
11.0468
5.53171
3.13971
3.83321
2.56397
12.9383
6.40396
20.2465
0.5796
2.35474
8.66412
0.257638
10.3494
13.5794
30.1599
85.6344
5.36161
10.263
39.0766
15.0172
120.299
82.7702
66.2446
5.11645
3.7868
0.916936
8.10081
2.89731
0.0809321
0.0011083
0.0987393
0.00960799
3.24868
11.2725
6.37825
0
0.917798
1.62294
0.00335731
1.90541
8.09663
4.06038
7.07237
1.60533
6.24063
16.2172
12.4878
3.85093
4.37027
0.642055
0.39175
4.12324
6.26802
5.9219
1.99715
0.625311
0.268935
7.09492
1.58227
2.36912
0
0
2.78133
0.0011997
0.695085
1.26634
2.5167
1.67348
0.82251
2.56046
1.09538
1.36182
2.13365
0.0312199
0
0.915219
0.0388336
0.135121
0.00867921
9.8254e-07
0.175801
0.171561
0.850798
1.14108
0.0253551
6.00687
0.0139726
0.785429
0.356151
0.0676759
0
15.4282
0.0433449
8.92752
1.05436
0.00374531
0.783072
4.93325
0.0820596
0.122182
0
0
0.0372974
4.71318
0.922811
0.011117
0.59916
0
0
6.03514
6.88528e-06
12.2813
0.0174117
2.74376
0.314489
6.90487
28.9018
1.6835
35.5032
31.359
26.8472
30.2652
45.421
31.4476
47.6179
71.8492
54.4786
57.0053
17.1543
2.66804e-05
0.00580659
25.7031
15.4617
36.5286
44.2346
33.4518
19.3713
8.20381
23.5357
28.4494
54.0237
6.75338
17.7213
29.8912
17.132
29.9472
21.91
0
17.7847
0.00594793
26.38
33.5192
75.6371
38.5251
7.91895
14.1659
31.7793
17.2144
0.956437
14.9603
14.9779
10.2522
9.55486
59.1513
39.4698
27.2315
32.4039
24.8186
35.7226
19.0227
30.2892
0
20.9273
19.0595
16.4575
0
12.4087
11.0143
2.73264
2.00776
4.65297
0.00440567
1.92846
1.87543
5.68655
4.07769
19.1559
1.1259
3.99421
0.822344
0.503019
1.3389
0.0880016
13.4275
3.31257
0.197673
1.41151
5.86444
0
0.0684007
0.837085
0.768801
0.853118
0
2.82792e-05
0.00413157
0.195814
0.454727
17.373
9.64865
2.09714
0.791067
0.674108
11.206
12.9482
9.30446
57.8034
21.4776
15.6322
16.3318
13.68
47.8216
18.6147
31.888
11.6579
26.4182
16.8545
0
6.11031
10.5758
11.3557
0
16.5496
0
2.37065
1.4174
0.387163
6.19502
4.27748
11.0884
1.16854
7.33997
0
0
13.7309
3.48477
2.02291
0.0166456
2.56064
0.00113066
0.293025
1.12699
1.30413
0.000798161
0.174827
10.1811
0.0987598
0
0.000395581
0.00134579
0.00284506
1.69653
0.42169
0.000739097
74.6799
0.0111761
0.503634
1.90721
1.60058
11.1164
10.7893
0.135988
0.444407
28.5037
25.1292
1.22561
24.1366
1.03597
4.07262
2.0405
1.67201
0.0731385
2.23287
2.76598
11.3042
6.36086
33.0674
0.941319
2.07556
1.86415
1.43361
0.953737
24.3064
0.0164141
0.814127
0.996261
8.30432
3.98409e-06
16.9105
6.59743
9.33158
8.96791
13.716
23.3353
2.73011
6.26074
11.1253
3.07004
0.0790898
40.6274
0.582738
0.0169178
2.04339
0.361812
6.02852
0.663161
29.269
9.22912
13.2655
3.81318
49.688
2.10578
1.32485
3.57779
6.50679
12.4786
7.56782
6.63316
50.6252
1.77431
0.0882688
0.394646
1.85865
0.120988
0.112377
7.13418
19.6058
26.3685
27.2269
1.78375
25.955
30.7631
8.27307
13.2284
4.95117
120.507
5.70419
3.35282
8.88508
40.6597
23.8989
35.9801
24.0739
3.66278
2.42106
0.0240521
0.344517
0.00531788
0.350621
0.42962
2.5093e-05
2.16376e-07
6.75591
16.5163
13.633
0.585713
7.54119
0
0
0.0258262
0.259354
0.0267446
0.331387
0.969266
0.0301301
0.301539
0.465391
0.506096
24.5389
0.13615
18.4838
6.59276
10.2742
1.92686e-05
0.0541995
19.7204
1.81236
3.57829e-06
25.7
9.55187
17.6916
1.85289
8.54167
4.80481
0.111821
10.756
20.9238
1.20507
0.310456
0.906406
1.1397
0.0812119
0.646036
23.4019
0.0281001
17.3195
7.59665
47.3501
0.0151758
0.0804224
0.0179049
0.569384
0.230421
23.0943
18.8437
36.1617
0
21.4644
19.928
24.5948
5.10001
3.65539
0.175222
34.45
0.952074
0.134382
0.273685
0.0404624
0.000306475
1.87993
0.000584378
0
0
0
0.00700436
0.00304906
1.66819
0
1.81265e-07
0.84524
3.78906
1.49662
7.84691e-05
0
7.21042
0.540199
1.01648
0.11689
0.72011
0.161265
8.97648
9.86978
0.540245
7.45045
1.77172
0.935836
1.19229e-05
2.15891
0
11.8985
2.50891
11.2652
1.86532
5.44525
0.426725
1.08288
1.52985
5.57305
6.78985
4.11469
5.32859
7.21856
3.93962
9.47949
11.2284
5.4147
12.0486
10.4926
9.10167
10.2557
7.6557
14.315
12.0803
25.9631
6.11187
4.34022
8.74485
9.86049
6.17837
2.75312
4.58502
2.31891
5.66588
8.21572
19.8731
1.84474
1.77121
1.59112
2.63773
0.0480642
0
0.920126
0.130087
0.116922
15.994
11.3654
1.56209
0.468308
1.02606
2.25703
0.0459316
0.142893
5.22231
0.153344
17.0685
5.57621
3.1215
1.45845
57.428
25.9053
3.25818
15.3958
7.91705
7.20331
14.4098
1.65224
32.3635
0
21.2361
12.6835
10.2906
8.65954
3.02946
16.7737
7.26307
11.6512
4.22064
9.91914
41.392
11.2058
6.27405
1.97859
1.14167
5.3555
28.267
8.62407
64.0911
16.6256
24.0852
21.4379
22.143
25.5326
19.7077
19.168
14.2626
39.9118
20.2501
24.1541
24.7591
13.1029
12.1276
0
0
0.0364292
4.2411
5.48974
15.8318
12.1524
9.66614
6.49687
7.75076
8.21053
7.86287
14.2703
1.69425
13.3044
12.6807
2.8617
3.67393
2.37288
5.75129
3.34874
2.43114
65.1546
4.36712
6.30813
10.5254
8.86735
6.69964
3.73193
9.56404
7.01502
37.6122
11.8573
29.9405
32.9436
9.161
16.4358
15.0179
46.2508
86.516
18.8457
31.2773
11.8426
0
3.03057
0.0752859
8.40068
10.1739
4.9509
9.06743
0.0285193
10.0765
12.9671
18.982
12.8197
15.7434
9.8908
14.9694
21.7165
0
0
0.0106855
137.213
139.288
139.899
4.62273
126.322
2.18028
31.5181
2.43253
4.76128
0.339438
14.8945
12.0236
2.3565
14.4881
51.3099
36.3625
18.2313
13.74
0
91.2846
11.6991
40.4698
5.73289
7.20744
23.2734
29.3016
16.6784
26.8747
24.6308
13.4101
29.5089
18.1308
2.51084
22.2936
39.2726
75.0578
8.40288
39.8027
12.1546
18.6386
12.297
48.0614
10.939
10.6755
25.149
22.2066
56.2
8.72675
6.20679
0
8.53523
0
2.52873
14.1343
13.1398
6.33319
5.50991
8.49761
4.63053
17.3786
10.3038
11.2046
9.50495
9.3243
10.3653
13.177
7.33588
7.91498
7.68987
4.44914
10.9145
5.93266
5.83418
9.47169
0.0020598
13.8423
4.81601
14.1665
1.60169
10.6906
0.00159502
1.48845
1.60735
20.4347
20.0678
15.0703
1.79167
10.0095
14.0896
1.05778
0.75621
2.47031
1.3315
6.03494
5.57887
4.71945
5.60056
0.43967
30.1949
1.38439
0.120777
0.595916
6.92299
6.27388
0.321466
1.21725
3.70324
2.7078
0.0199119
0.563996
3.14966
1.6786
1.39267
14.0481
1.5376
0.700489
2.6155
0.192848
2.46006
0.0930515
0.631189
0
0.892957
1.47095
1.21529
2.28426
1.85292
2.51565
1.02166
17.3881
0.688103
0.912328
0.905115
0.869908
6.51445
1.02116
1.03466
0.879053
1.88009
3.05678
0.0440971
16.2051
0.405255
11.626
2.42196
28.1597
1.14805
16.1651
0.796383
0.915854
18.7043
0.941505
32.3665
13.505
31.6864
1.49294
13.5131
0.0276067
0.0250997
3.01281
1.01027
10.2579
20.0673
6.98456
0.951132
12.3358
0.211497
0.0706442
3.73804
1.26315
1.87764
0
0.374082
1.95867
3.75239
23.7603
90.9761
1.19239
23.8405
6.03112
0.977544
16.8066
29.8573
2.66337
22.4579
0.610227
24.5551
18.6941
19.2071
5.56534
0.223062
2.10313
0
3.90733
59.2755
0
1.81554
0.158036
1.6207
0
0.340287
2.32721
1.53844
0.0190682
0.000444551
4.90153
0.360248
0.880561
0.756324
3.77599
0.970421
5.43931
0.00135541
0.675127
0
0.0328811
1.36526
3.20934e-07
0.0310035
0.505984
0
0.341289
0.157653
0.695304
18.209
4.44554
16.0438
20.9146
13.9735
5.14842
1.5614
0.438558
1.00333
0.879397
0.0597751
3.74415
9.04499
11.4047
1.80236e-06
1.64551
7.71514
18.8119
21.517
21.2519
0.771762
1.46276
7.96586
4.64798
3.56553
15.9527
14.5572
5.91187
23.2498
8.71137
2.50891
18.8042
34.6452
9.85098
23.0841
1.5795
38.1193
42.1124
210.997
0.52592
121.338
109.7
15.8584
0.142039
2.64981
0.213656
0.820399
0.018205
5.19123e-07
1.54541
0.132491
0.0582296
1.46176
8.46
0.00603231
5.24835
3.13079
18.2238
5.8617
7.46029
13.2748
16.8263
10.0159
5.48494
0
11.9093
18.9672
10.8276
3.9987
9.29646
10.9345
12.4915
1.10913
7.26162
2.11174
17.3334
10.3918
5.80391
2.15059
0.518202
8.0268
24.9363
106.564
5.53697
12.5741
5.19264
5.31305
1.60498
8.22499
8.83197
3.73514
1.554
0.86289
3.03704
14.6291
3.94393
0.954138
6.82199
1.42751
5.27968
13.4501
3.45609
18.7533
4.26638
45.854
0.10661
27.0408
21.7012
18.9812
29.8221
55.2165
30.7183
0.284905
8.01357
0.0316216
1.26173
5.16872
0.053906
4.91509
2.36689
7.46063
10.1708
6.45892
13.2335
15.9595
44.6675
6.7383
10.3581
0
0.0925309
1.07894
3.36396
0.699695
11.0078
3.19823
0.860701
0.664792
2.33975
0.00813937
0.896293
2.0867
4.78691
6.37893
0.0799413
0.0543852
1.45969
16.9259
41.0105
14.7378
6.20468
46.5444
0.981114
2.24408
1.97766
106.304
0.421
40.6577
0.258102
0.501733
29.4677
0.0268325
0.245061
0.00934358
1.80981
0.0291935
0.085865
0.0636073
1.05289
3.52795
2.44015
0.692999
0.0259357
0
2.03136
1.54781
0.230643
4.14182
12.1285
11.2644
7.71104
0.0289347
0.603468
9.14521
0.0902221
0
0.96885
0.0116751
34.363
3.41387
20.4194
34.4847
51.7465
21.0364
67.1004
23.3621
50.5321
1.23956
19.6333
1.36996
0.649945
10.3254
4.28523
3.33256
0.0169463
71.7038
0
46.2253
31.107
11.3294
3.11043
10.4997
4.79235
1.12999
11.2387
23.0253
9.27049
18.5895
3.7901e-05
22.2502
0.0330273
12.2228
12.5886
0.306197
14.8897
16.8293
1.36863
0.225493
1.03972
18.5189
1.52917
12.6503
20.2146
4.29051
0.311891
64.0993
49.3559
9.13218
2.23619
6.55355
7.01591
23.2459
1.00096
16.6942
9.09487
9.88242
9.15916
20.7638
9.15047
17.1818
0.0896661
13.5495
23.6967
76.5352
22.3615
14.7914
27.2278
23.7501
11.7684
8.07653
22.6274
15.8565
30.5551
26.6572
18.9741
59.7907
29.2136
19.1965
40.8268
20.44
0
17.3024
26.7725
14.2046
8.84248
61.8686
0.011115
58.9798
57.0441
5.55137
0.0199071
0.00652962
47.0467
32.9119
28.0268
31.1136
5.34404
31.9608
17.5835
4.61102
25.558
33.0159
20.061
3.72615
30.2693
33.1395
28.2978
18.5634
50.429
5.46448
25.5867
22.7813
39.3774
41.4444
1.31648
46.3773
22.8702
18.4781
5.97776
24.5337
37.6499
78.034
36.7054
0.297594
45.038
21.3489
26.7834
1.30902
7.88309
13.3123
14.2189
26.4641
7.95995
27.0603
15.7719
3.51526
0
6.20326
3.9282
26.6823
0.758341
6.44114
30.8888
24.2699
22.4797
23.8422
0.757267
30.0097
0.0139145
21.4196
12.0305
10.6002
11.8233
9.85829
23.7427
20.2058
51.2237
18.8268
13.2146
10.8476
16.898
0.889186
19.1074
12.2773
18.5908
0.0498444
8.70482
4.32656
16.0564
10.8544
3.48896
16.8417
13.2399
2.40649
8.06419
8.41475
10.9515
7.06643
9.24872
0.96057
1.64566
15.4126
9.32054
1.57026
4.96073
1.75322
2.50778
0.0804017
29.125
2.6009
5.74351
39.0961
10.9694
11.9949
7.89863
0.247312
18.491
0
0.953858
8.40177
10.3562
0
2.36396
33.1514
8.62952
9.76595
8.52686
15.7264
27.4548
21.6537
13.2734
9.82208
9.00405
17.9611
7.87585
19.3805
10.0704
13.1327
23.4672
1.18143e-06
5.55381
15.7409
28.2769
3.11902
0.359701
19.8076
1.36462
2.86106
6.28517
21.488
16.3519
10.7223
39.3414
12.1751
11.7397
35.0681
6.76587
20.524
16.7035
19.2938
6.07306
0.384735
5.6545
22.1934
5.58607
23.1106
1.89006
0.622347
6.59836
1.15797
63.7326
14.7745
0.0297214
10.3384
2.09348
25.5529
6.05321
16.2689
1.35857
4.37581
3.36846
4.80323
33.3154
5.25058
1.12239
6.28325
0.607063
13.7949
9.64325
5.51815
6.51594
9.32445
0.297751
4.7463
1.22331
8.16664
2.93811
1.70061
6.02728
3.05379
7.84661
11.1998
26.2932
19.4132
0
7.57587
0.075764
15.9042
2.25977
1.65915
17.207
1.32437
1.70254
94.7034
0.720353
104.682
3.16842
70.696
2.11627
0.366131
46.643
0.170487
0.0169111
0.93823
0.067983
0
48.8588
5.72143
1.89583
12.7093
15.383
18.0993
13.8811
9.42455
27.7288
7.83318
22.2547
41.9875
1.55709
91.7997
56.7638
3.70442
59.7218
0.567799
36.9455
10.4567
1.29352
21.8057
2.17975
3.12564
8.30257
0.00026457
0.151738
0.000292597
2.01975
0
9.56802
15.2491
19.185
0
4.54387
10.5147
2.79201
8.76214
7.40837
5.398
6.38671
11.5741
1.76565
11.4008
7.11709
0.0343198
9.78646
6.93872
5.00402
3.69836
0.916554
5.4681
3.36614
13.0333
13.4842
6.93314
6.78992
102.109
5.02278
17.1934
6.13695
162.248
5.7468
4.45595
7.84012
2.73937
5.52322
4.8013
2.0906
9.99559
1.33709
2.01131
3.3074
2.97068
7.76395
190.885
21.9114
67.5064
21.7751
0.00333017
23.8744
83.0688
0.89295
1.28454e-06
0
0
9.14855
0.208782
0.43932
0.687104
1.28695
7.82164
0.343592
0.00685377
6.30422
1.07748
15.5401
39.9653
0.318713
0.0964015
16.1562
1.42843
23.6967
0.849466
3.49631
3.48398
0.0129623
0.927808
1.71622
0.159362
0
0.255658
8.97634
8.31352
0.0126092
0.0382375
2.58943
0
0.574273
0
0.131151
4.07594
43.0001
28.069
2.70252
28.5381
1.56215
20.549
5.33333
32.5535
23.6104
11.632
58.4942
24.9974
6.77414
13.7142
10.8736
27.8947
17.1928
2.85496
5.21078
62.1358
9.97371
30.6219
17.9626
16.2621
5.08036
31.7647
0
0.0203104
24.2207
18.8161
6.49155
4.25194
5.24059
6.49413
9.4691
0.0618259
1.52881
9.21939
4.35922
6.66118
12.0823
15.9063
17.836
6.01137
1.59371
4.87931
9.34389
3.22637
9.93747
16.906
11.0545
2.30849
19.6275
2.33997
9.42277
0
0
4.93778
1.00611
1.94001
0.100539
3.23969
33.1262
23.1739
4.76516
3.82825
13.0203
16.1452
39.3958
34.3629
7.23969
0.00238607
0.0252283
3.99714
13.8362
0.0366451
13.8736
11.8111
3.12733
18.9943
23.5667
0.55345
0.0837191
1.97743
18.9772
4.06447
10.5965
11.3379
3.82008
19.0213
6.2881
3.08114
7.71976
0.165031
2.45799
5.72484
10.3583
16.3114
2.77799
0.879006
49.0258
8.12811
0.312465
0
0.000722575
0
0
0.960495
13.9319
1.63911
1.35607
0.0879939
2.35926
0.143605
52.0742
0.0732103
62.3227
63.6305
0
70.9817
6.02557
1.72318
1.61227
41.0971
15.0769
0.0369441
0.220627
1.92116
0.163765
0.461849
0.138069
1.10566
0.000853629
16.1392
22.9976
35.5644
30.0918
8.84602
5.96532
0.357595
30.765
4.59401
2.87158
4.04241
6.56142
7.12142
16.2398
13.2005
10.3031
40.402
44.286
8.43865
13.3301
27.134
2.54481
26.1986
10.9998
9.36257
38.8255
16.964
17.696
2.09851
12.0123
54.6608
0
1.5569e-07
0.00982758
0.0385512
0
0.0307013
0.00104943
0.0396008
5.8906
4.22843
3.85651
6.00577
0.447612
1.07654
0.127435
5.48301
0.0221624
39.7413
34.3481
20.9626
17.7475
30.6634
54.2694
22.1875
4.16977
1.5328
3.79039
11.4227
5.52646
10.3278
6.40147
4.37509
3.43074
17.6365
4.57807
14.6367
9.75437
13.2693
8.7256
9.80072
2.28457
14.296
0.151488
7.99895
1.28422e-06
11.2713
2.49767
1.78583
19.0884
11.2387
0.0101625
26.2599
8.97494
14.7456
6.93483
0.123827
13.8839
17.5379
10.291
12.5152
14.1429
23.4244
2.86741
1.25171
12.6644
9.43214
4.69536
0.412278
26.2776
0.385118
2.67775
3.16024
0.353127
3.35504
1.05931
4.78645
3.04547
1.35918
2.43523
2.85711
1.17133
1.51482
6.51876
1.62076
1.08541
3.0435
2.72253
0.0986018
0.43842
0
0.746489
1.46223
1.54259
2.25352
1.41126
3.20012
0.906495
0.864753
0.772301
0.499126
59.4117
5.83011
39.5886
42.4807
18.0523
15.6089
43.1428
0.933414
0.441514
0
12.7587
0
5.66183
13.7855
8.73196
0.179739
5.15688
11.1292
22.0123
49.1495
8.28697
39.9333
23.5246
4.37388
19.6408
32.2336
3.57854
3.65808
15.7306
0.0604468
3.81551
75.7672
0
5.47236
0.268391
1.74553
0.070697
0
1.40456
1.21437
4.87423
0.189448
0.499009
0.0236491
0.970488
22.4023
7.67498
16.4636
12.5936
1.0124
16.6553
16.4019
4.32606
14.6713
44.9478
17.1319
0.0757493
0.00164191
0
8.14791
1.2818
1.30462
0.939326
1.3381
2.8174
2.36351
16.83
0.0108475
3.59538
22.458
1.31519
1.06865
0.131703
0.0108657
27.0751
13.4784
0.00032052
0.339919
0.368796
0.0117033
1.40456
0.292716
83.8703
0.264368
1.54815
9.28402
1.23806
0.957527
2.67606
0.955586
0.274896
1.82966
34.6404
37.8555
0.0942269
0.890898
0.0953418
0.00576976
5.09765
6.3549e-05
0
0.320449
2.45985
1.28368
0.125245
0.000161411
0.0324199
0.00420133
0.136524
1.81699
0.948837
0.107781
1.26746
4.85821
0
0.00355302
2.53162
0.945747
1.10358
0.257396
0.00564093
0.770218
0.89708
0.0802474
1.77691e-05
0.289157
0.512573
0
5.21529e-05
0.873312
10.9408
0.854237
2.56575
0.912994
0.272305
1.40909
2.40934
10.3013
0
0.107026
0
0.000699387
2.30671
21.6495
7.02597
2.22703
6.65205
0
11.9116
18.4365
7.43662
11.1628
0.0434767
8.79293
11.6969
5.2727
10.3718
0.648414
0.0295116
4.40346
0.000396075
0.603139
1.08426
0.641335
0.815817
6.34228
12.2194
15.6651
34.9311
0
40.173
7.8594
1.65941
4.10298
0.000866195
13.852
75.6861
1.65311
2.48552
5.08339
16.881
0
0.311875
0.427982
1.93652
39.4701
3.6433
0.00464478
13.2196
1.44239e-06
4.28311e-05
1.7086
5.21142
1.32115
7.06962
18.1769
0.000663635
1.86075
1.54434
0.918638
0.0795947
3.18418
0.605427
0.204172
0.288365
0.63273
7.23431
5.52551
0.615851
11.8787
28.1196
0.127889
0.620871
3.26862
0.0840049
3.52925
28.7919
5.96924
1.553
0.843665
3.47377
73.0016
32.0816
25.1769
0.515102
16.9593
37.935
52.1039
53.6998
2.03872
2.60831
28.549
0.729696
66.6789
4.16152
16.2689
16.807
3.25689
0.97624
1.01581
1.85342
11.6101
0.687562
0.889136
14.6877
15.1802
0.907284
17.2362
13.3816
4.54523
10.0724
0.941673
12.8637
24.3094
0.846988
3.03906
30.0445
9.53791
2.23268
4.25918
18.8164
6.4422
13.1735
22.3162
12.4258
5.19607
18.761
11.9177
0.912594
10.8967
0.158546
10.744
10.5985
11.1064
6.88661
0.0541385
0.590125
2.33025
1.9468
3.27775
2.87035
1.55326
0.0187994
4.70158e-08
3.91429
7.22408
2.86422
2.37323
0.69981
0.124024
1.53833
0.622572
0.00494908
37.1933
2.75773
3.88833
0.104227
1.79346
28.1524
0.031734
11.1109
70.9451
3.50051
3.79381
42.1125
21.2853
0
2.95423
0
0
29.5528
0.00228467
1.88893
32.352
1.58803
0.671578
87.5903
4.57404
0.562173
0
0.443324
30.2301
2.94812
0.889204
89.0314
15.9138
3.82588
7.61832
28.7363
13.146
19.1344
5.05875
16.0685
57.6444
56.5386
50.6307
28.6143
75.0974
19.5251
2.21281
1.55216
6.78121
0.693657
2.13597
2.95947
0.896252
6.54141
13.193
26.8842
5.12537
0.897183
0.965734
0.0416462
7.92838
1.14987
1.50885
0.00231665
0.096224
0.567182
0.443279
1.75252
0
58.3283
41.0789
1.07705
14.7184
64.5863
24.0659
5.46323
7.94108
10.5953
1.7723
8.80554
3.30504
5.32922
2.26495
2.34462
16.6269
9.92171
31.5641
8.13299
29.1299
65.2888
13.0975
71.1179
21.0208
36.7133
45.8515
41.4996
0.26675
0.00266699
1.07125
0.000766861
0.50965
0.0139883
0.954437
10.1266
1.15656
0.0141259
19.7328
19.2533
35.9131
6.51558
14.1827
10.4259
0.88232
0.0261931
0.993145
0
0.238144
3.25413
0.621612
0.044058
2.79667e-08
17.9605
15.4874
18.9465
9.03956
22.424
4.07611
0.148035
0.492912
5.76265
2.4144
1.04143
2.52549
1.90349
3.81773
2.28523
0.0346485
26.4474
0.154163
1.81763
2.48241
7.18506
4.24378
3.49354
7.56047
5.95748
8.79168
0.293965
0.300243
0.37817
1.30331
11.4408
0.26197
0.262592
0.0026401
19.9962
1.65671
0.417042
3.8552
0.820944
31.2801
0
1.79494e-07
28.1667
