3.1782
5.24238
4.23703
6.98577e-05
2.88359
8.2314
0
9.79146
1.59327
10.7887
24.9105
0.12103
0
0.478486
6.16087
0.241732
1.50483
12.4583
28.3854
6.58226
15.0769
5.2392
0
0
3.84327
4.52279
3.04002
6.89525
29.9266
0.32184
1.04906
2.3109
1.98329
0.24064
2.01994
0
2.92805
15.579
12.2954
19.3772
17.3121
19.4445
4.44543
14.5393
2.94312
10.8719
1.17891
0.00219769
3.4466e-07
0.105685
3.69116
8.20768e-07
26.9223
1.26448
1.39286
1.43184
19.0022
1.38891
1.16822
0.91291
4.9963
0.199199
5.08104
13.3978
5.17641
5.57372e-05
3.29803
5.58535
5.82043
1.87118
23.7846
0
0
0.0856874
2.8158
0.117651
6.81736
2.47481
0.230417
1.13344
0.696771
4.23245
0
0
32.8102
3.94986
12.7428
17.5774
10.0367
9.56291
27.5481
18.5539
3.62958
13.811
7.66867
19.0726
20.7146
20.0468
0.723666
2.36373
10.8296
15.4301
14.8554
11.8623
18.8672
9.95654
23.4178
4.44437
1.35996
16.9087
25.5401
14.1688
14.348
24.125
17.3568
14.9157
4.98739
7.45394
5.76286
6.00339
9.31052
3.65898
0.417375
0.0476361
0
3.87328
8.23745
1.83815
0
4.41348e-07
8.16173
5.05301e-05
0.505615
22.6624
0.00428946
10.392
13.292
2.8525
2.19904
8.21521
0.000852507
0.615451
1.49296
3.26805
0.532625
0.0366907
0
0
30.8035
59.4166
2.59747
0.612854
0
0.0542899
12.43
3.21701
17.7294
9.94984
7.07205
3.17282
5.81204
19.39
16.834
20.4818
0.477316
0.933413
4.18375
0.83929
0.647719
4.68878e-06
19.8469
2.46643
5.58822
0.413302
0.0357517
0.00103351
0.818555
0.520343
0
0.0229894
0
14.9342
0.0276313
0
14.4273
10.07
15.3912
6.78331
11.3871
30.0042
35.6195
22.0147
12.113
18.8682
5.61566
0
13.2477
5.4699
17.939
8.67386
50.965
101.842
15.6096
46.2707
37.1031
15.1673
24.4217
7.10071
47.6982
9.99434
22.9897
25.0062
2.13222
24.0043
18.162
45.0015
4.2475
34.1219
18.9889
5.49826
3.20833
4.377
19.6645
6.11987
21.9732
15.6667
38.2382
36.8264
46.4143
0.663945
2.21128
2.43653
22.2615
2.14069
3.0969
2.06412
8.65379
2.08642
3.77477
2.60504
4.68271
1.45557
5.73868
0.500595
1.44237
1.05679
0.0581746
0.00737802
3.4049
0
0.00790167
4.10932
1.3099
1.34122
0.318047
0.424716
0.00832178
0
0
0
4.05926e-05
0.503825
0.290713
0.00116292
0
0
0.463665
1.13418
0.00184633
0
0.325888
0.000107028
29.1481
0.970206
0.410126
0.601385
0.173502
0.0855057
2.32629
0.0427853
20.882
0.244374
0.660376
0.0561339
0.0155615
1.38033
2.7415
0.853695
2.48935
2.76093
0.267727
0.0223304
15.278
0.461601
0.0229797
0.00908057
0.692837
23.7542
7.17118
18.5689
9.41249
1.76124
13.0768
12.7224
3.83989
14.4288
5.81594
3.70292
0.102488
1.38387
4.26729
2.31259
0.496752
4.47048
9.38395
11.3596
32.052
13.7605
20.6421
9.15047
0
5.84853
1.27277
2.37603
14.7012
11.4408
1.45129
0.690776
0.805501
0.284601
5.1613e-05
1.22762
0
1.6523
5.53656
8.04804
11.0372
3.92583
9.67275
1.35831
20.6596
2.57446
3.07116
1.1282
0.870222
1.2213
0.190295
1.71058
3.54012
3.89731
0.188733
0.100034
27.2408
4.3155
0
0.00373412
8.56967
22.5497
1.58929
3.90252
5.23956
4.07967
1.47441
4.3681
0.00970872
0
0
0.013484
4.70349
0.70605
2.11454
1.43906
11.5032
3.94634
5.73742
6.55606
2.16383e-06
8.87967
19.7829
22.7795
20.5469
10.1838
2.90915
11.5052
15.3885
12.3611
7.60347
11.0256
2.7933
9.24724
9.74955
6.54576
8.06413
3.12933
1.1825
25.3521
18.9238
17.8715
4.72191
22.396
10.4646
21.444
15.9914
14.9331
18.898
12.3394
13.4097
11.0522
10.0876
9.25744
15.206
11.9735
10.5127
14.0941
2.16167
8.711
61.3478
6.58312
11.3405
2.59414
1.59885
16.6511
26.2463
21.862
17.977
39.0862
4.76049
20.2007
31.5129
21.3031
42.3003
39.4943
32.9564
28.9855
23.851
16.6299
39.196
1.16356
19.7447
20.3715
26.4972
17.3556
20.3663
12.779
11.6161
0.664715
4.64681
0.582846
4.89813
4.17972
13.5943
1.17536
21.328
15.7281
25.4995
7.24253
18.132
16.7238
17.0638
12.0798
10.0691
0.693733
1.91415
1.8439
23.7774
1.6571
44.8719
8.42358
1.93846
2.20487
3.22078
2.2352
0.113441
1.37691e-05
0.0156466
0.00830413
0.324628
7.87048
2.63812
10.5293
21.9733
9.87866
1.00051
13.2143
17.0317
7.04413
4.46418
13.554
2.97867
27.1892
17.729
26.098
16.8729
2.59313
2.51284
10.8364
2.34555
0.158482
0.0242287
0.0410408
16.4572
35.4176
8.47982
9.10774
18.743
14.0396
11.1879
9.23911
0
5.46749
7.55829
1.91599
1.04859
4.52997
7.79353
13.9891
14.2169
5.00178
11.1525
2.5492
9.24533
30.2591
8.30132
0
0
18.6863
8.45772e-06
16.138
0.991424
2.19605
2.28839
2.04295
0.492995
3.43687
1.2094
3.73547
0.0888756
1.05729
1.90801
30.424
3.01025
5.94782e-08
6.14937
2.84244
1.04152
7.04001
26.4942
25.9686
20.7217
19.8987
20.3718
20.2537
0.508038
28.7299
0
21.9887
20.0207
15.2522
13.4009
8.96401
4.4261
0.553092
0
23.5652
0.510594
0
14.0771
2.43182e-07
1.64535
10.1763
4.75151
20.651
4.37012
6.91698
2.22591
2.36557
5.07723
29.3657
48.5613
5.04186
0.196261
2.15149
0.00997848
18.4011
12.7077
1.2696
4.3314
3.51144
11.2043
1.63745
0.843428
1.10235
3.61847
0
2.69095
0.314296
13.4309
0.87727
0.217482
8.31895
4.60191
5.11686
3.84579
0.601547
5.29407
13.0499
0.00412246
0
0.187959
1.15984
0.970602
1.62468e-05
9.17993
22.4873
23.2023
0.0333891
1.37533
2.02254
17.0503
0.00983262
4.61182
0.920737
2.3777
2.1966
0.000153037
0.678439
0.937752
11.0606
0.735027
1.26949
0.8548
0.831442
0
0.573023
8.72602
1.11704
7.29724
9.72618
2.44102
2.26164
2.48094
2.81296
10.2486
33.8509
0
3.32981e-07
0
0.159971
18.9742
36.7637
1.17798
13.9088
0.803673
12.3353
44.5238
19.5183
15.5383
0.159973
3.75007
2.04924
0
0
0
0.503408
0
7.48251
11.5303
7.72831
1.87704
10.2036
1.72145
12.2276
7.49129
14.908
22.1186
0.000342028
6.83886
0.0185019
15.1765
24.6971
3.26105
7.31628e-05
17.2791
6.53418
1.53915
2.90389
0.839824
0.896655
5.82598
20.8961
13.9233
17.0054
14.3575
18.1883
9.60694
0.899188
2.89904
0.207976
0
0
0.224893
0.00205344
0.0935984
2.4018e-05
0.191313
19.4603
2.80016
5.38341
1.14154
0.00106523
4.01532
9.50695
2.39569
6.32415
3.65607
9.16457
2.27638
9.36554
3.37426
17.0535
19.8772
5.92614
13.3546
16.8286
16.6759
0
3.89495
15.8072
7.84186
0.00266992
11.4569
1.08242
24.903
69.5571
8.20649
29.1531
24.8224
9.6735
5.80587
1.7188
0
19.5069
58.7374
0.535862
0.23537
0
0.593581
18.8867
0.486348
0.733112
0.023561
0.145061
1.03077
0.529792
11.8882
26.9031
14.7797
4.33349
0
0
0.284073
11.4092
12.5237
0
1.02376
30.2779
1.0287
34.9889
1.51048
19.9457
21.8978
24.4148
24.5894
0.265635
3.39602
4.45487
0.849925
0
0
0
0
0.00735757
8.67674e-07
0
0.0109127
8.11475
22.607
6.41137
18.145
5.94037
1.95205
2.95164
1.7375
1.0364
1.83262
0
8.19298
1.10574
1.91202
1.59462
37.9314
4.39715
21.4354
0.591259
0
7.18926
0.00170616
23.8433
0.00309053
0.184237
0.408298
11.0996
18.4618
9.15094
14.1273
10.1945
21.5912
3.72214
0
6.90194
19.9024
3.67868
0.0272724
0.629684
0.0010419
0.150474
5.52319
16.9559
5.50968
1.52179
6.26107
18.9494
5.7196
3.85133
13.4217
8.50409
35.305
0.0243381
0
5.71502
12.7044
20.3833
10.3597
1.16211
0
0.23678
5.89769
11.2697
22.1764
13.6533
0
7.83431
12.7449
13.0212
0
17.8563
2.73854
0.413704
10.3199
0.155621
0.042871
11.4441
0.924944
0.00574374
0.82925
5.28414
0.739008
1.50388
0.054539
1.7888
2.63529
0
8.06251e-08
22.0271
0.031355
34.423
0.0134517
13.1634
1.57839
0
0.00565371
0.916793
9.75094
0.0102283
0.015415
9.07962
8.53636
13.811
18.017
0.12184
24.5281
14.1673
3.79741
5.46165
2.27782
14.0165
2.78128
17.9083
24.9897
11.9772
4.72867
5.512
18.3503
13.8665
15.6143
31.1342
0.52811
15.6602
1.40064
1.9648
14.3971
4.78011
2.05305
1.0452
4.46427
6.96055
19.5144
8.05592
0.521064
1.0804
0.0424071
0.865805
1.16101
9.0982
10.6524
15.6458
20.6705
0.00219511
0.236692
1.28627
18.265
10.9096
0
16.404
10.6962
10.3677
0.992719
0.0208436
0
5.36552
1.31913
16.9508
4.92454
0
0
30.8808
0
0.11114
6.82109
2.66373
5.35644
0.0434642
11.7663
10.4504
9.67972
3.46308
10.855
7.61717
0.60975
0.860024
4.82974
0.896867
1.64384
1.11721
2.82747
7.29115
45.1749
19.5365
0.000197919
0.216235
3.27987e-06
4.14188e-06
18.2267
12.1701
11.3109
11.3265
12.3659
35.4962
13.7278
0
0.0396318
3.74792
0.652918
6.48141
0.0672753
6.88038
0
4.00362e-08
20.8638
0.174233
18.7867
7.7196
3.78974
2.02313e-05
0.402028
0
1.83957e-06
4.30953
24.9656
5.05528
26.3859
24.0875
1.76983e-07
1.17886
0.0801985
2.54621e-06
5.72743
2.71007
2.04731
8.92006e-05
0
0.818109
4.12116
0
0.678612
26.7333
1.40075
4.4105
10.8499
1.7694
0.962879
0.00941732
14.0913
16.9122
4.72219
0.942519
2.68155
0.553744
2.29362
10.7769
0.597392
0.263994
31.319
2.71168
0.262537
0.025115
19.387
7.39414
0.259868
9.40235
0
15.1392
0.107701
0.00262131
1.87078
34.7699
0
44.9947
1.79396
3.50163
0
20.459
12.2427
9.68231
19.991
7.55852
5.49546
32.8791
10.732
0.749968
0.937067
0.899971
16.5156
17.7354
7.78314
9.09425
1.04263
0.96298
0.428688
18.7196
29.67
25.6854
26.6717
5.49995
21.1026
19.6329
9.74748
12.7356
25.5011
7.30963
12.5933
21.7741
15.2906
0.89439
0
17.4567
15.6844
0.975575
2.64793
4.33276
5.63091e-07
19.1214
16.4403
12.1233
1.58162
15.1662
15.4081
14.9585
19.2766
17.8923
7.05474
17.1675
16.5371
15.7611
0.44046
0
0.0100589
31.1212
28.4195
18.0135
16.7462
24.8015
37.7595
44.986
51.2652
57.0226
54.7606
54.99
57.1701
10.878
4.8183
0.368724
0.0231702
0.89345
2.36055
1.31505
0.232218
0.283246
0.0222335
7.8673
0
4.0144
13.5757
14.5061
7.9883
10.2874
11.4142
16.6259
7.26364
7.02867
2.68132
10.5548
23.4158
6.12473
0.239675
25.456
20.8531
22.238
29.4393
21.5888
27.4503
0.080033
0.000228443
0.611874
18.777
4.53021
2.38096
2.33359
13.0622
0.24175
1.16175
0.919513
1.21746
3.12577e-06
25.1003
3.49239e-06
23.963
0
27.6433
59.7911
0
0
0.000350848
17.3785
16.2493
30.4279
18.221
1.2772
0.421776
41.6471
35.408
5.76444
0.523355
9.93328
34.2404
45.3785
0
21.9174
22.8722
2.03063
37.7729
4.85571e-06
1.48862e-08
16.4144
0
0
3.66896
0
0
49.3849
0
0.897121
14.1118
25.4622
27.1243
21.9985
8.90388
24.1609
0.517925
21.7361
0.0122036
19.2644
25.4976
0.000255246
20.1328
14.5932
21.0542
0
5.39686
1.85377
25.1034
16.1796
6.65307
16.5305
0
27.8585
19.6009
25.1572
0.0308835
15.7988
3.70917
23.6557
12.7416
0.100429
1.67803
1.66769
29.7026
0.020923
21.8669
0.000677662
0.00808455
0.867645
1.48875
17.345
1.44895
1.96975e-06
0.0383311
29.3832
0.103829
24.2227
31.3191
1.10979
14.3632
0.845908
16.753
22.1749
31.9081
0.167487
0
0.624273
0.0163619
0
0
0
1.40042
10.2724
5.36576
2.53163
20.0494
14.0156
0.00431973
7.52745
10.4138
0.110432
15.378
12.4307
12.9275
16.9935
16.2172
13.8766
15.6895
0.534604
22.7644
26.2346
31.0025
36.1096
20.6725
9.32228
33.8463
18.08
0.0631855
17.7097
0.536544
0.243047
27.5892
0.459195
0.959332
0
0.332908
0.00246197
0.00284125
1.18399e-07
1.88881
12.9237
3.33421
0.155853
0.855569
0.0372071
0.00890507
0.0030972
0
0.58682
0.00778012
0.00227288
17.0603
3.09201
44.9833
25.3458
0.345215
2.52736
12.8995
30.18
0
0
19.9647
10.8816
19.4608
26.4214
0.78031
0.137609
0.0582434
0.740577
20.6715
14.0892
0.211569
6.43991e-06
0.154094
0
3.7326
0
17.817
14.1186
0
3.482
3.1282
1.99894
0.241144
0.358267
7.58237
0
0.234658
2.41022
13.2936
73.0072
6.1539
5.34709
35.7086
0.461196
13.9222
13.4782
3.25588
10.6439
1.63084
1.78977
0.0863168
2.763
2.46386
3.25662
9.57856
0.416801
6.61508
0.376983
0.786646
0.0475914
2.26794
0.0177773
0.815442
1.44163
0.0685583
12.9743
32.1264
1.11616
9.71323
0.0901194
11.4972
2.53137
0.366759
1.08279
0.577558
0.0043092
0.030265
12.9028
21.2105
19.2905
37.0606
22.338
18.0662
0
14.1748
19.4271
0
12.0511
0
1.25291
0.0555922
1.3422
2.53197
1.6278
0.332769
0.800311
1.54087
4.37668
7.49387
5.19056
7.20232
4.43776
0.72742
1.08924
0
0.00522295
4.7869
15.6417
0.00220414
2.22741e-07
3.76671
2.46309
8.08513
1.057
1.07946
0.410743
14.8255
1.57582
4.47405e-05
13.2931
0.0163558
23.7375
1.37832
5.08185
39.9005
21.9971
3.35723
1.38202
18.8419
22.2719
1.73061
16.2056
4.29713
14.1111
2.81439
3.04799
0.000678704
1.38586
2.28542
18.1607
16.8913
6.67229
4.27703
3.80168
4.0221
2.12051
11.2008
2.0349
0.472071
0.000192224
1.73737
0.278399
1.70889
0.0482643
13.3828
0.472781
24.8098
2.15135e-05
0.294742
2.07565
1.11885
1.19475
9.58215
5.0316
5.4279
21.813
28.6729
7.86443
7.47245
8.31198
1.29301
3.89474
20.273
20.5228
15.1799
12.7607
0
0.0316466
14.9705
18.2403
1.13647
0.015147
5.22062
1.38679e-07
0.0500212
1.80609
0.197788
0
0.593479
0.0010578
10.8242
0.440376
7.81594
0.00702422
59.8059
16.8311
0.00902062
0.175061
18.2248
0.950552
0.542636
19.6448
0.00402798
9.18845
30.7123
5.34011
0
44.8327
1.67321
0.253393
7.84171
0.0376052
0.206487
0.00406017
0.910601
0.406727
9.78677
0.311011
1.58686
2.14397e-06
1.5364
4.41466
18.8265
0.543481
0.993919
0
1.17548
2.0809
1.41408
2.8795e-09
26.5517
0
5.95738
0.322846
1.15162
8.53996
1.01145
0
7.2462
1.19649
0.0016632
9.64494e-05
16.6984
15.0237
3.09386
20.7125
12.0999
7.79916
0.782962
0.275686
0.342251
2.80045
0.0319197
2.53472
3.35932
1.84148
2.16597
36.3712
10.0541
0.215541
5.61291
1.77021
0
0
1.76429
13.7992
0.360217
0.718253
1.60275
2.99255
0.850345
0.489945
0.0357786
1.21187
0.407873
4.22283e-06
0.000308632
0.0416666
3.80139
0
0
0.911392
0
0
0.00382066
0
0
0
0.00366464
24.642
0.00362199
0.0986487
11.9196
1.44137
0
25.5541
1.1652
11.0666
0
0.258337
2.00576
2.08231e-06
7.3485
3.19517
0
0
1.99359
0.952271
0.58366
2.39344
5.96568
0.00413495
1.24622
22.3237
1.76874
0.110245
19.9074
1.83745
0
1.84783
0.0580538
5.31035
3.02819e-07
1.12066e-05
0.589846
1.62521
0
1.37335
5.49152
0
0.354301
12.2263
0.70095
0
0.869069
0.729333
0
0.931346
0
10.8839
2.31244
15.2597
3.34913e-05
0.0383959
0
0
0.0831285
0.0139884
0
0
0
19.1085
0.763141
18.1975
3.93794
13.0222
29.6927
0.102647
18.5798
10.8355
11.1894
0.825498
0
8.0052
0.0778454
20.9858
1.01225
1.25751
0.917057
0
0.162107
21.1572
16.1658
0
0
19.1364
4.32385
6.03481
13.2528
4.36419
25.0491
14.9184
42.0326
0
2.09245
15.171
0
26.1247
27.6466
31.1526
15.6046
5.08845
10.1386
16.274
26.118
20.6599
15.8358
15.9959
9.29257
9.54173
0.419035
6.10264
11.4752
0.250058
0.433475
0
0
6.03822
11.3317
11.7278
0
5.21386
0.914394
0.0285975
7.1362
4.31874
4.4359
4.80532
2.89276
3.47867
0.524585
3.59949
4.61679
15.8604
1.86773
0.734127
5.78713
10.0631
4.74445
0.742917
0.761656
0.0680215
4.38377
0
0.238089
0
0
1.16511
0
0.825122
1.43161
0.0423992
1.90248
2.7115
0.0291027
0.177048
1.6904e-05
0.000174036
0.123853
0.0108812
0.000262704
0.572953
0
0
0
0.408454
0.896747
0.171524
2.05209
0
0.902658
0
0
0.0623058
0.336612
0
21.3966
0
4.56772
1.04105e-06
0.0188836
0
32.145
1.9222e-05
0.000681795
0
0
0
22.1888
7.6086e-06
0.148257
1.97217
0
0
4.55084
2.51487
13.9142
0.072949
0.604527
0.0601717
8.22364
12.7135
0.334629
18.5763
14.8123
12.656
9.54721
16.1502
11.2133
13.3554
21.2343
15.7585
13.0233
13.7884
0.816414
0.142372
20.9669
19.0995
12.2277
19.9695
11.9008
12.6467
11.1629
20.3477
19.7465
25.1861
6.79489
11.5118
18.5577
8.72866
19.7576
17.6955
0.00553944
30.5341
0.111263
20.1624
25.7716
23.8494
20.4529
3.85118
29.045
28.3832
12.8564
0.780359
19.6554
20.9831
12.1701
15.0624
20.3079
15.481
28.9521
11.812
12.4342
16.8574
9.83606
16.4527
0.115333
10.5704
13.5306
14.5677
0
12.6232
12.1689
4.86866
0.39205
1.53926
0
1.38371
0.911502
5.10401
4.7998
7.34097
3.27468
1.78531
1.40516
2.07419
1.51642
1.68225
26.5493
0.640041
0
0.288332
16.7932
0
0.13548
0.791013
3.99029
0.748418
0
0.487608
0.0265862
3.39877
0.0212561
4.70157
3.88759
4.43503
2.51175
3.15362
16.5953
3.10718
27.3261
18.8237
6.68048
21.839
14.5706
8.53091
72.8176
16.5365
46.9089
21.8283
26.6544
10.5724
0.418428
15.2213
20.0845
15.9857
0
30.3707
0
16.2394
6.36421
1.85476
10.4575
14.4317
10.8059
0.427265
21.3978
0
0
7.92611
4.4301
3.82634
0.00269745
1.22568
1.5612
1.54808
0.711814
8.66622
0
0.533848
18.5723
0.499803
0.155523
0.0416955
0
0
0.477839
0
0.281064
15.5106
0.858022
0
0
0
29.9068
12.2655
1.21896
0.44202
17.3187
9.20861
0
6.90228
0
2.8801
0
0.011135
0.993677
0.708632
0.567978
15.7786
0.779303
18.3161
0.21542
0.787798
0
0
0
18.6158
0.935569
0
0.454697
14.7642
1.39829
7.03638
12.9379
22.1274
20.869
10.4447
20.4505
2.46854
6.36801
8.65303
2.15767
3.085
26.8979
0.72548
1.13506e-05
14.3014
6.79659
9.27734
0.158224
22.8589
4.03111
1.72187
13.5731
21.0664
6.82478
1.88806
1.14345
2.52754
6.42428
4.59942
4.05515
20.1715
4.02228
0.00331783
0.126014
0.924127
0.0190687
1.97791
4.36084
28.6578
24.0425
12.0359
0.34741
15.5279
12.6259
2.99237
21.9045
9.15994
57.5859
5.9973
3.8131
2.07654
45.1934
33.478
10.5092
23.9436
13.1459
0.0256283
0.25795
1.10221
0.0319814
0.432551
0.878804
0
0.184538
10.0693
16.1714
22.6227
1.75962
19.8798
1.22463e-07
0.934418
0.0123865
0.380671
0.0761923
0
0.0300029
0.0001585
3.38865
0.143589
0.853257
24.7189
1.3331
16.7294
2.36984
5.51734
6.90459e-05
0.562839
11.3728
19.8877
0
6.58035
6.34927
6.67867
0.000114226
17.1671
9.43554
0.475093
5.54973
21.594
0.873268
0
1.67609
0.11311
0
4.24327e-07
25.9584
5.3974e-08
61.5564
33.1213
27.5892
0
0
0
0.839614
0.00396872
16.8498
7.81656
27.7808
0
13.6229
29.0527
19.1686
8.26013
4.73873
5.89526
11.6744
0.0449494
0.523957
0
1.72844e-05
0
9.98434
0.519643
0.102298
5.69679e-09
0
0
4.27212
0
0
0
0
5.26524
3.20639
0
0
13.3819
0
0
0.346826
0.408754
0.150389
0.836109
15.3669
0
3.23366
0.608749
0
0
0.717549
0
5.58828
1.81036
11.6465
8.6529
7.97843
7.77676
16.1408
6.05517
4.82513
26.0876
17.9369
2.19343
39.6596
59.2537
76.2407
12.8081
13.5151
15.8534
12.173
19.3374
23.2881
19.9674
16.7912
16.63
15.1235
14.8345
13.4673
9.58524
20.0964
18.5353
15.9365
22.7918
7.64322
15.2716
9.68423
15.1211
9.07406
2.12923
3.05516
4.99199
0
0
0
0.0417124
0
46.3155
25.9372
0.00329244
7.37606
3.15173
2.55214
0.000430449
0
9.7611
0.0182776
14.3009
3.2875
1.98647
7.10235e-05
5.02973
16.3122
2.16626
19.1204
22.9187
25.2964
22.4982
1.31707e-06
24.4483
0
15.9147
17.4634
19.7116
26.5536
6.41918
12.004
8.7486
8.89889
5.74491
11.7773
34.7924
18.3572
16.7642
3.07195
13.0188
2.56286
8.85848
9.6048
15.9899
14.4589
13.8356
15.105
17.6767
25.4693
22.1857
18.037
21.2628
20.4028
23.0937
20.8756
22.213
23.8644
31.3882
0
0
0.498788
2.88855
2.52384
8.33635
6.76592
5.70949
5.53154
8.99089
7.96113
8.84174
15.2984
5.12542
15.6442
27.2054
9.1525
5.99544
8.15154
6.76505
20.4997
4.48039
18.2092
2.52237
4.16371
4.07507
3.0825
7.45097
0.515328
8.87621
21.4389
5.90142
13.4103
8.41711
11.9402
3.24527
14.1482
23.5834
8.32856
10.5196
40.4841
1.41504
5.73862
0
0.0366969
0.0127468
12.9896
17.0273
5.58353
15.1098
0
22.3634
25.685
21.3951
18.5087
11.6766
20.0065
20.9852
52.3323
0
0
0
63.1953
41.2639
26.849
0.778951
68.8944
2.46748
7.39667
0.655529
1.67493
0
7.23582
32.2838
0.902079
8.26746
94.7675
69.5469
22.4877
6.13507
0
48.3688
9.05922
60.2209
12.4806
9.97588
52.9617
42.8376
45.6818
43.3294
11.5961
15.6458
9.53429
25.2525
14.8857
15.847
15.267
24.7019
13.1453
20.904
21.7634
5.64403
26.262
23.9279
20.3495
25.3515
11.3541
23.9635
20.6274
18.1638
15.3208
0
19.2312
0
8.79773
16.5598
27.8681
16.0301
17.0346
6.69929
22.4538
18.3679
20.632
22.5693
24.7353
20.9895
7.6212
20.1165
16.8739
10.9838
16.9638
8.94005
10.4925
8.54987
9.79533
12.6422
0.774679
9.37119
1.67729
21.0821
7.03577
17.2602
0.494703
1.78613
0.950582
13.0595
16.5796
13.1753
0
14.9319
27.8256
17.0405
14.0412
5.03383
12.9731
17.9355
30.2074
3.58228
1.99924
1.99122
13.4304
6.57734
1.34411
2.96639
1.22922
3.80924
0.88909
1.57588
0.977552
0.346854
0
33.5878
2.55794
0
0.475782
18.6377
3.5578
2.05669
1.07844
0.261634
0.960361
0.00937104
0.741262
0.628351
0.060205
0.0494755
0.0335565
5.97094e-06
0
0.00220516
0.720124
10.7893
0.0240087
0.0326179
2.71503
1.27283
10.5613
0.0251328
0
1.45661
0
6.93793e-06
0
10.8147
0.50205
6.30382
0
13.8299
0.308261
20.3264
0.648074
0.242481
16.0656
0.14657
19.4583
11.6335
23.0092
0
14.9266
0
0.580186
2.08579
0
4.68728
17.7506
0.478732
0
25.305
0.38915
0
1.34498
0
1.03035
0
0.775737
0
0.401378
2.09275
2.05071
3.71995e-06
14.3618
6.69399
0.0688681
4.9916
25.1786
3.33436
20.3065
0.558438
19.1709
13.4494
26.2704
11.2887
0
0.282716
0
8.64705
11.6029
0
0.0684651
0.216215
1.6897
4.2789e-07
0.0976833
0.521315
0.00210155
0.198651
0.0464479
1.4634
0
1.28111
0.0307288
0.780751
0
1.29836
0
0.181437
0
0
2.64964
0
0
0.290412
0.0171038
0
0
2.84992
14.153
12.1638
24.5961
10.6441
30.3001
5.31525
3.23599
0
0
0
1.8607
15.9152
2.45521
8.2791
0.483267
2.42262
28.9564
58.9191
37.9296
22.536
8.16329
10.9238
20.2978
12.4472
2.22903
2.88711
14.6289
7.1905
9.3134
8.20365
6.35256
19.2515
21.4088
10.7733
35.856
0.992546
21.2165
2.1313
36.931
0.552358
60.9125
53.66
0.155158
0.557935
0.837145
0.00243167
6.54017e-05
1.19917
0.000649627
2.05409
0
0
0.658506
11.174
0.415094
11.5997
2.43139
14.1773
0.937431
1.3543
13.121
15.636
8.04275
2.89431
0
10.6983
13.8774
14.5794
16.6742
36.2471
17.7653
18.8075
0.0836888
14.6645
0.0072994
12.4619
13.3557
13.9949
11.5326
1.34713
12.4968
13.296
35.6483
7.51783
21.4601
31.6505
6.00256
5.12584
14.0745
16.0994
14.4175
15.7445
0.0236613
9.33889
32.4526
3.34621
2.88807
37.7805
0.00269035
18.9424
1.1381
0.328638
1.59642
0.189202
12.6222
0.136503
34.2247
45.8124
26.0536
15.5041
9.41911
17.1433
11.8457
8.70696
0.805398
0.00516455
5.77632
7.31776
16.3633
21.614
27.7617
10.5678
27.8616
15.7181
19.3867
19.7681
10.4126
25.219
0
0
0
13.049
0.287945
14.5293
13.0004
1.05033
0.86837
1.03493
0.0313409
0.226573
0.578024
4.51266
0.76586
4.23211e-05
1.0385
0.992275
25.3833
2.25443
1.11852
3.28325
7.36728
0.0193913
21.756
0.0435413
5.04671
0.706724
5.46636
1.47905
2.33925
4.08698
0.427832
1.59295
9.16642e-06
0.993012
1.93838
0
0
0
0.0159012
0.0518249
0.00036759
0.339924
0.0831004
2.74484
0.0579826
0
3.01845
5.42903
4.09788
6.72589
0.00129577
2.94778
12.6792
0
0.000573383
0
0.0108723
11.3338
0.981713
16.6805
16.8071
28.4719
7.21281
23.6268
8.78134
18.3105
5.2
9.85124
16.7818
0.431059
12.0711
7.9813
0.693838
0.0712058
15.6918
0
16.573
10.3192
21.0823
9.11654
18.3584
41.0786
0.233471
29.2422
14.8323
11.4852
17.1141
0.00422287
19.6026
1.03689
36.1084
12.3542
6.44886e-09
10.2502
9.77099
2.51089
1.16929
0.0438187
5.90608
0.78828
3.03584
7.72112
1.51695
0.0449658
21.6154
11.8627
17.6918
18.4808
21.4255
21.0154
27.2114
10.1112
26.9842
22.9517
24.6431
41.0454
13.6368
14.0358
11.9707
0.00671119
7.46154
7.55537
18.3617
7.38185
4.86586
13.6204
3.26324
4.37831
15.4302
8.462
6.34119
15.8226
15.5726
10.774
13.8464
21.7762
5.76547
8.01034
15.0396
0
13.7457
14.1679
4.0624
14.0585
15.3986
4.06731e-05
15.7197
24.2375
16.6245
0
0
20.8226
19.9138
27.1415
40.6222
2.17924
30.5094
23.4553
1.23735
27.5434
24.6334
12.3645
0.968102
25.2737
34.163
43.7424
23.2983
39.2009
17.2778
37.6523
25.8166
42.1735
40.0123
0.297597
33.5714
26
17.3114
8.22865
22.4438
31.8076
46.9363
32.279
0
34.7861
35.5794
19.1195
0.00365555
11.7596
20.8155
29.234
28.0965
15.8066
15.3054
27.934
3.83449
0
4.68128
2.81144
12.0223
1.43907
23.9414
14.4631
39.4222
15.039
11.2091
0.0990982
16.7342
0
12.6053
17.79
22.2078
31.5483
21.5181
30.4329
32.9047
16.719
24.3715
16.2248
20.9021
17.4533
0.640866
11.2
10.2751
22.5281
0.836503
19.3385
7.88701
17.8686
10.574
7.6391
25.3368
18.9861
0.861831
9.36818
7.92043
8.81889
14.4952
19.0076
1.30521
11.6506
9.19169
4.68952
0.876742
1.49638
0.645244
3.21696
0.142113
17.4569
7.60854
19.0651
15.5864
10.861
25.0929
4.26557
10.5056
57.2389
0
3.98639
10.9601
7.10104
0
20.7391
15.2051
11.4635
7.22766
15.3147
18.4036
21.8779
11.9787
13.7384
19.4597
9.04979
16.8801
16.1698
23.1419
13.86
28.9197
28.4392
0
29.2019
13.945
40.7977
11.2663
1.76265
30.1854
16.5268
63.6947
33.6443
17.3565
41.3911
23.0022
18.8666
20.1697
21.3448
11.8248
9.57617
14.9591
45.4539
60.3179
17.8708
3.65428e-06
12.6423
20.9941
15.2109
59.2832
0.784664
0.219013
22.0902
1.7815
25.7247
16.212
0.041666
25.1273
2.97157
16.6206
16.5899
8.90203
0
6.89076
11.4446
27.1413
12.1564
18.0281
11.3016
12.3979
0.970943
14.7604
23.4125
9.34191
8.15865
9.99786
3.58718
20.3617
7.1153
20.3042
5.58632
5.06162
22.8633
15.0214
11.5374
51.0712
10.4065
18.1982
0
8.88522
0.556755
7.07345
1.96409
0.793571
11.8053
0.730075
1.16092
21.2026
0.0658229
15.4866
4.69496e-07
10.0683
2.34903
0.0449274
16.5912
0.030924
0.0206239
0
0
0
15.3998
13.4001
18.2892
29.7441
21.7619
19.1666
11.8821
0.407919
6.487
1.46094
15.732
15.105
0.0838169
17.8554
21.7216
1.05229
8.74553
0.40911
7.30597
8.89087
2.48598
2.14258
0.00117744
6.24053
19.1017
1.70327
0.238453
0.00227857
0.316174
0.013673
14.1103
24.6589
16.9248
3.59854e-08
1.67407
13.0184
12.658
18.0084
15.3936
13.6038
12.4311
5.72685
8.24804
15.5601
14.6999
0.00609021
22.6963
16.1648
20.134
14.8389
0
20.2559
15.6993
20.8864
4.58947
9.35572
7.68562
72.2935
9.03079
21.4231
20.7604
106.789
14.5756
9.40389
11.5142
11.3995
17.6011
14.4122
9.41223
41.2443
9.7238
14.8782
14.8331
13.5305
7.87466
28.2964
16.2369
7.76198
1.17321
0.269974
16.2419
20.8046
0.0954109
0.794906
0
0.00704368
4.9794
1.86942
0.848155
0.0509402
0.808631
0.508605
2.43406
2.6846e-07
12.0737
0
7.25003
17.3279
0
0
10.2045
5.45371
24.5111
0
3.2748
5.03449
0.440405
1.16762
0.107416
13.0501
0
1.63679
15.5954
2.61476
0.298914
0.858992
1.93105
0
0
0.0065244
0
19.4307
10.8728
16.2273
0.561886
9.04775
0.809702
22.3962
10.0585
10.3652
4.5049
14.6249
7.18947
19.4122
5.43017
6.02264
8.9647
7.02328
8.23244
1.44106
2.08801
20.427
22.6587
28.782
31.5012
14.907
2.77701
4.66935
0
0.974269
5.35282
12.0053
10.0932
9.15526
8.43687
11.085
7.99583
0
4.92657
13.7143
29.8157
32.6405
23.1368
25.9386
22.7307
13.1778
7.39467
19.2968
27.6475
33.9757
28.3395
15.4537
18.4469
2.30461
22.0558
3.90577
0.983484
0
0
2.87977
10.6562
3.59766
0.939967
2.54971
18.4508
40.767
11.9125
3.06985
4.41105
12.5786
21.382
4.54874
11.3729
0.0450438
0.207658
8.2232
16.9422
13.129
10.5149
45.1863
18.8611
18.2378
28.9316
0
2.29995
0.89236
15.0518
26.6784
2.71921
3.4394
0.417659
21.1919
5.93454
2.97891
11.988
0.0899545
9.95152
3.0923
37.2371
23.5526
10.0657
0.340998
16.5182
17.2855
0.0890762
0
0.000910568
0.0219541
0.000367172
0
16.8308
1.82256
5.1593
0
0.0406353
0
8.60242
0
7.40655
7.01079
0
21.6553
0.965733
1.18736
0.569755
7.28935
2.04921
1.10241
0.0939149
0.32149
2.40721e-06
0.00331909
0.0966075
0.0151433
0.551809
0.887923
1.82633
4.29729
3.05875
0.779266
0.00277576
0.0968597
10.3703
3.17607
8.77988
21.3429
5.21239
3.83389
11.9027
17.6013
14.3392
13.7783
20.6442
2.25424
1.13842
12.1238
2.69559
21.3827
5.96556
4.98653
7.36049
6.36057
4.71559
1.25135
4.41974
25.8116
0
0.00744882
0.0251663
0.00338514
1.52522e-07
0.143905
0.160277
6.31356
3.70576
5.88324
0.902983
11.7749
2.00707e-06
3.19573
0
6.20028
0
26.0822
5.32707
10.1203
15.4947
39.9834
21.591
22.7475
2.22726
8.904
23.8845
17.1434
1.95244
11.1108
21.1074
0.714564
3.90743
12.5226
0.109006
25.9834
16.0622
9.48499
18.5601
21.7555
9.75503
10.9091
0
3.50732
0.00335329
8.69018
2.60174
0.0555748
22.2567
35.0014
0.0609147
18.3391
6.94106
16.9985
22.4339
1.50416
9.64319
23.7524
14.8526
16.2559
30.308
22.0765
5.95704
14.4056
8.76406
4.36587
1.61945
1.17379
17.6559
1.14923
1.19806
1.03235
1.20663
2.80452
1.50576
0.894389
0.230104
1.19982e-06
0.166451
1.85039
0.821801
0.00369599
11.0013
3.33965
2.27527
1.47551
0.687509
0.00424715
1.00175
0.907446
0.0544417
0.0268012
0.022468
3.90103e-07
0
0.00431317
0.883639
0.016563
0.0437635
2.1036
19.197
0.536554
17.9682
7.21831
4.98351
4.0441
4.22312
0
3.43334
0.228115
23.2504
0.000208118
3.17682
3.87082
13.9074
0.406666
11.4598
12.6639
21.7716
20.1721
11.707
17.0245
41.0909
3.99112
23.2031
17.6225
0.133511
1.02415
13.7092
0.0647834
1.87406
30.9877
0
4.21721
2.42337
24.8222
0.0544983
0
0
0
14.8789
0
0.563067
0.181066
1.89231
13.5366
31.0236
22.0096
25.9463
0.96553
30.4924
11.737
4.37114
34.6049
14.9353
20.9375
11.1243
0
0
49.3893
2.01282
1.02221
1.54248
0.0323469
0.378136
0.381038
24.0286
0.00696121
0.768583
20.968
0.306036
0.5803
0.000469763
0
14.8707
22.7686
0.898246
1.09193
0.0576713
0.325856
0.0515724
0.11036
22.9097
0
2.91387
10.2708
0.00315517
0
0.676301
0
3.56113e-06
0.12533
11.6785
14.5729
0.00109155
0.80053
0.00808208
0
22.0259
0
0
0
8.19326
0
0
0
0.993356
0
0.909295
0.284699
0.0173492
0.0571568
0.00234174
17.9736
0
0
21.054
0.724676
0.697838
0.157492
0
0
0
0
0
0
0
1.48164e-06
4.73198e-05
0
23.6789
0
0.00644369
0.898488
0
0.00542631
0.99023
4.50763
0
0.577769
0
1.3835
8.45812
26.5899
7.29775
3.30753
3.07805
0
2.5398
10.6088
8.74978
3.31996
4.03067
4.21535
2.06866
22.6216
2.87765
7.74769e-05
1.39237e-05
4.07494
0
0
2.04522
0
3.54145
2.57809
4.74148
1.68839
8.90392
0.912915
13.8858
2.34056
1.65119
9.85052
0.351132
7.62887
12.9468
5.87261
2.28923
16.1994
20.2679
0
3.16158
2.10122
2.60374
75.9933
0.675644
1.53712e-05
6.58487
0
0.159577
5.01537
28.564
0
3.28
34.1249
0
0
1.84415
1.54203
0.815454
0
0.0534221
0.896265
0.00942386
6.26014
3.25397
3.13915
0.970119
24.3826
8.71398
0.607085
0.916662
2.56893
0.136118
0.622749
24.1161
6.64099
1.21009
0.237864
6.54525
13.3169
25.9354
14.0394
0.000577754
27.4813
17.4881
22.6809
26.3431
0.15397
1.46654
18.1719
1.96064
23.2742
2.95734
2.01075
11.8923
0.875649
0.940788
1.599
1.73396
14.2968
0.509826
0.519766
35.404
32.1977
2.43052
17.1647
10.0489
18.2049
11.7978
5.57917
18.9136
25.0191
0.645676
2.54653
18.0706
19.0416
1.66955
7.02528
41.1348
8.97294
20.7463
8.35633
31.2726
15.2991
25.9887
31.7284
0.661332
25.1785
0.0264705
2.53195
28.9695
14.3252
13.549
2.06856
1.4755
0.155646
1.66029
1.58628
0.797585
0.444813
0.0574322
0.0128264
1.56008
4.23937
2.44718
1.23154
0.392454
0
4.37305
0
0.00421057
17.3378
27.7939
3.19851
4.12192e-08
1.2096
13.0438
0.0263376
4.25535
17.1866
6.72092
19.1843
19.3823
26.8363
0.00118783
5.43249
0.0239639
0
20.4957
0.0279581
1.57913
15.3266
4.76573
0.784144
20.5003
4.27498
0.593494
0.231933
0
33.828
4.83591
0
16.7542
5.34482
3.96081
16.2899
14.5406
11.0559
14.1959
8.58682
9.11194
4.32953
12.0112
7.86786
7.71158
10.1444
7.90083
7.08982
5.62111
10.6425
1.62534
8.83499
10.9014
2.56682
12.1102
26.5662
15.4482
19.8675
0.00199538
1.7465
0.0812102
0.210473
0
0.0106196
1.14142
0.180686
0.53513
0.527762
0
0
24.123
14.9166
0
36.0985
7.57342
10.9241
17.2788
12.1903
11.1902
1.07449
26.0849
10.3391
12.2524
16.8804
9.08063
12.5112
5.98941
13.294
4.22814
18.6058
13.8153
47.1316
9.34488
13.3459
7.58643
12.7189
6.50419
0.140042
0
1.67828e-05
0.00891382
0.686187
4.11333
0.809966
20.4511
7.00857e-07
3.91771e-06
24.7563
22.333
15.6947
12.3052
11.0448
7.71996
0.000481764
1.06626
0
0.0862417
0
17.8261
0
0.044753
0.97574
68.9109
28.8708
9.47351
9.00742
16.027
8.1735
0.170607
0
5.28106
6.58549e-05
0.921349
1.35534
1.2686
2.90063
4.1258
0
10.5342
0.192247
0.914784
4.90039
0.923383
2.70475
14.0235
7.61332
4.03981
3.21754
0.924539
0.316712
0.0333934
0.873625
8.98673
0.270466
0.874653
0
21.4226
6.79656
0.0298236
17.9738
0.390288
29.7716
0.0004313
1.36148e-05
19.9412
