17.277
10.9257
8.4304
0.821507
4.44609
17.1251
0
20.977
3.53262
15.628
24.3355
1.14649
0.00258063
5.25821
16.8615
0.072087
2.53988
36.8378
33.0179
13.7979
22.3043
0.400258
0.34258
0.388438
5.43008
4.70423
6.34567
2.33225
20.4834
0.0279348
6.35486e-05
11.3405
0.722448
1.49189
1.62479
0
2.60761
17.2717
7.80283
18.4333
22.0589
30.9068
4.83514
39.362
2.61814
9.86561
4.75041
0.314822
0.508648
0
0
0.509915
19.7691
3.48607
4.19592
0.0420407
29.137
8.56689
0.945608
2.82709
22.112
0.0642993
15.228
2.40649
16.3684
0
13.2204
4.43422
9.65554
1.35781
20.1061
6.82113e-05
0.120044
2.82914
2.05047
3.02728
16.6995
3.47965
0.78678
1.60365
0.807604
2.58024
3.1346e-05
0.021182
40.9171
6.96783
7.93327
8.92059
9.59126
7.34808
21.5917
6.37419
2.13129
7.52684
9.22263
7.02875
10.6809
15.6274
5.81538
0.782905
4.18775
15.4896
10.0678
16.8703
11.4622
12.2019
43.4471
6.55844
1.19295
7.43128
10.314
9.24295
6.645
6.53384
4.52705
7.07215
6.20022
2.70856
6.64374
1.55053
8.46492
5.40426
3.37744
3.30482
0
2.55896
4.09526
0.0417539
2.16012e-07
0.0822869
4.05176
1.10387
0.000242381
7.57248
0.997079
5.78614
9.0229
1.39782
1.60917
1.46407
1.71885
1.34586
1.75472
1.11868
2.9643
0.0319388
0
0
20.7757
65.0395
5.28181
2.76897
0.812142
2.092
14.0801
16.226
40.1161
20.0092
18.719
1.40034
10.1802
24.9628
12.0723
8.74955
1.77598
0.0947032
10.2431
0.198748
0.856757
0.987604
10.2549
3.72966
1.50519
0.0245534
0.861434
1.15113
0.825607
3.79022e-05
0
0.442529
0.00685084
26.4233
0.122742
0
17.4486
14.0297
20.2471
8.7849
17.5919
45.7904
18.2969
24.3153
26.4098
36.1198
2.94406
0
19.8348
4.23231
17.9321
9.79433
41.0701
92.4997
28.1185
45.1203
16.0334
5.98218
12.5815
4.00246
64.8485
18.1416
23.5256
28.8829
5.97425
23.5303
34.3501
30.7973
12.566
49.7763
34.2394
14.8973
3.02557e-05
5.61204
64.5976
1.62608
34.2154
19.1263
16.0339
21.6384
27.7421
0.966108
0.83057
4.13602
27.9042
0.705777
3.89877
3.20565
7.92571
3.87197
8.01482
7.77886
4.56042
5.61106
4.92044
1.53797
2.38593
2.48359
1.07438
0.791075
1.03183
0.0149752
0.00364861
2.30473
1.03394e-05
0.0864606
0.0112687
0.830687
2.91716
2.40879
0.218032
0
0
0.0197822
0.00425496
1.19434
0.11945
7.94834e-05
0
0
0.012952
0.846609
3.23086
0.359742
36.8231
0.108956
0.130567
0.996395
1.02247
0.982463
8.01616
0.137084
21.9501
2.14083e-06
0.804518
0.0158533
0.180758
0.333548
1.83854
0.750626
0.288645
10.2895
0.0518765
0.0386173
8.39959
0
1.0732
0.124521
2.36556
20.7632
5.63751
2.42657
13.1586
6.72604
14.5523
14.0987
6.02906
39.0336
14.1555
3.78282
0.24954
1.70351
1.25936
3.49379
5.64191
6.41197
19.8517
27.6936
39.1465
6.87005
12.981
11.3745
0.0730263
6.56025
2.41858
2.14035
15.6736
9.51828
4.34247
1.00463
0.232505
0.150314
1.66874
1.59245
0
0.0322248
1.028
7.27505
16.382
6.64943
6.85099
0.63189
65.7795
2.19441
18.6253
0.489871
0.953201
0.960637
1.18991
3.08841
5.15175
5.23122
0.249838
1.74627
16.5282
11.3387
0.0650551
1.07324
12.0234
9.07848
0.355854
0.942356
6.73245
10.728
0.0195887
3.5819
0
0
0.00112804
0.0250688
2.79999
1.59094
1.36224
0.850474
24.0946
6.55497
2.84267
3.81715
0.00209696
11.9822
27.0716
32.6709
33.628
8.17068
0.0930372
10.7363
29.3125
11.326
5.84792
8.25184
3.58471
9.94047
10.3971
6.07585
4.7142
8.84995
4.50426
26.077
22.0462
19.4426
8.24672
33.1228
19.1529
36.9856
25.9376
27.5803
38.5062
15.4383
12.6355
12.6272
6.63352
6.7931
17.1022
10.9877
10.1779
18.2591
8.02091
6.67295
91.7054
27.6098
12.3268
3.111
3.01933
10.6953
6.10043
8.65661
13.5581
23.8378
25.6751
12.1651
18.3389
22.755
12.0186
11.6755
24.7583
21.3965
13.8513
24.276
31.0365
2.17004
4.96286
10.5314
6.93335
9.3367
18.0243
27.6001
14.8418
1.40159
6.00651
0.281744
6.52323
4.8967
9.24637
5.2834
40.1886
10.0382
20.4623
18.4257
29.7126
18.9451
19.4539
8.62551
2.80129
0.933558
0.453604
2.16899e-06
9.40846
2.5931
13.9732
8.19224
0.038431
3.31508
1.19381
3.49361
2.01325
0.875248
2.36368
0.0145989
1.59445
9.44484
2.44799
10.7953
17.4343
9.50777
1.46856
17.8027
19.4353
14.0177
14.2888
12.5344
2.72609
16.843
27.4678
40.4931
26.6185
2.76775
1.52713
17.8126
2.07723
0
1.33493
0.00768618
16.9332
42.0761
24.3225
19.3929
45.4057
21.5406
7.08378
15.4227
0
9.08208
9.93916
7.81995
3.68825
14.3803
15.2626
27.9259
27.8738
3.36518
14.5192
9.92213
8.1883
14.9383
10.9572
0
0
18.4798
0.0148746
4.82622
0.960225
2.13267
4.83589
10.9088
0.886662
4.47297
1.13622
7.61232
0.727129
0.0465792
0.684028
21.753
2.20168
0
13.4772
7.80097
1.71956
5.87069
5.83757
4.26015
8.5179
15.1143
37.5737
23.3125
1.17319e-06
31.799
0.1391
29.778
37.6363
25.9837
27.6629
22.9214
10.1979
0.429399
0.842866
17.1934
0
0.388011
8.95583
0.360313
9.80757
10.0997
6.49325
23.9524
2.51562
1.33474
2.95407
7.7705
3.05051
28.2295
49.9274
6.5052
5.00265e-08
5.72961
0.234495
12.0942
5.48735
1.30531
10.6926
1.43113
13.2158
4.73262
2.99435
0.269575
11.1766
0
19.8659
16.3862
52.5712
5.16131
2.08416
43.3325
20.9599
24.4442
16.8348
0.417043
11.1941
28.3499
0.00207864
0.000186517
0.427703
3.5799
0.0733468
0.0484139
31.6064
11.5582
8.19164
2.25055
0.97393
3.83444
16.7691
2.11852
1.17409
0.0648528
2.05902
4.25686
0.869462
0.98397
0.526263
4.85606
0.149807
0.216255
1.54626
0.366567
9.46675e-06
7.69238
21.3741
0.180531
23.9027
11.5888
5.10148
2.50567
14.6024
2.3497
18.2397
10.4064
0
0
0
0.482561
10.2881
53.8707
3.17615
15.3473
0.0369038
12.3955
11.1757
54.9847
32.4161
0.000593126
2.98225
2.29469
4.01483e-05
0.139469
0.751291
2.85291
0
9.42838
21.6165
32.0437
12.7991
5.93219
2.66251
17.7154
10.9544
23.2322
40.0315
0.0586578
4.92761
0.672305
18.0743
21.4525
6.4463
0
21.1984
13.4271
4.29871
11.118
0.194637
2.14485
7.94958
7.44126
12.8831
15.1399
14.5373
14.7098
28.0442
1.41332
7.01265
0.216241
1.46952
1.89875
0.397704
0.0336785
0.590831
0.182802
0.363437
41.8224
2.18245
5.88345
5.09687
0
11.6043
2.23592
2.51313
5.4396
7.76367
16.6473
10.3533
7.73427
10.4109
10.8532
24.9408
16.1969
16.2397
40.4953
41.7149
0
5.01704
42.0852
5.59756
0.0657153
9.91314
9.00851e-07
37.3932
77.1677
14.917
20.1637
26.2716
10.1386
13.2338
9.48426e-07
0.159985
16.6542
24.8064
0.132379
1.45517
2.4046
2.51833
51.1435
2.94526
0.823693
0.116605
0.937067
1.04571
0.930794
4.85715
25.2537
12.1867
6.29286
0
2.27144e-05
1.81599
11.3755
7.81026
0.00755284
2.99732
41.0105
2.11342
34.8789
1.90344
12.9793
30.829
13.8911
40.3668
0.766407
6.64714
3.15309
0.0987601
2.01574e-06
1.6672e-06
0
0
1.34017
0.110471
0
1.35858e-07
4.24654
26.7972
8.09051
43.1654
17.3562
1.32074
13.9543
6.08071
4.00847
4.2507
0
15.4116
2.36314
7.7878
1.42031
20.1981
13.8548
21.6615
1.23406
0
13.7414
0.83223
18.6247
0.128463
0.652974
2.22674
30.1432
19.1364
3.6897
15.223
9.79234
32.4269
4.25758
0.000387927
2.09922
6.66068
1.84213
0.79873
0.579229
0.115659
0.00164997
3.87689
3.99074
6.193
1.36736
3.66503
18.246
7.84631
5.272
15.7891
5.22655
36.9048
0.000891521
0.0641376
4.74783
22.9998
10.8994
7.56313
2.16994
0.0590123
8.41422e-05
7.982
21.7328
38.3101
23.8739
0.0269006
10.6109
20.3414
13.7532
1.59196e-05
18.9979
2.68595
1.2993
14.076
0.0292912
0.000467744
12.6681
0.150227
4.30385e-07
0.697093
7.65301
0
0.0501358
1.2305
12.9192
11.5088
1.79944e-05
0.0707174
20.6549
0.51992
51.562
0.039351
4.038
0.913854
0.346384
0.00564468
3.47658
5.43311
1.04179
4.28667
10.4891
6.38516
3.65136
6.16814
0.0167705
21.0288
23.4012
5.12972
8.09889
1.23082
24.0639
1.64078
14.0362
18.662
5.76216
14.1566
4.75328
28.5797
7.19704
9.47677
14.2176
0.558746
8.77302
2.83596
1.6494
15.372
3.43736
6.9376
6.12701
10.1959
15.8782
4.46507
15.1878
0.000469617
0.0761844
0.0520461
0.392378
1.80278
17.2576
4.02212
6.63997
7.54022
0.181594
0.421052
1.22246
10.0893
27.1434
3.56805e-05
19.0773
9.22552
4.1191
0.918185
0.959004
0.0851685
22.5622
2.42049
17.0897
18.0425
0
0
32.2786
0
4.64342e-06
28.3923
19.6808
15.8114
1.02397
11.7131
41.1694
5.31535
4.9599
2.85948
13.3332
0
1.20407
18.3559
0
0.000240381
0.77746
9.31353
10.3724
20.9041
17.017
0.659151
0.740419
1.31579
1.06208e-07
39.5636
25.3633
3.34316
7.89737
25.5142
21.9605
21.0962
0.972626
0.0377657
3.1373
1.2017
5.30636
0.243854
8.40853
0.00898651
5.16594e-06
21.4669
0.0166535
12.3223
7.43144
5.01012
3.25211e-06
0.303747
0.983881
0.017029
9.59364
35.1736
3.86872
29.3717
21.1215
1.20892
0.0893213
0.638089
0.0237814
4.38643
2.69307
3.64964
0.849783
0
0.0944622
2.30256
0
0.815289
7.93574
1.24984
3.9431
17.3703
2.02213
0.0198478
0.190047
38.2144
19.9938
7.36218
2.22582
1.73833
0.71608
1.0091
12.698
0.54694
0.17676
18.8422
1.65093
0.496807
0.224084
17.1774
14.8585
0.598355
5.49694
0.644061
2.55027
0.09109
0
1.52072
22.8082
0.00143549
49.0166
1.43902
6.26827
0
12.2915
14.5566
12.4024
28.4117
8.08105
7.11375
54.6622
20.8372
0.0186021
0
0.00160953
21.6359
30.4123
13.0207
14.1226
1.06534
0.631405
1.47692
17.6352
30.3286
23.7451
22.8383
17.3977
38.7037
9.29678
16.0531
21.9162
18.6575
1.82801
5.35883
8.63643
16.2868
5.58445e-06
0
21.0166
21.238
2.18654
30.4823
3.90466
0.00186422
20.8068
10.0225
13.2203
0.127321
17.9156
5.77724
7.15668
13.7638
21.7892
12.3411
36.5021
22.8655
11.0417
0.728331
0
0.402458
14.2639
18.2255
18.1461
22.5068
16.0277
13.0722
14.2913
19.6847
23.4511
66.423
67.444
43.5783
13.5268
19.7825
1.22436
0.649025
0.00800487
3.78118
2.5703
2.74757
2.60666
5.21746
22.8231
0.485007
5.10961
11.645
13.3708
8.87283
33.586
7.66162
27.7214
11.9779
7.11021
4.97082
8.40965
19.5939
21.9128
0.00142439
9.15167
10.3354
10.3044
21.7292
16.3886
25.3383
0.0177211
0
3.02874
28.0554
15.7404
4.38458
1.02498
6.90254
0.00982205
0.106558
2.44454e-08
3.53921e-06
1.23073
22.4984
0.427926
15.0166
0.0032457
32.5513
24.5882
2.05506
0.189849
0
11.3069
13.2129
26.2797
19.3538
0.695719
1.89469e-06
26.0701
17.8999
5.72501
0.939428
11.9249
16.5276
12.5966
0.0176636
7.91018
6.61571
2.76818
11.2546
0.000779133
0.225292
9.4213
0
0
0.987626
0
0
15.9599
1.36144e-07
2.54795
10.2084
9.31906
9.6091
13.9639
4.61949
10.9056
0
17.9547
1.43822
6.12957
13.5653
0
3.03179
10.6123
10.4227
0.492035
1.80941
1.14233
38.8098
24.0704
4.61321
29.322
0
11.9099
28.5966
26.3395
0
10.0946
5.32359
30.6135
6.26442
0.0765844
1.12218
1.03878
29.5367
0.618505
6.51221
0
0.231152
0.893028
1.14498
8.02826
0.900853
1.19372
0.00834718
7.19875
0.571412
9.33491
20.2232
0.153601
7.69937
2.7217
7.55929
14.9215
9.49041
0.810458
0
0.00343444
0.217445
0
0
0
0.158919
37.2054
4.11196
1.56403
7.10217
6.1438
0.114559
8.62375
10.7512
1.16035
18.5217
16.4595
20.3203
19.1013
27.3968
19.701
22.2777
0.557769
14.2156
28.8237
31.1102
24.3862
26.1712
3.54721
24.8361
14.0073
0.871419
14.6018
0.089633
1.48766
20.2897
0.392331
0.379998
0.0369215
0
0
0.0163848
0
1.0842
11.4761
2.58199
1.20625
0.510653
1.8513e-06
0.0903445
0.294996
0.0227907
0.689278
0.664741
0.518348
10.9522
5.17573
52.8325
28.5932
0.0533801
5.91489
19.4245
14.2337
0.0241741
1.02636
19.8647
1.46936
11.3969
17.1261
0.0592562
1.42257
0
0.297133
8.48608
12.6731
0.021504
1.36958
0.872531
0.994602
24.6524
0.675601
14.5282
14.7345
0.613663
7.36756
8.04045
6.81562
0.281333
1.32783
17.5317
0.0339702
0.115046
0.293836
10.2598
29.3569
4.47453
6.59504
51.4376
0.521853
27.6217
35.4503
5.96372
18.4516
7.97095e-09
4.82648
0.0787339
6.8166
17.3468
6.88708
17.3765
0.173185
3.54067
0.310258
0.314843
1.24946
0.357756
0.00144748
0.968386
2.06124
0.0118521
9.85865
14.772
1.15476
31.1106
0.598812
17.167
1.54539
0.79628
0.854437
0.781983
0.383037
0.12217
11.321
9.22382
18.7936
23.0955
11.6905
11.0062
0.891983
13.0013
39.4255
0
10.8419
0.0357544
2.38765
6.72126e-05
2.90346
21.6019
0.885514
0.107292
0.740845
3.53261
6.53902
12.6666
3.46177
5.58246
5.17292
1.62264
0.1135
0.546594
0.972356
4.09022
2.34696
0.0354197
0
11.2949
7.94085
10.3338
9.4178
1.98587
1.02369
17.0136
7.81822
0
39.9329
0.0389978
25.3768
6.23144
1.73366
53.9294
33.136
1.26985
2.40905
33.9761
29.8632
8.55131
9.51014
6.07263
36.8502
7.76658
14.2822
0.885235
6.42022
12.5969
9.87279
14.3015
7.60548
14.613
4.48766
7.15757
8.30191
15.5011
1.50707
0.000149125
6.44291e-05
0.0236704
1.54612
0.588781
1.09125
8.48653
0.0481761
33.3156
0
0.404481
6.5735
3.17409
5.02167
13.5497
1.06772
3.50734
17.1301
22.1375
9.90858
20.243
7.36863
2.17045
1.91386
21.6198
22.2069
19.4876
11.2025
0.761412
0
9.01264
6.85932
0.917291
1.76798
8.88099
0.012244
0.401596
1.79153
1.72047
0.656829
0.0341647
0.0056547
4.55105
1.68359
12.1794
4.31343e-06
76.2304
0.543502
0.0963033
1.40612
6.38782
0.771054
6.36401
20.3292
0
6.10686
34.7503
3.39722
0.520856
81.3536
5.82776
1.95998
1.73436
0.062993
0.979745
0.0444806
1.50956e-06
2.32536
10.8378
1.83185
8.19797
0
0.0506304
1.27808
10.8154
0.529605
1.05554
0.0770515
1.62302
5.70207
1.70934
0.000961317
32.004
0
54.1724
1.0009
3.20156
13.0536
0.985042
0.36451
11.5439
6.41257
3.19592
4.54081e-05
25.2333
9.3186
2.49592
22.2282
5.66886
6.2793
0.0822529
0.196669
0.517199
1.62504
0
2.11
1.73139
0.147167
2.53446
33.2795
10.6708
0.716248
4.22214
2.26964
0.480835
0.017713
0.841196
4.94953
0.984077
1.62222
1.6439
0.787562
0.155625
1.55149
0.460881
2.56107
0.595626
0.48229
0.00809004
4.36193e-07
2.81197
0
0.000180675
0.454724
0.0668325
0.871984
0
0
0
0
0.013654
18.6099
9.79914e-06
1.6552
10.8694
0.0104631
0
59.8378
1.5846
13.683
0.398981
3.10392
2.67444
0.113869
2.8374
4.48686
0.00422145
0.602567
1.84735
1.42542
1.52085
0.809259
17.3907
0.102345
0.0934896
15.863
1.68249
1.68752
19.041
0.00508581
0.437437
0.00641966
0
6.47402
0.845293
0.564944
0.232908
1.06528
7.62615e-07
0.0283221
6.112
0.863111
0.435393
2.30065
4.6546
0.986381
0.357029
0.38469
0
0.0319038
0.0426544
14.2542
0.632226
20.5155
0
0.025569
0.66731
0.114506
0.358325
0.00096706
0
0.0115282
0.115437
27.0119
1.86648
14.7114
19.1256
20.0071
51.4026
0
32.6534
10.9191
19.1151
1.20702
0.217767
7.55161
1.05003
22.5711
0.425857
0.0347529
0.681236
0
0.199736
22.9682
7.95085
0.0254794
0
19.8761
1.74771
2.52792
6.96846
4.86183
23.0201
9.45417
33.0773
0.79401
3.08263
11.007
0
14.1053
16.5375
30.902
39.8572
7.46858
9.32305
26.0543
19.5099
37.9434
41.1112
41.4974
4.18081
8.30044
1.32544
21.4336
7.49582
1.06742e-05
0.0885304
0
0
9.2513
12.7983
7.31871
0.019258
6.28377
0.997169
0.594795
3.05666
7.4555
2.96622
10.3805
3.17519
5.19416
11.4726
8.40283
2.03235
4.05035
0.000465932
0.067973
4.27215
7.35027
6.17379
1.45261
0.845006
0.535293
7.6219
0.30321
2.40924
0
0
0.882282
0.114258
1.02204
1.65982
0.296029
0.962074
0.194425
1.02045
0.700384
0.827409
0.0688066
3.86996e-05
0.579477
0.0351154
0.00361609
0.00227136
1.5304
0.231724
0.0288634
0.511105
0.480266
0.00057592
0.000112522
3.16415
5.45108e-05
0.00399013
0.0255842
0.00625011
0.651738
17.866
0.322716
7.78599
0
7.28461e-07
0
13.4929
0
0.564765
0.00108277
3.63268e-07
0
10.7731
0
0.825329
1.23847
0
6.4123e-08
7.35892
0.827218
15.8097
0.0782673
1.11358
0.198116
9.12286
21.4029
1.69014
20.0338
15.2473
15.2046
17.0437
29.2327
34.7196
47.9616
46.2292
31.8969
40.0114
10.7287
0.0247841
0.0508284
20.6192
23.1503
31.3372
29.7157
18.9902
24.4707
6.19163
28.6882
33.8977
47.4586
10.804
24.995
27.2068
15.5074
40.6356
17.9776
0
23.0344
0
12.9104
38.0865
52.5535
28.2888
9.6969
21.5559
26.2091
24.1303
1.51448
20.6768
20.55
14.5686
15.0128
31.6806
45.9553
27.8951
24.1719
20.3469
25.0202
12.5285
17.5008
0.503512
20.3017
16.57
16.3552
0
16.4715
13.8021
0.416983
1.21432
3.28789
0
4.0601
1.06218
6.85541
5.48892
12.4369
0.134943
0.880254
4.04565
0.583822
0.172423
0
12.0597
0.0487403
0
0.711326
5.17786
0
0.0199063
0.0963283
1.54148
2.04835
0
0.957237
0.94658
2.92126
2.61775e-07
9.85061
7.06257
1.14979
0.658186
3.05954
6.94294
4.53103
9.61583
59.3172
19.6735
14.1235
20.9999
20.9558
34.216
19.0989
48.8242
20.4605
23.0846
15.1538
0
13.5098
13.6425
14.7242
0
23.859
0
1.51783
1.13773
0.0594091
8.0789
8.17815
18.4802
2.46818
13.9423
0
0
8.13754
6.9758
6.85626
1.16296e-06
3.99445
0.0491087
1.06827
4.22348
3.89769
0
0.0103419
8.85402
8.50709e-05
0
2.16339e-05
6.7906e-07
0
0.240602
1.73276
0.00355889
33.8879
0.0169419
1.72818
0.0133125
0.101756
20.9312
14.7723
0.955071
2.04211
22.5191
7.82475
0.203863
12.3201
0
2.6603
0.461947
0.900094
0.67939
0.0241865
1.63768
21.7696
2.99973
37.2672
1.28592
0.00933115
1.76747e-06
1.05105
1.03499e-07
30.9345
0.900387
0.234209
4.68654
8.98529
1.37739
9.39519
5.0659
6.13588
16.2492
14.2719
20.0369
1.04571
6.81693
12.1068
4.16347
0.717427
29.6458
0.126167
0.000125729
7.61912
0.489151
7.68699
1.78556
27.3302
3.0165
8.63586
4.12251
44.4689
8.58197
2.76647
1.47172
5.26877
15.661
9.13087
6.80123
26.2049
4.76321
0.0356595
0.164056
0.849251
0.822537
0.0216258
9.99431
19.0287
31.8773
35.6672
0.281137
18.1739
23.9716
3.33431
26.2729
4.9832
110.312
9.09194
3.31764
5.44459
52.6326
36.2626
18.9958
31.481
15.6076
8.97857e-06
0.103191
0.92523
0.0212006
3.31796
1.39672
0
5.61745e-06
10.8671
21.6911
25.3388
1.34425
12.1939
0
0
0.0210906
0.0342125
0.00755505
0.0322512
7.3922e-05
5.34688e-05
1.02396
0.45375
3.79505
22.9805
1.28035
15.123
7.50057
13.0445
0
0.063295
26.6787
3.66025
6.02667e-05
12.0063
6.96243
6.0062
0.0950676
11.2499
9.65703
0.000326212
4.54017
12.5923
0.0752676
0
0.507248
0.600644
0
0.00218476
23.6313
0.0221897
31.1604
15.3659
30.8874
3.99988e-07
0.966971
0.000665843
0.0239639
0.765994
18.2486
12.3699
17.4514
0
22.8845
21.406
13.293
7.37233
2.58292
2.0625
14.1072
1.41062
0.0730863
0.230755
0.37423
0.013805
2.34706
0
0
0.00169596
9.87612e-07
0
1.81881
0
0
0.00925234
0.00301533
4.55107
5.31953
0
0
7.62235
0.550777
0.261342
0
0
1.30922e-06
3.54063
24.6372
0
3.33465
1.19709
0
0
0.445983
0
14.0147
1.86652
7.88977
1.91392
7.02393
2.47351
5.16676
2.8351
7.92114
16.4041
10.268
5.1955
16.5865
18.1468
29.7515
14.4177
12.3974
10.2275
8.54615
13.4107
15.0973
11.6729
8.93188
19.0438
13.6143
13.2199
11.7814
12.0806
15.8888
12.4231
10.2156
7.10935
7.03689
21.8374
11.2963
14.9119
5.35419
0.100282
0.888501
3.61255
0.503257
0
0.0750683
2.51775e-07
0.429509
40.7589
15.5133
0.271764
1.36285
2.26101
5.78278
0.00548681
8.73637e-05
6.4221
0.0465669
19.9202
6.92386
1.1133
0.641736
16.9528
9.05778
1.90567
28.2188
12.9221
11.5013
17.3306
2.14691
14.4942
0.000377893
20.6988
20.9126
7.13273
33.6613
11.2803
11.5779
17.6509
7.47041
5.33108
10.5134
63.4973
14.3162
4.2158
4.97092
2.72926
10.2437
13.127
11.3088
27.67
20.5593
19.9576
14.8769
22.1441
17.3291
19.4443
20.9815
12.1084
22.9413
19.0592
13.1522
23.569
20.024
7.46401
0
0.00143971
0.965326
2.50694
8.36243
15.2971
14.3779
16.5141
16.183
13.707
12.2806
12.5874
22.4543
3.4345
16.4264
13.0656
7.72505
3.37695
5.09023
6.76519
14.5162
4.84303
69.6883
2.11028
5.09978
9.19962
11.5562
11.7994
4.60598
8.50105
8.04678
5.63574
11.7357
7.40349
9.52697
5.59879
6.40614
24.0545
44.5425
46.0327
28.1302
20.1663
11.0109
9.23707e-08
4.54592
0.278749
9.2633
15.8733
7.84638
9.39001
3.42695e-07
18.6889
23.4068
13.288
18.3442
9.82327
18.0319
48.3782
62.6006
0
0
0.018606
89.9745
67.8525
48.7478
2.77743
76.0278
1.1209
19.5005
2.23571
6.42188
2.08476
5.83484
18.2469
0.104987
17.5065
87.4031
54.0658
19.6284
13.526
0
42.319
15.1629
65.0704
18.1581
5.10616
54.9211
48.8132
30.3578
43.2175
17.7815
26.5555
23.7386
26.5695
6.16671
26.1109
42.1628
38.5095
40.6844
23.3631
11.0463
11.6454
18.5886
39.1512
15.9643
16.1562
25.3836
24.8396
32.0301
9.31121
14.6155
0
12.093
0
3.88188
11.4572
24.5996
14.0687
6.32432
7.35385
12.9874
17.7591
9.57239
13.5617
11.5755
12.8223
12.6157
18.6541
11.9534
10.6072
10.2392
15.5449
14.4645
10.1992
8.89534
13.0471
1.74133
17.2136
1.06854
18.6833
5.42436
12.4975
4.57028e-06
2.30789
0.0322873
17.2227
18.2293
21.1856
0.910422
14.1753
19.5297
2.47132
5.13291
3.26948
6.6018
11.0928
14.4989
6.14875
4.05415
1.87889
17.2593
9.14934
0
0.266081
4.35325
4.63716
0.852761
1.97143
1.44654
1.47047
0.613198
6.89974
0.770353
0.761409
1.69296
15.8174
2.41236
3.31207
1.33803
3.32806e-06
0.109577
0.000153329
2.16599
0.229434
1.343
0.395842
0
0.0474315
1.48812
0.156771
0.90766
18.6111
0.816386
0.147353
1.15536
1.12171
12.0322
0.0873474
1.98275
0.0493099
1.07518
0.630142
0
12.4003
3.66509
9.1122
2.66452
30.7079
1.04395
22.916
1.25453
1.61405
21.0079
0.92172
18.4195
18.2209
33.8549
0.214958
10.2321
0.11731
0.742755
0.288758
0.890852
15.5061
23.4131
3.43419
0.00954567
25.265
0.0656937
8.05474e-06
2.00297
0.81611
1.56142
0
1.28528
0.707984
2.40073
4.98092
1.00125
0.799857
19.7188
5.5498
0.00226692
6.39127
24.2736
2.33906
21.123
0.293945
16.4469
26.5002
18.8198
4.77376
0
0.124403
0.0214291
6.41606
14.7253
0
1.67282
0.148908
1.75311
0
0.0046538
1.22675
0.675515
0.0587391
0.206044
2.60827
1.63148
3.20246
0
2.10031
0
2.83838
0.00815836
2.50785
0
0
0.000601273
0.78139
0
0
0
0
0
0.00607598
14.7791
11.1112
18.6864
13.7411
25.3225
12.9376
5.25806
0.638007
0.113836
0
0.299495
6.06375
4.86654
12.8603
0.942158
1.24555
17.0118
33.2765
42.5936
22.4856
1.57041
3.22172
14.5762
4.75093
4.81619
14.3887
12.1339
6.99814
16.5509
6.41845
2.41528
24.5723
22.9717
8.35992
34.9888
2.08523
21.6089
4.86216
83.2071
0.566848
114.935
88.9416
1.8038
0.0260837
2.15508
0.847448
0.000254247
2.74822
1.28073
2.37426
7.84202e-07
0
0.40753
14.1525
0.0253709
4.31192
2.65081
14.9577
5.27233
5.63972
15.683
14.9426
11.2843
7.27926
0.0250835
8.5108
21.1526
18.0402
13.5745
25.1261
10.1205
15.5457
1.75378
13.8373
0.00411754
15.7058
14.0088
15.9978
2.41642
1.5281
11.9817
15.6466
64.6488
6.03682
9.99127
12.9204
10.7805
5.9625
22.7459
19.0048
5.89445
6.60914
0.0640848
2.89988
20.4401
2.56975
5.03005
7.37367
0.82881
11.8086
7.22105
1.61421
4.56224
1.74208
44.2049
9.39779e-08
22.3401
50.0704
24.4547
31.5501
24.1682
14.0506
5.30582
13.8154
0.122961
0.887203
8.70804
1.66285
6.61155
9.21459
9.31249
8.17517
12.9925
19.626
21.0587
64.8268
20.788
17.9357
0
0
0.000461398
10.2456
0.0762198
9.49329
10.7475
0.882587
0.000202178
1.09089
1.74741e-05
0.435921
1.29604
2.64394
3.68723
2.19616
0.89075
0.634569
16.1348
7.97992
9.33718
5.58526
24.6236
2.23723
9.25746
0.586972
23.9629
1.75479
15.9021
1.12564
1.06889
14.1528
0
0
0.0020072
0.200685
1.78683
0.920751
0.00718266
0.198695
1.47149
0.258784
0.0962738
2.42453e-06
0.657273
1.83556
0.987525
0.000126133
3.62414
9.17861
16.8368
7.12181
0.0095235
0.973237
4.88614
0
0
0
0.00264637
19.0755
0.281655
13.5661
26.2427
41.6292
15.8983
42.3038
13.8587
29.8521
4.28379
14.9743
10.3893
1.00477
8.14758
3.14174
1.40846
0.766985
24.9638
0
26.3966
24.5018
7.89226
2.68518
15.5429
18.1167
1.24941
19.1364
21.2549
26.8124
22.4695
0.954252
28.4896
1.8748
16.4755
9.81658
0.81164
9.06393
5.70868
2.51493
1.98842
0.0471019
10.3622
0.332626
8.69447
12.5333
0.952692
1.46103
34.7082
25.8544
8.0998
14.7522
10.136
18.9838
31.9654
5.2807
20.2963
10.4695
23.2196
24.8126
20.0544
8.202
13.0079
0
7.69201
10.899
29.1706
16.122
11.6229
14.241
8.14574
4.36049
17.6705
24.3822
9.4697
25.6037
22.056
10.3428
48.6402
29.7683
10.7665
33.832
18.3375
3.34633e-05
14.1631
31.2032
11.3922
5.95005
38.5965
1.34274
33.0138
49.1231
8.01943
0
0
71.1203
31.2806
29.9739
30.2995
8.47059
52.7235
22.9643
2.98102
18.4079
31.7929
19.6025
2.51989
18.351
24.0909
24.0779
18.3285
21.4137
25.8178
24.7444
25.5841
40.5885
30.268
0.0659226
32.3256
26.9091
12.2457
13.386
15.4781
31.2454
69.6382
37.899
0.0415734
56.8397
32.0183
30.133
0.0363549
12.2104
10.7995
21.2098
16.372
12.6794
22.312
25.7521
2.79203
0.282833
9.4256
2.26803
20.4133
0.993294
10.4623
26.0571
42.3866
18.2319
22.4336
1.4369
11.6042
0
13.0898
14.2456
13.689
10.317
14.0756
28.5673
40.2568
46.1334
32.3312
18.9724
17.7005
21.6505
0.277401
18.52
17.551
21.3712
3.36585e-06
12.7776
15.1083
19.9139
15.796
2.97496
25.1131
20.0706
0.248008
9.50395
10.8802
16.9515
14.6269
11.812
0.0245675
4.35591
20.623
11.6705
0.129563
5.00844
0.00936282
3.91575
2.62986
20.373
6.30594
13.4137
14.3994
9.70764
15.3187
17.9547
3.24543
34.6303
0
7.71822
15.5646
14.722
4.98288e-05
7.54354
23.7846
11.2457
2.96622
9.8624
18.4677
24.9401
15.132
13.0545
9.22392
10.267
15.6738
12.1739
18.2268
20.9637
12.1021
28.7127
0.915709
15.8567
16.7855
26.3051
11.633
1.33945
17.727
3.31174
13.4711
6.28954
21.7091
39.7039
13.8884
30.3655
20.2033
19.2706
26.9334
10.3472
15.4814
9.69331
19.0887
6.49488
1.87954
9.22019
29.5371
13.823
22.7022
4.8338
12.1364
13.7282
12.365
45.1299
12.0327
0.083074
13.7684
3.49772
25.5885
5.3172
16.7295
0.0599973
2.87356
6.60336
11.6178
18.4092
15.4225
4.12359
2.07267
1.75758
5.68483
25.7144
4.55997
10.3493
12.3054
3.57381
14.0887
2.70512
13.8015
4.87374
1.14067
10.5993
5.60964
8.23654
10.2323
16.5594
14.6073
0.0275814
10.6001
0.00692344
14.2419
0.0106741
0.0283014
23.4728
1.00491
1.02269
101.358
1.62559
58.285
0.00549949
44.8009
4.76417
3.46923
43.4713
0.0344856
2.42491
0.0367798
0
0.271062
40.0657
19.2
12.0696
14.7847
15.1551
16.3649
16.0821
1.38461
6.61481
8.58778
19.7269
36.6493
0.260928
50.761
41.8533
1.90821
24.1732
1.30897
16.5408
7.05102
0.987957
15.2063
1.69526
1.65318
8.76245
2.60855
0.711942
0.00191952
0.0539932
0.0476413
9.23747
20.6385
9.43979
0
2.43528
12.6121
6.5733
12.9637
13.1838
5.57214
12.6593
10.9867
7.22258
6.24743
11.2943
0.979275
9.63297
7.31216
10.6626
9.37469
0.821252
7.88808
10.1667
17.5314
13.6434
5.94132
9.95197
137.399
4.17965
19.3366
11.5587
142.401
7.32688
3.84814
6.11289
5.74312
4.82941
8.98413
9.0166
13.0961
7.24907
12.2206
6.7167
3.43828
10.8266
84.3497
20.7904
53.0921
3.70066
0.00120261
19.7042
50.38
0.593724
0.112249
0.00104042
0.0168532
5.47483
2.24229
0.584409
1.89219
1.12645
4.19695
0.0162957
0
9.27541
6.08313e-05
11.1317
29.2999
0
1.30083e-08
21.6531
2.9464
18.7822
0.0110291
9.47146
3.7959
0.893392
0.186049
0.57864
0.848913
0
1.69108
19.9814
6.87002
0.000198435
0.00213124
0.67488
0.542828
0.0253588
0
0
12.0311
20.7771
20.4014
4.12669
14.533
2.08016
24.1934
7.52313
19.6269
11.762
17.929
18.7687
16.5088
11.313
18.8436
30.8791
11.9809
12.5181
8.38595
9.61612
39.6031
15.027
24.41
16.2751
22.4282
1.39956
35.0518
0
1.14633
17.9435
20.3151
6.50709
3.73065
5.40635
6.34752
11.9112
0
6.00892
11.4487
9.28097
12.9626
15.1758
26.4596
28.9203
10.7137
9.82133
5.27446
9.7
12.8407
21.947
17.329
6.63444
0.555857
13.5233
8.80524
1.65256
0
0
3.04835
4.91252
2.16507
4.01422e-07
1.07644
33.3017
27.4816
19.2566
9.75164
6.25333
23.2323
53.2753
26.1564
18.6026
1.1167
0.000456044
9.05589
12.8604
8.42563
10.8245
15.202
9.47578
18.0768
13.234
2.37731
0.0125134
1.25979
20.7264
6.28759
6.23074
8.41709
1.00069
15.391
10.6265
2.39356
7.43233
3.44433
4.377
0.607473
12.7417
13.3865
3.51024
0.0847629
8.4595
13.2748
0
0.0179522
0.491668
0.788464
0.0424619
0.651873
14.4123
0.711567
2.51821
0.0976732
0.284692
1.16472
34.5532
0.837996
35.696
34.3831
0.0197826
51.5715
12.5369
3.19547
1.9986
11.0321
6.29713
0.0210607
0
0.0486719
0.875236
0.177992
0.0325368
0.209526
0.267923
4.0935
12.0898
17.7371
13.0951
1.93104
2.34383
0.988199
17.79
3.12837
6.70044
19.7609
5.61832
7.19996
31.9043
21.8454
11.854
21.2627
38.8036
3.268
5.65425
13.9408
2.99182
25.1622
12.8964
5.5148
32.5226
21.3551
15.2983
3.134
12.7537
28.1301
0
0
0.870696
0.00130649
0
0.000960437
0
1.02637e-05
1.19247
1.02682
1.15599
7.65797
0.29876
4.6115
0.0273706
9.4306
0
28.7762
21.3856
27.8476
33.519
38.1349
34.6081
10.8399
0.809018
3.94786
8.53164
13.5274
1.88082
16.842
13.9416
2.00494
5.93835
22.0084
2.1436
33.8731
12.0241
11.5452
21.51
17.6714
6.87018
18.6106
0
4.09204
0.00146244
14.6576
2.92001
0.0692547
14.8501
34.3527
0.00151382
29.0568
4.23729
15.3882
15.6024
0.117123
12.1051
21.754
12.7524
10.4636
19.2863
22.5391
3.54564
5.19462
12.1554
6.56036
3.50026
0
17.2666
0.149128
3.79779
3.53627
0.889287
2.442
1.64985
1.86773
1.40978
1.45092
0.0549117
1.01524
0.804282
1.04639
6.4552
1.98045
2.87854
1.11006
0.0494765
1.09815e-05
2.21177
0.236972
1.17991
0.223463
0
0.114395
2.48748
0.184827
1.02605
1.31045
0.162383
0.774286
50.1539
0.290807
34.273
16.6877
5.34499
7.51058
17.4058
0
0.987641
0.00850193
13.3863
1.15172
5.84329
14.7165
13.903
1.47864
17.2756
9.84042
22.7021
28.857
16.651
17.6868
22.0386
6.07679
14.6134
35.0761
1.76906
2.74741
20.2967
0
2.30828
18.0945
0
5.10679
0.248741
13.7235
0.427306
0
0.217555
0.696204
6.71986
0.164778
0.00766148
0.00707082
0.86149
29.9029
7.51304
17.8968
19.1806
0.931694
19.6944
12.7382
4.74821
27.6169
25.0469
21.8292
3.34112
0.740706
0
16.8785
4.41484e-07
0.936375
0.00829202
2.63651
1.45145
0.974409
13.2318
0.0594543
2.2969
32.0511
0.111304
0.598858
0.177139
0
19
28.7352
0.855883
0.0796374
0
0
0
0
52.3756
0.849738
0.233915
9.15553
0.000233577
0.510501
2.53436
0.170665
0.0799043
0
29.9012
16.8872
0.880772
0.775261
0.991382
0.994461
8.85203
0.245472
0.060363
0
5.11826
0.0179689
0.158998
0
0.237348
0.00203801
0.373173
1.35154
0.0180051
1.67945
0.000874022
14.2548
0.000278956
1.78472e-06
6.52463
1.73536
0.78651
0.209034
0.000347373
0.100413
0.00770085
2.64799e-05
2.74906e-06
0
5.31807e-06
0
0.111523
0.11202
19.7092
0.0119329
1.86311
0.507429
0
1.46517
0.454466
8.57787
0
0.0225939
0
1.66718e-07
6.79857
48.2999
2.23775
1.3499
4.09455
0
5.67709
9.76164
15.6027
7.17955
0.501912
4.67766
5.05039
6.71596
7.05659
0.000299263
4.37352e-05
3.59244
0.000491881
0.00698567
1.98566
3.00145e-05
2.20625
5.37289
9.50526
16.1335
33.2051
0.0100818
34.638
8.80769
8.18699
17.0367
0
15.3039
40.4932
2.98746
2.96375
7.1348
19.3928
3.01322e-06
0.997104
0.841726
0.400217
81.7734
7.80476
0.959713
17.3715
0
0.957978
2.41856
4.9303
0.139696
5.18832
21.2389
0
3.96176e-07
1.7394
0.837168
0.427983
0.0257452
0.0272104
1.01438
0.726681
0.735955
2.2855
7.34865
1.88249
17.1266
18.7879
0.371471
0
2.03053
0.0154995
0.6461
29.5361
2.17397
1.76425
0
5.66956
60.8158
19.1039
28.7017
0
19.1999
28.1657
12.5033
25.8125
0.0946131
0.00529108
22.3128
1.54296
42.3496
2.91738
6.74994
19.3505
1.47477
0.398466
1.65447
0.00232848
29.5399
0.547685
0.985242
28.5795
22.4862
0.784548
27.5574
7.77797
4.386
22.9368
4.94443
19.5458
24.4811
1.04074
2.04465
26.4516
21.2556
2.05719
3.68696
25.085
13.3783
13.8901
15.5111
11.7916
8.63463
15.3732
14.0322
2.31351
21.8687
0.250902
12.7959
21.2267
12.4424
13.7049
0.73503
1.04164
2.72144
1.28773
3.4307
1.52899
1.56834
1.30133
0
6.49887
8.92115
2.05967
3.97396
0
0.0286706
1.47853
0.543021
0.0541591
3.41825
7.42322
1.30163
0.028193
2.18349
26.4828
0.911781
9.9872
77.8158
4.17963
3.56941
30.0737
20.491
0.083382
4.67411
0.136666
0.124618
45.8417
0.00341628
1.9283
24.1262
7.00301
0
48.6599
10.9952
0.876929
0.860117
1.0675
23.6254
4.83032
5.76434
41.7657
9.8221
3.42036
14.5195
19.0097
13.5647
17.4151
8.17807
5.29165
32.3824
33.7158
30.6542
28.3423
62.3397
20.4049
10.8446
1.00908
10.698
0.674278
4.88531
11.5473
1.46386
15.8107
21.2505
25.6855
4.26938
0.0810975
1.52082
0.000746059
1.08606
1.49354
1.27759
0.0132241
0.0453585
1.66776
1.1863
0
0
70.7211
64.0618
5.37664
27.6852
29.7987
19.5956
7.37247
9.4902
13.0832
0.513004
16.8539
4.86562
6.8202
5.91565
1.03492
14.1868
11.1841
33.163
11.6109
37.6497
35.2181
18.3182
43.5229
24.948
22.9465
28.258
38.6489
0.188059
0.0666513
0.861324
0.873246
2.35455
1.66374e-07
0.537478
14.9664
0.00103242
0.000573479
14.2466
15.1848
29.1405
11.3229
12.9379
20.957
0.329317
0.514951
0.850134
0.00660907
0.662381
7.93834
0
0
0.308133
27.8183
24.2175
16.9057
8.50175
24.6367
5.29835
0.684709
0.132321
2.57746
0.137003
9.80266e-07
6.89703
1.82842
7.68023
1.56942
0.859993
24.7303
0.0388356
0.783645
4.11245
4.36289
2.18328
13.4456
7.04131
7.07941
5.51622
1.1724
1.30517
0.966521
1.61422
16.7499
0
0.996472
0.341646
26.3291
6.30022
0.0859677
5.94259
0.629603
18.2911
0
0.292465
24.4709
