29.9373
5.9583
6.84329
0.957884
1.96288
30.3632
0
21.3828
41.7831
13.0288
24.6846
4.19657e-05
0.00528491
2.64151
44.6413
0.0794173
1.23727
21.3524
28.803
4.21772
42.1522
0
0.0133964
0.286861
6.13211
5.54329
9.5433
0.435304
3.48287
1.35749
1.22781
0.953056
1.12795
1.16098
2.8573
0
0.268479
16.3095
7.35296
9.29466
9.11296
40.3754
2.89724
12.6891
0.840265
8.85834
3.22537
0.122572
0.527241
0.0132498
1.07163
3.63612
10.7808
1.82413
7.22368
0.870334
19.3371
7.97606
2.11081
0.874505
93.3822
0.959564
43.6297
2.3906
32.5989
0.91794
19.6453
6.6937
5.02942
2.61457
15.9914
0.0318323
2.96579e-05
0.00594098
1.0148
3.11756
21.0197
9.40976
0.799859
1.55295
2.39278
1.17826
0.043001
0.0693069
8.52202
2.0112
1.41382
3.23073
1.49714
3.78822
16.8384
5.80912
1.32606
3.6474
1.2174
2.57872
3.16167
6.76687
5.04783
2.00433e-05
6.01164
9.21413
3.0575
17.1002
2.29297
3.56128
6.2455
1.34555
2.13614
9.82295
2.95139
3.98149
1.17277
0.819537
0.275199
1.43611
2.76293
3.38946
0.952447
3.88418
2.95932
3.32019
5.29975
3.01449
0
7.19197
5.67743
5.88398e-07
0.000158326
0.0609489
2.49243
1.00101
0.0537427
2.26666
2.77192e-05
2.0925
1.45113
1.60904
0.821451
0.673785
0.154139
1.71811
1.79003
2.47099
6.04212
0.329001
0
0.159414
17.3729
47.2069
1.90385
2.76652
0.00422507
0.020817
6.98105
2.0111
16.99
11.7484
16.0141
1.31745
2.48386
37.0191
0.817874
2.68036
2.4949
0.0508309
2.81411
13.1545
0.817772
0.162536
1.92372
3.5719
2.15529
1.46328
1.20167
0.71917
0.00328018
1.33288
0.366228
0.179252
1.85263e-06
20.5729
0.0161443
0
13.3931
5.45406
23.3774
4.78017
21.1448
40.3913
16.7203
19.3966
25.3769
25.6204
1.63038
0
1.54377
2.02826
4.81026
9.85829
26.4425
47.974
25.5066
37.3248
14.3734
0.764586
13.5667
4.38373
45.5669
8.89182
26.2329
33.2014
2.4206
23.3686
45.2033
36.6445
12.1126
41.9527
32.8881
19.8426
0.321699
8.98382
38.7223
7.6373e-07
17.9966
16.8163
12.6227
16.8757
15.5518
0.00553928
1.2507
5.14796
16.354
1.81781
3.41474
4.21177
11.4611
5.77013
6.42245
8.92524
7.70913
1.58826
1.09655
3.25483
0.802059
3.5073
0.136917
0.876002
1.49319
0.0863081
0.924195
0.515818
0.315571
2.43039
1.46482
1.68135
0.846786
0.943405
0.930191
0.455324
0.304324
1.04609
1.05424
0.550161
0.264909
0.944193
0.0286697
0.0537189
0.969566
1.35578
4.88842
2.82745
4.71454
1.81042
0.121205
0.278313
2.15691
0.888491
7.25078
0.258893
18.1726
0.323326
0.0694284
0.880021
0.0225328
1.99189
4.93205
0.492566
0.0241796
29.1331
1.65534
0.0401085
4.13607
0.0504051
0.981702
0.636607
1.74906
25.6828
3.1972
0.556366
1.98052
3.40932
10.5435
8.35935
1.51197
21.2659
16.6522
2.91922
0.763574
2.32932
1.32253
1.19393
0.142814
2.27496
9.54536
6.52205
13.9693
0.323871
3.78336
0.971397
0.897788
0.404111
1.06121
3.21144
28.7687
50.2721
25.4807
0.417644
0.000173184
0.390285
0.527244
0.969648
0.080764
7.03603
0.612593
7.75362
3.65082
6.87468
11.2763
0.243811
82.9444
1.74965
30.8894
2.07625e-06
0.00275794
0.0738741
0.733971
2.78176
4.03436
2.52805
0.0233312
4.98595e-08
13.8038
6.71868
0.0300046
2.18597
5.22539
0.519334
0.173323
0.383492
2.98173
32.6602
0.923674
1.7925
0
0.974378
0.15777
0.182894
0.641642
0.834643
1.15137
0.0486187
9.54704
1.99947
1.40559
2.48818
1.48627e-06
6.50746
10.4387
11.3717
5.66286
0.18211
0.000426284
10.4929
38.2579
6.40725
6.16815
20.9829
3.39491
8.52801
2.96483
1.57903
1.16255
6.50547
1.50801
5.24904
15.1176
18.6628
9.487
43.1594
20.5819
30.1762
13.2787
19.956
27.6202
15.6543
6.87673
14.4804
3.61601
0.933814
10.9825
2.79292
8.14228
29.3412
5.40584
6.26671
98.0182
30.558
6.97552
2.39539
8.04319
0.331625
0.0545601
2.70686
6.69118
9.8705
19.5171
3.26799
23.6814
13.8026
5.12697
3.29212
7.54983
8.71681
9.88983
11.3911
14.675
0.372589
2.84777
3.02903
0.730608
4.56816
20.6277
32.1313
26.6234
1.13552
0.84824
1.7743
3.60699
0.0274378
2.49211
4.39507
81.7906
2.43923
16.0417
21.3736
38.6943
41.6125
9.67291
5.11275
2.46381
0.0271102
2.41393
0.0452628
3.81404
3.57087
6.97793
2.76647
2.46379
2.85749
0.623179
0.764783
0.147737
0.971979
3.97038
2.00924
0.798612
2.949
3.68063
2.14131
14.2292
2.83333
0.634124
12.6544
18.7535
11.4428
12.0955
4.68966
2.11181
8.50617
15.0608
80.2755
16.9842
0.511866
0.1819
19.2468
0.000129854
0.019599
0.0774751
0.0369625
17.2023
99.7149
19.4988
13.8417
66.139
19.2253
6.73985
18.872
0
12.264
1.52542
6.1181
0.222466
16.3063
18.0585
14.9462
24.5554
1.40508
37.7903
6.01992
4.70653
12.5693
9.95557
0
0.00596733
22.3979
0.00443061
2.0395
0.881239
1.96767
0.991888
8.19395
0.85666
5.2764
0.459112
4.98358
2.1835
1.55953
0.228112
10.4917
3.56858
0
10.839
25.2768
1.00227
4.09436
0.191033
2.05359
1.49603
7.64703
25.4754
21.3911
0.0154498
20.3543
0.00564033
20.8131
95.6757
60.4834
34.501
52.5094
19.0706
5.14346
0.0952882
12.5688
2.32578e-07
0.00182839
6.41951
0.0457615
3.74704
3.05016
3.21044
27.7336
2.03792
1.2286
2.71948
0.621968
0.0840994
17.1688
35.6551
0.746496
0
7.37907
0.959264
3.45586
4.72119
1.66572
12.9317
0.642409
8.02031
4.52277
1.25784
1.62845
26.7156
0.000874642
11.6049
44.5821
126.195
1.62534
0.996528
63.3075
29.0695
38.0212
27.6527
1.34835
8.2605
37.3634
1.06819
1.54025
0.000810219
0.855377
4.22743e-05
0.0474038
25.399
9.05803
1.62979
1.00443
0.435404
2.32863
0.40989
1.69718
1.37081
7.6855
2.08828
3.34811
4.21309
0.0782037
2.15215
1.4733
0.0208376
2.17313
1.02021
1.1361
0.000419641
3.90243
44.4643
0.649624
35.3899
5.21251
3.65008
0.00176747
10.533
5.13178
3.69852
6.27258
6.28947e-05
0.00129505
0.097396
2.68693
18.3889
26.3904
0.00859467
25.0696
0.426037
12.1914
3.964
7.6643
28.4392
0.440442
1.64652
0.787237
0.399592
0.0789433
0
1.06098
0.182654
30.9877
16.1021
31.2838
11.0981
6.22199
2.33474
12.5769
12.2428
19.6554
33.2937
0.932193
2.90676
0.0226568
13.2842
18.1651
3.33221
0
34.7416
12.6135
1.53748
3.6616
0.911375
0.426837
0.702451
1.92169
2.16525
11.2064
1.30177
4.12989
16.964
0.878841
2.20152
1.03573e-05
2.35695
0.792731
1.27425
0
0.627181
1.76432
1.73081
23.4921
2.94627
5.67284
1.98166
0
12.9994
1.61142
2.90664
5.00821
21.682
15.6168
6.9934
7.63242
11.9275
6.49157
8.50934
44.8527
29.5546
31.2679
66.8221
0
1.4793
103.175
4.72522
0
4.51811
6.44922e-09
17.0157
60.05
10.1949
15.5888
17.1668
4.91583
7.57536
0.627786
0.234204
11.2899
14.8433
0.859958
0.991851
1.50321
1.90652
41.1412
1.74052
0.734523
0.871341
0.0089191
0.769389
1.6537
0.497749
4.86829
16.7455
7.50685
5.03599e-05
0
0.143025
9.09611
2.43624
0.0102017
2.72825
18.0133
0.0225423
28.0473
0.0068807
9.10566
17.2155
1.95777
16.9962
0.0269629
7.01517
2.88819
0.281592
0
0.371352
0.65466
0.116052
1.39879
0.00130655
2.75674e-06
0
3.77471
12.857
2.81543
53.1236
15.262
5.86254
20.9727
3.22927
3.88486
2.52789
0.0312765
29.5026
1.63631
15.5356
5.70828
12.0196
9.43024
11.7015
1.64653
0
18.2074
0.00783326
8.97863
0.014287
1.55716
1.79885
5.48878
12.4887
3.80253
4.17928
5.55591
33.8117
0.206326
0.00495646
2.14173
2.28644
0.891603
0.00222495
2.55793
0.00149277
2.83909e-07
2.65038
1.74847
3.2322
0.443735
2.58358
11.8109
5.08887
9.63899
5.91101
4.80519
16.116
0
0.000329707
0.983115
45.3976
7.52426
2.41009
0.173409
0.907415
0
4.72971
29.1829
5.42391
22.772
0.861608
14.515
4.76789
1.60304
0.00149343
6.74174
1.07868
1.76535
14.6246
0.043742
0.283702
13.743
1.01413
0.844071
0.940909
4.15139
1.31869e-05
2.24762
3.40824
10.9572
7.23507
0.693832
0.27598
23.9281
0.0827182
36.2024
0.0334219
3.00485
0.604685
2.53496e-05
1.16371
0.575809
1.40306
0.0436858
2.63481
7.26442
4.37041
4.39028
3.68336
0.35557
21.5496
14.3037
2.13197
3.98819
0.208647
11.9418
0.57709
4.69258
8.64452
4.49402
12.3574
1.84763
34.5863
7.95832
10.4345
1.41994
1.50333
3.31055
2.96861
0.51705
6.90369
0.453214
0.880296
0.459024
13.0588
16.7554
0
12.5679
1.61818
1.13992
0.858404
0.162432
0.0870743
32.0112
1.21057
4.1085
2.99907
3.84143
1.75476
0.650366
3.13842
12.6001
4.70238e-06
14.6324
15.8466
2.18078
0.000237144
2.09285
0.0696005
20.7996
0.586721
15.5815
46.4488
0.0018681
0.000184245
19.2888
0.000778518
0.0042552
27.6282
17.7288
13.9915
0.00197131
6.38834
51.9505
0.0636509
3.50263
5.37678
11.4518
0.452604
0
31.212
0.627073
0.919219
0.671682
7.17296
1.62988
1.16306
9.45703
0.000688058
0.332879
0.00758091
0
20.6123
10.1874
1.65902
1.29604
30.4644
9.50349
9.96681
1.41977
0.00214518
2.55609
0.0798927
0.901668
0.793849
2.86834
0.288402
0.000383425
9.06579
0.0150786
8.58252
6.85845
1.88586
0.837151
1.63813
0.0912342
0.000524469
2.31196
11.8903
2.5495
21.4745
12.0679
0
0.278559
0.66852
1.03122
11.3461
4.19981
2.5349
1.78697e-06
0
0.0137673
3.25911
0.705398
0.0548832
1.19758
1.58317
2.87336
18.0614
1.38861
2.91105
0.951527
44.8828
43.6113
2.07528
1.58428
5.83551
3.22194
4.08112
14.4248
0.163378
0.890385
8.39156
3.01105
0.193994
0.9372
5.64538
14.3693
0.129006
0.424461
0.0332924
2.36703
5.97961e-05
0
0.449926
23.5611
0
20.5186
0.316263
7.49383
0.0190191
27.4839
11.6308
8.34852
25.0528
1.68897
8.0897
44.3573
5.27842
0.376239
0
0.349278
4.5222
10.0459
7.80096
8.16448
3.99274
0.699205
1.03902
9.07589
37.2237
20.8439
28.1486
0.761285
98.4927
4.32291
9.36623
81.0042
17.7834
2.80922e-05
0.0195298
0.566004
13.5768
3.48019
5.22163e-07
14.8726
7.60286
0.795358
4.95301
1.97238
0.000178436
19.5852
1.31425
31.5258
0.0033221
0.0838255
5.58085
1.99228
5.80046
33.3667
6.94707
24.4624
13.0659
2.69131
0.743909
0.000316603
3.00167
8.62148
8.58862
9.53669
7.60725
11.7702
8.87579
7.17842
15.4325
17.8967
42.4649
50.6137
10.6454
3.43499
27.4423
0.0577075
3.94134
1.54019
3.39034
2.66851
5.20283
3.44467
3.88146
27.2298
1.39764
0.263892
9.61072
11.8334
10.8881
20.9372
8.39015
21.8626
16.1537
2.688
2.48505
2.08481
12.5854
22.0763
0.89955
0.511428
1.91
4.64885
8.74292
11.0467
15.7352
0.924395
0
1.35005
14.1152
10.537
1.4028
1.97552
0.854958
0.0218923
0.110043
0.0001962
1.39588e-05
0.00208464
7.30988
0.000811981
5.35068
1.87571
9.16678
1.22033
0.560338
0.158441
0.416172
2.23234
9.69452
25.7362
8.01384
0.12049
0.22684
8.01478
13.8029
2.78207
0
14.0715
7.09127
5.24734
0
6.8556
5.0673
0.691031
1.14608
0.00167266
6.41343e-05
0.931149
0.0829561
0.006085
1.63873
4.26256e-05
0
5.4555
0.450651
3.24867
7.96625
0.667559
1.09435
4.81938
3.38853
5.37045
1.97475e-07
18.9575
0.158709
4.31917
1.43314
0.0885188
0.76072
5.27867
2.68861
2.10847
2.40581
1.01123
42.2253
17.2407
1.41078
13.1754
0.000848831
1.56902
28.8805
15.2787
0.419547
2.71939
0.79315
32.2653
2.30551
0.689952
1.63318
2.29775
4.31623
0.532126
0.993166
0.0372532
0.981365
0.367114
2.95093
2.89096
1.49684
1.03549
3.07459
1.9131
0.356392
3.64772
2.17807
0.0804804
1.05256
0.137535
0.976334
4.73135
1.54632
0.00346584
0
0.0733835
0.0113679
0
0
1.52566e-06
0.0807968
53.9593
2.39877
2.33054
5.94181
3.91999
1.04064
4.64574
12.4628
1.89812e-05
10.9279
13.7926
14.1126
18.0084
25.3953
16.2474
22.6069
2.73059
4.32481
18.2213
15.2416
11.4057
23.6016
0.0449721
17.0861
3.75566
0.277987
10.4184
0.0286629
1.31021
6.54319
2.87819
0.240008
0.00922973
0.0269622
0.201928
0.731831
0.0386552
0.901053
20.2233
2.46117
0.670521
2.23524
0.153025
8.48802e-07
0.536408
0.249733
0.0152129
0.768144
0.0304022
5.61987
4.47604
24.4706
39.3296
1.08283
0.1747
15.4056
17.8719
3.15273
1.35666
19.4305
0.0131274
3.849
6.44901
0.318434
1.30855
0
1.51992
0.984121
9.19286
0.825842
2.16703
0.882379
0.126631
0.0122147
0.0550061
9.77184
16.4214
0.00773937
7.06948
4.25262
4.48555
0.0540162
0
12.6395
0.190498
0.143709
1.49291
10.8522
9.28428
2.92356
5.34709
24.9138
0.910779
33.0956
29.0158
1.25221
11.3511
0.196507
4.53272
0.0185041
6.39102
17.7665
4.57968
12.987
0.155721
3.08237
0.250794
1.51034
0.718077
1.46647
1.58099
0.508092
6.60975
0.570869
1.49329
13.6984
1.13383
28.1676
0.0966767
5.02673
1.1306
0.291381
1.21269
0.000575545
0.166461
0.306488
10.3618
3.48653
8.36732
16.4564
5.63615
2.99715
0.0306752
21.858
30.7834
0.000335896
7.49675
0
0.722636
0
1.23968
33.9186
1.14725
16.1748
0
68.7109
7.17549
9.71907
1.42399
1.00621
2.31648
2.87796
0.963748
0.000918791
0.054647
6.49691
1.68513
0.000446685
1.22199e-05
3.23005
4.69148
5.96897
12.7051
1.05819
2.65079
3.55666
8.83097
0.00630701
52.5922
0.753523
18.6914
4.78866
0.626167
27.4203
52.2295
0.338894
0.908419
62.473
49.4225
8.93728
9.27419
3.27091
46.6279
15.6014
10.3606
0.0594426
4.68487
11.5149
2.02663
14.2147
33.4171
7.97132
5.91989
10.1951
10.431
27.3842
1.76611
8.53307e-08
0.0307558
0.657228
1.89292
0.265115
0.716557
5.40687
0.0893601
22.696
0.00635139
0.00519528
1.42619
3.34839
0.110514
7.59027
0.155822
0.913877
15.2257
19.8173
4.09019
26.4129
12.247
1.26624
1.25585
4.05697
11.0713
23.0699
11.0262
0
0
6.21595
4.2475
1.32897
1.59977
3.0549
0.920567
0.0614948
0.713283
3.96843
0
1.44597
0.928772
2.69902
2.83776
4.84668
5.87952e-08
39.8507
0.266118
1.13623
5.54925
1.53055
0.00404025
4.47196
3.31097
0.00146517
3.32049
11.0692
1.67035
0
27.7661
1.14082
0.288111
2.20353
0.579689
0.0227089
0.569776
6.21264e-05
0.883926
3.54415
0.122016
1.57973
1.14996e-06
0.433336
2.25421
4.973
1.38157
0.361778
2.06612e-07
0.157705
3.38129
2.04506
0
14.9073
0.049682
44.202
0.517078
4.68252
6.53138
1.46512
1.2438
2.56782
0.959336
0.227
1.42151e-05
23.3006
2.85694
3.06367
4.07043
0.783459
1.50102
0.488382
0.974856
1.16166
1.75876
2.25921e-07
0.180687
1.93213
0.068544
0.805132
46.9438
6.38604
0.0112044
1.90918
0.165424
1.92735e-06
0.000700047
0.768422
4.63137
0.989376
1.6033
0.347683
0.662242
0.503858
0.440763
2.20539
2.22765
0.910845
0.828126
0.049082
0.0616031
2.08265
0
0.00161903
6.64385e-07
0.187772
0.445645
0.595406
0
0.373448
0.0474132
0.23791
8.27197
2.40488e-06
3.0716
0.0543042
0.015095
0.912804
47.339
0.778257
7.30336
2.25193
0.900857
0.308948
1.38145
1.28087
1.22842
0.141137
0.00394687
0.364416
0.525054
0.305079
0.766314
4.87335
0
0.00163007
10.4452
0.0240337
0.680201
11.2592
0.973478
0.840284
0.961133
0.011274
0.644217
0.00243713
0.29002
0.264103
3.11523
0
0
3.85691
0.0948165
1.47858
0.994808
3.19986
0
0.0379361
1.30567
0.47656
0.005417
8.88676e-05
4.75072
2.27234
16.7678
0.217429
0.000343525
0.274925
0
0.00119853
0.0115801
0
0.0156919
0.90363
19.5923
0.588672
12.3028
8.43636
11.4067
49.0754
0.528864
12.0708
2.14874
10.5737
1.18678
0
13.4389
0.269802
11.0311
1.3001
1.44949
1.04148
0.000299722
2.51654
16.8511
4.02414
8.83171e-05
0
8.98971
4.5092
2.19781
3.44216
2.45369
5.44847
2.92156
21.8009
0
1.0518
12.5654
0.00488075
4.18493
12.4216
19.7866
90.9987
1.77901
8.28893
25.7396
12.2542
79.1736
103.512
67.3206
1.6707
2.78412
0.836642
9.12028
1.84517
0.494684
0.654954
0
0
4.82424
12.2637
4.41311
0
3.3957
0.0995249
0.029062
2.47374
6.75513
4.35972
5.91066
4.00105
9.25145
10.1076
13.489
2.0894
4.46273
0.885813
0.00336286
4.69733
11.8844
7.11944
0.694621
3.0154
3.47782
1.39901
0.539483
1.54142
0
0.416745
0.0949242
1.98232
1.7543
3.76388
0.475071
0.892417
0.720126
0.0381179
1.02292
0.777704
0.620391
1.20624
0.836232
0.916345
0
0.567351
0.0167267
0.00607191
6.30845e-07
2.83976e-05
2.65706e-05
0.600923
0.929516
4.13335
0.993796
0.0210417
0.00366831
0.00027093
0.789393
5.52892
0.87511
2.08237
0.000676515
0.0011189
1.52929e-06
4.0178
0.248502
1.36915
0.00180543
0
0
1.99321
0
1.07556e-06
3.30288
0.153884
0.784227
3.66944
1.56362
4.96493
0.0128092
0.80831
0.2008
4.44477
19.3834
2.98442
27.7426
23.2827
24.8573
36.4174
32.8603
33.7257
33.1876
73.3445
41.4309
50.2239
20.5617
0.415917
0.0530871
23.0815
13.1947
24.8372
20.9016
20.3719
29.7982
1.57131
19.9472
20.2426
24.5644
5.31143
16.5729
20.1766
23.315
31.7894
25.2741
0
13.9942
0
12.1732
22.1527
92.0046
40.1816
3.26521
12.6886
10.4779
9.46794
0.553937
11.2159
7.52501
6.33525
7.11123
43.5393
43.6948
13.959
16.1048
32.2145
37.3378
9.84076
37.2215
0.464619
17.6978
13.8225
16.3299
0.0862936
12.1329
10.812
2.69622
4.20846
1.4412
0
6.17991
3.74263
6.01223
0.921979
11.0323
0.154233
0.660786
0.265877
1.5373
1.91268
0.0624569
4.0944
0.0560872
0
2.24223
11.2287
0
0.0931438
0.011597
0
2.21883
0
0.00118105
0.105312
1.53735
0.0860111
6.62988
5.97241
3.39458
2.17854
3.16445
0.896543
6.3626
2.25188
45.1513
11.1109
11.3324
10.9972
7.32432
36.6267
9.68101
16.4258
6.63121
22.5625
9.34318
0
9.48443
4.40144
11.9776
0
14.5091
0
2.33077
6.70599
0.68727
4.05973
4.39572
4.93439
1.21952
5.85178
0
0
3.33487
2.00469
3.51364
0.00139059
3.12671
0.0387592
0.124357
3.43752
0.13124
0.0882275
1.01652
3.92136
3.86983
0
0.679616
0.0467717
0.0465224
0.0270323
0.993836
3.73967e-06
66.6352
0.152944
0.622292
3.74871
0.988418
8.41961
5.79653
0.00129117
2.91977
35.2861
11.2103
2.78677
34.8839
0.14877
3.08735
1.08476
0.961901
0.55565
4.12325
2.83822
37.7258
1.82221
35.077
1.48218
0.0764256
0.821663
2.6168
7.00498e-06
24.1017
0.0205575
1.42036
0.243981
12.2902
2.99162
5.94415
2.77054
4.5115
7.18507
21.8442
6.90829
1.95128
4.19243
5.45304
0.645445
3.64816e-05
48.951
0.29701
0.18795
0.839938
1.3644e-05
3.78823
0.613372
27.4068
4.63351
10.0606
5.12558
51.8627
1.42913
0.139837
1.38201
4.1551
16.3317
3.61118
3.20556
88.1116
0.704902
0.0138378
0.418898
0.884575
1.76327
0.887942
7.05741
11.7247
22.1256
26.2833
2.17682
31.4644
12.4891
5.1213
19.2886
2.25716
102.157
5.43354
1.36863
2.25557
44.5091
20.8031
29.7739
15.1942
3.7094
0.619208
0.00345581
0.360709
0.0036982
0.916626
1.08874
0.71768
1.55539e-06
8.62814
5.88085
11.1385
0.184914
8.69121
0
0
0.0100331
0.492677
0.24567
0.00408672
0.651751
0.204477
5.42049
0.345691
1.55972
19.0994
0.408238
11.0201
2.7352
2.9316
2.47416
9.30153e-06
21.991
3.06467
0.369124
28.3113
10.5282
29.4032
0.438583
3.35302
3.38228
0.0423892
8.20038
13.7746
0.0057211
1.71859
0.782766
0.160747
1.39295
0
10.5273
0
12.3491
4.65964
33.7773
1.76449e-06
0.964929
0.177419
0.850824
0.0377506
16.1626
12.7966
22.0228
0
14.3445
17.7764
14.716
6.12882
0.568526
0.650409
18.2747
0.00956226
1.01293
0.00717992
1.01642
0.00833328
0.535943
0
0
9.58097e-06
1.23589e-07
0.0544048
0.00154928
2.13282
6.76682e-08
6.47089e-07
0.56085
0.922879
0.0881146
1.67083
0.0656898
5.97916
0.872855
0.0995544
0.803791
0.57774
0.601844
4.91787
4.33852
0.669673
2.08866
1.74
0.00272249
0.027134
1.1021
1.89836
15.9973
1.79927
3.38802
2.13016
4.18531
1.90458
1.88002
1.06333
2.2865
6.67481
6.94613
3.52079
8.7593
4.46195
10.2248
5.15082
7.36061
8.11341
9.37446
16.3383
10.3673
7.60428
12.5924
17.3699
17.8592
9.99598
9.55109
6.96842
14.1276
4.14506
5.94354
0.499916
2.74263
2.9912
7.03863
7.64214
4.70536
3.02215
1.58194
6.77379
0.0540847
0
0.000285986
0.0810836
0.406351
12.547
8.42767
1.06022
2.65889
1.9707
1.66387
0.298439
0.298522
5.35825
0.0553352
17.7517
5.30773
1.80647
1.22542
22.4665
21.7667
5.17959
10.8943
8.02706
9.87302
11.7077
3.86911
43.6391
0
11.65
10.5955
4.1643
7.14868
3.97608
10.079
12.5235
3.20186
1.90375
11.4465
52.0487
8.981
5.43671
5.11483
1.28784
8.17622
26.6059
4.89215
59.3259
10.3133
15.7024
19.2347
21.9782
13.7963
15.1128
17.2997
20.4771
29.1564
17.2688
18.7962
18.0855
13.0343
6.71058
0
2.99418e-07
0.00800542
2.46909
5.25143
5.04016
8.20474
6.06349
4.95371
9.33379
7.72922
7.39453
12.0708
2.71719
6.85522
2.72492
2.06679
4.90849
6.06641
3.05156
12.7432
2.99117
45.4238
3.80126
3.5882
5.04934
7.0591
6.66643
4.63626
9.43271
6.51409
24.5882
4.17164
18.5186
23.5591
3.53418
2.43679
5.29668
29.4238
64.2549
7.19293
12.2956
22.4614
0
2.93717
0
5.78237
11.3309
2.57089
6.03354
1.14536
12.6038
17.7404
14.3533
5.06123
3.99336
8.49816
23.0871
28.6411
0
0
0.174835
99.0352
62.5306
38.7532
2.1952
87.132
3.62082
19.4156
0.127398
1.6135
0
4.26535
4.88252
1.16131
10.3206
30.9842
44.3014
17.451
7.11987
0
67.4565
9.67862
26.3598
3.4584
3.93699
17.0402
14.4945
6.29964
12.4801
12.7484
12.4408
15.3399
8.42469
0.611306
16.157
26.0822
69.3023
9.3746
38.9526
4.5303
9.48759
5.69254
62.1421
10.298
6.88295
29.3281
14.2556
33.5964
6.77699
5.42177
0
2.17564
0
0.373154
9.12007
13.0308
5.94979
2.20546
4.253
3.65507
6.72274
5.24595
9.6611
10.7581
9.3118
5.17693
10.8141
3.48113
2.14015
2.35937
10.6481
4.20976
8.76509
10.1518
8.21422
0.0373046
14.1222
1.86007
16.3697
0.0425375
11.063
0.04188
1.78615
0.747932
10.1009
11.2117
4.51623
0.712811
7.05347
10.9442
2.46015
1.25622
1.42036
2.58915
1.07802
5.76148
11.351
3.29793
0.295073
12.3445
0.701246
0.643698
1.0833
4.20625
4.52168
5.28764
2.72156
2.84367
2.27112
1.14777
0
2.8046
1.93032
2.21648
9.19879
1.69537
2.77326
2.91393
0.206689
1.39501
0.881909
0.997181
0.622104
3.99037
4.2941
0.726108
1.61772
0.862309
0.692611
2.18484
16.136
0.900268
0.88695
0.560236
0.130186
5.63534
1.51259
0.602655
1.71188
0.679159
1.05001
0.20439
23.3197
1.78408
7.29374
2.3143
25.9665
0.979549
21.3942
0.676371
1.19608
16.961
0.818751
29.1541
11.9744
46.0755
0.183021
9.63315
1.6277
0
2.39172
3.14601
1.67982
9.19811
1.08218
2.01571
18.003
0.252424
2.24179
2.77995
1.13628
0.873526
0.576229
0.0623263
1.91486
3.98973
14.1304
27.5635
0.846158
10.7073
1.81397
0.0742559
11.1288
31.5754
4.05157
5.79665
1.13689
17.384
11.3249
9.83528
0.608773
0
0.00595471
1.21336
3.82617
42.2313
0
1.3124
0.808036
2.77222
0.987869
0.585943
1.49429
0.0774515
0.506068
0.0970677
0.592335
2.188
5.06652
1.4533
1.65076
0.517052
2.40769
0.0289956
4.78116
0.335916
0.0381039
1.13607
0.00583748
0
0.506212
2.68308e-07
0.821257
0
0.96324
14.1903
2.63746
13.8805
18.0702
18.0183
5.52377
5.66901
0.415172
1.79095
0.009734
0.666064
1.12182
4.5201
4.13885
0.275149
0.000816148
1.33575
19.1931
12.0343
16.7241
0.733137
0.50887
2.65752
3.62486
2.13559
17.9986
12.6005
6.52558
12.1695
3.94781
0.176171
19.4149
11.9278
6.4554
12.4728
0.11655
16.2244
0.753877
117.376
0.0121305
104.527
73.7091
4.98937
0.47487
0.718027
1.53827
0.158104
0.0021215
0.144806
2.09356
0.00421751
0.207759
0.943827
11.7658
0.0081633
4.35897
1.09998
9.29412
9.6979
9.7182
16.3218
14.9726
8.59473
2.70006
0.0135239
15.418
11.6815
8.05195
2.12542
16.8092
7.10378
8.67011
0.256534
5.14711
0.701864
7.21522
5.61995
10.9797
0.429887
0.0710747
4.54149
29.997
75.1317
2.78523
8.52863
3.66382
1.58466
1.20344
2.80176
6.23506
3.74801
0.116766
0.095149
3.24526
9.97861
3.71531
1.20926
1.33377
0.0887556
1.09861
6.78332
7.70905
8.202
4.01796
51.3769
0.22363
10.3771
11.8162
15.5938
22.3488
27.1405
30.267
0.387589
2.48874
0
0.574974
2.62826
0.329412
1.42965
0.575644
4.23292
1.99166
5.92179
8.64756
14.0999
41.0272
8.48699
3.6426
0
0.0629285
0.0172481
5.7696
0.040839
11.3156
5.86199
0.874825
0.000224248
2.96113
5.93907e-06
0.207378
4.06699
3.93233
1.86737
1.23684
2.40594
1.12168
10.9666
31.0454
8.5061
4.88665
32.2379
3.10449
4.71532
3.29894
99.1686
0.903908
38.9201
0.182558
1.24545
25.9039
0
0.985002
0.0538704
1.76372
0.0266559
0.0849073
0.233387
0.00847197
4.8692
0.0103933
1.01271
0.184343
0.681041
2.87998
0.299013
1.10932
1.36539
5.93289
7.11551
2.22698
0.000706316
0.0931312
11.5685
0.0306037
0
0.908361
0.0202273
18.1838
2.05766
7.64384
19.1813
50.9025
10.4456
40.4938
16.1762
43.4975
7.5216
19.7869
5.40228
0.808801
15.0294
3.10007
5.52087
0.0463661
36.5461
1.13966e-07
23.8945
16.3546
5.11325
1.28001
7.73452
5.00613
3.50755
21.6703
13.528
9.5989
18.9678
2.34967
17.1612
0.797922
5.65023
5.57637
2.1679
9.86171
11.5398
3.05212
3.11472
0.0735411
29.3659
1.86361
14.6292
20.6687
1.54057
0.0161459
89.3194
54.9708
3.92648
1.67154
2.05357
11.1999
19.1185
1.53495
10.703
0.938123
5.19918
9.54345
22.4711
10.6252
12.3458
0.00127285
6.99022
9.09861
52.5432
24.5025
12.726
21.2297
20.6806
14.6886
3.77881
26.8488
11.1004
22.3211
19.5176
9.84409
59.1763
32.5175
10.5125
29.0323
6.54311
0
16.8583
31.1602
14.1396
6.16754
34.4764
0.659965
34.5439
37.1249
3.25496
0.0539841
0.000335202
42.083
15.9558
14.8293
19.7773
4.29789
28.3709
17.5493
6.89432
7.59656
33.3739
13.4051
3.5514
19.6635
22.7521
12.7272
14.3868
32.4147
8.37362
17.0442
14.8463
38.4626
41.9388
0.919748
58.4136
26.5732
11.3238
4.40647
13.5182
26.7537
63.979
26.6649
0.00055814
32.3596
25.5179
16.1065
0.000813583
6.66824
11.2095
5.87042
15.3053
4.80741
12.1906
14.4076
1.78579
0
5.53789
4.09557
20.8367
3.11402
7.66206
26.4461
10.586
17.8003
16.5636
1.02387
16.6648
0
8.48658
6.67389
4.71844
10.2155
2.07155
18.708
20.7398
46.1626
16.937
20.1258
10.5658
18.8124
2.63944
18.2055
11.9007
30.4824
0.491245
9.88437
11.0639
6.84489
12.1044
3.14302
12.441
12.2685
1.06276
5.33029
7.6289
3.78653
5.69558
7.37248
0.241107
0.0296911
11.8339
8.55098
0.960817
5.75831
1.65975
2.13558
0.230293
18.3526
2.3694
4.77294
17.4291
7.51317
5.04167
17.6368
0.20037
6.42538
0
1.02435
3.38941
8.98281
0.0334357
2.1751
16.2033
3.05794
6.99595
3.5763
6.31228
20.9578
23.316
12.2704
6.3293
9.26413
8.60983
7.24984
9.91632
3.43393
5.22626
17.4328
0.00709347
2.31756
14.9567
25.8844
8.58686
0.680151
10.2197
0.788521
2.05554
4.19742
14.6365
11.5054
8.39272
29.5685
11.5441
9.03548
15.386
8.12289
6.72898
12.2735
15.6239
2.62532
0.970517
8.26625
9.04884
5.25356
25.5862
0.0205765
0
12.6699
2.83252
55.7074
10.6808
0.0580513
11.6382
1.53842
25.968
1.08868
13.5809
1.28265
2.16791
0.281776
0.881187
15.3642
2.19248
2.29177
7.48997
0.394973
3.63196
4.71485
4.07648
9.57696
2.07882
1.72283
8.6672
0.739089
13.7545
2.13728
2.2899
5.8041
6.69965
5.72714
10.4731
26.3188
17.5333
0
7.69814
8.90767e-07
14.8944
0.848224
1.59174
10.2834
1.16107
2.47285
66.4261
0.948826
73.7265
0.967512
41.5067
1.93452
1.62194
25.4591
0.861513
0.72934
0.48527
0.199878
0
37.8034
0.0360978
2.42957
8.98223
16.9021
14.8695
11.687
6.93899
19.0282
6.6371
12.2292
28.2582
0.948177
79.3859
24.6867
0.0107425
26.4253
2.41951
33.4358
12.7787
2.98178
30.801
10.0549
5.36024
7.65909
3.22442
1.4598
0.186119
1.44423
2.16844
4.091
10.2606
9.00725
0
2.07899
6.89967
2.19259
7.11347
1.95393
3.60542
5.27481
4.20874
4.37942
8.56715
3.56015
0.0357654
0.936082
2.94417
2.98405
3.45413
2.4223
5.85978
6.01978
10.0822
5.29261
1.7641
3.12808
65.2726
4.54907
10.3565
8.33939
132.223
4.04425
5.13239
5.66466
5.22648
7.10312
4.54692
4.48657
6.60514
1.22681
1.79532
3.84574
1.23675
11.4338
96.7794
11.4009
61.9202
16.3858
2.24824e-06
9.31402
79.9013
0.0307592
0.182111
6.71439e-06
0.950041
5.47429
0.0172941
1.91275
0.0454625
1.36826
7.47363
3.43412
1.0133
8.28403
1.04882
6.95536
15.9733
0.0229733
0.477368
13.4776
0.0171903
12.2138
0.172432
2.61604
3.01234
0.235855
0.960563
0.0877234
0.168631
0
0.641171
7.313
12.1978
1.07801e-05
0.000333268
2.53231
0
0
0
0.14457
4.01184
14.4735
22.4099
1.05658
12.531
2.09008
8.34558
3.46439
16.5957
9.98231
11.0124
21.4154
13.4874
5.7496
14.5172
7.88292
19.9906
14.9492
2.36816
4.08667
74.7301
6.85825
20.4901
19.1713
22.5981
4.57334
18.6176
0.992168
0.0723274
41.8772
11.1742
2.57419
7.14244
3.56686
3.93354
5.23835
1.94705
0.661406
2.52165
0.96592
4.06236
5.29033
13.2589
7.52025
5.0267
1.02242
2.28915
0.799355
2.69191
8.29018
3.87916
8.7985
2.53787
10.2154
0.921372
7.06011
0
0
2.72292
1.30822
1.02171
2.61082
1.80181
20.3827
22.1668
6.5754
2.72165
5.85944
8.92272
23.3514
16.439
12.9855
1.17736
0
3.7493
13.1422
0.96684
8.80635
10.0748
2.88578
10.9136
25.2462
0.700107
0.0234632
4.09492
13.1038
0.881743
3.98014
3.03931
2.54294
18.4917
4.09054
1.54008
8.39042
0.976378
1.2171
1.25975
5.28324
9.55902
2.36258
0.343307
37.9671
3.38901
0.0154632
0.000103597
0.702851
2.86112e-05
1.28773e-07
0.0385288
10.0371
0.792944
0.380814
0.0456549
1.38679
0.351862
60.7981
0.48602
74.3372
64.8862
0
51.2676
7.30347
2.13034
2.72122
12.4995
17.8101
1.43903
0.331246
5.33996e-08
1.79486
0.797613
1.44098
0.275762
1.5468
10.1412
11.0156
22.9607
17.3958
3.95353
7.46406
0.0378967
22.1812
3.8107
2.4182
6.18942
5.54115
13.695
12.1566
8.98356
2.74035
58.1869
29.1146
7.77253
8.28
12.6809
12.4835
16.4067
11.5196
10.8543
21.3705
11.6092
7.95997
2.65626
4.99639
21.8091
0.0881635
0
0.660721
0.258336
0.573201
1.30026
0.259856
0.114087
4.15532
2.23813
2.88755
11.496
0.566729
1.71262
1.42459
2.93601
0.0234492
20.0029
6.02906
8.33977
31.3678
32.1879
50.6222
9.8197
1.60473
0.951396
2.1558
10.7726
5.1453
11.09
8.81232
5.57356
2.14778
15.8265
3.18724
9.16425
7.51331
7.26725
5.57738
8.86253
3.57424
12.0712
0.138708
5.79041
0.0292221
11.7512
3.3365
0.359845
18.6926
0.904733
0.623085
24.8618
5.61703
13.3696
7.3394
1.0073
9.43626
19.026
3.29986
10.4778
10.7213
26.0473
1.67464
2.84354
8.59141
3.69636
2.40149
0.789937
27.5555
0.792976
1.55233
1.74724
5.02742
5.17264
2.78275
3.38541
2.42628
3.24637
0.691729
3.62302
1.3818
3.136
0.128527
2.11708
3.45633
3.86588
0.939876
0.619762
1.48092
0.666549
3.18621
3.37806
0.511306
1.81184
1.2788
0.984443
2.48651
0.492582
0.593657
0.616458
45.2525
3.86795
28.4541
15.9366
12.1895
9.26122
34.7065
0.00602354
0.906897
1.33696
5.08813
0.175383
3.33991
11.0854
5.32671
0.339869
7.27766
27.1726
18.1568
40.8923
5.33346
39.9845
22.8754
5.00131
9.64854
34.5052
1.62453
1.21831
13.5814
0.0140194
3.15235
21.7387
0.00594892
8.75389
0.0391904
2.91422
1.52434
0.929111
1.74
1.61664
1.34122
0.00796117
0.99943
0.0475832
0.000123737
19.4938
7.11841
18.9514
5.70754
0.0927464
8.12185
8.66638
7.286
10.63
51.9318
14.6462
0.712971
0.378642
0
5.36034
0.451504
0.0702242
0.891769
2.11677
2.88305
0.633014
6.64312
0.959334
5.47191
25.1977
0.867892
6.26607
1.15187
0.0175617
12.4616
16.9104
1.00146
0.0606214
0.000960146
9.16309e-07
6.78872e-05
0
82.549
0
0.0162269
8.37125
0.553089
1.28925
3.6571
0.920589
0.0399151
0.557092
35.6844
34.423
6.16361e-05
2.08044
1.9612
0.456569
3.17004
0.332362
0.105923
0.103904
2.31182
0.0295494
0.31039
0.0516187
0.000250769
0.0235754
0.942347
0.850782
1.24369
0.178456
0.0491559
4.38505
0.00120096
1.09197e-07
0.876817
1.15274
0.625784
0.708307
0.86222
0.119269
0.964504
0.0100218
0.000683331
0.189734
0
0.598099
1.15906
0.548805
13.8144
0.273882
1.45503
3.20054
0.0277682
0.683455
4.84905
5.78025
0.891266
0.545251
0.886599
1.6731
1.15807
10.65
8.38206
0.653271
2.78254
0.655121
7.07996
21.8596
17.8375
6.83816
0.950971
3.54256
7.5959
3.88846
5.98306
7.66446e-05
4.63222e-07
3.96964
0.000222965
0
1.24369
0.864285
0.987231
6.05161
17.7477
13.2496
19.2731
0.961688
21.9181
5.82634
2.17959
12.5522
0
16.1507
63.7862
2.55651
0.255039
6.50705
5.75715
1.80118
1.07898
0.43645
1.0319
26.5915
9.94135
1.01166
11.8538
0.000182456
0.044497
4.83505
1.42646
1.07113
3.13025
12.356
0
1.41283e-07
1.56587
0.46756
0.114227
0.906719
0.0322056
1.21236
0.972612
0.65255
4.27196
7.13233
0.739821
12.9015
31.1927
0.0199349
0.068504
5.94693
0.00283409
3.79635
20.5891
1.98943
4.84786
1.57168e-06
1.91285
91.2929
21.8345
16.5353
0.650665
11.0398
39.6804
45.7443
60.6107
0.6058
2.13943
39.2508
2.59303
83.273
3.40726
10.1365
12.4946
1.56624
0.081512
1.64515
0.0249387
22.0215
0.0745375
0.141258
7.12868
18.5473
0.00520861
11.4351
10.752
4.92547
13.3618
0.378777
9.17928
11.897
1.06161
3.24945
19.7935
7.64019
0.71745
3.43954
7.31593
5.88208
6.36989
22.9132
9.88003
5.25791
14.1251
8.97144
0.430537
3.95282
0.596713
6.82704
13.5253
6.27411
12.1558
1.44269
1.5139
2.20347
2.58434
1.65082
3.31973
0.946251
0.839782
0
3.37381
5.50703
0.984385
1.40376
0.0259814
0.922454
0.14233
0.32353
5.13864e-07
21.7862
0.660533
2.09477
0.0122186
1.11833
15.7622
0.478066
7.81482
40.4728
6.06274
0.645168
19.2633
11.2733
0.133998
3.50775
0.973787
0.440088
51.4374
0.443114
2.4327
19.5777
10.0205
0.954012
100.048
6.87643
0.168582
0.960275
2.5491
20.4366
2.99
0.0384874
91.0741
9.06989
1.97723
11.2555
17.7471
11.7063
7.36278
5.24908
11.4147
46.1707
51.1179
46.6737
19.7875
42.0947
24.1419
5.84287
0.0431318
6.15028
0.00471764
1.92911
3.39076
1.87302
9.13036
14.9908
22.4797
3.0724
1.67636
0.663505
0.0281347
4.92161
3.5141
0.828611
0.675758
1.58788e-05
2.91836
0.0817356
0
0
34.7914
37.4562
0.0247626
12.5358
31.2301
20.383
1.93503
3.55194
5.60778
0.140878
11.6757
1.89276
1.95869
1.48151
1.74181
12.9448
10.9647
27.1407
7.00798
25.5617
43.8419
10.6366
60.4607
11.9062
30.0054
56.7256
32.78
1.37561
0.87597
1.08251
0.465123
2.85775
0.202175
0.960629
4.62689
0.0426583
0.076497
16.0506
12.3248
36.5949
12.6061
9.57697
8.87474
0.959295
1.04141
0.27717
1.1425
0.00151613
1.37651
0.0130561
0.443734
1.53405e-07
6.3816
10.369
14.253
4.68005
11.3742
2.57284
0.109623
0.912235
3.20071
3.03769
0.00471088
1.02816
3.60099
6.14984
1.15576
2.46143
16.6381
9.3437e-07
1.0649
0.994964
1.19305
1.21344
8.03883
8.04033
6.39946
5.06535
2.09258
0.584378
0.00380049
1.15465
13.4743
0.00206906
1.94407
4.49203e-06
13.6031
1.11289
0.11466
2.45655
0.0805256
22.9569
0
1.24422e-07
25.7859
