6.50871
2.32792
4.02938
0
1.93253
3.95557
0
5.10816
1.1925
9.30172
13.0156
4.67057e-08
9.22434e-07
0.867317
4.17581
0
5.00353
16.1625
15.2346
36.95
4.55348
0.420868
0.0347341
0.00371209
1.47282
1.92168
1.61791
0.723017
6.56316
0.00296994
3.67106
0.685503
0.712634
1.41388
1.8779
0
1.64769
10.384
6.67397
10.6274
8.54802
10.6114
1.01349
12.2235
1.12126
5.85037
1.28605
0
0.0264961
0
12.9236
0.295546
8.29184
1.59215
0.565604
2.3959
17.4072
1.61891
0.0424576
0.768909
3.73468
0.00401688
7.27366
6.97684
8.34445
0
1.55052
1.75898
3.58406
1.25881
17.6471
5.99525e-05
0
0
0.160734
0.190947
4.51388
1.91467
7.63241e-09
1.36172
0.0183635
4.29668
0
0.980174
18.1808
0.992616
10.1453
15.3539
18.7261
8.80292
16.7881
15.1072
4.1917
11.5384
6.89882
7.30177
10.2661
19.9535
3.52674
0.758893
6.50446
6.64732
6.63143
11.7132
10.5103
5.61243
17.8357
10.4533
7.45998
5.27193
7.56733
9.192
10.5141
11.6958
9.01313
5.30187
7.66787
5.59582
7.93376
1.76537
3.9572
1.20941
2.38648
2.89965
0
1.87275
12.0654
0.010559
0
0.74994
8.66334
0.0704035
3.30771e-08
11.4136
1.17437e-06
5.01883
10.4346
0.350306
0.135637
7.33667
0
2.16783
1.04372
0.442325
0.884997
0.0332177
0
0
18.6572
139.554
1.16983
0.176723
0
0.873121
9.87144
0.987719
2.64363
2.48873
3.24775
1.155
52.3711
8.62482
19.1876
13.2473
0.697659
1.01433
14.809
13.4182
32.4716
3.23669
6.94429
2.10067
5.27094
6.85158
11.8692
1.95535e-08
0.00168726
0.00751946
0
0.0286529
0.000101991
9.79736
0.0306369
0
11.1789
8.20098
10.6583
5.32647
9.26604
23.6446
24.5209
12.877
9.45247
11.2823
5.82154
0
11.6253
4.43691
6.28771
7.42581
34.9304
104.024
7.8859
50.6024
23.3444
0.361315
12.2699
2.62061
70.7908
8.09844
28.8973
20.1647
2.14917
8.72325
20.17
23.1465
4.33206
21.3826
17.793
4.24617
1.98172
4.7455
21.0482
3.71956
20.6947
8.58587
15.7185
18.9349
19.2812
0.00596849
0.43581
7.69708
20.7724
2.91856
4.50245
1.48695
3.37361
5.90907
7.01047
4.25544
2.70598
6.46265
2.14991
1.91338
0.00170235
0.228835
0.38508
0.319779
2.22345
0.126032
0.682582
0.559528
1.76055
2.17417
0.954591
0.0452107
1.77253
1.37949
0.0132306
0
0.117724
0.00414924
0
0.0668878
0.292278
0.00726274
0
0
0
0.0252381
5.32658
1.21991
13.5691
1.0037
0.111675
1.01875
0.0796567
2.93699e-06
11.061
0
30.7941
0
2.82293
0.00309992
0.225638
0.0224548
0.0823728
0.852054
7.19189
2.73631
0.364184
16.3972
6.01782
0.00182676
1.11443
1.85097
1.71159
20.5959
3.48209
6.78085
8.41403
5.22111
13.6829
17.001
1.09799
14.2379
3.77441
7.00862
12.1511
32.4898
0.689324
1.32395
1.61719
6.832
10.5439
13.3252
23.5147
4.72434
6.06858
0.521443
0
2.92857
3.51266
0.415605
8.87844
1.93818
2.05912
0.977327
0.013353
0.114894
0
2.15451
0.0695885
0.816143
1.19283
5.76024
3.45503
6.54516
1.64923
1.99023
14.8927
4.87408
6.8543
0
0.412593
0.757974
2.5195
2.31148
4.10792
3.58149
0.388384
6.00708e-07
10.3741
3.56318
0
0
2.11355
6.47165
0.547235
0.603197
2.62374
2.20006
0
1.54069
0.0106048
0.890464
2.57251e-07
0.902161
1.89048
0.395782
0.847569
0.598218
13.351
1.21598
3.26834
4.63251
0.001482
7.40954
10.4143
10.8032
14.8619
10.7108
0.875081
5.19966
6.03899
6.79083
4.63715
4.67637
3.44319
4.41257
7.83138
5.12227
3.6241
6.21585
11.911
10.7935
8.41706
8.37915
7.76166
23.4786
4.10723
14.3808
8.66758
8.89496
11.1294
8.72731
5.70005
5.23119
6.55351
7.35917
11.014
10.4786
8.16985
6.60773
1.54382
3.51563
32.282
8.44698
11.168
5.05001
0.284703
29.8552
15.6006
13.0338
6.90478
23.1451
4.6956
7.97734
13.5969
20.9668
14.8659
7.40626
16.675
16.8275
13.6033
13.1534
15.7471
0.307148
37.0742
22.284
14.4092
12.6115
9.32941
17.0354
13.3552
0
3.73597
0
5.51318
3.13791
9.22928
3.08187
18.334
2.83734
7.34875
9.6022
17.5293
10.7572
11.1219
9.39171
3.82004
1.57236
2.59188
1.49047e-07
2.59161
2.11811
5.30329
2.92205
1.70358
3.25514
2.14008
3.67727
0.445008
0.0276024
0.973342
0.0279018
7.17888
1.07296
0.766209
2.77324
4.68137
0.888591
1.45814
15.7801
23.4244
6.06126
9.0297
11.9488
1.40213
11.4654
10.01
18.2727
15.5253
0.937275
0.614323
3.58568
0.593335
1.42352
0.00778789
0.148833
11.9755
25.9042
8.10801
8.82851
22.5004
11.3416
6.39915
4.05639
0
2.30254
7.29046
1.60219
0.125478
2.00583
9.86923
7.65611
14.5839
4.1833
6.79137
2.32907
1.55557
8.92925
2.547
1.0828e-06
0
9.85072
0.00146815
4.83982
0
1.17127
4.05596
1.98505
3.49392
4.14379
0.0319357
4.40189
2.56434
1.68318
1.76978
13.1734
0.796847
0.746596
2.90364
2.66973
0.543819
5.9745
9.216
5.38238
15.1634
12.3167
16.4299
11.8179
0
21.6028
0.00275555
12.5902
21.6901
8.31232
17.0646
10.0742
0.826316
2.11091
0.133784
3.18441
0
1.01958e-05
6.90659
7.60219e-07
10.0258
8.12034
3.78843
16.8967
4.52645
1.40385
1.28072
2.19328
2.06617
8.05338
20.0203
5.79208
0.0373729
4.88802
0
14.6991
5.93779
0.000870514
3.8309
1.46554
14.9689
0.94246
0.0126952
1.08072
0.342501
0.006779
0.787859
1.29759
15.0578
1.0531
0.0678839
4.44373
4.10701
6.39462
4.87208
0.0314818
1.80556
5.91373
0.563803
0.00419624
0
0.585837
0
0.00366029
3.7414
11.1384
10.0572
2.06658
0.627812
1.17195
8.96395
0.583064
7.09616
14.8093
2.68463
5.6935
2.09409
0.264059
0.000104193
5.86529
0.00923486
1.8003e-08
0
0.0564901
0
1.95947
4.8519
0.518652
4.10495
8.50047
9.63796
0.331343
6.08387
1.5581
5.52382
6.67419
0
0
0.119042
0.0124785
15.3269
19.0263
0.815872
11.7393
0
6.85688
39.2033
19.4865
19.6911
0.0893288
0.00539046
0.121454
6.07283e-08
0.775125
0
0.993537
0
7.75395
10.8432
13.5284
5.00803
4.48349
0.0688668
10.0366
4.94436
14.316
23.8048
0.000263935
6.10794
0.149214
19.397
24.6647
1.86875
0.00168809
10.0359
18.8942
0.0292616
3.89577
0.0364166
0.013266
4.62401
10.1273
16.476
20.173
7.31425
12.292
13.3908
1.19607
2.03042
0
0
0
0
0.0170931
0
0.608195
0
22.5749
1.9767
2.60584
0.10398
0.0444921
6.46827
6.79838
0.0707896
8.75348
1.87867
18.412
3.32865
11.7559
3.93645
13.922
25.0731
3.9447
8.86114
16.7157
7.73227
0
0.579346
18.7349
2.02791
0
14.468
0.840886
30.173
97.2964
4.94264
61.3798
15.302
7.01534
10.1979
1.43367
0.298035
21.0436
30.552
2.95849e-05
0.460931
0.314097
0.603453
25.0653
0.228299
1.4007
9.28959e-05
0
0
0.881688
1.23389
12.9203
10.3039
2.86535
0
0
0.10022
9.31422
13.9976
0.00174184
0.811464
16.2596
0.00441002
17.6558
0.0150299
10.5965
14.7491
11.366
18.1999
0.189148
2.36338
4.89831
1.57745
0
0
0
0
0.357148
0.00419418
0
0.3779
6.51242
12.5371
2.40723
11.9562
6.02659
3.82762
3.59089
1.45941
1.34287
0.887323
0
5.06254
0.414309
3.47571
2.58949
17.9284
3.41143
15.1834
0.933995
0
10.4975
3.55712e-05
16.5521
1.62155e-07
0.99399
0.00518049
7.29686
14.0253
9.66115
9.35079
8.25986
21.0671
2.65377
1.85006
1.16244
12.3162
0.107733
0.0216094
0.100648
0
0
0.53021
6.77331
4.80355
1.3001
4.34439
14.6537
9.74459
4.01666
9.87347
9.6383
10.2362
0
0.721223
17.991
20.1277
14.7079
7.97879
0.000153189
4.59546e-05
0.241785
4.25144
13.3103
11.53
7.79895
0
6.09627
14.2611
15.3934
0
14.5588
1.53643
0.03995
6.72775
1.60742e-05
0.0207771
10.3368
0.865097
0
0.987171
7.90645
9.15146e-05
1.21319
3.19154
3.71181
3.45775
0
0
12.4823
0
31.814
0.0102469
3.27084
4.4342e-06
0
2.01865e-06
0.852714
5.11985
0
7.36275
8.99612
8.55976
12.9567
10.3696
0
13.2715
12.1826
5.05169
2.14472
0.846604
10.7931
0.313183
13.2273
11.2068
3.65574
9.80592
7.19932
14.1642
17.0788
14.8141
19.6989
0.641599
15.0697
1.01256
1.91109
4.52001
3.57265
9.36434
2.06318
7.65414
7.0219
1.48269
6.5292
0.87908
0.0496419
0.000909897
0.323448
2.75444
3.4345
10.1704
16.6517
12.7373
0.884568
0.272922
0.119491
17.6799
23.3173
0
13.8313
5.95896
7.68211
0
0
4.38711e-07
3.74737
0.906178
13.9524
8.22526
0.0724284
0
15.9693
0
8.63617e-09
7.6649
5.06122
3.74364
0.0149089
6.97575
11.32
9.81228
2.52536
4.68769
9.71342
0.838524
0
5.83809
0.0179538
0.678773
3.133
3.04849
6.27892
14.5142
16.0947
0
0.422831
0
0.0311316
13.8278
4.35922
6.26941
9.66066
2.82585
12.2144
11.7855
0
0.00657182
2.0264
0.0682379
2.51681
0.964646
1.75155
0
2.39515e-07
24.6357
0
27.9355
3.16227
1.12597
0
0.606817
0.0090859
0
14.6835
9.59377
3.2003
19.8138
19.0966
0.00339225
1.29249
0.0860408
1.39267e-05
0.898394
0.311102
5.77272
0
0
0.285385
2.27392
0.0047155
0.341597
4.64953
1.18546
1.52498
12.6293
1.79167e-05
0.0291943
0.825276
14.416
24.2181
5.51879
0.166024
0.184059
0.746573
0.0900626
7.34523
6.78239e-06
0
13.2474
1.87336
0.292343
0.0857209
18.9016
2.77971
0.0886359
12.8095
0.0190521
2.10165
0.888757
0.00320568
0.538958
17.5076
0
18.7049
1.00656
3.63187
0
13.2839
11.6441
8.2471
27.3483
7.33374
4.50448
16.7875
0.85994
0.000306207
0
1.72915e-06
5.58164
11.1902
3.17564
4.28803
0.1553
0.0574314
0.000268822
10.3232
17.2845
11.2006
9.77993
13.8224
15.1734
7.85209
5.13342
13.6674
14.1514
3.59196
5.44114
17.5863
10.1505
0.78339
0
18.1724
9.71762
5.73951
4.68512
2.51254
0
19.0446
9.30391
8.37726
0.332443
44.3514
12.8326
9.85404
7.49373
22.917
10.5431
15.5389
12.3489
20.6678
0.35453
0
3.42771
8.07301
16.3815
11.0799
24.7457
10.0326
6.26797
5.80307
20.1502
20.5653
67.6044
50.9455
32.1226
9.6758
10.5695
0.787843
1.01143
8.28335e-06
0.00748045
2.46772
0.607556
1.50291
0.277085
12.105
0.156841
3.01216
10.1641
14.7258
2.20038
5.72571
3.39489
13.7223
1.46096
0.225068
1.42764
3.30392
19.2182
7.05874
0.547818
18.4722
10.6355
9.53171
15.3081
20.8513
14.7682
0.012607
0.0358187
1.13266
17.6267
7.33103
2.06484
1.07636
6.76332
1.53488
0.0231295
0
0.263284
3.74487e-07
23.7809
0
21.5106
0
19.529
18.672
0.641333
0.00203713
0
7.78449
8.00042
9.95018
16.0042
0.44591
3.49198e-08
21.892
36.4693
2.91385
0.587101
10.2791
11.5036
13.19
0.0295024
18.7717
7.78444
1.92323
7.6081
0
0
11.9324
0
0
0.0373731
0
0
19.4826
0
2.63405
15.4666
7.96113
18.1149
8.62992
4.03246
8.95132
0.947961
16.9861
0
13.5683
13.883
0
7.80572
5.29114
18.6902
0.645419
2.10279
0.90304
18.351
13.6466
3.14978
15.432
0.044126
10.7356
9.12274
11.6323
0.220258
11.331
4.70092
15.7107
11.373
0.648984
1.01656
1.02056
12.5615
1.82277
22.1265
1.33894
1.69283
0.0400128
0.942548
11.7872
14.0386
1.69466
0.255309
17.4638
0
37.6208
12.3941
0.00306391
8.27159
0.760725
7.27959
11.1108
18.7774
0.0255146
0
0.0083228
2.36753e-07
0
0
0.00548048
0.461711
6.1141
0.937524
1.83011
8.32295
4.30341
2.02632
9.12337
13.8824
9.77452e-07
13.86
10.366
14.9746
21.8001
33.8427
15.5115
14.7976
0.0933361
6.89063
27.6595
28.8937
19.0031
23.4997
2.93424
14.9599
16.2234
0
13.3134
2.93844e-06
0
15.5629
0.055924
0.0744991
0
0
0
0.00333632
0.0125515
1.23112
3.35815
2.12225
0
8.28957e-06
5.91161e-05
0
0
0.198742
1.86197
2.45721
0.880919
38.9975
2.72818
15.558
8.60326
0.140274
0.988259
10.0121
5.81651
0.350254
0.000200246
13.5394
4.68725
30.8369
9.60483
0.0424565
1.47139
0
0.398957
15.8273
6.11714
0.221408
0.20325
9.86076e-07
0
48.6413
4.51875
11.9816
14.1244
0
3.36825
2.76506
1.60337
0
0
20.2101
0
6.17461e-07
0.55619
14.4159
48.0324
3.19008
0.27532
17.7696
3.66453
14.5927
18.6127
4.03134
4.46078
0.941386
0.857554
0.00248691
1.62065
2.18258
1.28039
7.13136
0.474241
2.93926
15.1008
2.44525e-06
0.348168
8.4305
0.969002
0.0156723
0.607666
6.2577e-05
8.52493
26.1306
1.81697
17.4656
0.0816493
5.76319
4.16818
7.45525
1.16831
0.265826
0.517356
0.614582
27.6822
12.5639
16.7752
31.1096
12.9097
6.84994
0.352996
15.9432
16.2457
0
7.72867
0
1.49113
0.388289
4.78073
6.93406
0.093067
0.157352
5.77501e-05
1.49081
4.1773
6.74914
2.6949
5.36553
6.97314
1.60158
0.26152
7.86045e-05
0.0164619
2.18804
9.57028
0.00175575
0
5.81286
4.92561
7.10841
0.995489
0.778486
1.18016
4.2614
2.33946
0
11.8392
2.1971
17.6454
1.78675
0.989105
18.0955
19.797
0.472362
1.27526
5.71955
26.8606
6.76499
12.9379
3.23459
4.75794
3.37017
1.28527
0.0362221
7.5602
6.39384
12.9118
5.69078
8.17075
3.4595
7.49365
5.7388
7.67304
10.7994
3.33301
2.11658e-05
0.0274551
9.03692e-08
0.507004
0.413333
0.478101
7.46218
0.151172
23.1049
7.89791e-06
0.612131
0.263476
1.52667
0.307768
9.07064
0.127246
1.80883
18.491
5.40558
3.50522
7.05711
6.48555
0.0925868
9.43866e-07
38.9722
15.6629
9.17936
7.01968
0
0
10.1248
4.08632
0.0853371
0
6.75636
0.00010088
0.0117063
0.405156
2.474
0
0.192432
0.00229035
7.58996
0.745386
5.47262
0.188801
77.6179
2.36326
1.52734
0.26786
11.7944
1.52942
2.80974
10.3301
2.71075
8.50824
29.9148
1.1505
0
93.2641
0.252514
0.695718
3.37395
0.0895776
0.758979
1.32171e-05
7.32e-06
0.0751905
7.52738
0.382937
0.503829
0.588629
1.33427
0.795963
7.30379
0.159611
0.68494
0
3.7761
0.270324
0.00092354
0
10.7016
0
4.70576
0
0.239833
10.6268
25.9243
0
2.92523
2.04294
0.0598568
1.50328e-07
21.6082
6.70086
2.34699
9.05772
5.5539
4.96766
2.26251e-05
1.52445
0.00615494
0.531936
0.151683
0.0375447
0.524663
1.09804
1.15198
21.2672
13.4498
2.85274
3.63618
0.85916
0
0
1.06353
17.6823
0
0.00152125
0.709316
0.0186399
0.641156
1.19975
0.758159
0
3.60696e-05
0
0
0.441443
5.42336
0.00575762
8.7792e-06
5.82622e-08
0.000101216
0.00210277
0.0087333
0
3.46499e-06
7.29822e-08
0
20.4133
2.99775e-06
2.51641
8.92106
0.0076474
1.59527e-07
15.2472
1.06161
6.03605
0
1.92689
0.135544
0
2.00058
17.0742
0
0
3.68744
0.795812
0.113382
1.5796
1.71298
0
0.777223
6.78276
2.21405
0.0246666
13.9028
0
0
1.35983e-07
1.33985e-08
20.032
2.29081e-06
0
0.0001135
0.708435
0
0
7.82321
0.000198836
3.53862
2.85844
0.394754
0
0.940794
0.97589
0
0.832995
0.281237
3.47455
0.68777
13.283
0.00333009
0.0979535
8.97132e-07
0.757894
0.0463625
0.0440231
0
0
1.28953e-05
13.3105
0
16.6327
0.220741
17.4144
11.4891
0.00162124
14.773
5.88178
11.8385
0.379241
0
0.841633
0.144213
26.8573
2.66796
0.504346
2.06743
0.239188
0.0271512
11.8815
12.7282
0.952757
0
16.7611
2.59547
3.41116
8.01506
6.70957
14.9316
9.90793
29.6784
0.0750721
2.616
12.3927
0.597034
26.1878
34.2397
24.4977
12.5892
4.1572
10.9924
16.2142
26.1498
18.4123
18.39
8.11296
4.89206
8.76157
0.502178
9.18576
8.75181
0
0
0
0
7.33983
5.65549
9.20803
0
1.96078
0
0.125493
7.6845
4.66368
3.34629
1.7733
2.47383
2.04018
1.6285
6.50749
5.58303
6.25241
0.114027
8.52553e-07
0.926113
3.06397
3.57456
3.13497
1.41286
1.24221
9.74702
1.10505
1.27834
0
0
0
0
0.00402435
0.23097
0.760845
1.70444e-05
0.132459
0.0342624
0.285052
0.122749
0.659211
0.419421
0.000142886
0
0.0108064
0
0
0
0
0
0
12.9609
0
3.47579
0
0.00276219
0.0939276
0.00982592
0
19.7397
0
2.81468
0.020691
0.0967904
0
13.0467
6.01889e-09
0
5.83689e-06
0.00969683
0.957813
9.97033
1.951
0.0584202
4.18086
0
0
4.369
0.945611
11.5406
0
0.338481
0.0388048
5.66519
12.2855
0.937123
12.7898
9.73005
7.12557
2.68055
4.77809
12.3527
4.72523
15.3877
9.12737
7.45784
9.81988
3.17536e-05
0.00612043
18.4506
13.0853
15.0101
13.4221
8.45549
7.17219
5.32558
13.1474
13.7262
22.6504
6.05905
14.1605
17.2131
17.0047
20.0562
15.732
0
13.7569
0
13.8071
24.2522
16.1992
17.1821
13.0527
26.4287
19.8966
14.9862
0.457816
13.4955
15.3869
8.6086
12.9033
25.3976
27.151
36.9204
18.4782
10.0963
16.5907
16.2856
15.1283
5.06052e-05
15.6407
19.4584
13.7352
0
12.3842
5.97732
5.44866
1.31087
3.43069
0
3.20335
6.48101
3.46429
3.59303
14.2652
1.71587
0.263491
0.632742
1.03026
1.47745
1.13725
7.76109
3.82052
0
0.15434
10.8286
0
0.34536
1.32225
2.02236
0.80373
0
0.08392
0
1.27098
0.000428356
4.48348
3.15988
2.23759
1.84155
0.377781
12.2686
8.84177
14.5876
12.3317
3.59459
17.372
10.0248
4.61921
16.4431
14.667
22.7364
16.9677
19.7217
16.7066
0
24.8211
8.582
11.8716
0
18.0982
0
5.29467
4.47107
0.0112244
6.67943
8.52754
12.2947
0.844353
17.789
0
0
11.7977
9.507
4.81603
0.00186863
4.65624
0.0424837
0.46557
3.2263
1.38217
0.0389868
0.703288
13.2236
0.765596
0
0.8505
0.04262
0
0.0365237
0.000120945
0.0404048
12.8354
0
0
0.911777
0
12.8512
16.5123
0
0.538809
13.9678
7.16585
0.000336738
2.35186
0
1.30449
2.32422e-07
4.84517e-07
32.9873
2.00081
0.000120729
22.4048
2.11393
21.8716
0.0482321
0.923595
0.002437
0.764642
0.00465826
39.9557
0.178489
0.0360086
0.0171593
7.47361
1.64167
6.6048
7.13703
6.91472
16.805
9.55086
14.8575
3.61935
3.19196
4.35237
0.702759
1.70018
12.0394
0.670253
0
3.19589
1.39865
9.54426
1.50459
18.406
1.04739
0.797635
9.65403
18.8177
0.794388
0.820827
2.9988
4.20058
7.29989
3.17943
2.07504
3.91752
1.08825
7.11628e-06
0
0.077878
0.083124
0.00477473
6.11596
13.2921
12.6827
13.2534
0.0371838
21.5932
10.3686
0.746255
12.127
6.44518
17.7042
5.96651
3.40917
4.65252
76.8096
43.1704
3.04936
17.4116
8.29278
0.0323752
0.00943138
0.0955515
0.924538
1.59422
0
0
0.00377755
5.31731
10.4477
11.6662
1.91044
8.63637
0
0.0539158
0.22405
1.52976e-06
0.0445545
0.00172307
8.8106e-08
0
0.0915645
0
2.9429
12.7298
0.096472
7.52236
3.27078
10.9107
0
0
3.22655
2.78599
0
4.11742
5.47795
7.43651
0
10.2356
14.8923
0.0020256
3.60806
5.38934
0
0
0.081404
0.030442
0
0
19.9447
2.54139e-09
30.7415
16.6697
43.6677
0
0
0
0
0
21.8532
11.1291
14.9166
3.86812e-05
10.6191
5.1243
7.21826
3.52192
1.28411
13.9433
3.00611
0.0319551
0.518552
0.137596
0.0382866
0.00471158
4.6209
0
0
0
0
0
2.53953
0
0
0.103275
0
6.88534
0.842529
0
0
5.19745
0
0
0.000304124
0.0364526
0
6.39658
21.5499
0.0338681
1.33028
0.330553
0.0236792
0
0.947326
0
5.65502
5.82721
18.0713
5.50536
6.84652
1.16305
3.12743
0.428183
3.85294
13.6593
4.43636
0.16361
13.7975
10.3498
29.9496
24.0861
13.4019
23.7586
23.7638
18.7417
18.6588
14.3285
12.4234
12.4431
15.3024
12.7884
17.4871
4.78092
18.7043
16.3724
15.2823
17.2607
12.3863
12.8533
11.4504
10.8047
9.67275
3.08317
0.120316
7.21708
0.203057
0
0
0.0334698
0
26.1619
24.651
0.763363
6.95928
1.75009
1.66757
0.0272309
0.270968
2.73011
0
14.3584
5.26046
1.81393
0
3.12334
15.2361
1.44766
12.8602
14.6977
15.6048
8.71381
2.46592
7.09249
0
5.22468
9.93868
5.06936
12.1283
3.32441
4.51282
2.81414
5.35891
5.2919
4.89164
20.8053
11.312
1.48201
1.79548
1.35394
2.38316
8.63992
6.72263
14.4114
12.0201
13.0049
19.3734
33.0114
14.6571
11.4265
6.54447
9.25025
9.84135
8.3626
1.71578
3.21165
5.36427
10.3115
0
0
0
4.22405
1.73734
6.88674
6.21866
6.09077
8.16447
16.187
11.6676
11.2498
24.397
5.43649
21.7455
6.35279
3.73838
1.2408
2.67078
4.56675
27.9487
1.42555
11.9455
2.74705
0.402333
3.10219
6.23785
3.81265
5.9874
5.85161
10.0794
5.59796
11.6082
10.6918
13.6523
2.57601
8.59382
29.3975
8.90236
7.27569
12.4754
3.72993
1.97918
0
2.24297
1.38116
4.34137
7.3831
6.89766
5.63161
0.401634
14.5119
18.771
8.97447
9.03656
13.4418
15.6257
11.1143
16.563
0
0
0.0102101
30.2091
22.8563
24.583
3.19347
29.5972
2.80853
5.80794
0.936263
1.61374
1.40724
6.5146
8.73552
0.643232
11.6196
54.2015
25.6097
20.4099
7.49217
0.32903
30.6089
8.71483
21.1182
10.0475
4.09821
20.5531
20.2726
25.5582
29.7054
20.4879
16.8685
15.2016
20.9935
4.69626
19.2701
22.2961
21.3147
5.14613
12.6546
15.1043
16.1222
21.2788
12.2854
33.1508
16.5754
10.4472
15.1599
21.331
15.4101
9.2441
0
15.648
0
2.1229
21.6046
26.3237
15.5672
18.2837
4.62236
18.8986
16.4114
13.3562
16.0684
18.9723
16.6249
3.19695
13.2239
20.1269
11.941
14.9465
17.7089
12.7163
7.71735
18.3501
10.782
0
7.13772
14.3793
11.5336
5.54186
14.9491
0
0.849847
1.00417
14.9533
8.26131
12.6693
2.11143
12.4365
13.7335
2.59597
12.5632
10.2832
9.63156
8.12602
23.774
4.98929
1.82392
0.966299
9.76421
3.2358
1.80033
0.200669
4.35147
2.52645
1.11137
1.06765
1.82838
0.359302
0.0522622
1.59071
0.0192274
0.108629
0.94398
19.6363
0.0145244
1.05888
1.83945
3.04018e-06
2.94537
1.94937
1.17267
1.33052
2.38753
1.69156
0.220189
1.43633
1.03166
0.112385
0.953038
4.6396
0.582384
0.00317749
1.76234
0.142406
6.99106
0.0229552
1.01476
0.199096
0.847545
1.40671e-05
0.0621887
3.75813
0.956511
3.53141
1.01547
10.8959
1.79294
13.8018
1.91329
0.108178
12.2444
1.0944
12.1718
14.3106
25.435
0
6.34293
0
0.711735
1.01655
0.494325
20.7821
20.5121
2.66641
0.303588
13.7289
2.38519
0.00014394
3.93674
0
2.32578
0.318572
0.804962
5.48946e-06
1.5177
0.637865
1.77152
0
6.17162
2.41468
0.00676846
3.08675
6.05926
2.53095
7.91154
0.000219005
4.31606
10.5025
8.57786
4.13494
0
0
0
2.03561
10.5277
0
1.04174
1.22356
0.139487
0.00364188
0.814337
0.00381809
0
0
0.837208
2.65515
0.000416285
0.0356779
0
1.07558
0
10.1079
0
0.20788
0.0827169
0.664177
0.133576
0
0
2.29013e-06
0
0
0
0.0286629
18.6504
2.84583
10.5414
15.9893
14.6026
5.7363
13.8402
1.21938
8.74774e-06
0.744865
0.65909
12.5494
1.67787
1.99041
0
0.862727
14.2301
35.1679
29.6344
15.0539
8.57924
4.38395
13.2709
9.01057
1.22085
5.47708
11.0411
1.50337
9.80602
8.05094
4.20964
18.8128
20.0786
6.21683
7.20814
0.0341084
7.70395
1.62285
11.1512
0.035398
15.3565
34.1207
0.0678931
1.01036
1.0601
0.911179
0.811248
5.46814
4.05501e-06
1.03869
0
0.0196814
0
5.32314
0
1.54812
0.374811
12.3754
1.94115
3.06509
13.0604
5.82167
4.11544
5.26365
0
6.9777
16.2003
11.0264
5.67389
29.5136
11.2819
12.9206
0.0117912
5.97194
0.187787
21.8694
9.00535
7.58853
1.51971
0.0011818
13.3026
18.062
15.9638
6.2718
18.4768
18.3874
5.39378
2.07473
7.69362
10.8503
3.33863
7.75676
0
4.67112
21.7749
3.3935
0.563285
14.9859
0.876858
14.9196
2.32849
0.0488906
0.70443
1.06274
12.4086
0
11.9496
25.3088
12.6083
8.47309
8.52582
3.56661
10.2048
2.14155
0
0
2.3469
5.17471
8.80047
6.75046
22.8924
8.59515
13.3277
15.0301
11.0984
18.1791
7.60958
13.1073
0
0
0.000990191
9.92465
0.00014639
8.40886
7.17944
0.643473
1.37144
3.27125
2.4906e-05
0.040855
0.30818
2.89472
1.75652
0
0.0843085
0.892769
12.5607
3.21069
1.32856
5.84321
6.69392
2.03682e-07
8.75645
1.0388
4.43307
0.538241
10.1938
2.65087
0.030256
1.75937
0
0
0
0.355481
0.443739
1.02713
0.946243
0.066437
4.44181e-05
0.0155904
0.613536
0.124327
1.12831e-05
3.75879
1.6927
0.767239
0.874772
5.84709
3.95112
2.43166
0.0128862
0.561546
2.26157
0.0814854
0.00116582
0.00265627
1.10196
9.5909
0.0654688
4.62217
9.00543
4.46477
6.11049
16.7018
5.8684
20.8902
2.33593
7.6863
8.14888
0.125546
12.3672
5.41445
0.18538
0.0246442
12.5227
0
9.14751
9.37623
16.2988
5.80113
15.0551
13.9302
0.000872777
33.6048
15.9285
19.1773
24.2202
0.000182834
16.6106
0.208688
26.9737
13.3909
1.38138
10.751
6.89711
2.01718
2.40722
0
2.12969
1.68773
1.79341
1.24753
13.329
0
13.6201
6.61123
10.5723
12.1439
10.0154
14.753
28.528
4.51347
13.4043
8.65332
20.3821
10.1283
10.1752
2.81454
13.2381
0.0144187
4.10422
4.60825
16.0733
2.39983
3.91321
9.62223
8.75817
4.7616
10.6199
9.6446
7.42674
12.2273
8.95148
5.46788
22.8029
12.576
3.54771
11.1095
11.8839
0
4.01255
8.24372
0.31502
11.4783
16.3206
0
16.2208
14.7203
16.2217
0
0
21.1722
11.8222
12.2977
16.6266
3.34371
23.442
10.144
2.82571
18.21
26.6912
16.699
6.49037
18.9915
14.0722
19.5787
19.7424
22.4426
16.4593
16.7162
13.8917
30.5755
28.0977
0.712668
20.0728
16.0552
10.7266
5.16862
17.1764
25.8607
50.1736
25.5624
0
33.4194
34.1592
20.5655
0.0225747
10.1575
6.85116
20.9114
10.7767
19.1074
9.26807
16.5378
1.80504
0
1.90806
0.458143
11.1831
1.471
14.8528
9.46194
30.0367
11.3247
12.1293
0.285221
15.2456
0
7.80843
10.2391
8.38025
7.40046
17.2687
43.6525
41.5178
13.1876
15.0697
14.9267
31.5195
25.9083
0.312919
14.2765
6.85376
28.072
0
15.8559
16.134
18.7687
9.95844
3.63684
24.5297
16.036
2.69335
9.50784
9.31067
10.489
14.24
15.7516
6.36054e-06
4.12641
2.19779
7.789
0.365139
7.47723
0.938944
4.49816
3.04742
20.1897
0.423623
17.0526
8.36761
8.60127
18.8084
2.94927
7.08201
27.1498
0
0.376857
2.40406
8.78685
0
13.8398
10.8008
11.0725
8.36547
12.9245
15.5296
12.3721
10.5834
9.53185
11.9461
8.88579
11.9139
7.35658
18.6973
4.19789
18.4039
35.0163
0
17.3775
17.8719
50.353
6.06797
1.16218
31.6411
3.64278
1.26651
0.481447
17.8458
26.1518
14.6686
28.8473
9.55201
8.31224
13.8094
7.44607
10.7529
11.5954
21.7513
19.1446
1.2563
18.603
15.6355
10.2321
25.6948
51.6969
14.7673
10.077
35.5228
17.0031
21.6066
0.0400361
20.4619
3.59046
10.0868
5.98829
8.93218
0
3.07881
5.46397
23.769
16.148
17.1643
1.11638
1.4735
0.0204317
7.49584
14.8737
5.34809
6.0038
10.8574
1.22218
16.4016
2.31292
18.3452
5.38169
2.57542
16.1576
11.4161
1.72329
15.5433
7.07813
22.1848
0
12.3272
0.790086
11.901
3.57787
0.842279
3.44558
1.24969
0.0845717
16.3304
1.95135
9.48142
0.717283
10.0238
4.21449
1.24422
14.6899
0.0186601
1.27499
0
0
0
12.0541
5.69901
13.7499
17.4624
18.0487
14.7503
9.94815
0.834084
2.27169
5.7495
11.0763
9.82962
6.09914e-06
10.0283
14.6718
3.03294
11.1705
1.31738
4.36415
7.37585
0.273874
4.36245
1.01924e-05
2.21523
6.00268
0.677541
0.00314324
0
0.0942616
0.0149839
11.1436
17.2902
17.775
0
1.20742
10.3026
12.4197
18.281
6.59468
5.24113
5.66034
10.0715
19.1441
30.7391
7.68512
0.0172696
14.5668
10.6218
12.2207
14.084
0.00167866
8.2268
12.8575
12.7306
7.11446
9.75263
7.59046
162.602
7.5603
15.4297
7.27448
178.824
9.62613
8.98966
18.4866
7.76991
15.4753
5.4808
10.9495
6.51595
7.11344
12.1618
6.26691
9.45328
8.97472
21.4167
9.10759
8.1399
0.00894541
0.000206537
9.33096
15.7666
1.15252
0
0
0.0405526
8.97
0.0320858
0
0.665445
0.855629
3.7115
5.2773e-07
0
8.73166
0
3.96876
13.7992
1.10251e-06
0
2.58096
3.42549
7.47863
0
1.28449
2.21033
0.0121889
1.06856
1.92194
1.69535
0.0196199
0.869584
39.6309
2.35188
7.25634e-05
0.000921
0.106702
0
0
0
0
8.62427
4.92565
13.3993
1.47946
7.1676
0.117588
12.8291
2.40739
4.29828
4.39601
4.83386
5.10139
20.1299
0.526781
0.596415
2.93525
5.66679
8.07834
0.683137
1.54236
9.33613
21.8953
29.6643
13.2624
10.0156
0.217389
5.18628
0
1.6051
9.42923
10.9267
7.17387
6.75924
5.19278
6.0519
16.0659
0
14.9927
8.43311
7.5919
18.7916
23.3566
9.67617
14.9439
6.9194
4.87188
11.2092
23.3917
32.7676
21.0327
8.89141
6.84074
0.233008
11.6946
3.84027
0.776567
0
0
3.59359
1.40358
3.49249
2.31658
0.5177
19.5906
27.6552
8.56445
1.52571
4.61555
2.98321
7.12369
4.32064
7.57657
0
0.00264956
3.3005
4.5547
78.6179
4.61953
37.8002
13.5999
6.94601
13.7392
0.223682
0.000117244
1.47399
13.7496
19.0645
2.68084
2.91267
0.265723
15.5042
3.08334
2.76455
4.73793
3.5135
1.92185
1.51772
10.6822
22.4052
3.5461
0.249085
4.05384
7.02873
5.642e-07
0.150943
0.950358
0.223279
0.00794704
9.34664e-05
18.062
0.924996
3.06659
0
0.0183787
0.0413346
9.04023
0.007756
12.0899
3.38723
0
15.7085
0.141181
0.0747511
1.03637
5.69549
0.797107
1.31432
3.24357e-05
4.44734e-06
2.71292e-08
0
2.81868e-07
0.0905313
1.27448
3.87665
2.51256
6.41499
4.46513
0.10204
2.17549
3.08362
6.7975
0.700562
6.12995
18.3509
6.82413
2.37249
7.07221
10.4891
9.72274
3.197
15.484
2.35313
0.535112
1.01568
4.05898
15.6221
16.5388
6.1093
4.85954
10.2866
11.7942
0.344368
4.2733
13.4837
0
2.366e-08
0.00889935
0
3.73268e-05
0
0.720739
0.165335
0.25169
0.608832
0.164671
4.76928
0.0463033
5.97012
0.332591
4.82471
0
15.0234
3.39897
3.44599
12.3454
20.5273
27.3803
15.5673
1.08763
6.91669
13.9587
17.4585
1.94501
12.025
9.15993
0.946965
3.68539
14.1562
1.15815
13.5058
7.31031
10.1417
13.0156
4.94049
1.79355
15.4186
0
2.3127
0
10.4362
2.96609
0
16.2846
19.8433
0
16.098
8.2092
9.63486
15.2559
2.6282
10.9452
11.8835
24.7999
13.546
14.6591
13.8636
11.2419
7.81454
10.9917
6.67355
1.2715
1.39636
10.2123
1.95288
1.43774
1.75221
0.865725
0.100152
0.871718
1.40436
0.398775
1.99797
0.981231
0.017193
0.91452
0.0984493
7.21287
0.00534871
1.12006
1.46923
2.1788
1.44765
1.45776
1.03051
2.19292
1.90635
0.165041
1.577
0.907798
0.0781503
0.942056
0.852537
0.00930566
1.32688
12.0274
0.115837
15.7998
6.55994
3.70943
4.5237
3.55882
0
0.0909898
0.000524508
8.86639
2.09839e-07
4.49529
8.23831
13.9803
0.784374
5.00605
14.8864
17.1253
14.1244
7.11278
6.53586
36.4002
7.12971e-07
18.4375
19.8367
1.12664
1.08435
14.3406
0
7.06947
13.0114
0
3.71475
0.15504
13.358
7.60118e-05
0
0
0
13.1804
2.7367e-06
0.0646406
0.00018229
0
4.613
36.1335
10.4491
7.61156
0.000766615
22.5989
10.6631
4.58258
25.6432
15.283
18.1425
4.44875
0
0
13.461
12.9927
0.358672
3.46855e-06
3.7786e-05
1.49606
0.00389305
13.8676
0.00625852
4.20521
27.0552
0.362268
0.0133275
0.953398
0.159508
3.02777
13.9932
8.82731e-05
0.010662
0
0
2.84569e-06
0.542012
16.1318
0.244617
0.387889
7.82806
0.496717
0
2.15542
0
0
0.000232688
13.4669
20.616
0
0
0
0
13.8826
0
0
0
5.57364
0
0
0
0.302088
1.10219e-05
0.60397
0.0030383
0
0.172085
0.000204778
9.01714
0
0
16.5813
0
0
8.49857e-06
0
0
0.0640138
0.0496522
1.69133
0.0322665
0
0
0
0
17.0339
0
0.936884
0.438592
0
0
0.103341
6.66884
0
1.09339
0
0.171079
2.86023
14.0836
5.30115
0.726236
1.66051
0
0.567044
9.98776
13.4985
1.03599
0.722156
2.04852
0.506321
15.1697
0.666542
0.00016722
2.16349e-07
3.27696
0.0403083
0
3.97025
2.76727e-05
0.101507
3.64039
4.46618
1.80777
6.42945
0.0591055
13.2798
1.92269
2.9637
10.9637
0
5.91299
12.3084
1.26141
0.99881
0.0569533
13.7515
1.49191e-05
0.13331
0.0143958
1.19345
33.0586
1.32725
0
6.63276
0
0.663371
5.73393
6.07517
0
5.75874
15.3702
0
1.15886e-05
3.30024
1.91957
0.739038
0.0254338
0.00353681
1.8702
0.130827
0.511642
13.2744
2.81914
0.890334
14.6224
3.6204
8.81071e-08
0
0.114116
0.0439685
2.70285
22.5994
1.36813
1.2822
1.75374
2.46148
23.3521
9.57757
8.79223
0
13.5945
17.348
4.49366
17.5538
0.928642
1.99163
21.9229
1.73712
26.1322
2.86139
1.67305
17.9474
0.150331
0.000122434
0
1.78499e-05
13.4702
0.00513424
0.0132147
6.96518
22.6574
0.370433
14.0519
11.3605
5.84573
6.99364
3.28778e-06
5.73419
17.1521
0.903046
0.822214
18.435
5.23316
2.05944
2.13283
25.2153
17.0555
11.6678
9.86474
20.6694
4.47645
8.75582
16.4519
0.830787
19.471
0.100405
9.42677
31.4203
11.5812
8.87987
2.28743
1.64684
0.726731
0.044063
0.671882
1.0831
0.329226
2.75067e-07
0.00165115
2.69757
5.51882
1.16093
6.99853
0.010361
2.68958
4.52891
0.511441
0.0192451
1.53155
17.3119
0.604207
0.478341
6.67044e-07
14.8596
0
3.30656
14.238
2.51387
14.4349
12.5626
15.7074
4.55333e-06
1.88508
0
0
31.2295
0
0.803538
21.7782
6.3839
0.582978
27.1144
4.54692
0.187097
0.031871
1.09122
17.2706
9.82506
0.680262
13.1543
2.5816
1.27339
26.8681
6.74129
3.1532
9.69144
6.87779
9.76205
6.5115
11.2531
11.6514
4.24567
7.81451
4.47926
3.53569
1.72829
10.471
0.988212
4.16741
17.7416
0.18933
7.15402
8.55219
18.6784
6.00925
0.98668
1.04533
0.000117678
0.0185979
0.661489
0.672339
0.0410152
0.997738
0.936261
0.284536
0.0819493
0
11.3511
6.71775
0.04729
35.5364
11.8097
5.60325
6.03491
8.27863
14.9998
2.23861
11.3102
3.76384
2.40214
7.1556
5.46559
16.7028
9.94111
4.59372
1.13614
8.69093
13.1228
33.9648
9.90693
5.99083
13.9103
10.885
6.64853
1.41597
0
1.69264
0.000594287
0.00245498
0.532748
0.00662295
22.7673
1.65999
0
6.39383
9.12592
18.1756
5.6696
6.51369
2.84935
0
0
0.922378
2.67055e-07
0.0107853
12.74
0
0.000763298
0
41.6899
21.7903
5.77512
1.46645
2.78969
4.86942
1.10939
0.0237622
0.592984
0.0882076
3.92897e-07
1.78332
0.160856
3.63929
2.13071
0.668575
8.96041
0.0821773
2.14943
1.79083
4.72876
1.46332
4.79018
2.68503
3.71123
6.33257
0.357703
0.885161
0.0163943
1.43797
6.59402
0.0411325
0.380631
0
21.1703
2.03647
0.0457452
9.92514
0.0752116
17.2465
0.000347775
2.46839e-06
28.6674
