5.1641
2.73181
3.61084
0.930066
2.68235
6.5321
0
11.0153
0.608215
8.27503
20.9969
0.738208
3.46907e-06
2.30926
3.32669
0
3.73845
22.2591
20.7302
17.2838
8.2128
2.57351
0
0
8.03512
8.2959
6.52284
4.01896
55.1059
0.000454787
0.0380905
3.14646
1.10438
3.2809
0.157351
0
1.33343
30.9075
19.2942
19.1278
15.3572
12.2687
2.04763
8.92327
1.22655
10.7698
0.660143
0
3.259e-06
0
0
0
14.3181
5.02664
1.00821
0.0463305
14.7002
0.304843
4.68717e-06
0.418045
0.795803
0
3.77221
4.96312
3.14111
0.306324
2.16855
1.47847
2.43015
0.287486
12.0219
0
0
0
0.790331
0.695972
7.44881
1.06048
0
0.425472
0.607878
2.05104
0.243762
0
24.7823
2.76746
13.7224
22.0343
10.7694
14.7015
11.1861
16.1812
6.55469
13.8797
32.0754
10.6682
14.1834
15.2843
1.7917
0.189246
2.87579
3.07337
14.2534
14.8934
10.0067
6.09454
15.9535
8.75936
6.03556
11.2083
12.0575
8.27205
8.02457
14.1128
9.81083
8.74479
3.66541
0.940194
4.78975
2.08413
2.79607
2.3315
3.36271
4.96113
0
1.04074
4.56161
0.136636
0
0.0409025
8.797
0.625154
5.58538e-09
24.1227
6.21801e-08
6.51598
21.767
2.49956
0.0491686
4.80626
0.0874734
0.0987027
1.79962
1.55864
2.23741
0.00258875
0
0
29.3402
67.0316
1.79017
0.876485
0
0.00324782
3.96151
1.03801
2.64127
3.96918
5.32383
0.72371
25.6686
6.81803
19.8354
19.9868
0.623925
1.95675
10.5436
2.45148
1.86931
7.39012
11.034
2.84028
4.565
2.37463
1.72039
0.166213
0.967024
0
0
0
0
12.0884
0.0139426
0
13.4215
13.797
10.2034
10.9372
9.14304
18.7854
29.2902
20.0027
16.2146
11.1381
1.04216
0
6.68989
8.87495
15.2009
11.181
34.8627
77.8615
9.99129
46.0153
24.7335
3.97889
28.0794
10.8262
60.8291
8.26232
30.1513
18.0503
0.61512
14.5206
15.6884
21.892
1.10947
29.0144
18.388
5.16178
0.0241268
2.25722
13.3206
2.50906
19.9214
11.498
41.3087
36.3645
35.9824
0.000231687
0.599859
2.3471
9.16458
0.962222
2.85355
1.33338
2.75182
0.918135
0.966854
1.072
3.0687
2.1033
2.09903
0.186289
1.67465
0.00951946
0.248094
0.00987635
0.847894
0
0
3.08458
0.576416
0.520473
0.00199746
0.304724
0.0045598
0.0920999
0
0
0
6.49871e-06
0
0
0
0.000289209
1.51068e-05
0
0
0
2.99538
0.253485
27.329
0.741149
0.0394888
0.261483
0.269728
8.13265e-06
9.32512
0.828604
19.3192
0.560942
2.39406
0.0781389
1.24124
0.464771
1.08869
0
0
1.47892
0.000621281
0.296495
29.085
0.202062
0.0389998
0.797235
8.24168e-06
14.0169
9.21608
18.02
15.2087
2.89142
4.56865
5.47252
1.87841
6.29642
3.33053
2.10575
0.177915
0.40633
0.162102
0.697068
3.00938
2.98563
10.9024
13.27
36.9558
16.5277
5.5826
6.20144
0
2.90671
2.44485
2.34589
7.58579
7.36671
1.46498
0.637713
1.41891
0.815854
0.0870277
3.07877
0
1.2476
3.26382
6.56124
7.76435
1.61107
9.5906
0.954502
13.5453
2.12728
5.78095
0.124299
8.41683e-07
0.53129
0
1.8384
1.40998
1.55713
0.00628095
0
22.7986
2.76359
0
0
8.53578
18.6261
0.357487
0.316418
5.19663
3.52412
0
1.85363
0.0245589
0
0
0
1.8263
2.91952
2.37378
0.0607923
5.88131
7.84143
5.1855
7.08797
0
10.7698
12.6335
9.63647
11.0755
11.8869
0.443596
3.98873
8.72944
2.91696
17.428
14.9506
11.7512
11.1624
29.6066
33.0364
33.2148
3.85706
16.2594
26.1108
12.5422
8.96471
6.0786
8.34088
4.77143
12.1119
9.53453
11.1872
11.9355
6.33888
5.60451
6.93697
6.25279
6.30784
6.93764
21.8456
7.07329
6.40246
3.76031
14.6063
31.9517
9.32202
11.8168
0.783852
1.05371
24.0875
22.6043
27.0127
25.3276
32.8849
6.66399
45.2196
22.3193
17.9582
28.2713
35.2171
36.7116
29.3937
13.8517
11.3702
17.533
0.422825
18.9423
29.6082
35.84
13.3175
10.3902
9.99518
12.1109
0.0218184
3.4601
0
7.00294
3.58703
20.2506
0.893924
3.33102
21.9826
30.7971
10.8528
21.8212
18.491
5.92183
13.6049
10.3315
1.45859
0.112806
1.97726e-06
6.28017
1.99113
45.3244
2.524
0.386339
2.61645
0.293383
0.818475
1.31612
0.000110046
0.886193
0.239758
2.59426
3.42828
0.450834
5.16219
20.3099
5.78721
1.86661
11.5875
8.01522
7.32853
5.76462
28.7934
1.20428
29.4142
22.2846
17.6401
17.4807
6.12607
2.13907
8.51664
0
0
0.892001
0
20.6597
29.8239
8.03088
7.12069
12.1421
6.89588
9.72524
4.83155
0
3.46476
3.42058
1.0557
0.129329
5.17236
9.06067
5.24536
8.34091
10.2743
9.70994
0.309304
1.21466
35.2922
5.90977
0
0
5.27605
0.00646988
10.3919
0
0.389281
0
0.57179
1.77941
3.87183
1.00621
2.62166
0.0089337
0.510836
0.855209
21.5138
1.4857
0.00240313
2.60644
0.0254642
0.162509
7.89443
25.532
18.3543
26.191
17.3859
14.8298
13.6578
0
21.823
0.16836
17.8653
8.27683
3.93945
8.80402
4.60978
2.6561
0.0621794
0
15.2883
0
0
9.92947
0
3.59131
7.38062
3.87105
21.2378
4.21354
0.564449
1.28839
9.97436
24.2638
16.3933
35.9826
10.3736
5.0926
5.55765
0.314442
14.3874
8.98672
1.32376
4.03288
0.107836
6.19977
0.833047
1.00353
2.0955e-06
0.0168409
0
0.588033
2.72929
8.86595
1.26685
1.86756
4.06724
4.56781
7.35448
4.52784
0.0169705
1.10348
7.80862
0
0.495852
0.0387131
1.22384
0.650901
0.00406751
3.94698
17.2459
28.0318
0
1.57241
0.929113
11.5492
0.852122
5.99517
3.76882
3.54649
5.40171
0.725663
0
0.117636
14.5926
0.630378
1.30747e-05
0.203791
0.00616091
1.06895e-05
0.662597
9.20049
0.950255
10.5355
26.3347
3.25425
1.49417
5.29357
2.5763
21.3014
19.9591
0
0
0
0.718076
31.5312
38.337
0.831163
16.0077
0
11.9091
36.291
12.8002
12.1277
0.070808
0.967098
0.517882
0
0
1.30244
2.43837
0
8.2244
10.998
2.15653
2.55212
12.3313
0.536964
42.9061
4.1726
31.0116
16.3649
0.0369363
9.45434
1.22273
6.44621
14.4105
1.98241
5.0451e-05
9.73122
15.092
0.082705
4.89608
0.0376349
0.0769226
8.61296
17.7383
8.59748
18.729
13.4171
16.8773
13.0601
1.19995
3.18155
0
0.847364
0.582384
0
0.115469
0
0.342007
0
28.9917
2.35082
1.67825
1.0017
0
4.99025
9.69248
0.0237689
3.41372
0.802308
10.8731
2.17904
20.0283
5.66384
23.7682
20.9421
2.9695
7.39263
10.2243
7.37948
0
2.38749
9.58078
2.28906
0.057422
19.1211
0.35702
38.5191
63.6002
7.06378
38.6381
38.4212
20.0554
3.57134
6.72923e-06
0
12.6731
32.2106
0.480657
2.71799
0.775199
0.828219
15.7227
1.50145
0
0
0.0278475
3.70258e-06
0.959285
15.0204
18.0222
4.52165
4.74119
0
0
1.02339
6.16528
18.6101
0.00152407
0.926264
37.9124
1.01737
25.9418
0.0483394
22.6178
14.7417
16.1705
15.6076
9.11887e-05
1.87975
1.6676
0.0626839
0
0
0
0
0.785442
0
0
0
7.12177
18.3257
1.30657
12.6477
5.88936
1.90311
5.90097
3.36013
2.3939
2.40619
0
1.42638
1.34227
4.35016
1.28401
41.771
3.15136
12.3972
0.54273
0
15.4913
0.00103504
13.2024
0
0.0118785
0.176553
20.468
8.88747
6.69654
34.421
3.70833
13.6406
0.656351
0
0.305458
18.9166
1.3745
0.812725
0.236493
0
0
4.49514
10.4235
1.89299
1.59948
0.39715
11.9422
4.1647
2.18682
8.3542
4.42002
22.7285
0
0.0158651
5.00422
15.2405
16.4013
5.30676
0.0558189
0
0
4.66365
8.345
16.6176
10.1015
3.82238e-08
5.68458
9.99597
8.21329
0.246774
17.8291
3.66225
0.000564488
12.9226
5.77017e-06
0.173008
9.7051
0.0579587
0
0
9.36723
0
0.294861
0.785063
5.63703
2.29128
0.289081
1.71816e-08
12.5176
0.428235
19.1426
0
11.6906
0
2.99038e-05
0.515136
9.70102e-08
17.6188
0
3.42687
6.50736
7.10501
13.2042
20.0826
0.00645758
16.2651
15.326
1.75794
5.03397
2.82968
13.4103
2.5327
9.36132
17.4125
8.34056
5.65019
9.22294
12.7176
11.2306
7.33535
11.1966
0.0334832
6.58172
2.89562
3.01124
17.3072
0.251204
5.79886
2.38269
9.10461
7.16334
2.61054
7.83838
0.164309
0.047039
0.107717
0.813014
0.658835
5.76555
6.04594
27.9002
26.1219
0.706967
0.727358
1.74718e-05
14.932
10.8697
0
11.5577
4.30357
7.68876
0
0
0
5.17453
0.865717
23.8426
3.79899
0
0
27.9172
0
0
3.7494
2.55832
2.66702
0
9.31133
6.51482
1.37393
4.32603
1.71884
3.74705
0
1.05356
2.06496
5.31812e-05
0.0181635
1.76723
2.16065
25.0015
51.7494
11.0246
6.26079e-05
0.0353506
0.00644835
1.35703e-06
22.2808
13.8146
12.7447
10.6077
1.84172
18.6632
8.72733
5.38437e-08
0.466324
3.22677
1.34589
3.52557
0.00219757
5.64906
6.86259e-06
0.000168409
16.5148
0
13.8271
6.33632
0.488569
0
0.622422
0
0
8.77993
18.3516
2.53329
6.23759
18.7821
0.00673269
0.368429
0
0
0.668375
1.23242
0.677003
0.000451569
0
0
0.314123
0
0
20.2511
2.90232
1.1806
11.8989
1.37848
0
0
6.58959
16.2485
4.47679
1.99346
1.11227
0.626916
0.866363
17.5129
0
0
16.4181
2.64771
2.39175
0
21.1932
3.3054
0.278746
9.22008
0
10.1725
0
0
0.538755
20.6706
0
20.1712
1.01526
1.09535
0
13.3509
5.74422
5.39914
12.6242
5.97871
3.3254
31.2005
2.77835
0.0877608
0
0.000802222
12.3589
9.21191
5.52488
6.5529
0.276398
0.0457746
0
23.3418
24.5553
36.9693
23.5222
20.1097
17.0934
20.6847
22.1657
11.7667
17.1837
3.03567
9.66834
27.8429
22.0296
0.652791
0
13.3747
9.73086
4.07361
5.02119
3.54386
0
13.2694
12.7369
8.67324
0.7016
37.5769
22.5779
16.1956
12.0998
12.5095
4.23955
8.98391
8.4505
20.1404
0.0280856
0
0.178788
32.5993
32.9512
19.7856
17.8163
35.3101
51.5355
47.1556
29.8561
29.1451
62.355
55.4181
25.1649
9.83216
6.24456
0.194462
0
0
0.744821
6.18404
0
1.17374
1.89845
5.98587
0.056676
0.00580832
11.0817
14.474
2.9126
3.65986
4.78468
7.38031
5.30359
1.15366
4.8033
7.21866
16.7215
11.726
0
21.9917
27.064
19.0685
16.583
9.60051
15.1796
0.00523282
0.00160049
0.563323
20.1925
10.5251
1.20338
2.2742
29.291
0.632914
0.833113
0.00131729
0
0.00534537
41.5579
0.000896825
24.5808
0.000825631
51.7894
57.7302
0.949459
0
0.796075
43.5291
52.9911
12.4633
12.0824
2.73898
0.00264307
42.6029
28.9338
3.82856
0.241144
9.21708
35.7438
42.1808
0
7.66757
47.4964
4.11072
25.3622
0.0570159
0
25.2517
0.000120553
0.000130347
0.590602
1.29395e-06
0
37.062
0
3.36351
10.3097
21.2632
15.9884
17.624
4.84788
22.9833
0.0615285
26.5235
0
20.5155
24.4638
0.361837
19.4681
11.8854
14.0246
0.1506
5.29758
1.30631
21.4544
14.7047
2.97504
14.6422
0.0566578
21.9516
12.2791
12.7946
0.526344
22.4927
9.03125
35.7681
21.1812
0.00544365
0.463991
0.070435
19.6354
1.94866e-05
19.0292
0
0
0
0
24.4039
0.794325
0.436213
0.941397
36.5799
0
27.3808
27.9708
0.924368
17.4517
1.24383
22.542
3.10897
25.1349
0
0
0
0.170973
0
0
0.962538
0
8.85246
4.08535
1.27921
29.7725
28.2961
5.03016
22.4021
23.0879
1.73879
25.4903
22.7013
26.0385
22.6986
22.4917
20.7267
20.7846
0
21.9143
32.9972
35.8943
19.3539
30.0185
7.2247
27.4437
13.1133
0.85616
20.4143
0.00231833
0.0476663
21.2848
0
2.40155
0.45493
0.0547803
0
0
0
0.0524976
10.0946
4.71638
3.8827e-05
0
6.91309e-07
0.000863574
0
0
0.0942737
1.57616
0.956694
43.3156
1.44823
42.9876
8.99639
0.421013
0.438819
7.61501
41.8908
0.331384
0
31.1662
10.1512
21.5086
35.1941
0.251096
0.420868
0
0.0891921
17.7264
48.6571
0.533195
1.67485
1.13945
0.973185
25.9091
6.51492
26.9059
10.1617
0.676342
1.22417
1.89835
1.34905
0.0305568
0
7.8393
0.0251272
0
0.186214
11.0201
50.9018
3.9525
6.48186
21.372
2.30589
14.6043
18.1436
3.9048
11.2237
7.97057e-08
2.86127
0.139795
2.96208
3.65892
2.62121
9.58483
0.206925
6.02093
0.792222
0
0
7.22821
0
0
0.284969
2.47042e-07
18.1106
11.7876
1.19063
15.1976
0.738566
11.986
0.000167259
0.848154
0.463859
0.323459
0.00282845
0.608218
37.4851
30.6212
40.4002
38.5769
16.2158
8.82207
0.836341
3.90303
10.91
0
19.1865
0.923272
1.7535
0.0237697
3.66419
7.23398
0
1.81111
0.237495
1.00486
4.22496
7.3557
6.58647
18.5778
8.51415
0.101526
0
0
0
3.03264
6.8494
0.00145559
0.208134
7.33962
8.31639
5.56114
0.137256
2.1557
0.221257
5.9953
1.96391
0.124865
9.17714
0.0595423
24.8871
0.158933
0.934828
29.1591
18.0445
0.642995
0
12.4984
26.0507
3.32179
15.9828
5.19788
4.60851
2.38744
4.42365
0.0145951
4.29293
2.33336
18.8757
17.1957
8.70007
2.90246
8.08068
10.0143
9.1958
8.61727
3.47167
0.000180955
8.68984e-05
0
4.34776
2.04751
0.0375285
3.95682
0.0775047
23.3179
0
0.0827098
2.45898
1.52146
0.483572
5.10676
1.374
0.333992
20.243
12.1358
2.75882
6.69172
8.10887
0.957722
0.00836724
52.0663
11.6215
8.81081
5.27364
0
0
14.289
9.68009
0.801646
0
10.1503
0
0
0.889946
0.979735
0.0567865
0.138303
0
5.32433
0.723751
2.16834
6.32627e-06
70.5011
1.69593
0
0.593217
9.59332
0.178619
0.960442
52.8547
0.00251255
9.27413
32.9275
2.34592
0
81.3555
2.05668
0.0321783
3.25916
0.00418675
1.40646
0
0
0.962953
16.4407
1.62679
3.61485
1.15668e-06
0.000296611
0.361503
15.9396
0.979875
1.14492e-05
0
0.21979
1.61572
0.990544
0.315205
12.4597
0
5.58301
0.712198
0.092996
12.4265
0.270636
0.0225279
3.42946
3.74761
1.4945
3.4756e-08
10.1111
4.22278
1.05694
48.6542
28.568
9.24727
0.0104539
0.312612
0.0658405
1.57453
0
1.953
0.761794
0.988787
0.261396
21.1683
17.7095
0.263758
1.29972
0.841077
0
0
0.0156735
7.76122
0.278705
0.900643
0.852311
2.04108
0.545376
0.337835
0.828189
1.1742e-06
0.135152
0.000420304
0
0.737916
0.00322072
1.14967e-06
1.09386e-05
0
5.3761e-05
4.78272e-07
0
0
0
0
0.138242
26.551
3.13514e-06
3.44014
12.6739
0.00347456
0
29.3481
3.74727
8.34571
0
0.00535023
1.88922
0
0.0552707
0.000711569
0
0
0.0422771
0.00038684
0.000870105
0.563132
2.51769
0
1.10135
21.7131
0.736908
0
18.3907
0
0
0
1.46348e-07
6.91073
0
1.48345e-07
1.15719
1.41996
0
0.754604
2.74566
0.00958883
0.256994
7.17622
0.0166461
1.82279
0
0.527776
0
0.965276
0
8.43302
2.9001e-05
7.99385
3.41414e-05
5.00851
0.000264069
0.852984
0.00010093
0.0434587
0
0.0477578
0
19.8076
0.381343
14.3166
0.377325
10.1963
22.4157
0
14.9105
15.9622
16.4665
2.47403
0
1.73488
0.0831845
46.5201
0
0
2.81555
0
0
26.3513
20.6522
0
0
14.2341
3.35527
2.80916
6.8191
5.11035
13.0818
14.9049
26.1689
0
4.02552
7.47947
0
16.1026
16.7511
24.4672
7.93836
10.2944
10.5501
7.29176
14.5154
3.55001
10.6557
7.9959
3.98698
5.9849
0.140925
4.38288
1.26548
0.339342
0.283458
0
0
5.59187
7.06522
5.71681
0
0.203889
0
0.771253
0.42834
3.83187
3.8838
2.67411
0.451389
0.271657
5.89651
6.90861
4.76607
12.4811
0.00172307
0.00846052
4.77786
4.62316
2.42187
0.0124786
0
0
11.9309
0
0
0
0
0.783875
0.925753
0
0
1.89181e-07
0.432359
0.340759
0
0.000925125
0.24258
0.586373
0
0
0
0
0
0
8.5973e-06
1.12952
1.16219
0.0759715
0
0
5.25182
0
0
0
0
0
21.9622
0
4.22544
0
0
0
31.2559
0
0
0.0135865
0.0678856
0.00534587
23.5546
0.948445
0.394094
0.820899
0
0
2.8856
1.52213
8.20606
0.0243603
1.56152
0.21053
6.15766
10.7287
0.0680523
6.84148
7.13352
9.23817
5.71684
6.76873
6.5162
5.54512
14.2482
8.43739
6.43288
9.6558
2.75847
1.43207
12.6306
9.28538
9.72407
11.1017
14.1388
6.8052
7.50162
7.27593
10.9468
16.3821
6.06259
10.2799
13.3221
15.7015
26.2736
20.5672
0
17.6991
0
10.129
16.7214
11.5541
13.5617
10.7067
17.0578
10.0958
9.83104
1.3487
13.0127
11.9598
8.06211
7.00656
10.7859
14.7459
26.6112
10.7297
6.70667
9.10797
2.86009
6.23466
0
9.66452
8.45615
3.85948
0
7.60318
12.6153
0.10523
2.3535
1.20855
0
0.429388
2.11704
1.94477
1.59285
8.77932
2.99112
0.553305
0.530229
0.716486
0.80392
0.0255932
13.5035
1.5135
0
1.01321
13.2642
0
0.498387
0.950939
5.27098
1.00929
0
0.376564
0
1.11482
0
4.22852
3.01034
0.536914
0.393355
3.24031
11.5818
2.15437
25.2915
2.97644
2.52113
18.2232
7.37712
11.9463
19.053
17.4047
10.7101
28.7987
20.2695
11.6693
0
13.0499
11.616
7.03226
0.0678103
22.3121
0.00211449
14.1029
1.86407
8.68889e-07
3.93912
3.95089
11.1808
0.529909
13.076
0
0
3.52327
4.10348
1.0374
0.00445599
1.35102
0.538275
1.36603
2.51609
1.19984
0
3.54498
23.3938
0.889008
0
0
0
0
0
0
0.000278093
13.1851
0
4.07761e-06
2.39006
0
14.9324
27.5922
0.59473
0.390369
8.33091
3.7667
0
6.45539
0.730568
4.67495
0.506999
2.48598e-05
1.57728
0.187959
1.63322e-06
35.3229
0.212518
12.4412
0
2.20547
0
0.00922062
0.8979
34.1722
0.313225
0.000247659
0
10.6852
0.91578
11.2176
31.8461
46.3073
23.2406
16.2337
15.0765
0.41203
5.27153
18.1606
6.4256
3.15261
6.98136
0.000432945
0.276369
8.33715
3.20324
5.08952
0.353126
35.2864
0.908076
1.46358
4.93296
32.4721
15.7283
7.86719
4.98426
3.66146
9.26023
6.14677
4.77295
8.72857
0.710408
0.0488372
0.380654
0.0450258
0.208659
0.0228067
5.9031
39.4738
23.1978
18.3047
0.248592
15.5463
11.7625
0.812233
13.1764
4.17743
20.1168
4.18913
3.19713
1.13658
63.4064
23.6139
0.211748
17.8437
23.2938
1.29662
0.00924122
0.0063253
0.0246486
0.787494
0.0670993
0.00474904
0.000191652
3.4647
8.91019
18.8851
0.793524
56.296
0
0
0.900696
0.69367
0.0127649
5.6639e-05
0
0
5.57451
0.966717
0.517788
25.8528
2.96261
8.21121
4.49737
6.3728
0
0
2.51402
13.0694
0
8.0964
1.42113
7.58404
0
54.2271
28.498
0.0053616
4.33348
15.5478
1.11291e-06
0.699029
0.000877889
0.0220325
0.350879
0
35.794
0
53.0005
20.6343
35.2196
0
0
0
0
0
28.9747
10.706
26.7074
0
9.43213
28.1597
19.8729
4.31624
3.82092
8.00809
9.9068
0.0210531
0.186635
0.734824
0.494636
0.0439948
1.2629
0
0
0
0
0
2.86489
0
0
0
0
1.14969
0.341025
0
0
15.1259
0.000189243
0
0
2.58063e-07
0.026488
2.12015
16.3651
0
1.82034
1.63913
0
0
1.73237
0
2.32844
7.55163
8.90326
5.02746
15.4363
1.47665
5.02322
2.53767
8.30089
31.6222
21.6056
3.08342
43.1694
32.0603
50.7991
13.427
16.6551
19.1102
14.2808
8.4059
15.839
16.5114
22.1056
8.10061
8.77805
12.7639
9.07475
6.4104
10.2961
11.321
11.0062
9.92331
5.88184
7.4691
6.9761
10.4394
7.16034
0.846103
1.4995
1.22078
0.110389
0
0
0
0
18.0631
14.3852
0
5.02497
0.901098
3.85113
0
0
7.92365
0
7.53288
6.71531
0.0651342
0
3.06848
14.7996
0.857222
23.628
16.8165
16.5594
23.8813
1.31907
20.3609
0
15.0788
24.7354
8.13328
20.7164
14.9442
13.7168
7.53323
5.61462
4.29642
7.41601
31.5025
14.4279
5.12095
2.79571
12.4404
1.62804
6.2038
17.4728
15.7659
29.0291
5.91717
24.1591
19.4438
19.4779
15.3896
17.3703
16.8322
14.0846
14.6766
11.5328
12.4783
10.5877
20.7617
0
0.00163939
0.0267274
4.98342
7.33455
5.80582
8.59379
9.49865
10.8562
16.7473
14.4541
13.0012
16.0467
1.48759
17.1886
7.11836
10.5065
6.34444
7.4286
6.08857
11.8884
5.41846
8.50858
11.0331
6.27331
10.3711
3.85679
7.36255
1.45578
6.89542
23.6419
9.54625
9.26798
10.4242
13.174
9.37488
10.4858
23.6123
13.0697
9.48271
44.4574
2.70792
1.17075
0
0.886269
0
9.5395
10.3039
8.17132
17.3387
0.470003
12.8276
19.4412
23.9872
24.2859
14.8398
23.997
19.2206
29.7544
0
0
0
30.5928
28.8071
33.9578
1.49203
53.8221
1.52383
6.88686
0
2.65657
0
4.15878
47.9137
0
10.3468
70.8567
40.0191
22.7289
10.6248
0.000133522
26.0474
9.38381
24.5862
14.536
8.2008
16.4273
9.97465
18.3415
25.22
15.0728
15.0018
12.2556
14.9579
19.9261
17.7052
15.4793
12.2468
14.8736
11.9336
23.5466
7.97124
25.3397
8.649
14.7003
18.3393
7.59563
23.0029
19.4216
25.9147
16.8396
0
20.9549
0
8.12403
9.05752
12.2873
15.8076
11.8379
7.7322
20.9787
13.9715
11.5113
9.45002
10.4464
10.6882
7.04712
9.78871
10.8258
5.96796
6.46402
9.52003
7.42773
8.50028
9.08342
9.98885
0
6.2186
5.17335
14.877
5.53164
13.8938
0.95083
2.93352
0.645498
9.33796
8.1932
9.83092
0.0239534
11.2551
16.169
9.78007
22.665
3.81365
9.20991
13.009
26.3368
4.81785
1.99586
0.929016
9.77353
18.1371
3.30514
0.492835
6.53609
2.33647
2.90419
0.128913
0
0.00233342
0.17047
4.8109
0.734045
0.0714183
0.898885
5.69648
0.00769854
4.90762e-07
0
0.51246
7.93834e-06
0
0.768821
1.06513
1.62344
1.21413
0.00613328
0
0
0.390853
0.352554
7.11135
4.53428
0.75574
4.93448
1.05616
21.6719
0.921705
0.103444
3.02306e-07
0
1.98449e-06
0
6.08244
0.107865
5.2664
3.29852
9.60164
0.435462
11.373
0.108729
2.19635e-06
16.9727
0
18.081
9.51805
11.3371
0
29.5241
0.0689683
0.0969801
0.0937007
1.01462
10.148
13.7957
0.0944463
0.841937
25.3598
0.038417
0.0977223
8.03725
0
4.14527
0
2.22355
0
1.8098
5.00971
4.29687
0.773948
10.5531
1.18035
0
6.41326
13.2518
0.446907
7.26243
0.409955
12.7037
10.3191
14.3224
14.316
0
0
0
9.212
12.7013
0
0.00207951
0
0.143071
0
0
0
0
0
0
1.80903
0
0.618901
0
1.77026
0
1.02296
0
0.34411
0.103134
0.600436
0
0
0
0
0
0
0
1.02242e-07
39.859
34.8002
39.1298
14.5543
37.261
3.21617
3.20058
3.62371e-08
9.90021e-08
0
0.414847
8.37978
2.87236
4.5434
1.58487e-05
0.576756
29.2482
39.3413
37.7006
9.20315
10.4456
2.84939
19.9967
18.3331
3.50855
2.47558
4.12771
2.5822
8.75385
9.45793
5.90978
25.7465
10.5461
2.9358
13.997
1.1945
14.5065
1.21295
10.4023
0.370434
19.6021
24.8015
1.06452
0
0.0439575
0.117366
0
2.42467
0
0.388881
0
0
0
20.8602
0
14.3491
0.82873
20.7705
3.8256
4.09776
20.4734
30.3732
16.9342
3.86161
0.035223
20.8548
17.1911
14.353
35.1282
43.6539
29.65
47.2167
0
28.4292
0.227638
22.7115
27.8859
28.6987
8.27114
0.60662
27.025
9.24502
42.7389
6.77001
45.8257
49.4311
15.8091
6.52907
15.0274
16.1331
15.0636
23.7653
5.44044e-06
6.32754
30.534
1.08595
0.488582
45.2199
0.00104146
9.36922
0.427878
1.08839
1.09778
0.260969
6.79291
0.0177333
42.635
45.6947
17.6993
10.5516
10.2497
15.158
7.42489
3.18924
0
0
6.57586
9.56293
15.8463
19.1262
20.2895
19.5126
19.8367
7.76908
24.4093
11.289
6.45474
19.284
0
0
0.00589219
18.8004
0.0149496
9.63543
21.6444
3.22051
0.0179025
0
3.53628e-05
0.0346856
0.00970887
0.551763
0.885317
0
0.0275866
0.990746
18.636
0.0680609
0.619355
9.53933
6.8927
0.715511
26.2451
0.00265624
1.04916
0.801226
4.27988
0.804026
0
2.35868
0.270668
0.011089
0
0
0
0
0
0
0.069004
0.0794499
6.01587e-05
0
0
0.730635
0.767735
0.04815
3.1981
9.06455
8.55515
6.09343
0.00313974
1.52341
6.5922
0.0748159
0
0.00185713
0.37951
16.1498
0
38.3108
9.80762
31.457
7.36787
11.717
3.59295
11.7221
0.748724
5.0645
12.4082
2.20248
16.6941
11.3276
0.833666
6.37169e-07
4.73034
0
6.09444
6.5834
32.0438
7.99045
22.9268
18.8757
0.895155
26.2737
9.40321
11.6274
10.2771
0.741907
15.4754
0.0134709
27.4631
6.8068
0.401549
10.4009
8.86874
9.29945
1.6703
0
2.94394
0.668394
1.41576
1.11308
4.93381
0.00013845
2.24604
1.68127
37.7709
23.1614
19.6259
23.6108
13.269
8.13434
12.2463
28.1165
23.283
21.5493
10.4783
11.4185
24.6388
0.00172519
4.46421
9.25356
11.4862
15.135
9.65306
9.01009
4.90757
5.39021
16.8003
12.7403
6.80156
8.41844
9.94487
5.10215
7.56986
25.4659
10.45
7.97929
12.42
5.79354e-05
5.86481
7.5927
2.98182
7.5992
7.07371
0
6.13301
9.10904
16.2296
0.859622
0
16.0503
14.4011
17.1129
16.9946
5.91957
15.286
18.3163
2.38078
20.3832
13.4111
15.3245
2.93349
14.8043
26.7996
42.6185
11.533
33.9232
22.4697
27.7676
22.9015
46.5066
27.2357
0.570199
31.3286
26.1442
26.5168
14.0597
27.4974
19.5662
42.455
30.418
0
44.9456
24.5733
32.3947
0
10.9805
30.1103
23.4287
33.4596
12.1925
26.4838
20.956
0.974311
0
2.46448
1.24303
39.7428
0.860896
18.7016
33.8763
25.7453
43.4091
31.5104
0.0469627
36.8065
0.00103852
25.1718
30.2418
32.6548
40.579
21.7713
66.1347
53.2981
10.4916
33.6937
24.9706
16.1954
30.1317
0.0459239
13.3038
6.80539
11.5672
0.722556
11.1069
9.1241
10.627
11.0566
5.57017
14.5064
12.4287
0.0128032
8.44457
8.29832
7.35898
15.0425
27.2189
0.00499841
15.1529
7.83006
4.56764
2.49342
3.18888
0.00509932
1.83332
0.130771
14.2464
1.13367
21.1275
25.5208
13.524
18.3728
1.97726
7.39353
20.4352
0
2.80953
11.3542
4.82315
0.00876556
31.4175
7.11787
6.81921
11.635
5.91516
14.9873
17.507
16.811
19.9291
11.8961
8.9469
13.0507
19.0734
8.66599
11.5394
27.693
43.006
0
11.0523
12.342
35.169
3.75713
2.42172
17.8839
8.48027
40.2964
21.8208
20.814
17.471
9.90519
26.0131
17.2157
33.724
6.11486
9.08015
8.75725
36.2813
44.6248
12.4961
1.12271
9.61298
26.7251
18.4608
52.2851
25.4662
10.1141
20.2969
48.7105
10.6026
9.47658
0.671928
12.9933
2.80754
9.13301
10.5148
4.59583
0
7.10839
9.11355
16.9093
12.2108
12.7206
5.38386
3.62757
0.282334
3.10823
22.5713
7.13475
10.0954
14.5513
5.84256
19.2678
4.12451
26.0291
6.68869
0.152303
19.0058
10.8576
5.75623
18.0854
3.25021
9.53452
0
2.97255
0.0350647
6.83697
1.90469
0.0551761
5.04393
0.0808201
1.24711
11.748
1.18575
5.7657
1.03363
4.23414
1.93284
0.00607186
7.55984
1.51549
0.763074
8.64442e-07
0
0
11.4833
10.5583
22.5865
26.1207
16.4262
10.3612
8.09265
3.6468
2.06649
2.28692
10.8477
6.90558
0.0296389
9.03416
13.5593
0.702437
4.76636
0.935882
1.50335
3.12143
0.00523807
6.30289
5.53327
0.601413
18.1641
0.863252
0
9.28723e-07
0.0650476
0.19048
11.4269
13.746
9.32588
0.0872123
4.27123
8.37609
10.1335
14.4284
10.5671
17.2632
12.7219
3.49963
6.60033
35.4925
13.5353
0
11.0371
9.26263
10.9808
7.9893
0.00363443
7.36113
13.1022
11.6329
4.47444
4.45248
7.80682
149.541
9.47797
16.8918
10.423
165.706
6.09923
6.35816
9.25359
9.55685
4.57628
7.3893
5.86158
44.7376
6.69257
8.24199
7.66081
4.75434
3.54253
13.3445
9.32363
4.7889
2.17386
0.00134256
11.6611
12.1298
0.93939
0
0
0.42112
9.59836
0.28705
0
0.0015741
0.957926
0.894458
0.00998019
0
13.3861
0
3.11963
7.39105
0
0
5.28204
3.29176
9.91522
0
1.20852
0.550336
1.21336e-07
0.00914911
0.656061
1.21106
0
1.11693
22.5554
5.0092
0
0
3.42287
0.740338
0.714297
0
0
14.3697
5.36986
10.699
0.0428937
3.5254
1.69335
21.5302
2.57215
10.4143
5.49211
7.67116
8.59815
14.5871
2.8555
2.30799
3.7665
5.37566
4.53508
1.94923
1.31978
9.4716
52.6822
39.1066
25.2627
9.84083
1.01344
2.43133
0
2.74615
5.10206
11.2456
4.37119
3.52184
2.22683
2.22042
43.6715
0.0190036
14.3667
18.5904
23.3896
17.5697
23.8681
8.848
18.8538
22.5652
10.8942
31.6601
14.7138
22.5636
29.609
21.8905
21.4466
1.09199
16.5529
16.9624
1.85009
0
0
1.95668
16.077
0.554377
0
4.1423
19.0571
20.2684
7.65421
4.22623
12.01
4.85156
14.9422
2.80924
4.68177
0.000201676
0
3.36304
10.3533
55.1629
5.72475
33.2865
11.9034
8.13256
11.9241
0.0103869
0.232827
1.94176
16.2137
18.1692
6.81594
7.75002
0
12.9327
7.46427
1.17096
13.6757
1.36558
11.2637
0.832166
43.7585
43.5447
8.80314
0.222357
15.5854
46.1048
0.00431784
1.51844
1.01385
0.0778903
0.000139255
0
18.6914
0.56661
4.50245
0.175293
0.0746163
0.0301789
4.91068
0.0228085
6.08485
1.78752
0
10.1388
4.25316
0.00693174
5.10803e-05
4.4045
5.00765
3.73501
0
0.100771
0.00621621
0.000340257
0.130178
0.0265938
2.12013
0.00204252
1.18981
6.19004
5.81805
0.0900072
0.76923
0.458886
8.44996
7.97679
12.2956
41.6438
10.4939
4.71478
6.31435
18.9827
12.2818
4.81074
9.56011
0.880064
0.965315
7.19254
1.45556
12.1071
7.42958
5.05131
5.24551
4.63138
7.09937
4.37497
6.91343
19.2199
0
0
0
0
0.0183026
0
1.04968
1.06348
0.22615
0.920833
0.0911991
3.47201
7.23597e-07
1.87015
0
2.16011
0.0249258
16.8511
3.81356
3.17891
7.59786
24.6624
24.0248
13.2129
1.18375
6.26413
21.6377
13.3338
1.48602
6.20184
57.5485
0.610218
4.14901
14.6997
2.32697
47.5998
19.4135
23.4968
41.0524
22.8122
8.99465
15.8355
0
4.00734
0.0145811
5.10628
2.5623
0.068392
33.5039
22.0642
0
17.7149
9.19867
8.51582
17.6816
0.844195
15.1618
15.7354
47.8396
17.0167
17.2976
18.6756
4.55857
10.199
13.8212
7.48666
2.26128
3.28899
8.51442
1.08168
1.57201
2.02656
2.13881
2.26746
0.0759009
0
3.0411e-05
1.27545
1.1523
0.51076
0.000408712
0.0787772
5.30723
0.00345874
1.91266e-05
3.26959e-07
0.000208191
0
0.74054
0.821789
1.61337
0.817554
0.00286081
0
0
0.474592
0.262636
3.83711
1.04151
4.28545
3.48261
0.597672
10.5197
4.74749
6.70589
3.15038
3.78229
0
0.338543
1.41294
8.44332
0.186601
0.538681
11.3705
14.6481
0.353469
3.33072
35.4699
18.0097
9.84809
7.3703
14.0237
36.5643
0.118433
14.6239
12.4123
4.9283e-05
0.297905
10.5349
0
2.54307
17.0584
0
1.59024
4.77047e-07
24.5068
0.924448
0.356004
0
0
9.15096
0
0
0
0
10.9982
62.4589
48.6944
45.2344
1.14893
35.5389
22.2029
2.23994
14.1772
9.29581
15.3273
6.79903
0.00102995
0
23.5136
0
1.17639e-06
0.0159532
0.503864
0.22719
0.623954
38.2125
0
1.79636
8.91808
0.0378983
6.55913e-06
0
0
10.1813
37.0517
0.0242051
0.938977
0.00886517
1.56811e-05
0.000969669
0
13.847
0
0.365835
6.89033
0
0.561019
2.94292
0.0196073
0.000327187
0
5.72521
14.248
0.000294338
0
0.000565359
0.0076749
26.7105
0
0.00274544
0.000414241
11.2697
2.31373e-05
0
0
5.40716e-08
0.0772717
2.45118
1.40614
0.301033
0
0
17.8769
0
0
25.4962
0
3.98271e-05
0
0
0
6.00381e-05
0
0
0
0
0
0
0
18.2871
0
0.0912625
0.685879
0
0.000531896
0.199475
7.658
0
0
0
0.774883
5.55076
21.9671
13.0113
2.31215
1.71011
0
2.47105
11.0254
5.17059
2.00366
0.392188
1.65406
2.52661
27.5044
1.87437
0.0203775
0.976078
3.38923
0.0189498
0.00226675
1.47626
0.0250607
1.40468
1.90047
4.5231
1.11384
4.36727
0
5.79975
1.57685
2.63863
5.39053
0.573893
6.18965
7.1084
1.56183
3.72463
2.33364
19.3028
0.000192917
1.29197
0.388152
0.105045
55.6153
1.52614
0
3.15168
0
0.125731
0.388542
21.118
0
0.752929
22.8954
0
0
0.252229
0.281453
0.844703
0
0
1.02413
0.0036269
1.42652
2.98025
3.86618
0.651259
22.5616
5.48825
0.0385753
0.848191
2.72645
0.00140681
0.331189
28.3175
6.38719
2.62407
7.92651e-05
7.98306
13.6604
13.4427
11.9532
0
22.9488
12.0507
12.9725
10.7625
1.49455
0.395404
11.4405
1.01624
16.1929
1.09274
1.98141
8.51206
0.063376
2.55428e-05
1.34972
0.0724545
14.9325
0.000791428
1.16598e-06
30.4147
39.4982
0.921335
25.9717
13.8957
8.82901
8.42359
0.0894899
31.291
25.3719
0
5.31687
34.5071
15.6776
1.3371
11.0878
22.4785
12.6293
23.475
22.7791
35.2335
26.1423
27.0469
20.9494
1.37442
17.6913
0.00713195
8.19273
13.4043
9.22108
8.36588
1.45526
1.33158
2.27246
2.43878
2.02874
0.562896
0.0275977
1.00034
0.034738
1.07541
4.49592
0.329003
0.0472755
0.13989
0.574029
2.59829
0.858446
2.38146e-07
11.2614
35.5715
1.43494
3.49406e-07
0.850512
9.00365
0
1.74061
10.4695
10.216
9.53677
7.51491
33.6274
0.212689
2.26176
0
0
26.1953
0
0.532416
13.9086
1.55956
3.59311e-05
17.4401
2.96344
0.0243804
0
0.554794
24.0621
4.63696
0
7.62867
0.109427
0.182593
39.5623
9.55191
7.30445
24.6275
6.97116
7.98692
7.02986
4.36662
3.10372
0.71003
2.45751
2.06499
6.50912
0.161425
19.1877
0
17.8656
12.328
0.00660515
18.3577
23.3047
20.7986
11.2031
0.00592641
1.87963
0.00106495
0.000210058
0.20355
0
0
0
0.00136599
0.0501012
0.00334569
0
7.32822
9.75144
0
47.7039
4.18633
8.07799
6.82175
6.72657
8.62578
2.57272
40.0967
9.50279
8.87576
15.9664
4.20217
7.10478
3.90283
10.5071
2.309
6.63016
8.3625
33.955
9.14338
4.46157
6.93254
8.6037
5.18788
1.04189
0
0.00238834
2.07681
0.882359
0.680545
0.000483163
15.8252
0.228136
1.02969e-06
29.2717
10.2918
14.0015
11.4821
13.5308
4.13592
0.10363
0.481909
0
0
0
20.5985
0.0832
0.800519
0
36.5224
20.3971
8.29483
4.22619
2.80926
3.57769
0.383035
0
1.25128
0.00188711
0.140992
1.5461
0.917652
0.731987
0.923107
0.0895916
8.40149
0.00338779
1.31936e-06
1.77684
4.46054
0.859161
4.79264
5.25965
7.70065
3.30474
0.275298
1.97062
0.027814
0.315401
5.73894
0.0740229
0.24111
0
19.2013
5.15638
0.0259936
15.7266
0.615597
20.9067
0
8.09789e-06
9.60484
