16.05
7.60017
7.77462
0.994016
2.69988
14.5946
0.0056685
23.7542
3.42642
20.7943
40.686
0.725959
0.0424105
2.66977
28.974
9.63174e-07
4.69231
30.138
27.794
5.86455
18.4962
0.0759965
0.00468559
0.0239445
4.3318
7.10341
9.49982
7.82935
36.13
0.0207324
0.756362
1.24467
0.0101092
1.30128
0.0283438
0
4.6556
24.2383
12.9096
16.3456
17.5442
33.658
2.85759
12.4051
1.67096
13.3783
4.02248
0.00475564
0.8415
0
1.13598
0
19.9161
2.68421
6.95922
2.44107
41.2857
3.49929
0.68614
1.38979
16.0801
0.52677
19.4264
12.747
5.63902
0.00126925
6.30967
6.77755
8.98286
0.437899
20.9337
1.21729
0.00254452
0.108598
1.88359
1.99055
22.0736
2.86592
1.23159
0.618959
1.04464
0.00157955
0.788153
0.0159179
41.0427
6.84704
8.23249
27.1068
22.8506
9.64985
22.2045
15.3341
2.67915
9.31702
9.03985
5.88367
8.3735
25.6789
4.13905
1.89045
8.46654
3.36524
8.65595
19.1485
8.60918
5.10335
7.53074
4.25709
2.56611
15.4921
32.5251
4.77199
12.4181
10.182
8.91013
6.81113
9.91409
5.92471
4.52288
5.52503
9.01055
1.18938
2.08637
4.60691
0
5.54538
6.68192
1.481
0
0.947048
8.88125
0.0822909
0.00492879
26.5687
1.15062
12.2708
10.3408
2.02045
2.79086
3.30092
0.135982
0.27839
0.216209
1.96974
1.1967
0.218829
0
0
37.4657
110.16
1.90748
0.953389
0.00688533
0.96071
10.4744
14.0552
26.0512
7.21258
17.4724
2.01146
7.97247
19.7568
5.29535
14.6433
0.0481943
0.0360782
10.2549
1.45883
0.746139
0.00684337
29.8813
6.4728
1.06356
1.00064
0.709373
0.0666222
0.00199419
2.51372
0
0.021294
0.0303839
24.6366
0.0165352
0.138037
22.9549
12.0529
29.0758
6.22141
31.5033
47.9152
48.7155
31.7985
27.7824
39.8976
3.4149
0
16.0732
10.7406
27.2815
10.531
48.3708
125.983
33.0717
40.509
26.2193
7.96012
22.8502
2.21843
75.5976
22.9457
30.3124
36.7623
2.65746
30.9442
36.7871
47.7725
6.47448
52.5204
33.5407
13.1521
3.5465
6.14945
51.7852
14.786
28.0507
18.9217
30.3602
30.9881
44.4245
5.36334
1.47246
11.9405
29.4545
1.59606
6.01357
0.798458
9.76129
2.95837
4.85375
5.81502
2.43184
3.56892
2.85785
1.0974
0.900268
0.916328
0.0709776
0.00562098
1.25735
0
0.0160792
5.69188
0.959357
2.14654
1.12981
1.71358
0.032632
0.0110956
0
0
0.0114833
0.00802846
0.173448
0.0204378
0.0435416
0.00106551
0
0
0.00749665
0.537105
5.76248
4.46695e-05
35.5952
0.00783609
0.0718845
1.75032
0.163489
0.0113444
6.92603
0.62209
27.198
0.780764
0.0643781
0.00315477
0.0905365
0.468451
1.79655
0.551218
0
15.1689
0.0530388
0.00166721
4.77232
0.380571
0.0994655
0.110246
0.993737
28.8113
6.1352
7.94438
9.74777
6.11983
11.8854
12.1974
1.12973
32.4644
8.15539
7.95128
1.38734
2.25554
2.32109
2.42266
2.28096
3.55131
16.0296
26.9748
54.5433
14.8166
11.2157
19.8105
0
13.1575
2.53546
0.110174
24.9463
24.3173
8.90021
0.536022
1.30035
0.376394
0.0628386
1.11759
0
2.1596
0.952826
8.20517
3.50067
8.29339
5.22683
0.650883
58.4066
5.4429
16.4543
0.271074
0.117686
0.494703
0.873236
1.67041
4.72384
5.35349
0.0310016
0.767206
23.4669
9.78132
0
0.721949
6.52497
7.83273
0.345837
2.60281
3.75585
5.67328
0.429737
3.57891
0.889179
9.30428e-08
2.42924
0.179601
7.21454
3.54827
3.15977
0.863598
16.4783
6.87419
3.6589
10.6995
0
25.1033
41.0892
39.7539
39.0276
9.4712
2.49882
17.0883
33.9843
6.89815
9.79325
21.6109
6.57218
8.30112
12.7198
8.10377
8.47268
3.70704
5.44861
22.8881
20.4203
19.9046
5.00165
32.0618
15.9032
37.0912
20.6618
28.0566
41.9691
18.8813
11.6558
22.441
8.77842
3.33194
20.8767
10.2011
13.0843
24.0088
8.57213
9.62716
85.5702
17.0336
20.4109
1.42231
2.39523
23.6014
17.4016
16.9453
17.4781
39.729
13.3763
6.26676
42.1217
22.4393
22.5504
15.5099
30.5567
32.8361
27.4319
10.4107
24.8861
0.498118
13.7157
16.0152
16.2644
13.3302
16.8993
14.284
14.3203
0.0392144
4.06156
0.0110489
12.6311
1.07315
9.73999
10.0842
58.2897
8.00134
22.7216
16.2752
33.9834
26.4379
18.382
12.4248
7.20139
2.61404
0.0746504
0.0236327
11.3103
1.77384
26.5486
8.47722
0.662107
1.33598
2.04158
1.13317
2.54605
1.19696
0.620383
0.399403
1.95003
11.8307
2.21807
16.1911
27.413
13.3335
2.17091
15.4491
25.0268
15.8252
12.8427
13.8591
3.10053
15.5551
33.2878
62.0074
25.1599
2.13025
1.63241
15.8364
1.82695
0.604916
1.31615
0.00644553
28.857
55.2278
20.9948
20.2317
37.4516
14.1953
17.7042
16.9495
0
9.31973
1.85873
2.53781
1.8649
9.40283
11.5977
26.1276
24.3215
26.8209
26.7997
12.8444
8.07454
29.6373
17.199
0
0
22.7697
0.000994897
3.10152
0.517181
1.31859
4.38751
5.91394
0.201832
5.12057
1.98523
3.98983
0.975373
0.260086
1.59255
20.0889
3.62255
2.27859e-08
13.856
7.19612
2.22128
3.5837
20.9961
10.6427
24.0566
18.4304
56.7831
23.8665
0
46.3817
0.753078
30.2205
32.241
30.1282
16.2997
25.3706
5.42531
2.65239
0.122774
21.9316
0
2.08101e-06
12.5639
7.50808e-06
8.81854
11.7366
7.39955
27.2588
22.2603
3.66026
3.6847
3.31663
5.85483
31.1801
60.1227
9.42374
1.46757
4.23419
1.85899
12.53
12.6836
1.52436
10.6485
2.18034
11.8938
9.84916
2.58999
2.05222
12.7901
1.57976
18.9422
22.8057
48.3172
5.17234
2.32719
37.54
7.4687
10.5204
8.52952
2.68513
12.9587
34.0104
0.0154886
0.00102273
0.00858936
1.06577
0.749239
0
22.8976
15.4557
11.5981
0.127377
0.715282
1.52122
18.6147
0.639538
0.734848
0.577294
3.09032
4.0466
0.697158
1.06937
0.969316
7.09198
0.437274
1.73709
3.24073
0.0272221
1.14897
2.09565
10.5511
1.21902
17.5796
8.95651
5.67354
4.23216
7.94022
2.56349
12.0554
45.2816
0
1.59841e-06
0
5.29872
20.2965
59.8886
0.961317
25.0989
0.977039
14.663
37.3427
14.6414
20.8154
0.0168262
1.73771
0.620719
0
0
0.0433833
0.622008
0.104344
11.0726
27.1945
31.9212
8.94354
16.2657
0.0544163
8.82817
13.3744
21.2811
37.4745
0.269165
4.20738
0.747098
31.0561
29.4888
7.51772
1.08372e-05
19.2552
12.8824
3.65286
8.91556
0.243027
2.63169
4.42137
6.58128
9.93525
18.4425
21.2137
13.2408
35.9306
1.49211
5.05869
0.992168
4.54888e-08
1.16586e-06
0.00143685
0
0.000144057
0.0920602
0
27.5236
6.08454
3.80566
3.775
0.00280978
14.9672
11.5455
0.218767
5.9448
3.29551
8.10177
10.3696
11.8846
11.461
15.8156
29.9596
30.2499
25.9473
37.7155
59.9645
0
4.77015
58.3959
5.14637
0
9.49823
7.01455e-06
21.7721
119.008
13.6577
29.7495
12.0764
13.3985
12.2766
0.0922873
0.197597
22.5259
47.2779
2.38919
0
0.0175822
0.338881
41.1791
0.227074
0.383305
0
0
1.57452
1.11817
2.37429
16.1597
11.3334
6.15186
0
0
1.3058
13.7231
10.6006
0
4.5312
38.1441
0.876013
26.4645
2.2479
13.2801
36.7902
14.4972
65.8662
0.11588
5.50016
6.285
1.66169
0
0
0.00147921
1.68788e-07
1.57388
0.0201605
0.00148343
0.318897
7.95859
32.2388
5.36595
45.6569
12.558
10.409
10.9267
4.9012
2.94836
4.45309
0
15.0766
2.69852
6.57608
9.31477
25.897
8.39218
36.1494
4.30566
0
13.5784
1.68672e-07
22.5757
0.0790398
0.332961
1.10705
19.0073
28.3479
9.29146
6.37765
8.39513
29.2153
2.00496
0.145741
4.48303
21.5025
1.43152
0.203143
1.14831
0
0
1.75499
17.4818
7.90417
0.452052
3.76871
19.9025
10.0074
9.15711
9.23353
7.13385
47.7465
0
2.71544
4.89053
34.2521
13.128
8.14585
2.6295
0.0222218
0.0120785
10.8288
21.1127
9.2603
19.6154
0
12.6756
21.1304
14.5709
0.00348746
25.9306
3.96625
3.0637
11.1096
0.0921144
1.38803
23.7738
1.67257
0
0.0901023
10.5727
0.0100738
0
1.90382
12.1311
12.382
0
0.0163806
30.0857
0.52462
47.8198
0.0165755
8.82775
1.11388
0.0067832
0.0236334
0.0339614
10.4186
0
1.08903
12.2261
13.2979
15.5421
9.304
0.0015216
30.7213
15.0962
0.470878
4.81821
1.4558
15.8781
0.788226
13.3671
20.7617
12.081
13.363
11.0631
37.8545
13.4021
19.2227
13.5259
1.35875
10.3089
2.38794
2.02101
24.4872
0.538754
4.44301
0.708156
4.70221
7.47728
0.475189
17.0214
3.6935
0.270732
1.69984
0.999652
0.139582
16.2852
8.32929
17.2641
12.6375
3.1771
5.61226
0.163914
27.7182
27.4695
0
25.8306
13.0502
6.87499
0.646451
0
0
14.3081
0.886036
31.4298
19.4797
0.101552
0.789934
20.8438
0.713512
0
27.4609
22.5144
5.63158
0.764849
13.7255
22.9103
1.42594
4.04543
10.0535
19.1366
0.015932
0.0216041
16.518
1.40765
0.884642
3.35851
5.8324
9.55032
40.4093
27.6813
0.0530042
0.144949
8.6163e-08
4.62292e-07
28.6957
21.0285
8.50903
10.4795
10.0983
26.82
17.935
0.00562249
0.0135002
2.34539
1.10025
8.55191
1.56639
8.29421
0.49529
0.00504728
34.5936
1.86646e-07
21.0191
9.82639
2.87188
0.0243451
0.581737
0
0.17389
9.33705
37.3959
4.6369
32.6853
28.523
0.483851
0.848266
0.901747
0.47672
4.48153
5.19413
6.8007
0.0201889
0.0595548
1.04024
0.865003
0
0.568429
14.4783
1.46053
2.58131
20.565
2.27137
1.45181
1.1357
26.7119
30.9445
3.64049
2.97759
1.82128
0.906051
1.09496
10.8218
0.131712
0.00532539
21.1788
2.16754
0.508852
0.0545147
29.3789
15.3751
1.06321
38.754
0.0479687
11.2897
0.0678933
0
1.52792
30.1892
1.60402e-05
44.1652
0.323237
2.16861
0
19.3528
15.142
17.7041
22.5419
10.7561
3.89294
69.7826
12.5251
0.477036
0
0.570942
15.7753
28.5379
10.593
11.8952
2.45373
0.89482
0
33.5016
44.4117
27.2026
27.0307
6.21224
33.5699
22.8761
12.3098
25.871
23.7217
17.1803
6.57154
11.9532
12.1076
0.0890302
0
16.2627
16.1601
1.0731
9.51972
2.89107
0
30.5506
8.56686
18.5516
0.0115565
3.35496
8.80996
10.3849
15.408
28.4304
9.4735
35.5757
19.8751
20.8133
0
0.00588521
1.75197
28.9772
32.0844
16.7879
27.3663
32.5954
26.1098
26.7788
50.8874
63.532
117.98
101.198
36.8207
6.75769
14.3599
0.281636
2.15103
0.80453
1.96085
2.92319
2.27864
0.00432414
0.0279126
16.4928
0.00422755
2.91162
13.0971
12.5976
10.6517
29.5899
6.97319
24.2262
13.1773
4.88184
3.52979
5.23281
27.1901
19.9774
0.216873
14.724
22.0196
32.4836
41.232
27.8757
34.6022
0
0.137903
2.38149
24.7761
12.4883
4.86777
1.46395
5.86897
0.676584
0.00236937
0.254216
0.000496299
0.797374
13.1022
0.022194
15.9329
2.00114e-05
7.5555
49.363
0.948836
3.33059e-06
0
5.5651
16.7802
22.66
26.7089
1.72097
2.34422e-06
43.157
35.1988
7.01178
1.94872
22.331
38.2046
38.9811
0.0333884
24.0091
17.3758
2.03197
31.5975
0
0.00383591
14.7378
0
0.0021273
1.01504
1.28953e-05
0
36.8781
0
1.25274
14.2532
18.0093
22.5319
13.903
8.35025
28.5446
0.483947
24.7888
0
10.6594
20.9372
0
9.16931
24.0075
12.4812
1.40269
1.53643
0.991636
32.1091
25.295
5.45766
20.5803
0.0304533
15.2705
28.9327
26.6254
0
11.5187
12.6281
37.1243
18.2713
1.37597
0.474052
0.485127
16.061
1.50793
14.6251
0.00117783
0.072244
1.61748e-05
0.800438
11.2458
0.102557
0.601873
0.70072
20.6148
0.0305184
32.8357
22.2042
0.400634
15.2895
0.928417
5.56683
11.1986
31.0133
0.386129
0
0.794087
0.0594875
0.17334
0.000581442
0
0.216223
31.4253
8.03428
1.95236
6.66183
5.27175
0.440998
6.82186
10.8734
0.481098
14.295
23.062
30.4283
23.4619
35.028
30.2205
40.7102
0.0404857
16.1272
41.8321
38.7682
43.4688
39.1652
3.04124
49.6159
22.2572
4.32508e-08
17.0386
0.00365457
0.0127074
33.1086
1.48053
0.654756
0
0
0.106338
0.783409
0.018287
0.248029
33.0894
2.04494
0.110314
0.641653
0.0271725
0.45825
0.0822539
0.864866
0.0180957
0.312446
0.075102
9.52136
5.4247
69.3364
25.3035
0.991065
0.732399
25.3618
25.135
0.892955
0
29.9152
22.8325
24.4775
37.9714
0.00647858
1.06106
0
1.41347
12.7446
17.9183
0.903703
0.67276
3.09497
0
17.5165
0.00762027
16.0992
14.5907
0
4.03594
2.76961
2.4111
5.4705e-05
0.780262
13.289
0
0
0.862608
29.5149
66.6241
3.71765
10.0588
52.2045
1.59949
34.8953
36.3438
3.97339
16.9604
0.0571054
5.33298
0.0272233
3.16622
13.504
6.9715
17.1294
0.514201
5.60916
0.895812
0.776788
0.0502557
0.881216
2.25281
0
0.89758
0
9.61325
25.8265
2.20606
28.6282
0.183216
16.2643
1.94983
0.543544
2.17877
0
0.0727186
0
9.55757
7.144
4.08711
28.2207
20.1412
19.1619
0.737345
12.818
36.5356
0.783444
7.30135
0
1.88334
0.0193919
4.90676
17.6798
0.943238
2.36985
0.230289
2.68038
3.63896
11.1871
6.30142
10.0627
7.47628
0.627004
0.102123
0.00470206
1.87525e-05
5.50403
3.15605
0.000571981
0
7.09732
9.37895
23.0662
3.09164
3.46667
3.54574
6.63705
7.32824
0.152644
34.9344
0.444049
34.2672
12.236
5.46162
42.5387
27.5523
3.01346
2.18047
33.9221
34.9804
4.86044
33.0836
4.79232
33.2873
4.41294
9.68091
0.0015632
3.4033
8.14611
13.7654
17.1012
7.50787
9.2978
1.44434
6.10068
6.75871
21.2746
4.84517
0.00057136
5.11214e-06
0.424376
0.151703
1.67564
1.31337
4.02162
1.31143
41.6706
0
0.264433
1.53062
2.04565
4.23167
15.7625
3.06284
1.36323
22.3463
26.4248
8.12444
26.578
17.0669
2.6224
1.82341
9.76373
25.8062
32.9968
11.0456
0
0
11.9368
21.7694
2.28193
0.42302
10.0563
0
8.51876e-07
1.82775
2.73139
0
0.635096
0.00190973
14.3454
0.890308
11.1999
0.00622442
72.8951
1.22001
0.243377
0.293375
13.7628
3.35729
8.62908
11.6297
0.00951501
6.22195
35.2836
6.0872
0.0106367
110.075
1.51784
0.0481947
8.24337
0.0186479
0.372843
0.0567671
7.66422e-07
0.426634
10.259
1.03702
7.21556
0.0353975
0.0264866
1.93668
13.0243
0.84647
0.574637
3.84335e-05
1.23
2.85356
2.01238
0
37.9825
0
54.4218
0.0167341
0.906795
23.7071
1.46322
0.0723224
10.4228
0.59837
4.61833
5.05001e-06
19.1629
7.25629
5.62447
12.3034
6.12097
3.80748
0.125284
1.55668
0.660716
0.407126
0
4.88716
0.346154
1.48594
2.18399
38.5949
7.16717
0.701149
5.70395
1.81887
2.11621e-05
0
0.445922
12.8144
0.00117452
1.28889
1.23286
3.21563
2.48086
1.46652
2.40915
3.92369
2.57656
2.74543e-05
3.06371e-05
1.18583e-06
1.86189
8.18917e-05
2.31428e-06
0.00589504
0.324529
0.197453
0.942777
0
0
0.00797834
0.000104412
41.3127
4.94403e-07
2.47821
3.38617
0.0172983
0
27.3927
3.49311
15.4606
0
3.80774
3.45826
0
0.952338
2.7825
0
0
2.08297
1.10761
2.66544
0.140511
14.8799
0.00876172
1.55643
8.63748
0.269191
1.50477
27.9766
0.220947
0
0.00318386
0.732366
4.23575
0.696183
0.337329
1.57762
1.94727
0
0
5.91734
0
0.692817
5.46893
1.32562
0.262421
0.0144729
2.31315
0.30965
0.897515
0
4.73324
1.98817
26.8927
2.04657e-07
6.13908e-08
0
0.0155881
0.27075
0.0878916
0.00283127
0.00010574
0
30.9262
0
21.1062
20.5323
23.3799
55.7788
1.45443
27.0253
21.9461
28.9944
2.34599
2.16865e-06
7.46495
1.00846
21.7828
0.909725
2.80097
0.00677262
0
0.524192
20.4137
9.95849
0.0145902
0
13.6219
2.43639
5.82407
13.682
5.4036
24.9962
14.7842
46.7119
0.328385
4.65994
31.707
0.00293498
38.5369
22.2204
38.9539
65.677
5.29719
22.5438
17.2405
23.9486
56.2912
55.8123
57.619
12.3121
7.41671
0.483245
10.9411
8.88558
0.704658
1.13128
0
0
12.2628
11.9243
7.07847
0.000459599
5.07627
0.210882
1.10023
6.62031
7.09126
4.04175
5.96638
2.29912
4.97946
4.38037
4.31924
2.9271
7.80804
0.0904199
0.0674866
11.433
11.5757
6.19394
1.67341
0.102915
0.00131755
6.20059
3.97072e-06
0.00255983
0
0
1.01744
0.947445
1.00975
1.49361e-07
0.0673302
0.817381
1.67346
0.410258
3.10588
0.737615
0.817976
1.06165
0
0.0339444
1.85215
0.893569
0
4.13121e-07
0.232773
0.0733995
0.000648252
1.77952
0
1.54349
0
0
0
0
0.0360549
12.8582
1.82736
6.46373
0.782861
0
0
31.1999
0
0
0
0
6.4921e-06
16.7696
0.0451095
0.0263905
4.05387
0
0
3.65445
2.2832
10.1474
0.549581
2.86013
0
13.7545
29.7876
0.914312
26.8788
22.5918
18.9066
10.2402
37.4573
34.9861
41.7038
40.6259
41.497
36.6643
19.5633
1.53794
1.22715
31.787
9.53459
28.6503
26.2736
21.2474
14.7073
10.9232
26.0098
28.2621
46.1462
9.43648
23.0955
29.9456
23.7376
28.0719
16.7848
0
29.4064
0
21.1447
47.8271
61.5948
42.1247
10.0108
38.6417
27.4036
21.0786
0.811062
23.7306
23.8702
21.2311
20.6975
32.9519
43.9073
29.4761
26.1211
15.9866
18.3186
9.08424
10.696
0.109701
15.2071
13.1107
17.5469
0
13.3734
12.0658
0.632777
0.281209
1.68984
0
1.97953
2.2567
8.97959
1.55751
13.1814
0.866487
0.638673
3.13022
0.192605
0
0.453746
14.2229
0.375953
0
10.7632
17.214
0
1.57989
1.69543
0.463944
1.77945
0.356728
0.496744
0.0070282
1.21698
5.30101e-06
8.66767
7.90298
2.15297
1.47538
5.23748
8.34317
12.4834
13.1336
41.2424
12.1424
29.5741
19.4067
18.51
30.489
24.2108
51.8904
23.4839
41.3232
22.7176
0
13.702
13.9721
19.2333
0
19.1877
0
12.9967
7.07685
3.12313
10.1564
10.1494
15.413
1.57052
23.9899
0
0
13.8317
3.91418
0.795377
1.70453
6.09794
0.200838
0.909289
4.80385
0.7015
1.71393e-07
0.297174
11.7495
0.147384
0
0.00654077
3.02429e-05
5.72802e-05
0.0352986
0.726388
0.0855707
42.1955
6.0387e-07
0
1.50819
0
24.8341
4.24919
0.204909
0.029011
21.6139
6.82455
0.197281
18.0196
0.00437233
5.49451
0
0.20265
0.912314
4.12817
1.48153
19.4375
2.66019
41.7461
0.00121028
0.0568615
5.64344e-05
0.890854
0.0827932
26.2687
0.872807
2.66346
1.29409
18.49
1.52783
11.2898
9.55731
16.0413
24.2384
15.2254
25.9697
1.15892
12.1676
19.0773
5.36301
1.27833
36.4332
1.86534
1.06269
5.98927
0.887886
10.9506
3.37606
25.5448
5.29602
3.64392
9.23745
40.6736
5.5579
6.28146
2.40966
6.54317
17.2234
9.92187
9.01535
34.1277
2.26557
0.276412
0.369319
2.7553
1.17886
0.588285
5.77366
17.23
46.7554
25.9879
0.995543
32.1962
32.1028
4.88589
48.479
17.9028
112.513
7.58988
4.03421
2.25352
90.0727
49.3397
14.9441
20.6163
4.97952
1.73821
0.0226282
0.0879537
0.0467935
1.1453
0.44729
0.0892055
7.88089e-06
16.3563
32.9549
60.0717
0.453265
14.5433
0
0
0.0953434
1.78367
0.862017
0.0527656
0.304866
0.226999
3.40331
0.0528017
0.593641
25.9705
1.05959
19.0009
2.95858
6.0769
0
0.096242
23.9888
5.93373
1.94553e-07
13.4251
9.04445
7.87766
1.00907
12.8201
6.17955
0.000595404
5.06632
21.9988
0.000855927
0.628677
2.39243
0.256614
0.336023
2.49556e-05
14.8885
0.000244777
39.9799
15.3614
33.4432
0
0
1.72417e-05
0.0430443
0
28.4399
23.1494
45.5017
0
17.8923
20.3021
16.1404
13.2631
4.62191
0.483973
14.1545
1.31119
0.0301237
0.0339806
2.3054e-05
0.00229492
1.55653
0
0
0.000400694
0.00970259
0.004241
1.14086
0.796876
0
0
0
1.18487
1.27306
0
0
10.1474
0.504995
0.053894
0.100703
0.000105625
2.09532e-06
5.36106
20.4282
0
4.01855
5.94115
0
0
1.85864
0
12.0311
1.08094
11.6381
1.49045
9.63439
2.65304
8.34961
2.88959
7.45175
41.7846
16.4853
4.93065
37.1619
23.5412
27.7298
11.0138
26.1137
31.5026
18.7308
16.4935
24.6977
18.8154
17.4292
28.2185
26.4801
15.2051
11.9202
16.6266
11.9691
14.8751
11.8855
10.5395
12.523
18.4973
15.1825
44.6952
10.6529
1.23954
1.75993
3.28243
0.00383018
0
0
0.000902527
0.251123
27.5345
22.5148
0.0971336
2.17479
1.30094
3.69913
0.212443
0.000656864
8.34341
0.00218497
23.2318
6.22149
1.9628
1.10358
20.5098
19.4519
2.68252
28.0694
18.324
20.3137
22.1869
0.999432
21.0749
0
13.8425
20.5444
9.10099
31.3659
10.4499
18.3749
8.49968
11.1236
7.48925
10.4365
39.878
13.7876
13.1647
8.94996
2.7079
5.62379
23.3627
4.10616
44.4916
17.9024
17.7075
23.2757
33.642
26.0708
11.7599
27.3518
15.053
24.974
23.9717
25.5698
22.5559
21.8477
21.9662
0
0
1.4392
2.13638
4.36602
9.7268
9.24705
9.05102
14.6749
10.0873
12.046
14.4349
18.9661
5.56524
28.7425
28.6553
6.59915
4.51498
7.54857
12.8293
19.1199
7.08342
53.1467
7.38404
4.71531
10.177
10.4489
8.38593
2.1307
8.00909
23.5166
4.01377
9.65459
4.89318
9.89074
3.77529
16.3799
37.1571
25.8363
33.9633
37.5652
10.2129
7.24382
0
5.25731
1.03681
8.59628
18.9434
7.0845
14.0196
0.749215
20.9791
24.5445
22.7214
15.5435
12.5805
30.3956
22.1261
33.8853
0
0
0.0107161
92.4606
81.4468
63.2772
2.6835
91.3769
2.94123
22.1576
0.137862
3.29758
0.74879
6.65999
17.5869
0.560438
11.5599
136.621
65.357
25.0711
14.7811
0
50.7987
19.8941
46.8882
17.2454
8.90734
49.4033
45.1055
35.2467
32.9449
24.4963
18.2736
24.9003
24.4179
4.21313
20.64
37.4561
45.8848
14.2033
29.83
23.8133
16.3417
60.7325
35.6662
13.8374
21.5519
24.7001
22.7378
33.4379
10.4516
13.3522
0
21.535
0
9.38301
17.8736
21.2318
10.585
11.4609
12.0375
17.7413
16.4337
13.5685
15.4086
16.768
10.9185
4.4597
17.1909
12.1693
12.8879
7.26132
9.38667
6.07991
10.5356
9.84588
15.0792
2.66966
10.5728
2.27642
16.3072
3.16512
18.9362
0.06577
3.55718
0.705083
23.1508
22.8985
18.9919
4.3409
20.647
32.9357
12.5234
5.90803
2.49869
7.89235
15.4194
15.6083
2.33445
2.96955
0.277473
27.4217
3.16438
0.786449
1.92709
1.33478
8.85429
1.05339
2.38883
3.41927
2.53283
0.138832
1.09156
1.38152
0.0923243
0.0214771
26.0039
0.660464
0.0521898
0.800488
0.882605
2.79428
0.237711
0.045995
2.70866
2.24674
2.79633
0.961626
1.89569
0.0537323
0
0.0490134
16.2815
1.25115
0.0306601
5.07289
0.645924
7.86401
0.0157058
1.66111e-06
1.0399
0.000181247
0.0176271
0
17.1887
0.967059
9.64132
0.425361
29.3006
1.74382
35.1697
1.70367
1.6384
14.6843
0.579965
26.4153
25.1457
34.6987
0.0287634
8.24771
0.913514
1.1215
1.46891
0.045692
12.4198
32.3072
1.20868
0
30.4762
0.288032
0
3.00757
0.00407873
0.643731
0
0.145614
0
4.59906
4.51771
4.54734
0.871951
24.3374
3.21653
0.027182
8.35613
26.0146
2.79263
25.0575
2.49609
27.9675
23.0009
20.7514
8.67591
0
0.977603
0.0813129
5.63291
30.061
0.00356717
0.0220929
4.01438e-07
1.06317
0.115831
3.43701e-05
0.428399
0.0941329
2.50331e-05
0.098017
6.60591
0.740785
0.150667
0.733998
3.32652
0
2.59136
1.06063e-05
2.69972
0
0.066849
5.60023
0
0
0.0013397
9.28405e-06
0
0
4.61744
18.2373
7.53482
38.5638
24.415
41.7042
19.9993
7.03417
0.469118
0
0.0193856
0.775309
8.98799
6.60882
8.28922
6.90978e-07
2.04898
22.5049
58.4188
48.8489
20.6492
10.454
8.30863
14.8936
17.0861
6.56943
10.1532
15.6387
1.92987
16.3566
6.52692
4.4021
35.6674
23.3638
17.8221
38.3105
0.769342
36.1527
3.54647
75.8469
0.0131366
124.089
116.316
3.68789
0.285473
0.0199615
1.35077
0.0937217
1.39648
0
1.0475
0.289124
0.00016314
0.419512
13.1597
0.0042963
10.7937
2.16923
19.7555
3.09048
2.6765
22.3958
20.4619
17.0015
3.27971
0
25.2081
26.797
14.6786
12.3451
10.9788
14.1178
27.4299
0
11.0489
0.142466
11.6703
12.7146
16.4473
4.67587
0.00044338
11.7041
21.3568
43.5618
6.95957
15.6715
21.439
10.57
4.61539
19.0315
13.6459
4.09525
7.85866
0.382348
8.52019
42.0953
6.94362
2.88304
24.1193
1.44037
14.503
5.17834
2.51666
6.91648
0.483695
21.3205
1.34941e-07
31.5628
53.4058
26.0606
29.9631
12.7396
19.5135
56.1338
17.4532
0.0421185
0.181592
8.73667
13.5237
4.98868
14.79
30.584
20.3999
14.2435
26.2115
31.1541
51.4166
21.3648
19.9714
0
0.120582
0.00417237
16.87
0.410407
15.3031
10.0147
2.32028
0.607149
3.13067
0.701572
0.642571
0.374104
7.6609
5.43822
0.0104485
0.296903
2.42558
19.2687
8.37893
4.37643
6.45907
17.2289
0.229294
11.2075
0.83613
18.4407
0.218836
6.41383
0.0804619
1.80124
7.79195
0
1.02052
2.61205e-05
1.88549
0.978353
0.629291
1.59205
0.0953733
0.154191
0.0330746
0.987875
2.75892
0.503545
1.51718
0.201571
1.24304
1.95962
7.12961
12.4779
4.41834
0.143975
0.0474332
12.3472
0.100902
0
1.1402
0.19443
28.1589
1.41471
25.104
36.7191
54.2708
22.9896
43.4593
21.8067
33.7935
3.20501
15.8025
14.1304
0.412359
20.7587
7.1779
5.96035
0.0251089
30.2807
0.725922
18.7684
11.0189
16.1856
9.40752
18.13
35.857
5.21274
44.7179
22.4695
19.7142
34.2283
2.81212
30.7055
0.00248948
25.194
11.6542
1.45371
11.4424
8.48508
2.12874
1.85394
0.821421
15.5332
3.07418
9.96664
9.62409
2.04843
1.15895e-05
31.5012
22.3252
19.6708
16.9561
18.228
24.8973
22.6127
9.51864
29.8299
10.7967
35.5571
31.5505
27.8432
16.6294
12.0658
0.013386
9.74826
16.3129
22.0369
13.4165
10.5233
20.5239
9.54393
8.85599
29.9627
22.3226
15.8364
21.6111
17.9799
14.212
28.3402
30.9598
5.34319
21.1922
16.8249
0
12.2586
23.3947
8.50733
7.24274
31.3482
0.253573
25.9187
47.8313
10.0271
0
0
54.3278
20.2458
20.5258
36.0689
8.73203
33.3638
26.7588
2.65439
24.2949
39.2914
20.0299
3.74533
28.2269
38.6563
44.3461
23.3723
58.4829
20.8073
44.718
23.2421
55.4563
41.1206
0.163638
49.0845
41.7553
28.8469
7.86374
30.5202
21.3147
46.8952
21.2437
0
19.0779
45.6296
25.6127
0.390279
13.4806
11.301
71.3712
37.3916
13.4356
20.2697
26.7915
3.57916
0
5.77514
3.83814
20.9771
0.483327
12.9869
15.7214
36.0913
15.6307
17.9279
0.86842
13.7086
0
21.8142
14.9599
19.9403
15.6611
22.7181
42.3611
61.0939
43.6582
29.204
23.8409
15.9511
32.1612
1.49236
16.926
10.425
23.3286
0.0233141
10.4307
9.03702
20.8129
22.0318
6.69343
23.3437
17.2736
1.10032
7.96521
7.98187
5.35579
10.1203
12.026
0.0311976
16.2092
17.0388
7.85262
0.0333741
3.82669
3.41096
0.667778
2.79251
22.5661
3.98232
17.6581
15.6693
10.3013
23.2075
15.8868
11.7068
39.6978
0
3.12068
12.1067
8.76223
0
17.644
29.0611
12.2131
16.8641
7.17779
17.9412
29.2518
17.2123
26.7906
12.4562
15.825
21.3375
11.1352
24.1302
17.9981
23.1294
37.6315
0
12.9456
21.6846
37.2882
9.88861
3.4621
24.6531
4.80963
26.9964
39.9333
14.745
31.3018
14.0952
27.504
13.4344
18.4141
11.9432
9.03062
38.9314
29.6554
71.2674
12.6748
0.122053
11.9265
22.7243
12.0127
72.7183
5.71753
7.4261
34.876
21.9024
47.6588
17.8867
0
16.395
0.735188
18.5523
21.4435
23.2742
0
8.79496
20.3129
12.3256
17.1177
21.5659
3.81287
5.54303
1.31514
7.05895
35.7161
9.9073
12.8799
15.9564
32.9226
19.9751
6.45718
22.3888
11.6675
3.96877
22.783
9.73806
11.5621
16.2434
21.6494
20.1026
0
6.41146
0.520436
15.4581
1.78885
0.0909146
25.5169
2.18343
1.13043
59.3334
3.02161
59.2253
3.74025
30.675
3.50148
1.9665
36.3241
2.52056
0.00249485
0.0238653
0.664553
0
33.2718
6.87102
23.7957
22.3265
21.153
19.9667
19.6613
2.46166
8.18157
5.07349
24.0763
34.1483
0.773767
43.3098
32.304
1.68326
21.8775
0.604597
13.9118
18.3545
1.74324
9.29433
3.3963
2.72413
17.3496
3.4179
1.09444
0.385491
2.43779
0.00591386
14.5736
28.2976
13.6807
0
4.01138
14.106
13.3732
17.2545
15.9361
14.3775
11.92
7.40854
4.14663
29.7425
13.4497
0.0232476
15.1739
14.3861
12.2059
15.6135
0.0670489
12.6999
13.6257
18.4072
10.9365
10.605
8.57963
112.739
16.1419
27.7691
13.2385
196.257
7.78805
10.6769
10.9986
11.0283
17.7906
9.2753
9.86431
23.6481
7.39369
6.38013
7.41485
10.3848
8.16423
73.6873
24.265
49.0259
3.71465
0.0037544
24.7358
58.53
1.90274
0
0.000197939
0.080337
5.31234
3.35283
0.531728
1.47809
0.0331209
2.15048
0.886028
3.97214e-06
15.2923
0.000200815
4.06716
14.0517
0.00642666
0
17.484
3.01419
22.0407
8.18419e-06
11.8223
11.618
0.0143799
0.325641
0.0695099
0.889762
0
0.425923
17.644
8.88012
2.82705
7.3195
0.553234
0.0618492
3.09814e-09
0.000106455
2.09019e-08
12.2394
20.2643
15.6204
0.76311
11.544
2.58122
29.9848
6.06819
27.2886
15.9848
20.8492
12.6686
23.1784
8.36022
11.793
21.7278
20.8023
16.5319
9.2156
3.08119
34.1767
17.1894
66.1962
33.0399
19.5309
2.25889
24.8835
0
0.575318
16.4647
17.1397
17.0651
9.45623
5.28398
7.75953
8.80288
0.125071
13.074
11.0048
22.5504
27.8666
18.4354
30.3396
30.3013
20.0609
7.86651
7.41316
19.2549
23.1559
24.6195
20.1509
22.3043
2.73497
10.3867
4.29063
10.9537
0.433394
0
3.32805
8.3703
3.24541
0.771743
2.22728
44.1218
47.3188
19.4445
14.1552
13.8065
25.9043
39.562
29.2326
16.8494
0.861716
0.843769
11.7431
17.78
5.35385
10.3011
39.3415
11.6915
17.1855
22.4662
1.07024
4.22855e-05
1.88563
20.3095
18.1937
6.24265
5.55365
3.93429
20.2477
7.47945
1.23851
13.5177
0.681617
2.23915
1.21839
31.9874
16.2999
4.63844
0.339719
32.6045
13.5008
0.194765
5.77412e-06
0
0.000632291
0.00013512
0.000746003
24.3477
1.99945
2.82529
0.00563216
0.223105
0
30.4344
8.55098e-07
32.789
29.9636
5.07761e-09
30.9312
8.89978
0.825331
2.00449
13.8967
3.2895
0.45564
0.96473
0.00143878
0.0221786
0.197292
0.170735
0.227309
0.284005
3.84453
13.3521
11.7246
8.02662
0.513534
1.72091
0.000120687
30.0183
5.41587
11.4704
4.64746
13.3762
10.1805
23.7321
35.5706
16.4564
21.7637
31.9576
6.94077
4.81726
12.752
4.67388
28.8409
6.80008
2.7145
18.5295
14.1798
12.9836
1.46754
14.8358
35.7203
0
0
0.0201269
0.0340696
0.0115607
0.0425068
0.335296
0.00509822
2.32978
2.57844
3.27453
6.69082
0.00529601
2.80955
0
4.84056
0.00627869
27.0688
16.8152
16.1923
23.0764
39.5825
30.7193
25.4609
3.78007
15.6157
21.9183
15.2523
1.98016
18.5086
16.1024
1.397
2.58413
11.4021
0.750044
10.4795
19.7602
4.96035
17.1385
24.2478
7.24709
13.5931
0.293482
6.77091
0
9.8032
0.839919
1.126
19.2332
36.2149
0
26.9836
7.67682
20.2359
24.9922
0.0632455
8.54191
18.8739
7.04279
32.0353
29.6626
31.3834
1.92186
5.84819
8.40243
10.4908
2.56473
0.797354
21.7189
0.10651
0.882626
1.0421
0.809506
0.328262
3.25581
2.95471
2.19024
1.02108
0.96486
1.50492
0.774449
0.0449556
14.1943
0.961035
0.194562
0.836032
2.31129
0.129511
0.0580907
2.47867
1.83772
2.00325
0.572565
1.81422
0.0359418
0
0.106175
1.00671
0.0189462
3.75636
34.4508
0.504631
21.502
11.8977
3.33335
8.72154
10.0966
0.0937329
2.16846
0
22.3924
0
3.57521
8.61234
21.8093
2.81097
10.8647
15.6402
24.4453
49.2132
19.371
27.288
58.6801
4.64752
26.6188
39.3191
1.45524
0.207799
20.4553
0
3.97534
36.0567
0
5.84882
0.699395
27.877
0.796121
0.779853
0
1.81304
12.2757
0.00404032
3.07367e-05
0.103915
2.7858
28.105
20.6216
9.28778
20.4252
1.03356
42.4631
18.1011
2.34935
28.2159
32.4239
33.3077
6.71351
0.600094
0
41.5289
1.76838
0.0400313
0.120483
1.29917
1.30066
0.308451
37.4954
0.801275
4.90973e-05
25.742
0
0.106355
0.000295031
0
26.9444
34.6473
8.63294e-06
0.0011429
0.0251186
0.118911
0.527843
0
56.8619
0.000318646
2.42846
8.79932
0.890941
0.786933
4.01255
0.939689
0.255077
1.76377
21.8826
22.0795
0.776715
0
0.00037273
1.33029e-05
15.9939
1.32372e-07
0.000413481
1.97245e-05
7.34411
5.95702e-07
0
0
0.240141
0.438627
1.95361
0.219659
0.00203507
0.0143202
0.433159
12.7829
0.022712
0.934389
11.4161
0
3.15649e-06
0.00585976
0
0
0
0
0
0
0
0.0734062
0.911634
0
30.8142
0
0.984584
0.440487
0
0.690542
0.320343
12.558
0
0.754224
0
2.90754
6.82304
30.4584
8.79305
2.6908
2.62263
0
3.09709
13.9059
22.9504
5.8665
1.04547
3.38476
3.39307
20.2655
5.15463
0.000124504
0.301605
2.91613
0.422461
2.18121e-06
3.64548
1.5147e-05
0.63023
5.71433
15.0048
11.9101
26.9438
8.69989e-06
30.1716
7.71535
2.93729
9.76663
0
17.7101
22.6729
3.00253
0.838149
7.71836
28.0659
0.00260413
1.60799
1.80966
0.0932933
103.841
7.53424
0
16.6487
0
0.98529
4.31792
14.229
0.000229397
2.64129
30.9892
0.127497
0.000820475
2.34624
0.313625
0.0288314
3.94838e-06
0.0905125
2.07066
0.998046
3.05004
7.16331
0.762002
0.0280814
15.3669
14.9392
1.47138
0
0.272969
0.00268826
1.74854
25.3198
17.3453
3.16676
0.0043203
7.85841
46.3126
24.0455
24.2472
1.18254e-05
25.4798
43.7927
21.1305
39.0355
0.739229
0.252772
29.1869
4.28546
38.7501
5.1658
3.52797
30.0803
1.09721
0.163533
1.25922
2.52939
36.9146
2.90252
4.06965
38.9457
23.8863
0.616181
27.8614
14.7207
11.4243
19.1319
0.575891
12.6268
31.8396
0.987238
9.77415
25.2202
15.0756
0.896062
9.88504
42.0824
14.4179
15.1916
15.1568
28.0859
12.3743
30.2241
19.5574
0.628226
26.2466
1.03374
9.22029
29.0546
13.8796
12.7707
0.922007
0.972757
2.13944
0.0468223
2.39733
2.93798
0.0269248
0.262751
0
4.23226
5.88843
1.14611
1.73892
1.20497
0.194049
3.17149
0.809197
0.030946
24.9297
19.313
0.956562
0.0387809
1.52927
18.7235
0.550691
7.07776
36.2642
12.4625
8.10817
15.4756
31.0218
0.454362
4.03288
0.0200475
0.0317677
68.5197
1.47914e-06
1.44626
27.465
6.18096
1.47006
65.4292
6.74516
1.45143
0.630495
1.61628
38.1399
4.0154
1.11269
71.8156
10.6195
7.86992
31.0467
27.3616
15.3752
13.0541
7.70671
10.3789
20.1419
29.3726
24.1558
18.8025
32.4908
17.2458
4.65228
0.193225
7.4267
0.484805
5.03235
16.3688
1.45058
8.94489
15.8832
37.9419
4.1865
0.00420497
1.51578
0.0133705
0.000995307
0.618609
1.59282
0.0580805
0.210654
0.0540991
0.0292583
0.116679
0.0347081
46.4853
35.6431
0.512858
31.873
21.4833
19.4269
7.54835
13.0945
20.1926
5.08734
16.5337
3.43964
8.16962
11.0849
14.27
18.7247
14.0017
21.1264
10.2084
29.4179
20.1212
42.5201
34.2025
22.8936
20.8176
31.3331
22.3353
0.537349
1.16407
0.742453
0.0482057
0.61065
0.00708975
0.391564
27.3191
0.716199
0.558823
34.4602
19.9792
26.9029
19.5985
46.9042
20.2418
0
0.826479
0.135205
3.00168e-07
0.422979
11.2496
0
0.144819
1.37665e-08
32.0956
26.7873
16.9955
12.6173
34.4135
8.22329
0.169278
0.238941
3.90938
0.47468
0
0.812704
1.59353
4.7626
0.0218619
1.01191
30.5377
0.00161337
1.00678
0.594525
5.08417
3.58586
11.5874
7.15859
2.46391
5.96192
1.17009
0.776911
0.354144
1.96419
11.5442
0.565685
1.15507
0
32.3707
7.38216
0.00160552
14.1089
0.593421
35.037
0
0.000740573
29.6188
