0.652307
1.23407
1.15548
0
2.19603
4.13088
0
0.911488
0.617816
2.27182
3.71341
4.00528e-07
6.70463e-06
2.68987
1.03839
0
1.56537
7.94207
1.50872
0.348301
2.29584
0
0
0.0192884
0.790095
0.943879
1.24493
0.0838171
0.139992
2.16331e-07
0.103668
0
0.790731
1.57918
2.19508
0
0.043098
3.40384
2.19548
2.34941
0.882931
3.61346
0.375556
1.62435
0.0874245
0.590002
0.069422
0
1.99275e-07
0.0149057
1.27673
1.12083
2.12407
0.148744
1.23576
0
4.17097
2.10231
0.125541
0.898998
4.00153
0.00424914
0.981024
0.481653
17.2711
0.0039322
3.70887
1.26303
0.998256
0.900338
1.61713
0
0
0
1.24541e-08
0.000251904
1.16073
0.857782
0.919696
5.5243e-08
1.13957
0.860181
6.75204e-05
0
3.47707
2.34039
1.43831
0.0206553
0.518906
5.05574
2.82758
8.32874
0.000534897
2.91145
1.22239
2.24109
3.15046
9.64767
1.41461
0
2.17263
0.421045
0.0594151
4.65056
1.41504
0.93963
0.043821
0.6681
0.087267
2.70401
1.05935
1.0268
0.348308
4.20825
0.89417
0.0869972
1.69165
0.945226
0.940555
0.201043
2.34535
1.12746
2.37269
0.983201
0
1.76844
1.33927
0.285816
0
0
0.410075
0
0.263684
0.0457035
9.40114e-08
2.43693
3.74331e-05
0.806202
0.849007
0.54864
0
0.56981
0.00132553
0.665684
2.10824
0
0
0
3.5872
28.8476
0.00993237
0.510539
5.88817e-05
1.79463e-05
0.847971
0.286258
0.475164
0.151427
1.65287
0.0808466
0.337003
2.61961
1.02003
1.99557
0.818836
0.0044726
0.821365
1.22172
0.281963
1.29788
2.01009
0.0236727
0.00100685
1.7535
1.50784
0.0709167
0.229782
0.00589282
0
0.505753
0.00111438
1.51933
0
0.818828
3.72186
1.24705
1.56277
2.41384
2.33461
16.8418
2.36213
5.76013
3.47712
2.96583
0.856853
0
3.85131
1.14566
10.1887
2.05866
13.9195
39.6637
3.47751
20.508
6.33655
1.02282
2.4393
0.103548
20.6155
1.67473
7.87419
6.21965
0.654699
3.19495
3.38544
3.10137
1.69745
6.28871
6.69529
1.41897
0.162325
0.436868
3.84328
1.42889e-08
1.49567
1.51207
6.33671
4.28206
4.39915
3.94621e-08
0.808121
2.18974
2.65435
0.041605
3.08659
2.13864
2.50445
2.07677
0.41385
1.94906
0.0168669
0.00139513
0.437719
0.00851581
0.0478768
0.934961
0.938918
0
0.581789
0
0.0155404
0.000337777
0.0255388
0.966638
0.603045
0.212093
0
0
0
0.00373867
0.817381
0.86728
0.577545
0.360825
0.00302271
0.261363
1.52354
0.00550537
0
0
1.05161
0.593563
0.69127
0.831426
0.128747
0.177534
0.184681
3.87395e-08
0.546659
2.84995e-05
1.30844
0.000192865
0
0.0413117
0.636089
0.00101791
0.0803591
0.939589
0.00136451
0.451024
6.68375e-06
0.15653
1.03604
0
0.85417
0.0123864
0.960857
6.94215
1.22468
0.000391812
1.30515
0.260822
4.71231
3.96385
0.847746
0.908019
3.15628
0.0305326
0.00197208
0.220572
0
0
0.945925
0.249793
0.771702
0.336172
1.32374
0.545416
1.6866
0.347835
0.00583314
0.00275331
0.804187
0.0256042
1.46081
0.0174868
1.03742
0.00342106
0
0.0556361
0
0.878618
0
0.018104
0.68212
0.273183
1.32607
1.3509
0.0408645
0.0239795
1.41033
0.649454
0.770367
0
0
0.300803
0.902567
0.146772
0.77023
0.694199
0.0223139
0.0503559
1.96184
1.75738
0
0.00425414
0.158139
0.0730658
0
0.00809948
0.296431
0.0113355
0
0.79176
0
0
0
0
0.0608974
0.0121443
0.0329066
3.56543e-06
1.66404
0.0610943
0.834827
0.286299
0
1.04978
2.3793
2.49836
2.3761
0.155718
0
0.816334
2.01701
2.11187
0.0993319
1.36975
2.16344
0.272073
0.775052
0.38879
0.846579
2.05212
1.7618
1.11332
1.98146
0.863388
0.310461
2.54401
0.891562
0.739758
1.86637
0.187045
1.11222
3.11603
1.78115
2.83504
2.0343
1.2604e-06
2.59608
0.433609
5.35065
1.5911
7.61838e-07
0
10.6032
3.15786
0.146733
2.18475
0.0603875
12.7154
0.623438
0.623064
1.23512
4.43029
3.32475
0.563125
4.93581
1.74247
0.33879
0.131546
1.32669
0.727667
2.716
3.40102
6.32654
0.0567828
0.686009
2.74978
1.37644
1.28744
3.57149
6.02796
4.8203
0
0.551856
0
0.901179
0.43625
0.776303
3.05205
4.34753
0.183851
0.763681
1.96272
7.10311
3.51724
1.77266
2.81224
0.580854
0.102476
1.21008
0.0717109
0.0276764
2.70508
3.36593
1.2491
0.813375
1.52236
0.231474
1.06074
0.310988
0
0.182648
0.991109
3.74066
1.12151
2.0702
2.03936
2.75986
1.13415
1.20484
2.60615
6.20475
2.40287
2.69554
0.227942
0
0.880459
5.75553
5.43541
4.52311
1.04863e-06
0
1.25235
0.903515
0
0.00894201
0.932572
4.76065
5.85643
0.538708
0.833782
7.37304
4.77305
2.46333
0.639808
0.000409853
0.356385
1.79316
1.78584
0.813083
0.00598024
2.15616
2.10365
1.28405
2.18367
2.94081
1.1491
0.0185287
0.443679
0.236882
0
0
4.34095
5.59252e-06
2.63075
0
0.0859059
0.984179
0.475511
0.0204097
0.169349
0.886538
2.33447e-07
0.997453
0.961046
1.87977
1.02087
0.202152
0.178662
0.230265
3.71132
1.11608e-05
0.677962
1.18497
1.04583
2.03184
0.215743
3.79564
1.73449
0
1.33381
0
2.73205
5.83789
2.38452
2.70074
3.73783
0.384737
1.72846
0
2.97104
0
0
1.77467
0.0996342
1.74221
2.43729
0.778658
6.21647
1.00524
0.821131
0.728731
0.200178
0
1.34073
1.76894
0.792963
1.74544
0.118427
0
2.82619
1.59431
0.494207
2.87711
0.00161144
3.45367
2.07823
0.0231052
0
0.392646
0
2.37251
5.12232
8.84178
1.80001e-05
4.46287e-08
2.97735
1.02076
2.51442
1.71212
0.872854
0.205281
2.33232
0.00847349
0.10445
0.136585
0.118985
0.984882
0.0892576
2.20072
2.10937
0.894945
0.0355869
0.00862022
0
0
0.304282
0
0.485302
0.785088
0.700924
0.0292346
0
0.647263
1.8362
0.0143542
3.61383e-05
0.892856
0.00193188
4.83218e-06
0.00268308
5.90866
0.00853815
7.53704
0.387026
0.00780913
0
6.17452
0.0487479
0.375069
1.12334
2.79624e-05
0
0
0.171723
1.90474
1.89116
0.282054
1.74568
0.696404
3.00371
3.44915
1.75053
2.72063
0.0309089
0.785297
3.35668e-05
0
0.786117
4.77837e-08
0.0115457
0
5.86082
5.9716
2.09577
2.22325
0.0435024
2.84114
1.892
3.1198
4.73671
14.1098
0.000572108
0.000324902
0.0114199
2.71985
5.93402
0.540827
0
1.99061
2.36484
0.00473234
0.950803
0.00694957
0.0207119
0.101145
0.072192
1.05684
4.17626
2.30681
1.63447
4.74954
0.195957
0.15073
0
0
0
0
0
0
0.532772
0.00189768
4.313
0.0108974
0.0403905
1.0629
0
0.806889
0.713439
0.00682932
0.416097
1.95829
6.49666
2.61793e-06
2.77869
3.60411
1.34625
3.1502
1.18335
1.54965
0.823114
1.85484
0
0.324543
3.15434
0.0043568
0
1.26035
1.70488
4.89016
18.0298
3.70544
7.86033
3.07047
1.93189
2.90175
0
0
1.23358
2.54078
0
0.204412
0.0291478
1.44137
12.7986
0.610451
0.827347
0
0
0.00205769
0.00113067
0.939799
0.543634
3.34891
2.69848
0
0
0.00315904
1.17013
0.941928
0.00139045
0.200634
1.56857
0.432518
2.78536
0
0.229554
4.38637
0.98389
2.12751
0.014995
1.63742
0.625759
2.81716e-06
0
0
0.358418
0.272755
1.62489
0.00114706
0
0.109518
0.448874
2.47416
1.4849
9.90649
5.38125
2.01389
2.73537
5.52591
1.56473
3.39979
0
2.45998
1.17049
1.82583
2.73516
2.20725
3.67593
1.06742
0.491934
0
1.93015
0
2.85042
0.0218184
0.380542
0.00336426
0.421812
1.33427
0
1.33761
0.245407
5.63478
0.00509434
0
0.777117
0.169506
0.0418462
4.60612e-06
0.91336
0
0
0.619773
0.671934
0.536541
0.211108
1.22492
1.84531
4.1187
1.12943
3.35606
0.514008
1.10874
0
0
0.0321997
1.64951
0.258142
1.27429
0.000306224
0
0
1.67262
1.40898
1.49833
4.41021
4.67159e-05
0.422399
0.682971
2.98868
0.0642568
3.10301
0
0.0628466
3.66004
0.000417522
0
2.90425
0.441729
0.0879269
0
2.56883
8.23731e-05
1.60268
0.208199
0.168076
2.66892e-05
0
0
1.64279
0.787666
6.85975
0.0149782
1.08683
0.00123324
0
0
0
1.96064
0.0488244
2.20146
0.99305
1.7816
1.3898
1.1556
0.00866284
4.01129
4.23324
3.06379
0.127865
4.87561e-07
4.75424
0
0.714849
0.692149
0.310971
3.00807
2.77867
1.16007
0.0781585
2.3103
2.6926
0.849331
1.19653
0.698329
3.21346e-05
1.70995
0.985344
0.464788
0.026486
1.33474
1.1673
0
2.53969
1.96179
0.00353255
0.102508
0
0
3.94161
0.0716691
2.21116
1.02274
0.0796108
0.880567
0.820176
1.24296
2.58613
0.976168
5.05408
3.24422
2.15344
0.000193715
0.000291747
0
3.40968
2.4026
1.91395
1.16755
0
0
2.67752
0
0
4.39064
2.90225
2.56727
0.247728
0.712308
5.05186
0.393541
2.99912
0.607868
1.75027
0.436319
0.597247
3.4848
0.000345668
0.00607532
0.593426
1.59709
1.12303
0.245476
3.2324
0
0.760931
0
0
3.53246
2.05919
2.34393
4.01645
4.24718
0.623639
3.66257
0.000319581
0
0.662673
0.00332551
0.251044
0.0218101
0.0773652
0
0.0104359
4.46608
0.686762
3.1986
0.0605295
0
0
0.00585771
1.57152e-07
2.14669e-06
0.93794
2.3138
0.0188814
2.30185
5.0225
0
0.0638923
0.000348666
0.0176914
0.1344
1.02911
1.7402
0
0.000151412
1.71058e-07
1.78123
0
0.759449
1.59984
1.1694
1.46313
0.471062
3.52288e-06
0.135432
0
13.4812
6.2872
0.50628
0.178748
0.0888105
0.0230303
0.0127465
1.25414
0.0483785
0
6.56152
0.703344
0.448855
0
0.941198
0.130622
0.0235412
0.656091
0.0117461
0
0.239373
0
0.295996
4.61962
0
2.50348
0.0605743
1.92265
0
2.19424
3.95526
1.07699
3.99734
0.891851
1.50265
13.6594
0.265016
0.893039
0
0.00121142
1.75993
2.45041
1.14439
1.34448
0.886196
0.0818453
0.0740506
4.25665
3.17745
2.38846
12.1178
0.771217
3.02113
0.381244
2.19814
4.7413
4.69781
8.22356e-07
0.193204
0.924716
5.96853
0.478768
0
3.41295
1.80268
0.951969
0.765754
0.130748
0
1.7642
2.47436
4.30719
0.000441412
0.528359
2.24907
0.96873
4.12222
3.3635
0.137164
9.87206
6.01972
2.15522
0
0
0.032919
0.639611
7.40875
2.96922
3.62185
2.15859
2.64054
3.63188
9.87981
5.83105
19.7488
19.3408
3.19161
0.792883
2.8686
0.0874506
0.981457
0.0130411
0.140341
0.402216
0.466214
0.0749366
0.987031
3.35048
0
1.0143
1.87771
0.533791
1.13815
3.15018
0.373782
5.02324
2.43043
0.0817384
0.144378
0.603908
4.05696
0.791754
0
0.799845
0.0536945
1.93749
1.02289
4.22517
5.64885
2.99596e-07
1.08374
1.39947
4.73876
0.976307
0.259797
0.0404603
0.4353
1.9747
4.71401e-07
0
0
0
4.09717
0
2.26521
0
1.92428
0.261552
0
0.00700714
0
1.10219
0.686073
2.36119
2.29871
0.734823
0
2.36102
7.49826
0
0
1.55337
0.280494
0.818042
0
3.49472
0.448004
0.886077
0.468386
0
0
7.63994e-07
0
0.0814381
1.85672
0.549684
0
0.179524
0
2.79866
0.0298071
0.807328
0.00587311
0.748482
0.337862
0.669321
2.29206e-08
2.26314
0
1.37806
1.15951
0
0.000674147
0.0234904
1.9659
0
0.0396105
0.0169027
8.95185
2.64543
0.0149919
3.51578
0
1.03552
4.60674
1.99497
0
1.0311
0.237799
8.32227
0.307073
0.0232735
0.316401
1.36467
1.01534
0.598779
0.962627
0
0
0
0.676208
0.570326
0.663812
0
0.336248
0.0174589
0.568296
0.513334
1.26489
0.043514
0.066881
0.575771
0.968908
1.18571
1.25237
0.106342
0
0.0927393
0
0.00725325
2.66078e-05
0
0
4.06049
1.32224
1.56163
0.55152
0.959099
1.60692
1.98669
0.493055
7.32404e-07
1.93225
2.05197
1.88068
3.18724
4.04011
4.05365
4.64732
0.0303341
1.80239
5.8892
9.77096
3.47649
3.88919
6.32342e-09
1.40989
2.58096
0
4.89928
0.0102802
0.0597855
3.75159
0.000172371
0.0492929
5.20907e-05
0.0292353
0
0
0.000283755
0.338341
2.00062
0.0558332
0
7.70361e-07
0
0.000195611
0
0.00648026
0.284991
0.0192598
9.78483e-06
1.5337
0.0644381
6.72287
4.5968
0.00902054
0.000172122
4.92031
1.05249
0.00860381
0.956068
1.21287
0.698008
0.54254
0.0640848
0.0149404
0.170845
2.00194e-08
0.61574
0.571504
1.09973
0.00327627
0.0503305
0.120157
0
4.69489
0.430617
3.01518
3.25456
0
2.91199
0.951813
0.661348
0.00665021
0.123461
1.91154
0
0
0.00420716
4.33421
9.24427
0.759249
0.0620879
0.583703
0.731619
3.29261
4.89809
1.90488
4.35401
0
0.433236
0.0225745
0.469509
0.387847
0.199212
0.516227
0
0.0279071
0.719152
0.356753
1.2127
4.93437e-08
0.690657
0.929107
0.583489
0.0286628
0.72325
1.96581
0.243294
5.62216
1.81771
2.12499
0.000123546
0.277259
0.411108
0
0.213852
0.0545711
3.72714
2.36186
1.9675
9.24576
0.113748
3.75823
1.57498e-05
3.8124
1.10616
0
0.0086109
0
0.163545
0
1.62172
0.980378
1.59598
0.0407289
0
0.914464
0.0278977
0.403478
0
0.00220235
5.45021e-06
0.00259747
0.00680762
0.0443536
0
0.0570859
0.0619518
0.00116751
0
1.67089
1.21465
1.01278
0.0436322
0.193894
0.255091
0.975663
0.235829
0
4.36784
6.33722e-05
1.8189
0.928243
0.0856293
7.60154
6.8498
0.189311
1.58891
8.00941
11.4868
2.90929
0.693558
0.108172
4.55188
1.75394
0.606896
0.033748
0.808592
1.66814
19.345
1.89479
2.46893
0.988025
0.552595
0.633985
1.96224
3.83027
1.54589
0
7.58406e-06
0.00276422
0.0232952
0.879743
0.00107459
2.89621
0.000254649
6.08736
0.0778069
0.30869
0.301428
1.97188
0.00982758
3.31219
0.793066
2.6985
4.00293
1.5917
0.0327304
1.30915
0.963044
0.0228123
2.2623e-07
2.6032
2.51765
1.62174
2.78635
0.271003
1.43314e-08
2.45477
1.14116
0.257689
0
1.44063
0
0
0.725143
0.264952
0
0
0.00550855
2.24329
0
0.36521
0.00057849
23.7033
0.0416228
0.0382225
5.66546e-06
2.62439
4.6736e-06
1.1969
1.74635
9.58163e-06
1.33518
6.84332
2.13201
0.00440746
22.3483
0.101057
0.223225
0.214884
0
0.93143
0.0178411
0
0.953968
1.42571
0.0609835
0.866656
0
0.0185636
0
1.44714
0.992772
5.00147
3.08759e-07
0
0
0.00586462
0
0.517941
0
2.92218
0
0.148393
1.93199
0.073066
0.0323465
0.0365287
0.0118542
0.104973
3.02351e-08
5.29225
1.89661
4.1346
1.69816
0.4479
0.846204
1.07583e-07
1.21971
0.751075
1.09743
0
7.01153e-08
5.7624e-07
0.430443
8.26687e-08
2.16855
5.04992
0
0.00130039
3.9318e-06
0
0
0
3.59463
5.88326e-06
0.185713
0
0
0.0906341
0.130492
2.05122
2.82288e-06
0.288435
0.22969
0
0
0.174253
0.000205964
1.32372e-07
0
0.0176842
0.903973
0.243289
0
0
0
0
3.5915
0
0.00626622
0.562155
0
0
6.08175
0.968154
0.5915
0.0503151
0.161909
0.0282712
0
5.47135e-08
0
0.000269835
0
0
5.26749
0.0113892
0.0918046
0.362841
0
0.00539655
1.29921
0
1.84627e-05
0.931014
0
0.408393
6.73623e-05
0.000969916
0.112742
0
0
0.0054805
0
0.00476001
0
0.0955083
0.685196
0.459189
0.0836387
0.0390483
5.41067e-06
2.14459e-06
0.543393
0.0148674
0.00260667
0
0.846176
0
3.19038
2.52811e-07
0
0.00524726
0
0
0.476574
0
0.515239
0
1.29706
0
2.52366
0.846143
3.06567
3.48134
0
2.81031
0.316366
0.0756903
0.00413242
0.749668
0.939213
0.00376047
4.25721
0.810505
0.229782
0.0105268
0
0.19143
1.0988
0.564946
0
0.252849
4.70677
1.15383
1.51389
0.941961
0.286639
4.01731
1.82456
7.9324
0
0.369569
1.60166
0
2.57635
1.33475
3.0661
1.53777
0.793404
2.45499
3.66863
3.20559
4.06634
2.91999
1.57955
0.425367
0.782068
0.693586
3.64544
0.409162
3.77029e-05
0.000289418
0.0030061
1.82128e-05
1.33748
2.56383
0.0113919
0.0932473
1.32612e-06
0.146707
0.339176
0.297458
0.73442
0.925278
1.17419
0.863502
0.204625
1.63979
0.578723
0.151417
1.93543
0.73574
0
0
0
1.07636
0.677721
0.00931097
0
0.715241
0.614928
0.981951
0
0
0
0
0
0.0477029
1.04803
1.94977e-07
1.56383
0.0751608
2.54549e-07
1.96733e-05
0
0.000744256
0
0
0.0236153
0
0.302384
0.48776
0.352239
0.69266
0.107549
1.12379
0.175966
5.01834
0.282674
0.518829
0.00402734
0
0
1.5529
7.02469e-08
0.83046
0
6.00658e-08
0
0.214296
1.26771e-07
0
0
0
0
0.557035
0
0.0250559
0.526627
0
1.52224e-07
0.275809
0.17068
3.45406
0.00345556
0.0874137
0
1.22205
3.87933
4.70104e-07
5.41095
3.15018
2.84833
2.59162
9.34129
7.05029
0.495172
12.1132
3.42361
0.0341222
3.44935
0.000194676
0.0223505
3.04421
1.69169
7.49315
4.04832
1.44406
0.79154
0.214181
1.22591
3.33551
4.24713
0.592734
1.63169
7.61371
4.55983
4.58828
0.599737
0
2.94161
0
2.06718
4.01276
6.29149
0.471912
0.603731
2.93557
4.38832
3.66723
0.242934
1.40589
1.47808
1.1548
2.03891
3.48776
3.3598
4.64128
6.79486
4.39574
4.24346
2.92885
6.01706
0.0651147
1.53345
2.94826
3.6628
0
1.62067
3.19941
1.22803
1.01804
0.890865
0
2.12639
2.80432
0.7642
2.38173
4.48893
0.312438
0.003811
0.0758165
0
0
0
1.00769
2.79607
0.00668622
0.958872
3.96646
0
0
0.869761
0
0.303683
0.731826
0.000666526
0.00749368
0.401737
0.918719
1.95531
0.350885
0.432088
0.401373
0.266108
1.16981
1.35941
1.80632
6.85523
2.54718
4.18065
0.577299
0.23741
3.30784
3.32463
1.20474
1.52737
11.3829
3.75267
0
1.19657
1.05494
2.06381
0
3.35186
0
0.12365
2.58755
5.77478e-08
3.73845
4.44245
5.47242
2.89381e-08
1.11148
0
0
1.05979
1.80515
0.423779
1.03342e-05
0.0190862
0.000538926
1.73886e-06
1.27081
0.208565
0
0.000289236
0.956566
0.449208
0
0.0144398
0.00513203
0
0.0140959
0.000346915
2.09195e-07
6.64231
0
0
0.6041
0
0.800013
1.02902
1.07038
0.948909
4.83222
2.74234
0.000405608
1.17727
0.0104539
0.467801
0.00188135
0.773692
0.638935
1.37304
0.239478
0.522483
0.172687
3.94504
0.0292776
0.000635501
0.224195
0.0195598
0.790077
3.9203
0.00898562
0
0
2.29924
0.911927
1.64835
0.651244
0.932839
0.612536
2.22121
3.98392
0.175865
1.19073
0.520289
0.151659
0.00113757
3.80678
0
0
0
0
2.24424
9.52237e-05
0.331283
0.761439
1.97799
0.129508
6.32838
0.00364305
0.684532
1.17209
1.5655
4.74391
0.149503
0.0171858
5.76761
0.0504475
3.76859e-06
0.00798015
0.0346693
1.28538
0.82192
3.04534
1.87469
6.38458
9.51085
0.000713361
3.73366
10.1543
0.864469
0.947491
0.89328
3.22629
2.5738
0.084348
0.408402
14.9202
4.88344
2.81914
2.90228
1.49162
0.915997
0.0308702
0.0119864
0.00237084
0.935137
0.710266
0.0197011
1.7295e-05
8.59917e-09
2.82588
1.9548
0.0669595
0.981144
0
0
0.0407155
0
0.0510128
0.292064
0.00592304
0
0.0660152
0.00196817
3.48023
2.56406
6.23182e-05
3.10909
1.88921
0.879519
0
0.856901
0.116265
0.0326
0
4.71366
1.43352
19.8832
1.14134
1.07316
2.33297
0.000122065
0.120263
4.16444
0
0
0.000256519
0.00165794
0
0.752823
2.89801
0
2.88487
3.11695
7.82085
0
2.29477e-07
0.0361
0.000354975
0.0463997
2.33854
2.94422
8.78406
0
2.80642
1.49668
3.20437
0.254697
0.791005
5.93561e-05
0.267983
0.277537
0.922487
0.0035655
0.021783
0.00234253
0.26044
0
0
0
0
0.00487448
6.12792e-08
1.87442
0
0
0
0.0409308
0.00194717
0
0
2.69888
0.0173059
0.908504
0.02966
0
0
5.86183e-05
2.5929
0
0.341372
0
0
0
0.0558711
0
2.35133
0.0708203
3.69608
1.30114
2.32563
0.883
0.756255
1.11399
2.05135
4.54087
3.23951
0.16646
7.6606
4.26384
4.63247
0.75165
2.34925
2.9525
1.42268
5.02945
7.04464
7.4888
2.55499
2.88902
3.72777
3.1166
3.05592
0.994723
5.63909
3.52519
1.96094
2.1197
1.29902
0.588932
2.86355
1.61497
0.2085
1.08805
0
2.57932
0.000451573
0.00120357
0
0
0
3.32034
2.86249
0.0202305
1.05512
0.142594
0.00111955
0
0
0.297889
0.000401158
2.64085
1.29152
0
0.00568819
3.23219
4.61997
1.04679
2.12494
0.665365
0.0452995
0.115945
0.169421
2.46665
0
1.82892
2.08592
0.360942
1.11376
0.899618
1.04174
2.61389
0.920763
0.249965
3.70522
10.2357
1.80317
0.771709
1.44526
0.990395
2.11834
2.18136
0.366271
1.91212
1.13013
1.61653
3.75101
3.74223
3.34983
2.50488
1.74422
2.11851
5.92132
6.73817
3.91193
2.62983
0.690875
1.42657
0
0
0.0118911
0.839437
0.0505712
2.73197
2.79678
2.71215
3.16865
3.61966
1.56111
1.40922
1.61475
1.11337
1.52341
4.45601
2.91969
1.82632
1.00369
0.949276
2.11406
0.962708
5.7817
0.0647408
0.0503478
1.52895
1.34798
1.6693
0.396097
1.61435
1.0046
0.0850207
1.09278
1.61527
3.62335
1.07483
0.821082
1.67552
3.01068
5.50394
1.43742
1.27294
0.164729
0
0.825013
2.03174
0.96138
0.403945
0.929261
2.37855
7.01347e-07
2.41076
2.009
0.853845
0.416645
1.86808
1.15361
0.498593
5.48367
0
0
0
7.97502
5.62435
5.08344
4.26502e-05
4.99841
0.313746
2.48053
0.000115961
0.327782
0.280388
0.817596
1.41906
0
6.59577
3.0122
2.30875
1.17517
2.70151
0.0272099
3.83672
3.15225
1.94566
0.469089
0.0440991
1.96102
1.92223
3.95769
2.17332
3.72034
5.11833
9.20004
3.85233
0.337329
7.94267
6.22899
2.26778
2.59891
4.53015
1.96958
3.66247
1.03037
8.46702
4.74263
3.36219
1.1197
3.15607
5.16748
1.93217
0.228411
0
2.39471
0
0.466149
4.64353
6.78364
1.38095
1.266
2.76829
3.38159
0.961556
2.67369
2.8215
6.84309
6.16919
0.566772
7.00107
2.83519
1.35363
2.84811
2.91774
4.71885
1.55343
2.63267
0.863623
0.583703
0.43134
0.779853
5.54849
0.0274137
2.701
0
0.0428895
1.00169
2.98582
2.7042
1.04711
2.45398
0.903948
5.14817
3.68346e-08
0.014536
0.0541498
2.08514
3.24116
1.7669
2.80999
1.8584
0.0887048
0.0589442
7.58515
0.0491451
0.97794
5.04321
0.000733293
1.8926
1.83151
1.12752
0.749176
0
0
2.71233
0.045236
1.07671
1.87537
1.9165
0.351568
1.30506
0.0545371
0.0916134
0
0.0126534
0.0667079
3.74204
4.04214
1.01174
0.364565
0
0.108828
0.767278
5.22637
5.22993
1.05059
0.55076
0.94345
0.673903
0.207176
1.63469
0
0.000117464
0.818148
0
2.73319
0.606649
2.85375
1.74218e-07
1.06001
0
1.6124
0
0.0473181
2.85411
0.710979
2.45296
0.566912
6.86519
0.197832
2.66284
0.518102
0
0.384186
0.425348
1.26073
0.641084
0.418239
0
2.79422
0.0126933
0
0.581006
0
0.931987
0
0.249375
0
0.222447
0.640346
1.20018
0.0120588
1.32056
0.393211
0
0.40262
3.65266
0.00390238
0.0148797
1.88196e-07
2.78273e-05
3.55651
2.3541
0.138749
0
0.00834828
0
0.751073
2.35785
0
0.0410152
0.0649549
0.960902
0
0
0
0
0
1.04867
1.6999
0
0.030784
0.000402101
0.374843
0
0.432375
0
0.882359
0
0
0
0
0
0.294191
0
0.557162
0
0
2.13148
1.88895
1.4448
0.822804
2.10795
0.363273
0.129363
0
0
0
0.00288442
1.33776
0.16249
1.75289
0.00102816
1.30471e-06
0.883381
15.5604
3.82151
1.45175
0.195346
0.0175616
0.198057
0.814174
1.25277
1.41178
1.95054
1.29268
4.41027
1.30249
0.338759
1.57495
1.22869
1.43005
2.14409
0.791172
5.00385
0.207957
1.17963
0.00195466
2.2752
4.46135
0.0533336
3.67323e-07
1.76956
1.0637
2.03433e-08
1.51939
1.011
1.10663
0.0261218
0
0
1.5571
0
0.00884539
0.624133
2.83525
1.47366
0.60407
3.42158
1.0528
0.060702
0.733739
0
1.82746
2.11124
1.21504
0.599683
3.35253
2.11043
2.15753
0
1.32801
0.00450156
1.58672
0.0870278
2.24561
0.243376
8.89749e-05
0.97454
2.80024
0.550971
0.683396
0.231902
2.10289
1.06401
0.41169
0.994577
0.907168
0.0500216
0.951748
0
0.437152
2.47519
0.00491896
0.199154
3.41559
0.0417649
1.94179
0.172963
0.00114973
1.76541
0.00183889
5.92606
0
1.6278
3.09272
4.86373
1.67881
0.778494
5.444
0.309025
0.127772
0.286048
0
0.0701909
0.676427
0.0115148
0.308502
3.59396
0.184953
1.65442
1.1542
5.58625
9.78763
0.742567
5.30218
0
0
0
4.45721
0
0.691498
5.65618
0.0600831
1.18966
1.1179
3.40922e-05
0.0798449
0.0578459
0.905963
1.15091
1.02943
3.06107e-07
0.712946
1.18502
3.00877
2.48496
0.194818
3.38536
0.0265671
0.830436
0.244226
4.6178
2.32229e-08
22.3989
0.0179675
0.0431359
4.22827
0.0790021
9.60063e-07
0.911649
0
0
6.01472e-09
0.00145302
0
0.797519
0.205333
0.0483981
0.574345
9.1556e-09
0
0.236262
0
0.0429028
0.568083
4.90446e-05
0.80561
6.37157e-07
0.171263
2.74654
0
0
0
0.0560447
5.07762
0.490942
1.5873
1.96174
3.29374
1.98412
5.3293
3.69214
11.9986
0.235612
4.92281
2.94581
0.34289
1.48197
2.86002
0.848553
0.043393
2.21688
0
2.05089
1.3995
1.06226
1.65483
1.72984
3.34831
0.160189
10.745
1.97208
0.773312
5.1754
0
7.33507
0.960434
4.2405
1.98457
0
2.47358
0.832564
0.0800647
0.756573
0.00303337
0.335993
0
2.46193
2.20921
0.639277
0
4.78944
3.56147
3.0425
0.634455
0.782291
3.86367
5.05573
0.079221
5.66389
1.28093
5.29604
1.03538
2.04647
3.16449
1.67274
0
1.10174
2.20285
2.25432
0.674423
2.76739
3.55558
1.80777
0.801044
0.167348
0.947211
0.0434555
3.28347
3.89173
1.20993
4.09432
4.85108
0.833661
2.96422
2.14195
0
2.2952
2.40014
0.613911
0.649443
2.28603
0.56241
8.54664
14.6501
0.668324
0
0
12.3708
3.23986
8.52052
6.2731
0.0119405
5.44229
3.34794
0.335291
7.67497
6.29626
2.13696
0.297618
5.99112
1.52913
0.219481
4.98685
10.4291
1.44881
3.50803
2.88104
2.97326
7.25228
0.990128
17.3514
7.92329
8.86897
2.40568
3.16881
5.55967
21.0485
6.31323
0
7.83657
9.73229
1.68357
0
0.552311
3.68662
1.10125
9.4941
2.25725
1.89634
1.80763
0.0669167
0
0.801123
1.4748
0.0513106
0.015666
0.172111
1.11061
2.00889
3.03807
3.33161
3.17149e-05
1.58332
0
1.69276
3.89306
1.79211
2.45973
2.99858
5.68675
8.43645
9.00579
8.51324
1.67791
4.10329
3.25976
0.0690892
1.40673
0.571283
4.43178
0
5.25785
3.40771
2.41667
0.160976
0.439975
6.97856
3.92524
0.00722738
0.454398
0.6846
4.25213
1.93015
1.42305
0.0345693
0.190405
1.11297
0.724793
0.815413
3.0484
0.0112874
2.53177
2.18439
2.89962
0.763329
3.28875
2.18158
2.72825
3.20469
0.175442
0.051302
4.67009
0
0.0321317
0.190514
3.05873
0
0.00939308
2.01172
1.16845
3.62949
2.72893
1.09683
3.75942
2.51451
1.51959
2.55585
0.202006
0.187307
3.36929
2.79038
0.0271518
1.60557
4.98066
0
1.97848
2.6074
5.87704
0.000766417
0.0222971
4.66489
0.189075
0.580696
0.133246
2.21099
1.83656
2.70359
6.43675
2.09714
0.571263
0.886464
1.25192
1.33713
3.5466
3.35578
1.41146
0.016928
2.18612
1.94615
0.312221
9.09752
3.26549
1.39301
2.3865
3.34079
10.5036
4.50921
0.239352
5.52096
0.0770669
8.8394
0.121391
3.84681
0
3.83495
0.672973
1.36982
1.52214
3.90203
1.07875
0.431513
0.301556
0.898901
1.34228
0.296652
1.4858
2.53956
0.371331
1.67127
0.122007
4.36537
1.43972
0.569833
2.60005
3.63008
0.575113
7.22458
2.17048
3.91023
0
0.7882
0.0212601
3.43336
0.418894
1.96468
2.76187
0.0362545
1.92064
7.99701
0.469778
3.38672
0.301371
4.1851
1.75419
1.3979
1.83008
0.968584
0.0445274
0
7.94954e-07
2.42776e-05
1.98588
1.49246
0.000439874
1.05773
3.28523
0.230455
0.9975
0.203407
1.04733
1.17215
4.22406
2.27511
1.05234
6.85447
7.25707
0.100398
1.2087
0.57675
2.53651
0.895794
0.547441
6.78843
0.0184894
0.527618
2.9577
0.0639978
5.4943
1.54034
0.584756
0
0.188696
1.62749
2.98012
0
0.0271474
3.04696
0.318289
3.94057
5.97288
1.06493
1.68713
0.437532
1.76402
2.40912
0.865846
0
0.991823
3.51462
3.51256
1.04123
0.526267
0.649573
0.593225
7.80454
6.89275
1.74279
1.53482
38.9718
4.03247
1.1484
2.83417
42.4332
3.71015
1.00258
3.26337
0.22448
1.80618
0.939826
0.295666
3.8358
1.25956
1.04736
0.153496
1.31503
4.25889
3.2586
3.14848
2.82047
0.612059
0
1.37297e-06
9.25718
0.00926696
0
0
0.0792176
1.11414
0
3.35683e-06
0.379539
0.438158
3.113
1.52588e-06
0.000338005
1.54121
3.4704e-07
0.958902
1.5982
0
0
3.39292
4.42984e-07
3.90205
0.00103193
0.205991
1.10154
0.295688
0.115948
0
0.259683
0
0.0470324
16.4006
3.65767
0
0
0.27769
2.43182e-07
0
0
0
0.835842
2.13353
0.191842
0.185717
3.76735
1.73007
0.593612
0.839592
4.39246
2.10756
1.81247
0.00887897
2.8477
1.12681
0.0724777
0.0213066
1.19144
1.92845
0.235302
0.615967
5.89448
0.404724
3.59399
2.10697
4.79263
0.123971
2.08086
0
0
4.17742
2.11822
0.79444
2.5249
0.781832
0.673807
0.719795
0
0.0375159
1.26167
0.396877
1.61609
0.15763
3.83877
5.48433
1.7899
0.682524
0.621829
0.0125164
1.35803
3.25902
1.20962
4.48559
0.137035
2.8621
0.106383
1.05641
0.000175104
0
0.861632
0.627777
1.23986
0.989788
0.0959807
4.98232
7.55031
1.04165
0.571871
0.161229
2.54458
3.91661
0.44478
0.643547
0
0.159692
1.81595
0.962068
4.12777e-05
1.81775
2.00721
1.14569
2.48816
3.57227
0
2.61218e-06
0.0677522
2.50024
1.91828
0.860364
0.540378
0.000502379
5.83992
0.24134
0.000178333
1.90056
0.0253943
1.43151e-05
0.243427
0.662803
1.26927
0.508055
0
30.3018
1.39563
2.61657e-07
4.09568e-07
0.00201143
2.24331
0.19251
0.077131
1.71473
0.881394
1.1849
0.00127297
0.0624266
0.0375854
1.63754
0.0123246
2.21568
1.95809
0
4.93188
0.896441
0.33568
0.116669
3.01671
2.14472
6.94234e-07
0
0.00269024
2.26593e-06
4.54033e-05
8.23327e-07
0.0145661
0
0.00819014
0.27609
1.31876
0.814197
0.600595
0.0626063
0.196775
3.59417
0.0391508
4.68161e-07
1.9416
0.0424079
0.0286951
2.36674
1.52288
1.10611
3.64365
1.83878
0.897575
0.0549014
2.95079
0.137713
4.26796
0.801433
1.05964
0.76727
1.11581
1.2611
0.218439
0.522241
8.88511
0
0
0.0530425
0
0
0
0.0338003
0.00745007
1.61811
0.530148
0.27769
1.36394
4.00505e-08
1.03127
0
0.511835
0.00260952
2.92573
0.977717
1.45189
5.90839
2.11946
4.49267
1.31262
1.03001
6.70028e-08
0.652239
1.14723
1.50248
2.77951
1.05524
0.880424
1.29814
7.1779
0.001617
3.00884
0.739766
1.05506
1.13188
1.12935
0.531842
1.84469
0
0.115307
0
4.58537
0.000509921
0
2.76282
0
0
10.4734
0.0539443
4.49213
2.00591
0.0117215
2.45695
6.27672
0.159793
0.684383
4.36675
1.82256
0.0930336
2.56607
2.39151
1.70179
1.14302
0.0387234
6.46483
0.532236
2.83291
2.96673
1.84109
0.57528
2.01124
0.917144
0.575088
0.0647933
1.48675
2.69147
0.0985926
0.0507237
0
1.52258
0.37826
1.02855
0.0590018
0
0.0835587
0.0764922
3.0032
2.84158
1.40588
0.372377
0
0.118142
0.524581
3.4663
0.853131
0.349576
4.31119
0.0144537
5.07248
1.96183
0.364271
0.885388
2.7923
0
0.381516
0
1.49612
0
0.150572
1.03615
0.919737
0.138808
0.526512
2.94532
3.87263
2.08094
0.871829
2.39535
2.38623
7.33275e-07
2.58202
4.49649
0
0.0109871
3.92727
0.0192439
1.32989
0.176046
0
1.68961
1.39624
9.76419e-05
0.00744439
0.0056652
0.0185493
1.22
2.57665
0
0
0
0
2.07728
0.930837
0.696353
1.15777
0.419012
1.36278
1.2351
0.846956
1.48688
1.04118
4.78318
0.0832219
0
0
2.3328
1.00702
1.07118e-06
4.48057e-06
0.00879475
0.00486856
0.0107961
1.88387
0.0081688
1.65692
4.13444
1.72604
0.0184618
9.25676e-06
0
1.96292
0.438931
0
1.06387e-07
0
0
0
0
9.7568
0
0.109044
2.8082
0.980735
0
0.108579
0.00569562
0.293294
0
11.7126
5.45911
0
0
0
0
1.57512
0.0257053
0.0539509
0.0104093
0.226021
0
0.000944398
0.000114021
0
0.0142966
0.1235
1.68175e-07
0.0457464
1.56525
0.963443
1.08129
0.917309
0.0398927
0.826252
0
0
0
0
0.0079443
0.0557265
0
0
0
0.0113611
0.894626
0.0531841
0
0.967817
0
0.00376399
0.102066
0
1.13748
0.0193086
0.460457
0
0.169396
0
0.964345
0.00557387
0.116483
1.61663
0.216326
0.797898
0
2.70703e-06
0.965827
3.33428
0
1.00614
0.562424
1.37073e-07
1.1965
0
0
0
1.12617e-05
4.91184e-06
0.00131138
0.0743044
0.552151
0.00593598
0.0964443
0.10768
0.0958253
1.8467
1.01432
0.985807
1.00652
0.12561
0.299006
0
0.911528
5.26411
0.0649868
0.000140796
0.124431
2.73632
0.870729
0.161207
0.00211652
0.68352
2.78554
1.36313
0
0.0528494
0
0.329039
0.547108
1.38243
0.0163676
1.49619
1.91915
0
0
0.00879629
0.813183
0.106385
0.353378
0.0190102
0.206516
2.35943e-05
0.659866
0.373857
1.65412
0.815737
2.38376
3.46101
0.000267977
0
0.486911
0
0.936254
4.78972
1.20452
0.0184497
0.67605
1.27507
2.09255
0.877947
2.08933
0
2.00334
5.027
2.10444
7.28253
1.46618
0.0546415
4.05354
1.90514
7.63809
5.50083
1.28153
2.18703
0.0130082
0.0778888
0.00379859
0
2.82804
0
0
2.83978
2.36627
0.81737
0.345638
1.03565
0.365208
1.64656
5.88096e-06
0.594883
2.20958
0.155274
1.50554
1.78858
0.362542
0.206659
1.13591
4.93236
0.931185
4.51661
3.69036
1.50107
1.42273
3.77937
3.38523
1.70753
2.14121
1.88076e-05
1.74471
2.14079
1.8795
3.32644
0.0406452
0.433718
0.993594
0.95624
0.00598051
1.4874
0.00991645
0.356746
0
0.952917
0.833421
0
0.00275316
0
0.413889
0.00012508
0
0
9.05663e-05
1.38303
0.624561
3.5703e-06
1.79654e-07
2.13535
0.00155462
0.564535
6.27231
3.81711
0.480358
1.97492
4.95428
0.157406
1.29773
0.00346668
0.167032
14.6667
0
0.327195
1.57684
0.0507539
0.167692
4.07627
0.274718
0.0010264
0.210919
0
4.02891
0.16101
0.209653
1.735
0.0868664
0.0509343
0.975482
3.10152
0.841934
1.69626
1.87605
1.02102
2.8533
6.23559
6.19904
0.796672
1.33217
0.279239
2.09659
0.0716458
1.07903
1.22554e-06
0.167363
2.17148
0.682952
0.669566
0.262364
2.21133
2.48442
0
0.00821228
0.253135
0.834251
0.512546
0.00778481
0
0.0697936
0.0123931
0.0916428
1.56029
0.17876
13.1203
5.8634
1.72659
6.52087
1.16346
6.20426
1.09363
0.249629
2.33376
0
2.07571
0.25161
1.44069
0.0588661
1.04776
3.57517
1.48781
5.47983
2.30767
1.86427
4.29223
1.70484
9.3995
1.28548
3.08574
2.4959
3.51754
0.236376
0.377538
1.67586
0.0117959
1.83197
0.000451965
0.255617
3.37857
1.89093e-05
5.70435e-07
1.06292
1.46596
4.75788
2.21349
2.64217
0.900006
0
0
0
0
0
1.17958
0.0196191
0.00706131
3.39662e-06
2.61897
4.67151
3.87726
1.12018
1.07053
0.0103084
1.04844
0
0.484166
1.58117
0.271105
1.64537
2.9391
1.75511
1.46475
0
1.54424
0
0.664848
0.0140672
1.42227
0.165249
0.0780973
0.992351
1.4083
0.878852
0.63064
0.0907592
2.81533e-06
0.206714
5.40324
0
0.736313
0
2.78792
1.18278
0.00379581
0.595555
0.286391
5.15184
0
0
8.37954
