5.63155
4.40814
4.26651
0.287754
1.57156
26.5144
0
11.8637
20.2737
9.59275
7.79058
0.0839969
0
1.27576
31.3321
0.0950328
4.02744
8.77875
14.0396
8.28468
51.8619
0.0068172
0.00614096
0.0288479
2.80936
2.21887
5.4067
0.849582
2.42415
1.2726
0.29585
0
0.0252277
0.991858
0.844795
0
0.399803
6.29441
1.91834
4.16955
1.30017
22.0131
3.00618
7.41112
0.550048
2.41819
1.50393
0.395734
5.75823e-08
0.000108635
0.744782
1.46223
13.5846
2.22573
8.17226
7.21321e-07
20.3046
7.41896
0.768315
0.0836168
96.1436
0.363168
36.1348
0.831744
80.0433
0.93443
18.6268
5.857
4.11346
1.34888
6.38599
0.770227
7.62527e-08
0
2.71257
0.713185
18.9539
4.78178
8.2508e-07
1.66036
2.17572
1.28549
2.29207e-05
0.0802873
6.73057
0.689644
1.10065
1.01557
1.37331
1.09727
9.02404
4.77832
0.0577455
4.13052
0.437762
2.90707
2.34873
2.98366
2.89916
1.68552e-06
0.801628
8.80089
0.635746
8.32039
1.16334
2.29488
2.10584
3.59489
0.0278976
3.86627
2.35967
0.906019
2.67168
0.526492
0.748187
1.52647
2.09372
2.82989
2.53258
4.36827
6.21574
5.74814
3.40184
3.44855
0
1.75223
1.58068
0
0.0178391
0.0210878
1.74879
0.27842
0.05845
2.12588
0.578076
0.0143551
0.00010214
0.535108
1.2689
0.485951
0.0070469
0.483878
0.932391
1.60164
3.26357
0.110538
0
0
5.01914
15.9792
2.57107
1.6056
2.13843
1.05927
4.34598
1.78015
5.54421
11.5035
4.88204
0.636741
6.33619
42.8423
0.0667617
0.718877
2.82689
1.95048
3.33796
13.0893
3.86563e-05
0.0785859
1.05207
0.615698
0.256835
3.01467
1.33302
0.557138
0.341431
0
0.6112
0
4.92783e-08
9.30115
0.0245503
0
3.46064
4.14725
19.3855
2.74814
16.192
57.7622
16.4543
24.9587
20.4005
16.8972
0.0326115
0
6.47946
1.39894
11.24
4.14413
26.473
27.0235
7.93761
24.9244
6.39131
1.50541
6.38401
1.29761
19.0962
4.56077
14.1101
10.842
1.88155
23.2643
25.6113
17.1351
8.20327
15.2261
15.0122
5.08507
1.23268
9.35893
24.6251
0.063673
8.77909
25.3204
10.9362
7.33736
4.18492
0.486021
0.909867
2.01083
6.48408
1.90064
1.72439
2.91548
10.1962
0.533402
2.59587
3.12205
0.748274
0.519815
2.44506
0.87125
0.20504
1.0987
0.916473
0.0726531
0.443509
5.62552e-05
0.870864
0.562077
0.0178756
0.797623
0.113539
0.825145
0.514755
0.244356
0
0
0.0752696
2.7775
2.13324
0.232131
2.68571
3.77965
0.692534
0.0674713
0.0589229
0.938
1.76328
0.0581871
1.50486
0.0860155
0.63854
1.36744
1.80312
0.0460711
3.29941
0.863684
7.94601
0.296988
1.22477
0.355115
0.0127081
1.15395
1.25766
2.57747
0.925151
37.7054
0.8725
0.246823
1.00529
0.000231145
1.01516
0.935575
1.10287
9.50709
0.886144
0.0262378
2.04396
0.570024
5.3254
4.03349
0.59717
10.9598
7.60681
2.72747
0.162264
0.0183167
0.352809
0.00344931
0.992442
0.200075
2.28904
0.697362
2.06179
0.330651
2.64488
0.902307
0.412619
0.598376
0.791322
0.628077
21.2345
18.3315
12.1519
0.00247706
0.00126756
0.158343
0.106293
1.95114
0
1.61499
2.62502
3.08437
4.86116
3.49957
13.4859
0
150.4
1.46064
5.42972
0
0.000256205
2.19198
2.54556
2.7528
1.89116
1.19702
0.0242796
0.985785
4.0803
3.2179
0.144
0.0326163
2.00237
1.50083
0.92244
0.324531
0.324025
25.5129
1.15449e-05
2.43714
0.00512266
0.016739
0.991449
0.0186185
0.151698
0.500256
0.0262371
0
2.32468
2.87119
0.0128971
0.12134
0.0594181
1.04361
3.64144
5.04665
11.185
0.134401
0.000105574
6.0975
23.8901
5.47494
4.33631
10.2824
1.42689
4.18262
2.85932
1.87667
2.66223
3.95035
0.21977
16.1189
10.1852
5.63598
3.60406
21.6808
3.25754
20.0394
9.03042
6.89903
11.4725
9.62362
3.14424
8.94965
2.32181
0
5.04534
2.02814
5.03422
39.1935
3.39998
0.645503
125.536
25.3657
3.39072
3.31038
2.23613
5.64271e-07
0.811841
6.96188e-08
1.31478
4.08752
20.7956
1.41441
9.6028
9.69776
0.242017
1.01554
5.10411
6.86366
4.88428
3.64801
8.11728
1.02925
0.00299296
1.38803
1.72076
2.66374
3.97692
15.4864
6.48138
0.142245
1.09885
1.12155
3.16401
1.74214
0.803245
0.80064
135.108
1.31664
5.67379
7.27707
20.9242
5.76047
3.49454
7.38593
3.15563
7.48117e-06
0.741476
0.0222412
1.77273
0.958068
2.53766
3.63721
2.71176
2.39718
1.1639
0.802503
1.38809
1.96092e-07
0.96664
0.833043
0.732029
3.11205
1.70441
5.91783
12.8844
5.38384
3.96537
7.44355
13.1583
4.87878
8.34176
1.30941
0.0783859
4.46322
7.27463
30.333
14.7992
2.01214
0.335963
11.0485
0.0464906
0.23522
0.977802
0.0222124
15.7277
74.8854
6.13608
4.52497
35.8301
9.38274
5.25174
10.8161
0.188821
2.7123
1.34178
5.43065
0.549127
8.94521
7.72188
10.5181
17.9361
5.05793
36.6238
7.42046
1.62966
5.41067
5.52407
7.27591e-08
0.958897
17.2827
0.00146158
4.38124
0.480435
1.93519
1.1269
18.0188
1.86385
5.7011
0.0794644
3.36176
0.0980725
1.64294
2.69572
6.00632
0.347922
0.621473
3.56794
19.8994
1.10968
0.00417752
1.50302
0.676058
1.91148
6.60249
15.023
10.1573
0.733811
21.2205
0.041708
9.54734
41.5263
15.2065
30.5173
42.2248
16.0391
0.834304
0
12.2428
0.00764989
0.0201181
4.38621
0.00552427
1.96435
0.0362644
6.62065
7.75912
0.474814
2.32262
1.32968
0.00717983
0.290716
9.32852
15.1821
0.606082
0.0663433
3.47042
0
0.992577
4.95724
0.000313946
16.1662
0.84149
4.67454
3.58931
0.55661
0.0607032
18.4475
0.0972945
17.6007
53.0909
8.26471
2.37942
0.0677183
6.1257
34.0242
50.4737
33.4106
0.44915
14.1137
24.9685
0.84286
1.15449
0.169921
1.60033
0
0.446277
33.0641
9.13583
0.361071
3.75054e-05
0.276978
1.88301
1.16642
1.95485
0.108731
6.49237
1.58837
3.70355
3.28197
3.7906
2.23899
0.0572928
0.0948874
0.0142055
0.217998
2.77037
0.352865
3.78716
20.32
1.52672
39.8333
0.572743
5.16826
0.0153918
12.1614
0.143425
3.48303
4.25123
0
0
0
0.501292
16.0355
12.0159
0.113186
11.7095
0
4.51719
1.00294
1.86861
12.767
1.2415
1.37887
0.232142
0
0
0
0.233674
0
13.6682
19.5086
51.0568
26.2041
4.50902
1.23777
3.56223
11.1392
20.2318
18.3829
0.563997
1.28363
0.464269
7.43359
4.25132
0.863976
1.04163e-07
23.349
2.53432
0.673843
3.41546
0.169177
0.0736817
1.17627
0.911901
0.0824708
1.77715
0.646351
4.20733
15.5167
0.000157617
0.15831
0.0968831
0.195643
0.316332
0.760826
0
0.381683
0.864837
0
16.0806
0.442116
0.606004
1.41159
0
10.5305
0.0152458
0.216841
2.26593
11.7111
10.8354
11.9486
6.83833
7.2681
5.0135
4.91196
32.0676
23.6609
17.249
26.0771
0
0.922569
79.2894
0.379601
0
7.47987
0.487471
11.2308
29.9068
7.68842
9.05822
7.49068
5.54546
6.43166
0.0389401
0.0569461
3.59875
3.37257
0.574476
1.16656
2.54192
2.51221
48.6862
1.71286
0.0435487
0.0368318
1.234
0.442233
0.66246
0.89775
0.262667
9.60907
5.58687
0.00494387
0
0.00491256
2.72488
0.100888
0
2.5863
4.60233
0.109693
16.6785
0.744459
1.2439
18.4972
0.0214672
5.29826
5.93686e-05
3.81196
4.42171
1.45894e-06
0.0868248
0.266094
0
0
1.57619
0.0247558
0.592673
0.265149
6.76423
8.03014
3.11891
45.7015
8.42207
5.09826
4.32896
0.701105
0.753062
0.264536
0.944577
15.3808
0.0885243
3.26045
5.07123
5.35792
7.01176
4.35633
1.60224
0
13.3827
0.890112
2.4008
0.0267561
1.02964
1.76073
11.6253
2.50247
0.182487
0.135303
5.81106
14.5288
0.482605
0.472831
0.108347
2.19142
0.87088
0.00777696
0.526257
0.0083961
0
2.45572
0.0954207
3.01416
0.101445
3.77401
4.08867
4.17518
3.06371
4.56794
1.36933
6.75389
0
0.142507
4.65148
22.6825
2.2958
1.2588
0.0127691
0.859653
0.106703
1.49343
7.93591
3.43876
2.91365
0.0152257
5.1333
3.67949
2.15215
0
3.82858
0
1.24019
5.10633
0.0226054
0.87254
5.19545
0.0833202
8.73789e-08
1.00199
2.46619
0
0
3.33897
5.69534
13.0873
0.377971
0.173861
4.33338
0.0226016
26.46
1.71832
5.26407e-05
0.0113838
0.163829
0.379985
2.68382
1.15085
0.117264
0
3.04754
0.938732
0.870603
1.47298
0.827908
15.3339
9.47169
3.7726
0.646264
0.894394
8.98749
0.42133
1.90099
1.59464
2.89709
8.36123
1.85341
17.673
1.32913
2.39628
1.37225
0.637397
2.00923
1.28233
0.00413345
5.12703
0.625087
2.089
2.88952
4.5882
5.8249
0
5.25329
1.92554
0.363401
0.964509
0.928772
0.0926553
25.6111
0.0294859
0.341288
1.42112
0.000776372
1.31589
0.0378216
0.220078
9.03156
0.396776
8.5024
10.066
0.540793
0.0167995
0.205846
0.948261
22.4878
1.05589
5.42465
43.5941
0
0
7.82394
0
0
21.8984
20.9169
5.00525
0.0100107
2.71591
65.6616
0.136926
1.9121
5.13286
14.028
0.294907
0.383127
33.7804
1.15234
0.898825
0.0120662
1.85001
0.776207
2.94172
12.0491
0.00812033
0.0146181
0.277993
0
21.4922
19.0425
0.00523883
2.09612
23.4713
2.56347
12.8187
0.235123
0
0.702347
0.0121244
0.0394271
1.46431
1.47936
0
0.909135
0.581455
0
2.89005
14.4901
0.0159979
0.916824
0.50307
0.466895
0
3.02815
4.52721
1.88183
5.51648
8.99199
0
0.209882
2.83313
0.993456
4.53794
1.43393
3.50033
8.99926e-05
0
1.15283
2.15912
0.0809246
0.00122636
0.633906
0.928706
0.871068
10.0836
1.54338
2.17029
0.86705
40.3238
30.5865
1.77018
0.0108557
1.39009
0.944968
1.41872
4.87558
0.820553
0.0714946
1.45478
0.918473
1.11114
0.00397433
0.808952
10.4747
0.535951
1.00812
0.0214697
0.439761
4.96466e-05
0
0.879056
9.46099
6.00653e-07
4.18021
0.785912
2.68219
2.45087e-05
14.8458
6.96601
3.47637
18.8158
0.00265306
3.00768
23.9854
11.9139
1.39362
0
0.226204
1.52262
11.8591
8.47715
8.80832
0.829102
1.19303
2.85527
5.17621
13.7909
6.2917
30.8098
0.228963
53.9439
1.65658
4.91525
152.776
12.0387
0.0429365
0.503303
0.361886
10.8234
1.80791
0
8.79969
2.51648
0.0637815
2.83559
0.486073
0.00335166
19.1299
3.1481
26.6174
0.206875
0.00508833
0.652009
3.37661
1.00606
31.1804
3.12192
10.4728
7.60097
3.59468
0.00331738
0
0.0224198
5.87659
7.46831
5.26096
5.79019
2.36361
2.5399
2.39277
1.76859
2.58511
5.57876
8.12028
6.0581
0.0802306
10.4653
1.37076
1.3433
1.61813e-05
2.86552
0.862359
5.87539
0.0380802
1.05167
10.3276
1.82577e-08
0.0218679
6.3104
5.11506
0.517769
6.54609
2.57076
10.2913
12.8146
1.29261
2.35873
5.07054
7.86915
4.7335
0
0.616493
1.58922
1.28716
5.9494
6.57097
6.55057
1.66333
0.0790502
0.805659
6.38383
14.3412
0.991479
0.636637
0.126539
0.371015
0.0342071
0.00383474
0.0719309
0.0132211
2.10196
0.323147
1.59191
2.6895
2.82136
2.79906
1.6575
0.0280754
0
1.27094
3.01844
15.5608
7.73949
0.317924
1.52477e-07
4.47141
5.9219
4.31309e-06
0
5.82705
4.78101
1.00753
0.0365685
8.29998
1.72138
2.08166
2.28344
0.540288
0
0.00274201
1.39919
9.57395e-07
3.50401
0
0
0.368782
0
2.0082
1.04443
0.0358319
0.0110838
0
4.1021
1.91427
0
6.40505
0.316475
1.04132
0.476613
0
0.0329689
0.601802
1.73237
0.394144
1.15591
0.572564
27.255
7.06983
3.4527
13.8688
0
1.71277
12.7099
8.95406
4.15883e-07
0.617098
2.41122
17.8937
0.0847197
0.635024
4.5198
1.6916
0.0466556
2.34775
0.247304
0.0526715
0.931529
0.0812897
1.52454
3.38444
0.0356512
1.43422
0.876508
2.34192
0.771154
0.15497
0.984986
0.105788
2.43896
2.41741
1.03055
5.90682
0.783833
0.00203095
3.84981e-08
0.680961
0.00327011
0
0
0
0
63.7022
0.429562
0.973338
2.49947
1.237
0.761634
3.43261
7.79747
0.462246
10.6435
4.71674
7.27534
6.30213
11.6959
10.3398
7.22698
2.27947
4.76646
6.82856
7.31033
9.95179
13.047
0.138025
7.61198
4.76703
0.137713
9.34712
0.0283688
0.0441303
2.16932
0.134935
0.851497
0.209097
0.0420894
0.0102952
0.0886503
0
0.00207349
22.2358
3.31152
0
0.00807663
1.09014
0.000113607
0.108785
0.361315
0.00168312
0.998587
1.18644
0.702051
3.39937
14.0263
13.3267
0.207782
0.0113006
8.90059
4.99191
1.77337
0
11.3188
0.906584
0.237907
2.39446
0.584823
0.208352
7.91284e-08
0.469636
0.748013
2.26378
0.091648
0.0407528
0.000233557
0.907618
0.00408926
0.0287557
1.85889
15.7098
0.375947
7.30939
5.05756
1.78254
0.236239
0.452001
4.15289
0.00894146
0.0301184
0.0517646
8.67024
10.396
0.635019
4.45591
8.03524
0.808598
13.6518
25.2851
0.563888
6.78419
0
1.30951
0
6.77711
21.5343
4.96655
7.41982
0.129767
1.24147
0
2.22101e-07
0.129086
0
0.718152
0.106603
3.40786
0
1.35834
0.131668
0.00106839
12.6176
0.0750937
8.59624
0.148184
0
0.0363208
9.18485e-08
0.0484918
1.07741
2.39609
0.355021
1.10899
8.96253
3.45884
1.62203
0.640587
5.26174
16.8931
0
2.36589
0
1.90903
0.0009391
4.29405
6.08278
0.117516
14.8313
0
29.8591
2.11094
5.14633
1.08809
0.0109236
0
1.33423
0.710204
0.00384277
0.146877
2.76592
1.48776
0.000597602
0.0459627
1.35492
1.87666
6.65157
10.1739
0.288235
2.92732
2.65948
4.03278
0.733567
102.037
0.277576
7.32111
8.21933
0.00782124
28.6453
26.353
0.00781542
0.684661
36.4706
58.5854
6.90182
10.944
1.22566
4.50565
12.5079
5.52717
0.0163327
3.9501
6.70975
3.03185
8.22825
28.8161
5.07923
2.91311
6.46343
5.4575
18.9013
1.46222
2.4948e-06
1.70929e-06
1.48895e-07
0.0928354
0.355081
0.000823236
0.227502
4.50068e-06
11.9459
7.88111e-05
0.79103
0.899728
0.61285
0.0285121
7.34769
0.0215706
2.42191
11.7
12.0958
2.85337
16.9977
5.33575
1.35928
0.729359
1.37626
4.79593
19.2673
4.4569
0.839619
4.02178e-08
1.03243
1.23284
0.0620656
0.389496
2.14255
1.31265
0.619902
1.22635
0.224923
0
0.923549
0.0122424
1.16757
0.42567
0.932643
0.00187692
19.346
0.0141227
0.955179
1.61592
3.69119
0.0278321
2.35135
0.787494
8.84454e-05
3.87061
9.76316
1.40994
0.00272343
20.0971
1.28873
0.979779
0.77143
0.219668
0
0.37425
8.4138e-06
0.000238677
1.757
0.0401244
2.34936
0
1.48019
0.483887
4.73253
0.20273
8.91834e-09
3.15314e-06
0
0.0234615
2.97217
1.47938e-05
28.6667
0
24.7968
0.863109
0.97671
9.19502
0.00283999
1.15609
1.17037
1.70843
0.000758471
0
11.6666
0.385219
0.32782
1.8266
0.138023
4.8933
0.910137
0.00156692
0.241217
1.43509
0.0167048
2.34951
0.417751
0.857465
0.0324979
12.0094
1.15703
0.000272388
0.18623
0.720835
7.11115e-07
0
1.60834
0.828924
0.163252
0.493491
0.477856
0.306659
0.308586
1.89362
2.24749
0.0332514
1.13271
0.669647
0.91717
0.0270159
0.837562
0
0
0.164243
0
0
0.0701365
0
1.5562e-08
0.00588918
0.871752
7.00463
1.38946e-07
0.35099
0.16442
1.86437e-05
0
35.6546
0.012178
1.55949
0.932315
0.845652
0.121113
0.116383
1.42904
0.0398553
0.0431971
0
0
2.31749e-06
0.000921053
0.0995899
4.85203
1.25313e-06
3.99184e-06
9.51727
0.158664
0.490804
2.93449
8.67546e-06
1.25301
3.66865
0.0765136
0.806257
0.0121679
0.00215223
6.0863e-05
0.594373
0
0
2.58846
0.0392695
1.33207
1.16029
4.86461
0
0.0088631
0.906467
0
1.87348
0.00139892
1.91
4.92402e-05
16.4178
0.138093
0.00204239
0.880857
0
2.71022e-06
0.0127303
0
1.05855
1.63313
11.5837
0
10.8048
14.133
10.9924
34.6158
0.784691
4.93029
0.665639
6.51687
1.31311
1.08585
5.62551
0.00197029
5.95623
3.09702
0.908364
0.543283
0.000535064
0.937916
9.1036
1.79421
0.792154
0
7.02007
1.28148
3.22486
2.15333
0.871959
4.52692
0.216843
5.62086
0.00318179
1.23895
4.64098
0
3.26778
5.7368
10.9623
47.9285
2.02619
4.49621
16.8338
4.58788
126.935
82.4328
24.6007
1.94531
1.12956
0.0153879
4.34673
1.33197
0.525402
0.336275
0
0
2.60988
9.82719
1.47751
0.152253
0.784311
0.009696
0.00240832
2.77374
3.86272
1.97141
4.28988
1.14061
5.51466
9.874
8.25294
2.56177
3.382
2.43334
0.474715
1.46898
6.03985
4.83212
3.30538
1.53797
2.48849
1.12157
0.150575
0
0
0
1.30491
1.8866
2.85315
2.56722
1.60944
1.94447
5.91798e-06
0.907774
0.0893013
0.350961
1.25781e-05
0.78808
0.00171978
1.31322
1.20218e-07
1.8842
7.95112e-07
0.000628657
0
0.247295
0.78617
0.96067
0
3.61641
0
0
0
0.00610022
0.938698
1.17
0.108315
1.50912
0.00804252
0
4.13933e-07
0.259829
0.282476
0.148285
6.9147e-08
6.54303e-05
0.02566
1.57092
0.958552
0
1.921
0
0
2.33436
1.72123
4.8685
0.00227748
0.320057
0.0534194
2.53954
22.1945
2.10053
20.2552
22.5521
38.406
43.3658
38.0012
42.0667
27.0292
85.2896
15.857
9.72007
5.79135
0.00338952
0.00648388
12.1797
10.7864
16.5339
16.7087
10.6111
6.73867
2.87129
7.2464
8.7421
17.7074
3.20346
4.9477
15.1879
7.03499
14.8966
4.17781
0
7.97099
0
7.61595
18.4523
48.4198
13.47
3.41995
12.9244
7.86395
3.07012
0.972461
3.69165
4.80476
4.04938
0.810366
32.5984
20.7711
8.3858
12.3473
9.17092
16.9915
2.32787
10.0376
0.907266
9.96054
5.79428
10.1192
0
5.88071
3.11347
0.331483
0.896507
0.0774506
0
0.665567
3.65111
2.21703
0.147454
10.751
0.0231881
0.0159186
0.10977
7.65147e-06
0
0.0599921
1.0132
1.01659
0
1.54632
4.19843
0
0.00117651
1.00619
0.000199497
3.09704
6.94929e-07
0.845109
0.722723
0.193408
0.00729311
1.90214
2.49302
1.95964
0.64351
0.673497
0.650052
8.14197
0.605161
49.9345
11.1606
10.2332
1.57759
1.80582
16.2128
3.50519
6.03755
3.9371
7.63357
2.85549
0
2.1595
1.19983
3.78188
0
2.28626
0
0.786131
2.42501
0.354692
2.33502
0.760151
4.2176
1.09183
2.83285
0
0
1.81639
0.0254193
2.40798
0.00268149
3.1296
0
2.7016e-05
3.32837
4.91172e-06
0
1.81593
1.26297
1.19305
0
0.213691
0.0205808
0.0258946
0.272304
1.57259
0.287509
47.2641
0
0
0.980935
0.371463
1.91764
4.03823
0.0534845
4.19465
9.27292
7.30784
2.36375
25.2035
0.0353689
0.8764
0.682067
2.08842
8.28789e-07
1.86048
0.691272
2.5786
3.6752
22.1938
1.83107
2.28639
2.3947
2.4121
0.0129536
16.8416
0.12083
1.62243e-05
1.34581
4.59353
0.88463
11.5309
1.26816
2.05414
4.11133
9.52388
8.59832
2.15474
4.30139
5.65369
2.38846
1.60359
11.4462
0.0329295
0.00580856
2.17236
5.44016e-05
1.87695
1.40894
15.118
3.88743
10.0237
4.51875
41.022
0.524899
0.855915
0.220883
5.93539
15.9118
22.1507
32.253
82.73
0.701072
0.0357116
0.0180986
0.00283897
0.983053
2.45926
6.54997
9.1324
10.988
15.9964
0.56097
13.8983
11.7952
4.22367
5.35358
0.321956
101.469
0.836595
1.36546
0.801839
1.90054
2.49792
13.2908
8.47792
1.96443
0.0875295
0
0.0330324
0.979072
0.548382
0.0100016
0.0327472
4.4353e-07
1.8525
9.78394
4.0699
0.0193374
2.5114
0
0
0.483749
0.209181
1.02584
0.0973899
0.938707
1.65553
1.55481
0.181991
0.00476394
10.4481
0.025746
6.59025
1.03571
3.46107
3.12011e-05
0.0203266
6.82812
2.85863
0.0953109
22.741
8.60269
24.5194
0.00724432
1.11026
0.258471
1.86413e-07
3.54993
6.87988
0.0536921
0.0462777
0.824218
0.00117842
0.0714587
8.60429e-07
1.5639
8.6579e-06
4.71864
2.56768
9.56273
0.234936
0.0559497
2.10262
1.28908
0.00321669
6.57857
5.18037
12.3355
0
9.54179
6.43885
10.1613
5.65221
1.55747
7.87094e-05
27.0781
0.124294
0.0693711
0.507179
1.04201
0.0310456
0.0321896
0
0
1.66427e-07
0.00022348
0.0113776
1.04147
0
0.928895
1.66607
0.34882
1.75857
0
0
0
0.0506803
0.0282433
0.000482281
0.407638
0.343367
0
2.78676
2.4631
0.890742
5.46874
0.065528
2.25189e-07
0
0.178409
0.0368885
8.81496
1.56903
3.28402
0.960744
1.71628
1.60337
1.60018
0.765183
1.88304
0.136065
2.88579
0.913731
4.53102
2.1176
1.85619
7.59399
4.23581
2.54358
4.94535
8.25025
2.78303
3.24757
5.54821
17.4345
8.84025
5.20533
4.12985
6.34488
4.69235
3.50307
2.63854
0.122199
2.25251
0.0089308
2.65075
4.75947
0.0195217
1.99466
0.02553
2.20863
0.514465
0.0665813
0
0.759629
0.0131814
7.31723
4.96935
0.956495
0.395402
0.841849
0
0.0064558
0
3.74491
0.0199493
12.6987
5.72084
0.339521
0.0572478
21.1989
16.1459
3.57355
15.4736
5.05005
3.28872
3.09701
2.55782
24.5062
0
8.06216
4.85427
4.12839
2.44008
5.15557
21.3271
9.19942
3.44411
3.25204
3.72542
44.6695
5.41469
1.19406
3.23098
0.103884
4.64774
25.663
6.29007
18.172
12.7698
16.1258
9.77403
14.103
11.8759
13.7489
9.84499
6.20891
15.8807
15.4524
14.4946
12.7157
4.47923
3.86457
0
0.000712535
1.48938e-07
0.511565
3.55431
10.4787
6.8427
5.5135
5.95699
12.5052
12.7714
12.7615
7.28678
7.05799
6.51414
6.75963
0.545551
2.99971
1.98343
3.50595
0.833579
1.43129
38.7641
4.15009
1.0907
3.16189
3.53638
2.53753
1.26881
2.33193
2.63005
12.0435
3.0126
11.1689
10.8554
5.00784
1.90521
7.24687
14.4196
53.2376
9.65017
17.7264
5.38525
3.50712e-07
0.469407
1.33697
3.09612
5.66859
2.87539
9.05019
0.044287
5.40721
11.874
2.821
0.560075
3.43447
5.59301
14.7674
30.7209
0
0
0.000304461
122.687
76.4458
34.7351
1.69428
86.7849
0.0353761
6.84382
0.125899
1.44223
0.581022
3.62992
3.45221
2.39812
8.30375
7.46745
8.9958
1.95629
8.52201
0.79064
22.712
4.3431
7.47197
3.33564
0.493674
2.83371
5.50106
3.60658
4.47799
14.8785
2.32119
13.6589
5.70132
0.424618
8.03723
18.276
41.8406
5.22766
16.2651
3.60211
5.05753
2.96002
41.1822
4.275
9.18232
7.64255
8.65522
24.9559
0.534001
0.803665
0
0.435869
0
1.09045
1.68977
10.3523
2.5628
4.07818
3.15235
5.16423
5.55915
4.08985
4.47417
6.72509
4.85796
1.18994
12.8353
4.40273
1.216
5.21661
4.46733
1.56768
0.918567
5.61936
13.1828
0.2847
6.8557
0.946798
9.28887
0.0123919
9.36949
3.59751e-06
1.48845
3.55934
10.3894
9.83615
3.10028
0.779513
5.9343
4.33678
0.796336
0.0141863
0.0933227
2.93836
1.02483
0.41052
3.50031
5.75155
2.3578
9.72189
0.215396
4.84307e-06
1.90557e-07
5.15302
3.48147
4.28517
3.83266
5.89541
2.63512
0.022495
0
1.98832
0.359953
2.20215
6.36213
0.469638
1.63605
2.57643
0.215867
2.61118
0.675085
0.0215888
1.03482
2.65259
1.21294
0.940648
1.0435
0.850387
2.5669
1.41637
5.14231
0.0838627
0.00103835
3.37684
1.47437
3.47595
2.16877
0.108876
0.859266
0.00228393
0.0319591
0.459505
11.6109
4.03158
10.9304
0.792134
8.9135
2.03179
11.7838
1.87696
1.08483
16.442
1.42477
14.9162
8.03916
36.5964
0.11099
2.88628
0
0.0102661
0.302567
5.88326e-06
2.53958
11.615
1.68549
0.054662
10.2875
0.0810183
0.834476
0.268191
0.864569
0.119256
0
0.277241
0.730072
2.15136
10.943
16.9488
0.766154
20.0465
3.67355
2.48333
8.86296
25.6826
2.0186
3.1188
1.00899
4.97594
12.8883
13.1094
0.107057
0
5.17417e-06
0.836049
0.925066
47.4176
0
0.125542
1.3307
2.01349
0.0817787
1.98315
3.74405
0.881573
1.10448
1.68141e-07
2.26596
1.71688
0.118191
2.52141e-07
1.69931
0
4.42565
0
3.9485
0
0
0.339496
0
0.0842825
0
0
0.0927052
0
0.397712
7.69651
0.0670034
2.71271
3.43074
6.72187
3.86402
4.22757
7.05753e-07
0.627962
0.00583608
0.0300955
0.165075
1.50309
3.46653
0.825173
9.70936e-05
0.756596
3.95008
6.34708
12.4364
0.0143235
0.146669
0.0559407
0.352766
3.49056
13.9117
6.95355
4.99068
9.01615
4.0572
0.543715
11.7646
8.19922
5.97884
2.50307
0.0550567
13.5134
1.98872
143.996
0.00568282
112.631
75.0087
3.19242
0
0.394431
0.971262
0
0.978761
0
0.0608679
0
0.23708
1.36044
4.05896
0.00685956
2.18818
1.75603
1.81619
1.8686
2.36346
2.60539
3.6633
3.39592
3.5911
0
3.67355
6.24364
2.76151
0.88032
2.34631
3.62131
3.13024
0.18
0.991229
0.120888
1.4675
3.2073
1.34317
0.358492
0.292961
2.38009
21.8111
83.41
3.17956
13.372
0.614383
1.27993
0.497163
0.814043
1.20415
0.592807
0.0145167
0.00171182
0.189871
2.68547
0.929768
0.438039
0.0147633
0.108232
3.02172
6.26278
3.03303
8.37674
1.26048
13.6581
0
5.03948
5.16233
12.5659
11.9233
14.0599
46.5276
0.904591
0.828389
0.0277968
1.00835
1.72006
0.00114447
0
0.00873049
2.96713
1.9832
2.60513
5.24962
10.6512
38.2639
3.66884
6.14828
0
2.88136e-06
0.00361655
5.79776
0.189322
8.65609
5.8048
0.27794
0.0135597
0.0446356
0.353256
1.47103
0.798453
1.61285
1.57741
1.11595
0.612902
0.211482
2.12971
24.0143
7.70419
3.18094
26.8428
3.74242
0.755549
0.693792
112.818
2.92792
84.8996
1.0697
2.25444
22.4219
7.79099e-08
0.423212
0.0792006
1.89071
0.160393
0.756013
0.0156588
0.146384
1.13298
0.0066004
0.945303
0.00627457
0
0.784795
0.0823599
0.000822023
0.609864
2.53257
0.178306
0.358891
0.28843
0.770949
7.05117
0
0
0.00143168
0.030198
11.2896
0.939501
2.8087
10.6888
23.0582
7.87685
42.2567
18.6147
48.3878
4.56874
8.90988
3.61507
0.978876
2.37088
1.00265
1.04378
0.265636
45.3537
0
15.5617
6.62921
1.59773
0.124331
2.605
2.33252
1.37615
6.49011
7.90695
5.07897
9.64485
2.43746
16.6659
0.44767
4.30989
0.941684
1.03104
7.23562
4.76273
1.94286
0.818406
0.016128
20.1493
2.45472e-07
12.5864
30.9154
0.985737
0.00118285
80.3009
49.1891
1.0806
0.352345
2.05994
7.11851
8.99906
0.0296052
6.95276
0.310071
8.57231
4.9812
13.3284
2.83301
3.6073
0.0079592
5.39172
12.0763
43.4751
11.6987
11.3412
11.8195
13.378
14.5189
6.65669
7.15904
5.39299
8.62998
18.2886
6.77655
53.5835
5.51807
4.7413
12.2652
3.07325
0
2.4343
15.7123
6.07616
3.56122
17.9019
0
23.3497
48.2934
0.0001004
0.00221767
5.29072e-06
40.405
10.7266
18.4866
23.8058
1.85502
11.8641
12.0437
8.83285
7.14764
27.511
10.8078
5.21967
13.2583
11.1772
4.76532
4.31444
20.0017
2.32053
8.24809
8.92973
18.4564
9.50015
0.00887785
23.4696
12.7121
9.38169
1.34838
11.9692
26.9586
76.9212
29.2149
0
20.3366
6.72497
13.5891
0.265663
12.651
6.11416
3.03558
12.9444
4.13854
8.07324
2.88602
1.98245
0
3.67752
3.4143
4.03743
2.52092
2.07609
6.91541
3.01663
11.6679
8.20146
1.32408
4.76047
0.00218574
2.17534
2.14531
4.55003
8.39199
0.684536
35.4614
15.5301
34.306
10.0169
3.62244
3.72809
4.91629
1.01124
4.20637
7.55263
6.1963
0.240144
5.00135
4.57797
4.52785
4.05743
0.491065
9.94067
1.75984
0.582631
1.32683
0.443975
2.17733
2.02456
0.261998
0.00230698
0.00216945
4.94006
2.90861
0.00655032
3.35248
1.7222
1.8526
2.86153
6.89041
1.20863
5.67801
12.7668
3.82768
6.88799
9.36312
0.540571
3.45857
0
0.113167
1.99514
4.44016
0.130586
1.93903
11.7639
1.26262
5.98613
5.24387
4.75791
8.09158
4.13465
5.72492
3.21936
1.80509
0.769522
4.88824
11.5348
3.18954
4.14347
11.9572
0
1.6225
5.65027
1.98804
2.56239
0.0726417
4.49006
1.71577
1.61264
6.41695
12.8015
5.56894
4.65122
6.71463
2.85088
1.71934
6.27363
1.1724
3.82168
1.69583
6.2833
3.22882
0.427808
5.01187
8.42018
0.566218
7.06946
0.655587
0.0202475
1.90904
1.25051
22.665
2.07774
0.1325
5.61321
0.898697
6.03462
0.0227155
9.68176
0.430169
10.2683
5.72048e-08
0.360547
2.4049
1.01844
0.671595
0.286518
1.08341
3.46097
0.395515
2.248
2.24878
0.61655
0.323752
6.05659
0.489708
0.934311
0.876852
5.78381e-05
3.49994
4.0505
9.44848
4.62196
21.5523
4.68073
0
3.24319
0
11.0433
1.10044
1.23962
13.2719
1.75031
0.0763477
64.5919
0.0100684
61.5237
0.0297222
15.3539
4.51331
1.48266
8.11085
0.49069
0.176808
0.0273567
0.328617
0
23.4186
0.873135
0.0143168
3.38486
10.8604
4.46497
4.94562
8.41754
11.1256
4.81561
9.82067
22.3382
2.10717
41.7054
22.5908
0.0861359
25.9989
0.981989
33.8726
6.79208
2.13955
11.9958
0.827098
2.73969
3.64178
3.7812
0.0580179
0.610409
0.11209
0.992317
0.187617
10.6609
2.20564
0
1.7342
2.18126
4.64664
1.44708
1.05254
1.02796
2.31765
4.15927
0.951928
2.38183
2.3661
0.0140605
0.284459
1.07868
3.04127
1.58992
0.777767
0.0508426
0.833847
12.7257
8.26102
0.621888
8.26008e-05
16.2019
0.0461197
5.03583
3.61013
49.3955
2.24653
3.90298
2.54255
3.94278
4.33981
1.51247
1.19026
1.93146
1.01971
0.918586
0.1845
2.16012
5.52839
129.777
10.4788
29.9718
11.2518
3.086e-05
3.56595
66.1877
4.57666e-05
0.00293085
0.082272
1.72611e-08
5.9122
0.954163
0.915935
1.12659
1.08936
2.84986
1.38692
0.318538
14.3219
0.923673
2.72548
7.10584
0.0350248
0.320602
18.6232
0.608616
11.7313
0.0744051
0.93831
0.130087
0.0197156
1.90303
1.68528
0.924176
0
0.0754951
2.49869
3.72648
0.00145696
0.00657224
1.02909
0
0
0
0.423411
1.17376
3.0232
7.30769
1.37285
12.51
5.1661
3.1266
6.5021
9.20383
6.91005
8.7504
25.1795
11.5271
5.12006
4.46354
11.2337
27.5714
12.8746
0.240132
1.81625
27.3809
1.16817
9.74324
8.1216
3.15425
0.804155
16.8881
0
0.417755
10.7733
5.58569
3.8641
0.779478
1.93036
1.76104
3.25563
1.07143e-05
1.51793
3.19311
2.26047
2.52767
2.06542
3.91917
4.29874
2.30865
0.140428
1.30742
3.45106e-06
0.752896
4.80717
1.80639
8.48768
0.257779
17.9614
0.057825
9.80101
0
0.042554
2.07767
0.884944
0.315335
0.319478
0.776763
18.4846
5.858
6.04625
1.05911
3.49124
12.2865
27.7413
12.3208
7.0453
0.896506
0
4.50935
2.53236
0.906258
3.99188
1.56352
0.806472
4.77346
14.3989
0.207686
5.59221e-06
1.13903
10.7013
1.3036
4.30489
4.52201
3.11341
5.1522
2.9375
2.48895
2.60259
0.312888
0.9259
2.62167
0.667063
5.37945
0.00341896
0.325507
28.6722
1.26419
9.30357e-06
0.0257891
0.370318
3.57357e-07
0
0.000999876
8.13591
0.790705
0.522523
1.42506e-05
0.818454
0.908979
62.5614
0.743419
80.0255
14.5878
0
59.2446
5.43313
1.7959
1.64025
12.2712
15.6441
2.3878
5.69578e-05
1.91849
2.24261
1.10564
0.05998
0.076866
2.00187
3.46421
8.45452
12.3674
8.66365
5.07267
7.26232
1.0988
10.926
4.22662
0.754774
1.17487
1.57828
4.90402
6.76054
13.1099
5.66071
45.6174
15.8348
5.50551
7.68284
11.0514
2.48522
14.2518
10.912
4.65917
29.4628
4.35294
4.55671
6.80943
5.32236
28.4953
0
0.0208598
0.306498
0.608086
0.0112751
0.393897
0.201204
0
1.77254
1.05624
6.58396
4.31065
0.726853
1.55779
0.0514458
0.178532
1.85521
8.58757
8.6444
11.2872
23.0663
13.2171
39.5347
10.4135
1.22452
0.0459938
0.764378
5.00961
4.12937
7.92017
2.30813
3.33972
2.06866
11.2922
0.52379
3.66907
8.48648
0.591468
2.84821
5.98141
0.838936
12.6708
3.11577e-05
5.24332
0
5.56229
0.640923
0.50562
9.81186
1.19942
0
18.7063
0.181189
4.9838
1.93413
0.0542944
12.0977
11.8148
3.0447
12.4501
5.25544
11.6795
0.148055
2.96981
11.0258
1.36653
3.18159
0.00508407
15.3121
0.446783
2.25093
2.41583
5.90274
2.54735
4.2456
6.34143
2.46655
3.78364
0.442365
2.21594
1.97416
0.618152
0.369556
0.875089
1.74398
3.01181
2.03608
0.432897
0.0245897
0.782538
2.69587
1.35025
1.52168
1.54524
1.1986
2.93552
1.01516
0.0166069
9.46571e-05
3.34707
41.802
0.806541
27.0831
24.6953
14.8796
6.75163
22.7682
0.011296
1.48598
0.15687
3.49769
0.000278615
4.23882
10.1583
2.22728
0.547323
5.69706
6.3672
12.8713
22.4119
4.46315
27.1072
2.32007
0.863478
9.85513
26.9817
2.35455
1.62001
6.46438
0.241806
2.79862
52.9598
0
7.03755
1.09723e-05
0.0456471
1.29549
0.0483495
0.783003
0.00352059
0.680955
5.53792e-08
0.060654
0.000386735
3.66431e-07
6.41847
1.16363
7.96055
2.379
1.52387
10.0314
8.31436
2.35944
7.9087
14.4634
7.37389
8.91918e-05
2.3794e-06
0
2.57914
1.09908
0.082522
0.000335306
0.0831148
0.677568
0.239347
1.79037
0.672856
3.70178
12.9883
1.68163
1.65508
2.86082
0.666053
22.1962
1.12851
0.834271
0.0302632
2.20832e-07
1.16743e-05
1.0504e-07
0.0567975
69.8723
1.02788
0.0031214
1.64038
0.0256447
0.0346037
0.244157
0.000271859
0.202732
0.776277
27.9472
21.1552
0.579711
0.904415
1.16075
2.49192
1.28068
1.12857e-06
0.0377772
0.0149238
0
0.00143022
0
0
0.00994572
0
2.06022
0.00923846
0.668558
6.30207e-05
0.333085
4.38222e-08
1.32876e-05
0
0.830855
0.0303867
0.77327
0.010643
0.0213612
0.820222
0
0.0872481
0.736738
1.03256
0.327454
0.00247486
0.63355
2.02137e-05
7.8431
0.000115179
2.35149
1.82224
0
0.0343952
3.94758
4.9059
0
1.63829
0
0.734891
1.04542
4.58444
0.895401
0.289593
3.83052
0
2.38984
8.6551
5.24594
0.160245
0
4.40613
2.09257
0
0.103253
0.000200266
0.00033667
0.290762
0.000763171
6.00387e-05
0.805119
0.164388
0.765787
4.27178
2.54891
2.87348
4.95599
0.493171
9.42497
3.22658
2.00662
5.60156
0
5.85396
65.5804
2.77444
2.16047
0.81437
4.71898
0.650816
0.0652184
1.08268
0.986001
9.70287
9.10179
0.171358
3.69299
0.586746
0.0158158
1.7334
0.982038
0.528557
0.059021
1.70383
0
5.39754e-06
1.73285
0.398509
0.0362366
1.32877
1.10221
0.486443
1.04891e-05
0.0523847
3.34506
2.9245
1.63722
3.75268
28.0028
5.65892e-07
0
2.48932
4.63437e-05
0.149116
8.4042
1.83671
0.015937
8.99348e-08
6.58008
91.95
8.78322
14.2175
0
7.33393
21.368
32.7352
36.7252
0.426309
0.0378984
25.8385
0.184644
50.977
0.844796
7.46077
13.1327
0.727453
0.923883
0.976381
0.135047
14.1893
0.0833716
0.138484
8.38686
6.04284
1.50753
7.08893
1.61914
1.82476
10.4352
0.832502
9.53773
6.37711
1.4754
3.05625
9.49746
4.13455
0.255495
1.16035
5.26962
2.34174
4.79519
5.63723
10.3766
2.45696
11.2281
6.01659
0.534566
5.17168
1.8788e-06
3.84171
9.1926
8.62971
6.65223
1.29697
1.90215
0.346396
0.834592
1.27932
2.44827
2.17414
0.206927
0
0.821024
2.26523
1.63056
0.94561
0
0.0643331
1.05699
2.90543
0.0253438
17.3156
1.09725
1.85284
0.00050235
1.48315
5.25936
0.0395513
4.38694
41.7975
1.42358
0.198009
8.54281
6.28963
0
1.36764
0.000454617
0.903988
21.6754
0.0017518
3.84223
4.87561
1.6577
0.058782
63.3051
4.59525
0.0303833
0.495662
1.68825
15.4175
0.815232
0.978165
50.0202
8.33369
1.12477
1.22074
13.5181
8.65506
9.44228
5.78904
7.34404
62.3633
69.53
55.8447
61.079
46.6599
11.0605
5.22202
0.993036
0.473314
1.20249e-07
1.4391
0.991584
0.214451
5.70463
7.22143
4.60939
3.99086
0
0.00714835
0.0140632
0.77927
4.62674
1.25707
0
0.990957
1.13396
0.213047
0.168609
0.0021669
61.8613
46.2705
0.876286
5.56774
35.807
17.8849
2.07394
1.83973
5.37267
0.289115
3.72903
0.00820721
0.717664
2.4338
2.10937
7.06651
3.41988
17.2571
5.51736
28.4726
28.8636
1.22486
69.8522
16.5317
17.3877
40.0803
24.5569
0.716891
0.0305218
3.4755
0.000366643
2.444
0
0.566801
4.21784
1.21862
0.411641
6.18311
6.80081
23.9359
3.05942
5.39757
5.41544
0.00174508
0.734035
3.52818
0.0103385
1.78288
4.75606
0.832206
0.733678
0.678052
4.9892
1.5918
7.35763
2.20085
1.90465
1.2235
0.477453
0.198457
4.69521
5.03928
0.441433
1.13489
1.2434
3.03303
3.80834
0.421227
11.9428
0.000105329
1.97874
0.432812
3.73625
0.76297
2.87201
3.38432
2.52039
7.91195
3.26089
0.34507
0.417627
0.402186
5.71506
0
2.91893
0
8.88167
0.0805339
0.941631
3.53751
0.371724
10.4288
0
0
15.8354
