5.50942
8.48882
5.12968
0.929264
1.23059
15.1123
0
8.33647
0.12097
11.2336
23.2778
0.0237717
0
3.63143
11.8608
0.00323065
2.42715
39.9285
36.2513
7.13964
8.7914
1.78588
0
0
3.90448
5.87769
1.65003
1.32825
6.89914
0.263007
0.46204
1.00354
0.0315727
0.0491825
2.07815
0
1.49588
8.27293
5.22302
13.7802
10.7043
25.2072
2.05311
9.83581
1.76828
4.37311
6.33225
0
0
0.739761
0.937632
2.14056
13.2545
1.92838
4.62054
0.884372
16.0318
5.06505
0.0237185
5.24655
11.2952
0.0102988
8.47881
3.29745
15.1448
0
7.89262
2.86593
8.44701
1.89354
14.2328
0.386439
0
0
1.13478
1.4168
9.35823
2.32087
0
0.540641
1.94222e-07
0.877049
0.00147648
0
21.7394
1.44034
7.1669
7.52042
4.56252
8.20666
15.3471
11.1586
0.794196
2.95417
4.22207
5.51904
9.21865
10.7595
1.56211
0.441593
5.52043
7.12717
3.8268
10.6827
2.0462
2.06591
3.12918
3.08752
2.01223
4.16601
3.13251
3.56858
5.23403
7.19053
5.091
4.52264
1.92216
0.484269
5.64512
3.87943
7.44192
2.43102
5.27973
3.0634
0
1.43548
3.17197
0
9.31559e-07
0
3.50134
0.83779
0.643732
7.83453
0.381884
3.87658
1.76302
0.606234
0.0194257
2.9409
1.09849
0.0519976
0.112089
3.02051
0.0393627
0.0835574
0
0
34.1603
75.8605
2.96016
0.983328
0
0.0777631
13.577
15.1301
38.6801
14.7091
17.1072
1.3388
7.36865
12.2523
7.4071
2.32798
1.30954
0.0628646
5.12361
0.912516
3.49583e-06
0.184624
6.43434
3.01058
1.2729
0.00967363
0.0639846
0.190695
0.23068
0.944866
0
0.0426555
0.000102338
10.6163
0
0
19.0879
3.04212
19.7881
1.6266
17.3982
47.1302
18.2306
30.2655
12.9401
21.7124
2.60684
0
5.93189
5.15222
11.8842
11.2378
30.2273
98.9131
27.0476
48.223
14.2159
7.81531
10.9176
2.71753
61.8771
8.98436
26.5333
30.8721
7.50524
21.3797
25.6622
33.9412
9.07455
20.9499
23.8844
11.281
1.6684
2.34235
36.6135
2.4602
22.6376
12.9525
11.9849
15.8808
21.1637
0.321167
3.53427
5.10766
13.112
0.711697
5.16672
4.15275
5.47511
1.63206
0.520078
3.72423
3.23459
1.31766
1.57116
1.09216
0.399628
2.06455
0
2.3281e-06
0.822029
0.0012178
0.672058
1.25713
0.76047
0.0353138
0.896461
0.305246
0.810278
0.62166
9.22713e-06
0
0.134892
1.3502
0.866343
1.6809
0.00336466
4.17081e-06
0
1.97903e-06
0.000515354
0
2.26782
0.659322
12.0996
0.0383311
0.0808439
0.0390416
0.20903
0.074026
7.07691
0.000103962
19.8472
0.508403
0.402238
0.0680979
0.124059
0.258287
1.45497
1.02022
0.202173
9.31476
0.000531628
0.000238908
4.99682
3.79982e-05
0.0265273
1.15323
0.0147901
20.5383
3.28706
2.74823
12.2306
2.6204
13.0778
13.7268
1.24042
21.2345
8.58789
2.70743
0.0551607
0.0411348
1.82946
3.32807
1.02619
3.16531
8.27413
11.8029
20.2024
0.430514
7.05925
3.74051
0
3.49257
2.45175
3.30291
13.2402
3.77909
1.50385
0.00164954
0.181419
0.000949964
0.557512
0.00142823
3.69588e-05
0.0261816
0.957716
2.86011
9.881
2.22418
5.6033
1.59829
56.6833
3.68266
6.60051
0.231362
0.0105455
0.683017
0.205023
1.31667
3.73867
3.19664
0.0380335
0.000162513
10.4561
6.91725
1.90247
0.342219
3.07706
2.41487
0.0664537
1.98949
2.67088
4.14644
0.00600071
1.22169
2.40831e-05
0.601096
1.54141
0.0312359
1.60214
0.316248
0.0928983
2.36832e-08
11.2651
2.36205
0.84581
3.05856
1.52152e-06
11.8363
27.4088
29.3708
22.9877
9.58453
0.0865904
8.1653
11.3305
7.21736
3.63636
5.82129
3.31152
6.05668
2.9299
0.794932
1.33223
2.27348
0.490194
16.6812
10.2653
9.08627
5.52123
16.5499
12.1869
25.835
20.9199
19.1056
21.3137
9.31796
9.91478
17.738
6.28548
4.86833
11.0674
8.42626
4.01761
12.0751
2.99517
5.30643
69.3741
10.2003
9.79278
6.10885
3.89071
6.64691
1.52441
16.2661
9.33207
20.2177
7.29021
4.95126
24.7349
17.6627
7.4267
7.56272
15.5642
10.3124
16.0688
11.5692
18.3255
0.386203
1.83808
9.22593
4.82719
7.44499
13.9301
18.8207
16.2802
0.0959503
2.02646
0
2.57845
3.32968
7.85875
2.61627
25.893
3.15023
10.9931
9.80263
25.1004
13.4627
12.8447
4.22362
3.71806
0.25362
1.15876
0.143432
4.054
0.596619
10.2179
5.63203
1.12164
2.52402
0.975816
1.14422
0.102129
0.00879448
0.475402
1.72397
1.45373
4.07796
3.87378
6.87812
8.48363
4.05171
6.88974e-07
14.2193
25.7458
10.307
10.8403
4.05377
2.3832
7.26331
15.9051
24.8284
19.188
0.429827
0.722435
4.68882
0.0040218
0
0.039277
0.73892
11.0785
30.2533
15.3611
12.0873
35.7001
10.964
6.0081
14.7309
0.171568
4.68925
9.39314
1.67869
0.278659
6.75161
5.95986
16.4474
15.3903
5.82028
21.0817
3.56728
1.5531
7.19961
5.61786
0.0277797
0
15.7077
3.00711e-06
2.25752
0
1.79716
2.93009
8.92152
0.834748
4.12426
0.274748
6.57887
0.149549
0.0471045
0.748275
19.86
3.58184
0
9.87373
9.04083
0.116107
2.71353
6.81479
1.14005
10.8155
6.63421
23.151
23.9823
0
17.7494
1.9829
19.0513
28.9508
24.2825
22.8834
15.8242
4.26813
1.03797
1.33095
9.27138
0
0.000129763
3.30017
0.000765465
4.2367
6.46905
7.68134
16.8782
4.00737
1.68347
1.41787
1.89319
1.8565
17.7403
35.8662
2.84051
0
4.39418
0.963843
6.5818
7.06926
2.63426
5.2305
0.530964
11.743
4.11715
0.456271
0.972188
12.2339
0.924593
8.1106
4.20541
25.7178
3.33163
2.0123
19.6954
7.75922
8.38908
6.03266
0.071921
5.58205
10.3509
0.653779
0.859151
0.0487695
3.67827
0.0547474
1.24762
33.7816
9.37684
7.15734
0.552144
0.768742
0.0126617
6.0315
0.0641346
1.41368
0.450535
1.6012
0.887435
0.528487
1.89868
1.24352
3.04668
0.703286
0
0.354229
1.02657
0.00341645
1.13945
11.6396
0.330931
22.1077
5.09848
2.90924
1.02499
11.9735
3.06771
6.3
7.5423
0.825378
0.000360605
4.13131e-05
0.0908872
13.6656
30.033
0.00813124
15.9546
0
7.95609
15.539
11.0698
16.7827
1.31831
1.00826
0.404939
0
0
0
1.00767
0.273142
10.4454
11.0275
13.3965
3.91677
8.45358
0.130265
10.2735
9.07535
18.9523
27.6993
9.56418e-05
2.29038
0.00498193
23.4454
16.9242
1.86915
0.186003
11.3026
10.1615
1.01914
6.42762
0.00244135
0.437019
5.05952
5.04161
7.64418
14.1753
6.71539
4.67427
16.1462
0.112673
4.19831
0.37057
0
0
0
0
0
0.138065
0.176161
26.4481
0.266298
2.8468
4.0274
4.51145e-05
5.60716
2.8457
0.051178
5.06867
5.42013
11.9204
12.2604
6.88571
9.91156
14.3944
14.7063
11.7447
13.4094
22.0112
32.2417
0
3.57098
28.0061
2.48904
0
4.71434
0.540376
42.458
60.0976
5.04841
19.0921
27.214
8.24018
14.5534
0
0.0046086
19.0076
26.4108
0.16707
0.407378
0.00171971
0.965171
28.3014
0.598504
0.177111
0.853247
4.1023e-06
0.880619
0.124214
1.69405
7.12227
10.7753
4.56684
0.000102484
0
0.0219925
5.52667
6.56975
0.00189075
0.679677
22.534
0.995683
22.5429
0.876414
8.22826
17.2968
6.06056
25.4651
1.35614
9.02144
3.13879
0.663668
0
0.0185249
0.00214191
1.10556e-05
0.647749
7.97541e-05
0
0
2.0225
28.0218
4.96916
29.6664
15.6294
1.33222
17.8444
8.19295
7.16815
6.42843
0
19.8731
2.97354
14.9392
1.25219
6.86364
10.332
14.6782
0.482333
5.64313e-07
7.01844
0.00104815
24.6811
0
0.946685
0.384957
10.7596
17.2929
4.63387
9.30599
2.17971
25.5569
5.49536
0
2.53656
6.8156
0.503816
0.117554
0.52783
0.984665
0.132486
3.44128
6.67721
6.11329
0.979404
2.84398
19.4918
6.28362
2.96198
12.2285
6.38225
21.5879
0.454812
0.928005
4.18538
19.5525
6.25843
7.73059
0.63131
0.345816
4.80976e-06
4.49255
14.0709
5.77465
17.2329
0.163334
12.5811
17.3011
4.29358
0
9.3611
0.271393
0.698271
7.36245
0.00366837
0.000111931
8.66837
0.371645
0.0143762
0.812544
8.22146
7.89019e-05
1.74398
1.00844
16.8799
12.3899
0
0.0878187
21.1641
0.0172531
30.2627
0.730642
1.26876
1.33319
0.836221
1.01937
1.04188
6.87191
0.000483633
3.0129
18.3302
5.03093
5.9723
8.24124
0.316601
13.6506
11.5678
3.63708
3.96199
1.69939
11.6716
1.69221
13.2011
8.00768
5.56551
12.1422
3.38008
12.3223
5.4051
9.17332
9.65679
0.96893
7.04844
2.60528
0.444506
5.77219
1.82831
3.4105
5.47712
7.71517
11.643
4.6551
10.5466
2.7414
0.00507961
0.137906
0.247314
2.52925
13.3604
1.29032
6.68098
7.60045
0.531031
0.331621
2.89459
3.60551
22.179
0
9.43528
10.4039
2.80781
0.483781
0.790159
0.176967
8.04339
1.07804
13.1932
9.60462
0.616494
0.887958
36.4366
0.904086
1.49888e-05
9.27093
8.08059
5.5529
0
9.53409
18.5538
1.04446
1.40394
3.52572
18.731
1.66524e-07
1.92094
11.8482
0.777233
0.115243
0.117189
6.87991
4.41643
10.288
15.688
0.000650935
0.111089
1.92846e-05
0
28.64
21.2333
3.04468
7.6104
9.91948
10.5305
15.8612
0.0770515
0.151319
1.8225
0.097612
2.06698
1.0107
2.62678
0
7.69038e-07
23.0746
0.0251366
5.91042
2.58774
1.28484
0
0.224819
0.809507
0
5.1835
19.4234
4.86379
16.0137
18.7
0
0.0669959
1.65921
0.0865685
5.47801
2.95805
3.41668
1.09012e-07
0
1.90495
2.12945
0.0169986
0
5.36691
0.12127
3.97827
18.7624
7.27131
0.000202532
0.87353
20.6989
34.0783
3.09071
0.769908
1.40604
1.36661
0.793184
4.20804
0.346421
0.811939
14.0801
1.44382
0.230408
0.0169629
12.1589
9.17989
0.116866
3.50395
0.923738
4.55591
0.0467468
0
2.35685
29.4839
0
35.0317
0.179165
6.90638
0.00385989
14.6082
12.2645
5.30163
22.1513
6.99734
2.50346
22.9356
20.2817
0.185754
0
0.883886
15.7298
18.957
12.4447
12.5337
0.315198
0.79303
0.277746
14.5178
14.4717
12.0715
19.1625
3.91082
31.3908
8.51679
2.82823
20.4547
22.1968
2.38908
6.22234
5.82709
8.07397
0.735989
0
14.7799
17.477
0.594185
5.10388
0.623134
0
25.1817
8.2794
14.3016
0.00141644
3.00344
5.80965
5.44938
9.39918
20.5306
6.58371
22.0835
12.0374
5.40954
0.183698
0
0.29819
7.87791
15.0115
13.1474
11.2685
11.0134
11.7122
9.90081
12.9684
18.8198
67.792
68.9128
17.9769
6.12411
11.9508
0.0769153
0.115181
0.0433277
0.691525
1.44729
1.62654
1.02791
1.93905
14.1289
0.863965
4.22709
3.38549
9.03746
12.1892
23.6805
6.52483
23.1939
11.829
2.351
1.01589
2.99792
17.9334
10.8006
0.484564
3.0412
7.74328
2.6946
16.2406
19.7896
16.8996
0.13053
0.0201871
0.742873
16.5195
7.82034
1.05343
0.604188
3.4079
0.432364
0
1.48267e-07
1.1603e-06
0.0597025
19.2853
0.498397
6.85288
0.340911
25.3858
9.54774
1.46934
5.53577e-08
0
4.36152
6.27454
20.4295
15.4662
0.0635325
0
18.9988
19.5194
3.3862
0
7.14179
12.135
13.2594
0
10.2297
4.68476
2.33005
6.48259
3.574e-06
2.73766e-05
1.21591
0
0.372018
0.867261
0.00267498
0
9.59754
0
1.1969
3.99286
5.93248
3.96698
5.47709
3.19354
8.29503
0.00148662
13.5323
0
10.6102
5.68739
0
3.43619
6.82784
11.0009
0.150855
2.58075
1.07362
37.5274
18.7627
4.30783
15.1348
0.0101056
8.75651
17.4716
13.5254
5.72012e-07
8.69592
5.26028
25.8153
5.05923
0.622504
0.518659
1.74077
7.30386
0.175941
7.70506
0.00577741
0.88124
0.0833073
0.354779
8.29415
0.0706738
0.018372
0.46157
5.0431
0.0566247
7.22074
5.26369
0.188131
6.62554
0.448534
10.0363
6.67691
8.73001
0.0486599
0
0.96199
1.90795e-08
0
0
0
0.00790782
20.3477
7.59497
1.16076
2.25128
6.0317
2.41907
8.78135
7.536
6.66787e-05
5.69004
28.6365
23.2695
23.6053
27.3824
17.5793
12.8329
0.736688
7.95355
13.3872
19.2536
12.6906
21.8481
1.93739
24.0214
11.7656
0
10.7433
0.00268518
0.504992
25.7723
0.987559
0.331017
2.41811e-06
9.01901e-07
0
0.00235145
0.0288564
0.0628602
8.87141
2.88554
0.808914
0.103211
0.0362594
0.000575368
4.29205e-07
0.215142
0.0279794
2.74446
0.856812
18.0228
3.78636
24.0364
21.0531
1.17564
0.309361
10.2494
7.67971
2.00959
0
7.15671
1.10895
6.38399
13.572
2.65845e-05
0.199836
0.0553759
0.920524
7.13998
4.9145
1.23007
0.627231
1.75735
0.00393082
5.66249
0.0311786
18.7477
17.9565
5.74178e-05
3.01629
7.5154
2.10494
5.75901e-05
0.00333523
13.9441
0
0.0439825
0.635711
13.3104
29.3009
3.58025
9.01976
25.9087
1.04475
15.3115
18.4682
3.50723
8.50895
0
4.12319
0
11.3952
13.9822
4.4872
8.52501
0.259687
1.67567
0.000334148
1.12189e-07
0.56144
0.0532898
0.0308666
0.0338405
1.70224
0.591359
8.81625
9.5729
0.314931
17.9562
0.18872
8.31971
0.872449
0.00344836
0.804994
0
0.0031375
0.869187
8.42567
8.24475
4.09791
26.8379
11.783
9.0848
0.00591508
16.1964
21.9369
0.898902
4.25322
0
1.16766
0.0260099
2.14673
9.1582
2.9728
0.720272
0.0385731
0.0665406
4.01387
10.3675
4.22816
4.48137
2.71342
0.0452562
4.49256e-05
2.98267e-08
0.0491645
2.06366
4.83999
0.000597597
0
7.42963
5.37154
10.9577
4.38595
1.09852
0.88549
10.4787
4.5601
8.14169e-06
23.3038
0.000490955
14.1014
3.29674
1.14477
45.3874
29.2028
0.583656
0.445947
20.5779
39.4215
3.45821
8.34833
0.582902
17.3883
5.03186
7.36497
0.108082
5.60916
8.60444
8.06792
3.73032
5.03662
7.84424
3.24363
5.22318
6.74364
7.79763
2.43899
1.53407e-05
5.94142e-05
0.0389615
0.183139
0.0525183
0.106173
4.19758
5.23205
18.8751
0.0787524
0.0351673
0.867658
3.3635
0.408837
8.93577
0.325698
0.0820991
14.9935
11.5686
7.59924
18.2541
9.64265
0.931759
0.108698
11.3368
17.2171
19.9497
7.83492
0
0.0291774
6.32219
9.0472
0.327841
1.08494
7.62616
0.476599
6.99858e-06
0.331949
0.360226
0
0
0.00549255
7.12702
0.926983
5.03325
0.0400672
107.333
3.02949
0.167342
2.52064
3.11265
1.54818
3.12475
7.74763
0.00412683
8.4082
36.2153
2.56065
0
81.3475
0.295338
0.0824187
2.71491
0.194518
0
0.0419477
7.4131e-06
0.365499
7.89317
1.57985
4.09352
6.20421e-07
1.96255
2.28404
9.25675
0.17118
1.88124
0
1.39503
2.09246
0.306223
0
22.8535
0
23.1205
0.724044
1.27852
13.4213
0.0113632
0.962952
3.18318
4.43629
0.00920541
1.38033e-05
19.3241
4.18738
2.47519
11.867
3.53885
8.85087
0.931415
0.14358
0.443219
0.78748
0
2.53889
0.446297
0.757615
4.11657
25.613
4.26683
0.767541
2.29235
1.5116
0
0
0.0954628
3.61742
0
0.0124735
0.942339
0.952875
1.62417
0.0220927
0.808943
0.745191
0.122569
0.384064
9.34462e-05
0
0.990106
0
0
2.7519
0.041566
0.170141
4.09732e-05
0
6.95479e-08
1.72996e-07
0.00273203
18.4903
2.78068e-06
2.16816
7.66339
0.0308971
0
37.9056
2.33035
8.90322
0
0.074344
2.27449
0
1.67721
1.98365
0
0
1.89452
1.69237
0.71672
0.791342
13.2843
0.0285234
0.0371573
12.4095
1.74316
1.63367
12.5202
0.00574953
0
1.11238
0.538725
1.91197
1.77691e-05
0.000108556
1.28925
0.62035
0
0.582391
4.6315
0.0134072
0.714747
0.476803
1.37564
0
0.00829049
0.398151
0.460327
5.6801e-05
0
5.78892
2.15372
14.0214
0.303777
3.56687e-07
2.00083
0
8.00742e-05
0.00948681
0
0
0.27843
17.8513
0
12.5497
7.73567
10.6308
29.3783
0.0605142
30.3861
5.20734
12.4664
0.117157
0
1.34672
0.00262926
12.598
0.000215764
2.82186
0.00677534
0
2.87747e-06
17.8131
3.79848
0.092188
0.000390391
11.944
4.36772
4.80163
3.31738
1.68417
16.8216
8.90734
22.2741
0.0278887
2.84335
6.04538
0.0775501
20.1169
9.49899
25.3707
34.3525
7.23934
7.05801
22.9261
9.95168
26.4583
26.9695
30.6602
1.85351
4.14433
3.77691
13.8498
7.6811
0.454664
0.768886
0
0
4.85314
9.87202
5.48374
0
5.49683
0.740593
0.000244459
2.83163
5.12054
5.49617
7.50105
3.35795
3.37852
1.69677
5.8351
3.48769
5.45898
0
0.0544104
2.72747
3.7064
3.78806
4.03225
1.74037
0.233553
4.63849
0
0.41478
0
0
1.82363
0.00679912
0.831599
1.75971
0.130888
0.673798
0
0.661526
0.555175
0
0
0
0.000125311
0.00169154
0.000951918
0.0958029
0.856752
0.00726679
0.136743
0.759079
0.152644
0.45238
1.1954
1.48666
1.17853
0.0327411
0
0
0
6.21488
0
3.46726
0
0.00606968
0
7.95852
0
0
0
6.46465e-08
8.59173e-05
8.29678
0.0385712
0.0271772
1.00712
0
0
4.62626
1.00902
13.0493
6.30212e-06
0.699591
0.559564
4.58589
14.7238
1.19592
19.6447
18.3364
14.7643
8.07781
15.9349
16.3057
21.9316
46.9598
27.8011
23.0178
9.70655
0.025405
0.00222069
16.8866
21.4676
29.047
20.634
14.9702
26.4341
1.9631
25.1173
14.7232
23.3776
6.80897
11.9834
22.6111
17.0758
15.8174
7.5943
0.380084
13.8242
0.207502
14.344
18.4117
19.0687
18.2109
4.63184
11.4026
25.8434
12.123
0.473057
13.9624
15.8499
5.17354
15.5702
25.3651
29.2667
27.8763
21.4174
17.7702
15.0766
7.49598
18.989
1.8999
17.9146
7.92377
8.03541
0
11.3027
4.38533
1.73674
0.305792
1.9028
0
1.95974
2.39917
5.56402
3.0036
7.89505
1.15929
0.049374
1.03623
0
0.0126639
1.45371
9.46001
0.86257
0
1.23854
12.1948
0
0.00140945
1.10569
1.39518
0.604621
0
0
0.0543481
3.82951
0
4.52144
4.9934
5.11653
2.0069
0.768199
1.89619
4.1056
5.32439
32.6959
10.0851
15.0399
5.97026
2.38478
22.1142
14.8728
33.8796
18.7147
21.7803
10.7174
0
13.5953
10.4161
9.56374
0
19.2656
0
1.15144
1.80911
2.05116
3.06045
5.2584
8.46579
0.232073
15.1638
0
0
11.4287
0.738736
2.10079
0.000423957
0.343834
0.994234
1.20397
1.44673
1.25171
2.62176e-05
0.808439
5.49019
0.804365
0.100898
7.04899e-05
2.06494e-05
0
0.000104236
0.0715426
0.0016983
23.6957
0.000310334
0.00300724
0.207171
1.62591e-05
11.6634
6.54973
0.248665
0.528534
18.3161
6.79552
0.570706
5.48156
0.199473
3.77271
1.87588
1.00593
5.51846e-08
2.49662
0.0368094
7.69994
3.21177
27.4972
2.1787
0.0307751
0.000318257
0.967453
0
21.184
0.491281
1.00032
3.3633
10.3053
0.692098
14.1693
2.9828
4.22547
14.2511
6.6527
16.6551
1.36398
4.04724
4.97576
2.80707
1.93032
21.4875
0.43627
0.859582
10.4231
1.57638
8.14446
1.91648
7.37744
1.74445
3.38493
2.61036
29.207
4.19723
0.96216
1.58073
6.97055
14.7095
5.03008
3.0681
10.4263
1.51175
0.0122056
0.0965749
0.937845
1.21331
0.653017
6.32871
9.47137
21.276
16.4103
0.101147
13.0664
26.4592
1.56578
14.6855
4.07088
76.7414
3.60813
3.88176
3.45885
44.6276
28.0153
17.5608
12.1914
7.36071
0.584495
0
0.00665458
0
0.0179572
0.149129
0.00602757
1.5432e-06
4.06531
17.8646
15.5804
2.05624
8.54586
0
0
0.684092
0.0847185
0.0320614
0.843899
0.0217337
0.00655812
2.5292
0
0.794348
15.7277
0.495675
16.7433
3.37896
3.61326
0.0480551
0
21.2676
2.83262
0
11.8387
5.94021
3.35334
1.75273
2.07725
7.51709
0.000536893
3.40922
11.272
0.25602
0
0.44317
0.798776
0
0.243309
19.4506
0.758206
24.9073
12.9474
27.95
0
0
0
1.02014
0.00158794
6.30757
6.82325
20.4485
0
6.17042
9.48873
12.539
9.71426
3.72109
0.623293
17.3247
0.0158202
0.0276767
0.00874059
0.00013102
0.000214286
0.0852966
0.0145253
0.149067
0.00994572
0
4.56573e-06
2.47253
0.0125607
0
0.640824
0
0.386103
0.479344
0
0
3.45421
0.257774
0.085725
0.910044
0.00809001
0
3.60432
12.6818
1.04043
4.22739
0.287632
0
0.021284
0.857716
0.875093
10.8473
2.83931
6.7931
2.72597
8.14618
3.25172
2.71661
1.00833
8.46225
3.38676
4.26675
0.534368
7.33126
5.49288
10.6632
12.0107
8.10899
4.30558
13.0022
14.4707
16.9771
6.35853
9.67552
13.6887
12.0732
11.4318
13.7004
8.88065
10.9733
9.634
5.13484
1.08354
4.81795
13.4401
9.13562
10.6099
4.14763
0.404682
2.06696
4.0716
9.66797e-08
0.338638
0
0
0
21.0529
14.7548
0.262754
2.77922
3.14816
2.73435
0.641841
5.50631e-05
4.75607
0.0042509
12.1212
2.51075
1.26625
0.388268
13.3218
10.6426
4.26983
20.556
6.59837
8.423
9.16799
2.69629
10.0478
0
8.58822
14.9393
5.18931
20.0458
5.1402
5.53028
7.19937
4.46926
4.4105
10.5368
39.1447
11.3354
3.23409
1.19234
0.744193
4.3327
22.3304
7.28445
34.3371
26.2247
9.86505
14.9089
17.3502
15.2633
21.9511
22.8134
19.6985
20.7304
13.2611
6.35543
7.93348
10.0577
7.92126
0
0
0.954989
1.03082
3.59882
10.4306
8.91997
7.44353
9.14283
4.2188
3.25846
3.05921
8.54638
5.13732
8.27776
4.4941
1.4168
2.51326
4.15118
1.66711
9.5224
1.96354
35.9282
1.45448
1.24953
5.8415
9.72853
7.49897
1.37115
5.36063
4.28045
5.04955
8.23045
8.22922
11.6618
6.4203
16.3215
15.4926
21.3366
24.4346
18.8848
9.77739
5.07522
0
4.21632
0.290888
8.43454
11.6773
3.18893
3.42527
0.122946
10.9573
23.2661
11.1637
11.763
11.6489
9.10447
38.518
50.4499
0
0
0.267528
60.6698
43.6482
35.6353
4.28658
58.2649
0.508984
14.8833
0.898029
2.16901
0.0217526
8.85642
9.80043
0.0591583
18.1486
42.1308
24.0172
11.3934
6.48475
0
30.7931
6.63667
38.1396
5.04311
3.41952
32.0655
30.0278
20.7039
32.2532
10.4134
18.8972
18.0582
24.048
8.02806
19.3181
22.75
26.7828
4.33264
21.4207
7.89332
8.5651
13.5253
29.8475
14.5287
17.3492
13.1857
12.8935
19.6217
9.24143
11.6719
0
12.6786
0
3.85701
8.21241
9.48745
7.98023
6.3362
4.93564
8.81168
8.74879
10.7292
16.0922
8.74847
9.05014
11.7145
11.3309
6.13864
8.53983
6.08305
9.74404
9.7909
9.3084
5.96917
7.57554
0.123307
14.308
4.42241
18.2641
1.70445
11.8094
7.19502e-06
3.52228
2.05544
10.1641
12.3835
16.3149
0.0392427
8.49575
8.31239
4.29655
3.36185
1.2605
8.05211
9.61211
7.37063
5.99089
3.72148
0.385044
16.5519
0.390631
0
0
1.29124
5.3144
2.19282
3.85814
0.261899
0.213958
0.168946
6.51196
0.975273
1.84066
1.19447
10.2578
1.55512
0.878871
2.07189
0.718896
0.722274
0.981635
0.00326972
0.464381
0.151087
0.144173
1.12614
0
0.515674
1.10441
0.779606
5.49411
0.206344
0.469324
1.8978
1.79674
5.18159
1.40211
2.92836
0.000360638
1.19284
0.793342
0.189437
18.9874
0.0123692
7.6894
0
16.1828
0
18.422
0.011433
0.929668
13.216
1.2041
7.8597
15.6485
36.1467
0.000207588
3.95955
0
0.371137
1.03426
0
7.43454
20.3672
2.47504
0.402815
24.5983
0.981226
0.83002
0.781482
0.526406
0.655
0
0.11137
1.30184
0.7548
1.15287
3.76174
0.458027
6.68372
5.04454
1.35885
2.9889
13.3713
1.28928
15.7662
0.258429
8.42293
18.0417
12.6223
2.74281
0.17378
1.04727e-07
0
2.19073
8.17214
0
0.888719
0
6.04015
0
0.00210771
0.452603
0.00236243
0.231958
0.0241163
6.20087
2.2076
2.61049
1.82213
2.25917
0.00427155
0.0221269
1.09392
1.20641
0.860785
0.000172995
3.89656
0
0
0.295251
0
0.368061
0
3.90961
8.43298
1.33786
12.6338
13.7193
30.4852
3.28872
3.53651
0.00536156
1.0833
0.00143649
0.503989
7.53315
1.42866
4.04809
0.00220388
0.640317
5.49384
26.2095
35.5419
12.6376
3.72881
1.04615
6.04858
4.4979
2.69588
14.4878
10.6151
11.7531
16.2062
8.14328
1.5005
19.9535
15.7732
10.4337
11.2061
0.720718
10.1195
3.38967
38.083
0.116735
78.7134
94.0146
2.7572
0.945061
1.02591
0.98691
0
2.40163
0
1.64702
2.2139e-06
0.193707
0.0192637
7.82308
0.449927
5.52294
0.468364
5.27212
1.55329
2.4251
12.1545
8.48846
8.02215
4.4589
0.0282205
7.93875
12.9717
8.56544
4.13521
19.4563
9.90535
12.0003
0.027721
2.11585
0.0205222
21.3847
7.49429
6.95285
1.42134
0.000105974
5.39419
6.931
32.3485
8.93648
8.82177
7.22831
4.2419
1.81928
7.70224
6.78883
5.00502
6.70088
0.00320418
4.86143
17.562
0.939175
1.01136
12.5947
0.0153708
6.29205
0.0686343
0.255015
4.43252
0.378616
14.9504
0
16.2827
18.8853
11.3406
10.697
6.82478
9.95805
3.85588
11.1163
0
0.553032
5.62836
0.830703
3.50448
5.32585
7.00376
7.73065
7.25143
15.6573
22.853
31.1117
15.4713
13.0071
0
6.65075e-06
0.180153
4.67667
1.38747
5.18697
3.11629
0.670694
0.0795163
1.06832
2.87112e-06
0.771609
0.142852
4.21679
2.6151
0.0258123
8.02047e-05
0.890828
13.6647
8.82167
5.30532
0.876146
10.6659
1.14203
7.24994
2.20934
12.878
0.00460998
16.7157
0.079779
0.721159
10.3355
0
0
1.17283e-07
0.83435
0.496567
0.0855878
0.00129723
0.000197918
1.65788
0.0445873
0.00148418
0.139149
0
1.89456
0.672017
0.997642
2.29062
5.36226
7.83189
0.850176
0.00115989
3.00452
2.61843
1.63141e-06
0
0.00378851
0.270544
16.5838
0
4.83602
28.9553
16.1729
14.8431
34.5233
19.6137
28.382
1.0591
8.76881
3.17173
0.0992788
9.20359
1.94489
0.350996
0.0619561
15.7358
0.0167152
8.69738
16.6323
5.9917
2.15632
9.15981
8.9426
0.435672
19.849
11.1322
16.155
17.3867
0.459027
20.7812
0.089331
8.84658
2.38579
0.563073
5.82216
2.15444
1.15156
0.172066
0.290708
3.05684
0.80597
7.21204
8.38171
4.32536
0.000815738
15.6207
11.8872
5.49947
5.17835
14.1779
12.9169
24.1769
1.91963
16.8409
8.09589
13.0323
10.6868
14.9357
3.36624
8.54203
0.116452
4.50471
4.08841
11.6272
3.39955
9.46886
13.6018
3.75581
4.14908
14.8701
14.8709
8.09562
14.0144
19.3154
7.0491
21.4639
17.4613
9.75863
22.379
15.652
0
9.4864
16.4678
6.96099
4.40735
26.3118
0
20.1038
36.8977
2.73653
0
0
34.0577
20.3522
32.9522
29.9194
3.15313
22.5705
22.5202
7.02381
23.4986
35.52
13.201
3.8861
9.53755
11.3569
19.6024
16.0187
35.6567
9.02742
16.7847
12.8948
26.41
16.5675
0.581985
38.8932
23.0664
8.97846
0.0882212
10.8844
20.1678
54.9995
23.4955
0
33.2222
21.9369
19.1703
3.95875e-06
6.18925
7.3771
13.6244
19.4011
5.45903
8.77146
12.725
0.951258
0
7.68447
0.636342
14.5292
1.77616
7.19063
22.052
30.2831
15.9129
17.6088
0.529112
16.1432
0
7.67692
12.4649
11.8513
9.43919
13.5599
27.7197
30.0083
28.2871
18.5295
15.6165
16.2223
19.495
0.668516
14.0594
10.3502
9.68408
0.557751
8.5954
8.53258
19.9205
14.9881
5.20018
9.94402
17.9884
0.00395835
5.17667
8.70061
10.2696
9.99215
9.84269
1.09789
1.42957
8.48706
10.2143
0.943875
2.85522
0.108123
3.52805
1.00259
11.935
0.30308
10.4373
8.74216
7.75085
19.1819
10.536
1.39785
20.8352
0
0.897094
1.64645
7.06304
3.18472e-07
6.00172
12.9613
9.61333
5.79334
5.55093
8.47869
23.7416
17.0232
9.92175
11.5818
12.1019
10.817
9.13463
14.2059
2.54263
8.66093
29.4309
0
10.7067
13.2202
34.8695
8.5565
1.9548
18.7526
1.0559
13.0915
4.8961
7.53982
22.4637
16.0354
24.2004
12.9907
8.26392
14.9289
9.47146
10.3923
7.85334
10.9395
7.48867
0.102985
6.29505
16.3243
10.6391
18.4975
1.0161
0.345867
11.1838
8.49871
19.5894
9.2913
0.0278293
9.35843
1.69111
12.7007
5.51933
11.0474
0
3.67805
2.97797
3.39173
17.6318
9.59339
0.723229
6.3089
3.17549
7.61631
16.4164
2.23675
6.25999
7.95127
0.677868
6.45663
2.53152
11.8923
4.95715
3.05971
11.4745
7.50764
7.42085
9.89267
20.4521
15.7215
0
3.57489
0.00210885
20.5081
2.78683
0.126459
18.4424
3.86924
1.17393
63.182
0.277385
35.4193
1.4306
25.3751
0.930269
0.131938
25.8706
1.24359
0.720072
0
0
0.00210992
26.9235
3.53389
3.19248
9.24294
17.9943
10.156
9.66017
2.41972
2.62552
6.58878
12.4944
20.2782
0.206212
50.8456
31.762
1.42347
12.247
0.995702
10.4356
6.48779
0.176136
8.31625
0.189623
5.48518
7.26647
0.33299
0.136697
0.000721857
1.4739
0
4.15482
12.7493
8.62555
0
0.227023
14.4087
10.8803
10.8405
3.08949
6.93493
3.25756
2.59013
2.81259
8.63868
8.06241
0.0342221
5.2557
9.68887
7.85228
5.9605
1.98201
3.0447
6.87265
11.4927
7.6604
7.98894
7.04332
162.176
6.47556
13.2848
6.02426
156.18
4.46604
6.85078
5.67889
3.4739
5.96228
6.79625
1.75711
7.85736
2.00978
4.90387
4.13391
1.32211
7.12872
67.3456
13.3107
44.1971
1.76249
0.000157089
13.6735
29.0643
0.41816
0.000653295
0
0
7.0323
1.91559
0.665711
0.0484835
0.0205681
4.84725
4.06717e-05
0
10.7123
0.00192077
5.24317
8.32331
0.000115299
0
12.1702
2.75758
13.6884
0
2.88704
2.55422
0.00353261
0.16504
1.42137
0.254069
0.974871
1.42179
11.1367
4.85528
8.72563e-07
4.46462e-09
1.61473
0
0
0
0
6.96019
31.2707
18.3014
2.00947
10.8684
3.47543
14.2312
3.60171
9.19011
8.29276
9.14586
6.35176
9.83238
3.61056
7.98402
7.41033
20.9391
14.2316
2.05598
2.68329
25.6567
8.11813
28.444
12.2124
14.5691
0.677511
9.36489
0
1.56464
9.27137
15.4725
8.96719
5.90414
5.67229
5.97621
6.4192
0.45478
0.153264
8.19668
4.71055
8.05962
10.6245
21.1764
16.9514
2.63276
4.32464
2.20841
3.72132
11.4757
12.6989
17.8493
4.48018
1.96674
6.48332
1.34478
2.09417
0
0.802895
1.38135
1.29403
5.07456
0.0437044
3.37232
17.872
19.9864
13.957
1.59928
10.1616
13.766
34.8711
13.9168
7.5576
0.860712
0.00765232
7.77921
8.06923
2.7076
7.76022
16.1981
10.9545
13.3322
10.611
1.34975
0.018284
1.49965
11.6544
3.92428
4.7848
3.8333
2.7726
14.2492
1.72572
0.652569
5.01388
1.02561
0.790748
0.169499
11.0173
10.512
1.88792
0.27769
3.52359
2.0728
1.90607e-07
0
0.0310301
0.000327622
9.85398e-05
7.82607e-06
11.8152
2.8289
2.30401
0
0.028879
0.0784476
21.0789
0.0381798
21.5974
25.3158
0
36.7909
9.00295
0.276266
4.51094
9.66014
2.80928
0.512143
0.434265
0.915188
0.321043
0.0184482
0.0208185
0.0206307
0.446165
2.17022
4.91846
7.63173
4.20814
1.52727
1.10158
0
18.4411
3.67051
3.83781
4.59648
1.56315
1.76805
14.1379
21.6894
8.49209
12.9053
15.439
8.83333
8.39702
8.81601
0.741567
19.8324
6.9445
6.8528
9.55492
16.8241
9.60504
2.10639
3.61476
21.356
0
0
0.00181474
4.66062e-06
0
5.39055e-06
0.0437576
0
1.42694
1.34612
2.02216
13.0209
2.50339e-07
2.88387
0.477968
5.6581
1.70418e-07
20.0175
23.5598
9.98976
20.5887
18.6036
28.8725
12.238
3.26327
0.181914
9.67866
11.1184
0.0879632
11.6527
7.55032
0.160818
2.50684
14.4958
2.29149
25.3751
7.68513
13.8061
8.67382
11.6356
2.78307
9.87813
6.17352e-05
2.49565
0
8.14523
1.30016
1.39634
12.0659
12.8438
0.720917
24.2145
5.50629
13.5803
9.32488
0.255838
8.32942
21.0209
10.529
8.76908
9.36457
22.6055
1.40766
8.3715
6.89677
7.02143
2.37767
0
27.2234
0.185092
0.100599
0.0422185
2.42521
1.69353
4.53239
0.504378
0.296186
2.32108
1.65221
1.02654
1.49987
1.2019
3.72772
2.24024
1.10831
1.73715
1.05265
0.748783
0.00999245
0.878161
0.0442758
0.173364
1.63485
0.0038534
0.317402
0.541172
0.554536
0.188019
0.257442
1.74199
27.3499
0.179842
27.4075
8.37453
4.52552
4.3066
12.8808
0.00389492
0.896066
0.00523356
8.24831
0
3.22678
8.43628
10.9161
0.114737
5.27997
5.101
14.4655
27.0579
10.0425
12.6575
18.3759
1.27321
19.1775
21.1216
0.0148952
0.976565
8.94533
0
2.17403
20.215
0.111022
4.06703
0.822275
4.99365
0.864012
0.375757
0
0.480679
6.23965
0.329549
0
1.14947e-06
9.40706e-06
14.0572
8.68819
8.56925
11.0502
1.79033
12.9493
8.39034
1.35315
15.1148
18.7205
20.9823
1.62297
0.000127001
0
10.9543
0.415958
0.00727202
0.948234
0.0331677
0.812612
0.657599
9.13361
0.99556
1.73724
17.8444
0.0198963
0.351755
0.358134
0.899234
11.5659
12.558
0.141899
0
0
0
0
0
29.9304
0.150389
0.0377062
8.8017
0.0435964
0.0153849
2.56032
0.0780707
0.00239886
0.0765001
18.6944
27.9515
0.0108667
0.663252
0.415379
0.0110071
7.86576
0.0516776
0.000451761
0.237436
4.81907
0.412271
0.0152638
0.0012598
5.07367e-05
0.000255136
1.01519
0.112603
0.428645
0.86561
0.198229
5.78609
2.46947e-05
0
7.02042
0.597268
1.44523
0.0875482
0
0
0.93851
0.0890879
0.673283
0.00416014
0
0
0
0
13.3799
0
0.343464
0.685944
0
0.878675
0.000932351
4.2158
0
5.68727e-08
0
3.30042e-08
2.74442
16.9324
3.72553
4.79813
6.72831
0
4.67553
5.91796
11.0689
4.31515
0
7.93924
4.61759
13.7112
3.48548
0.00127415
0.395421
2.00303
0.78592
0
0.242332
0.0187
0.361894
4.64334
7.04858
5.40114
22.8235
0
18.8346
6.76826
2.79489
16.3204
0.0406458
12.8019
18.8599
2.15796
1.54463
6.08032
10.3132
0
0.693634
0.45875
0.544142
37.5605
9.46287
6.3841e-06
12.621
0
2.12567e-06
1.40791
1.82552
0
2.64736
18.9923
0
5.19456e-07
3.05627
0.549871
0.69832
0.438913
1.01264
1.46617
0.43808
1.14009
5.27983
1.36344
0.000939653
15.1788
16.3641
1.17968
0
1.93463
0.0214009
1.14018
12.4724
0.615404
2.34768
0.559573
1.24045
33.2809
8.16066
12.2225
0
10.9834
20.2009
13.4485
27.6229
1.64963
0.0406403
19.8938
1.3734
35.2837
2.73188
5.42068
14.2571
2.15758
1.41537
0.119888
0.96207
17.7821
0.0175094
0.017439
14.7821
24.5592
0.0129665
13.5
11.5531
3.69666
12.2914
1.01304
6.08884
20.112
1.79882
2.11632
18.0555
6.66945
0.980176
0.485353
30.0968
11.2194
9.80498
6.12868
10.7142
0.897214
15.2993
12.5798
0.642203
15.0937
1.97305
3.83312
16.874
6.81293
11.6764
1.00546
0.655337
0.708464
1.22143
1.87687
0.663614
0.0124591
0.138072
0
2.44775
2.72403
0.468802
0.976354
0
0.846414
3.66539
0.212515
0
23.318
5.0265
0.0715284
0.276672
5.21084
9.48515
0
4.99268
53.0417
2.8105
7.97132
6.94707
17.5763
1.6107e-06
0.97495
0
0.0280692
48.6905
0.0716592
1.08367
22.6444
2.09165
0
39.9794
2.89555
0.867338
1.89376
0.809388
22.319
3.6045
0
36.4275
8.90739
1.27315
5.97171
23.2751
13.1122
14.0165
7.81611
10.5257
15.3286
23.4689
29.6433
30.7447
35.0159
12.732
10.7455
1.34621
5.55465
0.031469
4.44962
9.3715
0.367896
8.43531
10.6339
11.2454
2.59503
0.0569536
0.823097
0
0.0102427
0.00622126
1.24022
0.198553
0.0980341
1.20144
0.0531643
0.0443469
0
44.5573
41.131
0.0125054
9.71676
21.6682
14.075
5.4689
6.17978
9.87481
0.879221
3.19873
3.71689
2.77334
6.21197
3.41853
17.6221
7.64622
16.3111
4.89144
23.3299
26.2221
14.7522
32.0861
16.5885
15.7949
24.4569
16.7592
4.32621
0.660699
0.664142
0.00149786
0.621064
0
0.353829
11.7419
0.683843
7.51438e-08
10.8989
12.531
26.4896
10.0055
12.8055
13.0973
1.45084e-07
0.0692276
0.142803
1.52983
1.6625e-08
5.75534
0
0
0.162937
19.9184
24.141
21.9732
7.13603
13.7993
2.98366
0.0089066
0.210235
0.510593
2.30886
3.26083e-07
1.28893
1.43115
5.83165
0.142263
0.0778844
15.3916
0.0546802
0.0985763
3.20463
2.60187
1.09967
7.60585
4.37243
5.86383
7.49499
0.13387
1.09519
0.128831
1.23357
10.9902
0
0.117018
0
10.2622
2.03565
0.0371853
4.18657
0.161127
18.2799
0
6.9698e-07
27.0019
