11.1417
4.69065
7.71983
0.045686
0.717614
9.8724
0
13.583
1.31964
14.7986
20.1338
1.1371e-07
0
0.738473
8.67819
0.0129224
2.49362
20.7703
19.4418
7.83583
31.777
0
0.331833
0.159344
5.42263
5.34938
5.87859
7.2165
67.0225
0.418172
0.910313
1.55943
1.53027e-07
0.818173
1.78482
0
2.93487
12.6585
8.65198
10.656
9.84381
15.0617
4.2687
7.8538
0.660414
3.03247
1.94105
0.733869
0.00122086
0.0494617
1.83702
0.0374239
8.96879
2.21756
4.87123
0.737474
20.9518
2.99689
1.52083
0.347341
10.3427
0.353511
6.8376
1.43424
7.43178
0.890085
3.73461
4.08425
4.53775
2.15094
15.8426
0.373241
0
0.0149238
0.961395
2.43012
6.29675
3.13264
0
1.28186
0.417226
1.81757
0.00298308
0.0200394
44.2639
3.22466
3.29411
8.57986
6.07678
7.57023
14.4506
9.08237
2.66168
9.05938
5.99773
7.17095
8.66496
15.486
2.77513
0.925665
3.75306
7.76777
11.2125
8.77875
8.8031
4.55322
7.67846
1.17704
0.0214369
5.77167
5.30283
8.04386
9.38723
6.46803
4.26704
3.06418
3.4017
3.15128
4.93572
3.18026
1.54415
2.39506
1.6728
1.55578
0
1.69302
6.69623
0.101822
0
0.0426065
3.47533
0.783681
9.8261e-08
5.75521
1.16492
5.9697
3.76624
2.12996
1.00314
0.163497
0.0792584
0.102742
0.920483
3.04184
2.91846
0.55973
0
0
15.4247
53.0062
2.58371
1.16574
0
0.0175515
6.56483
7.15779
15.9632
15.0872
7.50488
1.09703
12.2693
16.0556
4.88219
5.91006
1.25245
0.000261681
3.88108
0
0
0.0616352
3.35264
3.50198
0.952052
7.62044e-09
0
0.232812
1.20488
0.757451
0.116401
0.842986
0.051688
17.1149
0.00898257
0
12.2816
6.28797
18.8583
5.48637
17.8627
28.1099
20.455
29.7546
9.51482
20.3659
2.10163
0
6.43134
3.52232
22.9329
4.22763
24.9714
61.2147
23.663
47.3553
14.355
6.66483
9.94074
1.32305
41.9432
13.7982
36.2917
48.9432
4.27728
27.9812
28.4056
28.9343
3.36107
45.5007
27.639
3.91159
9.4482
4.38138
20.105
2.57182
21.4127
15.0165
15.3788
18.2393
20.5603
0.687269
2.98568
2.53986
18.0312
1.07875
2.95818
1.14146
7.44337
4.0977
1.89382
7.50178
3.31749
2.31754
2.53912
1.37611
1.91825
0.463754
0.878787
0.00483558
0.817502
0.00184812
0
2.56467
0.108017
1.04909
1.01947
0.0114853
0.350319
0.73814
0.129396
0.287184
0.24999
0.000108464
0.142086
1.97045
0.174093
0.246937
0.599393
0.0037938
0.00878011
0.657832
2.28645
0.597398
17.8751
0.121629
0.0443402
0.208666
0.957421
0.000783501
8.5761
0.745323
16.8632
1.14175
0.833508
0.262819
0.0191211
1.08252
2.19586
0
0.880949
8.60171
0.0145597
0.0436118
18.3682
0.575799
0.718381
0.0515224
1.647
17.0088
2.47021
4.22781
1.21591
3.91546
6.85845
5.82432
1.28915
24.5897
3.57107
5.49746
0.94313
1.04123
1.78247
1.22311
4.79514
4.36941
9.9423
15.0307
28.1596
10.5838
9.97432
7.20376
0
8.14144
6.89191
2.25513
10.2041
9.67897
2.42867
0.0553268
1.15476
0.000931257
0.02481
0.00642606
0.486506
0.0285938
0.556214
6.6846
4.17478
3.92086
5.14926
0.0676495
24.9758
2.9316
10.7033
0.184108
0.0416838
1.61619
0.5109
2.09371
4.05751
4.48242
1.13888
0
9.31724
8.86972
2.05464e-07
0.935288
8.60735
5.99549
0.732858
0.0930862
5.91992
5.718
0.858211
5.3235
0
0
0.423092
0.6014
2.2685
1.83429
0.982302
0.325901
16.3446
4.59752
2.05875
2.79673
0.633521
9.12588
21.6809
23.2636
10.5273
3.91219
0.633376
5.52128
21.0972
4.30331
6.27217
5.01637
1.65932
6.36817
7.26801
1.97291
5.13966
4.03257
1.03513
14.3898
10.5887
11.2233
0.839923
15.7309
13.7959
19.4685
10.2518
23.1381
24.6824
8.86805
7.48491
12.634
8.20135
0.69094
17.194
10.2515
9.3666
10.3784
6.79398
1.14744
45.4999
8.23978
11.1453
2.13025
3.21657
4.83276
6.05229
6.9853
16.7669
9.38945
8.67595
17.9623
18.0887
12.4781
17.9037
12.5417
22.5131
14.7469
13.9416
13.5232
9.71426
0.958161
3.18003
10.939
12.776
4.93065
17.5564
14.1832
17.1623
0.145421
3.98676
0
4.02337
4.01846
7.03542
1.02752
21.1638
10.2964
32.941
11.7616
26.7257
16.1318
10.865
9.71476
2.82983
0.35794
0.84638
0.0282839
2.47247
2.76182
16.3642
3.55855
0.634277
3.2875
1.84215
0.977321
1.4522
0.000204999
0.219
0.0272051
1.05933
4.91239
2.54467
7.81444
16.6697
6.36291
0.00171436
8.01561
19.0862
7.25582
7.92448
18.058
3.76294
21.7685
21.3809
23.1146
15.0115
3.10549
0.715842
11.7586
1.58216
0.304517
0.401965
0.00429263
18.1316
30.6733
16.2239
11.3688
33.5821
7.08822
4.58919
12.5156
2.29576e-05
8.14627
4.88847
2.03292
0.76088
6.67873
4.81307
12.447
19.1635
1.78751
13.5892
3.81094
2.52064
10.5282
7.86081
0
0
25.8725
0.0466585
3.76847
0.0668366
1.14672
0.00012992
6.33616
1.70338
4.45114
0.254791
4.09268
0.0401291
0.143368
0.946366
21.8561
2.47441
0
10.0286
4.08739
1.87142
3.52319
4.93598
3.51761
8.07958
13.6088
14.7646
17.545
0
23.2591
0.0320563
9.11515
32.1929
17.9305
13.851
9.82998
1.74568
0.086897
1.00117
14.8026
0.520744
0.00214012
5.10708
0.165774
1.69367
1.30803
10.6099
20.0003
2.11687
2.71964
3.03634
0.17036
1.43904
16.5262
28.3704
3.21578
0.781566
8.0237
0.396223
6.40533
9.07662
1.19698
5.53943
2.94002
5.40037
4.46505
0.108538
3.28803
2.13286
0
3.73801
11.3361
26.7403
0.268493
1.35561
20.5563
6.38918
6.59166
5.44722
0.606588
6.79349
19.5285
0
0.908852
0
3.7413
0
0.0102493
16.6728
7.97676
3.33715
0.0436059
1.01251
3.40375
8.40693
0.676473
1.27694
0
2.01859
0.70249
1.35942
0.837698
1.1774
2.09098
0.194384
3.50712e-05
1.49897
1.63651
0
0.0436088
10.1916
8.90721e-07
16.8789
13.8638
1.16559
0.0410929
6.04436
2.97241
4.55465
3.01272
0.00494542
0
0.325422
0.9917
17.34
36.0437
0.571321
13.3549
1.78573
8.26019
24.1467
7.47236
12.2701
1.32187
0.541594
1.91771
0
0
0
1.09986
0.127874
11.7524
8.71361
23.6773
4.79699
10.1453
1.3591
11.1777
4.07207
22.5589
20.0829
0.31523
8.02254
0.0187269
10.4493
20.599
2.37999
0
16.0818
18.2412
0.997974
5.32012
0.0245942
0.296805
5.7632
7.64873
4.80356
9.31419
7.21576
5.65484
17.7121
1.4209
4.82052
0
0.106858
0.163246
0
0
0
0
0.614601
32.493
0.586876
3.67375
6.90873
0
12.7827
2.89953
2.11902
2.71054
7.33668
7.25528
5.94282
6.4654
2.82579
11.9797
13.3487
7.68578
10.3451
32.6847
34.236
0.0461469
2.6292
25.4848
4.16906
0
6.85725
3.19273e-07
26.1798
48.2612
12.5044
13.5797
38.3534
6.60144
6.77974
0
7.64037e-06
17.8263
43.3822
0.456481
1.34432
0.966221
0
18.666
0
0.187662
0
0.351512
0.0582765
0.415309
3.16825
9.39306
11.7809
4.711
0
0
0.396475
11.8215
2.63908
0.835981
1.46243
22.6366
0.738821
26.7489
0.0594132
14.9317
24.5896
13.065
22.5951
1.69171
3.27483
2.08889
2.66995
0
0.815148
0
0
0.502139
1.19873e-05
0
0.00326348
1.37103
24.9887
5.94006
26.7212
3.61771
3.16797
13.6614
0.883462
0.87769
0.841747
0
5.67285
0.814171
8.97135
3.10683
9.14027
3.07652
13.1288
2.02869
0
13.2017
0.0156765
11.6053
0
0.140819
0.351327
10.2377
8.5573
1.31164
13.4971
7.0332
20.3679
4.21211
0.219534
1.56473
4.65221
0.842022
0.010645
0.296446
0
0
1.67687
5.3039
3.43532
0.633007
1.94043
17.4656
3.2307
6.51783
8.64111
3.01304
31.7132
0
2.47812
4.0649
16.2843
4.83652
5.16152
1.13299
0.530353
0
3.83135
18.6554
12.446
7.13312
4.22514e-08
5.67146
15.1831
6.73812
0.00285056
19.9199
1.81167
0.729964
7.27026
0.0973384
0.0180405
11.1632
0.751075
0
0.00252095
5.51909
0
0
3.06393
7.97378
6.47195
1.10828
0.459667
23.5027
1.84281e-07
27.2398
0.624241
2.79746
0.133945
0.0239861
0.374105
0.763662
5.74721
0.19302
0.0299604
11.974
5.7745
9.00444
8.35978
0.654449
18.7207
8.78263
4.17937
2.17475
1.87281
8.47069
2.48253
8.78121
8.51644
8.75592
8.57841
3.70745
25.5038
7.11322
7.39973
5.43085
1.2004
7.4277
3.87872
1.93649
9.19509
1.8681
5.69071
5.26716
9.75155
8.47487
0.617307
7.76324
3.33864
0.00436934
0.153128
0.0104592
0.0133626
9.73818
1.69512
6.64197
4.01503
1.01926
0.691635
1.9399
1.82628
13.2312
0
15.5249
7.43543
5.56851
0.96231
0.731157
0.0277238
9.01911
0.798749
15.0778
6.53009
2.19992e-05
6.67453e-08
13.3392
3.60011e-07
0
8.18027
9.99167
6.29897
0
8.74363
13.8547
1.00965
1.0827
1.08301
7.79876
0
0
9.92555
0.356832
1.23813
1.15459
3.77674
5.25476
8.82156
9.86639
1.16618e-06
0.26083
0.949937
1.10942e-06
19.1968
21.4425
1.09098
7.72305
9.32172
10.7439
10.2755
0.270514
0.00464308
3.69233
1.86617
2.74439
2.80342
1.64548
0
7.8391e-08
13.9242
0.379194
12.897
5.55464
0.587841
0
0.363539
0.000122218
0.00606897
2.75152
30.4378
4.33082
12.2175
17.2271
0.0055749
1.72771
0
0.883264
6.46406
3.8984
1.03181
0
0
0.215396
2.02962
0
0.420331
5.56324
1.43364
1.92491
8.99103
0.503319
1.21735
0.0440103
15.0426
18.5249
5.5956
2.82632
2.11715
0.656063
1.93926
17.5026
0.0160135
0.000626335
13.9466
0.925193
0.0195736
0
12.4679
8.3661
0.17347
3.22642
0.00550179
11.5936
0.169317
0
0.289319
31.6503
0
26.7776
0.0410097
4.60115
0
19.5227
12.2335
7.47923
19.5472
4.31589
3.60635
30.5966
6.28221
0.165319
0.00482592
0.303974
11.6386
10.123
7.85545
8.43842
1.0383
1.69907
0.244289
15.9159
22.8257
9.58888
17.9147
5.79588
20.6162
8.27031
9.13771
15.802
16.0685
2.72577
2.27192
5.67534
9.3129
2.23825e-07
0
9.7564
7.20975
0.40019
3.90232
3.91746
0
24.0469
7.22037
9.71024
0.777528
47.1267
3.48233
4.16008
5.63728
17.6803
5.87609
25.6165
11.6875
8.82827
0
0
0.0199285
10.1635
20.9381
7.66639
12.8314
11.5347
14.6234
16.2677
19.1657
24.312
25.5172
36.6984
21.7029
12.5163
13.7082
0.563137
1.60414
1.04296e-07
4.11352
0.666446
3.94756
1.73091
2.49154
11.3082
0.373236
1.07601
4.7767
7.19547
10.9793
23.2925
5.21557
15.6045
9.06662
1.05815
2.679
4.80164
16.3955
17.5677
0.63495
11.4421
6.50281
7.03127
12.2715
10.9658
16.5907
0.0612296
0.000671879
0.0207021
12.8816
12.7155
2.0402
1.3158
12.7418
0.429719
0.00138918
1.16711
0.00999219
0.930983
23.9674
0.0302685
13.0584
6.82972e-07
44.9894
10.3714
2.42324
0
0.101282
17.7825
19.8356
17.6079
22.6157
0.0456397
4.6482e-06
20.4592
18.0257
4.53997
0.702907
10.1249
7.8691
6.06753
0.000117318
14.6146
10.7476
0.640841
10.5171
0.197948
0
2.82575
0.163949
0
0.846213
2.53544e-08
4.1038e-07
16.042
0
1.59829
5.37471
8.54926
5.20719
6.13128
6.90209
10.5304
2.61795e-06
16.1485
0.48819
9.27435
4.95954
0
4.17827
8.83798
3.69009
3.93228e-08
4.06866
1.31104
19.4566
12.569
4.43522
17.508
0
9.32049
13.7316
26.5161
0.926881
6.28602
5.07205
38.8376
5.26848
0.150169
1.4964
0.702813
10.13
0.012936
2.92699
1.232
1.15688
0.0892044
0.0864303
8.38819
0.0993463
0.957772
0.00642147
6.00826
0.583576
6.46578
7.40251
0.248039
5.44192
1.29575
7.53943
6.31765
6.88334
0
0.0478624
0
5.32537e-05
0.00135097
7.77823e-06
0.899638
0.149578
19.3603
5.72672
2.93817
7.26642
7.19874
0
11.5592
6.8427
1.51647e-07
16.9599
25.7672
26.7435
45.2531
30.6319
21.0441
34.7825
0.385184
8.16248
22.2533
24.0344
16.2981
21.3893
2.07916
11.2897
9.38752
0.216206
19.9994
0.712497
0.385589
12.9352
2.54433
1.0038
0.00614122
0.0322296
0.585109
0.238453
0.894424
1.16845
3.94657
1.06411
0.446435
0.322078
0.00697021
5.42606e-05
0.0286441
0
0.0196372
1.06245e-05
0.657214
8.49779
4.35341
28.1047
15.8018
0.058762
0.550184
8.92253
12.7835
3.45276
0
10.2997
0.698834
7.74235
9.07458
0.00164489
0.251666
0
1.72679
3.44945
18.6173
0.0242901
0.322111
0.533496
0
0.000168238
0.0158303
16.1477
4.83159
0
9.38063
6.01007
1.76985
1.31391e-06
1.13931e-05
9.61649
0
2.03425e-05
0.136397
11.7238
42.4393
2.04087
3.56473
25.6298
0.410214
21.2439
17.886
1.85576
13.7983
0
2.24263
0.0193104
5.46809
8.54556
2.9642
7.50096
0.103899
1.24621
0.314569
5.34861e-07
0.0648575
0.000143088
0.254456
0.852454
2.05984
0.0804093
3.09453
9.50945
0.778236
10.0109
0.0624139
6.2513
2.1439
0.067907
2.01613
9.97802e-09
0.0235367
0.778548
12.0892
16.8258
12.1222
33.1934
7.76726
4.20453
0.766904
7.63376
33.4831
1.2655e-07
12.7936
0
1.82562
0
3.36404
10.6281
0.155944
0.0631877
0.00523835
2.12015
4.26696
8.04342
2.37867
4.6491
3.35987
0.0406727
0.163756
0.0104858
0.912978
1.85599
1.91505
0.302765
0
7.3362
5.6028
6.30029
2.38018
2.74076
2.57975
4.93077
0.738793
0
27.6058
0.00255548
16.907
2.0948
1.95509
25.8185
22.569
1.15404
1.27341
15.5431
22.6219
4.17238
8.62006
1.13915
13.834
5.42796
5.61686
0.00300034
1.34436
3.55258
9.2383
10.2483
9.54519
7.61135
2.3636
4.91813
4.90733
14.2093
2.03388
4.43721e-05
0.019662
7.35649e-07
0.725254
0.119202
0.189375
3.84104
0
22.9466
0.532897
1.30129
4.44264
1.76453
1.28506
13.0247
1.13211
1.3066
18.8644
7.05472
3.89448
21.2339
6.47604
2.50367
5.94105
31.071
21.4695
18.9021
7.45707
0.0142263
0
5.67015
6.29576
0.31294
0.64524
1.53002
2.51498e-07
0.762317
0.87575
0.24213
0
0.797548
0.00103037
6.87758
1.83147
4.93582
0
70.2911
1.29582
0.014997
1.54178
5.82052
1.08124e-06
1.92471
29.1645
0
3.65282
25.4236
1.98703
0.0231918
49.6432
3.91074
0.0367998
1.59405
0.132986
0
0.0859775
9.96252e-06
0.283919
1.78656
0.194453
2.85931
0
0.508583
2.30414
7.82196
0.0629857
4.27125e-05
1.46972e-05
0.722614
3.45517
1.55698
0
27.0632
0
24.8741
0.000477283
2.00922
11.9676
0.814195
1.03213
4.26235
5.39962
0.0206522
0.000106055
18.7311
2.97249
2.92689
34.3164
13.7414
9.58889
0.0123947
0.309936
0.151952
1.09056
0.955429
2.6565
0.246897
0.560274
1.60466
21.5814
12.1926
0.731306
0.872724
1.77922
0
0
0.957311
5.55836
0
0.22973
1.28364
4.38217
0.299204
0.307547
1.52061
1.43252
2.34463
1.03104
0.99083
0.470569
1.05073
0
0
1.00791e-07
0
0.0189593
0
0.627633
0
0
0.001685
12.4365
0.0306404
1.08767
5.56293
0.00592329
0
25.2784
1.6806
6.31189
0
3.04901
1.13178
1.90133e-08
2.09091
3.09262
0
0
0.823739
0.000414483
0.218239
2.40499
5.3808
0
0.948881
8.53081
0.00193257
0.986372
15.0906
1.17962
0
0.390837
0.0389315
6.38371
0
7.81499e-05
1.17136
1.57405
0
0.340197
4.53768
0.790874
1.05677
0.431274
0.161466
2.14614e-06
0.040992
1.21273
0.227931
0.395795
0
7.5561
1.07588
11.6417
0.0029687
0.496548
0.87193
0.326225
0.471807
0.0972262
0
0.812481
0.00531697
20.8582
0.353196
10.5118
11.0717
8.19352
37.9907
0.00016071
19.4379
3.51545
15.5955
0.0437966
0.191444
4.20916
0.499722
13.4193
0.106749
1.98548
0.704105
0.00125332
0.00157961
15.0367
7.49927
0.519076
0.971307
14.8488
0.846803
3.77832
8.47865
5.37233
19.8021
4.76123
31.7747
0.14161
1.17468
19.0591
0.000714354
21.6243
8.49433
26.5876
35.1271
1.86474
7.42134
12.853
12.8757
20.605
25.73
32.7814
8.47918
5.5027
0.105937
7.05403
5.4245
1.41058
0.692886
0
0
8.05433
9.28906
5.43378
0.195262
3.78645
0.0177626
0.131841
4.41452
8.0258
3.30572
4.21791
3.50542
6.57233
5.46548
2.76008
4.62365
2.48281
1.18569
5.88978e-08
3.64447
4.04301
1.77249
1.79256
0.00572264
3.5952e-05
3.87043
0
0
0
0
0.10241
0.0177748
0.62338
0.394235
0.881736
0.0692948
0.128848
0.00213294
1.34783
0.5257
0.0688014
0.904583
0.0207907
0.120159
6.19821e-06
0.737484
0
0
0
0
0
1.3332
0.255584
3.25435
0.293076
0.308532
0
0
0
11.7163
0
4.1798
0.0239138
0
0
15.1033
0
1.9191e-05
0.00717421
0.370926
1.47231
10.7578
0.00545302
0.0098803
1.82417
0
0
2.73831
1.73229
7.96048
0.00105316
1.82846
0
6.71136
14.7457
1.75155
28.4207
21.4439
15.217
6.91593
18.8503
24.5211
26.662
32.1039
17.6184
20.3496
12.623
0
4.78213e-06
13.1292
14.5988
18.3814
15.4569
8.94498
18.3381
6.05598
8.65035
13.0019
18.6348
3.71373
7.36447
17.4312
19.0524
17.4407
8.89411
0
13.3129
0
9.00541
18.7172
17.1399
17.8043
4.73191
13.3209
16.5718
16.2697
0.898936
9.94314
14.1642
5.66806
14.1027
24.8396
17.8069
14.3862
17.5251
14.0158
13.1714
6.47822
17.4115
0.212895
12.1252
6.98604
6.88159
0
9.50133
6.24019
2.54697
0.00755598
1.76316
0
2.89484
0.922579
8.35274
3.14303
14.4848
1.04252
0.192476
2.27159
0
0
5.38308e-06
10.0276
0.981125
0
0.611935
8.68387
0
0.121883
0.0177662
0.724386
1.59236
0.0841115
0.654447
0.00949496
1.40291
0.0622743
3.86734
6.153
1.99931
1.21437
3.44928
3.50891
2.48172
9.9962
31.2044
8.90043
18.5688
17.5111
9.42298
35.6743
11.1444
25.4258
8.2934
18.9329
14.6789
1.55849e-05
6.85171
5.10702
11.0605
0
21.2832
0
4.64782
3.87327
2.35604
4.03143
6.69918
7.37988
2.24742
12.9718
0
0
3.44982
2.1389
1.37889
0.000449882
1.15696
0
0.437126
1.01326
1.37579
0.63643
0.831121
9.44761
6.20728e-06
3.4324e-06
0.00682328
0
0
7.72745e-06
5.78729e-07
0.00374527
22.0499
0
2.42072e-05
0.151715
0
8.74745
6.79931
0
0.261408
15.2218
6.6914
2.52269
5.407
0.0240445
2.89859
0.0239237
0.621713
0
1.74041
0.999929
12.2633
2.65356
22.0336
0.292618
0.00190833
0.380632
0.00397676
0.169272
27.059
0.0777826
0.0426827
1.58228
6.05529
0.730034
8.86334
7.62781
11.731
13.9116
13.0805
10.9106
2.9164
5.62366
6.34372
2.84143
1.10247
18.3546
2.34995
0.414632
3.3726
1.45661
7.33556
1.30054
11.4743
2.48847
1.67357
4.91805
18.0777
3.51326
3.95053
0.0438882
1.10287
7.48596
3.86202
4.00734
14.806
0.168406
0.0377195
0.073407
0.0164922
2.61428
0.0705866
6.27547
8.52833
16.6547
13.9806
0.253536
16.6807
16.1079
1.47238
11.528
4.36659
77.317
6.10894
2.1008
2.93692
26.9576
30.0165
7.34744
21.2592
32.4829
0.264879
0.000524512
0.895077
0.454853
1.00001
0.95992
2.34849e-08
5.42001e-06
6.9266
18.7839
21.1155
0.153831
28.4853
0
0
0.0125284
0.264755
1.19482
0.177434
0.697524
0.00225943
2.4466
0
0.102518
16.2599
0.354137
12.8142
4.2348
4.92499
0
0.000165009
9.70209
2.7013
0
9.58379
7.15474
3.01772
1.55937
18.9904
4.80931
0
7.18245
5.94126
0.653577
0.0764877
1.30371
0.0381686
0.103765
0
23.9182
0
35.6351
11.4726
29.141
0
0
0
0.166187
0.968365
12.0047
14.7176
20.1743
0
15.248
6.63063
7.57749
3.44696
5.11035
0.000923131
6.12281
0
0.0781765
0.0318625
0.0591611
0.00059559
0.354059
0
0
3.40542e-05
0.0169976
0.00626803
0.147753
1.11649
0
7.5805e-06
0.0721471
0.0576392
0.819341
0
0
8.20056
0.00130621
2.96651e-06
0.0412004
1.67761
2.06616e-07
5.0459
24.599
0
3.92581
0.985168
0
0
1.10934
0
12.6295
1.64014
7.14438
1.86922
5.71017
0.55635
3.77614
0.806622
4.25362
10.5241
8.75848
1.6091
15.48
6.86328
12.373
5.7057
7.73075
9.99105
9.85685
8.15948
8.91268
13.2596
7.62536
12.5599
12.8266
10.763
7.73912
7.63687
11.3974
10.8152
11.5444
3.19555
5.36304
11.4176
8.37967
7.79682
3.69867
0.293442
1.47285
4.17848
0.0263438
0.000142865
0
1.63091e-07
0.547948
19.6001
10.4042
0.413977
1.06988
1.15901
2.52599
0.000122547
0.000247548
3.50852
6.64112e-08
13.5133
1.5877
1.68801
0.925762
12.9184
13.9046
1.72487
14.9731
11.8289
12.4257
15.4758
1.21637
11.798
0
14.8846
14.9793
4.32852
16.764
4.0579
1.59717
8.62405
6.53841
3.56084
9.51121
24.2579
5.61282
1.71334
6.47877
2.57714
5.97378
20.2422
10.443
15.5509
21.3512
11.4923
31.871
19.5833
21.1604
24.3999
21.8148
17.6096
16.7608
15.5428
15.1052
12.2193
18.1644
10.9506
0.043222
0
0
0.503347
11.3688
15.2662
18.9749
14.3024
14.1709
9.7998
7.67715
7.62472
13.6675
2.4529
11.5621
5.85762
5.22938
1.23194
2.61605
3.83082
6.81067
1.15271
26.3201
4.87025
5.50569
5.80456
7.99397
6.06078
1.77624
5.62867
3.39827
6.37287
7.46719
10.9001
10.5538
6.87387
12.9877
24.2584
16.1096
19.7756
17.9971
8.37368
6.71022
0
0.892946
0.00301774
3.30307
6.50468
0.763367
10.3216
0.188691
22.4108
22.2342
6.87812
11.437
4.32271
16.05
23.6036
25.7347
0
0
0.711109
49.8311
21.0647
19.1517
2.5223
70.5769
1.14587
6.34192
0.0595307
1.86917
0.00439657
6.03724
21.5444
2.80975
4.60502
76.328
44.9142
8.87597
5.28459
0
29.5021
4.62466
32.391
9.98388
6.56051
22.3746
23.493
18.2634
25.5481
8.53443
13.7901
10.8959
22.2576
7.22984
12.8925
23.8768
24.5072
6.59403
21.9839
16.4486
11.185
70.9955
19.2345
16.5662
13.3561
17.1098
12.5053
22.6776
3.92658
3.7099
0
6.77806
0
4.82437
8.54276
18.1198
10.0472
8.36534
4.22354
8.97182
11.5493
7.81476
7.69512
6.81495
4.5974
14.2226
13.736
7.70517
6.86677
6.26279
6.01768
6.67775
7.04869
7.70264
7.07064
1.15755
9.06984
0.818182
8.70771
0.675347
9.58548
2.87801e-06
1.19077
4.24844
7.26419
5.37202
14.5533
4.26406
10.3871
25.4729
11.4806
3.47654
3.40263
3.11262
7.41788
11.493
4.18361
3.71039
0.140874
16.7826
1.28979
1.25429
0.127312
4.05816
4.66657
0.644034
1.20879
0.826996
0.532029
0.0001016
0.778583
0.0558816
1.74143
1.29885
10.8856
1.42182
0.485437
3.16572
0.0970662
1.3763
0.104204
0
0.228936
3.91306
0.153059
0.000962544
0.443223
0.110368
2.01963e-05
0
5.5321
0.177385
1.14174
1.1884
1.50271
4.62241
0.920118
0.977006
0.0783743
0.0515698
2.30822
0.744185
8.3
0.0634782
8.8973
0.0328417
19.6417
1.00983
13.739
1.21636
0.860175
16.3017
1.0042
15.2892
10.7635
25.5877
1.16575
4.45383
1.01198
0.309089
0.158972
0.877171
14.1471
13.9861
3.24234
0.26138
13.1775
0.0482664
1.04011
3.0616
1.85201
1.44825
0.00551791
0.250397
1.73271
1.54579
0.843964
1.76632
0.019217
6.67356
1.63659
1.71727
4.17374
15.4378
2.54545
8.87115
0.548805
12.6758
12.8335
9.24187
2.04419
0.544167
1.24307
0.227358
3.63026
8.32792
0
0
0.00684098
1.36903
0.000614957
0.816383
0.050751
0.256903
5.71777e-06
0.93187
3.1279
0.00644686
1.42299
0.0320246
1.02964
0
1.97965
0
1.71175
0
0.00167765
5.99225
0
0.000111928
0.0275185
4.91768e-05
0.644844
0
4.3952
8.48603
9.81547
13.3072
11.3318
12.9963
2.91634
2.49014
0
0.0352595
0.578078
0.0647725
3.24705
1.93505
5.6157
0.000162236
1.11827
5.88583
20.1494
17.9803
13.4722
7.05208
3.54192
10.7887
7.25401
2.87401
9.9049
19.1623
3.6679
12.574
3.86254
2.12548
25.0318
12.2173
7.30783
13.8774
1.03921
11.4018
0.466347
27.9121
0.0378113
83.0933
59.2741
0.0105913
0.227461
1.19826
0.620727
0
2.24791
0.00162141
0.272214
9.9788e-05
0.953066
0.882956
7.78862
0.00188632
9.75383
1.01874
8.86431
5.99451
6.65386
12.369
14.7125
5.48103
6.66034
0
11.616
20.817
23.4267
8.19665
25.5313
17.0742
15.6574
1.06949
18.7848
0.0030286
15.9963
11.3778
13.1664
3.86387
0.415028
10.7009
12.9193
23.0669
3.64127
12.0643
10.735
4.4359
5.24361
4.65764
10.0086
3.66409
7.67928
0.000195675
3.85616
23.0056
1.04922
1.41975
12.6279
0.024231
9.88968
0.231383
0.0441125
5.27301
1.28745
16.0703
1.24928e-07
11.6998
14.7464
12.7943
10.9137
1.6829
7.3809
3.68512
3.47972
1.1044e-06
0.19252
3.06819
2.59532
3.06869
7.97513
10.2134
7.28401
10.9829
18.35
8.19266
38.5803
9.72572
16.3821
0
0.207566
0
6.61194
0.39284
7.1087
5.04508
1.57322
1.77338
0.10631
0.0269102
0.171334
0.979865
2.86632
1.25822
0.00485512
0.418277
0.92599
12.0331
3.16815
3.10045
2.51972
8.84883
0.0652618
6.29745
1.01263
11.1001
0.0243366
8.18392
2.56597
0.445625
4.75929
0
0.113095
1.83295e-06
1.52491
0.0438663
0.954964
0.279193
0.501929
1.04008
0.465287
0.353602
0.12502
0.264654
2.18159
0.0326505
8.96077e-05
1.89954
7.32477
9.26688
3.91063
0.000289608
1.07325
8.20278
0
0
0.308402
0.0113887
12.3014
1.57626
8.2684
16.9369
21.342
16.1029
24.3548
18.4213
25.4051
3.67077
17.0348
6.43816
1.71051
8.47616
2.1227
1.38408
0.861156
10.9174
0
12.1461
14.556
13.3921
3.19909
13.6516
46.1052
1.27046
18.4055
13.8471
14.922
10.5068
1.80351
12.0803
0.134216
13.3394
12.8859
1.04644
6.40326
4.23764
2.96463
0.791819
0.072329
4.94397
0.387508
7.97264
9.08136
0.575705
0.00492651
34.3186
23.9928
8.08456
6.08464
5.80463
13.9515
23.4934
8.94962
12.1513
1.84551
15.6046
13.7644
13.278
3.6825
20.8473
0.728184
6.26184
7.33667
19.4314
12.7431
10.8104
7.04248
4.03335
4.16987
18.052
21.6044
5.89796
7.89293
13.8042
7.21486
23.3182
13.7416
6.92756
13.6016
8.99169
0
12.5889
12.09
4.98924
4.81999
22.6107
0.296101
21.6845
32.3548
8.11258
0
0
36.8656
28.4836
21.8244
17.387
4.28632
22.7298
19.5716
2.80884
23.9287
22.4063
10.2687
1.45574
15.9185
19.0158
12.6868
19.6535
26.3344
16.0695
20.3744
12.8719
33.83
21.8223
0.19755
29.4785
22.6836
11.3757
3.6003
14.1568
23.11
40.8427
16.4217
0
20.416
30.2355
14.8984
1.4461e-05
6.27026
9.61947
71.696
14.7067
10.0377
11.5083
9.15259
1.65509
0
3.81294
1.97549
20.5926
3.70897
4.8921
34.581
22.8581
27.0301
22.0219
0.511209
19.3155
0
13.1152
21.3642
15.092
17.1345
7.92417
25.2856
34.3645
27.3158
22.2293
20.3706
17.2644
13.2004
0.00333026
14.5432
9.69317
20.0222
0.529334
4.43494
6.74638
14.5271
8.23863
4.60168
17.0628
11.1122
6.55157e-06
6.55661
6.49921
7.81256
11.0001
3.97453
1.65703
3.28652
11.4265
7.22835
0.000587364
2.31728
0.818613
2.06515
1.71599
10.5339
0.907925
11.5699
12.0511
5.43638
12.658
11.1765
2.7496
22.7187
0
2.63746
8.32672
5.93151
0.06404
7.18155
15.9266
6.78194
12.702
5.69022
11.7858
20.1679
7.94825
8.28521
8.84235
6.20494
11.3834
8.42197
12.7291
10.9521
17.8742
22.2215
0
5.5679
14.18
15.5398
10.8906
1.30139
16.3177
0.163758
5.88344
7.2168
17.8238
21.7722
7.35164
25.9784
30.8377
16.4453
17.6993
7.48476
8.1701
17.2095
28.124
8.07758
1.90908
6.56069
18.453
3.06239
26.9634
0.770663
0.313388
16.1453
0.0147788
25.2333
10.8073
0.785781
6.0616
0.321453
9.72145
7.69773
11.061
0
3.93992
9.44777
6.9322
9.01785
11.8329
3.13553
5.07734
0.398331
2.85603
14.0776
11.2297
9.7025
5.7885
0.624472
5.3075
3.10776
9.90233
3.49411
1.27609
12.2888
5.6804
6.42045
10.2932
13.1792
13.0723
0
6.36961
0.488477
19.1509
0.908524
0.960247
19.9021
2.53225
0.0540766
43.5911
0.681063
35.5942
1.94924
14.3067
3.47904
2.26829
20.1689
1.2991
0.311093
0.168814
0.313284
0.0898794
19.3377
3.86141
6.28895
11.9182
15.5574
16.6354
10.0605
4.41573
3.82294
2.27104
11.6432
10.8118
1.59595
26.2931
18.1983
1.42673
8.55073
0.649894
6.63172
11.2959
2.11921
5.93912
1.69609
2.86652
8.98543
3.39479
0.269396
0.255807
0.50662
0.0914529
6.01999
8.46466
7.42831
0
0.0816717
10.0024
12.7574
12.2664
8.97207
5.16276
9.23768
5.28467
5.71785
18.0975
5.39622
0.217808
4.72933
4.89993
7.41821
8.2941
0.000237867
4.68199
10.5175
13.3445
4.22534
5.88836
5.93826
94.8891
6.28296
12.7623
5.72766
94.9107
6.4553
1.25841
11.102
4.80791
8.92294
9.18295
7.52529
14.8885
4.68342
4.39755
4.87946
2.13942
4.87758
41.0548
6.31707
26.0818
0.214689
0.000401342
13.1891
24.8766
0.420729
0.41302
0.00683204
0.0102482
4.98077
0.10985
2.38765
0.075956
0.727458
4.66536
0.264648
0.892532
8.01187
2.38305
5.28103
16.5109
0.0393423
0
11.3501
8.04589
10.5466
0
2.81349
3.96657
1.92298e-05
1.92503
8.25788e-08
1.08144
0
0.835828
6.33006
6.37475
0
1.5765e-06
1.11532
0
0
0.000469004
0
8.75938
24.6728
13.4075
3.70393
5.99988
0.715303
15.3953
5.31616
10.6567
8.64159
7.74161
8.72956
15.3407
10.7363
10.7978
16.2993
14.9029
12.6933
3.95762
2.11622
19.7147
19.8227
29.8747
18.5567
13.0998
3.54361
18.7633
0
0.815021
9.7383
20.2188
6.42821
2.77774
5.10722
4.85473
4.86821
0
9.78199
5.41321
7.99939
10.7305
14.1284
15.8916
16.0345
4.72058
2.93384
5.52226
7.61725
11.7086
9.07552
12.4784
10.9399
4.30925
9.26757
0.697141
5.28025
0
0
2.62458
1.78901
1.0273
0.343028
0.410764
17.5691
29.2952
9.58609
5.39344
4.4816
15.5427
32.7499
11.1794
11.5234
0.130126
0
5.72137
7.42029
12.635
8.41179
56.9578
3.34392
9.8608
16.67
0.0461247
0.0597746
2.19339
10.6029
5.75851
7.08544
5.61955
0.351687
16.0024
4.8857
0.608701
9.19877
1.98889
1.91863
0.146933
4.66347
10.8169
7.07862
0.337165
2.68977
18.5566
0.0163872
0.0789512
0.665417
3.07561e-05
0.0478783
0.238016
10.9979
2.41783
1.91401
0.525902
0.0269448
0
20.664
0
25.4639
32.3271
0
31.1222
1.85839
0.0599761
4.38662
4.23645
1.18952
2.44592
0.492004
1.5197
0
0.0883137
0.447242
0.072761
1.58064
0.23909
5.19662
6.97114
4.89522
2.30984
2.82493
0.732595
19.4157
1.29761
0.472022
11.0223
1.67472
6.14513
11.127
16.6418
7.59224
10.9936
14.8336
4.63656
3.8289
5.87502
3.25998
19.4005
10.7259
4.69114
9.51964
8.83048
5.68584
0.899198
4.16265
18.4737
0
0
0.0357536
3.78996
0
0.0937372
0.0186459
0
0.122046
0.0420967
6.28537e-06
6.10936
1.30582e-05
2.46094
1.05387e-07
3.17936
0.0306538
20.2993
10.007
9.15818
20.8714
18.9322
23.4851
11.6071
4.5338
3.22391
5.81445
7.2182
1.8075
9.32453
27.1513
0.656767
1.12154
9.80301
1.28676
43.2848
16.0261
19.8071
17.856
12.6041
7.3829
14.0005
0.513065
1.43402
4.89696e-07
6.21628
0.911182
0.786763
10.1091
19.6062
2.02321
11.2884
5.10368
14.2974
18.3301
1.33088
6.96128
10.6062
7.41209
9.39805
25.2136
29.9042
3.24702
2.61105
5.97042
4.03174
3.31078
1.29982
17.0913
0.356569
0.622065
0.580888
0.960902
1.01984
0.915253
0.580764
0.823705
1.48887
1.66645
0.0439957
0.00309161
2.85094
5.07111
1.57672
0.478781
2.84628
1.77836
0.0846372
0
0.328534
3.51397
0.105602
0.00264838
0.760289
0.119218
0.000456459
0
0.181694
0.891732
1.11191
24.7266
0.40426
17.3589
6.5943
0.85578
3.74102
4.8099
0
0.289695
0
6.9615
0
4.43023
10.5009
9.31844
1.47744
2.71879
11.8031
19.5627
22.8501
9.76565
13.0061
36.3963
1.63807
16.0769
11.8673
0.401667
0.71608
10.9056
0.0359649
0.626196
9.31951
0
5.92009
0.00992603
6.08956
1.53965
0
0
0.000159231
3.53615
0.89537
0.908274
0.0180595
0.00109176
15.6705
13.7786
19.1837
22.7487
0.00268002
22.494
10.9171
3.02533
15.8625
20.849
19.1423
2.77272
0.57739
0
40.5415
1.14245
0.00570627
0.054303
1.83418
1.64162
0.816739
11.8302
0.0886986
1.68265
12.3612
0.066068
0.176914
0.745956
1.86385
7.38616
13.5382
3.69641e-06
0.000504692
0.00454192
0.242507
0.163816
0.120728
25.5451
0.826171
1.18016
8.91703
1.68062
0.0201158
0.522809
0.0593087
0.00199298
0.000746203
12.3759
16.1233
0
1.0505
1.65413
0.09197
3.60329
4.01607e-06
0
0.000349481
2.47197
0.000744489
0.00101389
0.000462102
0.0103506
0.00488761
0.556207
0.219673
0.713768
0.899044
0.000410018
6.59652
1.33127e-07
7.97639e-06
4.68886
0.16233
0.436868
0.248625
0.581566
0.363191
0.57599
0.0402371
1.31019e-07
0
0.0217622
0.449268
0.00751324
0
16.623
0.0478247
0.350617
3.86512
0
1.09236
0.798023
6.64178
0
0.064536
0
0.434327
3.11197
25.9858
3.81441
2.02459
1.72941
0
4.20741
10.6509
12.5257
3.58538
0.85358
2.8925
5.50237
5.5696
4.21371
5.26425e-05
0.00111468
2.60163
0.169863
0.00375304
2.13022
0.0094549
0.471545
4.88839
11.1108
4.69078
11.9781
0.935822
20.4316
5.637
2.54217
11.795
0.0128074
9.75717
15.7278
6.0634
1.21342
5.2341
19.4967
0.408886
0.9638
0.586546
0.0763023
71.2711
6.24528
0.943353
3.74902
0
0.0068394
4.28768
3.48816
0
3.20101
16.9779
0.00915613
1.20309e-07
1.79575
0.0420823
0.0154478
0.0202352
0.715521
1.27961
0.143855
0.454108
3.41677
1.49894
0.613125
9.63964
9.24822
0.0197835
0
1.28987
0
0.425243
17.5344
1.13994
1.78413
3.16466e-05
4.09815
30.849
6.77561
17.8858
0
15.4148
24.0228
9.92846
15.8622
1.51682
0.897056
18.6539
1.85565
26.2643
3.18212
5.52167
19.1457
0.93547
0.0114846
0.571339
1.92069
15.9695
0.693967
1.31221
15.6573
26.3683
0
11.1841
7.58598
2.55286
6.84487
0.962126
11.119
26.7951
0.00223673
3.14267
22.5073
9.98861
1.16887
3.6483
21.1237
15.4686
12.0047
12.5386
10.9776
6.70113
14.8604
13.1476
0.698116
11.4922
0.022749
4.56771
22.7304
7.21181
12.863
1.63176
0.201572
0.433104
1.04943
0.599205
1.48008
0.918296
0.00890243
0.860774
0.738919
4.38637
2.1474
0.00024007
0
0.886858
7.89398
0.773283
0.0307113
4.09819
11.6368
1.64256
0.158465
0.212505
16.1826
0.0100952
4.97388
29.0092
4.34293
8.53972
16.1057
24.6233
0.228737
4.69575
0.029372
0.00151047
37.5909
2.81698
1.55087
17.2056
4.17793
0.00647031
29.0428
5.11215
1.22146
0.937026
1.4441
20.0311
2.5975
0
37.1602
9.72669
2.17181
26.1277
16.1668
9.15696
13.3729
6.78579
12.7706
20.6849
25.8148
19.2567
17.1659
18.9837
4.96676
4.14511
1.5121
6.61315
0.0876499
15.4248
6.52169
0.777456
15.885
18.3772
16.1889
3.48835
0.175246
1.10744
0.00282139
0.77829
0.77371
0.996499
0.896406
0.459394
2.35625
0.0600343
2.61225e-05
0.00387538
31.1657
21.322
1.83908
14.2422
14.9659
8.73574
5.80754
5.78403
10.358
0.481369
6.3599
1.6484
3.36245
6.27012
2.40037
17.5335
4.31425
18.3469
5.72806
25.6521
24.25
53.4736
26.6627
14.4052
8.43301
17.1099
18.8183
0.83706
0
0.465166
0.00126976
1.47081
0
1.20502
11.0309
0.000517298
0
8.5203
19.065
17.2383
7.31792
6.81793
12.5058
0.97736
0.476469
0.768473
1.05013
0.00119476
3.89043
0.00110746
0.265365
1.39527e-06
16.4346
22.3217
12.1871
9.23908
18.4075
2.82325
0.00250136
0.892806
2.85054
0.390469
0.233724
2.12239
1.82466
3.01272
1.27675
0.00227863
12.1168
0
0.146678
4.51947
6.36258
2.0842
6.67485
5.38583
7.9264
3.39007
2.04786
0.419804
0.0489076
2.62567
11.8908
0
2.04006
0
18.6721
2.70147
0.594572
5.42468
1.1538
23.1366
0
0.133664
21.3346
