6.6221
2.79051
6.48337
0
1.07225
5.10139
2.08314e-05
6.08386
0.487701
6.50652
15.5452
0.00915916
1.83234e-07
1.40481
3.78816
0
1.65115
14.6265
16.9967
27.318
6.95217
0.998205
0
0
2.77086
1.61711
2.78761
1.81363
20.1579
0.122434
0.0313516
1.78468
1.7578
0.557089
0.215065
0
2.28981
12.4853
10.3426
19.8964
14.0645
14.1783
0.852379
16.8504
2.40245
8.96409
1.2524
2.19951e-07
0.0500091
0.962845
0.0246017
0
10.9086
1.14859
0.120814
2.47874
14.6988
0.370526
0.975176
1.59472
3.88014
0.0965929
7.03801
7.75386
2.90872
9.69402e-09
0.791097
0.748067
3.24849
1.11144
13.3755
0
0
0
0
1.80299
1.13103
1.6858
0.442307
0.523223
0.164034
0.934469
0
0
30.9325
3.10003
9.04698
16.9992
8.1903
7.3398
19.903
11.4884
9.41691
11.8553
11.7532
8.3305
14.4553
39.7401
1.32583
1.45419
1.22928
4.56938
5.76341
10.3076
10.2092
9.0632
7.57396
5.12395
9.23341
16.3119
9.55126
10.044
11.2003
9.3156
9.92821
5.50915
2.70786
1.6772
0.286979
1.32651
2.72232
3.02548
2.12201
2.1753
0
0.708846
3.44168
1.09142
0
1.87892
6.10597
0.192646
0
30.5189
0.839632
7.29555
16.3012
0.148397
0.0178562
6.24961
0.0222991
0.0015579
0.306358
3.04291
0.0152138
0.0746619
0
0
29.2186
76.6354
1.88071
0.597729
0
0.0511136
13.9098
0.501936
8.25631
7.05036
9.3119
0.678385
24.5829
8.29275
16.06
14.0813
0.713737
5.98908
2.51869
20.2969
2.85037
0.00157633
9.48291
1.28316
9.77391
5.37524
2.82872
0.652203
4.9945e-05
0.927374
0
0.489439
0.193064
11.2392
3.57435e-05
0
21.5242
9.98804
8.51338
9.87667
9.66659
14.1935
18.7067
11.6312
12.6686
8.91667
1.26638
0
9.11827
4.52028
9.4062
10.2219
41.1755
91.9206
10.392
40.0194
15.6049
5.92398
22.5637
8.16592
47.3774
9.32731
18.0146
18.7692
1.8703
14.2954
16.6175
18.2909
4.0499
14.1426
14.2452
5.07805
0.118385
0.993821
6.41481
5.43001
14.5633
9.26461
15.4597
18.1204
20.4496
0.874424
0.885625
3.09829
14.443
1.46993
3.77743
1.23739
1.07908
0.908573
1.28094
3.74149
1.30032
0.998882
0.924539
0.0430142
0.0606966
1.92299
0
0
2.40289
0
0.633446
5.62102
0
0
0
0
0
0.0526514
0.96097
0.00984479
0
0
0
0.067769
0.284966
0.0081735
0.0746547
0
0
0
1.51157
0.000422995
15.6356
0.80023
0.0410467
0.697991
0.773717
0.00316787
4.8047
0.00919317
16.4967
0.533695
0.983496
0.0027439
0.830987
0.498105
2.36411
0.0066329
0.841554
1.91255
1.59451e-05
0.00601784
5.17773
0.100985
0
6.20271e-06
0.00655164
14.2313
6.97046
19.4533
6.82978
1.69699
7.50063
7.64189
0.000620428
10.001
1.91763
1.76801
0.345893
0.138703
3.56604
1.96821
2.08389
2.76328
4.62539
11.0075
29.9794
10.5569
6.44966
3.82245
0
2.15605
4.01302
6.43524
4.55973
2.33804
0.934417
0.297843
0.0034106
0.834374
0.00114629
0.905975
0
1.95108
2.32356
4.7648
5.36712
2.57312
4.94343
2.74697
24.5185
2.82135
5.77617
0.0685031
0.028104
1.68947
0.141123
4.39737
4.83385
2.89024
1.03291
0.868793
19.6594
1.11292
0
0.000442849
4.55071
0.193611
0.328793
0.85485
2.50463
1.37995
0
2.39661
0
0.00588749
0.00488324
0
3.35127
1.61164
1.81689
0.293259
5.36575
2.21635
1.44943
3.37268
1.21104e-06
5.38914
8.74551
8.88949
7.58648
7.0609
2.52276
3.97728
6.02235
4.28046
4.92223
3.90369
6.47728
0.688539
14.4249
12.5913
6.45393
3.98716
0.977073
9.87931
8.79378
4.3045
5.9675
7.0947
6.68732
8.3932
9.23832
9.66946
14.5707
10.3108
12.4767
9.69474
9.60194
3.03781
8.02728
11.8678
4.10035
7.04411
4.57324
8.51829
33.3354
12.3459
7.63699
1.46361
1.05113
0.292948
30.5142
26.9908
13.2045
22.3393
8.70333
18.724
15.197
13.5685
0.443063
31.5941
29.0515
20.8311
12.3378
12.2431
26.3723
0.0503662
17.2858
18.9955
18.266
13.8732
9.43762
4.60402
8.02108
0.727418
2.45319
0
3.44787
10.0085
9.99982
0.995227
12.5339
9.7359
17.4099
7.15614
14.3064
9.64374
11.8686
5.68193
6.87135
0.0387704
0.165357
4.47888e-07
7.2832
2.30357
30.2561
4.28715
0.974813
0.00380777
0.315357
2.37805
0.433018
0.0486899
0.964087
0.761254
1.04036
0.960104
0.000729095
2.42865
11.0022
1.04487
2.31337
16.6981
15.0051
9.63543
5.89011
21.2871
1.37028
15.8194
12.8458
15.5598
15.1294
2.51047
1.78806
9.44187
0
0.035514
0.0170671
0.00399138
10.0735
28.0497
5.38491
11.535
15.6536
6.26319
8.59133
1.82316
0
4.41758
14.6858
1.33085
1.38659
1.61908
4.99237
5.48744
11.9858
10.5476
4.18012
1.97863
4.88294
14.3206
7.44374
0
0.00162596
4.84839
0
8.5799
0
0.092439
0.716097
2.60283
0.0188101
1.92976
0.885355
4.36061
0.00174076
0.104566
0.65537
8.54285
2.33353
1.30646
6.07924
2.29274
1.90213
0.751033
19.3069
14.9143
15.8558
8.28621
13.2906
10.1135
0
24.3093
0
12.5463
11.0697
6.39658
5.10487
1.53648
1.26981
1.04862
0.0417069
7.83662
0
0
6.36358
0
11.4508
7.70198
5.99236
12.7299
3.52353
1.63768
4.07992
2.48034
7.62855
23.7602
41.5461
5.05206
1.73617
2.49312
0.00336131
9.1418
6.83085
1.01893
2.17335
0.12666
6.72245
0
0.0297283
1.16887
2.65337
4.34711e-06
1.97571
2.0453
10.8515
1.52187
0.973139
2.77561
2.08555
5.95443
6.07604
0.871163
6.19223
5.71618
0.744378
0.649668
0.120544
1.22954
0.389365
0.00808291
7.92255
15.8038
23.6023
4.27454e-05
1.85786
0.527721
9.02064
0
14.624
19.2922
3.42874
1.2154
0
0.0713127
0.0541198
11.4037
1.4461
1.569e-07
1.77063
1.79481e-06
0
1.28217
6.21799
0
6.29176
14.0402
2.80815
1.50885
5.6746
1.38143
8.26517
9.72021
0
0
0
0.932928
12.5833
31.606
0.240056
14.5965
0
11.593
3.61167
7.29205
11.7363
0.208311
0
2.13923
0
0
0.828119
2.04442
0
5.11935
6.08113
4.14349
2.58364
9.30743
0.173445
13.5478
0.523899
27.9205
15.7037
0
6.75713
0.140528
9.54568
14.264
0.694928
0.236574
5.00487
8.08758
0.00891551
5.12047
0.000271395
0.0696845
0.0911333
21.6175
8.18313
19.4345
5.85104
8.82439
12.7111
1.48626
1.7459
0.032877
0
0
0
0
0
0.00204827
0.00663129
11.0338
1.5642
1.10049
1.3478
0.00357276
5.45298
6.96927
0.138397
5.14718
3.03844
4.19961
4.50748
11.7457
8.42533
11.9505
15.3138
3.89102
4.79507
11.2439
10.1558
0
2.84745
9.89334
5.73199
0
14.2951
0.00615603
28.6495
92.758
5.65547
31.8256
21.8227
7.15915
11.7956
0.432003
0
11.7226
18.1305
0.844421
0.996714
1.56881
0.642311
13.924
1.24869
0.136174
0.107046
0.322279
0.391928
0.782838
5.95688
18.3561
8.20002
1.03756
0
0
1.26015
5.36392
13.5351
0.00522154
0.60532
38.2961
1.05884
22.3719
0.366082
10.5766
10.5997
17.0445
18.8469
0.312532
4.51201
5.94944
0.825004
0
3.35717e-08
0
0
1.67867
5.9696e-08
0
0.000439082
7.97557
13.2692
1.82328
8.38049
7.69337
2.32345
8.89291
4.39536
4.53431
4.43001
0
5.47923
3.18649
10.019
1.99831
27.2746
5.39949
14.5645
0.380005
0
5.39539
0.129977
11.2961
0
0.16389
0.000201028
18.4611
14.1816
3.45628
10.3753
2.25404
10.7742
2.08489
0
3.57616
16.2212
0.00537377
0.287997
1.11134
0
1.21561e-05
1.96908
7.42635
3.06049
3.21956
3.65423
13.8877
5.41017
4.92157
6.40183
4.10615
17.4402
0
0
14.668
5.13025
17.6619
7.16845
1.28207
0
0
4.79308
5.83636
7.15995
3.7672
0
4.58658
12.1862
8.57591
0.000278407
14.0582
1.9702
1.06956
7.81155
0.0409968
0.00321338
12.3196
0
0.00868757
0.157516
4.5213
0
0
0.204401
4.27035
4.91644
1.00469e-05
0
11.4543
0
15.1737
0.0498884
4.66748
0
7.35918e-06
0.696939
1.7206e-05
0.0376866
0.401426
0.0336035
6.15311
3.94765
8.05585
24.4583
0
12.9465
8.85054
0.998318
1.09777
1.61853
9.53144
1.57297
11.7229
7.99927
2.11538
6.41821
7.36079
8.96315
5.44258
11.7698
13.7047
0.44425
11.5562
0.589749
4.62401
10.2383
1.03029
8.15451
1.25467
4.71159
5.18138
5.12064
10.5561
0.631387
0.000481933
0.269133
0.199948
0.480054
5.04256
3.59632
17.8883
12.4117
0.943415
0.729452
0.693794
9.06225
13.0985
0
10.1488
5.76134
7.24091
0.000756039
0.00109245
0
7.12305
0.188684
14.506
8.78386
0
0
23.6799
0
0.0965995
5.41483
1.11498
2.38367
0
5.15206
4.39588
7.92568
2.01182
4.29476
5.12482
0.000587256
0.361756
6.89557
0.672796
1.10626
0.648716
0.743418
11.5947
32.0319
17.4429
0.14107
0.7263
0.531397
2.01993e-06
25.4087
9.23639
0.132121
9.98462
1.89374
19.1018
8.47945
0.224445
0.00367752
1.95094
0.737131
2.24516
0
2.90102
9.81993e-07
7.34802e-08
13.1418
0.0651468
12.7513
6.74591
0.0503322
0.397512
0.853968
0
0.906749
2.07193
18.171
2.54561
11.5476
12.6699
0
1.6841
0.584432
8.64285e-07
1.07061
0.86678
0.0409317
0.101572
0
0.533962
0.0853491
0.624346
0.10972
13.6967
1.98507
1.36759
14.21
7.80622
0.00632596
0.0083492
7.48275
11.4946
3.9138
1.2459
2.34486
0.000347533
1.34486
9.60929
0
0
20.6873
4.47338
1.9917
3.08787e-07
9.96049
6.94913
0.219166
7.41543
0
8.71835
0
0
0.74964
17.015
0
27.8255
0.0954459
3.17335
0
20.2696
5.61188
8.72186
8.9085
2.2969
1.04472
22.0091
6.95138
4.81909e-06
0
0
14.7954
14.7234
7.05762
8.72186
0.167811
1.18652
0
14.453
16.9668
15.3351
25.6861
15.3693
12.4135
21.6443
15.0528
7.9309
12.4451
6.22044
2.07962e-06
16.881
7.46028
0
0
20.5417
7.80953
1.04512
3.74269
4.73808
0
10.0826
8.26607
9.2786
0.207003
39.8077
6.81169
16.6144
6.43671
11.9351
10.88
13.233
12.6098
10.5317
0
0
0
17.4873
17.8568
20.0605
14.5921
17.4617
30.6253
32.2216
38.1669
31.7978
47.0653
41.8824
23.1098
2.93824
7.5977
0.102435
0.179081
0.00452028
0
2.66765
0.796541
0.900182
2.35271
9.89926
0.00557723
0.307596
3.72763
5.37627
6.86136
3.27772
8.13399
12.0141
3.49445
1.71239
9.48297
6.45078
12.8137
5.46963
0.498451
15.9397
24.1673
18.7576
20.317
19.5427
10.4552
0.0816815
0
0.821991
13.3831
6.18787
1.06156
2.61131
11.8821
0.0168718
0
0.294668
0
0
19.2748
6.09744e-08
23.6983
0
39.3364
41.5876
0.110427
0
0.061183
21.7778
26.665
15.093
7.26553
4.37484
0
38.1631
24.3781
1.12656
0.470893
6.70471
41.3549
47.4163
0
9.25456
25.8266
0.687689
20.8827
0.00667028
0.000964735
19.6432
0
0
0.0293566
0
0
22.1676
0
0.0381385
8.33666
21.2398
19.7857
21.04
6.02351
27.3165
6.10066e-06
11.8603
0
30.352
23.5018
0.016829
22.8312
17.7251
28.8401
0
0.659712
0.314368
17.7819
13.7037
1.128
15.031
0.468544
28.3607
13.6951
14.3264
6.04387e-05
14.9418
1.53176
28.0387
23.0787
0.307302
1.62944
0.0129363
20.1929
0.906623
17.4807
0.891803
0.618049
0.000673528
0.118301
16.3853
0.000213233
7.42554e-05
0.00420576
21.5409
0
15.7769
21.4268
1.74077
11.8012
1.07138
20.1694
10.285
17.5041
0.0246019
0
0
0
0
0
0
0.00136011
8.00558
5.4589
1.20793
14.8977
13.7166
4.43888
14.9223
10.0848
0.0408893
15.3529
16.3928
18.4272
13.3758
19.6755
20.9021
19.9067
0
8.74973
25.6895
18.2647
12.3995
23.0458
3.47001
29.3046
24.2678
0.244412
12.5745
0
0
22.0499
0
0.177533
0
2.87893e-08
0
0
0
0.031735
5.1414
2.64884
0
5.35245e-05
0
0
0.000494354
0
0
2.14991e-08
8.39197e-05
2.29252
2.08186
20.8997
13.065
0.766493
0.000373227
9.3685
11.1925
0
0
15.2619
1.31266
11.8408
35.4405
0.0587037
0.541152
0
0.807082
16.0398
21.9034
0.917635
1.66779
0.0491382
0
2.47733
5.8441e-05
11.0402
10.5247
0
0.277625
0.654376
1.12295
0.0299074
0.271709
6.32688
0
0.00968647
1.04582
11.0889
9.52434
3.14495
4.4819
13.623
1.2092
8.46182
9.13764
2.51547
15.7139
0.964553
1.00901
0.127329
3.70355
1.50501
2.50143
9.45734
0.129767
4.12482
0.023744
0.226813
0.0534505
1.8874
0.985007
0.437916
0.904469
0.865095
15.3039
10.5369
1.02104
12.7976
1.00745
4.41274
2.45673
0.028305
0.239971
0.785563
0.0787555
0.921963
5.42243
21.2933
21.9037
26.3373
9.1469
12.9743
0.633637
13.1693
11.614
0
6.01065
0
1.27206
0.0573834
1.79092
4.84087
0.0372981
1.76377
0.194897
0.455739
7.82708
10.4427
6.1792
3.62548
7.04459
4.51267
1.41666e-06
0
0.0192811
1.07498
10.2133
0.87643
0
8.43773
5.97868
7.84541
0.117324
0.448998
1.26136
4.13178
1.27726
0.441837
11.4675
0.0108022
12.747
0.078113
2.05934
31.5481
12.7904
0.878358
0
16.2195
20.2129
2.41975
9.39631
5.30926
4.0114
3.90209
1.18528
0.0481425
3.49772
4.87413
15.6155
18.4145
6.7279
0.470166
9.15991
10.941
9.96515
11.0238
4.63443
0
0.000119329
5.30603e-05
1.96898
3.45651
0.887332
5.2945
0.0418458
21.5751
0
1.03384
0.191359
0.536928
0.407846
6.78558
2.34945
3.66313
15.3821
13.9644
1.79343
6.90214
3.45331
0.141741
0.464738
2.39313
13.8652
9.7433
5.45812
0
0
9.62848
5.47848
0.000926445
0
5.27006
0.000760023
0.390315
0.868053
0
0
0.0332767
0.000885201
11.0799
0.00441455
2.17856
7.8048e-05
54.1988
1.69622
0.0638858
1.54017e-06
6.19112
0.444872
1.99137
31.7992
1.55988e-06
10.1954
26.6822
2.05806
0
55.1075
0.063611
0.0216676
5.20167
0
0.302108
6.97613e-05
0
0.25064
9.39803
0.486248
0.580781
0
4.44363e-07
3.42192
5.96549
1.15831
0.610868
2.51192e-06
0.711069
1.06171
0.505796
0
9.88892
0
5.93073
0
0.0698012
11.8736
0.071656
0.0263493
6.10662
1.05277
1.00031
1.26289e-07
7.98767
3.64951
2.83858
25.7678
10.3616
4.34023
0.0533947
1.23863
0.786276
0.0951675
0
1.84604
0.61781
1.65993
2.06317
17.4742
10.1788
0.0308644
3.82121
1.07689
0.321358
2.04785
0.0360051
5.86819
0
0.197966
0.0250104
0.950034
0.721173
1.15039
0
0.0959659
0
0.894022
0.0591961
0.00114124
0.577663
0.156683
7.22445e-07
0
0
0
0.062739
0
0
0.00127288
1.72662e-08
18.6107
0.0148658
1.49059
9.85172
0.00354145
9.32328e-07
29.9984
1.72247
12.6405
0
0.162786
0.5253
0
0.736081
2.21322
0
0
1.07288
0.984987
0.0182494
0.490598
5.71638
0
1.50905
21.0275
0.216175
0.0203692
18.187
0
0.166121
0.0274963
0
8.73861
6.12604e-06
0.00699361
0.345088
0.0555824
0
0.716109
4.93256
0
0.811404
8.4305
0.990528
0.539148
0.00902816
0
0
0
0
6.30325
0.870013
14.9995
0.928277
0
0
0
0
0.00223148
0.0409153
0
0.64181
20.1076
0.00302013
12.6664
3.06726
8.87985
17.6426
0.000618491
10.4488
17.9611
25.504
1.26857
0
3.8201
1.0414
26.4232
0.00927503
0.12579
0.716816
0
0.297905
11.8818
12.9107
0.0402737
0
9.4831
1.82574
4.06146
4.73737
1.16868
14.9252
8.62657
28.3617
0
3.71174
12.0306
0
12.3678
11.5125
15.3919
7.28731
3.99529
5.37291
11.6751
14.615
12.722
8.32476
9.44162
2.5731
1.6805
1.43973
12.392
2.83535
0.452516
0.841091
2.75239e-07
0.000497333
6.95835
8.27324
6.80673
0
0.886554
0.0849652
2.89229e-06
0.0258522
6.44815
1.96432
2.38682
5.06596
3.37862
3.44816
4.72691
2.37277
14.6442
0.00859467
0.000162049
8.29205
6.45296
1.4905
0.0138283
0.288449
0.556721
2.43381
0.00567738
0
0
0
0.0102035
0.0101614
0.00246254
1.61774e-06
0
0
0
0
0.0036422
0.989345
0.0169886
0
0
0.0119114
0
0.0002316
0
0
0.781378
1.71537
0.287055
0.0031694
0.000700853
1.08093
0.000698404
1.45348e-05
0
0
0
22.1114
0
2.28108
0
0
8.09316e-05
18.1284
0.200203
0
0.0010874
0.0151208
0.409198
25.9135
0
0.00226484
1.99041
0
0
3.49633
0.323164
5.51994
2.82862e-06
0.174382
0.00136053
5.85262
8.74608
0.894473
5.59267
4.27899
4.4099
1.90197
3.5485
2.46026
4.78895
14.2747
11.1986
7.01141
12.3903
5.57404e-05
0.00858335
11.8717
5.41079
11.918
7.03305
10.5989
12.9293
5.62817
13.7
17.1204
27.6993
2.79778
9.88396
11.1086
9.72918
18.1811
13.1951
0
17.0257
0
15.7247
12.6261
16.9079
11.5646
2.71529
14.6002
8.78969
6.6494
1.95903
15.9883
14.1818
7.644
15.6135
12.1307
20.0984
19.5266
13.488
7.67249
10.3805
7.58298
9.68762
0.00366377
2.68592
3.22059
3.35116
0
11.5672
5.69743
1.50612
2.14358
1.18445
3.54964e-07
0.697699
0.168346
2.4811
2.18275
7.15486
0.20985
0.00459971
1.30645
0
0
0.827095
9.55152
0.0670134
0
1.35787
16.734
0
0.0956695
0.880554
0.439119
0.118503
0
0.0507186
0
1.85372
0
3.93208
4.30569
2.65269
5.52792
3.48717
9.41923
9.77893
17.3727
13.7915
3.98904
8.99826
9.80701
3.50215
23.9573
11.7624
24.5504
15.2888
23.2986
9.37601
0
11.6266
11.141
13.8727
0
15.9945
0
2.93895
4.01671
0.530332
6.52582
9.34967
15.6678
0.519375
21.7336
0
0
6.73038
4.24947
4.55896
0.000131898
2.27661
2.0353
0.314821
2.22214
4.84348
0
2.07938
14.8891
0
3.00529e-08
0.000100741
0
0
0.00330818
0.00034465
0
7.95692
7.67235e-06
0.00889728
0.109026
0
8.26822
4.66204
0.819452
0
20.1782
5.7193
0.868549
5.4963
0.106973
0.553648
0
0
1.861
1.65381
0.030497
9.35877
0.996825
15.8427
0.687335
6.37758
0.0139825
0
5.66402e-07
21.2235
0.184176
0.000843833
0
12.8252
0.922194
8.38684
17.929
20.8661
17.7422
12.268
11.6648
1.77791
3.99177
7.56825
2.48252
1.57222
7.88795
0.824187
0.752499
3.55221
0.794603
3.7498
0.0668732
20.2218
0.522358
0.29833
1.99557
25.063
3.20041
0.738154
0.744077
6.24773
12.9942
4.61458
4.79993
15.7446
0.877879
7.49004e-08
0.00125011
0.179626
0.0278614
0.00651296
3.57425
23.0569
27.3346
13.1674
0.467275
15.3547
10.8217
0.306738
8.01696
5.06146
29.2668
3.15985
4.26848
1.64188
49.915
22.2573
6.75328
19.0316
23.8488
0.0012543
0.252849
0.0121109
0
0
0
0
2.18856e-05
4.77484
9.74372
10.1481
3.5197
24.7613
0
0.00076325
0.0574782
0.45498
0
0
0
0
2.03368
0
0.0191619
10.4398
0.426857
6.30269
4.8839
3.73628
0.000298011
0.0319519
3.41586
11.1649
0.00788692
4.08074
2.78643
7.40367
0.17933
27.6265
29.8229
0.000228882
5.17877
7.87713
0.0831549
0
0.0500112
0.105115
0
0
17.5531
0
7.78958
11.6036
30.2278
0
0
0
0.0302904
1.72257
14.8282
7.00356
21.3117
0
10.9993
13.9577
8.07574
8.68991
2.91747
4.55867
4.5015
0.0190573
0.288957
0.0535681
0.899141
0.0300898
4.82988
0
0
0
0
0
1.2288
0.0750801
0
0
0
6.91127
0.00528156
0
0
9.17017
0
0
0.0312654
1.50424
0
4.48779
21.3923
0
2.49349
1.60838
0
0
0.00308513
0
6.28261
8.39756
13.1049
5.25819
7.64672
4.04142
7.30703
1.99324
7.05336
25.1889
13.2614
5.8003
33.268
28.2871
27.3436
7.29553
6.65981
17.9904
11.021
8.87669
13.7152
18.0007
10.656
12.0159
9.52651
7.43081
7.75602
5.01738
8.11215
9.18658
7.70451
5.16318
4.7724
9.43148
5.7877
8.71983
11.7101
0.899947
2.82893
0.819694
0.000471009
0
0.0024777
0.230838
0.0013916
28.0807
7.19932
0
5.85174
1.22199
8.51576
0.0482629
0.580444
2.69391
0.000156358
6.14557
3.96472
0.807379
0.0065903
4.54867
11.5778
0.015794
17.1025
18.9002
13.8699
10.573
1.443
10.4991
0
16.0197
22.8413
5.1267
28.4161
8.67405
5.6308
8.38782
7.02125
5.34528
6.81569
19.6403
28.957
10.7586
1.63887
6.13068
2.73005
5.34915
7.90632
11.3753
15.7897
3.24943
24.477
28.2115
22.3755
17.864
17.5648
10.1859
14.8612
14.6363
13.381
10.4646
12.8747
12.1677
0.301055
0
0.609537
0.884081
0.237027
0.444426
0.08669
0.801267
3.49356
8.50306
17.0187
17.4987
22.6523
2.0051
30.1146
24.8684
9.998
6.17453
8.24144
3.04664
9.1218
2.10015
11.6095
4.4591
2.89012
5.54431
2.48455
3.4569
0.761116
6.21302
14.7556
3.55153
7.30686
9.77146
18.5851
11.5763
16.4118
30.9994
9.80355
5.99937
41.9316
2.54313
2.30781
0
0.377904
0.947408
7.11984
11.6526
9.54659
13.8443
0.00296208
11.7941
13.0107
18.8006
11.8171
8.46664
9.28147
15.9216
32.711
0
0
0
38.0453
33.8863
33.9373
0.923203
48.5949
0.39246
5.05382
1.75619e-06
5.36358
0.262199
4.00702
34.145
2.73634
8.19426
47.9927
26.7694
13.8842
8.10138
0.90675
26.1541
11.8674
32.8171
6.98594
5.13006
27.6559
23.6598
32.3353
30.5543
11.9454
13.714
6.67391
16.6502
14.6313
18.1645
17.3735
15.1953
11.385
11.857
12.7999
10.9271
17.8227
15.2487
19.3893
15.7755
9.60187
21.297
23.265
22.027
10.6334
0
12.8176
0
7.34811
15.6761
18.9657
12.3529
13.8276
9.62243
18.8407
11.956
10.2368
14.9587
12.9708
11.7197
2.22135
16.2131
8.94699
10.2681
7.70008
7.441
4.33378
4.78789
4.55714
8.97176
0.100819
9.39424
10.5975
13.4425
7.09549
12.9821
0.0402995
1.5358
1.34127
8.50782
6.76965
10.5473
0.13327
14.0802
22.9798
10.549
13.1712
3.83353
7.14566
13.1528
23.8186
5.86822
3.50685
0.222312
10.7275
10.2253
0.685701
0
1.53313
2.68035
0.66458
0.953346
0.167567
0.0461325
6.173e-07
6.78692
1.70602
1.0518
0.964856
9.54671
0.368088
1.02051
1.04458
0.012391
0.822706
0.00398525
0
0
0
0
0
0
0
0.0235806
0.912829
2.58709
2.44265
2.29442
1.93262
0.0162538
9.05201
0.0351221
0.94266
0.668577
0.0164419
0.120429
0.694535
7.76696
0
11.9886
0
4.50201
0
15.6216
4.18834e-06
1.36623e-06
12.9782
0
10.8192
11.8768
13.3909
0
16.6775
0.509959
0.000432851
0.00379859
0.421768
10.2235
16.0753
0.825362
0
18.0689
0.399073
0.051973
1.16886
0.367362
1.18155
0
0.57149
0.980235
1.08173
1.58448
2.13955
0
17.9256
3.27936
0.00279309
6.45971
10.0029
0.847161
10.1353
1.07339
9.46757
18.9468
11.3222
0.0213639
0.582701
0
0
8.50557
9.01008
0
0.577838
0.622898
0.0417837
1.01635e-05
0.310732
0.213322
0
0.0013717
0
3.57141
0.850385
2.92803
0
0.778424
0
1.30374
3.10887e-06
1.36563
0.348846
0.0719884
1.24375
0
0
2.74329e-05
0.744215
0
0
0.950116
23.1609
18.2084
19.966
10.1064
16.7681
7.88049
5.25759
0
0
0.000101606
0.920614
5.30822
0.882533
1.53077
0.073726
1.91711
19.9426
40.6023
32.6513
9.60228
7.81484
1.69268
12.8344
20.783
2.07593
1.945
6.24058
3.19228
7.4675
11.2588
5.62406
18.9595
6.1242
3.54099
15.7782
1.60718
10.2978
3.37968
22.9045
0.0890052
31.0945
34.785
0.89906
0.940589
1.82437
0.0978649
0
1.00012
0
0.0974784
2.00104e-08
0.432353
0
15.7928
0.00150246
6.95259
0.569604
13.0755
1.61182
1.83619
14.3966
15.0814
13.8723
0.77023
0
12.887
13.8606
18.7409
15.0733
24.6426
20.4048
14.654
0.0275373
21.0526
0.00744897
16.2525
15.7829
26.4859
6.62075
0.000135098
16.6612
7.30893
25.2426
6.66822
31.9899
39.3407
10.9854
6.35611
16.2252
11.3367
11.0311
12.8851
0.00656163
6.10561
22.5925
2.06636
1.65911
24.7818
0.0613702
10.3785
0.13589
0.224416
0.319617
0.0455446
3.88207
0
23.1593
44.7535
13.1869
10.6853
5.01213
9.74645
8.19003
5.39332
0.0488671
1.11909
4.4687
4.16989e-06
12.0858
19.0638
22.3623
18.6351
15.4496
9.54778
17.4256
10.8511
8.44826
11.2377
0
0.0480783
0.979598
9.96319
0.941692
7.86486
17.7766
1.40662
6.95458e-05
1.58207
0.596979
1.14717
0.0617245
1.56247
0.726471
0.981566
0.0748329
0.246784
15.3992
1.66149
0.391623
5.34202
10.5789
1.91523
11.6423
0.914286
4.56368
0.952708
3.15661
1.41681
0.027161
1.15945
0
0.587828
0
0.472387
0.280774
0.413711
1.05169e-05
0.337492
0.528238
0.00930074
0.962938
0.661886
0.124036
0.0741168
0
0
1.74553
4.0774
4.37274
1.14393
0.00074294
2.73938
4.86223
0.0157546
0
1.39882e-05
0.0257237
7.11817
0.0196858
15.2003
14.3225
9.79779
7.25787
13.3405
6.74891
13.5872
0.742561
6.70845
7.02658
1.35139
18.1356
2.50156
0.621424
0
7.20516
0
6.37236
8.35439
4.26114
5.68699e-06
10.9755
19.6246
1.52942
20.6342
7.02826
16.3517
14.0419
0
16.9213
0.107399
20.7561
4.92462
0
9.18139
2.01259
5.3313
4.18458e-06
0
2.26663
2.25745
3.27166
1.51311
10.7634
0.0447081
9.58191
5.64539
14.9248
18.5357
19.9263
28.8412
12.6617
0.16424
15.699
21.8547
30.0842
17.9679
14.9161
9.4413
10.0808
0.000101557
3.18079
3.30234
7.85489
7.60843
8.03127
6.95079
3.84051
1.48211
14.2527
6.37159
6.27928
15.2295
8.19443
4.24547
14.9903
14.5561
5.7322
9.49844
12.8534
0
6.99155
5.17602
0.643426
4.08765
14.5298
0.000234177
8.75223
9.55241
9.08072
0
0
13.5371
8.27543
15.8285
15.2144
1.789
18.1331
11.9599
0.885194
14.5323
16.3313
9.29521
1.98841
13.6442
22.7583
29.6818
13.875
32.7696
17.6405
33.3384
21.3673
37.7521
25.4505
0.77098
26.3183
22.4297
16.5458
7.22759
18.9988
19.5741
36.7428
20.7851
0
39.5141
26.2996
33.2591
0.000403562
7.65389
20.3638
16.1194
22.2456
8.38256
17.9321
15.5888
0.762727
0
2.24858
0.948458
16.9583
0.0607097
17.8803
17.1032
27.836
24.0266
25.921
0.0200115
19.769
6.00412e-06
13.3197
19.8538
20.934
11.9275
12.8691
36.3562
30.2336
6.89893
34.7047
15.9067
18.7531
20.1389
0.785699
13.3198
8.86463
36.0422
0
9.90467
6.37904
11.647
8.44782
5.78804
16.9929
12.5325
0.0406329
9.9001
8.37785
3.57552
10.4544
19.2417
0.0136346
12.8182
9.82729
2.26632
4.52173
1.21594
0.960922
3.02417
1.7697
10.2675
3.60289
16.0229
15.953
9.17348
13.8294
3.11597
5.77193
33.2075
0
0.61235
0.920315
8.50215
0
14.3807
5.92469
9.30296
6.33701
7.10121
11.5993
14.0384
16.8061
10.5862
8.96738
11.1369
10.2049
8.92847
13.1865
1.70118
13.6697
31.38
0
12.3504
7.31569
36.1886
9.58946
0.907438
40.4016
6.93853
10.297
5.34332
27.5013
24.4603
14.0638
23.9735
15.7967
17.2737
7.44227
5.24239
8.96989
23.4387
44.8562
11.6853
1.36373
4.61076
35.5772
9.92766
57.9279
2.94381e-08
0.0314093
17.0228
1.40348
13.5612
12.6953
0.000139927
11.9802
0.332517
9.70102
10.8399
4.98606
0
4.46765
10.0006
11.2423
7.23877
11.9631
5.34372
4.06505
1.06332
2.9955
12.1709
7.53118
6.77022
5.72905
3.83055
13.3469
1.9048
15.9026
2.98529
1.91819
11.7896
6.82303
3.76696
8.52117
3.34662
8.89776
0
4.335
0.976454
5.93467
1.12479
0.844788
4.29518
1.31663
1.77272
14.5291
1.32783
13.673
0.00284322
5.25771
0.156773
0.0262783
9.29271
1.6465
0.267031
0
0
1.21355e-06
6.60112
2.33637
19.4316
15.9709
17.0811
13.3119
11.3227
2.7816
1.12219
2.73136
10.3042
11.5319
1.74592
13.3253
8.81398
1.34358
4.16054
0.0307158
2.15707
3.85611
1.77867
5.56799
0.132
2.92095
14.8664
1.01059
0.787329
0.00359358
0.0490243
0
10.7868
11.9056
14.0705
0
2.54936
9.96503
5.32079
15.7152
11.4335
10.6671
9.13155
7.44672
4.53334
7.09285
15.7329
0.83443
6.53339
14.8601
12.745
10.4799
0
9.0135
8.24345
13.131
3.53622
7.43032
7.84228
101.349
10.6343
18.3497
6.64321
119.462
4.79873
3.66991
6.35677
10.1739
8.6974
5.70512
4.27907
32.6127
2.40178
6.55886
10.6714
3.53526
5.41389
26.0744
7.16022
13.3037
0.225391
0
7.41384
16.7802
0.0943654
0
0
0.714471
5.11899
0.274645
0
0.107902
0.00546915
1.64956
0.0186786
0
9.75527
0
4.94681
7.10187
0
0
6.71807
1.82985
8.26894
0
0.560091
2.51416
0.00155
0.307828
0
3.74997
0
1.61101
31.6173
4.98508
0.109293
0.493278
5.13115
0.754966
0
0.742357
3.75679e-07
12.2285
3.98054
10.426
0.768243
6.59716
1.1845
24.5225
5.91718
10.2225
6.4929
5.5496
9.76092
13.6011
3.39882
4.68579
1.90041
3.36095
4.43438
0.880182
0.698453
20.6479
4.52199
25.029
21.1976
7.07809
0.536222
2.8583
0
1.67047
5.46972
6.51469
8.08165
1.49027
2.98722
3.23097
5.70819
0
0.433933
10.2439
16.2479
20.8467
15.0958
10.337
13.7812
16.0437
0.0489535
13.0101
16.3892
13.3863
14.9491
14.6983
11.4288
2.61326
9.17853
5.39755
2.8324
0
0
2.08948
0.0303899
4.88581
0.00722668
0.691946
19.106
29.5351
7.43667
3.91676
4.2972
4.715
8.71251
3.25993
5.07847
0.000159057
0
3.86626
8.26461
26.0836
12.2089
32.6101
22.5335
19.2985
10.2932
0
1.09385
2.69034
11.0757
10.0221
5.94101
5.70943
0.758961
15.2703
4.58789
2.18346
9.18654
2.5435
3.67345
0.212444
37.861
39.1837
5.53823
0.321478
10.4624
24.0633
0
9.46377e-07
0.014273
0.000147334
0
0
15.629
5.09727
3.29999
4.08688e-08
0.0138179
0.249996
7.41833
0.522144
8.13199
1.71019
1.4767
12.4308
1.5054
0.269126
1.21883
0.76266
1.59456
1.54916
0.862652
3.95391e-06
0
0.00218116
0.00295748
0.00486814
0.6878
0.0544246
1.42461
5.34608
4.91891
0.129131
0
6.03595e-07
11.9959
2.48935
12.6554
24.2078
10.3558
4.11028
7.08533
18.0052
11.7927
6.62147
9.77159
3.50913
3.61161
2.53625
2.53253
12.7662
6.84759
3.96708
0.765517
2.02361
1.86081
3.42543
2.64183
11.0212
0
0
0.0255772
0
0
0
0.0634894
1.14439
0.563918
0.0327114
3.16345e-05
6.29399
3.97336e-05
1.6446
0.0312536
4.59868
0
21.8529
4.30488
3.89928
11.4622
27.4519
21.0326
13.2908
5.77022
3.49866
13.1143
9.35717
0.949978
10.5728
19.9346
0.549487
1.76973
10.2202
0.861541
35.6849
9.86206
7.36631
18.2068
13.2106
2.62776
10.607
0.0221056
5.947
0
8.36833
0.397879
0.142272
19.7322
18.1401
0
12.8844
10.7198
8.68742
10.4398
0.261599
7.37932
14.6133
2.322
9.31193
20.7019
23.3448
3.81569
6.38379
7.00791
4.72102
2.63927
0.356509
16.1451
0.284994
0.280848
0.440363
0.522475
0.0500913
0.62169
0.40151
0.0809801
1.37618
1.30058
1.50299
1.01725
0.74427
5.84453
0.353589
0.930792
1.09923
0.622538
0.00191573
0
0
0
0
0
0
0
0.037677
0.915
1.73807
2.04209
1.55293
14.6484
0.10638
12.5054
5.92859
2.82935
0.10377
0.837854
0
0.0174446
0.0052299
9.88696
0
1.25863
6.15278
12.9145
1.06598
4.09842
10.333
16.7256
21.6302
5.3354
4.36738
18.9881
1.98114
10.8839
13.4478
0.031026
0.125851
7.681
0.851074
0.418877
18.2057
0
2.64595
0.484629
24.5577
0
0
0
0
6.53623
0.22938
0.00598253
0
0
15.2263
10.3257
25.2432
28.4861
0.139515
27.6153
11.3334
0.926278
13.2604
8.86341
15.9214
5.16519
0
0
24.1234
0.00159647
0.0147545
0.00657049
2.88626e-05
0.0268336
0.0112339
24.3597
0.00670399
1.64343
14.6659
0.0229954
0
0
0
15.332
22.3095
0
0
0
0.419725
0.355837
0
15.4683
0
1.52149
5.25322
0.03034
0.000146106
3.21078
0
0
0.0021493
6.25011
10.1516
0
0.407284
0.855129
0.0305619
15.1117
0
0
0
6.72555e-07
0
0.526917
0.180782
0.232534
0.0215554
0.66662
0.251385
0
0.880238
2.117e-05
21.3464
0
0
19.7538
0
0
2.91855e-06
0
0
0
0
0
0
0
2.76655e-05
0.00553757
0
13.8581
0
0.623271
0.172149
0
0.440875
0.000402306
2.76412
0
0.0905491
0
1.12309
7.84337
27.6746
2.72846
1.45264
0.166697
0
1.25496
6.67833
7.81706
0.497318
0.000205585
0.353528
1.78213
33.7187
0.849058
0
0
0.536726
0
0
1.2871
1.72806e-05
0.000421382
0.948114
1.87766
4.2523
3.90145
0
8.97566
1.05099
0.270648
3.30005
0.729444
2.52342
4.32752
1.95691
1.02958
9.48742
12.2928
0.272532
2.54298
2.83579
0.927452
38.9808
0.123854
3.31057e-05
5.84814
0
7.75795e-08
0.049992
19.3496
0
6.66363
19.5498
0
0
0.00598079
0.598227
1.31866
0
0
1.6464
0.328209
0.845733
3.62883
0.175336
0.947751
12.0376
5.60444
0.881789
0.495234
0.0497506
2.62289e-05
0.0506623
19.7881
5.04374
0.918577
0
8.06826
16.4162
9.58977
16.7925
0
18.4312
9.99865
9.53434
14.6876
1.26128
0.12312
11.9025
2.28279
11.967
3.52136
2.11056
10.1342
1.00884
0.025441
0.0251422
1.75476e-06
12.5366
0.508021
0.942876
14.537
22.0835
0.729516
6.13533
10.5946
7.76143
4.6988
2.73605
12.8899
12.6911
1.20556
1.71512
16.1442
13.0882
2.91671
1.98088
34.486
12.4707
14.5235
13.5196
13.3604
15.7049
21.861
20.0108
0.267468
20.6655
0.106404
10.4142
18.0753
5.42914
9.95164
0.456607
0.633857
1.45934
1.2017
0.910692
2.30528
0
2.01842
0
0.729518
1.89134
0.841919
0.685556
0.188462
0.334439
2.35274
0
0
9.06554
21.2968
0.906022
0.000558151
5.66064
10.1857
0.000339196
0.422394
9.85873
6.43457
4.78727
7.10518
17.1843
0.0570319
3.55671
0.0368491
0.00129007
30.9336
0.00169943
0.890439
14.4239
3.22276
0
27.5118
1.93059
0.0976465
0.030265
5.12821e-08
23.7827
3.1395
0.0415223
8.3046
3.60654
1.83414
2.58457
12.979
8.53126
14.7386
4.181
2.94214
7.38613
4.84837
2.85648
6.1874
4.53721
5.01086
5.26904
1.88233
17.1411
0.00540578
12.4347
11.5758
0.928852
10.2415
12.5683
12.1162
7.95968
0
0
0
0.87
0.690782
0.908526
0
0
0.0169578
0.388717
0
0
16.7568
18.243
7.48721e-07
40.8699
6.8097
5.8867
10.8846
6.919
5.85435
1.3278
25.9233
4.94753
7.71955
9.34504
3.13001
11.5809
7.97827
10.425
2.80459
14.1338
13.0852
30.945
8.24348
6.94604
7.8677
15.1389
6.83519
0
0.437937
4.64583e-07
0.0964715
2.55048e-07
0.621828
0.135496
14.924
0.00261293
1.28822e-06
15.7658
11.7712
14.2637
5.55694
9.89037
5.59927
0.306995
0
0.908782
0
0.00161402
20.9369
0.0298357
0.0330342
0.0240431
21.9832
23.9642
8.04972
0.331045
3.74168
1.72254
0.257778
0
0.116798
1.12956
0
0.367347
1.76777
1.67059
0.643244
0
7.34952
0.000107593
0.364792
2.37192
4.45895
0.478973
2.47825
3.43188
4.1008
4.38424
0.390083
0.243791
1.03981
2.27133
8.4814
0.0499392
0.498411
0.0417539
19.6027
5.63795
0.0434004
21.9681
0.00726338
12.7145
0
0
17.5351
