11.809
5.52228
4.168
1.81554
2.90879
31.5096
0
14.4031
6.19562
12.7406
29.4267
0.0383246
0.00172746
1.45216
33.2662
0.12238
3.63341
54.1177
31.5553
8.08828
19.7077
0.0265811
0.0353191
0.194863
5.45365
7.81806
9.09787
2.90018
32.6535
3.27456
1.92147
0.900467
0.137038
0.324436
0.905267
0
3.46168
19.2892
5.98704
15.1915
14.2541
32.0121
2.90823
22.748
3.6189
7.9217
5.51561
0.00672474
2.60029e-07
0.0220751
0.889573
1.60155
20.1543
1.1307
11.0057
1.03289
32.0717
4.29855
0.85546
0.910578
23.3747
0.0034722
20.8189
5.351
12.8301
0.00130288
7.66108
2.37697
3.64097
1.7222
19.0061
0.609558
0.00371654
0.938695
1.7467
2.7758
6.98224
1.14655
0.00836311
0.991016
0.00463931
0.162118
0.00732264
0
29.8067
2.73639
7.87888
9.2833
14.112
11.4905
17.4363
10.5091
2.33966
7.67723
2.82162
11.4531
4.57224
8.60778
2.60458
0.983937
6.61314
9.50932
6.13722
19.1526
8.1858
6.15974
9.24925
8.13681
7.54617
6.24497
10.0201
3.74888
5.66748
4.61554
7.86248
7.68035
6.21671
1.94523
0.725101
4.45414
5.33486
1.0919
4.88154
5.10697
0
1.60933
4.94521
0
0.00700732
0.0596174
5.97747
1.32067
1.33358
4.39735
0.00749979
2.58779
16.2932
1.78407
2.17266e-07
1.08285
0.167671
1.73947
0.0941999
0.223688
3.64651
1.00371
0
0.284898
17.8332
56.8539
2.05401
1.10949
0.00140365
3.32025e-07
4.81729
7.86931
17.6266
14.2866
13.027
2.67866
7.45428
24.6399
3.7753
5.6862
2.34656
1.51108
7.61588
2.52125
0
1.00455
5.64148
2.79212
0.405686
1.47862
0.17035
0.0769289
0.0320525
0.874231
0
0.61588
0.119387
23.4615
0.0533932
0
17.2441
9.68732
22.3728
3.24466
21.3984
64.4699
21.0687
24.0493
19.0639
28.8081
1.39394
0
11.8696
5.16309
18.6689
6.92284
25.6515
44.0188
39.8779
35.8344
10.9927
4.92306
16.9025
3.11368
70.6842
11.9777
38.087
45.7861
2.85941
38.3012
41.0289
53.0801
10.1095
52.9656
39.0541
13.8816
1.57212
7.78085
51.1981
0.569457
23.9568
31.6469
27.3129
29.3419
22.9294
1.92668
1.42521
7.25626
18.1201
1.4041
5.91687
3.52648
4.19458
4.74699
6.31314
10.8982
5.23265
1.00427
3.51957
0.467756
1.898
2.57412
0.234311
0.764088
3.47297
1.55033e-07
0.430952
1.95211
2.12732
3.13827
1.72205
1.90886
0.0891235
1.71346
0.0433978
0
0.0312012
0.0102447
0.996395
0.833694
0.000248337
6.21353e-06
0
0
3.58878e-05
0.000610016
5.26421
0.683016
9.86985
0.120966
0.73277
0.406963
1.99703
0.599004
9.57794
0.0245503
17.5381
0.577729
0.677909
1.07785
0.0101665
0.753806
3.23737
0
1.21817
22.2515
0.258566
1.29892
12.8846
0.918691
0.0498546
0.182231
0.923166
20.2886
3.61309
3.22324
13.1073
2.22686
7.85362
11.4103
2.25792
31.8965
10.7416
4.96532
0.445296
0.931024
2.06691
0.830491
0.18695
3.42296
15.8167
8.20059
24.7601
7.87219
12.2771
9.99243
0
5.63724
2.47333
3.1165
34.993
23.7993
8.33767
0.249132
0.408015
0.93092
0.0446477
1.61515
0.0362493
1.97057
4.38527
7.99528
11.0955
4.91465
5.02335
0.014574
102.571
2.69547
11.3171
0.208157
0.84878
0.640132
0.96618
4.89222
5.44058
4.29497
0.452304
0
16.5363
5.03205
0
3.66767
7.7721
7.54568
0.0580743
1.60616
2.39078
22.2207
0.493821
3.39563
0
0
2.02074
0.0266569
3.91979
1.2662
0.446327
4.10193e-06
20.0825
2.64701
7.05543
11.2195
0.583762
24.5063
33.1872
33.4905
24.797
8.60552
0.0397913
8.0669
33.1525
7.19259
3.98579
18.1359
6.34015
5.98456
6.88492
6.54035
5.10567
11.5399
1.3097
18.0817
33.3056
19.4602
8.54968
24.6567
16.0057
42.2301
20.3392
25.82
46.4302
22.1836
15.4584
22.2434
10.6431
2.00855
7.50338
9.14214
8.08272
28.1446
7.1977
5.90406
108.585
27.4877
13.0803
6.90948
0.912609
2.06912
2.46312
4.95478
12.0546
26.0323
21.5723
12.4196
17.7084
19.6388
20.7919
14.126
14.8094
13.0711
23.0655
11.2272
17.3888
0.65069
0.163055
5.98842
7.05732
7.04054
23.4335
13.5924
17.5436
0.0834108
1.6204
0.505787
4.16702
0.86298
7.39892
4.7596
41.0472
8.4718
28.8471
16.4592
50.5821
25.3756
11.761
4.14194
6.21275
0.00857401
1.1863
0.927772
4.32946
3.64771
13.8116
8.49527
0.136333
5.27768
1.84624
2.31586
0.412066
4.65321e-05
2.16422
0.0852601
2.3795
6.04839
3.55551
6.97066
29.6751
7.74001
0.963231
10.3744
21.3361
13.3615
12.2181
14.1935
3.81899
25.2934
29.9541
71.0372
17.1033
0.161302
0.0559557
13.1714
0.0319551
0.819253
0.918666
0.0122233
18.5327
68.5431
27.752
22.6922
47.3109
23.0015
4.90471
17.3839
0.588631
11.1056
5.71619
3.18775
0.822814
13.9436
13.4572
18.4118
33.7099
4.74262
31.1164
10.6591
3.20361
11.4568
6.43915
0
0.0557851
18.4183
0.0314133
1.9066
7.94545e-08
3.4627
1.5262
6.86226
1.92048
9.33463
1.60302
8.96266
0.0374569
1.34699
0
17.9203
1.86776
0.0026737
8.69875
15.9147
0.173145
1.36976
6.34033
5.04563
7.57608
11.5932
43.1618
22.5248
0.249495
28.6447
1.82153
12.375
40.565
27.4028
39.92
27.1126
9.55696
0.251277
0.0368176
24.5812
0.0164363
0.206319
3.60222
0.942748
2.4749
6.02371
5.55981
16.0084
1.13019
1.84398
3.04299
1.626
1.06695
23.1971
48.0632
6.2437
0.00996226
8.92288
0.00485082
5.03739
11.7879
1.77119
5.39348
0.938674
12.4783
11.1489
1.18539
2.16321
11.3559
1.42018
12.1977
18.1044
77.5104
3.95554
0.729794
50.7548
13.7896
20.3424
19.2067
1.83761
16.5698
31.3822
0.457482
0.562928
0.00232276
3.71117
0
0.361224
28.4905
9.68781
8.44925
0.49348
0.489767
1.49932
8.29598
1.98737
0.266079
0.917224
1.1161
3.24656
3.08001
2.08453
0.254769
1.65774
0.20601
0.620804
1.36921
0.974559
0.0114885
1.60557
25.1427
1.77222
22.7123
8.81076
3.00911
0.158974
11.3579
3.46167
12.3923
15.6118
0.0665927
0.962132
0.0408186
1.56267
21.3796
59.6728
1.08799
21.7548
1.52932
11.9727
24.4635
10.8207
29.6151
1.37946
1.47697
1.64056
0
0.513312
0.0995943
0.162199
0
13.6827
16.2288
35.8651
10.7288
18.0062
0.357607
17.4142
15.4626
28.5855
23.4058
2.1649
9.98912
0.603928
18.7636
23.1482
5.22149
0
26.3137
21.3872
0.635866
11.3681
1.67731
3.09693
2.80736
6.11398
4.15584
14.4935
8.59207
11.6378
20.2917
1.74993
11.6155
0.359221
0.697637
0.913994
0.500425
0
0.318313
0.895481
0.000382672
35.1126
4.88978
1.48133
6.71381
2.83625e-07
10.0942
9.10701
1.48635
2.52178
4.27507
6.79782
4.15276
10.1513
11.262
15.556
30.5505
33.0115
33.5822
38.5288
56.7096
0
3.20794
54.2471
2.8721
0
8.88962
0.859236
34.2617
75.0166
12.6854
21.1182
35.4856
9.95097
15.1107
0
0
12.5126
24.9031
0.515777
0.998288
1.51914
0.604743
26.5328
0.369075
0.703601
0.819401
0
0.267229
1.03131
5.23235
10.372
17.6985
8.93815
0.00420836
0
0.235784
7.15147
4.31744
2.27698
1.08235
26.4595
0.0391724
33.6949
0.541933
9.03083
36.959
11.5056
48.1751
1.784
6.62609
2.7971
0.0390281
0
0
0.00368096
2.06705e-06
0.173767
0.0359827
0
0.239535
6.48438
27.2039
6.30868
53.8917
18.6868
7.02466
9.38113
0.627762
1.32162
0.274484
5.58087e-05
22.8046
0.0948999
6.1892
5.89275
22.6592
13.7185
16.438
1.36091
0.000101129
15.4131
0.933583
10.2053
1.03054
0.358551
0.0663141
17.0629
10.3241
4.08645
12.6709
10.0198
31.3718
2.01803
4.36455e-07
2.83786
6.20637
0.0538093
0.890608
1.04579
0.240396
0.115128
3.99603
8.92351
1.51412
0.315112
3.83006
23.9795
8.42161
6.54904
8.91793
3.63967
45.8125
0.670989
2.4456
3.11785
40.2058
10.3743
3.38204
1.56528
1.01779
0.916583
6.71759
20.2676
6.21913
12.9135
2.56734e-07
12.853
11.5868
5.92076
0.206088
16.5903
2.32988
0.212025
10.2169
0.00813287
0
16.3612
0.853822
0.689211
1.02212
6.84239
6.37686e-05
1.97351
0.175559
6.30992
4.62329
0.00189492
0
29.747
0
43.6989
0
1.66684
0.0703735
0.90915
0.00975585
1.76335
3.07793
0.45812
0
12.6458
4.75019
7.1848
4.72626
0.57087
25.0386
23.1204
2.26134
4.30023
0.093141
21.8507
0.408145
9.66881
13.2637
5.75487
12.9807
4.48354
36.5547
10.7783
7.85107
7.22339
1.03601
10.1344
3.38157
2.0762
9.93247
2.42939
4.43898
1.24998
11.0084
17.2751
0.386649
14.3353
0.5726
2.30039
1.08901
0.770168
1.77596
29.3281
4.6483
5.07654
4.91602
1.85339
1.14454
1.51367
3.9557
12.8054
0
21.5364
12.9278
3.74927
0
0.00298858
0.000855815
20.7165
1.13459
27.98
21.9273
0.653576
0.86348
39.9642
0.872916
3.81509e-05
27.291
19.0012
7.98322
4.20968e-06
13.7735
30.2697
0.351107
3.63166
8.0167
15.6019
0.243496
3.00382e-06
16.8904
0.220603
3.59041
0.289116
6.8651
3.87041
9.16123
18.3483
0.0017549
0.905466
1.0038
0.0003169
29.4335
17.6115
2.77885
6.44536
15.8761
16.7887
25.555
0
0.0321554
3.82305
2.16759
1.06327
0.00743807
6.48385
0.0904775
0.0371104
20.8546
0.657481
12.6315
2.98842
2.48195
0.945894
1.87924
0
1.07812
6.1578
28.2711
2.1781
24.383
17.9029
1.86864
1.57908
0.957412
0.10767
6.50867
2.85121
1.27271
5.79572e-05
0
2.27947
4.32355
0
0.402804
6.35041
2.94321
0.0387583
26.4935
0.480756
1.57019
0.330883
25.0861
35.7658
4.67464
1.07544
3.45922
0.392819
2.13909
10.9697
0.0335508
0.0471412
10.4361
1.68656
0.0838622
0.16956
17.8323
11.476
0.60071
0.216347
1.22971
2.48968
0.145279
0
1.8486
39.4384
0.247038
34.0918
0.109271
5.2483
0.881284
24.2492
13.9541
11.5075
19.3951
6.50804
5.7776
67.2559
9.91985
1.74192
0
1.74916
11.5922
11.329
10.319
10.4542
2.27862
0.569563
1.18214
19.104
33.8149
30.4943
20.5611
3.44095
53.9213
14.7954
5.78967
34.8197
26.5196
0.872695
5.16118
6.41011
14.0963
0.139236
2.54228e-05
10.8817
16.7444
1.68555
5.98147
3.71466
6.86694e-05
25.915
2.70248
12.3901
4.04849e-07
4.20864
5.4326
5.54274
6.05114
26.6629
8.18851
28.3929
17.4537
8.20199
0.30919
0.000932999
0.148139
12.8815
15.1614
16.1175
30.3769
32.1683
19.2601
14.736
20.0611
20.8585
51.0662
57.351
76.484
7.57648
21.6544
1.73915
1.15537
1.04454
0.344822
3.78228
13.6675
1.27883
1.67709
14.6924
0.2205
5.25898
6.04
21.826
12.5847
17.5629
3.50104
18.6129
15.3944
3.04842
1.58249
4.46386
17.5614
23.2959
0.0214137
8.55907
6.43851
4.83356
15.7971
26.2288
17.7793
2.12923
0.00220185
1.07252
17.1365
6.21588
1.49834
0.893449
9.68218
0.449836
0.815977
0.00389525
0.465224
0.818474
21.813
0.709038
17.6423
0.107106
27.5955
15.2364
1.21071
8.00222e-05
0.000269903
13.0851
18.6266
26.8132
19.6365
0.448724
0.692745
18.7006
20.1398
5.45073
0.538533
19.3107
25.4666
12.8925
0.000112426
9.24088
10.6419
4.04136
23.4135
0.74806
1.83797e-07
17.6009
0
0.575001
1.22803
0.74544
0.00167234
11.1825
0
3.53336
13.6417
5.48549
7.89425
10.9707
8.07732
20.5691
0.763769
28.3857
0.0832875
5.84208
5.44926
0.00180487
3.82836
10.4267
7.01296
0.107095
1.365
0.256285
39.5022
22.9819
3.46269
23.2509
0.0293069
8.73006
23.4319
29.5899
0.0227099
7.1836
3.64483
43.02
10.4866
0.827999
0.874842
0.0742207
10.6467
0.117333
6.09643
0.0113293
3.32073e-06
0.0792553
0.875847
8.23879
0.87639
1.5885
0
6.67021
2.72045
5.2391
11.4231
0.171279
6.10258
1.25276
7.68129
10.596
9.18641
0.00374604
0
0.858595
0.0889849
0.744305
0
0.328118
1.09559
35.7648
2.40467
5.15364
11.4102
8.24634
2.21562
7.92072
16.7963
0.0153243
19.0115
32.9222
29.6374
33.0378
41.4974
39.1088
28.6752
0.352432
4.95953
32.2669
27.0367
24.6705
25.4168
0.0606078
26.168
12.7956
0.505789
18.0547
0.00401269
0.386585
20.524
1.17727
0.530797
0.0797263
0.00804162
9.29661e-05
0.0734813
0.0699604
0.27249
9.24372
0.814843
0.0350886
0.000126812
0.0411617
2.38643e-05
0.197703
0.162932
3.41259e-07
0.000963319
0.101193
7.80207
3.6262
67.5209
32.2095
0.000970741
5.73442e-05
12.5892
25.2243
0.810277
0.0302544
25.8929
0.844634
4.53822
21.9527
0.611035
1.00113
0
1.11899
7.98427
14.4234
0.000461277
0.796133
2.64086
0.792609
0.0261929
0.51679
5.02205
15.7609
0.830855
8.87924
3.89412
4.71766
0.0497215
0
5.2486
0.00508581
2.07542e-07
0.783161
16.4797
38.0469
4.71707
3.56473
35.6694
0.00229389
31.6068
37.359
6.36091
16.4255
0
1.25561
0.31101
4.81466
17.1218
6.03885
17.093
0.726529
2.62764
0.015032
0.0122354
0.0133086
0.22484
1.40607
0
0.949985
0
2.86074
13.0021
0.368435
25.6272
0.060075
6.75575
0.377644
0.0142824
0.782476
5.22486e-05
0.114123
0.618129
25.7179
9.86536
11.9836
28.2323
15.6126
12.8686
1.31604
15.4684
41.3235
0.869742
16.5502
0
1.08149
0
4.29837
13.5258
0.23713
0.167285
0.415744
8.20154
4.36767
7.88534
1.14226
4.58438
2.50162
0.054683
0.0243744
0.196589
0.0238636
4.20233
8.30034
0.0012228
0
9.33489
7.41513
8.43751
2.82673
1.917
1.79865
6.84239
7.472
0
24.4372
0.0169424
23.4079
2.46276
2.03235
30.734
49.4963
0.885634
2.57002
33.3063
43.4945
4.88031
15.0537
3.25705
35.2422
10.5538
7.94326
0.0235944
6.93195
3.98425
9.16057
10.8528
8.93767
10.0878
4.36958
8.41626
7.10079
41.258
7.81978
2.38427e-05
0.377598
0.766241
1.61477
0.928879
0.00490013
3.28052
0.115233
23.2088
1.2517
0.941333
2.77427
4.09895
1.39533
16.3553
1.55501
0.609664
19.2777
18.8012
5.48227
30.1072
8.80859
0.150997
0.0999244
27.6345
14.8639
22.5704
11.4121
0.00367712
0
3.28271
6.05869
0.988911
0.785287
7.49453
0.003222
1.99013
2.21008
0.749683
0
1.09025
0.0086186
5.28951
0.954257
4.83202
0.00479006
31.4881
2.48142
0.308712
0.878711
3.8898
0.000481776
2.84476
18.703
0.000321599
3.31099
30.0978
1.33817
0.000712286
58.051
2.79554
0.171296
6.42865
0.0111037
1.31469e-08
0.0186864
2.15951e-07
1.6678
11.9897
0.627791
1.73841
0
0.00102799
2.83952
5.01269
0.069218
1.92822
1.47118e-07
0.880683
3.99344
2.52322
0
19.876
0
36.9015
0.145031
1.94361
9.35074
0.72253
3.39333
6.27035
1.7633
0.934739
0.000100463
25.2816
3.22226
0.116088
15.7897
8.49325
4.04525
1.60106
1.41499
0.445925
0.201631
0.733228
2.81418
1.81027
1.95348
0.429958
54.8033
7.80608
0.18485
0.699514
1.84641
0
0
0.154921
3.78361
0.73774
1.62252
0.316358
1.40959
1.20541
0.370057
0.442289
2.40634
0.795218
0.0190429
0.979403
1.4634e-07
3.78422
0.00266693
5.9376e-05
0.653289
0.985987
0.0418731
0.00977307
0
0
1.49516e-07
1.9249e-06
13.0862
0.000166095
3.38079
2.3515
0.0100741
0
39.9894
3.23328
11.4708
0
0.224194
1.66035
0
0.705435
2.38187
0
0
1.22433
2.83258
0.893752
2.37327
20.7086
0.916013
2.30922
15.2678
2.02199
0.871002
11.7339
0.774945
0.189079
0
0.208622
4.60604
0.831868
0.104837
2.72234
2.93718
0
0.563817
5.39941
0.750812
1.15899
2.29745
3.17245
0.441523
0.403405
0.344933
0
1.08684
0.85709
6.69366
0.106991
17.9271
0.0162938
1.46403
0.0744582
0.178191
0.586786
0.0507463
0
0.173665
0
18.5417
0.274196
20.6174
20.8459
16.1692
67.9046
0.740261
16.821
3.17856
17.322
0.497117
0.0444618
9.23917
0.0068088
26.1691
0.689851
2.51833
0.224811
0
2.42019
32.3535
7.2761
0.0369778
3.57965e-07
14.6419
4.52408
11.9847
11.4737
6.67244
21.6145
9.84425
31.0286
2.36198
1.76236
16.9216
0.0885038
21.6444
18.5735
48.0148
62.3745
5.04384
12.6513
20.8013
21.9596
41.0062
57.3971
57.3986
8.42474
6.85023
0.221079
12.8978
4.51938
0.634036
0.920328
0
0
5.1156
8.85198
6.61258
0.373439
2.74981
0.755773
0.08426
1.09406
3.31741
2.61691
6.36439
1.63212
6.05695
8.78753
8.18527
2.86681
4.87714
0.873541
0.980987
2.91263
3.58705
5.70488
0.330111
0
0
6.85927
0
0.0593604
0
0
1.82614
1.40426
0.396407
0.570208
0.67226
2.33339
1.03158
3.9193
0.29121
0.913363
0.0188778
0.134021
0.0410101
0.00050773
0.0216414
0.0305369
0
0.301792
0
0.018968
0.0319048
0.659668
0.291103
3.14862
0.228082
1.67128
0.0247899
0.00426267
0.436804
15.94
0.10565
2.1468
0
0.822207
4.24209e-08
9.20725
0
0
0.947076
0.00363608
0
7.70185
0
0.00328448
3.03036
0
0
8.9314
0.621806
10.9342
0.000675117
1.27923
0.0274353
13.4621
20.6153
1.35104
20.3343
16.6126
16.4298
16.74
30.8771
42.5757
33.8782
60.5071
23.9374
17.8237
12.163
0.745029
0.451061
19.2147
19.5553
29.4516
17.055
22.381
15.5017
5.08537
15.981
26.8897
38.1995
7.08212
21.5939
20.4364
25.6208
20.3989
7.85342
0
19.8454
0
10.3894
31.5279
68.3203
40.4299
8.10315
14.1917
23.2709
13.3064
0.306089
17.3459
12.8908
7.38362
11.2875
46.402
39.8171
24.2789
28.1471
19.188
20.9604
8.41406
10.516
1.21314
18.7432
13.0376
21.9526
0
11.538
6.63945
1.29022
1.73694
0.0371919
0
3.33617
3.76618
7.02416
2.13449
10.0918
1.14436
0.647941
1.6171
0.00115465
4.24885e-06
0.0428162
8.33229
0.947629
0
1.75933
9.62597
0
0.0306518
1.00502
0.000858144
3.23969
1.38134e-06
0.768473
4.13028e-05
1.95658
0
9.08649
5.12075
2.18969
1.66794
1.41434
5.84565
5.3466
7.42597
38.2995
17.058
18.2619
13.041
13.6375
58.3037
19.4705
62.1418
26.1818
22.2617
27.3856
0
7.03899
7.27981
16.3563
0
17.5082
0
1.02371
4.07846
2.46406
6.38516
7.83379
16.9153
0.298461
9.33639
0
0
4.91194
1.90102
3.4513
0.00112888
2.1091
0.114681
0.419302
0.883547
0.00776614
0.0709101
0.396323
8.37518
0.24977
0.686456
7.742e-05
4.80355e-06
7.84691e-05
0.261867
0.606807
1.37604
44.6547
0.181837
0.69882
0.359637
0.0243101
12.064
17.9706
0.00127795
1.0445
50.1492
16.1013
1.80806
11.8473
0.252466
5.85324
0
0.267898
0
2.68713
2.87612
22.2841
4.88558
37.1407
1.62773
0.756462
0
1.15687
0.968284
21.3505
0.345292
0.652344
3.21172
12.3877
2.74236
10.3681
4.9865
8.3427
11.7512
20.6201
19.4627
1.3812
8.52703
10.0039
1.6634
0.241206
20.6004
1.62011
0.00141939
0.272524
0.0111891
9.87266
0.396804
29.4921
1.70847
3.53377
1.80235
54.1529
0.391995
2.6519
0.885759
3.55915
14.6689
4.11153
5.66521
28.3959
2.8125
0.0532304
0.633633
0.701388
1.28167
2.19073
6.19603
20.3106
30.8874
26.1203
0.929676
30.7094
23.0605
2.4472
20.7228
4.39636
141.415
9.3362
5.03344
2.33683
51.2265
37.3845
17.0568
20.0573
17.43
1.03174
0.156758
0.0165211
0.769497
1.07163
0.859896
1.17487
2.08573e-06
8.7318
20.6559
27.6913
0.0874236
21.4613
0
0
0.0294422
0.342906
2.80471
0.193656
0.0266911
0.921405
3.57247
0.906724
0.502164
16.6709
1.85901
17.7507
4.84274
3.71269
0
0.00259244
14.3424
1.32191
0
20.1772
5.34295
10.8134
0.652518
12.8531
6.51916
0.0395633
9.86719
11.0504
4.1886e-06
0.457442
0.835803
0.0503727
0.652802
0
18.4987
0.895196
33.3513
14.262
35.996
0.00210923
0
0
0.0712859
0.892648
21.4044
32.4151
32.2328
0.000350125
19.7039
19.4977
13.3677
7.09313
6.83832
0.00743849
5.60439
0.000145367
0.603258
0.887767
0.559887
0.262677
0.949718
0
0
0
4.53452e-05
0.0412561
0.0162483
2.46271e-05
0.000554933
0.946521
0
1.77033
0.000990999
0
0
6.19361
1.91868
0.075451
0.0063972
0.282618
0.161299
8.18188
14.4758
0
3.62269
2.59059
0
0
0.0182265
0.067464
15.1737
3.6132
11.2762
0.691515
10.8673
1.53478
4.89431
2.38741
5.1475
7.4323
4.73278
3.6653
17.4689
12.9056
18.0415
9.74177
8.57337
14.7899
12.7467
12.1999
15.7458
18.3665
9.96127
17.338
12.8982
12.0093
13.464
9.54003
7.66308
9.14393
6.80281
6.00538
5.25639
8.50535
9.23827
7.94816
5.18937
1.47023
2.63054
3.71925
1.49606
0.314319
0
0.574126
5.45864e-05
23.1293
18.4854
0.032864
1.15437
1.28702
1.22587
1.87802
0.989907
5.17382
0.0546355
19.7932
4.15181
0.000311649
2.39928
17.8851
16.1608
6.5035
21.3232
19.5575
16.1972
10.9901
0.411848
18.5269
0
12.7981
21.2667
6.81283
19.9136
6.34012
13.2206
6.49496
6.64348
6.89413
7.94056
29.0496
7.14335
3.47741
5.54984
2.14635
9.2509
23.3614
5.80118
66.6927
19.3627
16.7082
27.1197
37.8581
35.4126
30.2271
24.5154
20.3802
44.6205
25.5318
18.2742
25.9084
13.251
12.1966
0
0.00993711
0.701448
2.185
3.10785
9.75484
10.9017
7.77016
6.59484
9.80862
9.43084
11.0546
25.7493
4.06222
34.3961
20.5274
7.79458
4.55816
5.32175
2.28308
11.3279
3.12157
55.4243
6.89709
1.96147
11.1444
8.97658
10.3725
0.910223
14.5077
2.08052
13.561
7.95553
13.162
14.1314
1.53227
12.8487
11.8736
33.0356
35.4589
23.0925
12.6187
9.35985
0.00662934
2.51334
0.986166
6.13631
7.98761
8.16797
11.6941
0.0393686
16.9152
22.6081
11.4312
11.2339
5.64644
15.589
28.6682
46.4244
0
0
0.514925
96.619
71.2044
47.5171
1.92602
102.418
3.09959
18.3534
1.24434
2.55991
0.665673
5.62091
17.8118
2.70865
11.0398
66.9029
52.8684
28.8916
9.50343
0.000166269
74.3028
11.1771
50.8999
9.90273
6.38304
57.6366
65.2747
64.0229
25.1572
25.0003
23.1571
20.4144
24.8244
7.37708
21.8321
32.9744
31.5315
9.55447
27.58
14.8015
15.7193
57.4117
38.2732
23.2977
12.0033
28.0607
29.4379
46.2007
14.2423
3.86729
0
7.4564
0
2.28047
8.60709
30.2707
10.1731
8.69128
7.53893
11.021
6.96617
8.8183
10.3929
12.9487
15.756
6.60993
12.0498
6.32724
5.49982
9.19166
10.1341
10.1531
8.07306
16.769
9.84256
0.0656489
8.26176
2.67466
15.462
1.05488
17.146
2.87801e-06
1.19295
1.60635
15.5201
11.4342
12.3992
0.85328
23.2253
21.8199
2.20315
3.97667
0.159114
2.81275
8.39872
19.6634
8.12281
1.98196
0.129842
15.7154
2.34058
1.09149
0.816602
4.15416
5.00294
2.29853
1.71015
0.483356
0.442833
0.393193
0.724752
1.88417
1.16837
2.99545
17.256
1.43512
0.953865
0.991833
0.407519
0.211801
2.70741
0
0.0571888
0.949281
2.41515
0.805912
0.0155319
0.0639132
0.749344
2.07055
9.77986
1.75994
0.96796
4.43464
1.30605
11.5687
0.956293
1.00553
1.07096
0.592993
0.0585988
2.05798
11.0313
0
10.1133
1.08661
20.0983
1.64783
20.0014
1.10322
1.6755
15.1625
2.25296
24.5404
18.3229
57.0856
0.564878
11.1147
2.71025
0.927684
0.221329
3.36832
9.70777
19.7424
2.39652
1.01106
18.2873
0.0522535
0.898237
1.0931
0.0240336
1.07167
0.394307
0.724841
1.49468
0.203548
4.18522
3.20163
1.83304
12.2823
3.39903
0.589965
12.6456
34.1716
3.31943
19.2845
0.622511
12.5667
11.1148
18.4132
3.54923
0
1.14814
0
6.66873
20.782
0
0.405844
2.31853
1.00077
0
0.386366
1.32548
0.59032
1.64725
0.285009
2.39079
0.713369
5.26184
1.68554
2.36277
0.167362
4.11891
1.66567
3.19038
0.0655264
0.779796
4.53397
0
0
0.0990557
3.479e-05
2.09979
0
3.99557
25.8315
9.27448
34.03
20.7305
23.6162
2.79072
4.44215
0
0.000217102
0.390295
0.397637
0.743171
4.03829
5.7896
0.236383
0.823639
11.1133
30.9337
26.6653
19.5678
1.86252
0.930014
7.99878
9.90235
4.27078
14.9583
13.3839
5.49745
18.0448
3.91066
1.98494
31.2713
18.3771
8.83937
20.1728
0.202302
26.1288
4.81909
121.85
0.153732
139.344
122.904
4.44764
0.0102851
1.54324
5.84537e-05
0.00389347
1.56915
0.988899
0.378734
0.727742
1.83797
1.9355
11.6131
0
8.50617
2.73092
22.4378
5.81688
9.22156
16.0638
13.6645
8.26071
8.44527
0.0110489
13.1136
16.195
18.0403
5.66991
33.6379
15.9825
18.5772
0
14.5854
0.023756
18.0867
7.3531
16.3423
1.55676
0.153671
14.7063
25.5158
84.9912
6.55629
17.0758
11.4854
4.14287
2.12808
10.69
10.7719
4.91942
3.14004
0.0673338
8.66379
30.0421
4.77174
0.802843
11.132
0.0391452
12.6417
8.01999
0.144168
11.8714
3.03084
39.9615
0.295322
20.2612
25.8437
17.3326
25.6171
19.3561
17.3119
0.25921
5.29476
3.1169e-05
0.000351969
4.22663
2.75895
4.05301
5.08667
11.3315
6.86473
9.69016
16.5415
19.3266
49.9682
6.12137
12.5831
0
0.427181
0.0285691
6.3623
0.885044
6.44654
5.29389
1.01219
0.123306
1.07234
1.32637
0.192281
1.27363
3.19504
3.38267
0.0378801
1.01069
2.59828
15.9605
14.7208
4.82165
4.8068
26.7087
0.735314
10.2805
0.727893
28.2687
1.31761
14.599
0.612207
2.84407
10.1674
0.048011
0.501449
0.95777
2.83813
1.98007
0.980707
1.27329
0.0146337
0.0491414
0.494843
1.73334
0.359447
1.41828
3.08468
3.56905e-05
0.154539
1.72066
6.57329
14.6983
7.96867
0.25558
0.530631
6.25295
0.112251
0
0.624324
0.156771
34.9125
0.31036
22.2702
17.0206
43.2273
13.9607
47.5813
12.8652
24.6969
1.81922
13.4059
4.53036
0.763129
10.2541
2.56477
3.10685
0.0461866
23.75
0.000765789
19.9966
15.6121
12.7677
3.04498
12.5745
43.8344
1.74126
21.9615
18.4516
15.8252
16.3998
2.92965
34.3286
1.28031
54.7324
8.87142
0.941095
14.9081
11.5613
2.60276
0.476645
0.725512
12.8208
1.71192
9.98895
13.2529
2.48979
0.0349642
41.3986
32.7087
6.08024
5.13182
11.4563
17.1454
32.3292
3.0468
19.9163
5.64802
12.7424
11.7251
21.0001
7.48042
17.1794
0.0536322
5.33759
15.0744
32.2499
16.963
18.6748
23.628
12.9272
7.22046
16.9868
28.737
6.59197
10.7947
29.3541
7.45966
36.9151
23.7823
10.7313
17.7805
15.8073
0.000205709
20.1385
26.5009
11.4039
7.96699
39.3288
0
37.688
49.2375
3.27878
0.278378
0.0146127
51.6824
22.5713
25.3468
24.0761
3.58644
35.4379
18.4692
9.95391
24.8187
31.6365
19.72
5.3921
19.2466
38.3585
26.2932
20.3119
49.6164
11.8109
17.7232
28.3548
40.9843
58.725
0.41169
53.7584
23.6733
9.63599
2.65995
19.6576
22.0669
58.5335
31.944
5.18798e-05
27.1418
31.752
23.396
0.629825
9.50166
17.0524
52.198
18.9087
6.52414
24.4197
27.0041
3.33635
0
5.59547
1.64893
31.4334
1.74305
10.4785
29.0691
27.4481
25.095
23.2838
1.16846
21.6169
0
12.432
21.6118
12.7572
24.4634
8.82039
29.3953
33.6635
51.9298
36.1948
26.4785
20.6189
26.4711
0.0231631
40.5058
8.63207
69.0244
0.00881399
13.461
11.0302
20.2319
8.44303
8.18175
26.2389
19.5217
4.05591
8.28846
6.24015
10.2623
9.96564
14.4308
0.169727
7.39382
21.9498
7.60838
1.81434
1.81972
2.6238
1.65522
4.03953
25.6806
1.46294
11.926
9.38092
7.1487
14.1766
10.9926
0.00844403
69.3168
0
2.21527
7.36059
9.35417
0
4.70936
20.5853
5.02048
11.5286
9.85237
8.09848
20.4641
33.0342
23.9292
7.77988
13.0349
24.3082
12.6571
19.8572
9.83408
17.1129
19.8547
0
7.07343
20.8634
19.0802
14.87
1.01494
28.2164
4.04296
8.45405
4.05009
14.3777
19.2617
11.1763
39.2815
18.7554
15.7095
16.392
7.20577
8.79071
18.119
15.9329
8.62973
0.194576
18.0538
14.6143
3.66708
27.5691
0.834957
0.578008
14.9653
4.74449
46.0071
9.69013
0.00630083
15.4302
1.67511
14.7066
3.68047
13.997
0
5.36121
6.67869
6.08699
17.0613
7.94197
3.05758
6.68034
0.525411
4.60342
8.84621
2.04373
9.12897
9.32366
1.22603
10.1393
2.10012
12.0017
5.60006
1.88203
4.92526
11.3649
8.87489
8.9806
21.3432
11.2516
0
7.32668
0.147694
14.452
2.53732
0.092462
20.7748
1.71675
0.801916
77.6058
0.224173
82.2283
2.67797
48.0451
2.36367
0.122872
34.8697
0.907922
0.0346598
0
0.0748678
0
37.9132
2.55609
23.6195
13.8084
28.5506
17.5479
14.2071
2.17793
7.09798
2.43628
19.0088
25.7149
0.249193
63.5855
22.6701
1.59725
30.022
0.888493
25.729
11.1519
2.50278
11.6474
1.51565
2.17791
8.47559
4.79781
0.0949792
0.816186
1.77705
0.029012
3.20008
9.25942
9.11886
0
1.32371
16.4114
13.8258
11.3525
7.38491
7.96865
8.99246
11.0903
11.4156
21.6497
5.37772
0.402308
7.34328
5.18749
6.60488
12.3797
2.16186
5.46172
4.54862
11.4608
8.36799
3.32875
5.59164
73.2598
11.2278
16.0686
9.16611
140.112
8.82006
3.67215
11.3778
7.22359
8.79578
5.96708
7.29061
14.6016
7.36137
7.14419
6.41994
6.20209
4.317
131.547
11.9263
48.9901
5.7875
0.000185559
19.6263
58.2379
0.137962
0
0
0
5.07419
1.06314
1.73425
0.0645198
1.61837
8.95171
0.594137
0.0080537
11.2708
0.398997
7.24958
16.5394
0
0.837721
14.6088
3.0132
20.7472
0
4.70686
3.5198
0.664798
1.41279
0.658624
0.665574
0.0613591
0.743065
9.45313
5.53419
0.0352799
0.142997
1.56109
0.107687
0
0
0
11.2746
22.5988
22.6542
5.49635
22.9679
0.780471
19.7674
6.76997
23.1643
12.6218
14.821
11.4622
21.6899
7.55164
8.60192
11.5805
24.2744
12.1993
3.93325
1.45829
38.7277
14.8543
22.525
25.8536
18.2513
3.39968
23.3104
0
1.10144
21.3281
18.9982
5.70114
8.60414
6.95622
8.42903
9.41243
0.123787
1.75084
10.0065
20.2836
13.3765
15.5817
22.0849
20.0862
3.18617
2.52914
5.95905
7.07394
12.4506
17.0415
11.7523
12.6391
1.72014
19.2879
3.10682
5.20008
0
0.0409742
2.02511
2.97133
0.977384
1.78656
3.27425
25.3666
27.8646
8.28895
7.07969
9.69361
12.6526
41.1426
10.6368
11.1489
0.983793
0.0397565
11.3503
9.70039
3.72866
9.82593
58.0201
7.41166
18.2314
20.3754
1.62314
0.0946293
2.81852
17.213
8.49775
4.95712
5.20742
2.00718
21.222
6.83856
0.50143
17.2149
1.74638
1.27514
0.808747
9.7788
14.1931
3.06496
0.33261
21.8267
9.23519
0.138811
0.212317
0.900872
0.381321
0
0.754118
11.0422
2.00778
1.40592
0.10174
1.09929
0.940026
38.4031
0.513131
47.1895
37.0967
0
56.193
4.48565
2.17154
7.18858
15.617
4.07035
0.119422
0.0913565
0.000596601
0.0110724
0.0154319
0.0289154
0.022512
0.294727
7.19409
11.5899
18.2576
11.9818
2.34813
6.46687
0.491907
29.0702
4.48505
2.67074
13.1659
3.54154
10.4641
13.8988
14.9294
9.81003
18.6576
35.1949
5.0949
7.22736
10.5219
4.70008
21.0705
18.8841
7.97982
20.7404
8.68847
9.65568
3.89272
8.30998
41.1031
0
0
0.0793121
0.00024641
0.128169
0.00104289
0.414217
0.00167005
1.10165
1.77547
0.0272315
8.3075
0.0185664
2.8757
0.743348
4.51773
1.25878
21.2594
10.9403
16.3106
28.9582
26.3462
67.8802
22.6038
4.39475
0.781263
8.63288
18.9113
2.27115
13.6811
16.2789
2.09069
6.50643
16.7907
2.8451
22.5452
8.54042
13.5056
21.3029
11.2082
2.72636
18.7728
0.559971
6.02056
0
6.62882
2.08611
2.02519
24.2023
17.7487
0.00316339
29.7835
6.3127
11.2597
15.2422
1.76872
9.54324
17.7688
11.5178
16.5948
22.5557
37.408
0.122093
2.32661
8.6581
5.20585
1.4815
1.29889
24.6201
0.0309104
0.963639
0.810915
2.20638
3.34034
2.28975
0.588953
0.258113
0.852497
1.05439
1.9559
0.220673
1.58445
6.20941
1.8256
0.70286
0.816614
0.306132
2.51218
0
0.065927
0.684205
1.94253
0.383983
0.00460467
0.130357
1.02901
2.57259
1.56167
0.793097
4.12211
41.1963
0.704873
34.5631
17.4834
7.58121
5.87405
17.1211
0.14756
0.713008
0
10.653
0
8.63743
10.5089
17.5039
0.55763
5.55688
20.7011
43.6665
35.8139
14.0375
18.1631
40.1622
3.00831
21.1311
30.084
0.0320434
0.480088
12.9265
0
1.72367
48.4338
0.0728493
4.504
0.136841
22.9738
0.0126921
0.271856
0
0.000225187
3.98095
1.81791
2.09626
0.0732878
3.40359e-05
37.1452
15.3397
29.935
19.3946
0.0649804
13.7035
18.4002
4.54906
24.913
32.6837
28.0372
0.849449
0.0368819
0
37.3476
0.717144
0.0968096
0.709168
0.312814
0.720183
0.463815
16.3713
0.509178
4.48251
23.5497
0.412345
4.69516
0.744701
0
18.4712
19.438
0.126473
0.865848
0.115606
0.000511759
0.413242
3.21752
61.7768
0.15716
0.00913731
6.97907
1.66217
0.0948826
4.00861
1.23531
0.428065
0.425197
20.5358
27.5093
0.19866
3.78501
0.829485
0.0315838
6.43124
0
0.148373
1.23765
1.2811
1.05196
0.0127497
0.00103517
0.276854
0.00386086
2.67691
1.27799
0.686999
1.36183
0.140457
8.93247
0.0450217
0.00609603
6.22773
0.0655986
0.65386
0.00754509
7.13399e-07
0.15679
0.00381657
0
0
0
0
0.578644
0.00982364
0
23.7984
0
1.26458
1.46008
0
0.804889
0.711365
10.3397
0
0.175447
0
0.00418499
4.57008
22.5806
7.69748
1.52968
3.93081
0
4.43584
20.2977
22.4844
8.58901
0.673227
5.39125
4.12146
6.87996
7.16041
0.849521
0.745402
5.03828
0.552062
0.00229992
0.0149738
0.825979
0.0657207
5.22197
10.3297
12.7719
30.5897
0.0174064
29.8707
9.08121
2.05005
12.5956
0.0381387
12.2252
30.5073
7.60886
3.88266
8.04528
13.2331
0.403395
1.82948
0.319141
0.302303
54.5841
7.67723
6.9249e-06
12.8358
0
0.112442
1.07554
7.66833
0
3.83997
14.0862
0
0
1.20267
0.547037
0.0730803
0.273869
1.01643
0.760362
0.00019373
0.506374
5.9535
3.72793
1.07486
10.9141
36.7847
1.15674
2.23322e-07
2.61727
0.395394
2.12791
23.0884
2.42554
2.36681
0.663033
8.11651
58.2357
20.337
21.1018
0
10.2161
39.5235
9.95045
51.6727
0.531791
1.70875
26.4141
0.0208838
45.5349
0.482628
8.12482
21.053
0.621787
0.101918
1.62423
0.0100238
29.3574
1.70522
2.5822
17.9587
18.6257
0.988337
24.8783
7.8226
0.122428
13.5808
3.51897
16.3876
32.1384
0.193881
1.30912
24.3646
11.2764
0.391495
5.60581
16.197
13.0925
15.4508
15.746
14.3372
10.5371
15.6154
9.94283
1.53346
8.881
0.00015093
3.57598
18.3167
18.173
10.9077
1.2318
0.899596
0.461445
1.92846
1.20528
2.4294
1.71424
0.973247
0.00188645
4.22932
5.27771
0.488077
1.67032
0.197759
0.489945
6.4823
0.970605
1.87694
11.9582
8.88738
1.87323
1.08749
0.452386
26.7337
0.00342217
7.21409
54.4511
9.97891
29.8903
17.7148
16.4403
0.183476
3.12414
0.439637
0.589629
50.6742
0.767534
1.27553
27.3129
4.67835
0.00761563
66.8401
6.8759
0.467662
0.372976
1.23691
25.0987
1.98389
1.36966
62.786
11.3167
4.07577
13.4544
30.1284
18.1645
14.1667
6.21975
10.7348
20.4535
41.5417
26.4569
25.6237
31.7283
13.3888
4.65214
1.19037
16.9614
0.831775
8.00007
6.07727
0.840151
11.837
26.8514
21.5813
2.33591
0.0166559
1.09506
0.175432
1.01971
0.410189
0.212056
0.83403
1.48465
0.664564
0.140642
0.00501997
0.00214749
41.9829
43.7663
1.83015
13.3741
19.8541
25.7045
8.80208
5.80948
12.6944
0.246096
17.0046
2.48643
3.86155
4.15234
4.0373
19.172
8.64896
24.0846
8.6869
33.0002
41.1934
54.0488
38.8891
25.8021
19.3701
45.2674
25.504
3.92181
0.830954
0.944775
0.12009
1.03243
7.17714e-05
1.3328
10.9093
0
0.451004
20.0628
18.932
22.2413
20.0579
14.2958
5.90419
0.763591
0.00912785
0.000833415
3.79946
1.40338
7.16002
0.0590344
0.189484
0.595681
40.1358
18.7196
11.2548
11.0259
14.2562
4.71627
0.265823
0.217877
1.76683
0.865515
0.119433
3.03859
4.59799
5.17477
1.56001
0.403672
17.5112
0.715333
0.513732
2.20779
7.0521
1.12298
6.87964
3.96809
6.32204
4.99796
1.114
1.02863
0.436668
2.45112
9.22357
0.0477593
1.3354
0
22.9948
2.98524
0.706294
3.90682
0.948787
32.2211
0
9.57853e-08
28.6273
