20.9197
2.77585
4.35286
0
1.29948
14.882
0
8.56504
2.2793
5.3414
5.3148
0.00429144
0.779973
3.16522
12.9658
0.0274734
3.20607
18.9392
7.91699
4.54227
4.4209
0.00171078
0.646319
0.177432
2.27924
3.48153
2.82199
2.76959
31.6687
1.07564
0.00817765
0.908526
0.170144
0.949778
0.109906
0.00259618
0.280519
10.0073
3.75267
3.66555
4.62931
11.0714
0.969471
7.19056
0.822547
3.17947
1.18822
0.813419
0.501776
1.0608e-05
0.360658
0.201778
4.28606
2.17804
7.15621
2.78469e-06
12.041
2.99162
0.297013
0.0224861
13.981
0.157104
9.37556
0.878446
17.9696
0
7.14047
2.85754
2.51781
1.0155
8.72504
3.51592e-05
0.0108774
2.77591
0.0372795
2.58441
6.02072
1.42387
0.00690295
0.00112703
0.000181436
1.35513
0.0426422
8.59421e-07
11.5818
1.23818
1.28658
2.50496
3.22039
3.70235
10.8242
4.5742
0.856188
4.29629
0.295964
1.77876
3.68869
3.86218
1.84455
1.24437e-07
4.33609
6.36231
3.21535
7.66147
1.6909
2.06935
1.8207
2.68099
0.803895
3.1121
3.23247
1.26499
0.38415
1.61315
6.121
2.14601
3.59739
3.23961
2.26863
3.70164
1.03799
2.32127
1.27713
2.26876
0
0.304495
2.91166
5.40241e-07
0
0
0.688241
0.0597953
0.105204
2.28105
0.0371844
1.27758
1.50764
0.493501
1.2271
1.14227
0.021385
0.562516
1.05718
2.78573
3.55572
0.00208672
0
0
13.9654
37.9195
0.288222
0.593276
0.971626
0.0724703
1.02464
5.9752
8.15269
6.22555
6.81626
1.2708
2.50576
12.4083
0.531569
1.0219
2.04485
0.989697
0.430872
0
1.51886e-05
0.0506279
2.99767
2.39702
0.198585
0.0122577
0
0.79315
0.184957
0
0.0272811
0
0.00023799
14.3951
0.280963
0
3.32716
6.46657
16.4502
4.17621
13.8516
25.0654
6.63737
11.6761
8.14416
11.624
2.81958
0
3.8047
2.45339
2.8186
3.21725
12.751
35.3263
12.09
31.3467
5.83414
2.04398
11.9982
3.47366
30.778
5.46743
23.2688
25.684
4.16382
14.4459
19.0967
17.2107
3.13287
26.0831
17.9979
5.39652
1.099
4.10409
18.7307
0.404253
12.115
10.8678
9.24449
16.1115
12.592
0.000259966
0.932601
5.0545
9.71745
0.31486
2.06521
3.1213
4.16638
1.11188
0.85246
5.11134
2.73992
3.80897
1.61407
2.68981
1.86179
1.80156
0.314714
0
1.11264
0.000788143
1.68726
2.67249
0.872875
0.0267682
0.00349223
0.827611
0
0.880332
0.00598301
0.494642
0.570763
0.0721691
0.90671
0.0101558
5.36303e-06
0
0
0
0
0
3.7111
3.72086e-06
3.388
1.01681
0.176652
0.0358975
0.983674
0.00466539
3.8213
0.76909
7.51917
0.352742
0.430088
0.335632
0.00254161
0.000406419
0.0490152
0.174309
1.14485
20.7426
0
0.697848
2.20778
5.54415e-05
0.105588
0.289451
0.245572
12.8768
4.81557
1.8364
3.35238
4.59243
5.06725
3.91619
0.667157
15.778
5.53556
1.42261
0.10664
0.580926
1.95627
0.684034
0.993646
3.86859
4.21736
3.19824
18.6501
1.72167
5.45265
1.35182
0
1.04033
1.54086
1.89929
10.0149
12.3544
3.94015
1.09274e-05
0.411676
0.20881
0.0121602
1.82398
0
1.08517
1.87243
1.90641
3.70334
1.21778
6.60681
0.521361
32.6349
0.0809139
20.1101
0.0395404
2.60087e-06
0.415703
0.037017
2.9503
2.40563
2.43918
0.486698
4.8705e-07
10.5062
2.85919
0.0231523
2.92647
0.916335
1.72777
0.0580065
0.683017
0.547162
2.21092
0.896008
1.66387
8.57382e-05
1.54273e-06
4.28142e-05
1.63299
1.03336
0.182073
0.299855
0.00140168
7.7615
0.972431
1.41674
1.31503
6.08747e-07
2.47924
4.61569
4.82611
11.366
4.26185
0.000252469
8.49823
9.95104
10.407
4.54088
10.1375
3.81418
3.31796
5.78389
2.00684
0.0484365
4.39763
0.0883164
6.39692
10.1487
2.64303
2.85728
21.9946
4.40401
19.8812
9.06103
7.35905
10.8206
6.75012
6.29338
4.47467
3.65128
0.42547
2.31651
2.3485
5.10245
14.2855
1.238
2.84711
35.5707
11.0128
5.37517
0.918761
2.10192
0.981526
1.3505
3.95708
3.63489
3.39238
9.32811
7.82521
7.58157
7.14053
2.98192
4.74257
6.16438
3.89638
4.04812
8.35723
7.54468
0.199138
4.66126e-08
2.69461
1.05447
1.97538
7.83457
12.4681
7.9761
0.0668183
0.00308267
0.000317114
3.22514
0.719899
1.45639
1.29991
13.3123
4.574
13.6391
5.5019
13.9948
7.72676
9.17672
5.11882
2.71632
0.644592
0.696378
0.102195
4.36411
2.13382
6.07661
1.92683
0.00597649
1.8618
0.221105
0.602911
1.00662
1.11759
0.186489
0.896415
0.000827124
4.14951
1.68865
5.77372
11.0392
3.07314
1.13618
3.88863
6.44983
3.97041
5.70013
10.1638
1.88686
11.3383
15.8562
15.1218
9.44237
0.00285494
0.227697
3.01897
0.296614
0.305616
0.857065
0.000966613
7.91725
31.9616
12.1585
4.79053
12.585
8.14842
2.51685
10.0372
8.5813e-06
3.94312
1.52985
1.13028
0.321674
7.63675
5.42334
18.1473
15.7021
3.12585
19.7274
4.16143
0.648036
5.41201
2.77775
8.08184e-05
0
10.8559
0.0377117
0.867613
1.04607
0.914135
1.04688
10.1042
0.201973
2.79963
1.23379
3.948
1.67222
0.0359561
1.58778
4.37992
2.62029
0
3.33303
11.4012
2.04976
2.02104
1.43366
2.6802
5.19127
2.04607
8.12176
9.49012
0.583751
13.1961
2.19602
5.42883
12.8421
8.97998
12.366
15.1681
2.95468
0.0137735
1.07263
10.6611
0
0.333146
7.08486
1.00329
0.138107
3.10048
5.05932
11.3558
0.65207
1.14973
1.6193
0.713916
0.0500558
3.61264
18.3543
0.736529
0.0479061
5.38519
0.528659
5.33461
3.34724
0.0461528
4.89916
0.864924
3.83415
2.81795
0.462666
0.496946
5.43881
2.08303
4.79349
2.79874
30.4774
0.469597
1.24308
35.3402
9.1662
13.2438
11.6076
1.56689
8.43929
9.7235
2.05472
0.00826212
0
1.24732
1.58799e-07
0.107765
14.8936
1.39532
5.0224
0.00283167
0.0125335
0.978974
0.780444
0.0122614
0.166855
0
0.875026
1.30269
1.96423
0.0937988
1.60489
1.62239
0.0275957
0.605529
0.866552
0.710073
0
2.1567
11.87
0.0451947
21.9876
1.98515
2.65426
1.22195
7.31545
1.41091
4.74508
6.88971
0.746369
0.00490455
0
0.760334
10.0511
15.3405
1.06614
6.74218
0.0829792
3.11154
9.17983
5.7123
14.007
0.0840797
2.13164
0.155158
0
9.37361e-06
0
3.97364
0
5.98986
9.24187
12.2218
3.59147
3.13972
1.23959
3.74795
7.7965
20.6589
17.9814
0.925892
0.552677
0.0229358
10.1143
10.347
1.51628
0
11.4072
4.74663
2.0715
6.90113
1.0551
0.335268
0.593119
2.91974
3.15753
4.34005
2.11701
3.0974
6.70523
0.273828
1.80843
0
0.220566
0.0944976
0.00431514
0
0.0290678
0
0.10495
15.1438
1.09709
0.789153
0.914675
0
8.76484
2.52577
0.452221
1.19482
4.38248
6.93252
4.98762
5.39754
2.18298
13.0507
8.7825
13.525
10.0699
15.3318
24.9616
0.0594445
1.73615
24.681
4.73793
0
3.40945
4.10951e-07
13.1622
32.8671
10.3172
7.10685
22.0258
5.42368
6.62568
0.0713626
0.0350746
8.54947
13.9429
0.202375
0.0352518
0.306914
0.0188161
19.6254
0.00303382
0.472645
0.000968409
0
0.615792
0.134572
0.417384
3.85731
5.92213
3.56383
0
0
0.00596159
1.16339
1.63523
0.293418
0.850813
6.47128
0.571447
29.2634
1.13397
9.43629
10.7388
3.79759
13.2627
0.98254
1.76762
1.55035
0.356343
0
0
2.11972e-07
1.65108e-06
0.373092
0.0452939
0.00107457
0.952896
3.26935
8.45513
3.01183
27.5998
6.53343
1.8548
6.03931
3.18093
1.74895
2.1191
2.20719e-05
7.81541
1.37729
4.86465
2.01314
7.80436
5.47639
5.87477
0.841119
0
5.97036
0.310598
3.52185
0
0.302176
0.45422
5.2096
5.72761
1.10454
5.75648
2.22342
15.0938
1.57888
0.238771
0.489048
2.23794
0.0627431
0.846623
0.355113
0.000782787
0
3.93178
1.68778
1.78113
1.72267
3.21884
9.8415
4.34711
2.25091
5.26935
3.85887
9.94932
0
1.0481
2.71803
13.8921
1.23368
0.960396
1.03482
0.0449008
0
2.69405
15.9331
3.14211
7.61921
0.0131273
6.48381
3.0764
1.71344
0.524803
5.71434
0.8937
0.906151
5.46912
0.0179897
0
6.41858
0
3.95527e-07
0
2.6378
0
0
1.90746
5.97604
4.86307
0.849521
0.0177925
4.39749
0
20.1792
0.539821
1.13745
0.0587026
2.70616e-05
0.407654
1.35096
1.24218
0.122191
0.558958
7.59982
2.79242
3.00036
1.23965
0
11.3839
10.8033
1.42585
1.12642
3.33697e-07
8.92382
6.4556e-06
8.40619
7.75479
1.45211
5.07773
4.7944
9.30115
3.87167
3.73131
2.79173
0.612504
3.43392
1.21298
0.23517
8.33221
2.19346
4.66837
1.17009
5.02734
10.3283
1.1825e-05
4.20987
0
1.54744
1.49585
1.21078
0.0382889
13.0793
1.23312
3.12572
0.335864
0.232411
2.15468
0.677436
0.207719
8.61222
0.407122
9.5689
4.59216
1.17128
0.986172
0.56099
2.35728
8.90504
0.00988379
6.94148
10.1499
0
0
9.9196
0
0
11.0117
7.96748
5.32548
0
6.89803
16.4534
1.73764
2.44367
0.780628
6.29416
0
0
6.86921
0.654876
0.62004
0.00318091
5.40729
0.541077
3.12665
4.94541
5.51937e-07
1.80491
1.01445e-08
2.03597e-07
10.4316
14.8192
0.0556026
3.19237
7.95791
4.19518
5.77202
0.281017
8.92e-06
0.27955
0.0301871
0.533087
0.149314
1.10166
0.027619
1.2715e-06
4.31446
0
4.84658
1.14134
0.0359318
1.27143e-05
0.0427206
0.414944
0.00113752
0.644194
10.2938
0.647316
10.4568
9.00401
0
1.31057
0.00427614
1.97281
4.64475
2.52276
2.89688
0
0
0.0691196
4.91042
0.237152
0.0381969
1.15031
1.25111
2.93626
7.61789
0.467107
0.495234
0.849679
10.7445
12.339
3.68851
1.71918
0.0352382
0.544645
0.00493884
10.6807
0.0236976
0
4.80873
2.50959e-08
0.332409
0.538139
5.2005
17.9353
0.348778
1.17213
0.0334464
2.64166
0.960756
0
0.737313
19.3631
0
11.5798
0.76635
4.99387
0
16.704
6.83492
3.5437
7.87241
2.16205
2.45317
18.3844
4.85951
0.103469
0
0.0240901
1.88299
11.6625
2.38548
2.57996
0.734215
0.341054
0.973666
14.2819
15.4572
9.41394
19.8443
1.9949
40.6459
8.97921
5.53006
30.881
11.244
0.425099
1.80294
1.19657
5.47607
0.87569
0
4.82449
3.89025
1.11825
2.49817
0.927009
0.0016613
8.99949
4.57742
12.0664
0
0.471557
1.05237
0.626338
1.8892
10.4333
3.20881
16.9288
4.87981
3.27967
0
4.1698e-08
0.308695
6.12807
7.95474
3.77901
8.1143
9.38846
5.75554
6.5139
13.666
11.1387
19.6218
15.8307
6.07546
3.69358
5.27921
0
0.00784447
0.924335
0.845852
0.0655253
3.17561
0.270064
1.91433
4.64231
1.75257
1.91282
3.21329
9.70138
10.3516
20.7878
2.80496
17.3049
5.09321
0.262073
2.79906
1.47119
9.66415
6.94992
0.000411272
1.55732
0.989677
2.42898
10.7737
10.0141
12.6421
0.490527
0
0.910425
7.96895
6.26595
0.905364
2.4752
10.4967
0.0140077
2.67429
0.170281
0.166801
0.00241446
16.7144
1.2205e-05
8.58112
0
22.6748
2.84367
0.788967
0.00734999
0.358938
10.3476
14.1789
14.1657
6.50899
1.89083
0.479322
9.64111
8.29574
0.778443
0
6.23837
7.80927
3.53439
0.00503177
8.29723
5.54698
3.2811
4.90885
0.00427527
0
1.04451
0.0416169
3.3794e-08
0.93359
0
0
3.1205
0
4.60909
0.860596
2.89587
1.2322
1.23997
1.40169
13.1108
0
13.1143
1.25042
1.85205
0.113499
0.0896129
1.411
2.57465
1.5273
1.51887
4.57148
1.14152
23.6612
6.68544
2.83691
15.1798
0
1.86208
15.3266
12.0372
4.27873e-08
1.99681
5.27117
17.2241
3.36778
0.154199
1.90013
2.54325
3.62437
0
1.53505
0.17976
0.637271
3.42538e-05
1.36059
3.20657
1.59696
0.0782285
1.34947
2.61112
0.848053
0.192703
2.1448
0.0319889
1.2538
0.872351
1.18486
3.51797
1.39926
0
0
0
0.00551366
0
0
0.0514748
0.000376691
22.2085
4.38216
1.9387
4.90749
5.84726
1.51354
2.2665
7.8972
0.000606192
11.5487
18.6475
14.9426
18.064
18.1184
12.1764
20.2303
1.72721
2.21137
20.2787
21.4088
9.34241
9.70046
1.02577
15.3572
2.14877
0
5.78434
0.00595286
0.20685
6.45036
0.970267
0.00753229
0
8.20968e-07
0
0
0.0315726
0.000892547
6.66959
2.54766
0.0335848
0.0133875
2.69929e-06
0.452456
0
4.32495e-05
0.0125181
0.885963
0.108304
5.21611
1.29602
15.2211
15.6905
0.485597
0.0164532
8.69336
11.5884
0.335372
2.29847e-05
3.47
1.38729
0.12671
5.45698
0.00326196
0.195196
0.136339
0.301402
2.20475
12.1162
0.287778
0.0229249
2.66728
0
0.0314096
0.0147909
3.40706
6.96974
0.00186257
4.95066
2.6126
1.04726
0.00200861
0
2.63646
0.660538
0.180749
1.4347
7.41441
25.1775
1.79056
0.891182
9.62932
0.872565
18.1873
14.731
0.634946
12.5633
0.0282128
3.55862
0
1.60054
5.20797
5.33104
6.05309
0.0259533
1.47685
0
0
1.38051
3.03081e-06
0.579175
1.85128
1.13144
0.0204436
1.50241
2.75582
0.0365991
9.03568
0.0150187
1.52669
1.75081
0
0.442952
0
0.00119696
8.57751e-05
3.77747
2.07527
9.13105
16.9177
7.11995
5.02291
2.43177e-05
9.16528
14.1053
0
1.43057
0
1.15246
0
3.42205
22.4964
1.85852
4.176
9.32711e-05
3.21196
3.61446
4.91336
0.935679
1.41687
0.114215
0.0007966
0.782137
0.111856
0.0166647
3.01875
4.08273
0.00056452
0
2.23973
1.50287
3.58073
2.71925
1.0341
1.0375
5.85665
5.578
0.339439
11.0864
0.000844091
5.98584
1.52536
1.44247
18.077
19.4731
0.766804
1.65993
15.8227
25.6666
1.31899
4.49625
0.230461
16.1134
7.25794
8.69245
0.031465
0.62245
1.85774
2.60263
9.97843
2.1515
4.68657
3.8698
3.79905
5.02861
11.9115
1.4824
1.13599e-05
0.00017435
0.586735
0.0307259
2.20826
0.00709837
1.81842
0.140436
19.5424
0.346577
0.036261
1.11972
1.97968
0.114646
6.49152
2.75903
0.825307
7.23504
14.1357
1.76671
15.4314
3.056
0.553154
0.202587
10.0744
8.21164
15.9281
2.34218
0
0.120831
6.86393
3.5193
1.92791
0
0.526935
0
0.225533
0.134992
1.00982
0
0.110578
0.310041
4.5024
2.86367
1.36846
0.000434219
44.5584
0.808085
0
2.42201
2.90149
0
3.30115
17.4869
1.03145e-05
4.39
14.4178
3.04649
0
26.5753
1.0844
0.0922952
1.05772
0.261626
0
1.60958e-07
9.52264e-06
0.00950739
2.15684
0.130966
1.91883
0
0.652434
1.33415
2.60836
0.0145824
8.46406e-06
0
0.151961
0.303654
0.266652
0
11.2642
0
23.0747
0.962987
3.68912
4.42249
0.241588
0
4.95563
1.52793
0
6.19578e-05
14.0159
3.93442
2.13946
13.8354
9.31762
4.46531
0.706553
0.872266
0.945896
0.061146
2.07778
1.61052
0.0397794
0.338377
0.918262
11.5861
2.3251
0
0.208545
0.0207605
0
0
2.08974
3.37907
0
0.11055
0.662848
0.0159983
0.000327084
0.0443219
0.77189
0.28032
0.889792
0.111386
0.00204752
4.73791e-07
0.0553274
0
0.518017
0.952199
0.0261811
0.0188913
0
0.00559875
0.00801704
0.0110424
0.202037
14.2044
0
1.54463
0.693618
0.00406862
0.000131948
18.2142
2.20758
2.69884
0
0.0343077
0.0520132
2.99931e-07
0.502883
1.2305
0
0
0.0904519
0.000292094
9.86139e-06
0.361481
9.76196
0.0111679
1.4729
8.52398
0.126953
0.00196389
4.05993
0.651938
0.00184939
0.707825
0.294964
0.894244
0.00445016
0.864109
2.12662
0.00543104
0
0.223592
3.61971
2.80115e-06
3.45151
2.53048
0.768258
0
0.0120724
1.08736
0
0.500283
0
2.8333
0.4032
7.87452
0.174861
0
0.00184503
0
0.0448414
0.0151153
0
0
0
5.82265
0
12.8415
12.6868
1.1508
11.2762
0.72485
8.02445
2.47553
8.89142
0.960537
0
4.17415
0.00955494
6.58602
0.555554
3.49537
0.293941
0.000759894
0.549303
16.4437
4.34381
0.0406865
0.144165
7.56902
1.21044
5.03317
2.32888
2.95285
7.39185
5.30941
12.204
0.013815
0.0472904
5.26457
0
7.85318
7.03575
11.125
25.4531
0.672415
5.66594
3.68015
7.87728
12.7545
23.5386
23.2162
1.88603
1.48216
0.00303348
3.07462
3.80606
0.343958
0.696822
0
0
9.81675
9.98659
3.4968
0
3.06842
0.124525
0.00771678
1.52384
3.94384
5.54896
2.81416
4.46387
4.60762
8.78499
7.22443
1.6594
3.54174
1.83125
0.802727
1.52084
5.42003
4.38275
1.94299
0.0131396
1.58494e-05
0.171358
0
0
0
0
0.685632
2.87276
1.84634
3.07814
0.910854
0.103765
1.91042
0.927489
0.00619639
1.57781
0.249766
0.742538
2.38426e-07
0.00478707
0
0.111029
0.870906
0.103044
0
0
0
0.331776
0.0844137
0.799638
0.149921
0.644262
0
0.00290839
0.147872
7.90991
0.118922
2.0869
0.0177716
0.423445
0
2.69001
0
7.73268e-05
5.91833e-06
0.00576105
2.41327e-07
1.9732
0.0285111
5.9646e-05
0.493388
0
0
4.80933
0.00653186
5.81059
0.526819
1.11084
0
5.28894
13.8195
0.00630595
10.3696
9.30554
10.346
16.3751
20.0207
16.1602
13.6756
31.5919
7.95568
12.4924
5.27661
0.592548
0.803999
13.9799
7.83181
9.9534
14.2314
7.83935
9.89791
1.59579
3.73267
5.07675
10.0024
3.29238
2.31514
12.6673
7.67958
7.60578
4.36303
0
10.8937
0
6.15797
11.7583
17.3628
11.173
0.278893
6.36014
6.37859
9.56935
0.118161
5.95309
3.43598
2.53328
1.98585
13.201
16.2203
15.3414
8.35053
8.07516
5.75818
2.22071
4.48716
0.171875
9.30053
2.47864
6.78603
0
3.99487
5.54966
0.0320254
1.3309
0.757116
0
3.00394
0.770476
3.61261
0.742935
5.36924
0.0414234
0.256878
0.605369
0.890635
0.95549
3.43577
7.92251
0.0251812
0
2.7161
5.12627
0.00162319
0.890477
0.899037
0.776484
2.37869
0.803282
0.000482995
0.0647899
1.91481
0.346195
5.26782
2.41806
1.09029
0.052818
1.57179
0.367434
2.73394
1.80935
22.5119
6.58075
11.1464
6.04358
7.18106
12.7653
8.25057
8.19638
4.03998
6.58065
6.89348
0
2.14719
1.79827
8.54352
0
2.95414
0
1.48698
3.82399
0.959079
5.1843
2.8454
3.19938
2.47134
4.57438
0
0
2.02205
4.46762
2.32091
5.00364e-06
3.60028
0.00975399
0.00528403
0.943681
0.00200256
0
0.611463
4.58839
0.700223
0
0.000171382
0.0014593
0
1.34241
0.250574
0.393896
26.3756
1.62854e-06
4.22802e-07
0.13917
0
5.9943
3.6372
9.09915e-08
2.44544
9.06407
7.26996
1.18107
3.96559
0.105928
2.44471
0.00899915
1.1489
2.71661e-07
1.18164
2.60404
14.607
5.11218
14.5468
5.49214
0.737967
5.19383e-07
0.87166
8.19711e-07
14.7189
0.172926
0.00447286
0.832945
7.25625
1.0805
4.1973
7.63048
4.85949
5.65758
4.42096
7.95358
1.21013
4.23396
7.66753
0.508549
0.0274755
12.0007
0.17701
0.973295
0.899701
0.481513
3.80633
1.62844
7.81368
2.11165
3.64128
0.283777
14.4402
1.83542
1.93233
0.110321
1.9618
6.4421
1.4942
1.5903
13.6761
0.694033
0.026691
0.0490092
0.857317
0.0743708
0.903751
4.81292
4.34176
17.0427
14.9801
0.29411
17.7945
7.77737
2.42261
5.51694
0.194078
69.2895
4.70701
1.78369
3.47528
23.0631
8.34545
27.4361
6.10504
17.5561
0
0
0.0117912
0.00101178
0.952238
0.757009
0.59581
1.84556e-07
3.99686
5.28421
11.2142
0.905007
13.6253
0
0
0.0431393
0.0701761
0.00130986
9.74594e-07
0.576052
0.284144
2.07787
2.09782e-08
2.07045
9.36821
0.373012
6.11446
2.01468
2.50822
0
0
13.9978
1.6997
0
9.76417
1.9508
4.07975
0.0136634
11.8147
4.76907
2.59307e-05
4.42796
4.45251
0.741856
0.0141356
0.312516
0.0124187
0.00537804
0
12.818
0
20.8991
3.73358
15.4879
0.0100155
0.0106985
0
0.839983
0.000658522
12.1472
7.98296
12.6554
0
6.13289
10.2758
9.04138
3.4158
1.68382
6.80192e-06
1.62719
0
0.514428
2.11381
0.00699749
0.170005
2.12287e-06
0
0
0.0020407
0.404355
0.00403515
0.000461883
0
0.88506
0.00798727
0
0.36719
0.00313169
0
0
3.82365
0.111534
0.916733
1.72554
0.897381
0.919095
4.02942
5.20165
0
0.959791
0.175183
0
0
2.26979
0
5.46145
0.171046
5.17062
1.55387
4.1288
0.630253
1.27853
1.25945
2.74476
3.94466
3.25659
1.09865
7.09679
1.35074
5.88009
2.52627
2.39937
4.21846
4.73945
4.11985
5.411
6.29051
5.12476
8.20519
5.12101
5.5666
3.83884
6.75742
3.96742
3.05343
2.45819
1.76499
0.464302
0.866126
3.33116
2.62092
2.41496
1.16181
2.13666
2.94779
1.52544e-05
3.0469e-05
0
0
4.13541e-06
10.0578
8.76486
1.59771
0.910438
0.2666
0.0245381
0.0602412
0.012612
0.851802
0.0104225
10.4487
0.640237
3.51383e-05
1.96652
13.6976
6.2224
1.09687
10.9408
2.98772
1.17091
5.48906
3.26378
5.00899
0
5.72182
3.23196
3.69389
3.07427
2.48832
4.99716
2.37465
4.11677
0.832859
4.61728
15.4031
3.56843
1.70561
4.55856
1.59634
9.11009
19.3182
4.63678
12.6076
14.4052
11.5477
10.1185
17.3957
13.2587
13.9158
8.90161
7.38151
13.5907
13.2883
12.0695
9.83368
7.3232
3.75912
0
0
0.0983105
1.86659
10.3464
9.27453
6.93938
3.28266
3.28885
3.24449
8.42427
8.98003
10.5186
1.71297
13.4616
8.42629
5.51516
1.68209
2.52256
5.38768
2.24415
3.62154
27.9259
1.78637
0.594018
3.06623
2.90705
5.85655
1.21832
3.41065
2.50935
4.8149
3.25531
6.15229
6.24451
3.30757
1.29118
8.12411
18.2185
19.6289
11.6409
14.322
0.620072
0
2.4546
0.0752713
5.69811
4.7286
3.78151
4.45662
0.520268
7.7665
8.42363
4.75383
5.57377
2.58925
5.1514
12.7147
15.3107
0
0
0.980229
35.6253
21.5308
16.2022
0.541086
74.7924
2.40212
9.65948
1.40496
0.449095
0
1.02886
8.89679
0.15306
8.6384
16.1852
21.0627
7.12319
4.90188
0
18.1559
2.58249
12.0004
2.67438
1.80413
6.68898
7.60017
6.44535
4.93465
10.399
6.30436
7.77099
7.46976
0.620074
6.04485
17.6189
21.3546
5.66973
18.5966
7.18069
6.82829
6.49182
23.4625
5.70765
6.33348
7.72111
5.41403
19.1232
1.7858
2.5728
0
5.01721
0
1.4856
7.06301
9.47555
4.59109
3.61972
3.09152
5.65992
2.1344
0.491917
3.41793
3.22941
5.24949
3.2165
9.73544
3.53559
6.68244
2.08303
1.91956
5.52664
3.82401
7.51351
6.22478
0.000244192
8.8073
0.509316
12.272
0.11288
11.7988
7.19502e-07
0.29769
3.83772
1.33385
3.48255
3.01881
1.65426
5.77408
12.4768
2.94188
0.476325
1.96866
1.1793
2.78423
3.74846
1.90273
0.541639
0.859775
8.20386
1.28988
0
1.75519
1.09684
0.892548
0.368091
1.28331
1.04253
1.86992
0.242003
0.000314725
1.07347
0.62973
1.72838
6.87371
1.01212
1.72971
3.37445
1.34907
1.39053
0.719269
0.00036159
0.467414
2.11617
2.75866
0.826613
0.0832712
1.56151
0.809356
0.564708
6.49455
1.84857
0.785657
1.2902
0.00757568
7.08563
0.151183
3.60481
0.0112868
0.163646
0.0110824
0
4.38121
0.142718
7.91477
0.667895
3.77173
0.402243
5.44868
0.828889
2.70332
8.08359
2.42469
6.51766
1.7579
14.67
0.0237696
4.68217
1.23585
0
2.64351
0.570618
3.26487
4.04695
1.84271
0.146286
7.72507
0.0613521
0.881081
0.659947
0.148079
0.948277
0
0.376822
1.77697
1.56955
5.46715
1.5514
0
9.96906
0.87236
0.490943
2.6057
19.5808
0.796655
5.20769
0.354842
4.97646
6.96157
4.36145
0.0239662
0.932872
0.00945691
0.0133142
3.7635
24.7238
0
0.971
0.115233
3.93872
0.0154927
1.56694
0.923751
1.00891e-05
0
0.0998627
1.75781
0.00915985
0.597568
0.995874
0.971293
0.891088
3.58795
0.00919761
1.07031
1.17149e-06
0
2.06866
0
0
0.0422403
0
1.06441
0
1.65797
8.09996
2.69432
9.71847
10.8929
8.36539
1.35625
1.32765
0.0128815
0.577598
0.916344
0.37016
1.01398
0.711113
9.78356
0.0190637
1.41583e-05
1.94332
13.8475
8.27798
5.90768
0.0378394
0.0877127
1.93319
2.08376
1.80604
5.16957
11.4012
1.25787
10.2792
4.78155
0.870953
11.8649
8.42001
4.5867
4.43959
0.288449
8.34314
1.67503
52.5084
0.0628754
76.0598
67.3803
3.97557
2.17449e-07
1.06362
0.246769
0.376455
0.906711
0
0
0
0
0.0440995
6.34737
0.149638
3.86967
0.119022
8.45615
2.32298
3.1044
4.59485
6.7149
4.01665
3.62723
0.670742
12.1972
8.4543
6.7662
3.16824
10.967
7.1889
5.03449
0
5.14211
0
7.45723
4.3993
10.1571
2.63087
0.028734
5.56973
5.14206
44.2899
4.10443
7.28812
2.95985
0.656647
0.0318357
2.5103
1.34561
1.27488
3.19109
0.627285
3.36886
7.91796
1.31209
0.308157
3.16752
0.321128
6.88163
0.689388
0.153304
7.28596
0.214753
18.6804
0.539074
7.87851
5.10712
7.36185
9.87195
10.7421
9.7938
1.6474
1.55851
0
1.11847
1.66305
1.17305
1.39623
1.58178
2.89769
2.16537
4.3842
4.4502
5.69416
24.1801
4.82047
3.31751
0
0
0.000461398
3.50049
1.08162
4.09841
0.941417
1.813
0.00109513
1.26458
0.0855535
0.940696
0.863105
1.98098
3.88357
0.85015
0.102753
0.000611176
5.18142
11.5344
3.30328
3.41732
10.4009
5.03899
6.55848
1.17967
15.4592
1.1946
19.4561
0.175466
1.68577
8.91906
0
0
0
1.18646
0.0399131
0.229493
1.4137
1.25202
0.11023
0.0380174
9.03376e-08
0
0
0.220484
0.264357
0.0278317
0.74459
3.47553
6.11902
3.89153
0.188064
0.870174
4.52102
0
0
0
0.131115
7.82983
0.189931
2.49159
10.7848
30.2212
5.21583
16.4042
5.59183
11.646
1.81356
3.46254
8.65438
0.638757
3.40282
2.88412
1.59122
0.702832
5.33673
0
4.52756
9.26195
5.29078
0.901077
6.76748
4.12417
1.56327
5.75673
8.51228
5.68801
9.12417
1.34035
7.56452
0.374697
4.53838
1.35432
0.298897
7.00514
4.30446
0.683904
1.02469
0.874311
7.80155
1.94994e-05
13.619
9.22787
0.828441
0.502439
22.0352
19.9958
1.50471
0.132521
3.37409
5.6673
6.52782
4.13655
8.8733
5.1902
13.1508
4.3411
8.58483
5.59551
5.79964
0.0405645
4.7085
5.51914
14.4338
7.24264
5.661
6.20011
2.30249
3.78295
9.52915
8.88174
6.21361
8.48009
11.1515
6.45954
9.05016
16.1701
5.76034
6.50487
3.43779
6.65285e-07
2.62383
11.3775
3.43936
0.453156
12.0631
0.00365293
14.31
32.0269
1.67626
1.35332e-07
0
25.6061
8.45317
14.3862
18.4322
2.46718
4.45403
6.37174
3.1205
8.16075
25.6179
13.3274
2.99355
13.2509
9.64653
9.91533
7.6119
11.8205
6.67525
8.86487
5.37524
22.3404
16.2348
0.742219
19.164
9.11814
7.75986
0.950984
6.26406
14.0075
29.91
14.2896
0.0253664
8.82473
14.6219
11.1516
0
5.52261
5.36882
6.23377
11.3276
3.88629
4.28116
6.93811
0.913724
0
2.68371
4.64276
11.6385
1.14595
0.846294
17.5881
4.09392
18.4022
12.1864
0.99488
15.9215
2.21935e-05
12.6981
11.3444
6.76716
9.30388
5.16872
18.8093
18.0123
29.3604
10.9639
16.0532
6.43223
5.64736
0.145036
5.74857
8.33639
12.1186
0.864331
6.07275
1.89783
5.82776
4.18048
3.01283
8.29648
5.73898
0.62281
1.27749
0.806996
5.61254
4.20112
2.09016
0.388656
2.24887
4.32629
3.33975
0
2.26559
0.942197
2.06709
1.50228
7.15576
1.20012
4.92892
11.8731
3.06302
7.391
9.40274
0.0106876
5.47543
0
0.56474
5.4077
5.44119
0.0167116
2.03826
5.94163
7.7344
4.09939
2.56525
3.26638
7.09817
8.53624
5.43505
0.616339
4.91855
7.92567
6.12759
5.67917
4.37447
9.45082
13.5668
0
2.86309
8.18866
13.4964
6.39301
1.80023
11.3831
1.22739
2.11486
1.77221
13.0694
8.95935
2.59637
14.6007
18.7205
9.86588
9.19786
3.02251
2.07293
5.41056
10.0907
3.68667
1.96839
6.77434
7.98983
3.31283
10.4502
0.0706949
0
3.99098
1.47547
20.1405
7.17173
0.0168652
3.15127
0.0409689
5.04652
3.06103
8.14354
0
0.431824
1.03319
0.65867
8.68541
5.65882
0.781675
0.649186
1.16757
2.91367
7.6121
2.39599
3.37621
1.87801
0.0764908
3.22072
1.47964
8.29876
3.6065
9.26078e-07
4.93289
3.69443
3.7192
4.97365
15.2129
5.0761
0
5.78252
0.457761
10.963
1.39422
1.02186
11.1761
3.27346
0.0218511
46.5301
0.11878
20.1472
1.2785
13.6782
2.09144
0.427411
15.9396
1.53309
0.0901227
0
0
0
15.1371
0.477862
1.62855
2.66388
7.27978
4.10161
8.1706
5.82094
12.3525
1.09989
4.477
11.1272
0.10938
25.4846
14.477
0.368257
18.0398
1.96452
15.5229
9.53374
0.847588
6.08059
0.291618
1.54096
4.5554
4.32031
0.0122467
0.312446
0.00192692
0.999375
1.68903
4.2898
5.69228
0
1.66801
5.0889
1.78763
5.46428
2.3264
3.04117
2.84815
1.45287
1.23716
12.4893
3.82576
0.00088759
1.7652
2.65855
4.70342
1.13568
0.363796
1.50101
0.62392
10.5354
9.99954
1.60439
3.04712
36.7084
1.13197
4.26728
5.189
55.3933
3.10711
2.828
2.04279
3.44534
3.51971
3.42344
2.86472
7.17977
0.673593
1.60234
1.00564
3.00592
6.27939
42.1528
3.81327
32.1692
2.32685
0.000119532
0.520917
30.0849
0.11159
0.242441
6.74945e-06
0
1.34298
1.23084
1.89983
0.321177
0.110497
4.99612
0.869775
0.0379357
4.7786
0.20892
5.2423
7.71935
0
0
7.43551
0.00353141
3.91472
0
0.770462
1.88106
0.0018901
0.552501
0.108749
0.809192
0.0421064
1.31154
7.85065
3.0887
0.597187
0.967514
2.97263
0
0
0
0
4.82266
8.72868
6.93396
1.61366
3.10291
0.440907
6.29287
2.43941
10.0623
7.54757
4.87886
6.56162
6.63284
3.40769
5.66026
8.67301
13.2222
13.4435
1.56517
2.24309
27.1301
3.47735
15.2324
14.1053
8.22628
2.20619
10.444
0
0.207861
10.6218
14.0818
4.1313
3.88623
3.74942
5.48904
2.68563
1.06983e-06
2.29027
4.57997
3.82333
3.60178
3.36662
4.35623
5.85316
3.94737
0.527926
2.54172
1.05391
3.81717
2.02253
3.36877
4.00605
0.153837
4.27922
1.11169
2.07784
0
0
2.64985
0.0284268
1.68746
0
2.884
13.5025
13.4454
4.21699
1.80618
2.64439
8.67158
18.4399
10.4992
6.71696
0.793731
0
3.24345
3.64186
1.01955
4.61216
5.72828
1.57835
8.38744
3.64474
1.61713
0.0753884
1.07271
10.0928
2.43406
1.61224
1.89306
1.67189
8.49814
2.52434
0.0876499
2.72082
0.160074
0.0288963
1.0437
3.13395
5.61704
0.943403
0.307788
3.33257
11.812
1.15549
0
2.59723e-05
5.55582e-05
0.000205015
0.379441
10.4191
0.221438
2.59274
0.00268444
0.844362
0.186667
25.9322
0.0206349
33.4091
28.2512
0
29.7991
3.14539
1.34088
0.703848
7.44752
5.26177
0.810078
5.34477e-08
1.83074
0.0909894
0.041768
0.00451792
0.0254352
0.379514
1.7769
5.90443
10.8287
8.49347
0.659193
4.30143
1.56083
14.0976
0.758191
0.692387
10.0114
1.71184
0.169854
6.39861
10.8179
4.24115
16.4687
17.1531
2.37214
4.44724
9.51133
0.552911
17.5553
7.6168
1.58399
7.57279
11.024
8.29528
0.639585
3.40001
11.4492
0
0.0243669
0.0133559
0.13026
2.21456e-08
2.15379e-06
0.131443
0
1.57817
1.2462
0.966628
3.32904
0.247918
4.33779
0.568982
3.82858
0.00828703
12.1863
10.54
9.81593
13.9328
18.3965
11.9458
10.3794
0.858987
0.229341
0.622473
3.17671
2.95049
8.54201
10.1774
1.70633
0.588229
6.91548
0.447591
16.2784
8.78856
2.4961
9.99817
5.57267
3.12287
4.38993
0
2.56111
0
6.80428
0.780739
1.18377
4.5308
1.98024
0.474325
11.7167
1.04825
3.04564
7.57891
0.912035
5.55757
14.9279
1.97995
4.05967
11.629
15.9287
2.2971
1.33625
5.19156
3.03387
0.558448
0
10.7506
0.912472
0.225086
0.167142
0.590459
1.93144
1.72528
1.66504
2.46917
3.90255
2.92389
1.31833
1.31063
0.803694
0.14374
0.674226
2.13843
2.93628
0.622238
0.982706
0.00235051
0.711602
1.80257
1.94162
0.992857
0.136428
1.98284
0.980997
0.766353
1.80774
0.6934
1.38532
18.5249
1.599
14.4474
14.32
4.75462
4.69139
13.3489
0
1.67393
0.250113
6.24375
0.694443
1.59243
8.02211
3.07334
0.486076
5.81869
5.85718
15.638
15.0113
5.10784
10.4542
13.5718
1.90468
7.45669
17.2325
1.77767
1.54301
9.9515
0
3.66899
26.338
0
3.01133
6.71292e-06
2.30888
0.879599
0.00921561
0
0
0.691134
0.88953
0.000291623
0
0
3.79458
7.77455
28.5418
7.57505
0.965089
4.72976
10.5882
2.36628
9.62637
17.3413
8.31665
0.720883
0.00018289
0
3.93983
0.221428
0.0135802
0.184686
1.74779
2.66925
0.583903
3.20217
0.287916
1.18881
6.17459
4.1899
0.0661679
0.00133883
0.749287
9.07877
5.59056
0.0159527
2.4142
1.25708
0.455524
0
0.0101597
30.2608
0.984431
0.00915899
4.62914
0.0233347
0
2.94939
0.0260614
0.416144
0.990072
7.90943
9.18889
0.109797
0.226164
1.1881
1.15445
0.820265
0.402087
0.109004
0.0715681
1.83948
0.00951409
0.000594577
0.000196032
0.000200365
0.00583302
0.840852
0.0994389
0
0.398963
0.000661719
1.20755
0
0.000419677
1.7684
0.840901
0.037991
0
0
8.87997e-06
0
0
0.0010709
0.889866
1.7092
0.391816
0.196434
0.011881
8.85836
0.101361
0.722377
0.527942
0
2.13517
0.860039
5.42138
0
0.096546
0
0.00451094
1.08366
12.3806
4.75093
0.663195
3.11226
0
3.77615
3.77019
8.06348
1.01444
0.392192
3.80175
3.57796
4.21411
0.80464
3.38178e-05
0.0448392
4.51602
0.113775
1.26253
0.958433
0.00242234
0.0134392
1.6507
4.87276
4.50581
9.10409
0.0066688
14.7463
4.71143
3.45741
5.27041
0.00608346
5.9484
17.8076
2.81577
1.5934
2.27559
6.12901
0.52348
0.592348
0.118172
1.58421
16.9496
1.20293
0.032692
5.52885
0
0.205981
2.77015
3.14098
0
0.536396
11.078
0
4.06269e-06
1.90473
0.0591927
0.0361988
0.0331812
0.634514
0.0365979
0.000267557
0.543353
3.84141
5.41834
2.75831e-08
4.24986
17.5933
0.0938195
0.253314
1.39502
0.000299055
2.60719
11.948
0.265221
0.485588
0.0135842
0.463938
19.9795
7.01502
16.0564
0.792233
10.561
9.88128
6.98747
13.0116
2.35719
0.0774304
13.1097
1.84983
12.655
2.17747
6.4353
13.2984
0.490728
0.0361063
1.80787
0.895351
9.06962
7.37401e-05
0.000249528
5.58161
11.5319
0.168007
5.40884
1.27531
1.57592
6.66338
0.00381808
12.1479
13.2932
0.974009
1.49003
9.8149
9.63126
1.85034
7.21523
10.1975
3.99738
3.5995
6.24047
5.08152
4.25366
11.8076
6.23262
0.00143486
7.02708
0.000185261
2.15267
5.21848
11.0781
8.14346
0.968323
0.148155
1.0985
1.27939
1.78996
2.66461
1.18984
0.0657888
0
2.45398
3.23887
0.388197
0.586081
0.0466994
1.45822
0.0133124
0.0802423
0.714017
4.78406
1.54735
0.107372
0.0962492
0.211084
9.4526
0.161996
2.20714
30.8172
3.2211
2.09184
6.06298
8.85952
1.60909e-07
1.52356
0.598065
0.0548871
31.7077
0.00375205
1.76039
7.07745
0.294057
0.142572
21.0235
1.91937
0.0719117
0.927719
0.711442
13.8154
1.28692
0
29.7924
13.4636
3.74769
9.45678
4.81261
2.60311
3.71965
0.499205
7.0205
25.4866
24.559
18.8003
26.3288
25.128
4.89472
4.75798
0.145171
5.6939
7.74214e-05
8.67516
0.935178
1.62682
14.3542
11.1216
13.0028
0.432716
0.00446458
0.773499
0.223631
0.000190186
0.00311341
2.49786
0.0112745
0.0989909
1.51527
0.0541799
0
0.0474514
21.8671
15.3506
0.681748
11.4031
19.6546
10.2543
3.36513
0.372352
6.68494
1.58636
11.1004
0.0380628
0.855359
1.50611
1.97687
11.6688
4.7587
9.50284
3.58427
11.2886
16.2019
5.60835
21.537
6.55915
12.4047
24.0156
5.07666
1.48029
0.860036
1.02305
0.000840275
1.09393
0
1.43552
5.5453
0.00276284
0.395641
7.4758
14.8168
15.7701
5.33795
4.99668
4.75137
0
0.510517
0.000135488
0
0.393847
0.832199
0.701343
1.92204
0.0271009
9.84254
10.2014
3.94718
2.15022
6.39431
1.74987
0.0169782
0.0862936
1.19102
0.947407
0.000119969
0.361992
0.0312466
4.12848
0.899087
0.756896
5.81091
0.0004262
0.890636
1.45488
4.29871
1.58604
2.72862
5.63309
5.98116
1.47886
2.02042
0.470009
0.000802929
1.79695
8.38408
0.0427387
1.67389
0
10.3453
1.63798
0.0587596
1.89969
0.0206619
14.8248
0
1.52446e-07
7.60967
