3.92656
3.44342
3.61148
0
3.81293
2.43234
0
5.89983
0.279454
2.26048
10.6184
0.00082261
0
2.05526
5.21658
0
4.26438
5.46299
16.2534
61.7174
7.24066
1.15489
0.245072
0.978168
3.30758
3.40261
2.60775
0.944053
10.8508
0.00120115
2.83068
0.703855
0.206898
3.38687
3.90972
0
2.2936
14.4342
9.43797
7.94614
5.18308
12.0743
1.77685
9.41854
0.530284
10.1612
4.40999
7.74191e-06
9.1205e-08
0.740365
14.4857
1.8808
9.77615
2.09642
2.12592
0.33507
15.101
0.557707
0.000817768
0.274065
4.54952
0.00287711
10.37
8.23515
8.57459
0
6.07027
3.19567
3.1525
2.34922
16.1887
0
0
0
2.71029
2.50654
3.92413
1.38506
0.394071
1.35679
2.00315
1.98833
0
0
21.2684
1.43093
6.45991
10.2027
12.4736
9.81372
14.8852
12.6755
6.21095
11.3686
3.41372
3.7417
10.1073
22.1205
0.593837
0.284727
1.14482
9.60068
8.96121
9.43923
8.78444
6.33517
3.37676
12.0214
9.52937
5.2497
4.55005
8.77763
4.79188
5.65668
7.46207
5.70888
3.75541
3.93067
5.44227
6.12788
5.70731
6.5147
5.94115
9.57464
0
0.585439
3.39437
4.11707e-09
0.759025
4.27158e-07
5.94753
0.0472723
1.13058e-07
6.31551
0.00435711
4.175
10.3024
0.107883
0.625718
4.55106
0.100507
1.00124
0.807475
5.15626
0.676361
0.828797
0
0
22.15
121.874
2.0545
0.571781
0
0
7.60907
2.78037
2.62657
5.05294
3.97922
0.304127
71.9902
9.43102
10.0398
7.68559
2.42083
4.35011
10.2138
19.5323
28.1657
14.3339
5.89987
2.99368
9.58935
12.8943
9.28138
5.96998e-05
0
0.0377541
0
0.380176
0.261693
6.20142
0.0026444
0
11.6984
4.99562
8.50084
4.62527
9.32897
33.4444
15.3002
13.5059
6.69984
10.3291
3.37674
0
12.1566
2.46106
5.30219
6.14322
24.0045
96.6487
7.32694
41.1287
12.5222
4.09717
12.8548
1.29902
60.9277
2.5017
10.3497
7.87485
2.48711
5.17077
7.25936
11.5223
6.1888
9.29864
7.13596
4.18482
1.3251
8.95381
6.82148
1.04909
18.1961
1.44503
6.08548
10.8581
17.8443
0.420188
0.121751
7.10147
17.3808
1.01285
4.43811
0.0655506
6.18263
2.8829
4.07477
2.64185
4.46074
6.01713
1.30277
0.0923336
0.871464
0.721318
0.304557
0.220934
1.1214
0.0890451
0.0287279
2.06553
0.140618
2.64584
0.0258302
1.6547e-05
0
0.08279
0.789261
0
0
0.00104814
0.0572126
0.931315
1.22187
0.0870993
0
0.014084
0.980971
0.0388533
9.20881
0.993356
7.2381
0.0337493
0.0305247
0.0477492
0.100087
0.303121
8.30206
0.00394306
23.704
0
0
0.0208161
0.369073
1.17592
0.853503
3.56508
3.68218
1.74414
0.0121271
11.3211
6.43861
0.93939
0.000294671
0.116054
1.75809
18.7436
1.7922
8.35459
4.71422
2.26478
8.22079
9.72937
2.10294
11.7558
1.47221
1.96443
0.441423
1.67108
1.04303
0.23811
3.22519
6.72471
12.709
6.94131
19.4815
4.63467
5.36112
6.55674
0
1.24417
1.70543
1.26588
11.9318
1.14012
1.19986
0.159157
0.0582678
0.0214524
0.147753
1.1279
0
0.35179
0.757695
5.94464
2.68531
2.82561
2.91417
0.161717
17.635
4.57652
4.32376
0.662635
0.00251786
0.456373
0.904859
1.34422
4.27382
4.24155
0.90323
0
12.0245
3.81224
0.000525765
0.226467
5.28362
4.82096
1.22373
2.04468
3.41196
2.22063
0
2.1134
0
0
0.0160298
0
0.28851
0.150322
0.238011
6.35537e-05
5.12769
0.755453
5.079
3.56908
3.49987e-08
6.21784
8.94419
6.75
13.5986
5.12465
0.117343
2.71057
8.76947
5.92416
3.65954
6.19345
4.17998
3.67191
1.90346
1.30736
2.51071
3.80137
4.5954
3.84161
9.93032
7.10197
5.43132
15.5142
5.0814
14.5751
6.22877
9.49542
10.8603
10.0164
4.54845
10.0247
3.25292
5.73841
2.92078
11.0137
9.59908
6.40516
1.08786
2.24979
19.3615
11.0991
10.2996
4.84531
2.31204
33.9303
20.0544
9.0901
16.7395
16.7746
7.30416
11.8636
18.6518
10.9738
10.8667
5.96816
26.5324
11.167
7.62068
10.5746
12.4971
0.408668
31.3309
13.8064
10.0225
10.0372
11.1325
12.0387
11.2871
0.83268
2.05875
0.79727
4.00227
6.48253
11.1406
3.13669
6.62186
1.64705
11.6902
6.00974
26.3901
7.58828
8.09134
6.97137
0.724459
0.0669572
0.917541
0
3.83687
0.0221329
5.60553
5.63255
1.68546
4.86411
2.90197
2.36564
0.0143314
1.89581e-05
1.03772
0.220734
1.77776
1.1806
0.763846
3.2147
3.23457
2.48912
2.4618
17.1544
21.2037
8.42877
10.9494
14.0864
1.16267
12.0708
10.5161
14.0581
11.3594
1.43026
0.651908
6.85021
0.0426937
1.08192
0.00263394
0.990838
17.443
13.1275
7.06633
9.37907
22.996
5.49303
1.5905
6.25878
0
4.85003
6.55049
4.48646
0.144853
4.29144
6.08115
6.79198
13.2575
2.9202
5.88938
1.79362
0.134214
11.0533
6.43524
0
0
9.66286
0.000403347
1.2415
0
2.60078
0.0274567
0.507959
0.942268
0.80895
1.63453
5.80343
3.59365
1.79655
2.02963
12.5792
1.00153
0.221158
4.15669
2.92087
2.14995
4.88355
10.4839
6.16084
11.7791
5.09251
12.1823
9.94183
0
13.271
0.253585
8.7079
17.9023
5.06434
12.0032
9.03494
1.13172
0.476065
0
3.03994
0
0.0315477
4.21023
0.117151
10.053
8.59295
3.25383
10.0873
2.58637
2.49219
1.08703
2.04883
2.84623
10.3195
29.4889
4.35151
0.00403717
3.45522
0
5.7625
6.13136
1.78776
2.96554
2.20407
9.18264
0.944391
0.432591
0.295759
2.64216
0
1.29956
1.14649
14.8448
1.46944
0.360992
3.90647
4.25075
9.207
6.06217
0.0829591
3.79332
8.32619
0.0149204
0.0156077
0.0310878
2.88122
1.05163
7.6305e-09
4.61006
7.42935
6.37037
1.02148
0.622637
1.53688
10.1181
2.33001
17.5766
20.2212
3.46326
2.79086
2.67002
1.35059
1.23625
9.99174
0.500202
5.94943e-07
0.452516
0.691785
0
0.960151
10.5284
0
9.10031
8.21532
7.41786
0.0278857
4.38706
2.71945
10.4853
6.71912
0
6.73448e-09
0
0.604136
16.8693
17.2129
2.62542
18.2183
0
4.01709
25.8635
10.0208
18.9816
1.07328
0.773826
1.26513
0
0
0.00547008
0.360269
0
6.44256
8.79176
6.15167
5.0002
5.28914
0.052157
10.6243
9.61011
21.0632
30.8041
0.707534
12.7016
0.0334627
15.9517
10.7869
0.405657
0.0115746
16.2396
19.165
0.00230025
5.24923
0.0835575
1.06772
2.97058
11.4009
6.26052
21.4328
9.51494
8.8789
19.1899
0.851139
1.13909
0.0466349
0
0
0.591371
0
0.288571
0.511821
0.516061
14.3815
0.189386
1.37535
0.000616618
0.0895093
2.48783
3.46054
0.0273947
9.71024
0.999547
16.3775
3.49909
11.1072
8.92486
7.63172
16.2212
4.72866
11.785
13.3292
11.7999
0
0.556681
12.9641
2.45348
4.35376e-08
12.8718
1.77185e-06
34.8082
83.8449
8.28838
44.1242
13.4509
13.745
5.83243
0
0
17.6479
17.702
0.586338
1.61058
1.00503
0
29.4699
0
0
0
9.72338e-07
0
0.359191
3.09372
6.32399
8.64129
1.54056
0
0
2.45504
8.54944
13.3868
0.000290542
4.46529
19.6856
0.851102
12.6953
0.65238
13.3518
15.3271
7.64149
9.37282
1.04987
3.56812
3.31158
0.847127
0
0
0
0
1.45378
9.47857e-07
0
0.386214
1.62278
8.94655
3.62962
17.8997
9.05085
4.06595
4.23868
3.46236
1.47951
2.72622
0
3.56209
1.9156
3.51382
2.99109
12.2353
8.16301
13.2336
0.85967
0
13.9702
0
22.0568
0
0.095846
0.00192303
10.3852
14.3201
5.34627
11.443
5.46251
15.2445
0.351607
0.00113066
0.109052
5.73546
0.120371
0.529325
0.00966973
0.00579491
0
1.736
9.58894
2.58339
0.687319
2.7083
11.1045
6.59518
2.92547
7.99032
5.73112
5.743
0
0.000623488
16.0315
12.3957
8.74601
6.70889
0.0609945
0
0
1.77446
8.12532
3.29288
9.96866
0
7.56943
7.90517
11.0947
0
15.6479
0.0942655
0.0125759
9.26421
7.94303e-05
0.0796337
13.4296
0.992494
0.00852214
1.93969
9.72411
0
0
0.318917
3.45529
3.23435
0
0
10.888
3.19784e-08
21.6035
0.704015
3.38877
0.0171775
8.67891e-07
1.15163
0.0410999
7.84947
0
6.06309
6.54287
4.56884
7.79135
4.37995
0
13.0954
8.45886
0.45235
3.04134
3.28609
7.66798
5.57959
8.20066
7.59369
2.76919
11.5423
4.34562
13.2653
10.203
5.84311
8.81578
0.593592
8.81174
1.30207
5.12174
2.45127
1.01225
11.5193
1.19824
8.15228
9.23728
0.722993
9.47818
0.627481
0.0813416
0.266438
0.0546534
0.115662
2.31488
7.69936
14.0807
8.96639
0.925805
0.944155
1.62753
12.3249
15.506
0
11.2266
3.33619
3.78306
0
0.710238
0.029111
6.99912
1.88082
3.26341
10.5467
0
0
10.4987
0
0
10.1892
4.55965
0.205638
0
8.48064
9.01905
7.27209
4.56266
3.90024
5.12011
0
0
5.9565
0.484179
0.0427821
3.22227
1.35214
3.09081
15.6964
10.5485
0.0524315
1.89229
0.314968
5.82813e-07
21.7976
0.870204
4.67987
4.6059
6.80392
13.0258
9.33181
0
0.00252263
1.77449
1.73072
6.54973
4.60612e-06
0.241498
0
0
26.2672
0.0392575
18.2867
1.92635
1.57226
0
0.627155
0
0.00387561
9.0154
10.0867
3.00739
17.4676
12.144
0.981844
2.01091
0.886322
0.303449
1.19731
0.272004
3.29742
0.111288
0
0.50225
3.2945
0
0.000256826
3.36965
2.19444
4.91467
7.9399
0.000148448
0.442746
0
24.7132
16.1167
6.57416
0
0.702756
1.45185
1.18128
6.93001
0.00217613
0.0122702
12.9155
0.680826
0.538375
0
11.5549
6.30948
0.659289
4.17765
2.94786e-06
4.90803
0
0
0.521318
9.96075
0
14.2954
0.344173
6.7266
0
10.1142
11.4694
4.21299
19.7343
4.09633
5.13885
7.32051
2.73713
0
0
0
3.84675
10.0399
4.16392
5.05968
0.97381
3.73872
1.80771e-06
11.5418
9.4933
9.83851
6.84063
14.0933
9.29927
4.0336
11.2091
10.6588
9.87218
1.05501
4.85941
16.1464
9.28033
0.166469
0
19.3559
8.43769
0.00272345
3.95142
3.31116
0
13.3044
9.72929
8.64269
1.09932e-06
27.2736
7.86512
5.96387
5.70406
17.3378
7.64185
10.3435
9.71143
14.1752
0
0
3.02989
10.7357
12.1375
8.34397
15.8309
9.5322
4.95798
5.43199
20.6154
26.9264
72.7882
77.9063
22.3149
2.93255
5.40102
1.14949
0
0.0660293
0.0346269
0.83228
0.986293
0.798395
0.920789
11.8069
0.0986428
1.65448
12.531
17.2441
3.01178
3.15222
7.33808
6.18591
1.48256
0.609026
2.00617
0.612549
11.0608
2.73373
0
13.4187
7.82741
12.9902
15.4181
18.4171
14.1467
0.00390097
0.0939467
0.20623
21.5763
8.21914
1.5511
2.35794
5.59361
0.637547
6.65298e-06
0.040401
0.0118904
0.000318478
20.763
2.145e-07
13.5796
0
16.3139
18.6091
0.100447
0
0
13.6426
3.79638
9.0127
11.4699
0.955062
0
28.8212
25.0445
1.81586
0.159632
4.76141
7.96035
10.7729
0
15.7503
8.40175
2.70338
8.95428
0
0.000197963
9.53523
0
0
0.082939
0
0
21.1938
0
0.905842
14.0874
8.07887
15.8513
6.49649
4.03875
4.56484
0.696805
9.51666
1.58259e-05
4.81718
13.0836
0
5.95824
6.77721
14.4066
0
0.125779
0.0134427
18.0255
16.0664
2.47504
8.90865
0
9.49351
11.0617
7.8416
0
9.56486
2.57514
17.1541
6.1186
0.163254
0
0.026787
7.9775
3.34054
21.289
0.758507
0.0975076
0.054348
2.1143
9.67264
6.40568
0.53886
0.00796104
7.78918
0.64487
23.2422
14.3493
0.917046
3.52312
1.05306
6.08097
6.70528
14.9795
0
0
0
0.335843
0
0
0
0.00113519
7.07373
1.94342
1.77047
6.6173
7.77099
0.952705
6.7945
11.8209
3.47973e-05
10.3536
14.6797
17.2017
27.7706
31.7265
19.4003
15.7153
1.7395
5.57765
22.9323
25.5537
14.603
15.2303
1.42776
14.6946
13.1126
0.79727
9.67973
0.00790404
0.983831
16.7439
0.0336275
0.0328008
0
0
4.91791e-07
0.000387241
0
3.0992
6.00323
0.660497
0.00384269
0.564614
0.0443402
2.45507e-08
0.716006
0.862549
0.140679
1.49164
0.00894702
17.1055
3.87702
14.2142
7.42773
0.217277
0.000117567
12.1052
9.03598
0.931056
0
9.55724
3.8888
18.3164
8.76358
0.143466
0.404033
1.92779e-08
0.830845
19.767
5.13672
0.316528
1.35502
3.7196
0.0184688
10.2615
15.3735
12.4518
6.41594
0.0200379
3.68179
0.0204495
0.413487
0.574516
0
28.4593
0
0
1.34413
12.7013
39.5316
4.55431
0.113466
11.1746
3.71184
6.02287
16.7586
4.26122
13.5578
0
2.05778
0.0253759
4.34502
4.19065
1.90406
6.06734
0.27769
5.04831
12.9733
0.934985
0.20655
1.92024
0.0427833
0.0989311
0.254255
0
11.7457
35.6256
1.95706
23.5649
0.168387
5.63521
1.87195
7.9482
1.39942
0
6.67763e-05
0.00056022
25.6005
25.6645
18.5727
21.5326
13.7666
11.2742
0.293645
17.1444
12.628
0
15.83
0
1.51271
0.635131
4.40212
5.0157
0.00998834
0.284308
0.00184895
0.301577
2.47991
2.24588
1.81205
3.66337
1.8176
0.710299
0.368901
1.09512e-07
0.00201929
1.13354
11.7358
0.255625
0
1.55535
2.72388
7.74096
0.0608974
1.42157
1.16897
3.46985
1.02667
0
8.62138
0.00089988
18.0187
0.125722
0.294898
30.4861
30.1794
0.182864
0.0882516
10.4622
35.6024
0.723038
7.95938
3.76395
8.07351
4.25712
1.06639
0.861416
5.78801
3.4876
12.749
4.75479
8.54462
3.60731
5.71519
3.7365
3.51322
11.4529
4.56044
8.26255e-07
0.000174937
0.172405
0.0437135
0.733142
0.232845
8.62058
0.786702
19.1324
0
0.480072
0.275106
1.32429
0.30402
8.66965
1.11364
1.09072
16.5318
6.88623
3.08914
6.61124
4.01344
0.708604
0.768454
19.194
11.3853
8.0464
8.4246
0
0
9.76004
4.02502
1.08993
0
4.22146
0
0.0783535
0.0954316
4.28533
0
0.17811
0.118201
8.4409
0.0983657
5.56554
0.0598775
62.0577
0.803972
2.12408
1.31827
7.03959
0.304289
2.16371
8.70291
1.40194
5.71838
63.1697
1.67186
0
78.8745
0.184004
2.3984
3.95403
0.215837
0
0
2.13298e-05
1.21647
7.38704
1.07131
1.28263
0.907654
1.45938
0.864737
6.26615
1.2002
0.624235
0
0.00475217
4.04282
0.0113484
0
6.32876
0
6.13866
0.39393
0.376475
8.60847
1.71598
0
4.65666
0.791398
0.341742
1.27439e-06
2.50829
5.34196
3.00828
7.61333
4.95023
6.52064
0
0.906184
0.095103
0.0872996
0
0.037704
2.82466e-06
0.694151
0.35918
16.1719
8.83156
0.43452
0.702918
0.0637382
0.0804651
0.86249
0.041131
15.5723
0.00803763
0.0180166
0.0260742
0.863111
0.938682
0.0189076
0.547781
0
0.00027686
0
0
2.14817e-06
1.63126
0
0
1.91906e-07
0
0
3.84528e-07
0
0
0
0
14.1883
5.89108e-07
1.78442
9.98003
0.00735878
0
21.263
4.08716
6.74131
0
1.32772
0.872991
0
0.131314
0.64928
0
0
0.0392135
0.975764
0.012488
0.000317529
3.22309
0
1.41853e-05
10.272
0.0874719
0
8.01751
0
0
0
0
14.2474
0
0.208518
3.52236
1.14438
0
0.401775
3.54366
0
1.83762
1.95317
1.13817
0.0620253
0.0137984
1.21632
0
3.97688
0
3.70987
0.0355891
5.60842
0
0.0861858
0
0.898144
0.0326759
0.173865
0
0
0.0108911
16.1152
0
14.0105
1.52081
10.2016
16.1608
0
18.1876
3.59348
10.491
0.200327
0
0.138362
0.0171864
22.7458
2.83893
1.16544
0.866552
0.76115
0.0508205
11.7522
7.86589
0
0
11.2667
1.07772
1.79673
6.49058
4.77149
12.4801
9.90488
22.1453
0
1.98028
12.3034
0
18.9697
25.2287
21.0014
11.6275
3.85571
4.48916
7.70839
19.5211
7.5034
13.1711
11.5341
6.45365
5.12122
0.0964493
9.49894
7.3349
0
0
0
0
2.69083
3.01078
2.69916
0
3.81526
0.000601577
0.0106501
8.62675
4.39518
5.01398
3.52806
2.77451
5.11467
1.781
5.78582
5.69767
6.68794
0.0993456
0.464825
1.0956
2.13415
2.04426
0.681695
0.0241988
0.439752
9.57376
1.14546
0.00114447
0
0
0
2.07482e-08
0
1.39859
0.237745
0
1.41439
0
0.0241937
0.977427
0.0144645
0.281911
0
0
3.95842e-05
6.56695e-08
0
0
0.909826
1.08908
0.115268
15.9399
0
1.56887
0
0
0
0
0
14.156
0
0.517576
0
0
0.00594622
15.976
0.0595687
0
0
0
0
9.16275
0
0.204255
3.83826
0
0
1.95906
1.76212
8.80307
0
1.03267
0
2.98454
8.40472
0.862618
12.9516
8.9252
6.35247
4.3613
8.60892
8.15541
6.16059
18.7513
8.8207
10.9216
4.95211
6.05071e-05
0.00548708
18.3267
9.87848
13.5399
14.1652
5.87591
6.66794
5.85616
18.3488
11.4628
17.7543
4.11727
12.4881
20.7377
15.5368
17.0785
11.8056
0
16.4894
0
11.3269
14.1562
12.6669
23.9448
10.2207
13.3699
19.0887
7.91932
0.323378
11.3831
12.0823
9.06121
20.2077
19.8939
16.9631
18.7964
23.7137
10.9593
15.3216
10.5981
12.0267
0.288429
18.0038
15.3324
11.5931
0
9.03537
8.37076
0.395724
1.75435
2.44038
0
5.74273
2.97364
4.93641
3.42473
9.6521
1.10171
0.0113442
0.654463
0.280291
1.30488
1.27737
6.28878
0.94572
0
1.0859
11.103
0
0.0454464
1.36732
0.480279
1.03049
0
0.000832887
0.0872781
1.57522
0
2.57507
4.09451
2.22826
3.28451
1.59318
10.6392
8.79349
10.8791
8.76588
1.43766
23.203
13.4605
8.0548
15.9194
11.1081
15.4346
15.6287
17.496
14.3888
0
15.9684
13.4094
17.0024
0
16.395
0
3.49631
2.29122
0.614575
9.02783
6.71154
14.0267
1.07258
22.595
0
0
6.28932
6.52511
2.02245
0.00341354
3.85402
0.491885
0.217172
3.9771
2.94707
0
1.39099
9.82461
0.119527
0
0
0
0
0.000967989
0
0
13.7691
0
0
0.816472
0
7.95324
11.5075
0.414091
0.0663467
9.82818
9.30779
0
1.70383
2.26511e-08
2.20802
0
0
22.544
2.72795
0.585332
23.2037
4.58079
13.8631
0.161134
3.77763
0.0446284
0.00215588
7.70804e-07
28.2638
0.20332
0
3.75146e-05
7.9045
0
4.26106
4.50117
7.48651
9.92329
4.12785
9.35718
0.791818
3.04671
4.81206
0.88094
2.95378
10.3144
0.960647
0.684627
10.3616
0.0521681
9.79168
0.641846
10.4282
1.90893
2.74656
2.56223
16.3114
1.16625
0.908186
1.07151
2.77817
11.6142
3.67672
1.91669
3.51607
1.34151
0
0.0472794
0.918002
0.760716
0.00412835
4.92461
3.39153
12.665
11.8851
0.26079
17.0853
15.113
1.5779
21.005
3.73785
15.6388
5.33109
2.16755
1.78064
50.1762
26.3893
3.24508
14.3241
7.12307
4.31187
0.00697303
0.0134477
0.0027197
1.00299
0.784664
0
2.21523e-07
4.40738
7.64898
10.3457
0.262244
7.33793
0
0.00396954
0.00532679
0.308463
0.0144241
0
2.13771e-07
0
1.46335
0.121133
1.79653
8.36775
0.000636521
9.10066
2.04788
2.23486
0
0.00327126
7.093
3.22335
0
2.0493
3.84987
4.70227
0.0402714
4.10099
12.1188
0.0628892
1.91328
3.70736
0
4.95514e-05
0.396953
0.0563017
0.000622822
0
16.638
0
28.3799
9.41558
32.9182
0.22456
0
0
0
0
15.3575
5.80982
12.0001
0
8.93755
4.86533
5.52863
2.28371
3.72667
2.93827
2.28113
0
0.0381802
0.201928
0.0962476
0.00076304
9.32598
0
0
0
0
0
1.50603
0.0501155
0
0
0
7.23101
0.00190624
0
0
6.1508
0
0
0
0
0
3.70025
17.4019
0
2.11096
0.155185
0
0
0.919923
0
2.76714
3.11229
14.5157
9.30454
13.9018
0.790957
4.57681
1.49909
2.86649
9.29276
7.11329
1.76025
7.62558
6.55657
20.9853
5.73533
8.28746
16.9132
20.4606
13.4153
26.126
15.6753
17.5304
5.45413
9.79315
18.2813
7.32956
3.04416
14.4517
7.5572
17.8222
17.4442
8.42139
12.9779
4.99867
7.92831
6.53759
3.98455
0.28057
7.95021
1.15448
0
0
0
0
16.7275
19.0003
1.1103
9.66088
0.404633
4.35462
0.00156711
0
7.13566
0
8.73708
5.89027
0
0.216831
10.7741
21.3245
2.27097
8.39593
5.50785
9.56541
3.19601
3.16736
3.09799
0
5.01771
15.351
9.58861
10.2167
8.42738
2.46557
7.35664
4.45637
0.986871
5.9022
21.3008
11.4068
2.12901
0.573357
2.62323
0.629854
3.24838
3.33186
16.968
14.1121
10.9634
11.2619
19.0724
16.4934
12.2283
11.5425
9.89257
17.431
13.4329
6.08862
7.72384
12.3448
6.32463
0
0.962928
0.777081
1.91731
4.77096
4.2304
6.64994
6.60158
7.86444
15.2043
11.371
12.5477
18.617
2.06718
20.2775
10.3439
5.12303
3.83136
5.01739
5.43724
37.1738
1.86575
9.24784
1.22008
2.89767
4.42386
4.39824
2.18677
4.84414
6.41517
8.69905
3.18328
8.17008
6.35205
15.2283
8.62329
7.98935
20.4739
7.74598
14.6832
20.7377
2.87266
1.74612
0
1.62572
2.4759
5.23097
5.81001
1.26033
9.36629
0.951716
17.2166
13.5488
8.30775
13.885
9.3781
11.4548
15.4352
29.5594
0
0
0.00595245
16.7163
14.9374
17.138
1.07627
25.9769
0.564646
3.88431
0.027628
2.6208
0.656557
9.06146
8.70284
2.10901
6.20169
52.564
21.9313
11.6175
6.4339
0.204359
24.5433
7.46883
15.2569
6.96493
5.22158
10.957
10.5678
14.3601
19.031
25.296
7.5623
25.2119
12.3849
4.75021
30.5841
20.1022
10.7259
8.91417
13.545
8.1847
12.332
20.0986
11.5171
19.4855
16.8971
12.8824
8.13919
16.9681
14.9355
8.35772
0
9.93174
0
1.38018
5.41996
15.1575
6.07678
5.33642
1.50294
5.87063
11.228
6.32381
8.88942
8.61856
4.35977
4.01647
12.6492
12.9866
8.97862
7.20015
9.93005
12.361
4.26318
13.6134
11.5453
0.857835
7.90109
7.49786
13.4917
3.00495
13.3724
0
0.148637
1.0404
8.08965
15.5682
7.43958
1.92422
13.0843
16.1959
4.52873
12.619
4.86605
7.01374
12.7812
15.7657
6.64984
3.60911
0.787522
9.65276
3.79136
2.02732
1.90322
1.90008
2.77936
4.65608
2.29896
1.11175
2.25023
0
1.10837
2.90493
0.161591
2.86619
16.6114
1.41275
1.3064
2.32093
2.40124e-06
1.95555
0.593838
0.0442154
1.15132
1.41762
1.06367
2.12262
0.187774
0.950819
0.0737698
0.504327
2.51905
0.229835
1.45366
2.24581
2.40987
8.61147
0.0154861
8.10354e-05
1.85395
2.4916e-05
0.0594172
0.03958
5.72434
0.902838
2.95673
0.0218083
11.8545
0.00466892
14.2243
0.0252213
0.907504
13.0494
1.32167
9.9739
11.7064
22.3391
0
4.13708
0
0.105063
0.423401
0
29.8269
19.1596
0.773539
0
12.1515
0.220747
0
1.45351
0.815926
1.47481
0
0.300518
0
0.0327109
2.24955
2.62685
0
12.1658
1.69515
0
2.4151
8.02593
1.71286
3.88986
0.759958
4.78573
10.3397
10.1797
4.98411
0
0
0
2.67853
4.44434
0
1.89498
1.29094
0.42047
0
0.0748683
0.206925
0
0
1.44006
2.83934
0
1.31675
0
0.163876
0.0526731
0.984474
0.620937
0.0131476
1.3858e-05
0
1.3044
0
0
0
0.950772
0
0
1.05885
6.8445
6.4412
9.86684
9.93563
11.8114
6.5654
5.5547
0
0
6.457e-07
0.905968
9.4466
1.20663
2.19607
0.954088
0.5366
13.9337
40.522
26.3128
13.9368
9.92467
2.1547
10.161
7.35945
1.06339
4.40908
5.30764
3.80046
10.5156
5.73273
1.51714
12.7032
12.9368
8.35043
8.77085
1.07724
13.0951
0.458913
11.3374
0.0388929
14.3221
35.5675
0.0280806
2.11794e-07
3.92957
0.2825
0
1.14829
0
0.513751
0
0.0315579
0.17426
6.58629
0
2.09806
0.0567476
6.04344
2.85405
2.8151
10.1376
8.64399
5.5133
3.96052
2.1982e-07
6.66665
12.5902
10.4737
6.0288
21.2974
12.968
12.8345
0.976158
12.8538
0.0303009
17.9009
13.3723
6.72604
3.39454
6.99709e-07
10.3068
7.16684
9.58348
3.97606
10.878
11.7986
2.24825
1.30101
8.42458
7.56901
4.98418
10.6309
0
5.0317
13.9273
3.36001
0.385573
12.7791
0.0183936
6.46006
1.20325
0.00754504
2.1754
0.0412441
3.15983
0
16.2944
26.2079
10.438
7.41866
7.02998
6.11679
2.82879
0.891973
0.0108095
0.0105653
3.30323
6.09271
5.79585
6.15936
21.2933
8.20123
8.87211
12.7147
11.502
14.2827
9.1885
9.1376
0
0.0136011
0.01618
8.60213
0.581153
8.25164
3.74122
2.79625
3.09077
0.980456
0.106587
1.49055
0.0497783
1.44708
4.42884
0
2.11095e-07
0.911048
12.7286
2.19683
0.454682
5.44803
11.0403
0.949224
5.8579
0.000299325
5.12782
0.083496
11.5884
0.334405
0.000636644
7.92192
0.32102
0
0.00347228
0.948255
0.00734276
0
0.000358172
0
0.00386062
0.0124513
0.00627669
0.915841
0
2.48969
0.995759
0.616249
0.764314
2.77373
5.21015
4.07201
1.49938e-05
1.03562
5.5999
0
0
1.35243e-06
0.000555339
8.78626
0.916145
1.63028
7.35975
7.1048
7.16861
21.1934
5.69737
14.3845
1.13371
8.95683
6.07526
0.296002
9.73576
6.24536
1.13161
0.13288
4.9926
1.85689e-05
6.29926
8.70652
17.7765
4.37068
4.48543
24.7133
0.575733
19.8822
10.7501
10.6405
20.4993
0
12.9247
0.415926
16.3811
11.1415
0.411745
7.8874
5.31085
4.59967
3.98626
6.33215e-07
1.47977
0.359893
1.992
2.34175
6.79
0.0362758
9.70844
4.12919
14.6405
10.8294
7.98556
10.7201
18.2612
4.25251
13.0256
6.65842
17.9095
6.84012
11.8844
7.18606
10.6461
0.00524466
2.77901
4.16702
18.4444
5.55585
10.6895
6.35528
3.81628
3.20039
9.52527
3.94732
4.46757
7.81801
4.80139
3.24456
11.3462
19.4127
7.37619
6.98529
12.4214
0.0613242
8.72204
11.4139
3.96065
9.35008
13.6655
0
12.0955
9.3987
5.14064
0
0
17.9346
6.75411
12.4823
13.8568
2.84888
13.681
14.7942
2.81219
13.2074
29.3368
11.4127
5.94058
15.2531
9.36364
16.5305
9.1632
18.6735
12.0205
13.8637
10.0183
22.6336
17.719
0.026064
13.1699
13.9334
13.0731
1.65279
10.4703
17.9541
43.0509
26.937
0
32.8791
18.888
19.6221
0.0344003
10.9658
9.04365
19.3257
10.6711
11.1774
13.444
12.5464
1.51398
0
3.76844
1.06646
16.3127
1.35989
9.98095
23.785
19.4999
20.3868
16.6904
0.0338845
11.445
0
8.82426
9.88113
10.4528
7.71431
10.5669
41.0521
43.2057
14.5738
17.2477
14.9624
17.8275
20.8069
1.77222
16.0975
8.61037
27.7654
0
6.10606
9.97884
8.47551
6.65584
6.51608
16.6615
6.5998
0.192072
6.26062
7.07347
11.1218
8.07011
13.0691
0.045035
5.16387
4.05982
6.40333
1.47649
3.72126
0.494134
4.11909
3.13713
16.1512
0.101028
7.83834
6.84539
7.86804
16.415
1.86637
6.57181
15.7594
0
0.442365
3.27576
11.4791
0
7.28039
12.3069
7.59887
3.91931
6.75128
12.822
11.4552
6.66641
7.98711
7.24288
11.3072
13.4613
6.06794
11.8591
4.90944
9.83625
27.7039
0
10.8445
15.1014
28.0605
4.22446
2.2716
26.147
1.11344
2.28682
2.70077
9.93561
13.817
11.1186
28.1811
8.96981
13.3542
9.10345
4.3867
8.09038
10.1307
18.6584
5.69283
1.01802
13.1928
26.3353
8.53043
21.8373
10.1195
4.75265
11.2988
10.7944
15.1526
6.05038
0.298313
9.68868
0.174171
8.21046
10.1465
4.85122
0
1.58022
9.37504
24.8907
8.70988
6.12902
6.0776
3.5998
3.00279
8.45482
10.3549
7.97145
8.46047
6.65922
1.21162
8.42201
3.8777
20.6513
3.26027
0.124043
21.091
10.3836
2.85713
11.0004
5.1699
15.4731
0
4.0984
0
4.1795
3.32963
0.54903
5.18134
2.91159
0.74388
15.8661
0.36948
10.8371
0.592521
5.49193
3.91425
0.0961772
10.3715
0.0440107
0.883864
0
0
0
12.0898
13.4101
8.64968
14.7757
22.6388
11.3927
9.06126
1.25125
2.08421
2.11865
7.64075
9.4163
1.84235e-06
11.6865
12.2667
1.86824
11.8565
0.114113
3.50596
3.61027
0.00802782
2.09461
0.897405
2.39048
5.73575
1.48807e-07
0.982199
0.951637
0.0333541
4.32957e-05
11.4026
13.0339
14.6256
0
0.270318
14.2846
9.81092
11.1504
6.04944
8.11181
4.05374
12.7227
7.48503
22.9404
6.14373
0
8.50412
7.82829
9.54902
14.1449
0.550901
5.96042
16.3662
14.9074
9.26649
9.0037
12.7899
153.867
6.33179
8.75989
12.6549
150.984
12.4882
6.59818
10.595
6.96685
4.69762
9.62723
7.04033
5.1641
3.88919
5.98335
6.51115
4.743
9.14895
26.1509
16.8696
6.31378
0.477936
6.31359e-06
3.32968
16.6444
1.82422
0
0
0
2.48909
1.14201
0.797653
4.46452e-06
1.4554
1.83713
6.16758e-08
0
11.2167
0
2.29095
7.35467
0
0
2.61511
1.58161
8.79223
0
1.4088
2.51033
0.117953
2.88351
0.00737728
3.18417
0
0.81487
30.5053
5.16163
0.00959873
0.00635264
1.87926
0.00939608
0
0.777065
0.834227
5.38777
10.7791
16.3592
0.674086
3.95784
1.02166
8.48672
2.45584
10.5544
6.71234
2.78738
6.28835
10.8553
2.1019
3.75627
1.84583
2.49385
2.11854
1.30347
0.520568
13.1443
18.2414
25.0847
3.28056
9.3395
1.19296
5.51376
0
1.92029
6.87929
13.6477
7.1326
1.10842
2.56009
2.92758
13.7873
0
22.5382
4.37632
7.81854
14.217
13.2474
11.1977
7.40026
6.23607
2.20612
10.0672
17.7708
21.6574
18.8473
13.3167
8.9812
0.200338
10.2633
3.67486
1.66872
0
0
8.02929
6.50801
1.33644
0.0276437
0.896916
18.839
21.3435
9.99415
2.51757
4.55905
8.14365
10.1827
5.76671
4.78717
0.230049
8.78867e-07
8.17023
7.44391
49.8032
6.5137
26.3298
14.6045
8.15036
15.8375
0.942019
0.000767506
0.58041
7.61758
11.9552
3.12515
3.4624
0.406579
9.16147
3.24108
3.81494
3.76008
1.69415
2.39045
1.37563
7.85106
22.6918
2.40274
0.242075
2.70638
5.25362
0
0.00110038
0.00308822
0
0
0.537941
15.5542
0.532452
4.70775
0.169668
0.0436671
0
4.68118
0
6.02818
3.29567
0.604831
10.4097
0.122235
0.232978
1.33403
9.6409
1.78348
2.83125
3.56579e-06
0
0
2.02884e-06
3.6119e-07
0.0224136
2.54907
0.935924
1.45007
2.71668
1.49439
0.0645417
2.14815
4.10978
5.00876
3.86438
0.132785
17.7165
2.88381
1.10473
5.31031
7.34945
6.35863
3.08298
12.6572
0.228432
1.4961
5.73922
3.12211
9.83467
7.88426
6.46157
5.4773
8.33444
5.37783
0.000295142
4.64754
17.421
0
0
0.00801347
0
0
0
0.0484443
0.104973
0.043197
5.92829e-05
4.18342e-05
4.46672
0.153526
5.60537
0
1.94766
0
25.1479
4.22435
6.13449
11.2114
21.0795
21.2933
19.7767
0.136738
5.28791
14.0034
20.718
2.52395
12.1659
6.84433
0.896871
2.47012
16.1833
2.65867
16.4811
6.55551
10.1363
14.3894
6.24718
2.09682
19.1449
0.00538181
4.02382
0
12.3544
2.10592
0
15.5718
21.2178
0
21.6814
6.1147
14.1844
7.92161
0.392431
11.6013
14.624
16.8578
9.26341
20.2485
15.1532
5.67892
6.63031
11.5292
7.29513
2.87902
2.42156
12.9399
0.354809
1.85376
1.66243
3.93617
2.18065
1.88223
1.09643
1.95851
2.62093
0.758383
2.71575
0.185028
0.173679
3.35162
1.23899
1.20205
2.30274
1.78054
0.740985
0.0604958
1.01129
1.20529
0.82706
2.40863
0.136289
0.79957
0.0415632
0.825797
0.241533
0.948727
1.61121
7.5329
0.101682
13.9746
6.88278
4.20572
2.45687
5.35689
0
2.98265
0
5.37013
0
0.868272
5.35534
8.84012
0.158591
4.6399
8.96442
4.18064
15.9709
6.54005
8.64317
16.5527
0.0905298
14.3962
14.3784
1.91761
0.0994326
15.2024
0
3.60593
7.3767
3.06552e-08
3.90184
0.034976
8.03513
0.482476
0
0
0
7.28017
0.271329
0.0809722
0
0
7.35011
19.8806
10.2565
10.9693
0.456134
12.1292
8.10958
3.7339
21.4781
10.6478
9.56579
6.13707
0
0
28.3593
14.9689
0.172522
9.46285e-08
0.000293541
0.0694166
0.150516
12.2864
2.01419
8.51328
11.6126
0.945222
0.0551387
0.000274143
0.189122
10.9832
18.1838
0
1.69958e-06
0
0.0046054
0.0991968
0
15.6433
0.393783
0.263812
8.11534
0.302188
0
0.646835
0
0
0
22.7278
13.7924
0
0
0
0
9.28818
0
0
0
7.07522
0
0
1.50384e-08
0.000836759
0.00185396
0.681213
1.02492
0.0537739
0.689434
0
6.51202
0
0
16.516
0
0
4.34328e-08
0
0
0
0
0
0
0.0326338
0.000206331
0
0
10.824
0
1.13409
1.48645
0
0.00476216
0.82312
2.75322
0
3.09817
0
0.0246618
1.08355
11.4399
3.06121
0.419823
1.53286
0
1.78408
7.84972
9.37927
4.69059
2.54899
1.93737
1.4235
9.41776
4.46115
0
0.0667956
0.841284
0.518869
0
0.121791
0
0.059106
3.10899
2.58135
1.28974
5.11279
0
10.0831
0.999272
0.538047
6.23227
0.530476
4.05052
8.57672
0.345138
0.0906716
3.9662
15.2795
8.70949e-05
0.11093
0.975202
2.41446
35.8007
1.7979
0
6.47085
0
0.000569884
7.13975
6.99216
0
7.73212
14.4359
0
9.50402e-07
6.11819
1.58653
0.723105
0.382841
0.370546
2.06435
0.506788
0.634232
5.68945
3.13204
0.509666
21.1532
2.85182
0.597626
3.45045e-06
2.66849
0.26965
0.89744
24.897
2.88072
1.9344
0
5.499
16.7574
8.94325
12.8715
0.0141802
10.8283
15.1059
7.70704
13.554
0.562113
0.153528
11.3991
3.00622
20.7111
2.37433
3.04585
14.5873
0.0238271
0.0474426
0.0620351
0.000192035
15.2576
1.20841
1.26005
9.91335
15.6493
0.75049
7.90579
10.0513
7.46414
6.57262
0.127875
7.75298
10.975
0.252064
0.528979
13.982
5.51109
0.945539
2.28466
17.0311
10.8652
11.4412
4.44454
19.1926
8.47623
17.9681
10.4892
1.47512
18.1974
0.897027
7.68893
11.5896
15.8193
5.4981
0.53213
0.977434
0.314199
0.547945
1.35463
1.57326
0.413939
0.884037
0
1.80953
3.5613
2.11353
2.30884
0.326132
1.642
2.18179
0
0.00306041
1.80288
9.37135
1.76719
0.0366559
0.000444916
5.61481
0
2.3271
9.46739
3.82114
12.4977
7.24219
11.5914
0.00197425
3.02527
0
0.0145022
22.0583
0
0.597766
19.038
3.89582
0.510603
28.6278
2.64086
0.158894
0.992347
0.325476
14.7114
5.99587
0.116941
11.7187
3.66953
0.756961
12.9471
13.0493
5.36455
9.83037
6.02226
11.6427
6.99216
6.49766
9.53902
1.37336
3.97535
4.72863
3.51779
2.23762
10.1958
0.0296645
4.62553
11.8106
1.38724
10.444
4.94641
10.0124
2.51994
0.00168347
6.53571e-08
0.0065051
0.0468644
0.810666
0.437007
0.036978
1.11248
0.495744
0.64522
0.0488149
0
10.2623
16.452
0
36.769
8.58594
7.09533
5.61586
11.2006
8.30118
1.29477
12.3424
4.37964
3.32191
3.4824
6.16052
11.0827
10.147
9.89605
2.06257
10.3245
13.0753
26.6539
16.2749
7.58437
8.32606
8.23667
12.1185
0.0309314
0
0.000116499
0.0152554
0.899307
0.14242
0.0160631
16.0703
7.43013
9.17654e-06
4.73654
8.32188
13.8392
4.92075
4.75181
7.35132
0.14748
0.384769
1.77181
0
0.000863352
7.81649
0
0.0379511
1.65469e-07
22.923
16.6972
9.09046
5.13737
4.68178
0.886302
2.16924
0
1.28118
0.040688
3.29799e-07
3.52524
0.342189
3.13147
2.55885
0
7.98966
0.500508
1.12317
1.38601
6.85429
2.33456
3.44133
1.76079
4.9806
3.51134
0.183512
0.49763
2.14638
1.48698
5.95695
0.708787
0.193772
0
13.5552
3.46976
0.957182
10.263
0.671396
24.4993
0
3.22534e-06
24.9412
