0.25938
3.29328e-07
0.00189277
0
0.0158137
0.0398414
0
0.714866
0
0.00678796
2.38395
0.319418
0
0.00949855
1.17162
1.03883e-06
0.0396065
1.7052
1.56324
0.332887
0.211446
0
0
0
0.283129
0.0621047
1.69778
0.25367
5.723
4.64511e-07
0.092043
0.320362
0.354568
0.00138628
0.224258
0
0.197922
1.71378
2.13819
3.23139
0.515065
5.05603
0.372333
0.933261
0.0998791
2.14862
0.0407184
0
0
0
0
0
0.0862422
0.527233
0.816489
0
2.1015
0.155859
0
0.0162767
2.02108
0
0.324308
0.00235784
4.13427
0
1.27829
0.959164
0
0.589853
2.54187
0
0
0
1.13976
0.0426841
1.11702
0.715455
0.933951
0
0.963657
0.950993
1.9384e-07
0
3.08428
0.525796
1.57108
2.65304
0.984217
1.9866
1.42128
3.73893
0.00119068
0.0423428
7.49388
0.918619
0.966941
0.0376941
2.29624e-08
0.248466
0.20055
1.56313
3.38917
0.226317
0.971892
0.855497
1.93373
0.105294
0.000394819
4.382
0.0734126
0.569109
0.730839
0.274032
0.685583
1.34269
1.12405
0.967827
0.386927
2.05655
0.838593
1.27977
1.82666
2.98835
0
0
1.84615
0
0
0.0759044
0.994709
0.000239872
0
1.05602
0
0.0677026
0.130688
0.700254
0
0.0019793
0.0106987
1.39516
0.0185937
1.71652
0
0.0210358
0
0
2.16549
21.7564
0.0170593
0.0662008
0
0.568005
1.21877
0.580883
4.84915e-06
0.0705629
0.0289268
0.0832037
0.432535
1.74534
0.801565
1.83848
1.04094
0.0472546
3.93306
0
0.0140778
0
0.329753
0.0703459
0.386034
1.00607e-06
0.133067
0
0
1.79906e-05
0
0.107484
4.34206e-06
1.5999
0
0
0.843453
1.16862
1.9418
0.728165
3.47717
6.48181
4.07353
1.69861
0.816442
4.74973
1.07311
0
2.59208
3.59059
1.44473
2.90181
8.73415
36.1109
0.0333101
4.11985
4.9874
0.00124454
0.862145
0.00214662
38.4709
0.0431866
4.2667
0.464093
0.0288942
4.11342
4.63584
6.58102
0.0124591
4.29433
1.54368
2.22132
0.550581
0.338348
2.29754
0.113801
5.24691
2.15885
4.31215
4.69365
4.21745
0.412438
0.568325
1.46491
2.7212
0
1.77843
0.0512965
1.90387
0.955648
1.81768
0.885908
1.83227
0.565792
0.325231
0.0665228
0
0
0
0
0.309409
0
1.83806e-06
0.130534
0
0
0
2.2251e-05
0.756218
0
0
0.203638
0.652031
0
0
0.0574319
0.320209
0.00875368
0
0
0
0
2.78633
0
0.0322643
0.0345098
0.0102984
3.12886e-08
0.0898718
0.000988608
0.412106
0
2.1927
0.578955
0
0.000867236
0.125891
0
0
0.000433855
0
1.14908
2.24934
0
3.15935
0.0286529
0
7.46183e-05
0
1.497
0.983504
1.41924
1.87113
0.113062
0.562547
1.42455
0.900319
1.40889
0.00104969
0.0650249
0.0633073
0.0194554
0
0
0.616215
0.110108
1.29656
1.25964
7.2758
6.62018
1.51268
0.944572
0
0.960442
0.358784
0.722782
0.574355
0.595107
0.776115
3.31311e-06
0.000276548
0.0168164
0.0018626
0.612915
0
0.0210712
0.00323274
1.9042
0.120599
0.0529681
0.0246272
0.0222592
3.48743e-05
0.396387
0.320231
0
0.144499
0.266303
0.932528
0.779893
0.670426
0.623468
0.130926
0
0.724155
0.0714137
0
0
0.443986
0.128592
0
3.65303e-05
0.0920874
0.105737
0
1.21122
0
0
0
0
1.25085
0.209467
0.311481
0
1.61963
1.2915
0.99549
1.13253
0
1.12532
1.37895
1.03257
1.48241
1.40018
1.30671e-07
2.13781
0.823627
2.10122
0.124156
1.83116
0.184127
0.553355
1.56532
0.959929
1.2771
2.57319
0
4.71081
1.61224
3.34978
0.582039
1.22379
0.212153
2.86197
2.2777
3.11483
1.71966
1.57393
0.687009
0.704123
0.360281
0.701476
0.924048
0.297662
4.62568
0.0442232
1.31143e-05
2.26455
1.95778
1.4774
3.1691
0.873783
0.283071
1.87376
1.38463
0.119715
1.06492
1.65369
1.56118
0.698566
1.45734
3.26522
0.978476
0.872009
0.650519
3.99124
4.1416
4.06988
1.13966
0
0.0702742
3.26986
0.207902
1.9295
0.692002
5.79537
2.73921
0
0.248234
0
0.134422
0.00539992
1.88707
1.17136
2.92542
2.461
5.98512
0.613918
2.34651
1.00186
0.504828
1.12821
1.43943
0.00154315
0.114143
9.53298e-07
1.13146
1.61478
2.25644
0.0468238
0.503393
1.43739
0.00725284
0.877718
0.0297858
0
0
0.76379
0.628049
0.122156
1.57022
0.10595
4.57467
0.00750249
0.217505
1.47061
4.10358
2.1111
1.81742
3.59157
3.79071e-05
3.05627
1.91889
5.50318
5.88621
0
0.00421036
0.454195
1.33582e-06
0
0.468534
0.0027341
1.39119
4.79112
0.166593
0.0499701
6.08608
1.57208
0.0884427
0.026246
0.139266
0.0193405
0.00200626
1.16706
0.0238655
0.00511802
1.73503
0.124552
4.04936
0.0593087
2.78661
0.00142695
0.00348825
1.68039
1.64823
0
0
1.93508
0
0.000140741
0
0.0526162
0.00955342
0.181297
0
0.216761
0
9.5884e-06
0.205742
0
0.0555415
4.4986
1.6955
0.0606757
0.854798
0.542841
0.000362678
0.0158128
1.35877
0.629145
1.58138
2.73303
4.33866
4.65846
0
2.35691
0
2.09119
2.43105
0.870059
3.49527
1.12054
0.589744
1.04967
0
2.33362
0
0
1.368
0
0.0478044
0.706224
1.51173
1.7788
0.0981208
0.251833
0
2.44359
3.33619
0.70841
1.48217
4.30177
0.753108
0.00839099
0
2.09889
0.816336
0.0365895
1.32161
1.5316e-07
1.62938
0.749139
0.00639921
1.40943e-07
0.000133253
0
0.514267
0.139896
1.61096
0.118798
8.5087e-07
1.66327
0.337372
1.92411
2.12773
0.00751265
0.247855
0.759924
9.65085e-07
0
0
0.00769701
2.16283e-05
0
1.38012
0.134548
3.94073
0.565158
0.0210755
0
0.104603
0.121702
0.395732
0
0.138609
0.0231879
0
0
7.47868e-08
0.344797
0.764273
0
0.147427
0.230357
0
0.181344
3.36112
0
1.09698
2.862
0.400016
0
3.39148
0
0.699759
0.0464237
0
0
0
0.125426
2.71768
1.6202
0.00208454
3.58592
0
5.03349
2.75963
3.15831
1.98626
0
6.21438e-09
0
0
0.0278517
0.558543
0.491916
0
3.74322
2.79746
1.24226
1.19736
1.77861
0.1386
2.82012
0.384751
0.693102
3.82843
0.000100266
0.000985507
0.000108851
2.21665
4.19306
0.546516
8.85007e-05
2.00519
1.31808
0.0839075
0.00148216
1.52213e-05
1.51278e-06
0.00447766
1.02122
1.17268
2.7194
0.919618
4.42917
2.88413
0.618668
0.67207
0
0.307855
0.23678
0
0
0
0
0
7.38578
0.0357961
0.0806379
0.00186487
0.00479287
2.87457
0.442459
0.0366542
0.707349
0.523942
2.14621
0.0104913
1.122
0.762172
0.258112
1.34803
0.977454
0.753481
1.47586
0.0755867
0
0.0186409
1.62763
0.161078
0
2.78643
5.72611e-06
0.600049
9.93473
2.91825
2.40754
11.1233
0.402619
2.26004
0.20137
0
4.13226
1.80644
0.0976278
0.025947
0.807125
4.37906e-07
9.55114
0
0.0786921
0.00930957
0
0.302392
0
0.130702
0.329651
1.85767
0.402456
0
0
0.000174199
0.342828
0.995954
0
0.852869
2.98801
0.00060149
3.02395
0
3.95006
1.76498
1.53055
1.62801
0.000107506
1.55805
0
0
0
0
0
0
0.720575
0
0
0
0.154968
1.95853
0.136057
7.71974
5.79958
0.98518
1.65308
0.0167524
0.392943
0.0248298
0
0.440842
0.0172066
2.32117
0.685792
1.3282
4.29323
2.51281
0.205612
0
2.50569
0
1.40433
0
0
0.0357707
2.42227
2.92595
2.43692
2.8972
1.8233e-07
4.89716
0
0
0.0230299
2.09591
0.12658
0
0
0
0.00728435
0.693972
1.84152
0
0.0819455
0.77822
5.6696
1.05804
0.222835
0.418452
1.38573
1.88424
0.00151782
0
0.0160065
1.80229
0.713114
2.03119
0.673997
0
0
0.878259
0.250191
0.302515
3.78933
0
2.15062
1.11312
4.23888
0
1.41629
0
0.00068835
0.461901
5.05824e-06
0
2.81866
0.000573254
0
0
0.819944
0
0
0.0150639
0.52969
0.0156003
0.196257
0
1.94439
0
4.24854
0.00438121
0.264156
0.0739244
0
0.899208
0.24076
0.673966
0
0.525434
1.79299
1.8334
2.28907
2.05572
0
1.99771
2.24874
1.98646
0.344212
0.015871
2.97608
0.00222846
1.30109
1.91377
0.343269
1.83751
0.288806
3.07931
1.70668
0.376046
0.601285
0
0.566473
0.270702
0.000134148
2.57941
0.780871
0.00273714
0.361176
1.21071
1.48171
0
2.34137
0
5.18953e-05
0
0
0
0.0481337
0.000246313
0.993126
1.26425
0
0
0.000936561
0.960905
5.33325
0
3.15233
1.55992
0.690795
0
0
0
2.34029
0
1.8802
0.235877
0
0
7.92326
0
0.0382084
2.66551
2.70992
1.89259
0
0.0443713
2.39931
0.598696
0.0892697
0
0.629369
0
0
0.509398
0.00163329
8.37126e-06
1.89282
1.30029
5.7338
1.84408
0.725822
2.99986e-07
0.483338
0.523457
0
6.03558
0.0219269
0.262302
0.188001
0.890893
2.28319
1.06427
0.992051
0.00114991
0.0234093
0.0191773
0.121114
0
0.0185197
0
1.95837e-06
1.72004
0
1.21024
0.849565
0.00255864
0
0
0
0
3.5761
2.96963
0.0380718
2.91183
3.15856
0
0
0.00463773
0
0.328519
0.111735
0.0604992
0
0
0.109899
4.09535
0
0
0
0.570912
0.900821
1.02932
0.060309
0
0
4.72931
3.63791
1.12637
0.786698
0
0
0
2.49487
0
0
3.85709
0
6.37717e-08
0.00727777
2.16538
0.143118
0.0227071
0.776813
0
0.261661
0.0521771
0
0.0652178
2.64762
0
1.08611
0.0369
0.0220692
0
1.22024
2.62553
1.51603
1.04761
2.18688
1.335
1.29456
0.213452
1.24055
0
0
0.32032
1.86593
0.39871
0.47343
0.00659927
0.1317
0
2.08916
4.36586
1.65824
5.44899
0.976962
1.45334
1.18064
4.67161
6.13349
4.5757
0.105329
0.00652619
1.11975
4.31453
0.476933
0
2.06695
3.05684
0.549073
2.31025
0.321666
0
2.28657
0.92065
1.04284
0
0.176007
0.0435327
1.7467
1.28594
1.351
0.850691
5.26142
1.66254
4.9036
0
0
0
1.37028
2.76868
2.37607
1.96474
0.965842
2.19293
2.29415
5.43142
6.45277
13.8118
16.3342
4.1206
1.43809
3.229
1.31479
0
0.0138885
0
0.175111
0
0.771798
0
1.95134
0
0.104028
2.24982
3.53346
0.303285
0.712198
1.08541
1.42675
0.0234041
0.00749101
0.21879
1.18328e-05
3.55802
0.904385
0
2.38346
1.05454
0.349292
1.1898
2.98569
2.08256
0
0
0
1.72844
1.09652
0.035783
0.00682889
1.36199
0
0
0.792055
1.46754e-06
0
4.48218
0
3.48674
0
4.05098
1.40325
0.842727
0
0.0426891
0.918532
2.37544
3.27888
0.0914283
0.00592141
4.00562e-06
0.877494
4.50118
0
5.58955e-08
1.78507
1.75337
3.39495
0
3.34487
0.519932
0.428581
0.534209
0.6021
4.33523e-08
0.273912
0
0
0.0886416
0
2.62409e-07
1.69506
0
0.00377839
1.30096
2.96101
0.386277
0.936251
0.0239831
1.95384
0
1.84203
0
1.77907
0.843129
0.0815889
0.913869
1.1096
0.368441
0
0.000492018
2.14963e-06
4.6402
0.531794
1.65785
2.79719
0
2.05166
3.03397
5.16468
0
1.97373
1.76543
4.46313
0.947445
0
0
0
0.328072
1.43372e-05
0.00688706
0
0
0
0.000313713
0.55319
0
0
0
2.50311
0.887397
0.689061
2.30225
0.70097
0.661187
0.0178969
0.602606
1.97145
0.00729769
0
0
0
0
0
0
0
0.532239
2.30169
1.06126
0.138411
0.919701
0.444583
2.07688
1.57873
0.533712
0.874962
1.44999
1.23726
3.32496
1.99753
2.10788
1.19075
4.54312
0
3.52896
5.31606
1.01361
5.70997
1.12857
0.00116334
1.56051
1.1685
0
0.984466
0.000228972
0
5.17905
0
0.427795
0
0.00391509
0
0
0
0.000525332
0.92122
0.587144
0
0
0
7.17958e-06
0
0
0
0.000792807
0.332122
1.73365
0.782974
1.66351
1.75024
3.2247e-05
0
3.00253
3.51444
6.23588e-05
0
0.603026
1.93515
0.144509
2.24115
0.0528636
0.0345207
0
0
0.0233376
3.05569
9.17686e-06
0.891399
0.323387
8.74144e-08
0
0
6.26425
1.28487
0
0.000562818
0.873317
0.134431
0
0
1.14706
0
0
0.467063
1.40887
7.13978
0.92155
0
1.43118
0.253672
1.57208
4.41639
0.252608
2.22188
0.612404
0.080705
0.0227553
0.121975
0.879633
0.0885339
0.831818
0
1.01747
0
0.37702
0
0
0.694197
1.08802
0.203777
0.598175
0.232132
5.02982
1.42082
2.06401
0.0661389
0.0247036
0.037973
0
0
0
0
0.00013494
1.24345
1.9718
1.34684
4.87551
2.21875
2.64392
0.0267473
2.52087
1.51867
0
0.0224298
0
0.00218158
0.0501305
0.0352592
0.618652
0.00327535
0.0199026
0.0768327
0
0.725983
0.445845
0.28696
1.31323
1.56161
0
0
0.00410918
8.35278e-05
0.0177183
0.912477
2.20091e-05
0
1.62061
0.592926
0.469372
0.000748832
0.236632
3.23327e-05
1.52647e-08
0.0369052
0
1.39536
1.0121
2.73142
0.312842
0.661203
4.9118
4.86018
0.209736
0.13223
1.64135
5.81227
2.19166
0.0580961
2.97391e-07
1.51883
0.30641
0.100994
1.08687e-06
0.745583
0.144382
0.0611553
1.64317
2.28394
0.110259
0.0023942
0.100029
0.802186
2.12743
0.353024
0
4.3294e-06
0.00311982
0.10091
0.00252959
0.972279
2.2387
0.0287573
2.06959
0
0.831104
0
0.00482054
0.0326143
0.344701
0.0305986
0.0253049
1.17545
3.0306
0.0111984
3.96704
1.75445e-07
4.20327e-06
0
2.07527
1.60822
2.76847
1.52591
0
0
2.91318
0.891598
0.0270348
0
0.712854
0
0
0.00115833
0
0
0
0
1.41087
0.00829616
0.0183142
0
18.6201
0.0197571
0
0
0.894947
0
1.74251
4.39484
0
1.34093
9.37779
1.75019
0
41.5376
0
0.0110973
0.022872
0
0
0
0
0
3.72861
0.000773037
0.0289422
0
0
0
2.67752
0.018006
0
0
0
0
8.66486e-05
0
0.471341
0
1.30733
0
0.00460684
3.85703
0
0
0.360712
0.443972
0
1.58851e-07
3.57269
1.44395
0
4.85614
1.19542
0.819462
0
0.0943177
0
0.111002
0
9.75992e-09
0
0.025146
0
1.13718
1.92379
0.0716164
0.0181159
2.81497e-05
0
0
0.0300021
2.69682
0.712264
0
2.02456e-06
0
0.0670454
0
0.0718056
0
0.342761
0
0
0
0
9.18795e-05
0
0
0
0
0
0
0
0
0
2.15043
1.07844e-06
0.677456
0.7446
0
0
3.5751
1.82188e-05
0.797466
0
0
0
0
0
3.00322e-06
0
0
2.02015e-07
5.05152e-07
5.09631e-06
4.46526e-05
0.034303
0.103249
0
2.96589
0
0.000240737
1.58094
0
0
0.00298132
0
1.78735
0
0
0.898498
0
0
0
0.15604
0
0
0
7.05258e-05
0.592594
0
0.00377991
0
0
0
0.0383323
0.000272783
2.8911
4.10561e-06
0
0
0
0
0
0
0
0
1.69114
0
0.262158
0.00096371
0.848576
3.74154
0
1.93318
0.820267
1.18517e-06
0.000154079
0
0.154182
0.653861
2.26519
0.0618449
1.95787e-06
0.758576
0
0
1.25057
1.28018
0
0.0103759
0.391468
0.96233
0.979634
0.987539
0.802289
2.96028
2.86588
3.3465
0
0.0780133
2.03547
0
3.44169
4.16226
2.06078
0.293304
0.507296
0.422918
1.00396
5.16471
2.73366
1.66498
0.0552536
0.92583
0.0648388
0.00204586
1.7196
0.863837
0.604695
0.928178
0
0
0.541647
1.41411
1.29598
0
1.04637e-06
9.86254e-05
0
9.72482e-05
0.00231762
1.7186e-06
1.96799e-07
1.4123e-07
0.00494857
0.0037048
0.75484
0.431958
0.000349114
6.15137e-05
0.79717
0.684016
0.478105
0.00136271
0.00218135
0
0
3.45808
0
0
0
0
0
0
0.00197373
0
0
0.92699
1.00294
0.0155126
0.0111858
0.0298726
0.00418683
2.05621e-05
0
0
0.0168667
0
0.0958652
0.860654
1.55654e-07
1.27821e-07
0
0
0.00037163
0.510702
0.00102572
0.343313
0
0
0
3.18024
0
0.920555
0
0
0
1.65271
0
0
0
0
0
2.07837
0
0.00119282
0.507691
0
0
0.515776
0
0.665037
0.000274749
0.105139
0
1.44938
1.34188
0
1.14751
0.65827
1.6705
2.39679
3.26632
1.89954
0.140909
1.31816
4.87505
1.34641
0.117902
0
0
2.68946
1.88526
5.01253
4.17004
0.686198
1.68517
0.0536107
2.78938
1.69525
1.97732
0.17748
2.4089
3.1532
3.22243
2.13531
5.98973
0
1.32562
0
2.51191
1.58147
2.63947
0.520868
3.4857
3.78066
4.05353
2.49058
0.309715
2.2777
0.792824
2.09358
3.28748
5.35616
1.33365
1.92109
4.27928
2.64116
3.536
1.37349
2.76916
0
4.78891
3.28783
5.47423
0
3.84818
1.92041
2.08472
0
0.00616595
0
1.09745
0.0817058
0.000920915
1.40373
2.90583
0.0394713
0.00222126
0.458737
0
0
0
1.88442
0
0
0
2.76076
0
0.00133516
0.00102809
0
0.00018369
0
0.460148
0.0629647
0.197113
0.00937526
0.321914
0.253849
0
0
1.45133
1.41145
0.99573
1.7317
4.28081
1.57093
1.90008
1.83511
1.54557
1.26041
3.739
1.80695
5.72009
5.91585
4.19115
0
5.85557
4.24694
0.744541
0
3.1383
0
0.452244
2.71239
0.0640528
2.01757
2.42973
4.28263
1.82327e-06
2.71186
0
0
0.023055
0.895348
0.708987
0.00177511
0.411984
0.545534
0.101046
0.950259
0.0224202
0
0.141528
0.802383
0.911364
0.0380975
0.0109622
0
0
0
0
0.946379
7.00163
0
0
0.00539253
0
1.29285
3.37182
1.18625e-05
0
2.14336
2.61231
0
0.496521
0
0.0196331
0
0
0.0626992
0.990708
3.08658e-05
2.1421
1.75635
3.54874
0
0.195889
0.00314354
0
0.0266275
3.08088
0.0200477
0
0
1.48207
0.788474
0.0295591
1.15869
0.869255
0.555041
0.233599
2.10145
0.994509
0.348512
1.58728
0.555076
0.648886
1.08639
2.92542e-05
0.00807054
0.16774
2.20775e-08
0.280447
0.477418
1.49867
0.556821
0.77084
0.11234
2.613
0.165753
0.873616
1.43598e-07
0.0190491
0.0601661
0.0652934
0.0361852
3.45682
0.114607
0
0
0
0.00218458
0.00424254
2.55051
3.38419
3.49691
4.99953
0.0295877
3.66797
2.22495
0.250721
0.903307
0.899335
2.16956
1.38612
0.421879
0.380782
5.21279
6.40969
0.252827
1.83809
1.63764
0
0.0298535
1.03552
0.0472813
0
0.772146
0.000246911
0
0.135881
3.13144
1.8765
0.0298596
2.25174
0
0
0.600205
0.0228611
0.000876992
9.88895e-08
0.0157517
8.48983e-05
0.0424381
0.313508
5.42062e-09
2.9593
2.88222e-05
2.75559
1.11137
0.00474855
0
0
0.76729
1.11972
0
0.00569358
0.868171
0.133877
0.00534266
2.2671
2.05077
1.70355e-07
0.00693073
0.909972
0
0
0.0640385
0.0215191
0
0
3.87254
0
3.3527
0.923807
3.59345
0
0
0
0.652564
0.0515953
1.89058
0.0525416
1.43941
0
1.39439
0.991011
1.70996
0.284804
0.454396
0
0.96405
0
0.0608397
0.887514
0.526769
0.00418665
1.90379
0
0
0
0
0
0.814762
0
0
0
0
0
0
0
0
3.06533
0
0
0
0
5.2599e-05
0.433701
1.96611
0
0.14833
0
0
0
0.788419
0
2.02881
2.39244
3.23223
0.316218
0.044062
0.22998
0.640667
0.125975
0.921318
9.58485
6.27184
0.378273
4.81326
3.98242
5.50935
3.27797
1.37144
2.64462
4.19485
0.732682
4.7316
4.69203
4.09176
2.76165
2.19407
5.27477
1.84554
0.634952
4.40408
6.32691
3.22378
7.10232
1.23936
0.151421
0.139711
1.57306
0.141792
0.00811945
0
3.24813
6.9011e-05
0.261348
0
0
0
3.12746
3.84958
0
0.509638
1.0382
0.0582619
0
0
1.89913
0
3.35687
2.64924
0.83637
0.0382454
3.71701
5.27065
1.90829
0.952718
0.91147
0.245053
0.175424
2.07096
0.0193765
0
0.0694608
2.16631
0.18513
1.31086
0.652445
0.213773
0.888235
0.119298
0.651
1.98323
6.41173
1.19889
0.851094
0.00458954
0.263481
0.158397
1.58617
1.4168
4.49516
1.27038
0.895988
1.57764
2.79011
3.24628
4.63076
8.20639
2.08511
0.524509
1.13279
1.61579
0.283134
2.57796
1.29248
3.19063e-05
0
0.0166204
0.297987
0.00564392
1.80237
0.965389
1.01291
2.51952
1.58521
0.100102
0.162271
2.47946
0.0619974
1.15796
1.52338
0.242044
0.543612
0.524796
0.789468
4.72621
0.591452
4.78603
1.14431
0.361488
0.241563
0.00603231
0.0117886
0
0.888804
1.66768
0.930307
2.6055
0.24833
0.709765
0.640354
0.212654
4.54355
3.4619
3.00856
1.68733
0.798151
0.0710393
0
0.777044
0.115185
0.00311482
0.150414
0.00324698
0.74639
0
4.27911
2.65152
4.20479
2.03761
1.6097
0.735846
1.81059
9.20989
0
0
0
0.796995
0.82752
2.4464
0.60789
2.92686
1.05282
1.16828
0.0264716
0.141697
0.078007
1.46432
0.915886
0.692172
2.47496
3.70917
2.95154
4.49741
0.108633
0.008294
2.17325
1.97149
1.1802
2.00535
2.14969
0.851738
1.40674
1.71711
2.84585
3.79899
1.41337
4.57134
4.2237
1.15842
2.043
3.33703
2.73672
0.621617
1.34878
2.24447
2.60508
2.21808
6.16775
1.52987
1.2521
1.97214
1.06504
3.40524
0.93905
0.00614197
0
0.909579
0
0.271729
0.990109
5.05447
4.98991
2.56628
1.28552
1.61982
0.944886
1.83597
2.79319
3.09125
1.84913
1.36681
3.27025
1.62068
4.78977
3.33819
2.61281
2.81169
1.4982
3.52033
3.76753
0
1.27471
0.0662664
3.18468
1.42826
0.235278
0
0
0.245303
0.921843
1.39997
1.47971
0
0.956178
0.938573
0.459229
0.829947
0.0151152
0.944777
0.908998
0.895625
0.0627117
1.42442
0.0487634
1.14223
5.35768
0
1.15449
0.763297
0.239628
0.0745022
1.10356
0.386679
0.315515
0
0
1.51369
0.00699542
0.869933
2.34416
1.00387
0.010559
0
1.65596e-07
0
0
0.885486
0.0550132
0.0620133
1.43535
0.0150281
0
0
0
0
0.774677
0.693967
0.0434186
1.3624
0.010833
1.03764
0
0
0
0
1.33353e-05
0
1.50274
0
1.00148
0.000269747
1.43416
0.152508
3.35089
0.479077
1.1991
2.29562
0.000204888
2.07625
0.517908
4.80446
0.163731
2.42661
0
0.125974
0
0
0.506312
0.986494
0.0482351
0
8.04909
0
0
0.526644
0
0.187518
0
0.00231623
0
0
0.00765837
1.08136
0
0.222624
1.27725
1.04202
1.067
2.98836
0.000108136
0.577345
0.22954
0.853742
2.19427
0.124296
1.62258
0
0
0
0.0784574
2.15271
0
0.0686262
0
0.185954
0
0
0
0
0
0
0.00298798
0
0.000786766
0
0.000223539
0
0
0
1.04386e-06
0
0
0.35716
0
0
0
0
0
0
0.271668
1.19244
0.682512
1.42286
0.269943
1.20941
2.42528
0.96952
0
0
0
0.430519
1.47466
0.614819
0.948063
5.30291e-08
0.704644
3.70795
4.12468
2.19034
1.05807
0.0801665
0.978014
0.720323
1.02847
0.0581579
0.609227
0.809986
0.730747
1.42133
1.30989
0.27399
1.30636
2.92822
0.224052
1.02074
0.00486485
2.35981
0.033266
1.05321
0.00153333
2.93286
0.686594
0.000673244
0.010547
0
0.120677
0
0.141394
0
0
0
0
0
1.80375
0
0.0279499
0.000812763
1.35533
0.361462
0.178621
2.10331
1.07068
0.257437
0.883842
0
1.32248
0.691237
2.01269
1.71221
6.86031
1.86153
2.4687
0
6.00978
0
0.543526
2.67346
1.64285
0.135458
0
2.30653
2.57417
0.542306
0.0209243
0.727334
1.94828
4.41717
2.29221
0.0335409
0.361185
0.377678
0.0357889
0
0.484685
3.81284
0.00591325
0.417711
0.862407
0.000628637
0.0361269
0.0138025
0.0171235
1.04932
0.0205814
0.599912
9.4344e-05
1.86777
2.95644
1.80292
2.51642
1.73739
3.21296
0.945368
0.0288105
0
0.0496628
0.11208
0
0.331303
2.62495
0.932966
1.89529
0.0362053
2.52763
4.70546
5.32728
0.978656
0.98567
0
0
0
2.01505
0
1.11595
4.60821
0.00918824
0
0
1.05115e-06
0
0.0121348
0.0675067
0.354963
0.230315
0.0463851
0.000134183
3.64
0.274906
0.255305
1.13095
2.32272
0.152421
0.395035
0.0449305
2.70753
0.00119988
5.69885
1.62527e-05
0.019856
1.30459
0
0
0
1.23715
0.0127949
0
3.97681e-06
0.0215613
0
0
0
0
0.000203384
0
4.50208e-07
0.801136
0.381135
3.44133
0.0479359
1.37783
0.000378013
1.02192
1.46035
0
0
0
0.000115316
2.95427
0.17108
0.784731
0.678079
0.847606
1.91233
5.99146
1.22693
2.2252
0.247239
1.45993
2.11163
0.862251
1.19925
1.93843
0.0954602
8.10028e-06
1.33154
0
0.414286
2.57807
2.27091
0.110527
2.2144
1.46932
0.54139
11.7672
1.9048
2.27338
2.04047
0
5.56865
0.000102379
10.2168
0.297079
0
0.135445
0.914194
0.910833
0
0
0.733718
0
0.0592981
2.26885
0.0504854
0
1.48689
0.307948
2.49324
0.65417
1.19846
5.14018
4.65166
1.25211
2.01442
3.9007
4.06515
2.05309
3.94278
1.66897
3.2282
0
2.1604
2.64447
1.93766
2.68256
3.06259
2.4058
0.138522
0.0542581
0.0572665
0.875575
0.258761
0.748926
4.58472
2.76356
0.0221401
3.0336
1.84503
2.79288
6.12499
0
0.25895
1.01603
0.443212
1.26006
1.85984
0.0610351
3.09056
5.38641
0.326433
0
0
7.53051
1.84214
2.45042
2.68623
0.0777383
5.25372
1.46379
0.00372741
4.69546
5.40119
1.72343
0.785888
5.39271
4.23946
1.15195
3.45547
4.95132
1.68461
3.56199
0.488363
3.9129
6.70522
0.15769
5.43013
6.99599
3.86177
0.350961
1.04628
0.671492
7.03285
4.4073
0
3.21275
3.89156
2.41138
0.0327392
3.22575
3.36781
2.64766
1.50171
2.1952
2.8807
5.54252
0.0414408
0
0
0.650527
4.4491
0.463827
0.90276
2.64071
2.56287
2.12974
2.42564
2.13369e-06
1.67336
0
4.31693
6.73428
5.36981
3.54089
1.26708
6.89997
5.08428
6.33738
3.02222
2.89164
1.7492
3.81711
0.960789
2.33876
0.957767
2.37628
0
1.85461
2.52822
2.80942
0.907737
0.484382
4.36163
0.795348
0
1.54808
1.28233
3.3164
5.1236
0.674039
2.6262e-06
0.70087
0.6822
0.000149521
0
1.2218
1.68574
1.86307
0.693683
3.50678
0.859929
1.66438
0.392316
0.590393
1.24496
0.0489909
1.01821
2.55503
0
1.44936
0.998015
0.98005
0
1.34611
0.0204377
5.44267
2.92228
2.99982
0.900389
0.73266
2.46766
0.728968
1.68174
2.52075
0.136127
1.45026
3.91632
0.247006
2.6589
5.3239
0
1.02777
2.52293
4.65122
1.76041
0.0500214
2.65858
0
0
0
4.92719
2.84187
2.3659
5.75234
2.34868
2.75115
2.52938
1.36637
1.40412
1.41414
5.39738
2.11526
0
3.27976
0.510385
0.00698807
2.9684
0.154505
0
5.29107
0
3.24355
0.885202
0.00119312
2.54761
0.0985626
0.367234
0.500474
2.06149
0
0.0536765
0.132276
0.82816
1.4121
2.24007
0.163672
0.774011
0.0254634
0.122458
0.696586
0.879857
0.803258
0.424838
0.20332
2.3122
1.2478
6.24548
1.09239
0
1.43309
3.75345
0.989431
1.22683
2.61229
5.23282
0
0.068449
0
1.97147
0.874409
0.00618139
0.559
1.50785e-07
0.229913
7.84541
0.582564
1.32238
0.28176
1.71035
0.346008
0
0.483288
0.0155323
0.516587
0
0
0
4.72999
0.466789
1.56101
3.18361
9.74143
1.01865
1.87245
0.134315
0.345939
0.077355
0.300895
1.66309
6.23769e-06
1.24434
4.60364
0.0175812
1.95423
8.88297e-06
1.26259
1.96993
9.83597e-07
0.482389
1.24436e-06
0
0.507429
0.00986678
0
0
0
0
0.489637
1.29286
2.42054
0
0.00171327
2.06772
3.73201
2.94541
1.67034
1.06571
3.32251
2.38013
0.686879
2.98419
1.5426
0
3.01016
1.78683
3.06991
2.61319
0.943078
1.25542
1.67565
3.52097
0.0546062
1.88756
0.762399
51.2625
1.46208
0.965453
1.81122
33.5025
0.0273171
0.816285
0.0948854
1.10204
1.29732
1.77803
0.920908
2.2338
0.418475
1.25393
1.9735
0.351872
0.463424
0.035915
1.82624
1.2987
0.000348519
0
0.860912
0.308088
0
0
0
0
0
0
0.0380816
0.017441
0.0151033
0.0507966
0
0
0.803938
0
0.849671
1.75755
0
0
0.910526
0.00173117
0.136028
0
0.342438
0.0203241
6.81733e-08
0
0
0.0542324
0
0.05835
3.17148
1.82221
0.937601
0.715924
0.290022
0.10427
0
0
0
1.25
1.30292
4.87384
0.0487484
0.38952
0.00166614
2.36098
0.240178
1.6305
1.81236
0.889908
0.00123632
4.36301
0.170829
0.0708962
0.895926
1.08046
2.17465
0.0195873
0.0473318
3.37513
3.44541
2.22714
3.59141
0.892588
7.36058e-05
0.000275485
0
0.472742
1.03992
0.853032
0.711493
0.279644
0.106445
0.274897
2.17968
0
1.91601
0.111696
0.141521
2.40584
1.35776
2.82227
1.67984
0.0183859
4.47085e-06
0.935762
0.144189
4.22572
2.28526
2.02611
2.32983
0.0240065
2.04021
2.42488
0.911649
0
0
0.189263
1.53908
0.0225626
0
0.000309835
1.64457
5.14926
0.670983
1.0147e-07
0.885116
0.972127
1.39105
1.23231
0.924632
0.0129671
0.00472843
0.999103
0.107454
0.0323197
0.539703
2.48654
0.216312
1.09037
4.53481
0
0
0.517534
3.19107
0.923027
0.00226194
0.00807835
0.611962
0.950442
0.17553
0.496084
1.18289
0.0015981
0.0202087
0.689754
3.79602
1.8484
1.58003
0
0.740996
1.78988
0.0124941
1.62413e-07
0
1.5656e-05
0
0
2.26637
0.0494432
0.449153
0
0.0269425
0.245061
0.988039
0.229782
0.95805
0.213871
0
4.77491
0.561582
0.00851091
0.896254
0.537169
0.942611
0
0.147605
0
0
0
0
0.00095714
0.000686001
0.00021171
0.113101
0.925046
1.12048
0.049531
4.17158e-07
0.531926
0.00841744
0
0
1.72231
0.000496901
0.858644
0.0478737
0.792296
0.899256
1.76725
4.23556
0.707726
0.815788
0.593241
0
3.19211
0.84546
1.31486
1.05267
0.861578
0.00849282
6.00222e-06
0.249158
3.09118
0
0
0.0065864
0.000623722
8.36047e-07
0
0.213086
0
1.93526e-06
5.02428e-07
0.000741934
0.528609
9.85553e-07
0.32189
0
1.5935e-07
2.62268e-06
0.939771
3.63184e-05
0.000403031
2.19392
5.5367
3.31588
3.80004
0.449416
0.604985
0.000920102
0.10167
0.394571
2.35229
2.406
0.279838
1.03809
4.30088
0.111061
5.9621
3.33535
2.27396
1.97048
3.40275
1.63029
1.87675
0
0.56358
0
0.871182
0.00435024
0
2.3298
0.247349
0
4.27495
0.947776
4.15339
2.20615
1.06182e-07
2.78629
3.84061
0.433347
0.0709233
0.426418
3.73858
0.0232912
0.950582
2.8499
0.689762
1.84458
0
2.74935
1.74042
0.0579481
0.0426308
0.0752978
0.707041
1.12544
0.569051
0.33905
2.06504
0.245092
1.29579
0.0913788
0.0131923
0.0572856
0.861126
0.0057408
0
0
0
0.806083
0.0307557
0.0256829
0.694125
0.00515027
0
0
0
0
0.304463
0.0563658
1.19571
4.07053
0.0207483
4.78501
0.584116
0.735653
1.25027
1.95249
0
0
0
1.96592
0
0
1.52038
0.196499
0.00633676
0.252434
0.806109
4.78416
2.37296
6.29809e-07
1.37861
6.89014
0
3.94473
6.30635
0.919098
1.61423
3.99921
0
0.361837
1.6743
0
1.45409
0.111155
2.17036
0.0330722
0
0
0
5.92787
0
0
0
0
1.12676
3.20037
2.96661
1.10667
0
4.7927
0.10485
0.998149
2.10529
1.83827
2.82637
0.936375
0
0.00943026
1.61792
0
0
0
2.83087e-06
0.0313368
0
1.82637
0
0.773228
2.98308
0.00950981
0
0
0
1.03439
1.24823
0
0
0.00277217
0.108473
0
0
0.317675
0
4.5333e-06
2.08794
0
0
0.224909
0
0
0
4.36199
3.23576
0
2.6934e-06
0.000324222
0
1.67118
0.0325554
0.252066
0.059916
0.00956474
0
0
2.79496e-08
0.0112419
2.29278e-07
0.740953
1.13557
0
0
0
0.958866
0
0.701095
1.06407
6.23149e-09
0
0
0
0
0
0
0
0
0
1.25216e-05
0
0
4.40227
0
0.147011
0.078922
0
0.00929581
2.27652e-08
0.847117
0
0.00127795
0
0
0.00091627
0.263097
0.015877
4.37022e-07
0.0165494
0
0
2.08032
3.11594
0
0
0.0449251
0
0.486699
0
0.356107
0.00624594
0.0206506
0
0.000103387
1.75695e-06
0
0.107032
0.00104618
0.000650899
0.0440956
0.368009
0.933041
0.593165
0.531125
0.0132941
1.00339
0
0.0189928
3.21921
0.00572486
0.00217487
0.712744
1.74922
0
0.826895
0.0127
0.00711304
5.49043
0.0375452
0
1.56484
0
0
0.000365809
0.454715
0
1.68406
3.11412
1.47106e-06
0
6.2925e-07
0.0224885
0.0138606
0.0574994
0
0.264166
0.544105
0.0213791
3.95301
1.44664
0.000173434
6.26752
0.0858235
0.00925027
0.0350929
0.594432
0
0.000452897
0.935522
0.785054
0
0
0.35041
0.968686
5.09895
1.73131
0
1.82961
3.16166
0.0472112
4.69773
0.235484
0
3.77786
0
2.21517
0
0.906349
3.17271
0.00235502
0
0
0
1.69484
0.0535408
0.0555772
1.24784
7.08774
0
2.26604
1.26219
0.894776
0.0704147
1.15309e-07
5.43502
5.42374
0.168084
0.887931
5.60432
2.02603
0.143169
0.622783
3.92577
3.41263
2.15298
2.41008
1.93148
0.413796
2.62707
0.305194
0
1.58213
0.215162
2.8476
0.884497
1.50934
2.76441
0
0.0388517
0.809572
0.0521096
0.0982611
0.0513867
0
0.00946717
0
0.000503311
0.427196
0
4.80876e-07
0
0
3.89448e-05
0.11373
0
0.0193878
0.268121
1.89829e-06
1.12191e-07
0.0324427
2.17488
0
0.0171446
4.82272
0.701892
0.513041
0.951037
2.43951
0
0.951505
0
0.892886
8.74965
0
2.8557e-08
1.3973
0
0
11.7854
0.0666069
0.0410282
0
0
4.17448
1.68174
0.523372
0.258924
0.00166823
0.171811
1.58917
0.339747
0.0110881
0.783429
0.650387
0.860333
1.16165
0.777664
4.34206
0.546925
1.91804
0.273307
0.731692
1.11707
4.34304
0.984952
1.22231
2.37696
0.0354862
3.27194
2.03039
2.87436
0.0146129
0
0
0.00894132
0
0.00763586
0
0
0.033901
0.347254
0.130748
0
0
4.481
3.18443
0.821165
1.79762
0.553134
3.42209
2.89581
0.0530227
0.155336
0
0.864127
0.0467239
1.40542
0.805131
1.84262
4.35182
1.44112
3.90132
0.6983
2.01004
2.19419
2.33615
3.55669
0.871078
1.18153
2.94839
5.09584e-05
0.0237731
0.640841
0
0.643487
0
0
0
3.27015
0
9.113e-07
2.89141
2.11068
4.44914
2.05684
1.66827
0.65322
0
0
0.942324
0
0.000746749
1.30735
0
0.41086
7.73739e-07
2.099
1.27511
4.66319
0.0523592
0.293958
0
0
0
0.527927
0.619302
0.0789211
2.43826
0.883573
2.62108
2.53022e-06
0.00171983
1.67618
0
0
0.557264
0.0258831
0.682267
0.162333
0.881817
0.976088
1.64766e-05
1.02397e-07
0.0414845
0.000123789
0.661133
2.83167
0
3.41576e-08
0
5.39153
2.62162
0.00027641
3.80099
1.90968e-05
3.38017
0
0
4.52618
