0.0828064
3.49183e-05
0.0155881
0
1.39391
1.19491
0
1.02527
1.58183e-06
0.0604764
7.30654
0.000136325
1.25843e-06
1.42665
1.85726
0
0.525127
5.26575
8.8586
7.63069
6.60721
0
1.07417e-06
1.99099e-07
0.691523
0.918321
2.9519
6.48512
38.9978
1.32027e-07
0.315012
2.19465
1.83034
0
0.739015
0
1.10345
5.85976
4.75266
7.11002
10.1817
6.92639
1.00459
6.98698
0.293422
4.8148
2.17992
0
0
0
1.32009
0
4.67061
1.01608
0.444233
0.000134677
11.1371
2.54003
0
0.212452
3.0919
0
2.71341
1.60021
2.46461
0
1.45708
1.83645
0.000186655
0.693459
6.85119
0
0
0
1.06579
1.01181
2.9104
1.04196
0
3.40462e-07
0
2.39931
0.390353
0
4.18712
0.704815
3.80269
2.74098
2.96362
4.44549
8.66234
9.20888
4.13385
6.53116
59.718
5.35301
6.51784
5.72458
0.0503232
0
4.29398
0.354028
5.79018
1.99481
3.05039
1.75107
5.07924
2.20103
0.518789
16.4147
4.24541
2.89213
3.92146
8.3322
1.67642
2.96645
1.15856
1.58776
2.77443
1.37864
7.83167
1.97475
2.17035
1.919
0
4.69673
4.51
0
0.00386534
0.0625818
3.35467
0.000227973
0
6.30746
7.05051e-08
1.71473
3.60472
2.45066
2.24839e-05
1.93641
0.0274694
3.77671
0.000109728
1.66724
0.0694071
0
0
0
10.7404
62.8834
0.000892709
0.00556505
0
0
0.62926
0.0867773
0.728176
0.0654619
2.11439
0.388507
3.15867
6.41291
1.91761
4.42627
0.993197
0
10.8604
1.74019
1.74725
0
9.46096
0.526779
0.00262319
0.124395
0.27443
0
0
0
0
0
0
6.00536
0.00909835
0
9.00728
8.94215
3.70047
4.91983
2.77154
6.07055
4.32071
7.86801
3.89664
10.5661
0.965942
0
4.10439
0.946541
4.14596
6.05975
23.1406
106.609
1.31345
21.3652
5.49263
0.516358
2.52752
0.440035
157.92
0.37442
19.8567
7.30148
0.176013
5.5793
11.5215
10.1836
0.986864
14.4805
7.1078
0.7347
1.35566
2.00486
8.16638
0.478058
12.0419
5.89491
9.44874
7.14294
5.59423
0.00203133
0.51557
2.66252
12.1452
0.444582
1.53532
1.81139
3.68643
2.42985
3.56611
1.30138
1.60025
3.53333
2.37297
1.42701
1.00567
0.997274
0.0495004
0
0.746022
0
0.0288779
1.01915
0.0108174
0
0.0561372
0.936406
0.00342404
0.109336
0
0
0.000189323
0.218266
0.614682
0
0.0758271
0.781297
0.127735
0
0
0
1.95022
0.0341754
9.44382
0
0.0298452
1.04523
0
2.5193e-06
1.01807
0.0401139
3.79356
0
0.410371
0.00135916
0.198274
0
0
1.88516
0
2.47132
1.61869
0.938897
6.74086
0
0
0.00236623
0.00818149
8.77183
0.000556577
3.83855
8.47317
1.13247
5.90418
6.71044
1.29229
7.26528
2.00876
1.73608
0.0659761
0.0109166
0.00894595
0.000433714
0.508391
4.33959
9.56528
4.09226
37.0937
60.3838
5.05587
10.3487
0
1.78358
0.0871874
8.45261e-06
1.68992
0.542875
0.909267
4.53533e-07
0
0.0144756
0.0268542
0.422038
0
0.468454
1.17426
10.42
1.36028
1.9604
0.237921
0.518427
1.08958
2.52201
0.193496
0.0187472
0.0586525
0.0326528
1.04012
0.335945
1.01189
0.896022
1.55628e-05
0
5.19954
0.0656975
0
0
0.00601715
3.29481
0.172807
0.331129
2.92513
0.231909
0
0.933012
0.00305926
0
0.636716
4.00965e-06
2.40908
3.86035
6.19097
1.19665
3.70786
2.09482
3.28663
3.68681
0
4.08029
4.63571
5.44276
18.2456
4.5044
0.0434518
4.9138
7.03871
2.23477
6.0193
4.49221
0.0960079
0.59081
1.10192
4.52547
7.34159
4.79329
1.46111
10.4788
11.8051
7.37346
6.76906
12.0875
4.78216
16.7407
12.3902
8.30929
5.83657
7.96948
4.3272
5.44154
1.21693
1.38844
1.32644
4.38625
8.54849
0.887902
2.17523
11.7245
6.54543
2.56621
5.47142
1.88154
0.484605
2.73056
3.60056
5.58403
10.3698
18.5964
1.70256
14.2859
15.321
7.31391
4.41145
3.01068
5.10936
6.7513
9.93578
5.15385
12.004
0.118406
1.60237
11.1979
7.07218
10.7938
5.14527
11.2635
9.62901
0.213597
0.542672
0
1.73294
1.59218
4.38386
2.65779
8.49518
33.5034
29.1594
3.9325
9.7045
5.9127
3.52429
3.43928
6.06994
1.15836
0.069353
8.81393e-07
1.02742
1.47406
12.8258
0.789678
1.32119
2.06078
1.61394e-06
2.74356
0.0475591
0
0.159371
0.105114
1.60697
0.168788
0
0.413458
4.41676
0.458884
0.867503
14.6193
15.9436
2.76339
2.83867
28.4162
0.000635827
24.9088
10.6325
7.53392
12.5608
0.516825
0.11959
3.6003
1.46673
0
0.00145802
0.0183845
14.5828
19.9521
0.0777028
5.32851
17.3461
3.06711
5.45373
1.98878
0.00228107
2.84938
0.773444
0.431906
0
0.00123829
7.19791
1.85707
3.05308
0.0942979
4.16114
0.0473888
0.0433275
18.3117
10.2721
0
0
3.52683
1.02614e-05
2.14586
0
1.74338
0.764947
0.466276
0
0.107781
0.0129648
1.62238
0.177667
0.129593
1.79848
6.37359
0
0.19189
1.96757
0.270855
0.000321003
2.5247
2.63736
3.72979
12.9678
8.71741
7.80055
4.22713
0.0999685
14.1347
0
3.26248
9.16491
5.07845
8.11618
6.85002
0.520584
0.329095
0
3.90416
0
0.00690878
4.60147
0.00118803
0.131249
2.3395
1.75716
5.86282
0.941613
0.525482
0.0647571
8.93663
24.6572
4.85225
8.4977
11.8722
2.45018
5.80017
0
9.82874
3.30629
0.0162876
0.445445
0.0277519
5.15302
0.21614
0.0252082
0.000198775
3.04544
0.488349
0.612567
1.8497
1.28216
9.14246e-06
5.19987e-07
1.0347
0.233575
1.27518
0.991381
0
0.000143021
7.48745
0.0161907
0
0
0.373525
0
0
0.998058
2.54857
7.76783
0.776448
0.0188893
0
5.1241
0.3862
0.00818369
0.919018
2.02697
0.772998
0.147518
0.0563031
0.009559
4.91313
0.0270495
0
0.954505
0.117604
0
1.07366
5.9596
0.203786
5.72583
18.5644
1.1865
5.38836e-06
1.00058
1.45135
0.695231
3.05895
0
0
0
0.724526
16.0756
9.18421
1.54399
8.63282
0
10.8486
4.02227
2.43192
1.82493
0.39716
0
0.429285
0
0.729561
0.097992
0.0330278
0
5.28935
8.41259
3.65851
0.000105326
1.1159
0.243941
12.4334
1.96203
12.1575
21.1381
2.15097e-05
0.864766
0.0745915
6.00396
11.6658
0.0745933
1.66071e-05
5.00878
1.28949
1.03743e-06
5.76226
0.00236408
0.0735161
1.96899
0.913344
6.78371
10.4327
4.17971
27.1616
5.46415
0.609429
1.55107
0
0
0
0
0.0167995
0
0
0
24.6611
2.55678
1.05011
0.037446
0
4.75225
4.68046
0.0110374
1.29796
1.92051
6.00786
0.610345
9.75526
1.54688
9.49868
9.1496
1.86196
1.67866
8.92215
5.78655
0
3.02825
3.06956
1.86064
0
9.47416
0.00160298
8.09723
66.8369
5.96694
9.06817
65.6965
0.575802
2.25944
0.163247
0
6.11539
10.3569
0.204595
0.444337
0
0.312789
31.3013
0.391175
0
0
0
0
0.155996
5.51408
5.85026
6.77375
0.580294
0
0
0.00548424
1.97695
2.83685
1.30328e-07
1.79935
10.699
1.54593
12.1146
5.46199e-05
6.58002
11.3938
4.09891
7.17224
7.9642e-06
1.04711
1.4124
1.38156
0
0
0
0
1.05416
0
0
0
1.07375
4.43654
0.0116082
5.41535
3.07247
3.60572
2.89437
1.9962
0.288045
1.21824
0.00733371
0.722726
0.482772
1.96591
2.75158
3.63132
2.23012
5.30739
0.927858
0
9.86497
0.00783925
1.89993
0
0.00230343
1.29437e-06
2.76528
1.51673
2.21125
11.3881
1.11579
17.6191
2.27064e-06
0
0.177575
5.59088
0.232901
5.57042e-07
0
0.0888005
0.102375
2.03361
2.18547
0.0014654
1.47041
2.63756
6.88363
1.54429
0.882413
3.44171
2.98614
10.5322
0.511651
0
1.52857
2.94711
2.90444
3.81797
6.21624e-06
0.440638
0
1.82354
2.71904
4.95959
3.60811
0.552553
1.9583
1.37725
5.45368
0
7.8591
0.349064
0.00193266
12.9085
0.000104201
0.00710873
5.47063
0.779609
0
0
2.49575
0.0167341
0.0821705
0.0416187
0.0229978
0.631848
0.0464461
0.55727
14.2315
0
10.0092
0.822253
3.54371
0.00276076
0
0
0
2.02572
0.889624
1.23636
2.40489
2.38968
4.65128
9.32097
0
12.0732
7.22941
3.33778
1.53361
2.11655
7.29006
1.68909
4.53217
7.45884
3.65805
2.95539
2.88688
4.18315
6.57111
0.875449
2.88719
3.89169e-05
4.23565
2.08779
1.25819
7.42309
1.48363
0.627121
0.705464
4.43426
1.4934
0.000101665
3.05519
0.00398825
0.000255392
0.124029
2.51308e-07
0.000103188
1.3492
2.40427
3.59327
5.17523
1.43072
0.699415
1.25935e-05
4.38241
5.94049
0.00203165
10.4019
3.14279
4.32367
0
0.13534
0.992813
1.22419
1.79406
9.17643
4.01058
0
0
7.0592
0
6.65297e-05
3.24129
1.0406
2.32147
0.553988
1.75374
5.66901
0.310007
1.42547
0.260728
2.45451
0
0.146517
2.20002
0.070641
1.35274
3.62682
1.35345
45.055
6.57652
1.83381
0
1.6766
1.031
2.88881e-07
3.20715
1.70151
0.0785194
3.53122
4.35956
7.91243
2.23613
2.43273e-07
0.00467133
2.0545
0.00433754
0.24897
0
0.175679
0
4.0691e-05
3.47294
0
4.33725
1.88062
0.920891
0.293049
0.151963
0.044126
0
10.4145
8.31964
1.26589
12.9138
6.75316
0
0
0
1.14956e-07
1.0535
2.75901
2.33209
0
0
8.54759e-07
3.37309
2.13752e-06
0
8.12544
5.48829
1.97043
2.90802
8.88929e-07
0.993658
0
9.92202
15.3827
3.87909
0
0
0
0
11.4649
0
0
11.4388
0.000513553
0.529452
0
4.26361
0.504661
0.0792601
0.373414
0
1.52702
0.453037
0.0210719
0.0578167
8.31235
0
8.71296
1.65734
0.926284
0
6.85701
7.7483
4.31547
17.4984
6.97539
0.815891
8.05659
1.30222
1.17772e-06
0
0
2.09775
7.07351
1.89382
2.52887
0.335696
1.65394
0
9.14977
30.566
4.80456
3.51205
1.39905
3.71508
4.56596
7.68946
11.7482
12.3194
0.49716
3.99467
6.16584
18.8237
0.0223925
0
18.4319
4.95769
2.45505
0.645917
3.38268
4.67814e-05
7.79964
7.15974
6.45484
1.01358e-07
0.0619309
2.18791
3.69255
5.29445
10.794
2.56526
10.418
8.3677
10.7115
0
0
0.557968
17.8063
23.7866
8.86104
10.4215
11.3289
12.6933
13.9688
50.9477
47.074
66.1628
55.4096
10.4344
5.35213
8.11181
0.87158
0
0.144778
0
1.20263
0.268284
0.264667
0.151708
7.39846
0.000180163
6.20078e-06
5.04883
5.82049
0.61815
1.26016
4.46391
0.986095
1.59133
0.0450074
1.69044
1.13013
5.40501
5.13775
0.0389889
5.91224
5.68063
6.34721
12.8585
11.2318
10.6876
0
0.607595
0
7.60843
0.378076
0.994117
0.759129
8.85355
0.393922
0.680706
1.45416e-06
0
0
24.3947
0
17.366
0
42.8104
8.35639
0
0
0.221549
14.366
14.3433
4.87091
5.26143
0
0
6.82276
19.3928
0
0
8.96581
9.59539
9.78524
0
8.26409
9.01344
0.20987
5.72356
0
0
4.56986
0.832383
0
0
0
0
6.67272
0
3.47238
0.985276
3.86996
4.54889
2.92889
0.918364
4.61324
0
7.24079
0
10.7758
5.9572
0.0316312
4.39586
0.835422
6.11281
1.65268e-08
1.11491
0.0178865
11.1253
2.62276
0.179086
6.49762
0
5.76405
11.7029
9.58508
0.662565
4.7616
0.248187
19.3056
8.03602
0.68114
0.00807314
0
8.18368
0
9.36466
0
0
0
0
5.4257
0.0231433
0.123737
0.240118
8.28955
0
5.89987
14.8476
0.194115
2.10658
0.408121
6.63683
1.10328
6.56801
0
0
0
0
0
0
3.37398e-05
0.848539
0.853683
3.95017
1.46926
6.57411
2.6348
2.65866
9.36513
4.84644
0.00271588
20.8175
8.40127
4.37147
6.93807
21.4528
10.5393
39.4335
0
3.7175
14.9577
11.6735
10.3738
5.84945
3.3273
11.0519
5.49559
0
8.38843
0.0105543
0.0174731
11.1315
0.00104509
0.42033
0.000267057
0.804548
0
0
0
0.436366
0.943773
0.660401
9.72875e-06
0
0
0.0145502
0
0
0
2.84799e-07
0
8.78369
2.70766
10.8949
6.90209
0.778975
0.0143749
8.11797
40.1239
0
0
7.91788
0.989532
4.14596
8.02667
0.193158
0.990903
1.08846e-08
0.00023034
7.22456
11.3804
0.592929
2.25273
0.943361
0.966372
0.140747
0
11.2056
5.54765
0.49339
0.0370705
0.0967834
0.553412
0
0
4.26974
0.0113198
0
0.765935
11.1794
16.5773
0.733326
0
28.6415
1.05666
6.70685
11.9406
1.67157
6.99284
0.556758
0.700682
1.65577e-07
0.342713
2.52177
1.48548
10.1766
0
1.56293
0
0
0
0.630958
0.0235213
0.866473
0.440119
0.00655911
7.21272
21.418
3.62207
9.89772
0.0984159
3.27221
0.00500748
0.0083664
0.670113
0
0
0
8.34523
11.2929
14.2595
17.4207
6.5299
3.33684
0
1.44771
8.58802
0
0.915635
0
1.25013
0
0.679897
0.100196
0.831363
1.40878
0.0340126
0.000892949
0.175122
0.253483
0.824338
2.75048
2.48138
0.000329085
0.158099
9.49076e-08
0
0.880023
4.15732
7.12107e-05
0
3.23766
2.16313
2.68432
0.107349
0.00247573
0.00162291
0.00423328
0.027429
0
2.91236
0.0592802
12.2681
0.362775
0.882211
22.7674
11.6376
0.30766
0.927506
7.7247
19.7724
4.62424
5.47734
0.344141
3.01291
1.06489e-06
1.59088
0.844603
1.19267
1.72855
3.75527
0.419128
5.17364
0.0748592
2.04239
0.741957
0.99678
2.01546
0.92383
0.00014225
0.00011659
0.0517577
0.0850949
0
6.60909e-07
2.74949
0
16.0464
0
0.000651416
0.00369813
0.441035
0.544033
3.9309
0.642933
1.6404
9.94244
6.58589
0.00476116
3.81322
0.364751
4.37328e-06
0.0316024
10.416
6.97766
1.92054
11.9906
0.123301
0
10.1588
6.11133
1.69068
0
5.71831
0
0
1.24701
0.91898
0
0.71558
0
3.10015
0.690003
1.74075
0
73.4176
0.422954
0
0
1.83033
0.000782567
2.69058
31.5762
0
4.63059
27.1461
0.548978
0
173.527
0.0212874
0.0434347
0.716899
0
0.000690178
0
0
0.0280099
6.29726
0.10992
0.807024
0
0.000696374
0.0129474
2.6862
0.00644999
4.92342e-05
0
0.00246872
0.608936
0.0136758
0
7.01546
0
1.69152
0
4.84661e-06
6.8952
0.00453282
0
0.344621
0.670564
0.00130692
0
9.80625
1.4829
2.1589
28.0861
7.89714
2.79274
0.966759
0.0340773
0
1.59208
0
0.779882
0
0.0891099
0.000197826
10.3769
10.1897
0.130929
0.452939
0.00105069
0
0
0
5.64064
0
0
0.391234
0
0.300583
1.40269
0.503757
0
0.000525138
0
0
0.919922
2.64174e-05
0.000143516
6.81165e-06
3.08218e-06
0
0
0.00255782
0
0
0
0
3.04729
1.33857e-07
0.000778953
5.12771
0
0
3.93551
0.430848
3.40254
0
0.023625
0.542574
1.51948e-05
0.0372611
5.13533e-07
0
0
0.00927981
0.000595433
0.150877
0.0397146
0.878259
0.000237398
4.3521e-06
18.6703
9.27135e-06
0
9.64081
0
0.00544487
0.0170484
5.24668e-07
4.02673
0
1.4e-05
0.441346
0.00459962
0
0.23126
2.61694
0
0.948053
1.82004
0.632478
0.624386
0
2.34786
0
0
0
0.000837394
1.14763
10.0124
0
0.954123
0.00117122
0.0123702
0
0.0181517
0
0.759098
0
4.2299
0
3.47311
0.0568784
1.62001
17.9991
0.0195617
3.72754
0.262968
2.41456
0.478454
0.591186
0.196784
2.69894e-06
13.4737
0.00673382
0.000197615
0.978974
0
2.20838e-06
2.96687
2.71836
4.53976e-08
0
4.66475
1.02299
2.47068
1.26573
1.99623
11.0469
4.45243
9.81518
0
1.77357
5.15295
0
3.67105
6.22582
9.57698
6.31855
4.31158
1.82572
6.83382
3.6274
8.8118
3.01385
6.3229
0.678802
0.358276
0.142188
1.16287
0.438187
0
0
0.0227461
0.000181935
1.6913
2.88388
0.125197
0.0980282
0.206514
4.49091e-06
0.00130027
0.00335518
0.0504764
0.123922
8.28864e-06
0.00435283
0.534536
0
0.313262
2.03842
3.7854
0
7.00133e-08
1.67658
2.25984
1.36428
2.01486
4.7576e-05
5.75051e-07
11.2257
0
0
0
0
0.0447545
0.410656
0
0
0
0
0.578594
0.00036175
0.571885
0
0
0
0
0
0.00743133
0.241361
0.0188554
0.0504092
1.30545e-06
0
0
1.65401
0
0.322551
0
0.0241357
0.0114437
0.00059523
0.488447
14.4845
0.00234253
0.668307
0
0
0
5.58204
0
0.00288767
0
0
0.0378043
6.01953
0.901377
0.00992919
0
0.147657
0.00186618
2.58834
0.425036
1.74405
9.45988e-07
0.0113682
0
1.59301
2.80773
3.60151e-05
6.43466
5.61301
2.84318
1.11581
0.253766
3.41136
1.93953
10.8192
8.70696
3.1626
3.89062
0
0
13.3601
5.56631
17.631
9.91292
4.73196
6.70404
1.6382
3.61575
9.96475
15.5267
4.43426
8.78062
27.3058
11.1095
9.70657
5.71122
1.69576e-07
6.98896
0
6.64426
14.4041
8.95907
14.2912
10.2854
18.7331
9.74858
4.28152
1.48395
10.3894
9.66162
5.53714
6.59737
8.6125
13.041
9.06669
3.7498
10.7855
8.64432
5.06423
4.79059
0
11.5881
10.8309
3.60629
3.66185e-08
10.3404
6.54291
0.921615
1.77667
0.883005
0
1.83924
0.0813868
1.97126
1.08957
3.74587
1.24498
0.704824
0.839503
0.757135
1.75474
2.58706
2.31918
0.933701
0.0603338
1.16478
5.06447
0
0.0302595
0.0326354
1.98019
0.11196
0
0.000560301
0
0.184525
0.7868
3.77465
1.79935
0.289643
0.0759542
0.617646
6.79076
1.07029
10.5454
6.70896
1.2445
15.8473
2.35434
1.55698
3.0501
6.89717
8.90583
8.52377
10.3674
2.82415
0
8.63113
4.07319
4.75207
0
11.6475
0
3.0933
1.19594
0.00168252
2.17156
5.43459
10.1287
6.46418e-07
10.4893
0
0
3.42648
4.42713
0.0694451
0
1.51202
2.85944
0.407981
1.95045
1.55085
0
1.94284
4.55308
0.0396781
0.806451
0.000603716
0.0195085
0
0
0
0.303566
5.55889
0
0
0.458236
0
4.52009
5.311
0
0
4.29001
3.89858
0
3.32457
0
0.741038
5.94155e-07
0
1.11002
2.25486
1.22361e-06
13.9276
1.18862
6.0441
0
0
0.593303
0
0
10.8866
0.0700074
0
0
4.26499
8.87692e-06
1.77502
7.94355
8.80835
8.26323
5.1933
3.02973
0.157366
5.25691
7.91106
0.905986
0.328005
11.6166
0.0179165
0
7.00646
1.54105
3.55165
0
13.4557
1.11974
0.671482
2.11678
4.90563
4.57778
2.06375
0.170801
2.0349
11.628
4.21134
2.43341
11.0077
0.709439
0.00350599
0
0.0686828
0.0907789
0.185066
1.335
4.73174
12.0323
15.3852
0.0187226
4.98864
5.34158
1.11447
5.51941
1.1928
2.58393
5.7498
5.0282
6.16325
61.6239
26.1854
0.264722
10.8703
34.8087
0.812245
0
0
0
0
3.51097
0.99697
2.69359e-08
1.1765
6.25948
4.48287
0.532682
23.3364
0
0.361049
0.00824256
0.116516
0
0
0
0
1.88403
0
1.58499
6.77125
0.00026578
8.82521
1.33268
1.29873
0
0
4.6928
1.31605
0.00118346
1.02784
2.33819
1.07537
0
3.34403
7.07533
0
1.82125
3.58387
0
0
0.000479467
5.18266e-05
0
0
19.9015
0
12.0543
6.62226
7.59905
0
0
0
0.952455
0.00271365
2.61032
1.86726
7.90203
0
11.2958
3.46523
9.59881
0.597583
3.54004
0.647611
3.84432
0.800025
0.0049088
1.50908
1.1849e-06
0
6.46525
0
0
0.0329682
0.85709
0.00107793
0.829108
0
0
0
0.568087
1.04893
0.0371059
0.000102877
0
5.35953
0
0
0
0.00888557
0.00279098
3.68134
0.0312827
0.00466176
0.524005
0
0
0
4.19054e-06
0
3.77259
2.06881
2.84481
0.553502
8.4685
2.95741
5.73226
1.6023
4.38034
13.4716
15.7201
1.3298
28.6145
8.02975
24.503
4.39238
4.41808
17.0739
15.9454
12.8283
18.9335
8.27055
8.63595
9.14462
5.94561
8.13066
2.05556
9.26348
12.678
15.1808
8.28899
5.34298
4.99538
2.07588
2.18238
5.93573
2.68601
2.90392
0.0523542
12.269
1.52047
0.00132332
0
0
0.000633302
12.0351
13.5608
0.867883
0.0381512
0.508863
0.950436
0.00184364
0.995362
4.90671
0
9.65751
0.872471
0.495892
0
0.734549
5.29422
1.8055e-08
2.9806
2.69122
1.87504
3.26414
0.92681
1.60668
0
4.33889
8.79609
4.73697
5.57256
1.18189
3.81389
1.10553
1.76787
0.12791
1.31946
8.877
3.21252
1.45654
0.0253475
2.87699
0.404052
4.14232
6.10075
13.6381
7.38305
3.40376
5.00015
28.9967
22.3073
23.245
20.4292
9.20243
8.4334
4.16661
2.71039
4.26524
4.91318
4.58446
0
0.00118848
0.0867671
0.163425
0.886201
6.97932
7.67975
7.36033
7.01454
6.71126
4.85651
4.70409
6.54686
1.48609
4.99
8.20611
4.35574
1.65417
0.547587
2.79411
23.9055
2.88897
9.27745
5.37926
3.71533
10.6909
3.86155
0.000551936
0.99005
0
4.04251
0.517669
9.89411
3.13938
5.894
1.58198
1.6034
6.44643
9.26676
6.16401
7.06308
2.158
0.839897
0
0
0
0.900415
1.37028
1.84878
2.26206
0
7.63566
9.54675
3.89848
1.64352
1.70367
7.17739
6.38357
17.8428
0
0
0.000456185
5.60542
2.38782
2.75726
0.288904
2.74381
0.23382
4.28504
0.104006
2.75311
0
3.0575
14.5067
0.923151
8.99885
8.2438
13.4222
7.90521
4.09204
0.0258437
10.056
3.22536
8.78234
0.987411
3.20343
9.16471
6.3769
6.49047
9.72855
6.69562
3.61805
13.296
6.83862
4.95091
9.94535
10.7131
8.60991
3.10948
5.62429
2.35133
1.97604
2.00731
10.6111
4.34484
3.48938
3.52912
6.54775
6.68268
5.34534
3.07911
0
3.49925
0
0.990062
2.86611
7.83243
3.98163
6.38185
2.78573
5.7518
6.67066
8.81166
10.3256
5.08302
5.56179
4.37324
11.7055
5.26056
3.42842
5.41523
2.38315
5.87745
6.35722
7.29366
2.84803
0.347842
3.17261
2.25489
4.44419
1.05779
3.84938
0.0393211
0
0.0382247
1.53926
3.4779
1.02696
7.43578e-09
1.59225
1.69112
0.905998
8.90634
1.59564
2.99922
6.42081
8.5593
3.4471
2.73372
2.22891
4.10827
28.3905
0
0.904085
0.524946
4.50015
1.34878
0.200568
1.58176
0.125765
6.29037e-05
0.00213587
1.51384
1.05151
1.22823
7.92235
2.35469
2.02246
0.0182987
1.74161e-05
0
0
0.594089
2.14307
1.83317
2.03311
0
0
0
0
0.00179857
3.61729
2.19113
1.06774
5.23962
1.25812
6.11832
0
0
5.6085e-07
0
8.92658e-07
0
3.17474
0.886477
1.8495
0.0108496
1.63594
0
6.96126
0.026871
0.508369
10.3296
0.955736
8.80917
1.49426
11.7581
0
9.46901
0.00249439
1.73274
0.278535
0.0959947
2.43836
7.88638
0.155644
0
11.1029
0.00113841
0
0.560162
0.000705622
0.627909
0
1.01286
0
1.81157
1.34514
0.523317
0
2.41718
0.965596
0.359079
4.22344
11.1298
0.905592
1.99134
0.266167
1.22411
7.31862
4.13493
0.409695
0
0
0
3.6278
2.65647
0
2.81524
0
0
0
0
0
0
0
0
0.426866
0
0.153808
0.00016325
0.186306
0
0
0
0.0197777
0
0
0.0381506
0
0
0
0
0
0
0.00568052
8.57399
6.2934
12.4463
5.79604
6.54284
0.879262
2.04372
6.49488e-07
0
0
0.913949
2.81987
0.48579
1.73137
0
2.7998e-06
12.9301
29.8207
16.4952
14.2277
2.57784
2.50012
6.75145
6.92284
1.43168
3.73216
1.58401
0.409204
8.3824
4.70541
2.32107
9.20096
3.03653
2.83041
1.39208
1.72033
4.54066
0.123428
1.37543
0.0035223
2.37399
4.2578
0.000840461
0.0238886
1.82107
0.6704
0
2.29919
0
0.0404269
0
0
0
18.0175
0
3.54577
1.77255
7.65829
0.502086
1.17519
7.81182
3.41356
2.03987
0.6629
0
4.28341
3.60204
6.36516
5.98406
25.4116
14.0932
14.9958
0.0485651
49.397
0.786879
8.55606
17.3922
23.1367
3.11636
0.0402198
8.00679
17.5786
5.63116
4.97394
11.0041
6.97029
30.384
10.072
5.00566
1.90089
5.51511
4.17005
0
4.6027
3.31088
1.05857
0.521588
5.48081
0.00716227
1.67837
0.00368387
0.00335705
0.432521
0.00416144
4.2733
0
5.91603
12.0444
10.1401
4.74144
3.72532
2.96022
0.512569
0.226033
0
0
0.657118
4.07565
9.4968
3.29633
3.70675
3.65534
4.76989
4.66589
10.2474
15.0542
0.715981
9.7817
0
0
0
13.3885
5.11731e-07
2.32896
15.129
1.09237
0.0874898
0.0671635
2.09339e-05
0.318236
0.88489
2.9256
0.511358
0
2.01622e-08
0.895312
3.90953
0.27218
2.50578
4.84302
1.93367
0.95884
2.05158
0
4.52832
3.52702e-09
3.16721
3.0038e-06
0
1.95457
0.114511
1.9813
0
0
0
0
0
0
4.02307e-05
0.00578995
0
0
0
0.0433099
0
0
0.841053
4.84896
0.158772
1.80344
0.00051567
1.31663
10.1374
0
0.00722115
0
0.00227891
7.64029
0
9.21548
5.43427
11.0395
5.81527
12.037
2.79372
9.924
1.26359
10.6022
5.05188
0.576948
3.8985
13.3471
0.913809
0.0154639
6.13288
0
4.81217
4.12913
7.75033
2.51231
4.31385
3.78882
0.754406
28.4823
10.67
8.73968
9.78064
0
13.4759
1.27701
19.4742
1.61538
0.274259
8.36755
7.99808
1.79444
1.10456
0
0.114271
0
0.0151136
0.0898421
2.07015
0.0080373
7.69814
4.06327
8.49183
5.73172
7.41922
4.98286
12.4874
0.267879
16.0054
7.44908
27.3926
17.7887
6.8734
2.07378
12.4314
0.4158
4.85033
4.88198
8.99324
5.06702
4.71118
5.50575
3.22483
2.57686
1.39286
5.37298
1.01796
5.10702
6.99415
6.00105
5.96679
6.72216
3.22587
8.26808
8.71816
1.27551e-05
5.17124
4.09493
0.959816
1.97928
8.08994
0.796717
7.16492
12.5594
4.06543
0
0
15.6395
7.06941
8.48281
9.71691
5.83243
11.6891
5.56587
0.282091
12.8297
16.0798
6.40187
0.0140113
10.3604
5.60545
8.83216
10.1913
15.2996
6.38337
8.76752
5.24909
21.0528
24.7657
0.156394
16.3882
15.5813
9.64145
0.134344
4.15894
12.528
35.9527
9.38665
0
9.11447
13.7642
6.42155
0
2.02194
5.85727
1.58783
8.18192
4.04878
14.3116
8.79563
3.63294e-05
0
5.66474e-06
0.64456
24.729
0
3.30139
9.85247
9.04925
11.8142
14.7727
1.57562
15.9674
0
13.5379
15.9773
16.5168
19.2189
3.16556
20.5626
23.585
5.28601
20.8317
21.4517
2.9242
17.403
0
9.34658
2.2783
3.70513
0
5.05433
1.64104
4.3256
6.65289
4.50835
7.64038
4.59421
0
12.4165
12.2667
5.3364
3.00243
4.27354
7.47401e-07
6.54949
5.64911
0.875174
4.8256
2.84859
8.58869e-07
0.998814
2.41592e-06
9.17792
0.680498
5.09797
0.553441
6.84844
3.61371
0.643432
0.114289
8.80076
0
0.439106
1.32459
3.37528
0.0392888
6.0574
6.99874
2.36377
5.85114
4.27092
5.17287
8.39661
6.48178
5.46489
7.01445
4.52939
8.9541
3.52949
4.52777
2.5997
3.7753
12.8475
0
2.39065
4.42179
45.8768
0.983256
0.36381
33.4001
1.83021
2.9174
4.32455
9.29446
12.4641
7.61709
5.54119
13.3597
18.8601
3.42128
4.82445
4.99968
9.27321
20.2556
5.17059
1.5686e-06
6.07511
4.18196
2.48528
18.1958
1.36205
0.725389
10.2374
1.33809
7.02001
2.60891
0.00100604
4.3934
0.0988725
6.65533
3.61293
6.58014
0
0.708134
1.37838
5.29592
4.71862
8.36367
2.11707
3.03434
0.789818
2.73234
5.63966
2.3326
1.50299
5.98803
0.120109
11.9761
4.38481
18.0909
5.96056
0.00125932
10.8738
2.26201
0.229949
3.58529
3.97344
19.3779
0
2.5398
0
1.102
1.45021
0.00971702
0.33765
0.729105
1.24682
10.4145
2.83525
3.65699
1.17046
4.89139
3.01602
1.39039
4.15176
1.64787e-07
0.976806
3.63633e-08
0
0
7.22063
0.151192
2.16214
15.0576
15.5009
4.73552
5.20617
0.0492108
0.241614
1.00263
2.766
2.65328
1.09149e-05
4.53387
9.39674
9.885e-07
4.07483
0.0220942
1.5568
4.29245
1.2235e-06
1.75159
0.794593
0.385903
12.048
3.58041e-06
1.16817e-06
8.63303e-07
0.906122
0.998976
7.58804
12.2101
3.96093
0
0.496626
5.64044
5.70754
3.47234
2.37645
3.42706
0.791862
3.70532
2.76934
10.9087
3.29486
0
4.88011
7.61543
5.18113
4.64071
0.00104859
3.46519
6.35583
10.1687
1.88547
2.48604
0.333605
136.095
0.452739
10.5502
1.82551
117.837
2.26515
6.24444
2.27973
2.72152
4.79751
6.87273
1.12078
15.6499
2.17212
3.05873
2.21032
5.01152
4.83933
1.89879
3.24398
1.05551
0.000247115
0.000978563
4.44413
1.9141
0.161844
0.921911
0.0296153
0.00870899
3.11056
0.00118725
0.00183391
0
0.0243138
0.07218
0
0
3.38479
0.000565048
1.68836
2.08521
0.000255195
0
2.48356
0.698396
3.07361
0
0.196308
0.05581
0.342521
0.000584027
0.0090537
0.00866772
0
0.294545
17.7795
3.33624
0.590543
0.992069
0
0.290241
0
0
2.90078e-06
3.38401
1.57936
10.3373
0.058108
1.73086
0.847159
6.561
0.101107
4.5281
2.50583
2.73863
0.0663755
11.9536
2.1573
0.00507718
0.0806688
3.01605
3.55505
0.000481053
0.135703
13.0087
5.89491
9.30756
5.19713
4.83293
0.00166141
2.374
0
0.131924
6.76945
6.14397
2.46765
3.75643
2.17675
3.24296
8.99482
0
1.99774
3.21776
4.98991
10.3686
5.22155
6.01482
6.67434
2.05741
0.225774
3.12026
3.87808
14.7837
10.3307
10.2619
21.0974
0.300125
3.19704
21.1173
0.0562708
0
0
0.179962
0.980789
2.37034
0.0216909
0.0199098
7.92511
8.76211
0.346843
1.79424
10.9403
1.76048
2.6293
0.80519
0.131379
0
0.0594016
0.0023985
1.02687
3.46043
2.65495
7.61555
5.1959
5.89472
13.9181
0.0053232
5.90098e-05
1.30726
14.9394
5.88629
0.323772
0.0577166
1.28912
5.57472
1.04249
0.18066
6.39243
0.452221
4.82416
0.212377
9.67325
6.63869
1.81479
0.15971
1.68609
3.42184
0.0830552
0.0113968
4.4773e-05
0
0
2.70598e-05
6.68223
0.999478
2.8784
0
0
0
2.89007
0
3.89893
2.3717
0
10.6237
0.596766
0.0675998
0.310849
1.8102
4.0786e-06
2.46544
1.07086e-05
6.41051e-07
0
0
9.11903e-07
0.00816933
1.90117
0.000539248
0.250765
1.53783
1.19524
0.00706138
0.0667496
3.13794e-05
5.1411
0.0793634
1.42189
14.8734
0.820855
0.159304
2.64566
2.92699
2.98223
6.77985
6.85985
0.139812
0.81667
3.94697
0.0636104
5.22398
12.5608
1.9098
0.704695
2.93681
3.30507
0.272149
1.19369
4.86191
0
0
0.00444967
0.805046
2.3832e-07
0.0515485
0.0747029
0
0
0
0
0.0988776
0
0.034697
0
0.422997
0
9.88204
0.91324
1.44353
5.00195
51.2011
13.7168
14.8404
0.494803
1.89071
5.08796
3.72421
1.88308
10.0201
20.3286
0.443911
0.26105
10.9041
0.0191884
35.8293
11.6931
3.08697
14.0381
5.66314
1.97047
8.41087
0
1.46911
0
5.42932
2.33915
0
11.0728
8.07665
0.0202661
11.0437
4.08996
3.92812
7.87422
0
4.46572
4.77815
7.8909
4.9018
1.8721
28.7904
1.60298
2.63242
4.99178
1.48918
1.9958
0
4.76551
0.953851
0.807235
0.855111
0.79588
0.725729
0.145013
1.40293
0.122046
0.684114
0.0331645
1.50008
0.0918077
0.880103
2.42258
1.97859
1.30779
0.00743539
0
0
0.71272
2.08065
1.87365
1.52712
0
0
0
0
0
1.61293
0.897892
4.01948
5.86226
0.0293422
8.64506
1.52248
2.1467
3.28182
1.62235
0
0
0
6.36019
0
0.340452
5.90381
4.80978
0.00315893
0.209668
8.14876
7.21655
5.43258
0.924702
2.68009
25.6029
0.222956
12.1398
8.9445
0.00111202
2.75442e-06
12.8722
0.00119926
1.12186
1.09289
0
0.258008
0.0132935
3.46103
0
2.73308e-06
0
0
5.00614
0
0
0
0
8.01369
9.40277
9.31064
14.0202
1.80868
18.183
9.44509
0.386863
14.5828
4.1179
6.93127
2.29623
0
0
3.00011
2.10402
0.413438
0
2.54966e-05
1.07477
0.451234
15.1997
0.00168493
0.91236
11.9119
0.00333767
0
0
0
5.94047
7.90049
0
0.700035
0.12617
0
0
0
1.99699
0
0.169503
6.93433
0
0
0.0435934
0
0
0.022476
8.94708
11.8185
0.0260743
0
0.00134453
0.00352557
8.18662
0.510905
0.30783
0
2.37931
0
0
2.17918e-06
0.0418729
0.00498316
1.7248
0.00926838
0.00442222
0.453551
0
2.56117
0
0
8.18235
0.0540432
0.28578
0.411259
0.23526
0.0315695
0
0
0
0
0
0
3.28701e-06
0
9.88782
0
0.0297845
0.0142581
0
0.310738
0.19856
7.01923
0
0.0171182
0
0.00103201
1.5163
1.03363
0.0339681
0.982258
0.617219
0
0.190909
7.28206
1.21698
0.774301
0.066573
0.805704
0.27451
5.26776
0.91757
0
3.58803e-06
0.80406
0.000133756
0
0.818064
0.119946
0.06154
0.0562662
0.209049
1.18045
1.90379
0.130497
4.99708
0.782493
0.397804
0.290544
0.832383
1.01938
6.45609
0.0661339
0.0108363
1.63584
5.54489
0
0.267846
0.000124853
0.0406173
6.30934
1.67115
0
0.874708
0
1.82634e-05
0.54386
4.06628
0
1.74248
4.11769
0
0
0.738507
0.00921584
4.29084e-07
0
0
0.935444
0
0.0771233
1.78146
1.69435
0.111643
6.96729
1.2975
0.446306
0
0.832156
0
1.06329
6.43485
1.53631
0.920912
0
0.244968
2.21094
12.311
7.00835
0.300515
0.980394
11.7346
1.49096
9.03195
0.0206608
0.00408738
8.46891
0.978963
12.7826
3.40985
0
7.21574
0
1.82969e-05
0.727944
0
10.0333
0.0209218
0.0562098
6.72477
8.82556
0.431295
3.84904
4.15501
3.32575
3.75956
0.015154
14.0161
9.11444
0.144444
0.0048236
11.8041
6.14859
1.55878
0.344735
20.9543
5.39722
9.30778
3.13579
16.9747
2.60208
9.9407
3.84439
1.40924
11.7144
0
6.76438
11.3108
3.6344
4.33501
0.0608671
0.0821481
1.49212
0.793987
2.7738
0.0509946
0.36062
2.36432
0
0.393952
2.65433
0.817549
0
0.0208957
0.00130401
0.117798
0.812105
1.35022e-07
1.62691
8.99922
0.198064
0
3.22544e-08
7.26249
0
0.0794389
6.02305
4.03657
1.196
2.88215
21.8657
0.23368
0.511517
0.00116055
0
47.9299
0
0.845203
13.4858
0.304326
0
21.3081
0.481739
0.135992
0.0336077
0.0836026
20.3286
5.08375
0
6.27623
1.07057
0.0255325
16.2024
7.99845
3.34162
4.88552
0.968572
5.52868
2.30918
2.06649
1.07452
1.08646
2.97343
0.0893043
0.00394433
0.53029
48.8104
0.880802
15.626
7.89613
0.42442
10.3557
3.93792
10.6798
1.88716
0.0502034
0.00624976
0.00120584
0.0523171
0.00639742
0.90687
0.962857
0.031445
0.016036
0.681655
0.889881
0
9.5061
5.42539
0.000848651
16.6458
2.97446
5.83772
1.794
4.75032
2.28874
0.0274735
10.4341
4.61589
3.41383
1.20447
3.50442
16.585
7.71247
3.31758
0.92996
2.168
8.11342
6.23457
6.46475
1.54017
7.51402
7.79487
1.39969
0
0
0.54932
0.193342
0.937401
0
0.0577068
9.31554
0
0.00200531
2.81449
5.59246
7.50982
4.38265
2.74234
2.27456
0.0444618
0
0.00271205
3.32286e-05
9.34887e-08
4.39476
0
0
4.10423e-06
8.8998
5.75047
7.29268
2.42817
1.28723
0.471262
0.589239
0
1.48805
0.00901823
0.246378
0.634119
0.411173
2.39176
0.282952
1.32277e-06
1.84083
0
0
2.05349
1.08377
0.242765
2.80826e-05
8.66366
4.06254
2.27345
0.290639
0.0903572
0.000407507
1.02041
2.48186
0.0181069
0.215102
0
17.5417
4.5291
0.0551583
5.40568
0.361533
10.4639
0.00348534
5.73254e-07
19.4791
