0.724525
1.37119
0.731729
0.879809
0.950347
3.13339
0
0.149672
0
3.92245e-06
1.53226
1.46438e-07
0
0.357361
0.951577
0
0.194863
1.4275
1.00563
0.81854
1.38683
0
0
0
0.517696
0.926534
0.204882
0.670095
3.4259
4.00755e-08
0.220919
0
0.0510972
0.00422557
0.00493363
0
1.33336
0.0467299
1.73795
2.54154
3.07336
7.95362
0.993586
4.60424
0.650115
1.06806
0.597035
0
0
0
0.00704607
0.000200314
0.259861
0.664056
0.0652228
0
3.16647
1.5162
0
0.767774
0.773624
0
1.28048
0.198476
3.14832
0
0.808776
0.655963
1.26228
2.828e-08
2.20101
0
0
0
0
0
0.00455307
0.9361
0
0.00012865
0.241193
0.55669
0
0
4.16035
0.927886
2.11153
0.143359
0.665898
0.416467
2.26728
3.59164
0.344275
1.87757
8.30407
0.0966297
0.576535
0.599452
0.0267972
0
1.23511
0.76119
0.0974987
2.33239
1.90684
0.186218
2.17368
0.270204
3.19129e-05
2.02143
0.285611
1.74643
0.966542
0.639573
0.0163048
0.972611
0.518194
0.278658
2.05663
1.96507
1.09866
0.989687
0.247812
0.748229
0
0.502707
1.54263
0
0
0
0.0217407
0
0
2.07817
6.81164e-07
0.711504
0.212149
0.945801
0.931409
0.00161188
0
1.57301
1.10646e-07
0.0609247
0.862304
0
0
0
2.87272
21.9111
0.00393313
0
0
0.013914
1.65313
0
0.122889
0.0850114
0.118255
0.058564
1.23325
1.62356
2.07825
0.117125
0
0
2.157
0.000897745
0.283377
1.04087
2.11764
1.67806
0.325289
0
0.296525
0
0
0
0
0
0
0.599793
0
0
1.13644
0.177134
0.755566
0.106353
2.28642
6.99625
3.51316
3.42825
2.57678
2.9959
0.155945
0
1.28441
0.619238
3.21036
0.270667
11.2563
34.3397
1.85762
4.62864
2.35043
0.713175
2.71875
0.732364
38.5891
0.353413
7.2171
5.80604
0.0194777
6.34396
8.96309
2.82825
0.49314
4.52302
2.86566
0.0302934
0.000121417
0
2.62968
0.000155721
3.32977
1.26586
3.46824
5.45249
4.41215
1.81152e-07
0
1.41614
2.98933
0.763146
1.82403
0.963071
1.17059
0.973259
0.882159
0.701566
0.308926
2.22907
0.144283
0.263152
0.00439341
0.30394
0
0.183756
0.0513038
1.64705
0
0
0.432896
1.00027
0
0
0
0
0
0
0
0.000606303
0
0
0
0
4.4513e-07
0.000210368
0
0
1.70699
1.60463e-05
1.25357
0.0247946
0.177031
1.89766e-05
0
0
0.633487
0
4.31907
0
0
0
0
0
0
0
0.904093
1.33829
3.50525e-06
0
2.62445
0
0.0143896
0.00165158
0
4.40164
0.369765
2.2431
2.15279
1.24441
2.51255
1.4495
0.814648
6.26669
3.14909
0.291339
0.000399806
0.106191
0
0.00118641
0.113466
0.0506711
1.20156
1.34719
7.68228
6.46443
0.873063
3.29609
0
0.525249
0.0133153
1.95971e-07
1.51562
1.5712
0.0753806
1.1118e-06
0
1.23644e-06
4.56213e-07
0.249701
1.18841e-08
0.0269156
0.0447499
2.77924
0.979697
1.00288
0.205818
0
1.36776
0.229455
0.649932
0
0
0.00933852
0.881868
0.0588523
0.143291
0.089045
0
0.0953757
0.958186
0.00741044
0
0
0.00013386
0.0751678
5.12056e-07
2.50705e-05
0.153329
0.106504
0
0.140398
0
0
0
0
0.659835
0.455919
1.03506
5.59223e-06
0.0193983
0.916309
0.0807937
4.58729e-06
0
0.0603832
0.432658
0.843138
2.43539
0.948567
0.000478304
0.318384
2.0956
0.783516
0.902787
2.79533
0.135114
0.936853
0.741516
1.02745
0.715719
3.25027
0.237312
4.2661
0.81793
2.19141
2.25511
2.5718
0.0198417
2.77949
3.90144
4.66009
1.13994
1.99136
0.659253
2.4138
0.382028
0.54291
2.22106
1.15333
5.56259
1.05364
0.0440122
0.185079
4.22012
4.38501
2.14104
0.802297
0.129572
0.556379
0.137164
1.65169
1.83726
1.50576
3.70926
0.928828
0.889945
1.93287
0.785707
0.718563
2.287
6.3423
0.935799
0.155874
1.59327
0.0212258
0.328685
3.08265
0.0130794
0.905774
0.0381557
4.90465
4.68537
0
0.200348
0.00149657
0.336175
0.0017213
0.495443
1.17087
1.67946
3.09138
5.99701
0.566482
4.97083
0.633995
1.74722
2.18934
0.386022
0
0
0
0.0115282
0.681277
1.34527
0.305165
0.941706
0.883321
0.0521409
0
0
0
0.263021
0.450803
0.773572
0.938333
0.168703
0.201939
3.43909
0.475938
0.55908
8.23339
2.55922
1.87957
1.68743
4.79317
0.000333411
2.79503
1.84674
3.48255
2.09319
0
0.00756834
1.23031
1.03803
0
0.715222
1.83428e-06
3.85546
3.40888
0.136632
0.364722
1.62447
2.29211
1.83291
0.149267
0
0.0283016
0.00678553
1.46555
0
3.60091e-05
1.00329
1.21389
2.1607
0.150438
1.82505
0.0100857
5.09361e-05
1.55186
0.98175
0
0
1.7326
0
1.83587
0
0.176493
0.00619531
0.486845
0
0.642665
2.25027e-06
0.036776
0
0
0.950944
1.67692
0.692377
1.13182
0.766975
1.30419
9.37832e-05
0.423903
1.61332
1.70219
0.73617
2.28647
4.05248
2.8156
0
3.25986
2.82913e-05
1.48322
1.35297
2.40464
1.36853
2.67861
0.338167
1.16686
0
4.79875
0
0
1.00335
0
2.50964e-05
1.09396
0.516404
2.15928
0.057231
0.265438
0
0.966179
3.28382
1.54827
3.13968
0.929825
1.21273
0.305251
0.00200673
1.96634
1.61504
0.00105681
3.48768
0.973848
1.24902
0
0.00146052
2.8378e-08
0.850686
0
0.0326096
0.0032503
0.900512
3.53432e-07
5.87499e-06
0.967203
0.0745335
0.722598
0.954804
4.08762e-05
0.000133279
1.87471
0
0
0
0.149826
0
0.0160425
1.58222
0.195273
2.16319
0.0233145
0
0
0.124343
0
0.0784942
0.000124884
0.561241
0.70079
0.707648
0
0.0363168
0.687156
3.90338e-06
0
0.417189
8.51004e-06
3.68662e-06
0.977916
2.02264
1.86548e-05
1.6838
4.65499
0.929089
8.39949e-07
1.8041
0
1.6912
1.12066
0
0
0
0.0115591
3.80084
2.39481
0.000611677
1.77666
0.322501
2.84487
1.39318
2.66415
0.151545
0.00397104
0
0.000199648
0
0
0
0.752409
0
3.09892
1.75362
2.98772
1.1407
0.104294
0
3.56556
1.22642
3.587
11.8506
0.00283249
0.00253127
0
4.89905
4.24765
0.339134
0
2.1215
1.41416
2.17767e-06
1.42001
0.000984705
0.0793214
0.0438508
1.87332
2.427
1.40328
0.410715
4.9878
2.84812
0.0093125
0.0707064
0
3.866e-05
0.000493084
8.92155e-05
0
4.68003e-06
0
0
2.50875
0.00204122
0.0155666
0
0
1.45346
0.541974
0.0127465
0.501253
2.24861
2.0104
0.409641
0.403505
1.52688
1.6068
0.860167
0.986893
1.38126
0.820783
0.123147
0
0.0044278
0.910528
0.0612029
0
1.08141
0
1.00005
12.3488
1.47636
3.35891
12.2407
0.358647
0.00396976
0.754377
0
3.47098
1.5186
0.119107
0
0.110785
0
9.06838
0
0
0
0
0
0.0291316
0.0616423
2.14311
0.196402
0.834889
0
0
0.540869
3.35639
1.42876
0
0.610386
2.87938
0.00049394
2.99219
0
1.51265
3.49859
0.133039
1.83918
0.0035229
1.04378
0
6.08229e-08
0
0
0
0
0.657832
0
0
0
0.0122984
1.42878
0.00365193
5.33197
0.390745
1.02617
4.01686
0.166761
0.4411
0.0633297
0
0.075425
0.0186617
2.66062
0.748965
3.37532
0.456371
1.32428
0.224995
0
2.62478
0
0.899359
0
0.00672176
2.03311e-08
0.640569
1.30002
1.098
3.93068
0.259371
5.54492
0
0
0.914388
0
0.000185784
0
0
0
0
0.352383
1.9316
0.896024
0.214479
0.195936
4.80146
0.825539
0
1.30769
0.157021
0.565017
0
0.0334625
0.00068843
3.39686
2.76838
0.910681
5.63124e-06
1.75441e-07
0.0034783
1.24786
0.00529598
3.44122
2.57062
0
0.805534
1.40385
1.89857
0
1.70266
0
0
0.744613
1.9312e-05
0
4.18819
0
0
0
0.0543111
0
0
2.64465e-05
0.207151
0.191578
0.47453
0.513975
4.3644
0
4.91942
0
0.232516
0
0
0
0.000117737
0.983121
0.00344468
2.26233
0.964747
1.82301
1.04874
0.145727
0.00259531
2.54684
2.07546
3.03485
0.991994
0.0267569
1.92873
0.071172
0.681379
1.32808
0.535217
1.82572
0.513812
3.61126
3.3262
2.39814
2.37944
0
0.946868
1.04811
0.581636
2.41854
0
0.324928
0.650437
0.526995
1.65484
2.94438e-06
1.71815
0
0.00135522
0
3.22143e-08
0
2.50405
0.139575
2.12788
2.22177
0.152803
0
6.86807e-07
1.05934
2.28821
0
2.23176
0.920673
0.755477
0
0
0
3.39269
0.0085181
2.02252
1.71894
0
0
1.60787
0
0
1.61199
1.66812
1.22429
0.000970341
0.101515
0.923431
0.802912
1.74835
0
2.46127
0
0
0.0724349
0
0.00260364
0.189872
2.6604
5.72975
1.29752
3.47178
0.571573
0.142574
0
0
1.54969
0.0461852
0.0343705
0.0342712
1.06484
1.96391
4.94993
0
0.000407544
0.744896
0.0145312
0.0110763
0.0055226
0.852205
0
0.981805
0.824434
0.0204443
2.25926
1.67053
0
0
0.0208994
0
0
2.3306
2.09674
0
4.44597
4.07344
0
0.00070008
0.477911
0.000396633
0.261713
0.0515118
0.295
0.041779
0
1.80437e-05
2.2449
0
0
0.555975
0.806731
0.0370947
0.641846
0.00337752
0
0.002573
4.76538
3.85471
0.479559
0
0
0.190451
0
1.4031
0
0
3.32992
0
2.91565e-06
0.000202874
0.919166
0.0720361
3.99149e-06
0
0
0.0173943
0
0
0.259716
1.61079
0
3.08045
1.58145
1.87163
0
0.816658
2.08943
1.11596
2.89874
0.674874
1.00323
2.57602
0.166758
2.31838e-05
0
0.107748
0.99923
0.973686
0.554632
0.73083
8.78081e-05
0
0.0157027
2.20143
3.00134
3.32104
8.00429
0
4.11504
0.42317
0.391713
5.42533
3.58106
0.00178543
0.0120588
1.19406
5.08494
0.0306149
0
10.075
2.19923
0.105671
0.388641
0.0666679
0
0.426869
2.55348
1.9533
0
0.882899
0.481689
0.00122611
1.78414
1.22389
2.34721
2.63547
3.57472
2.80399
0
0
0
0.985833
3.15317
1.89874
1.0692
2.55861
1.92979
1.27933
2.99566
4.85389
14.6002
16.5401
1.30411
1.33482
1.61887
0
0.00152299
0
0
0.281515
0
1.5374
0
2.79521
0
0.73811
1.80565
5.01301
0.290403
1.75896
0.565263
0.859609
2.23901
0.0427538
0.878008
0.882037
4.51761
0.571876
0.138467
0.248726
2.32742
0.910558
1.02142
3.22804
2.02929
0
0
0.00532437
2.07699
0.235707
0.565405
3.60367e-05
3.34983
0
0
0
0.0685079
0.000109244
3.20405
1.497e-06
1.93129
0
3.62281
1.78262
0.871921
9.60833e-08
0
0.565063
0.67117
1.45994
1.52877
0
0
2.60084
3.02845
0
0
1.68564
1.59559
2.75361
0
3.87556
0.9663
1.1017
1.76428
0.286883
0.284403
0.0586414
9.48531e-05
0
0.598513
0
0
1.67545
0
0.925863
1.45042
0.0814785
0.0911761
1.31909
0
0.896892
0
1.79252
0
0.115557
0.804757
0
1.01344
2.95678e-08
0.0368831
0.0437413
0.00125985
1.28141e-06
4.99266
2.05924
0.958088
1.04575
0
1.86778
1.808
4.28547
0.701187
0.897387
1.23858e-05
5.37621
0.207783
0.915463
0.01686
1.19786
1.51752
0.256281
0.652539
0
0.00381465
2.12951e-05
0.00254842
2.17978
0.0756581
0.0050173
0.0784054
1.18556
0
1.56645
3.29495
3.27862e-08
0.528357
0.00181964
0.142073
0.256479
1.08161
0.00214265
0
0.644544
0
0
0
0
0.461568
1.56215
1.36311
0.0998531
0.98152
2.21122
2.64333
2.04843
4.15847
2.56297e-06
4.82213
1.67121
2.25835
3.24907
4.00423
2.16519
6.45476
4.49064e-05
4.84467
3.35928
1.65326
2.20671
4.3722
0
2.72593
2.51094
0
2.86285
0.000161318
0
4.70857
0
0.00679151
0
0.0231449
0
0
0
0.000431006
0.787378
0
2.24702e-05
0
0
0
0
0
4.47602e-07
0.00212497
0.172087
1.65194
0
4.20267
1.68884
0
6.50629e-07
1.23956
2.67507
1.19638e-08
9.26738e-05
1.1778
0.149382
1.86864
2.62801
1.71739e-06
6.80929e-05
0
0
0.875534
0.418356
0
0
0
0
0.691239
0.818425
4.81586
1.64198
0
0
0
4.91641e-06
0
0.00468246
2.88765
0
0.000399646
0.102866
3.44891
6.20604
0.226263
0
4.35033
1.25956
0.053322
2.67817
0
0.161349
0.426726
1.01302
0
0.523768
0.704463
0.877099
0.92151
0
1.36308
0.0390206
0
0.943487
0.84827
0
0
0.617349
0
0.236818
3.93039
0.104978
3.13038
0
1.56696
4.02078e-06
0.0605968
0
0
0
0
2.5242
1.42905
1.97134
5.1101
4.57987
1.59699
0.00516468
0.185427
1.02248
0
0.00785761
0
0.0540555
0
0.297412
0.832384
1.80309e-05
0.046007
0
0
0.0622739
1.75688
0.00215728
0.502997
0.919584
0.000270994
0.601931
0
0.274465
0.0516393
0.358365
0.00439008
0
0.0551288
0.122538
0.353461
0.0212649
0.0435951
0.000206114
0.40328
1.0052e-06
0
1.49988
0
3.65396
0.881916
1.09673
4.38375
3.18765
0.596905
0
2.63367
10.0443
2.50723
2.2389
0.000422863
1.26181
1.43977e-08
2.14268
0.0629492
0.0269442
0.0722349
0.0696361
1.04982
0.76497
0.156791
0.0102139
0.487743
0.80847
0.846443
0.524827
0
1.91072e-05
0
0.0204382
0.00201
3.57357e-07
2.23084
0
3.04816
0
0
0.106691
0.0791579
0.079647
0.970783
0.552967
0
4.37689
3.46816
5.34968e-05
0.870994
0.853512
0
5.03174e-07
3.43949
1.78183
1.69974
0.619051
0
0
0.320056
1.81336
0.222434
0.64566
0.738776
1.03021
4.48709e-06
0.229974
0
0
0
0
0.274018
0.179263
3.98163e-06
0
21.7039
0.237437
0
0.0584037
0.462146
0
2.84416
4.21076
0
0.00184678
5.0322
0.491826
0
34.7036
0.0337918
0.394078
0.0829793
2.75192e-05
0.00303354
0
0
0.00135867
1.34099
0.144423
0.0033426
0
0
0
6.54171
0.0596704
0
0
0
0
0.135296
0
1.19135
0
0.762189
0.750287
0.0256283
4.9346
0.0656098
0
0.0030305
1.21236
0.514756
1.69848e-07
2.7667
0.176634
0.000162017
5.10737
4.93966
0.308734
0.0264919
0.000395074
0
0.000107429
0
0
1.896e-07
0.102715
0.0137256
4.25569
0.124949
0
0
0
0.00917647
1.07553e-05
0.0103982
2.15535
0
0
0
0
0.353769
5.73903e-07
0.599978
1.14896e-06
0.104209
0
0
0.919563
0
0.114674
6.38543e-08
0.110663
0.833591
0
0
0
0
0
0
0.0510854
7.75882e-08
6.49138e-08
0.812245
0
0
0.649895
0.0494319
0.166363
0
0.136585
5.61804e-07
0
0
0
0
0
0
2.32704e-06
2.0953e-06
0.000122343
0.00249756
0
2.60243e-06
0.848836
0
0
3.08761
0
4.38235e-06
4.65068e-07
0.000396421
0
0
0
6.98651e-07
0
0
0
0.964471
0
1.28161
0.000121961
0.0147785
3.824e-07
0
0.91336
0
0
0
0.0410797
0
1.62323
0.81531
0
0
0
0.0177447
0
0
0
0.162844
1.52411
0
1.94585
0.0141829
1.88033
5.54241
0.771105
0.167136
0.580738
1.98264e-06
5.34932e-05
0
0.189985
1.2165e-06
3.16804
0
6.28764e-06
0
0
0.000608189
0.245568
1.47771
0.000196878
0
5.06627
0.015967
0.0204278
0.0101039
0.0124007
1.92801
1.68295
7.55457
0.872008
0.428735
3.07974
0
3.68893
3.84907
2.00813
0.506958
0.733596
0.24994
1.89668
2.87044
1.86137
0.998503
0.148043
1.12006
0.665053
0.898814
0.852884
2.57247e-08
0
0
0
0
1.28946
2.20417
0.767474
0
0.945894
4.1038e-07
1.62151e-05
0.342901
0.681035
1.33455
1.26084
4.55707e-08
0
0
0
0.100698
1.05581
0
0
0.653439
0.498704
0.928707
0.0917575
0.00293923
1.59831e-05
0.973943
0
0
0
0
0.943974
0
0
1.54928e-07
0.0170372
0.896825
1.39979
0.0771185
0
0
0
0
0
0
4.42453e-07
0
0.196281
0
0
0
0
0.0101953
0.441312
1.35718
0.489655
0
0
0
5.0044e-08
2.63849
0
0
0
0
0
1.18525
0
0
0
0
0
1.42824
0
1.16765e-05
0.477782
0
0
2.16077
0.298974
1.03697
0
0.0418451
0
0.197849
1.13289
0.00567258
1.98251
2.85688
3.82139
1.43233
1.79475
3.73685
1.59832
3.29723
1.90836
2.57465
1.0488
0.838933
0.569455
1.23659
2.36968
3.79465
2.27368
1.60231
0.957633
0
1.10757
3.94284
4.5112
1.86774
1.38727
2.16225
1.82914
2.05667
5.24076
0
2.59756
0
2.88684
3.29461
1.55217
2.48047
1.55537
2.82316
2.3229
1.64909
0.235167
5.38021
3.97043
3.56233
3.77163
4.85958
4.2544
4.66901
2.62673
4.33329
2.96425
0.455794
1.95408
8.58169e-08
6.24199
2.36033
2.19078
0
1.62577
0.375473
0.701133
0.182126
0.96775
0
1.00454
0
0
2.76757
1.71597
0.32514
0.219626
0.00169366
0
0
0
1.73734
0
0
0
1.55803
0
0
0.013547
0
1.51678
0
0
0
0.0662513
0
1.00004
0.613127
0
0.0543316
0.166093
2.49053
0.356378
1.48282
2.33332
0.413121
2.9973
2.46832
0.00422741
1.65912
5.1763
1.83066
0.678479
5.94536
3.96422
0
1.32919
1.92187
2.27506
0
1.10244
0
1.10293
1.73651
0
0.669518
2.65453
4.99283
1.72473e-07
1.88114
0
0
1.48391
0.909427
0.0799838
0.000163795
1.34507
0.606328
0.0593884
1.28882
0.18054
5.16352e-08
0
1.21849
0.0638554
0
0
2.54753e-05
0
5.29675e-05
0.00160428
0
6.89732
0
0
0.191671
0
1.46571
0.587578
0
0
3.50526
7.0188
0.977866
0.152649
0.0700717
0.659431
0
0
0.637298
1.00749
0.00690357
1.50975
0.0323335
2.57198
0
0
0
0
0.00595689
3.31146
0
0.9554
0
1.92895
4.2978e-09
0.178555
0.439793
0.725879
0.828572
2.30958
3.70734
0
0.264786
1.96564
0.489284
0.00315675
1.71584
6.81319e-06
0
0
0
1.60751
0
3.27787
0.405002
0.321716
0.607423
3.75743
0.898341
0.0163409
0.000387021
0.458058
1.74639
0.689254
1.78501
1.0596
0.0926959
1.42096e-06
0
0
0
0
2.14068
1.90257
5.2264
1.61666
0.0482652
1.47889
4.75834
0.335096
0.495394
2.2704
1.77424
0.226192
1.12632
0.105853
12.6314
2.40373
0.060523
2.315
4.14291
0
0
0.52642
0.00677405
0
0.0286728
1.63007e-08
0
8.6871e-07
1.14168
1.98514
0
2.92003
0
0
0.889896
0.0554007
0.0208789
0.452431
0.42284
0.369453
1.22183
0
0.00599524
2.51679
1.67457e-05
1.72554
1.76824
0.0698838
0.978216
0
0.118083
0.429561
0
3.34639
0.224335
0
0
0.4606
4.01359
0
0.0821254
1.22448
0
0
0
0
0
0
2.28847
0
0.922699
0.417627
2.91635
0
0
0
0
4.00902e-06
1.05746
1.01997
6.4226
0
2.41461
1.32823
4.64854
2.38011e-06
0.711323
0.152623
2.74034
0
0.179213
0.899689
0.000155687
2.87897e-07
0.630509
0
0
0
0
0
0.0309089
0.0299551
5.72369e-08
0
0
0
1.97223e-05
0
0
3.02538
0
0
0.000847956
1.69186e-06
0
0.963061
0.74076
1.37071e-06
0.167806
0
0
8.54252e-08
0
0
1.58537
0.660519
1.28161
0.233549
2.56325
0.140421
1.72191
0.644872
1.88734
7.44003
3.35993
0.0214293
3.96473
3.13615
1.57156
1.07561
0.330319
2.56371
4.46894
6.75696
3.02655
3.69212
3.24247
1.7814
1.55397
2.17343
3.63769
0.724619
2.09913
7.00911
6.00034
5.66183
1.11342
0.436187
1.88414
2.61838
1.78958
0.850851
0
2.09046
0.0228238
0
0
0
0
2.22924
1.19337
0
0.989654
0.107936
0.275254
0
0
0.476323
0.0100677
2.90898
1.22912
0
0
0.565985
2.81319
0.0994371
1.01827
0.106414
0.295893
0.78288
0.502599
0.301709
0
1.84463
2.05105
0.475115
0.591183
0.745637
1.35712
1.52934
0.944528
0.0270156
2.58585
7.82945
1.7813
0.0521525
0.269538
0.195566
0.346989
1.11445
1.12606
3.40974
3.4637
0.529442
1.52132
3.45388
4.08846
2.66023
6.65047
1.91497
2.36382
0.391484
1.37519
0.414432
0.97677
1.01067
0
0
0
3.24712e-05
0.270337
5.62416
1.49671
1.44133
2.55964
3.60484
1.2319
0.899598
0.0210115
0.775003
1.06467
2.60568
0.346772
0.00359758
0.624786
0.437824
3.7598
0.159198
4.42327
0.810498
0.0939835
0.707915
0.825506
1.17833
0.0221574
0.725822
1.27087
0.743155
2.02826
1.42676
1.27473
0.286516
0.809936
1.91696
3.53652
0.466745
2.82978
3.28135
2.02578
0
0.00116947
0
0.157833
0.443107
0.963575
0.76396
0
5.61146
5.59388
0.877164
0.974923
1.35179
3.68434
2.5268
5.49998
0
0
0
3.44344
1.74718
1.91979
0.668771
3.65197
0
0.00425183
0.0327318
1.06271
0
1.49455
0.889072
0
1.23973
4.43067
5.06478
2.21623
1.23021
0.7386
4.98796
0.231435
2.56334
1.06207
0.933245
0.920715
1.47224
3.1665
2.15901
2.70495
2.53421
6.24031
2.03635
0.121691
2.97
3.41233
0.739614
4.12184
1.80853
0.420359
1.55729
0.862048
4.92496
0.783672
1.33652
2.03667
1.52627
3.54221
1.12898
0.849898
0
1.7208
0
0.000305596
2.64243
2.77196
0.961423
0.142305
0.795955
1.51589
2.58644
3.38901
1.6846
2.12077
1.02201
1.31541
5.63163
2.1869
1.42035
0.11525
0.892567
0.57338
2.12202
3.22263
1.17211
0
2.867
2.57632e-05
2.71719
0
1.88014
0
0
0.224965
1.65155
1.75645
0.918231
0
2.31474
0.0764643
0.0168042
0.905688
0.987694
2.40824
0.441579
0.392854
1.37875
2.22217
1.454
2.25987
7.12894
0.18936
1.40635
1.07015
1.04727
0.0471333
1.24239
0.104689
0.00279231
0.000202208
9.74557e-05
0.484133
0
0
1.62522
0
0.0102195
0.95414
0.00182075
0.0538633
0
0.742694
0.878095
0.179389
1.91598
0.0317087
0.820919
0.0128157
0
0.0176298
0.454163
0.891444
0.0025158
2.11597
0.0260611
1.82489
0.181491
0.645472
0.321718
0
0.0395188
0
1.24469
0
2.56817
0.19029
2.06355
1.36708
2.50094
1.3779
0.147636
1.05423
9.09189e-07
1.44665
0.556197
2.01178
0
2.21012
0
0
0.00406019
0
2.27236
0.838099
0
0.00268705
5.80915
0
0.00734076
0.141802
1.02963e-06
0.0121708
0
0.00012668
0
0.332611
0.379735
0.0345338
0.393254
0.385152
1.54177
0.298581
0.859478
2.48842
9.5911e-05
0.785808
0.176421
0.0498416
1.24545
0.266631
0.973906
0
0.000962453
0
0.210921
2.84535
0
0.0681901
0.0862192
0
0
0
0
0
0
0
0.67909
0
0.0211639
0
0.0568692
0
0
0
0.052063
0
0
0
0
0.000904559
0
0
0
0
0
1.88785
1.47247
3.57644
1.64393
4.18767
1.89448
0.643736
0
0
0.936541
0.0968629
0.819422
0.0474097
0.190575
0
1.25188e-07
3.12282
6.42293
4.33054
2.41044
0.442847
0.760156
0.891434
0.698495
0.198523
1.61185
0.247385
1.12983
2.3159
0.00434134
0.00150096
3.02091
1.25618
0.0570772
1.00566
0.0047845
0.58638
0.185707
2.8411
1.76843e-05
1.56879
2.22727
0.000839072
0.109085
1.4571
0.305486
5.59851e-05
0.0266225
0.351718
0.00195549
0.00598918
0
4.50997e-07
4.12829
9.73112e-06
0.413619
0.340319
1.92876
0.390968
0.102135
0.59664
1.51443
0.254893
0.125981
0
2.03844
2.02282
1.39284
2.57853
6.6387
2.83204
3.47676
0.497225
4.1556
0
1.11332
3.29684
2.4864
0.583189
0.11781
1.85372
1.96553
0.082244
0.100002
2.32609
0.96483
3.90823
2.70969
1.26347e-06
0.112914
1.57294
0.129819
0.000869972
0.827058
0.109818
0.0960142
0.350789
3.98658
0.000894683
0.970514
0.00231945
0.0131996
0.0891323
0.00383932
1.55078
0
1.6307
3.41143
3.4408
1.30924
1.74231
1.87627
0
0.156338
0
0
0.0322781
0
0.0741702
0.093442
1.29657
0.222537
1.52973
3.45543
3.87203
5.31651
0.961249
1.13975
0
0
0
3.97167
0
0.503445
1.67559
1.3753e-05
0
0
0
0.420202
0
0.00197674
0.152415
0
6.01088e-07
0
1.35702
1.10134
2.05174
0.319461
3.74011
0
1.24074
0
0.961949
0.42886
5.08773
0.119571
0.685775
1.05485
0
0
0.0291774
0.368743
1.2932e-05
0
0
0
2.02415e-06
0
0
0
0
0.931357
3.97549e-05
0.886599
0.554719
0.900835
0.00106627
0.56236
0.00254195
0.0958557
1.1655
0
0
0
0.0472389
2.02959
0.0221471
3.07493
1.07698
2.41359
0.178909
4.77275
2.18056
4.2463
0.0807417
2.09319
1.39451
0.0361935
0.860619
0.728816
0.00295472
0
0.738661
0
0.255946
1.47998
1.9139
1.40353
0.390887
1.81194
0.0715482
10.3462
2.98503
2.29393
2.62708
0
4.88874
0
8.90948
0.89355
0.000942329
0.432842
1.29987
0.00179343
4.29515e-06
0
0.00503614
0
1.69778e-07
0.04806
2.18718e-05
0
1.72827
0.518118
2.38678
1.00286
1.72381
3.70682
3.70295
0.0128681
2.24414
2.07262
4.57495
1.74466
3.46142
1.06419
3.18076
0
0.220272
1.9749
3.66649
0.3056
0.621188
0.662737
1.48819
1.38283
0.624141
0.661176
1.85325
4.87166
2.92541
0.321882
1.90338
4.45141
1.89486
2.09443
2.93078
0
1.64332
1.01801
0.0428786
1.9202
4.45944
0.0192506
6.4558
6.37415
1.71783
0.00350764
0
7.38652
4.74438
2.33223
1.29184
0.961487
3.19201
3.15848
0.00665462
1.79794
6.71921
4.40662
0.0579908
6.03519
4.20136
1.14177
3.28289
5.19592
1.27503
2.32645
1.62582
6.88659
5.81538
0.00154122
6.25193
5.75132
2.89361
0.251756
1.92276
7.23131
13.324
4.40182
0
5.99749
7.23136
5.13002
0
1.07189
2.74593
0.840403
4.33901
2.29538
2.01674
2.4085
0.106629
0
1.18761
1.25126
3.69975
0.00597684
2.90414
3.62141
1.79137
1.94911
2.03429
0.000189751
3.59139
0
5.51313
8.04425
3.68723
4.38066
1.39688
7.46316
1.87811
4.54024
5.76176
1.86361
1.03578
3.36312
0.783326
0.318001
1.97181
0.873662
0
1.01458
0.98339
1.36765
1.55604
1.3482
3.05244
2.04484
0.000575178
1.04505
1.39092
0.419857
0.894665
0.946564
0
0.840548
2.30985
1.01701
0.949899
2.64272
2.47025
0
0.873083
1.37169
0.0330661
1.66701
3.11408
2.53754
1.23785
0.0287285
0
3.03483
0
0.0722327
0.959241
3.69375
0
1.5041
1.15894
1.59908
0.579313
0.118597
1.99507
3.32033
1.50143
0.151738
2.25244
3.70771
2.66707
1.54318
2.68476
0.389609
0.714575
7.61232
0
2.35278
2.9502
9.88244
1.15999e-05
0.759743
4.13635
0.0122431
0.991704
0.135766
4.23763
1.66639
1.44406
4.23397
1.54881
1.68522
0.55633
2.18954
2.83131
4.43754
5.13988
0.115166
0.00956791
2.95451
0.653494
0.600466
5.84267
1.35959
0.0608298
1.96801
1.76868
4.61831
1.84178
0.0107765
1.81354
0.662334
1.63155
0.306572
0.0668236
0
0
0.632365
0.977534
2.04384
2.08381
0.904937
0.0174528
0
1.53141
2.92338
0.93445
0.00816306
0.655113
0.488339
4.26061
0.267998
5.05092
1.46838
0
2.7742
1.86663
2.07165
3.11632
1.40536
2.80788
0
0.138795
0
1.82491
0.759812
0.960015
1.04343
0.0510572
0.127349
5.24142
0.0547649
2.51919
0.92732
5.12494
2.67431
0.0315323
7.32758
0.581693
0
0
0
0
2.90158
0
0.705509
3.25656
4.43808
2.48729
0.854018
0.307489
0.0611571
0.0284391
0.666884
0.149576
0.376061
1.01582
2.87312
6.96129e-07
1.80889
9.72991e-07
3.55887
3.30535
2.10377e-07
0.376879
2.49973
0
3.92087
0
0
0
3.17284e-06
0
1.13861
1.4192
2.31214
0
0.000512125
1.87142
2.39586
2.05409
4.48919
2.14368
3.08341
2.11576
0.10275
2.14828
0.0149919
0.0277837
1.78635
0.147803
3.06766
2.73744
0
0.855244
0.786139
6.95977
0.283691
1.48278
2.64015
59.962
4.21454
2.17658
2.23515
35.7619
1.5502
0.151293
2.208
2.54876
0.409891
1.19017
0.653083
1.10209
0.0119362
0.661369
2.13852
1.1454
2.47549
2.01796
2.18867
0.190622
0.000155269
0
0.875003
3.37018
0.00760376
0
0
0.295518
2.9997
0
0
0.0658603
0.034876
0.778477
4.31018e-06
0.00315261
2.18393
2.58083e-06
0.850786
0.0756319
0
0
0.695444
0.990603
0.131051
0
0.0631811
0.0339753
0
0.295388
0
0.0842225
0
0.25379
1.56432
1.17858
0
0
0
0
0
0
0
1.86379
1.38413
4.12321
0.0914892
0.754687
0.0162395
0.933157
0.0357161
2.74317
1.8931
1.61107
2.30293
5.51672
0.528503
0.0011652
0.0143505
0.869816
0.741084
0.00306435
0.00366393
3.9533
2.47242
1.75968
0.727594
2.81842
1.49972e-06
0.0796795
0
1.63715e-06
1.33927
1.57569
2.31862
0.784596
1.61367
0.903162
5.08583
0
0.0331761
0.000501692
1.29635
1.48238
1.59804
3.27601
1.04334
0.00507615
0.942742
0.785107
0.061647
2.98395
2.06595
2.03251
1.15219
0
1.07333
1.39582
5.81093e-05
0
0
0.112738
0.00954775
0.242987
0
0.0631525
6.08804
8.40484
0.667277
0.297078
2.78658
0.434841
1.04497
0.221033
0.676453
0.0104926
0
0.22144
0.0520907
0.848785
1.40412
0.356963
0.0829449
1.75369
5.79803
0
0.0237654
0.374951
2.03613
1.066
0.28521
0.592107
0.749056
1.10175
0.669713
0.000211834
0.515774
0.0357187
0.822708
0.00114754
2.22972
1.05339
1.3692
0
0.11537
0.226317
0
2.96959e-05
0
0
0
0
6.88358
0.000385467
0.963192
0
0
7.80828e-09
2.33323
0
3.00994
0.0377613
3.56464e-05
1.96134
0.0921573
0.0295189
3.41226e-08
1.05025
6.7974e-06
0
0
0
0
0
0
0
0
1.86282e-07
0.0416534
0.652885
0.892547
0.000425889
0.823685
0
0.631982
0.183792
0.495036
1.55485
0.0156056
0.939143
0.967159
1.58194
4.46449
0.496626
3.28589
0.000622273
0.000348611
0.492198
1.03541e-06
1.32264
2.48856
1.06189
0.13934
1.73047
1.09814
0
0.879003
2.09457
0
0
0.0328465
0
0.0352739
0
3.09663e-05
0
1.47292e-05
0.103508
0.882398
1.6175
1.81638e-06
0.0870181
0.0197965
7.03027e-08
0.0112467
0.442873
0.944565
0.0923193
1.02337
5.58783
2.80754
5.37643
0.0200172
0.676634
1.04275
1.93338
0.149064
2.94871
2.28886
0
0
3.98565
7.57876e-08
2.76259
2.52746
3.68346
2.42355
2.1942
0.0424139
3.65465
0
0.779552
0
3.79067
0.778932
0
3.39242
0.309758
0
4.92055
0.753461
3.84764
2.5491
6.00938e-06
1.795
2.87639
1.44757
2.35607
0.0327203
3.56422
0.671617
1.90575
1.69366
0.0656546
1.92378
0.101458
0.265541
1.03717
2.38845
2.35244
0.108093
2.91531
1.31629
0.109654
0.000132915
0.695399
1.78042
0.86656
0.204181
0.0180317
0.130382
0
0.0139474
0.812049
0.0709224
0
0.535951
0.722635
0.0890523
1.34248
0.050826
0.398238
0.00391494
0
0.0225299
0.659738
0.00112086
0.897995
1.11686
0.00854574
2.84971
0.87546
0.113788
0.476156
0.9289
0
0.721366
0
0.478814
0
0.508225
1.02968
1.58699
0.0108993
0
3.02588
3.99241
0.105542
1.73344
2.67529
4.71631
6.8328e-09
3.35498
5.47267
0.846999
0.0273331
3.85579
0.00355411
3.90582
0.885202
0.00141179
0
4.76453e-08
1.01406
0.0488395
0
0
0
0.998003
8.625e-07
0
7.90975e-07
0.000356875
3.15786
1.51346
0.00190975
0.672102
0
4.80376
1.66334
0.488993
4.59916
1.08339
4.38211
1.45715
0
0
2.02618
0.027811
0.0137689
0
3.27413e-07
0.0991968
0.0377781
2.99063
0.000325628
0.391305
3.97897
0.00141078
0
8.63237e-06
0.00258851
0.994836
0.947863
1.53493e-07
0
0
0
0
0.750563
4.33641
0.185456
0.00633528
0.115584
0
0
2.25916e-05
0
0
0.470984
5.73521
3.53771
0.000308157
1.51216e-07
6.82945e-05
0.00379739
2.24511
0.00173139
1.13491e-06
0.156271
0.00112595
0.589546
0.0470472
0
0.00591395
4.48027e-07
0.193801
0
0.0228461
0
1.05989e-05
1.7339
0.596874
0.0191242
1.58633
0
0.263993
0.445824
0
0
0
0
0
0
0
0
0
0
2.02467
0
0.0732425
0.0345905
0
0.734733
0
0.899986
0
0
0
0.719926
0.0088582
0.00129394
3.73963e-06
0.00475343
4.95346e-06
0
0
3.33834
2.00078
0
0.0798388
1.0889e-07
0
0.84198
0
0.000108565
2.96328e-06
0.0497966
0.000105089
0
0.890755
0
9.11992e-06
0.0733126
0.183544
0.172674
3.54936
0
7.61265
0.765918
0.662184
4.76792e-06
0
1.03625
0.929858
0.000820303
0
0.0122121
2.43704
0
0.0651224
0.959619
0
5.51797
0.448871
0
0.111826
0
5.55131e-07
0.322489
1.20757
0
0.0329364
2.78352
0
0
0.563823
0.937211
0.0588316
0.00118487
0.000148406
0.114169
0
0.0142838
0.920327
0.294668
5.48501e-05
3.52181
2.64835
0
0
1.96431
0
0
3.23417
0.438933
0
0
0.00283115
2.45228
4.22268
2.05536
0
0.924299
3.44265
2.60233
2.21615
2.45857
0.0702675
3.24836
0.00334661
6.93055
2.8511e-06
0
12.4732
0
0
0
0
2.73229
0
0
2.28194
1.47015
0
0.843745
3.28424
0.417226
3.67279
6.32711e-05
3.30858
3.89705
0.0618733
0.719865
2.65112
1.13014
0.239204
1.64919
1.89338
1.23581
1.80627
1.49161
5.01328
0.926448
1.0612
0.281017
0.0012486
2.43812
0
0.842012
1.65295
1.55835
1.69585
0.0102421
0.0157044
0
0.00022015
0
3.10743e-07
0
0
0
1.49422e-06
0.154053
4.65224e-08
0.8225
0
0.82542
0.471029
0
0.00271644
0.95787
0.0230866
1.76967e-07
2.11541e-06
0.0193539
0.0143362
0
0.0653889
4.4644
0.142978
0.168934
0.027215
2.65479
0.0580435
0.141385
0
0
10.6513
3.45434e-08
0.101103
3.02315
0
4.0548e-05
11.036
0.576745
0.0127642
0
0.0127289
2.74796
1.43809
0
0.46058
0.00351363
0.536327
1.82049
2.42804
0.92901
1.48629
1.0431
1.858
0.309706
3.0306
1.3475
0.331736
1.8125
0.0325035
1.05968e-05
2.06388
4.93922
0.680025
3.68761
3.41368
0.0495692
1.22592
2.54166
1.8569
1.50617
0.00416933
0.987578
0.0509882
0
0
0
0.000717877
0.10766
0.411423
0.0308554
0
0
2.6606
4.25552
0
1.06815
0.032847
2.56731
0.0817247
0.824118
1.59605
0
0.85021
0.150715
0.072088
0.962596
1.26797
5.12381
2.02177
2.4605
1.24331
0.389826
1.48448
1.06442
2.68543
1.15519
2.27398
1.25734
1.48529
6.58342e-06
0
0.252364
0.151745
0.0931302
0
8.39637e-08
4.44929
0
0
2.06529
2.54413
4.83237
1.74022
1.02345
0.604809
0.0180379
0
0
0
0
0.00551007
0.512293
0.000229105
0
1.73012
3.47101
2.02997
0.312772
0.895514
0.0210659
0.264906
0
0.203637
0
0.0557233
0
4.17774e-07
1.10604
0.00117404
0.0330672
1.74269
0
0
1.20157
0.704282
0.00844322
0.00977386
0.390268
0.295917
1.50463
0.00903225
0.00986232
0.0805536
0.0515799
1.27915
0
0.00633973
0
4.19963
0.90097
0.0641564
1.5416
0.0182334
4.27454
0
0
2.52502
