16.9022
5.13569
4.81436
0.0306538
1.28719
23.8715
0
14.054
3.67967
19.3231
36.9231
0.474605
3.84528e-07
3.63544
25.8942
0.756441
3.30176
35.8961
28.5852
10.377
28.711
0.95311
0.0189062
0.215497
3.95128
4.45878
6.85039
5.9469
34.5334
1.44844
0.80376
12.6851
0
0.619121
0.983595
0
3.38286
10.2358
8.97974
17.9554
14.3324
35.9842
5.94384
24.3188
2.94169
7.30956
6.02654
0.345092
0
0.000505924
1.8307
0.0291464
18.7144
3.33337
5.89834
0.613673
22.189
6.2542
0.0372849
1.34939
15.6608
0.272031
16.9075
14.0211
11.4054
6.16642e-08
6.92922
6.07947
3.98795
4.76439
18.9774
0.127382
0
0.442327
3.75995
2.15434
8.51142
3.95114
0.455293
0.522216
0.0229769
1.01312
0.323218
0
41.8092
6.46978
15.3873
8.43082
11.3917
10.1075
17.6135
13.9711
1.19887
6.81319
8.06368
7.96946
10.6937
15.3257
4.23101
0.396067
7.19033
13.0158
13.1637
20.6766
12.153
2.60433
5.97028
7.33445
2.3301
13.2018
9.58979
10.0589
14.6252
12.6227
10.0748
7.54599
9.48065
4.71122
2.7024
3.11511
5.42478
2.93398
2.22617
3.11492
0
3.58515
5.16124
1.00413
0
0.0886397
7.62813
1.52215
1.07877
9.85258
0.631632
6.29711
26.7613
0.331808
0.00088986
3.23446
0.882474
0.701246
2.06306
0.115476
7.09697
0.0283461
0
0
31.1315
96.8529
2.26454
1.37663
0
1.48058
11.2026
7.32005
27.6683
26.7942
21.8508
2.88459
7.3773
21.55
5.27845
12.3591
2.54024
1.34834
6.90723
2.34026
1.63122
1.0922
6.02082
5.42039
1.74102
0.298862
2.30213
0.721587
0.045432
0.799416
0
0.0201053
0.0618522
24.4749
1.04891
0
20.7381
3.4596
32.6364
5.04567
27.9419
59.1366
36.8195
33.357
28.8316
40.4379
6.80144
0
10.9202
8.97161
13.4739
8.27752
60.6304
118.927
38.5427
75.5808
21.4925
9.44857
23.5454
2.84086
84.876
18.0962
48.6227
46.5063
3.05739
51.2755
41.6445
58.2224
2.32829
46.9747
34.815
8.82881
0.0233816
3.79183
42.4569
6.70521
28.0385
19.0607
32.1848
38.5203
38.6345
1.27285
2.56834
7.79563
28.1945
8.03753e-05
5.57135
4.01028
9.95944
2.29333
5.68679
11.1179
5.57856
2.70371
2.31864
2.6099
1.46364
1.58874
0.51602
0.120133
3.18517
0.809648
0.0135912
3.64822
0.0167109
1.56014
0.114293
1.85985
0.523638
0.918246
0.67188
0.000124702
0.00490503
0.0671993
3.72644e-06
0.00152325
0.356452
0.579519
0.00370199
0.733993
1.07325
0.00609518
6.24128
0.0318867
28.6746
0.395262
0.077182
0.845816
0.376061
0.0309649
7.23648
0.0121442
16.308
0
0
0.0170645
0.0846869
0.605375
2.10924
0
0.119236
21.7604
2.51309e-05
1.046
5.9862
0.0783687
0.834004
0.685463
1.04707
29.3369
8.59326
8.87243
17.9669
5.36129
11.261
11.0504
2.02536
28.2904
10.1467
7.31175
0.909331
1.96948
1.57753
2.94056
16.1012
9.05228
16.6997
23.9049
41.1685
17.1209
9.9774
11.411
0.805864
5.39354
3.93909
1.90047
25.8365
4.91843
3.79074
1.2277
0.940967
0.46913
1.0594
0.195428
0
3.30239
2.65072
5.00367
9.01504
6.84364
14.9063
0.857889
62.4752
3.25464
16.6517
0.50553
0.0211561
1.6455
0.0150635
1.45295
3.18936
3.39972
1.76024
0.16729
16.3373
11.5707
0.0309562
2.17018
14.2566
13.0741
0.124688
0.973462
5.65468
9.53028
0.884268
1.86815
5.28981e-07
0.383924
0.894613
0.570606
6.23792
3.22536
5.79761
0.623285
19.746
6.78398
6.63392
9.03786
3.38578e-07
16.993
31.541
35.8869
23.8854
9.36758
1.32797
18.2154
21.4883
13.0082
9.13961
16.7028
7.42483
11.6786
8.11531
8.61735
8.32148
7.43113
3.15961
22.1456
35.0834
22.3271
11.4791
35.3926
27.7418
35.6443
21.6617
26.8985
42.3549
22.2251
11.151
20.6944
7.42655
4.15797
15.0822
13.3955
8.40514
29.0794
12.3538
14.6556
113.912
26.3009
10.1166
2.10248
2.41953
5.98247
10.5706
13.2536
16.4122
34.0875
24.3913
22.0101
25.7266
22.5371
18.7195
23.9385
26.6449
34.6715
23.0938
19.8825
30.6758
0.994874
3.30408
14.8281
20.8844
9.52363
23.8763
21.2802
29.0794
1.11658
3.21781
0.00805968
7.30404
1.31616
12.3239
1.91367
41.1969
15.243
33.3543
27.8348
48.3133
21.8149
21.2924
12.2745
3.56613
4.5435
0.0178982
1.26258
3.07198
1.12222
23.6615
6.07507
1.0451
1.07977
0
3.61513
1.29565
0
0.0261884
0.907618
1.95292
7.29992
2.06797
10.6587
26.0654
8.80498
2.20148
14.3776
16.925
14.2384
13.5352
9.12601
2.70008
45.7869
30.9579
73.3439
17.8944
0.863391
2.20678
13.0843
1.8084
0.214717
0.678425
0.00452973
33.6031
73.2554
30.0136
22.473
46.9803
14.7343
13.4574
32.3939
0.0049127
23.4926
8.17799
4.8383
1.82854
4.02291
13.6788
30.038
33.8662
6.22539
27.5442
14.2205
7.07284
14.5074
7.62498
0
0
24.2091
0.8493
5.18388
0.75919
1.97125
1.25476
9.96918
1.77481
4.15842
0.0938716
5.54812
1.33453
1.72608
0.539206
27.8962
2.80905
0
9.74358
7.50699
3.90395
4.0298
11.6304
7.68488
15.1355
19.9035
38.1416
28.6954
0
42.7268
1.60018
19.5021
57.4393
37.0859
28.6024
23.9148
10.8796
3.76715
1.28573
27.2955
0.886865
0.411954
12.0529
0.662021
4.26162
9.08863
12.8444
29.281
6.76246
3.2763
3.05452
2.09635
3.27662
30.4278
63.2308
10.8845
1.29266
9.72831
3.79555
14.8433
12.0052
1.97849
7.16603
3.41866
11.283
7.97955
3.23101
3.16608
12.2789
0.983022
13.7727
14.3096
58.5044
2.51936
1.00827
45.1093
22.4149
19.7787
15.482
2.008
6.04789
21.2606
0.022767
0.493867
2.43022
1.82047
1.85134
0.0159511
33.209
24.3635
5.83914
0
0.723571
1.58881
14.3434
0.0404686
1.19372
1.48262
2.68522
4.63371
1.87021
1.80274
2.54917
5.09526
0.184599
0.199144
0.721792
0.688423
0.000613549
2.08268
15.7046
0.616887
29.5261
9.8232
4.84089
0.580941
7.84841
2.9996
13.3231
19.2641
0.0160338
9.71334e-05
0
0.793093
16.6854
66.9126
2.66027
18.3889
0.988626
19.4907
46.7998
18.7145
23.1933
0.0693408
0.4151
1.07229
0
0
0.0347646
2.35485
0.767048
16.3486
15.4658
22.1507
8.40554
25.6647
2.18772
8.23902
14.0104
11.703
37.4955
0.0690415
4.59474
0.126989
20.7431
21.516
4.99882
0
22.5338
15.54
0.979725
9.88771
0.534879
2.9922
4.136
11.6244
15.1708
16.8489
6.84642
17.1716
24.2105
3.52599
7.13773
0.20441
0.00331821
0.000350404
0.0251064
0
0.0477211
0.0477677
2.54049
27.8054
5.55201
5.24356
2.46127
0
12.597
6.39148
4.74265
5.24974
7.8668
11.6769
4.67931
9.4852
8.02191
13.3722
30.8005
24.1832
25.2986
39.0682
47.8849
0
4.82278
54.9767
5.33722
0
7.76322
0.581156
26.3787
95.2774
12.4414
23.8863
26.8114
16.0073
7.89072
1.13893
0
19.8092
34.5761
0.262165
1.00828e-06
1.38579
0.0334257
45.4156
0.00935402
0
0.000190291
0
1.41095e-06
0.730094
5.78848
15.5298
19.7977
7.06217
0
0
4.27729
11.0169
11.5732
0.485614
2.12214
26.8464
1.41744
33.7805
0.753575
17.1116
38.1658
11.5493
36.6634
2.16715
3.25451
9.21505
0.0224212
0
0.00355489
0.00345006
0
1.40766
0.00478924
1.66674e-05
0
17.4928
30.3749
2.43475
49.4939
10.2354
3.47295
15.5084
5.26618
4.40888
3.97189
0.0231773
21.6116
2.66068
12.7579
3.11654
22.3656
7.29747
34.2617
0.938626
0
13.2342
7.05048e-07
16.1614
0.373453
0.310563
0.327228
14.3142
24.0701
11.013
11.3986
9.51351
29.1139
1.91171
0.178352
1.31054
9.90882
1.09196
1.79617
1.67631
0.0191049
4.2636e-05
1.86465
16.2545
2.24888
0.52317
4.55413
17.7186
6.67257
4.393
11.6034
5.7762
47.1661
0.0039715
0.392896
10.131
32.4866
8.98213
7.52544
0.899669
0.0281166
0
10.4182
22.2671
12.1323
19.4534
0
17.3424
18.553
11.0647
9.93431e-05
24.8363
3.13248
0.300394
14.7729
0.00546885
0.00496669
23.881
0.0721245
1.86521e-07
1.04487
4.79978
0.0201469
0.00692317
3.65983
12.9586
4.79243
0
0.000979071
35.5795
0
43.2599
0.555892
10.4156
0
0.863904
0.015757
1.49704
9.64556
0.0904973
1.52185
13.4754
9.08523
13.0719
12.447
5.5175e-05
36.0848
30.2965
3.87877
7.30081
1.86884
28.0905
1.72156
10.1217
36.8455
17.9788
14.6691
7.90459
31.3164
8.10211
11.9826
21.6221
0.67146
13.3771
4.25676
0.627971
10.6468
3.06631
9.81541
4.43136
7.02291
9.14751
0.0723968
15.2278
1.85978
0.41894
1.30532
0.331776
1.15906
21.5126
3.22061
11.7382
12.1244
0.91692
1.36339
2.68665
12.1566
19.7978
0
20.9846
10.2698
9.72917
0.0412714
2.90269
1.01938
22.6711
1.35016
31.0163
19.7463
0
0
18.5001
0
0
38.1951
16.3933
13.3328
0.947882
18.0984
42.8448
1.66662
2.45557
7.22543
22.3577
0.501297
0.0102482
19.1425
0.743305
0.000570753
1.75435
5.34026
9.42427
32.6535
21.6832
0.00452693
0.929499
1.10258
6.35817e-07
29.5014
11.291
4.45435
9.48112
10.52
27.67
28.6557
2.94988e-07
0.0783649
3.4722
0.612589
2.01574
0.0895373
6.24374
1.50253e-07
1.329e-06
34.4554
0.00236728
27.1946
9.97961
2.91492
0.00383703
0.172995
4.63432e-07
0.841839
6.19226
58.393
5.53879
45.3704
28.7213
6.99161e-05
0.092124
0
0.720606
9.91247
6.77696
8.67221
4.396e-05
0
3.76827
3.56714
0
0
12.0903
1.01317
2.04129
16.8172
1.65482
1.50606
0.179655
26.6473
28.9213
7.07434
0.792152
1.879
0.904549
1.33723
17.6321
2.74336
0.885232
16.1458
3.58446
2.70204
0.00326954
25.3029
17.2632
0.136734
11.6941
0.00274064
11.2687
0.000124636
0.000325997
0.975971
37.9666
0
47.2482
0.899761
4.50127
0
23.1383
18.4838
11.1843
19.7999
9.2377
6.5423
77.1901
10.1494
0.916994
0
2.17596e-07
19.3394
24.5256
9.95186
10.4706
0.692196
0.99615
0.939577
21.4345
44.234
27.1589
22.3276
2.89595
60.5906
14.9319
7.2627
30.6119
35.1132
7.38816
12.9946
21.2342
13.899
0.387117
0
15.8704
25.1606
1.24071
3.3541
5.17314
0
19.3518
9.03898
8.24204
1.37027
9.27975
10.8958
6.83836
17.1582
32.4117
10.564
28.7604
16.3054
10.4781
0.076312
3.7943e-05
0.992335
13.5818
17.341
18.0909
24.4887
34.5444
26.7815
23.1907
38.0383
49.8568
64.7213
82.4039
41.5542
14.741
22.7358
1.75921
1.09065
1.01102
0.732275
1.75411
4.9397
0.0799115
0.625024
17.0588
0.46676
1.6881
8.81569
12.7165
10.44
28.8623
6.81028
31.2055
17.9233
3.16755
4.47259
5.70517
27.3556
30.606
0
11.2305
9.27968
23.1834
23.4129
32.8685
34.5629
1.00308
0
1.58967
26.0508
10.17
6.3825
2.04212
9.10129
0.00726304
0.21407
4.68735e-06
0.88471
0.19149
21.416
0.606184
11.1233
1.3701e-07
18.604
31.5752
1.02523
0.791894
0
20.7631
28.3943
28.4863
18.8327
1.35824
2.57149e-06
28.349
30.2696
7.18392
0.0821748
20.0473
28.0898
23.3525
0.000200728
14.986
27.2267
2.44462
15.036
0.000140391
1.64624e-07
29.4118
0
2.99028e-08
1.97765
0
0
22.4383
0
4.89118
18.3687
6.3719
10.4898
9.58677
4.12277
15.6302
0.011452
29.5746
0.760882
11.1411
9.62628
0
8.33928
14.552
8.52812
1.65072
3.25623
0.571015
30.1171
24.7248
11.988
27.2893
0
11.737
24.8762
31.4579
0.331854
9.68246
7.58391
46.7096
11.1135
1.17248
1.85254
1.36588
12.4206
0.100938
8.25166
0
0.264074
0.578894
1.09876
13.1892
0.953822
1.11629
0.762951
12.5172
0
11
17.3995
0.170418
8.82161
1.78537
15.3398
12.2952
17.6275
0
0
0
0
0
0
0
0
26.6637
8.33294
6.0166
13.9142
9.07292
0.286467
10.7046
5.70149
0.214592
21.6394
11.5716
10.3013
25.715
40.684
25.1615
23.4516
0.576286
12.3091
35.8702
44.3018
30.1358
41.06
3.94754
39.071
16.5453
5.6911e-09
17.5579
0.128847
2.20171
32.6565
0
0.520753
0.0206988
0.580266
0.550141
0.246715
0.963112
0.114331
26.8829
4.03077
0.933269
0.0428727
0.0260634
0.00746262
7.49024e-06
0.000514404
0.0596988
1.23217
0.00195793
5.76093
4.90601
82.5936
27.9794
3.93587
1.96084
17.542
34.2827
0.172616
0.743402
27.9792
1.66002
10.7381
35.0426
0.0390631
0.313771
0.00290924
0.453568
10.7195
27.6942
3.53619
0.143034
1.535
0
2.61557
0.674487
17.6285
12.1907
0
8.03886
5.23656
5.54897
0.367133
0.0111491
14.9681
0.000135681
0.0311046
0.833229
20.1048
78.7491
7.24378
7.06022
31.0774
3.10115
23.7113
29.1162
5.44258
14.3784
1.5378
1.26384
0.275158
4.04849
5.64814
5.65484
15.0749
0.186967
2.30633
0.252769
0.189601
0.920398
4.05449
0.254923
0
2.02589
0
8.29401
24.0215
1.07145
28.7226
0.167092
9.85632
2.98976
0.357118
4.40558
1.67093e-07
0.109155
1.21823
13.3928
11.1152
10.7307
43.3913
16.7254
21.9024
0.0209587
18.3353
38.4601
0
7.97812
0
2.02458
0
4.02891
19.7408
5.67421
2.78335
0.109077
4.85798
5.0074
11.3119
5.73846
8.12001
8.03155
0.0549406
1.02542
0.00540769
0.646776
5.64844
9.20165
0.0151735
0
6.8893
3.47039
17.8256
2.81244
5.15
0.091035
11.1402
2.14465
0.412821
46.1059
0.0413741
25.4481
1.88326
5.31395
35.4873
32.3422
2.82959
1.03392
35.878
42.3832
2.69807
16.6577
3.62677
33.3956
8.10264
8.90538
0.0398492
9.07295
8.40436
13.9024
17.2224
8.31618
13.6093
9.23476
10.2908
8.29718
31.7671
5.18532
0.000606791
5.09409e-05
0.599532
0.0972523
1.68438
0.958998
5.02597
0.957225
37.0799
0.966494
2.50563
3.80458
4.81022
1.62622
9.30775
1.42647
1.27374
21.27
18.0955
12.5378
31.3728
10.0048
1.4365
0.950727
32.1831
23.8883
30.9374
14.3944
0
0.00612049
10.3974
19.1638
0.64315
0.0573514
10.438
0.935483
2.79983
1.55408
2.21742
0
1.12033
0.00743459
8.17742
2.28391
11.6528
8.03186e-09
98.6415
5.62473
0.146705
2.00659
7.33216
0.590621
6.98135
9.92142
0.00325907
11.725
39.6172
7.40114
0
74.0051
2.97096
0.0543956
10.4198
0.189823
0.192566
0.0582624
2.20967e-05
2.3133
6.33067
0.135619
13.1356
1.7297e-06
0.158462
1.51867
10.3295
0.224695
1.74554
1.33977e-05
0.734435
3.01799
1.69806
0
38.0274
0
46.3446
0.640761
2.44554
11.5788
1.48939
4.15326e-05
5.62359
5.33313
6.21658e-05
4.55409e-05
30.2537
11.5183
2.30577
9.6597
10.0506
6.63501
0.103892
3.12429
1.52464
1.22938
0
1.99461
1.4978
0.228465
2.93976
38.0894
8.87908
5.47802
5.85167
3.90353
1.79373e-07
0
1.06348
9.61794
0.876379
0.57299
2.38268
2.53634
1.25327
0.831281
1.42412
1.51625
0.755981
0.0229257
0
0.904549
3.7069
0
3.26187e-05
3.70211e-09
1.70329e-05
0.000129885
0.00410454
0
0.0711573
0.0155716
0.0205313
21.2533
4.27671e-08
3.75494
5.76677
0.0290131
0.0576069
30.1454
0.637072
16.1594
2.56187
3.68996
1.83834
0.30128
1.90273
2.27787
0.0649044
0.245061
1.00127
2.97073
0.128301
2.91874
19.9518
0.000214395
2.20584
15.5268
0.66672
0.134657
24.9242
1.00136
0.964291
1.78999
0.247634
6.42053
0.00710112
1.35282
1.60054
2.46179
0
4.55761
6.28844
0.0729409
0.769468
4.63503
3.07845
0.00495769
0.170626
0.579479
0.993689
0.266302
0
11.7961
2.30304
19.504
0.0500964
0.615185
2.5673e-06
0.0341027
0.0120137
0.0194452
0
0
0
30.0693
0.0012724
17.1297
29.1437
19.253
61.968
0.185423
27.9207
9.65789
25.0123
4.96177
0
5.64051
1.33977
25.9532
1.66296
3.67475
1.70346
0.00575859
1.18193
46.0794
12.2219
0.0155518
0.56049
15.6046
1.91945
4.86696
9.5862
4.93084
21.4804
10.3933
39.5226
0.246099
3.6478
18.0437
0
25.5412
26.9135
38.2955
53.1902
9.53552
11.6616
23.505
19.8748
41.5108
54.3301
48.5905
7.46412
9.35979
0.90876
10.4195
16.0329
0
0
0
0
8.76379
10.8292
8.99406
0
4.12278
0.0232757
0.140831
2.65063
4.81711
0.392256
5.49854
1.85115
10.9778
5.58472
6.77957
3.0593
3.72131
0.820197
2.35081
2.7909
9.97239
3.85136
2.10393
0.00539441
0
7.17819
0.0457069
0.756819
0
0
0.942424
0.129429
0.400746
1.80063
0.123941
0
1.89567
0.162523
3.09304
0.967722
0.956928
0.0646657
0
0.479462
0.00582771
0.279747
0.0855086
0.893785
1.5672
1.63797
2.06267
2.31988
0
2.00241
0
0
0
0
0
9.61054
0
16.1111
0.0157133
0.308913
0
20.0655
4.67624e-05
0.00925196
1.66462e-05
0
0
14.3809
0
0.00741877
2.38402
0
0
7.59891
0.343012
12.8613
0.0251998
3.88487
0
13.5861
18.3235
1.05557
25.379
22.3333
14.2305
16.6795
32.1292
44.3856
60.9243
47.4036
34.1087
38.0572
26.2191
1.83709
0.935484
27.4504
20.9768
19.6843
23.4823
15.6221
17.1054
4.38634
27.9086
21.8772
40.213
5.58177
19.907
36.5977
28.2369
24.9864
19.7716
0
29.2852
0
23.8017
46.2469
62.4293
46.4163
7.36011
15.5145
30.2879
22.4532
1.68672
30.7858
13.538
13.9896
17.2502
38.1588
39.1438
34.9545
24.285
16.0946
21.9635
7.6924
26.8961
0.129329
8.76681
7.40558
11.0937
0
8.25994
11.4724
1.70491
0.130799
2.11874
0
1.21082
1.58001
11.9439
1.94655
14.1713
0.0579636
0.321241
2.42458
1.04156
1.4068
0.129609
24.4555
3.75977e-05
0
1.29398
11.6331
0
1.4921
0.142781
0.657251
1.7472
0
4.61714e-08
0.0196734
3.9374
0.213545
7.82962
5.01858
2.88044
1.66744
1.10633
6.8481
6.52256
14.2609
38.6108
17.2096
30.4276
23.0924
18.7865
45.5661
19.681
51.1558
10.7359
26.3026
18.8918
0
17.6636
13.3297
22.2982
0
33.7216
0
2.93996
3.70442
2.18067
12.5262
6.42856
15.5514
2.39198
21.584
0
0
6.82592
7.72654
2.43903
2.88424e-06
6.28344
0.0116282
1.20275
4.82969
2.23493
0
2.64444
11.7186
0.234587
0.00355416
0.0472106
0.00259568
0
0.000124301
0.0363499
0.0253494
34.2482
0
4.06866e-05
0.76492
0.034688
43.1523
4.3988
2.12123
0.0751379
24.8317
14.3557
0.0150659
8.99489
0.0131221
2.95781
0.542546
0.863879
1.76228
2.08374
0.941285
17.7013
3.49192
29.4757
1.08194
1.72578
0.137218
1.91091
0.0170027
22.7687
0.345093
1.42667
6.44894
13.1116
1.89739
10.082
9.49542
32.1099
25.1457
14.4933
19.6406
3.67568
5.30192
9.27643
4.93539
2.33518
39.7865
3.95102
0.0602153
7.13063
0.757768
6.32132
0.350157
20.7766
4.27438
4.65588
9.20821
40.1141
11.4616
5.36542
2.54542
10.5157
17.1521
7.84222
7.54699
24.2027
2.37514
0
0.000143601
0.344537
1.12347
0.143582
5.89035
18.066
46.806
36.404
0.161765
30.1621
25.9162
3.42091
36.0631
13.923
152.129
8.75072
4.24863
4.18914
79.4026
49.2944
14.4502
26.687
10.7021
1.36569
0.322164
0.0714197
0.00128043
2.54289
0.114719
0.107364
0.512148
12.2568
29.1125
29.5832
1.81365
27.9027
0
2.62513
0.391021
0.109658
1.92551
0.115179
0.896926
0.819527
4.25345
0.408166
0.0858792
24.4049
0.52179
19.8828
5.41691
5.733
0.389076
0.000458165
14.8446
4.58736
0.110049
15.3343
8.56615
9.05751
0.0068593
28.1879
9.2524
1.31678
10.0236
18.9368
0.668877
9.90995e-07
2.27746
0.533182
2.02333e-05
0.0068945
24.0813
0
61.326
18.7183
33.3091
0
0
0
0.104939
1.67576e-05
25.8144
13.5599
44.0513
0
24.4373
19.3367
23.4614
8.69438
2.25566
1.25724
7.84785
0.674084
0.226241
0.088935
0.57129
0.00156134
8.94816
0
0
0
2.06423e-08
0.00222472
3.01205
0.207288
0
0.791812
1.41338e-06
3.21351
1.62104
0.797299
4.611e-07
9.21146
0
9.05647e-06
0.474258
0.0118026
2.09146e-06
5.28912
18.6412
0
3.92549
1.21241
0
0
0.831983
0
28.9973
5.01236
9.11548
1.68776
10.1356
2.48652
4.53918
3.79073
8.47262
15.4798
5.89085
3.79353
23.1657
15.9195
24.1673
8.74158
15.2322
22.0272
19.1637
12.39
16.3221
10.2561
20.6721
18.8462
12.4252
13.5328
6.90611
10.6458
12.7371
13.1019
8.33521
4.05145
6.49713
14.4712
11.2397
15.2689
5.44233
0.390564
3.8208
3.60299
0.827148
0.0236483
0
0.027115
0
34.2533
19.5416
0.947755
2.72834
4.15838
9.64552
0.00267527
0.0261175
6.48839
0.00871062
14.5222
5.30814
4.72631
2.66923
28.7273
25.0823
0.932573
30.5031
16.9581
21.8806
12.8589
0.574299
19.0575
0
13.5517
12.7993
9.10774
27.8659
8.28433
8.24665
7.3513
14.8126
15.3534
10.3038
39.225
14.5291
9.26366
3.79469
5.95938
6.16823
29.9976
18.1632
54.0675
19.0023
27.5331
18.977
27.2146
18.7595
19.4593
22.0419
17.8027
22.3237
23.0982
17.6172
27.3364
24.8391
15.5707
0.0274113
0
1.03113
1.39951
5.16903
16.5941
10.5764
10.0808
9.18458
17.4375
9.90925
10.0406
19.8864
4.27397
15.3037
18.8991
3.51142
2.06997
3.38316
6.23107
21.8839
2.21964
48.3064
7.74906
4.82061
11.9015
9.67604
7.3112
2.30283
9.29342
9.45115
16.7566
10.1365
12.0516
13.6067
3.36936
10.2718
33.1246
31.031
32.1454
23.8291
12.4139
11.9396
0
3.44227
0.499825
9.29328
10.7675
9.19703
13.4757
0
23.5254
30.6264
14.5296
11.012
7.02807
25.2001
35.6969
42.0814
0
0
0.00120165
110.526
70.2054
54.5392
4.19614
95.8593
3.04887
27.0566
1.10487
3.90551
0.896303
11.0507
25.6639
1.59361
14.3015
93.7039
92.1203
22.3114
4.99046
0
56.0986
9.22884
73.4075
5.78952
8.0986
60.1434
46.3288
29.5623
31.2569
24.3607
26.5637
23.3827
27.6728
10.953
20.4211
29.8144
48.2821
13.7268
33.2721
14.8621
15.7861
20.0205
38.3865
16.6654
16.69
24.9789
20.5916
42.5707
11.123
15.6726
0
13.1467
0
6.74005
10.9765
24.47
17.7481
25.2755
9.65256
17.3595
13.1422
9.29541
11.391
12.5141
12.7197
18.1692
22.9705
15.6246
9.88274
6.81395
9.28342
14.3716
7.59744
12.5554
11.7535
0.73262
13.8108
2.33023
20.5141
4.14626
16.4605
5.03652e-06
3.19338
0.214095
16.9174
28.1465
16.2073
0.179321
20.7935
18.8229
12.0723
5.2812
3.13584
16.3923
17.7693
19.6959
3.42771
4.99308
1.59256
11.8879
3.58099
0.496838
2.18641
2.34804
6.35921
3.03825
1.57565
0.589395
1.35697
0.235754
0.0983564
0.683366
1.29958
1.95932
18.2933
1.40665
1.07493
1.42424
3.75397
0.208979
0.906993
0.0839147
0.814738
1.94383
0.201386
0.362518
0
0.0267372
0.805378
1.4721
21.138
0.254869
1.77708
3.22118
0.989155
13.0384
0.99341
1.19393
1.44734
1.71447
0.883713
0.855116
20.5545
0.392802
8.96943
0.729478
25.7245
0.300611
26.4933
0.0981854
4.10491e-05
26.5888
0.0276242
29.0913
22.0121
36.8696
0.851702
6.21831
0.151406
3.17964
2.74003
0.815356
10.8667
32.689
3.19114
0.350893
37.4264
0.038743
0.960521
0.652058
0.0863341
0.195825
0
0.241449
0.229783
0.843587
2.45181
4.62078
0.200639
13.9785
6.22514
0.856174
8.68138
22.3051
1.23218
23.9128
0.484121
38.6244
19.79
19.1277
6.58652
6.42896e-05
0.212543
1.51766e-07
13.1866
25.842
0
0
0.0290222
1.61796
0.190901
0.975929
1.62002
0.693418
0.00025738
0.129082
3.46552
1.06388
0.829398
0.0224045
2.9214
0.45701
3.58043
0.00446751
4.55526
0.00427122
0.010657
2.73375
0.271851
0
0.944767
0.91462
0.0856704
0
2.957
19.2428
16.0529
42.7532
17.7801
31.9838
7.65225
8.53979
0.159685
0.892324
0.00570717
0.985152
12.2266
4.12484
14.3944
0.69844
0.779357
19.5371
33.1281
42.7306
23.5231
2.03836
2.57935
15.696
13.4885
3.39759
7.35601
20.45
3.49188
21.6483
12.3905
4.95722
29.9814
21.9859
8.58454
33.5005
1.40404
28.2058
4.33213
112.589
0.0304093
156.14
110.494
6.1009
9.35985e-08
1.91088
0.00645078
0.483839
3.60327
0.0231046
0.218474
0.000916659
0.623946
2.03014
26.2534
0.000889758
11.8853
1.66471
22.7028
8.89547
10.304
21.2696
19.7392
14.6284
4.33878
1.86578e-06
17.7495
23.6228
19.2905
18.8689
54.8872
23.1041
29.7353
5.07167e-05
8.14358
0.0130322
12.7873
18.2177
11.1501
3.00017
0.989572
8.81134
19.1822
34.0926
12.1027
12.8769
12.0495
10.0803
5.55724
15.408
13.3714
4.41494
7.4988
0.16228
7.75819
31.2198
6.24238
4.14062
17.789
0.843388
16.2414
5.54434
1.04558
6.99588
3.03596
35.2884
1.42575e-07
29.2956
34.6544
16.0892
35.0061
29.8312
21.6208
13.301
13.767
0
0.167778
8.30323
1.4182
4.29679
7.30241
32.3192
20.4312
12.4138
18.3102
22.7815
56.4064
20.0622
21.5211
0
1.65318e-06
0.130915
10.8561
0.0351884
10.8971
4.68072
2.85427
0.0115828
3.12247
0.404581
0.282674
1.09348
5.72956
4.04898
0.00181
1.27986
0.882012
20.4701
6.82656
7.07331
5.1463
24.4293
1.76101
13.2446
0.83022
17.5061
0.0316664
13.8585
0.89898
2.5236
7.37619
0
0
2.98434e-06
0.981865
0.00998992
0.678341
0
0.00173257
0.903815
0.539822
1.01391
1.81376
0.694596
4.50983
0.528697
0.0913592
2.70419
9.59083
15.6082
8.79029
0.0156046
1.54514
11.1117
0
4.9034e-05
0.00351994
0.0325019
29.9446
0.845977
16.316
15.2786
49.8028
13.7327
38.5934
20.5516
28.9806
5.53288
13.0081
13.092
0.211326
16.9658
3.3276
1.30464
0.0306107
22.9395
0
22.1474
20.2148
11.9848
5.58208
16.6059
51.179
1.7989
29.2228
19.0329
28.2828
27.0722
1.66805
27.5185
0.293492
18.6424
15.5935
0.480432
15.9801
6.76991
2.84126
1.43174
0.10495
16.5343
0.914941
8.4875
10.5706
2.00343
0.218263
56.466
45.6318
16.363
11.9688
28.5344
27.2453
28.26
10.6939
26.6839
8.36797
25.5372
26.1829
30.0888
15.8535
18.6667
5.56489e-06
13.7902
18.3579
32.2323
18.1297
26.9673
24.0541
17.2414
13.36
21.7003
41.4905
17.4072
23.9961
27.2916
18.2904
33.4925
49.3926
15.4264
37.1192
23.0698
0
21.0927
18.7827
11.6722
6.51036
33.598
0.0223062
30.1042
59.3922
9.61263
0
0
61.1528
33.0735
42.1969
42.532
8.18803
43.3651
29.1066
3.71671
28.384
36.2432
24.2188
2.04877
27.5246
37.5276
36.6526
18.604
58.1047
26.5648
33.6805
21.8151
46.2743
38.3266
0.23573
41.3608
30.4243
16.4324
6.5682
31.206
39.6397
61.0314
41.7238
0
40.5955
38.1368
40.344
1.84152
10.3678
21.4592
19.1317
26.4264
13.7929
22.1663
25.239
1.49922
0
5.18776
2.65225
16.4569
1.67936
10.1376
25.9278
26.582
15.11
11.6109
1.40274
11.6384
1.96054e-05
12.7967
6.37513
8.04252
15.7516
15.7351
47.5224
50.4685
49.3473
34.6159
24.2214
18.3241
22.6872
0.157103
20.1148
15.0377
18.1925
0.0291521
12.2391
8.86
23.7748
22.4456
7.53398
25.1537
22.8886
0.431902
13.9751
17.6533
15.2209
20.504
13.6614
0.678667
7.4738
24.205
10.9611
0.0180426
2.51178
0.643919
0.99068
1.96001
20.621
1.90392
19.9156
36.3124
15.7181
19.1269
11.0041
1.91431
28.0305
0
4.74186
13.0816
9.45984
0
13.222
27.749
10.5315
14.3178
7.4562
14.2961
29.3369
23.3646
17.2532
9.52962
14.1288
14.6175
17.9837
26.2838
16.3155
15.8917
38.0841
0.262994
23.9429
17.1846
42.6203
22.7205
2.1966
19.9531
3.68631
13.8574
12.7888
18.5436
35.4201
10.8715
33.473
42.6908
40.0048
17.9426
8.49219
14.8526
24.2355
47.9928
27.544
1.8051
12.9544
21.5789
17.0401
37.6862
1.01649
0.324665
27.3254
3.28232
57.0481
9.78477
0.00635607
13.0295
0.761402
20.4972
11.2312
13.6178
0.950264
10.6487
17.1001
11.4486
18.6503
20.5916
4.08135
4.86359
0.746952
7.78306
28.7906
5.79003
7.07826
12.3813
38.7819
16.2439
4.81776
14.5144
8.23841
2.71369
10.0538
6.13207
14.1595
26.0265
22.982
12.3008
0
7.14152
0.198434
13.1887
1.10375
1.93187
14.4572
0.325679
1.84767
70.5174
0.746371
64.6221
2.20245
28.42
4.63352
0.269836
32.9864
1.95343
0.962625
0
0
0.000137237
23.7458
7.4107
32.6503
15.0874
20.0731
24.415
13.7757
2.04846
6.18942
5.00547
13.8944
39.0454
1.49881
45.4371
29.5275
3.78522
30.9407
1.26242
23.5345
11.8472
0.372111
11.8196
1.85726
3.63654
21.7098
4.83078
0.0121907
2.56457
1.02745
0.221009
6.63801
17.8019
9.80768
0
7.35924
11.9014
7.60248
20.9955
12.0842
8.77374
7.37443
12.6734
6.08974
10.1534
9.93962
0.00442399
18.4242
15.7097
11.9249
6.0348
0.0291312
12.3037
18.3423
24.4489
17.8939
4.46745
5.93107
154.55
6.09346
21.5699
8.74661
182.478
7.16462
3.91209
10.0432
13.3982
8.15694
7.82908
6.91607
19.8508
6.86813
12.6471
11.5445
5.40546
9.75214
86.5827
31.0927
53.6083
4.25657
0.00437631
33.1892
54.8406
2.57008
0
0.223635
0.797519
1.67907
1.14776
0.646559
0.814055
0.0255132
5.40613
0.211335
2.81146e-06
17.4737
0.00256291
8.12803
19.2976
9.40323e-06
0
14.2524
5.29012
17.2225
0.122843
9.37437
7.44663
0.909017
1.41511
0.197119
3.22715
0
0.926289
10.2782
14.1581
1.01141
4.095
2.81814
0.000106811
0
0.637312
0
12.6763
24.1374
15.0883
1.89557
8.51196
1.92684
28.1705
4.93326
28.5552
16.2928
27.7809
17.1414
27.5081
7.73725
13.1804
15.9066
28.3004
15.9745
7.61022
5.67758
41.1021
28.6282
47.1296
21.2587
25.0474
3.57347
24.4213
0
1.28613
27.7526
23.2094
12.1735
5.73229
7.24344
9.57349
7.26179
0.973549
3.29602
8.41763
13.8984
22.3232
14.2225
32.4033
29.5813
6.85827
12.1949
6.57783
9.38873
28.1301
18.8371
15.6536
15.7916
2.26325
19.1188
5.39763
1.78764
0
0
3.23132
4.78481
3.71611
0.0162801
1.96728
31.7997
33.5376
19.7408
12.6734
12.9274
21.0569
34.8223
20.3875
23.4182
0.157707
0
8.91569
13.8467
2.72603
15.1498
24.4854
10.4886
19.7794
15.681
0.0260236
0.394342
0.101066
29.4154
11.4022
5.68888
7.63833
2.34157
27.7941
7.71542
0.633582
15.5752
0.21167
3.1449
0.336178
26.7782
17.024
3.96895
0.323078
10.3588
28.3497
0
0.0051076
0.00621011
0
0.843098
0.295959
25.6567
1.45624
2.51165
0.359412
0.185766
0.000314237
48.5956
1.37721e-05
54.3974
56.1193
0
43.4831
6.64426
0.487587
5.44097
14.1767
4.96494
0.675612
1.00462
0.0345733
0.0667897
0.000186096
0.165952
0.878391
0.352724
6.69081
13.2048
20.0582
13.0942
1.36706
3.77797
0.0565156
24.9573
7.41352
6.0562
10.5021
6.1343
13.626
18.3448
28.4888
13.4165
17.8579
35.1576
8.76995
8.76359
9.02942
3.64551
31.2263
13.8204
6.46479
11.527
10.0916
8.261
5.86632
5.58548
42.0312
0
0
0.200947
2.37436
0
0.86236
0.153632
1.09872
1.57205
1.11151
0.563398
13.5222
0.00379942
1.26096
0.533041
5.10417
0.912659
26.6285
21.2777
24.0921
23.4147
41.0185
50.345
10.7726
2.22909
0.419672
15.1292
14.5603
5.70005
20.6974
29.7077
5.86686
3.00016
17.7652
2.19296
21.1971
31.9529
15.5276
23.4373
30.8892
8.76488
19.0613
1.60458e-05
4.83231
0.198921
10.6259
1.40195
2.18344
27.4202
28.0775
0
35.3427
11.8473
16.137
20.9719
2.78784
17.6662
24.2271
2.98515
17.3391
17.5411
19.2844
2.95938
13.8897
15.6242
4.22592
4.37007
0.609993
27.8497
0.62368
3.39639
3.38423
2.45995
1.54981
0.934894
1.05593
1.7586
0.619162
0.308721
0.446373
0.0973288
1.18096
12.4837
2.05366
1.21135
1.79893
0.18262
0.591095
0.136015
1.02982
1.71258
0.159025
0.407006
0.008089
0.0583483
1.18543
1.82874
0.182728
1.52288
2.8132
38.3377
0.763943
35.1239
12.7365
2.16797
5.11765
17.0626
0
0.981062
0.0120893
13.7104
0.688282
10.1766
9.15688
18.4446
0.416505
10.0763
13.1973
39.6606
50.6996
19.0497
20.5596
90.8978
5.06099
27.6824
51.775
5.61901e-05
1.01024
19.9727
0.00363769
3.99491
29.0859
0.000219446
3.85797
2.8713
30.0286
0
0.00855224
1.96988
0.00816719
8.85295
0.486949
1.70072
0.0216556
0.315385
36.9696
40.7602
16.8951
27.2123
0.796256
42.421
21.3383
4.92281
29.4459
33.8079
35.4603
1.44535
0
0
51.8534
2.57344
1.69702
0.745663
0.0697955
2.18815
1.25212
23.2511
2.50852
1.58184
26.1397
0.110483
0.921292
0.0394504
0.000553712
22.3347
29.5693
0.749331
0.126199
0
0
0.0026756
0.0330855
56.3103
0.0391622
1.49824
10.3694
0
1.50901
4.71322
0
0.0234406
0.408864
21.6804
23.0804
0.829942
0.402536
0.423844
4.62486e-07
10.3164
0.0284627
0.406698
0.141722
5.74281
0.00812498
0
5.13806e-05
0.029622
0.00880523
1.37616
0.0153112
0.675502
1.34445
0.00268146
10.0203
0.255018
0.02292
20.9804
0.113221
0.496711
0.214364
0
0
0.957929
0.0168781
1.07606
0.545831
0
0.549479
0.314846
0
23.7478
0
0.697302
1.7111
0
0.459784
0.58746
9.02757
0
0.424837
0
0.00784442
4.9571
33.4625
14.2936
0.576535
7.44519
0
3.4628
10.1672
16.6352
5.57778
0.354661
9.05564
3.16311
15.1346
4.70605
0.672947
0.0191639
5.24478
0
0.00546322
1.65066
0.000268891
0.579505
3.16345
8.15789
15.2329
21.4195
0.564178
25.6543
5.6903
9.92894
12.5416
3.50186
9.71056
44.7678
4.20817
2.68473
9.15193
27.7554
0.754108
2.60162
0.464174
0.461788
91.6812
2.86809
0
16.6983
0
0.0330159
2.52924
6.93037
1.12004
6.09798
36.579
0
0
1.13024
0.389003
0.00685927
0.936689
0.00188041
1.14775
0.857836
3.30754
4.46321
1.61181
0.157174
16.8492
27.9388
1.73922
0.00280101
1.4068
1.54228
1.1492
32.3277
20.8592
2.24522
0.157863
4.34919
63.3836
17.9836
21.7435
0.271659
18.3615
43.6497
13.0149
41.3656
0.381304
0.000102016
31.1486
0.895113
57.557
3.3928
6.72068
19.2954
2.95096
0.190964
0.216882
0.0142503
31.3418
0.230941
0.608493
29.6219
43.3797
0.319986
34.8473
16.2485
4.27716
15.1645
4.22753
32.2667
36.2539
0.108166
8.80564
27.1058
8.1182
0.762331
5.65899
36.4819
21.7687
17.0626
14.7757
15.9656
12.4666
20.3759
24.4901
1.48789
19.5369
0.794125
16.5494
30.8758
13.4043
15.8532
0.596527
2.84264
0.0127467
0.0635102
1.43127
1.56073
0.976854
0.697928
0
3.8132
6.33694
0.393826
0.525475
4.24505
0.292005
3.63674
0.000109883
1.44984
23.5089
17.7897
2.20767
0.180849
1.76787
27.7114
0.105954
9.71336
51.1149
11.2307
6.77244
22.3757
18.6258
0.00144135
1.45082
0
0.0568234
51.3958
0.000460759
2.64067
24.4879
5.07052
0.423707
59.9941
7.34799
0.453389
0.40573
0.586195
25.5254
5.22712
1.10149
55.2224
14.3962
2.38614
30.4192
28.5587
17.5728
16.8099
9.66062
17.2364
15.3185
31.9573
28.0271
22.7254
44.113
21.8766
10.0847
4.4608
5.26033
0
3.71553
11.0258
0.0201494
11.6178
30.5653
37.724
4.85094
0.00186346
1.4888
0.0239577
0.00120606
0.804301
1.84168
6.08849e-05
0.0214898
0.82272
0.105579
0
0
45.616
36.6381
0.967082
26.8252
21.0036
17.101
10.3779
9.47086
20.1965
1.61996
15.8435
8.68844
16.5337
9.87745
1.52769
21.1932
9.63258
29.0952
8.11741
30.1783
29.5275
24.7801
34.533
26.7139
19.7074
34.0085
16.1772
1.90562
0.75263
0.968425
0.229421
2.41829
0.367869
0.000806675
16.8851
0
1.55568e-06
23.0557
24.9224
33.9922
20.2197
24.0487
20.9636
1.079e-08
0
0.0496041
0.786555
0.000176303
6.54304
4.04413e-05
0.792632
8.09786e-08
32.6398
29.1303
12.5745
10.3244
33.1334
3.71956
0.66204
0.54992
1.75165
0.0763612
1.00987
3.89129
0.343444
3.74911
0.702658
1.05006
18.6873
1.25649
0
2.41124
8.21456
1.58626
10.9131
10.1316
7.48033
8.73199
1.52454
0.767539
0.120869
1.0747
12.5914
1.63709
1.3354
0.0020713
25.798
4.0622
0.106697
9.70923
0.872284
33.1751
2.87177e-05
1.00519e-06
21.4744
