4.84812
3.55499
2.86325
0.89372
1.51681
7.68207
0
11.1046
0.0562718
7.10612
23.288
0.856286
0.00860509
1.68138
9.62571
0
4.7755
21.8779
19.7774
22.0479
9.26255
4.01185
0
0
3.74476
2.96321
6.07434
3.40882
50.796
0.154135
2.2764
10.872
1.98758
0.228909
0.676098
0
2.68312
25.7035
12.3326
18.4326
10.854
9.915
1.0471
11.6917
1.54824
12.9397
3.18129
0
0
0
0.00107032
0.123095
12.9975
1.42275
0.838569
0.013038
18.4819
0.293621
0.000512089
0.0403982
2.05097
0.00203705
4.58802
4.17746
6.03876
0
2.85952
2.68676
3.53775
0.707512
19.1933
0
0
0
0.705512
0.153401
1.74676
1.45976
1.67792e-08
3.2807e-06
0.924849
0
7.04988e-06
0
29.6047
1.93434
16.3792
17.4293
18.8304
18.8294
19.4557
21.6156
8.97552
10.5522
19.1696
9.63138
10.3973
14.3903
0.425002
0.919436
0.740082
4.75855
14.3613
13.9244
11.8913
9.49838
12.2343
5.51266
4.96468
24.3816
6.17374
4.5668
10.9638
11.5934
17.4103
8.5512
3.4377
2.70431
4.72549
2.48269
2.40775
0.323816
0.552303
1.90632
0
0.877497
1.76253
0.703698
0
0.903862
9.39994
0.00170943
0.481223
24.0656
2.11584e-06
5.35519
16.5743
0.942423
0
10.7077
0.00130841
0.439932
0.232369
0.117191
1.12927
0.0204051
0
0
28.1692
70.058
1.53612
1.22914
0
0.0308411
9.0929
0.469201
2.24868
1.98469
7.02589
0.851843
27.4662
11.0911
19.5416
22.438
0.542179
4.82837
3.99612
7.73048
3.17282
1.43648
12.0113
1.19006
8.04084
4.88651
2.27182
1.37121e-07
0.867764
0.840879
0
2.37642e-07
0
16.1632
5.91537e-06
0
12.799
9.59367
13.3836
12.5247
10.1829
17.1334
24.2979
19.8529
10.7817
15.8249
3.48468
0
10.6635
13.0714
19.1468
8.31236
24.883
83.5413
14.941
40.7951
25.4244
4.26014
35.1904
14.1275
39.352
10.711
17.027
15.8515
1.75941
11.9369
15.8016
23.2517
1.37045
22.2152
12.9679
2.5341
0.237967
2.51603
20.9985
4.58422
22.3834
12.736
34.7378
19.8334
25.0118
1.38123
0.0744896
2.02561
22.7266
0.41083
2.71574
1.60583
3.75993
2.0271
2.58465
2.2742
1.22218
1.15397
0.585397
0.678069
0.379815
0.47474
0
0
0.97511
0
0.527787
5.2855
0
0.00451644
7.04349e-06
0
0
0
0
0
0.174636
0
0
0
0
0
0
0
0
0
1.82003
1.14734
28.2865
0.0517448
0.121909
0.524793
1.85296
0.00191795
11.422
0
30.8507
0
0
0.00312309
0.320106
6.46487e-07
0.000358453
0.0268078
0
0.885373
0.0340549
0
43.8534
0.187762
0
0
0.468201
16.4217
6.68116
21.4833
7.83706
3.08732
12.427
14.2029
1.36416
10.1664
1.39386
2.80734
0.52158
0.0569005
0.34334
0.610008
1.53111
4.26364
10.8974
9.68957
42.0284
12.2516
13.4613
5.00615
0
2.95863
3.65803
1.42767
6.264
8.13457
0.0460938
0.0738054
0.00665081
0.233612
7.53906e-05
2.84853
0
3.47605
5.05669
6.03252
3.69672
4.33652
2.38649
1.12196
10.3987
4.26747
4.95871
0.250188
0.13466
0.348074
0.029959
3.5334
4.44517
4.59792
1.06884
0.0679026
19.8908
0.236134
2.21453e-07
0
7.92196
14.7369
0.217002
0.763917
6.7131
4.93196
0
4.2401
0
0
0.00167732
3.06213e-06
0.917091
1.52796
2.87143
1.52883
7.65578
12.1358
7.7014
7.07356
0
11.3133
10.3471
7.74551
17.0719
11.8668
1.11442
1.97169
7.90568
2.83131
10.1881
17.1125
13.7387
14.3434
28.6121
30.5254
17.8214
3.15519
4.60644
22.5317
12.7634
7.53318
16.9884
21.4665
7.34581
15.0634
8.28042
7.30417
9.43104
6.60104
3.13295
5.99453
2.9868
3.70387
2.32383
14.2002
3.00446
8.17353
5.4537
8.68134
31.1497
8.47088
12.2545
2.44414
2.24
19.3353
35.2055
20.6653
25.263
27.1133
4.61306
30.8738
8.62955
15.477
26.6225
31.1762
37.1517
30.8747
17.0816
13.7682
17.1404
1.54053
30.8954
29.6813
28.1589
15.372
9.42164
5.76615
12.1053
0
6.62277
2.38524e-05
4.29654
5.62682
15.5426
2.34719
6.6548
17.0956
34.1585
13.9019
10.5327
26.0538
11.0223
11.0439
12.5845
2.11967
0.0137118
0.751319
10.7373
1.10161
32.3473
4.00774
1.09547
3.53037
0.678566
3.15592e-08
1.43454
0
0.894366
0.381343
0.621265
1.44417
0
5.55904
14.7691
1.38301
4.50067
11.7644
13.0284
6.09061
5.14494
25.5161
3.1101
28.3748
23.309
19.5115
17.8336
3.86809
2.21577
9.14969
0
0
0.00262444
0.00351527
18.4862
34.9031
3.47708
7.27557
11.0049
4.26768
7.97668
8.53685
0
5.10831
14.7874
0.538277
1.41012
4.60372
1.75471
9.84992
6.27056
9.54072
4.56634
1.06029
4.04901
21.0185
3.38013
0
0
6.67038
6.77588e-05
14.0314
0
0.00830766
1.35323
1.27743
0.837759
0.58811
0.874659
4.82734
0.00822152
0.0333983
0
33.2411
2.17953
0.744162
5.63431
0.867803
0.60835
18.0568
26.0806
34.9242
24.8594
17.0156
9.89514
16.6471
0.579447
30.9105
0
10.5039
13.1668
5.37338
7.10974
8.11797
1.15935
0.519479
1.13186e-05
10.5528
0
0
7.4395
0
5.98486
7.7813
4.58641
22.3653
5.16506
1.26641
1.08434
10.7417
18.5507
25.7133
46.5664
8.04021
3.20293
4.1326
0
11.2192
7.74394
0.00615779
0.570483
0.538047
12.8444
0.0752195
8.57356e-05
0.726867
0.0365494
5.7841e-05
3.03522
3.21581
5.47114
0.414527
2.21011
2.00486
3.31218
6.71272
4.17615
0.027163
2.64551
7.7935
0.508361
0.244524
0.238294
1.02888
1.41202
0.00422097
7.81926
10.8573
29.3954
0
0.689058
0.25949
12.0944
0
11.8418
8.13179
0.548865
1.51988
0.753068
0.00407029
0.696965
18.7721
1.18027
1.32375e-07
0.00527933
0.443823
1.71955e-05
0.153217
3.98541
3.68789e-08
7.16101
24.0008
2.71875
1.68774
5.07457
3.79063
14.6197
17.3809
0.825947
0
0
0.459649
43.6082
39.5801
0.0306858
16.5353
0
16.3913
25.389
11.1018
12.0081
0.0943315
1.46357
2.32797
0
0.697352
0.00210847
1.38156
0
7.00788
8.92772
3.15707
4.29819
12.5964
0.897865
30.0979
2.88861
25.9981
12.9415
1.59803e-05
8.43936
0.586891
9.51264
21.8967
2.42018
5.7044e-05
12.6525
16.3157
0.0239163
4.71907
0.0170223
0.251296
7.05666
19.2316
14.6761
17.606
14.4416
22.1067
12.934
3.53697
2.44719
0.703202
0.677903
0.865529
0.000388709
0.11888
0.00405822
1.5886e-06
0
15.6447
4.0178
4.1871
3.26867
0
5.49961
5.78766
1.75367
6.30817
0.655123
13.4272
3.14823
13.8031
4.64319
25.7027
23.0198
10.3755
6.25612
7.89666
10.0183
0
0.803853
13.2722
4.15401
0.521051
15.0322
1.84696
38.2102
72.485
6.06575
28.186
40.6232
20.924
6.35235
0.012002
0
18.0476
32.1856
0.157795
0.0926276
0.277481
0.472287
24.6466
0.800545
0.337458
2.00285e-07
0
0
0.0469125
8.85067
25.108
4.75559
1.31582
0
0
1.09472
6.13169
20.1683
0.00518447
1.81757
37.1609
1.24106
15.1414
0.00480391
13.3687
13.9307
18.8291
20.6567
0.00150549
1.02987
1.55206
0.00125277
0.00181737
0
0
0
0.139995
0
0
0.185792
3.89606
13.156
0.224218
13.5076
8.74319
5.20159
2.3619
3.52543
1.26893
2.56791
0.929671
4.41133
1.06443
1.3731
4.85013
21.5519
6.06786
24.0501
0.785241
0
8.44042
0
7.40154
0
0.0284931
0.00773598
12.7737
9.4329
7.56708
28.4997
5.26689
18.2753
2.18432
0
0.733561
25.6708
1.48176
0
0.00363567
0.0289409
7.9779e-05
1.31583
11.0489
2.89892
0.539386
3.20383
11.4564
2.21347
2.20155
5.78271
3.22928
34.9301
0
0.00801888
11.3168
14.1454
16.0109
11.1869
0.76667
0
0
3.00446
11.2322
17.9554
8.40808
0.0461469
5.92791
14.4127
8.63604
0.0003233
23.2259
2.84022
0.274143
7.2536
0.00339063
0
10.0901
0
2.87562e-06
0.91662
7.07336
4.73653e-06
0.896209
0.25073
3.19033
3.4925
0
0
14.1997
0
25.4421
0
12.6674
0
0
0
0
16.8123
0
3.46529
5.32636
9.70041
12.5352
27.7004
0.00534624
15.2233
13.7281
0.0242608
5.19997
9.5395
15.6979
6.72827
19.5005
19.8237
13.8652
4.73246
3.22559
11.3418
11.4038
10.8513
13.7326
0
14.5046
2.65413
4.12579
19.7519
0.354515
7.61553
1.89588
8.48913
5.84392
6.09607
6.31165
0.0555045
0.00762938
0.97714
0.182794
1.87793
8.20252
8.2402
21.3316
19.1687
0.133688
0.760139
0.969351
18.282
13.1986
0
12.2304
5.72927
7.91969
0
8.99514e-09
0
3.15144
0.922364
19.8439
4.59028
0
0
26.2734
0
6.505e-07
1.61761
5.49318
1.03947
0
16.6394
4.46663
5.1268
2.29947
3.59681
7.00539
0
0.0735625
3.7851
9.29457e-08
1.38149
3.44724
2.43174
15.5874
42.8192
17.8121
0.00198635
1.96048
0
3.67502e-05
22.5855
11.4903
8.94928
13.5535
2.40134
23.1354
13.3848
0
0.00740087
3.1692
0.699041
4.46294
0.290309
2.6695
2.73196e-05
1.054e-06
14.6715
0
9.51386
7.30019
0.0398362
0
0.0172079
0
0
3.33556
24.4685
1.39038
14.3876
20.8008
0
0.010888
0.00600754
0.00389414
3.95459
2.54091
1.68484
0.003915
0
1.49408e-07
2.64432
0
0.73591
13.8602
3.14783
1.03871
6.77362
1.88252
0.750301
0.218694
6.68756
13.2572
5.89328
0.577961
0.000129515
0.0321294
1.14392e-05
13.133
0.00945966
0
14.1568
2.99573
1.10911
0.152795
14.3921
2.8861
0.644149
10.6158
0
11.9492
0
0
0.710526
15.2112
0
25.8048
0.237092
2.30159
0
12.6501
7.27949
4.65866
8.58556
3.61556
3.36361
37.7321
1.95959
0.0285505
0
0
11.936
16.7829
4.70536
5.70526
0.386927
0.322641
0.0927243
16.0842
28.0561
27.7912
14.2965
14.3762
15.3167
32.5126
20.9121
5.29052
15.4458
5.08338
11.1634
21.848
14.1835
0.779483
0
15.9445
6.64532
3.11169
7.32696
3.58984
2.35029e-07
9.83955
4.65626
10.2152
3.47501e-06
56.5297
14.5303
15.8621
12.6441
15.3197
5.18
13.4735
9.97255
13.8643
0
0
0.191887
17.8724
26.6442
20.317
19.1411
28.7521
37.4074
33.5157
27.2338
32.25
56.6218
46.6743
33.7317
7.3613
3.26166
0.00940202
0.934915
0
1.1716
3.39342
0
0.379583
0
4.98758
0.327379
0.298994
15.2754
9.91683
2.55803
6.12705
8.98933
4.71472
2.30126
3.49155
7.18077
9.48864
19.4108
9.70041
4.05289e-08
32.8103
21.2909
17.2958
16.8073
16.3876
21.8057
0.0540016
0.0450098
0.968377
20.321
8.22667
1.79799
2.01442
18.9965
1.47227
0.125036
0.0710262
0.000266315
0
33.9275
0
32.6143
0
52.1204
52.7154
0.652097
0
0
26.8086
32.2366
10.5694
17.6298
1.71768
0
40.2237
29.5626
2.08471
0
8.19193
23.5623
40.6413
0
9.84739
40.4429
1.62755
31.4978
0.000130632
0.000234803
19.9617
0
0.156949
0.0518254
0.00105001
0
30.9293
1.13653e-05
1.12791
8.73729
28.7941
16.013
24.6362
4.87699
33.6644
2.89193
23.7385
0
30.1187
24.9548
0
21.8309
14.4074
14.693
0
2.53006
0.90095
17.5743
10.6521
5.45291
13.2196
0
23.3559
15.4058
11.7042
1.40899
17.5954
10.9721
33.4102
26.7046
0.528465
0.808714
0.180984
26.2695
0
23.3701
0
0.217132
0.0866544
0.804705
15.0735
0
0
0
35.0631
0
24.4047
29.7383
0.700075
11.1757
0.844501
13.6981
9.02974
28.8949
0.212767
0
0.514373
0
0
0
0
0.550762
5.63758
2.66865
1.10086
21.7613
19.8476
6.63465
8.5769
14.3968
0.866637
18.1477
12.6089
18.3046
23.9446
32.4362
19.3872
17.5102
0.0495388
16.6432
44.407
28.0887
18.7021
28.2234
4.97434
36.3424
24.0324
2.98715e-08
22.3839
4.12096e-06
0
19.0244
0.00207517
0.399816
0
0.153762
0
0
0.0222876
2.12995
12.0409
5.50055
1.37742e-05
1.67533e-05
0
6.97944e-05
0
0
0.0449669
1.37285
0.00210813
38.7828
0.926396
37.4164
9.46907
0.581078
0.841487
11.5779
37.2372
0.0780155
0
28.9498
2.34038
22.1552
29.7393
0.172464
0.170585
0
0
22.4703
34.2701
0.742415
0.0101083
0.0739258
0
7.45973
1.53091
18.6907
17.176
0
1.6792
2.59667
2.00171
0
0.310544
7.15891
0.310359
0.242066
0.152019
9.72887
52.7294
2.47551
4.93879
21.2353
3.52622
9.43373
9.48147
0.239549
10.1837
0.00453046
0.156485
0.174846
3.77343
5.25411
3.70485
6.38005
4.20806
7.71332
0.161055
4.51893e-05
0
5.87447
0
0
0.58323
0
23.1236
12.1941
2.2956
9.69283
0.155871
12.826
0.210092
0.189685
2.604
0
1.001
0.613496
34.8809
27.555
19.2842
24.56
23.8396
10.1829
0.690957
7.47688
7.90279
0
13.5505
0.0136622
1.81741
0.0233067
5.07438
3.97803
0.0442615
2.13831
0.00310331
0.077964
4.63943
7.07615
6.45775
8.85748
5.59681
0.993019
0.126371
1.00648
0
0.990062
11.8691
0.180163
0
3.76899
4.23131
3.94826
0.545292
0.578584
0.91913
6.73026
0.83297
0
5.40018
0.646805
18.6567
0.653757
0.449404
29.3511
13.9451
0.279403
0
17.304
15.6421
0.11795
6.89272
3.22539
2.87963
2.70509
3.26606
1.1129e-08
3.84985
4.29168
10.5667
17.723
4.6605
1.8803
3.9423
6.57535
6.77121
9.24821
4.00143
0.000635403
0.000194846
4.311e-07
1.39249
2.41031
0.154298
6.45868
1.67217
30.2924
0.0777233
0.39175
0.82715
1.13472
0.293811
6.92771
1.53807
0.268334
16.9247
14.3225
2.72114
5.42523
3.22177
0.107125
3.83968
43.6568
14.4443
10.3148
12.26
0
0
13.1209
4.18964
0.113953
0
5.18519
1.25255e-06
9.71872e-06
0.560809
0.347202
0.950041
0
0.738853
2.43924
0.27421
4.57764
3.92211e-06
71.3628
1.91826
0
0.640452
9.81484
0
1.10186
49.4154
0.102186
4.69993
28.7957
4.04917
0
73.597
0.584414
0.0373441
2.30913
0.0673346
0.168612
0.0046462
2.8216e-06
0.936759
9.01874
0.958639
3.63975
0.0450056
0.0256671
0.429997
14.9856
1.08029
0.0350286
0
0.636737
1.04494
9.84608e-05
0
7.88578
0.0566704
3.62777
0
0.107104
14.3249
0.0374011
4.67259e-05
3.19202
2.55694
3.16748e-06
0
10.0082
4.79733
3.41845
46.6089
17.455
11.815
1.80887e-06
0.0246947
0.0809266
2.71827e-05
0
0.849475
0.0343404
1.98693
0.779417
17.707
10.1125
9.58636e-06
2.47643
0.796992
0.0839125
0.859864
0.0522905
9.59522
7.11233e-06
0.0345412
2.6273
2.23167
1.53126
0.745721
0.000794369
0.086448
0.00729602
0
0
0.928573
0.173538
0.00406131
0.0209046
0
0
0
0
0
1.80015e-08
0
0
16.2447
7.03013e-07
0.143887
10.8499
0.013824
0
31.9518
3.09629
11.2638
0
0.0381099
0.669466
0
0.146127
0.211714
0
0
0.589427
0.203243
0.00222664
1.65072
3.7352
0
0.855132
24.5656
1.85919
0
17.9634
0
0
0
6.1771e-08
2.24309
1.20584e-05
1.49528e-06
0.640219
0.121171
0
0.406179
6.60407
0
0.335692
10.5783
1.14266
0.0299183
0.72865
0.0861034
0
0
0.133635
8.34842
0.138356
10.2013
0
0
0.064065
0
0
0.278218
0
0
0
25.0746
0
7.70608
0.597121
14.7125
18.0586
0.000407964
12.8884
15.4477
13.4936
1.01342
0
7.6454
0.0133576
30.0355
5.65803e-06
0.881166
1.81661
0
0.0980285
22.9276
27.0018
0
0
10.2071
4.20127
1.1505
4.61078
4.80308
12.0734
10.1571
26.015
0
2.67696
6.01416
0
18.9326
10.9007
17.4467
10.578
4.38597
7.5981
12.032
19.0402
6.74548
14.7152
10.959
3.65954
3.88582
0.0221722
3.22725
1.34349
0
0
0
0
1.36303
8.18144
3.56605
0
1.07176
0.00253196
0.0168704
0.924761
3.7864
3.353
3.33679
1.15501
0.970672
1.14958
4.52999
1.87213
10.9002
0
0.0412778
7.19184
3.62266
5.24178
0
0.730154
0.635559
7.17435
0.00146889
0.0684719
0
0
2.27096
0.0322125
0.00813443
0.124152
0.729333
0
0.724255
0
0
0
0.466148
0.305802
0
2.13812e-05
0.0229375
0
0
0
2.66896
3.03549
0.458777
0.0148641
0
2.16472
0
0.0343997
2.13173
1.68585
0.0016437
35.9989
0
4.79793
0
0
0
27.6279
0
0
1.05149e-06
0
0.0996342
21.5723
0.711326
1.10118
0.686215
2.36679e-07
1.84483e-06
1.04348
1.40988
6.11205
0.00124132
0.220877
0
4.1406
7.5868
1.81355e-07
6.30878
4.23283
3.7236
3.89161
4.17924
5.98029
1.82541
7.15962
7.86941
6.33084
9.39975
0.0239223
0.023013
15.2369
11.4932
6.13864
5.01953
13.7811
7.37203
8.87534
13.5183
13.6683
29.1147
10.7602
9.67827
8.0586
12.8202
20.0894
21.8036
0
19.4341
0
18.8294
22.6871
11.7479
16.8614
4.10385
22.5017
16.7031
13.8392
3.24386
11.8423
15.124
13.5709
12.5266
13.0053
18.4968
21.5423
8.97756
4.19968
13.2563
6.40305
12.5582
0
6.67607
7.71037
8.69193
0
9.21656
8.96923
2.13454
2.02165
0.988671
0
2.88838
0.271234
4.19937
2.32812
8.42157
0.38518
0
0.484409
0.0369699
0.746377
0.0234618
17.0055
2.2279
0
0.378224
9.06986
0
0.503778
0.32823
3.72551
0.0198514
0
1.27199e-07
0.00774187
1.17484
0.0729951
8.73898
4.94957
0.532768
0.394479
3.97203
13.4884
5.45044
21.7083
11.0283
2.82644
22.6853
9.14685
19.0098
13.2756
14.2059
21.997
22.5684
19.6151
8.20637
0
15.8047
10.508
10.943
0
22.1066
0
6.18668
5.7945
1.00669
7.35245
9.80775
14.1752
0.921421
16.6105
0
0
7.69674
7.15719
2.20986
0.00675614
3.38289
0.707909
0.482494
0.13165
4.76872
0
4.6098
29.2483
0.688235
0
0.00687501
0
0
0
0
0.000112718
13.0954
0
0
1.38629
0
19.1819
30.2841
1.92552
0.865026
6.7321
4.6448
0
6.37835
0
1.61329
1.05039e-07
0.492745
2.12697
0.519437
0.46802
45.4025
0.768846
14.8787
0.0132796
2.85685
0
0
0
24.2646
0.148231
0
0
7.92451
0.0462136
5.69793
24.2123
40.7206
22.7385
16.4466
16.5526
2.25442
4.95474
16.6745
7.61276
2.6254
11.5489
0.124728
0
6.33654
5.16329
4.13063
0.859476
37.5268
1.9645
1.56161
2.48818
21.6124
15.8775
6.6176
2.85761
4.84552
9.81598
5.74694
4.52833
12.3288
1.62958
0.0028624
0.0783143
0.0208865
0.721133
0.00573499
4.16363
29.1458
32.9439
11.7777
1.22338
14.6693
13.5178
1.56818
18.0618
6.81311
22.9186
3.35418
2.47162
1.85979
40.8671
44.3211
1.33199
21.3009
29.8115
0
0.439706
0.0505079
0.000822681
0
0.00649527
0.00477224
0.0445033
3.28081
12.4662
14.5514
1.23488
48.488
0
0
0.042397
0.0641268
0
0
0
0
6.452
0.00141549
1.92456e-07
31.9374
1.31401
9.29929
1.68697
3.06842
0
0
7.56376
17.0289
0.0226567
5.00152
3.61655
4.37723
0.00573722
36.6653
24.2595
0.00300818
3.42772
12.7119
0
0.427861
0.136019
5.02121e-07
0.596407
0
33.3241
0
80.2112
26.8922
34.6328
0
0
0
0
0
23.3422
7.93715
32.37
0
16.2959
20.1649
11.956
2.21503
3.9604
9.40247
6.75601
0
0.0608769
0.61614
0.935486
0.0187142
5.44482
0
0
9.44892e-05
0
0
2.37007
0
2.2335e-08
0
0
3.66553
1.31189
0
0
11.3535
0
0
0
0
0
2.49649
15.5766
0
0.978926
1.15121
0
0
0.0369901
0
7.85332
10.4216
14.8377
6.7547
6.62055
1.12303
5.93389
1.02652
5.07353
25.4125
35.2512
4.54946
64.1105
33.2115
42.8652
11.8918
8.86959
17.9955
20.919
11.9054
20.1371
13.4708
17.4771
11.7
12.2511
13.1153
9.45136
7.79884
12.2983
10.6591
8.5655
9.18068
8.46691
9.52192
6.29822
16.0394
7.60206
0.939536
0.952504
2.80015
0.499697
0
0
0
0.000133284
24.5088
22.6504
0.261537
8.68436
1.21105
2.33845
0.417269
6.39346e-05
2.55522
0
5.51587
2.98667
0
0
6.84424
16.8464
0.00704648
23.6227
18.0798
20.4716
22.1181
0.0153225
15.5248
0
11.7026
26.2066
9.81568
24.9999
14.2205
12.7076
11.2393
8.69626
2.58736
6.96384
31.2364
25.85
8.83807
1.27142
12.3534
0.180019
4.93791
13.6128
13.887
25.6857
11.0485
21.0446
34.1926
24.1579
11.7043
17.0256
18.2519
19.1921
14.8119
16.0665
17.774
19.6757
25.4488
0
0
0
4.33031
5.53828
11.4793
9.13184
8.9155
9.9301
21.0964
14.0948
14.9616
21.3065
0.934824
18.4238
8.3101
7.32202
6.40723
2.64323
3.29986
11.8578
5.90516
7.7881
6.70281
9.56617
13.7562
4.1309
4.53415
1.85601
5.90323
23.8353
8.44388
9.54807
9.80319
10.5958
11.1892
14.8283
13.3125
5.33913
6.93013
41.3259
3.18269
0.685818
0
0.910745
0.000110793
6.25773
10.3635
10.4839
15.5804
3.73428e-08
19.9117
19.2903
24.4805
16.8962
13.819
16.6152
15.5207
21.526
0
0
0.381014
31.6468
32.0835
45.555
1.38023
39.4483
7.46301
9.05426
0.137587
6.36602
2.90544e-07
3.92853
51.8862
0.708195
6.45422
63.3966
49.9295
17.8834
4.59794
0.343704
23.2355
7.99458
24.2632
9.72547
7.84312
21.5832
19.0474
30.502
39.6667
11.1019
15.2583
8.17483
16.6966
12.8398
9.57752
14.1531
7.32136
9.84061
10.0697
11.8204
8.72245
23.702
12.8422
19.4314
21.621
6.92115
20.3745
22.8481
16.9389
18.7174
0
15.3394
0.0372306
11.6562
8.85131
19.6581
12.7598
14.6788
11.0275
15.6416
15.5122
12.4289
13.3624
11.3704
9.49144
6.03304
9.84945
9.06381
7.74563
9.98399
6.4253
5.07411
7.3412
10.7317
10.5992
0
4.6075
6.37861
13.6933
11.7758
6.72109
3.59751e-06
1.93008
0.928556
13.9835
11.6156
14.2834
0.0831674
8.03866
10.4981
11.8348
26.7771
6.46302
3.94115
19.6161
30.1348
5.61493
4.22462
0.331378
14.072
17.2331
0.388135
0.944194
2.39637
1.60527
0.919962
0.125004
0.233656
0.448978
0
9.5652
0.0423216
1.39497
0.900724
19.5274
0.00983624
0.0739248
0.756573
1.9508e-06
0.0250896
1.19537
0.475989
0.436996
2.12506e-06
0.0689671
0
0
0.00387308
0.761053
1.89574
10.268
1.99339
2.77997
4.85747
1.87933
15.3066
0.960184
0
0.00286545
0
8.17812e-06
0
5.19104
0.987646
14.1001
0.027795
13.5852
1.95636e-07
19.8205
0.040285
1.32527
15.0663
0.148637
21.6659
4.21354
9.9877
0.00293806
27.5947
0.421228
0.00514104
0.571238
1.5831
7.61746
17.7615
0.956612
0.0238756
15.15
0.163143
0
3.34676
0.944305
4.67973
0
4.95003
1.08983e-05
3.50773
1.91037
1.48095
0.841884
6.83447
1.37017
0
4.08833
12.9043
0.0027278
12.5778
0.241292
7.80891
10.1327
13.6811
12.667
0
0
0.289667
10.4392
13.156
0
0
0.00206134
0.891049
0.650619
0.00554277
0.552829
2.39331e-06
0
0
1.05421
0.0272811
0.344502
0
0.341535
0
0.0249606
0
0.529604
0
0
1.90392
0
0
6.32965e-07
0
0.00411867
0
1.92858
29.1373
30.0914
36.154
12.8011
27.1582
4.8414
2.92274
5.23293e-07
0
4.10483e-07
0.134895
16.6409
3.17468
6.58232
0
2.07152
27.2444
56.3815
26.2977
5.889
11.5623
3.6346
18.3585
25.7784
2.27439
4.68783
5.69127
3.37912
8.00565
4.3184
6.14046
18.7641
14.5055
4.70487
18.4084
1.87651
11.9577
3.36892
11.0758
0.1113
23.9968
24.5054
0.0322009
0.0185079
0.020116
1.22551
0
0.0944434
0
1.00835
0
0
0
18.6434
0.638259
14.2485
0.5685
14.7744
3.09508
4.07719
16.0974
20.1172
22.789
3.93239
0.547359
18.0213
21.1041
19.9363
32.3566
46.3805
25.8778
29.3007
0
29.8638
0
26.2479
33.0489
24.7497
10.1382
0
29.4407
8.39432
36.3718
9.65865
32.594
36.3588
11.7133
2.96622
27.9465
18.5668
14.3408
25.4155
0
6.18904
27.0071
0.313698
1.79432
35.2858
0.0292403
20.7671
1.72451
0.00759738
1.02215
0.0264666
4.19143
0
35.1639
66.1543
20.0878
7.03997
14.9476
8.90929
11.4948
6.49387
1.49731e-05
0
7.49895
13.0783
23.6891
27.9792
19.0934
19.9071
21.6135
11.2975
16.6624
9.75061
7.38995
15.7531
0
0
0.0114564
15.2135
5.96271e-08
6.25774
25.5952
2.36504
1.91997
0.545886
9.36982e-05
0.734921
0.299768
1.60882
0.612383
0
9.97773e-08
1.3222e-08
17.2753
1.02173
0.439538
6.76519
6.36861
0.247927
17.1819
0.575686
2.24405
0.629263
6.84703
0
0.00841765
3.44755
1.49484e-07
0.326547
0.000435224
0.0241691
0.999069
0.627629
0.000873753
0
9.98166e-08
0.0724175
0.10452
0.136035
0
0.166158
0.632898
0.16032
2.28285
6.94882
9.71464
9.49634
0.000545759
0.422884
7.72528
0
0
0
0.00178514
24.9419
1.13433e-07
39.6904
13.4199
37.9297
10.7272
7.67582
3.58862
12.4385
1.08356
9.3654
9.86611
0.495136
14.901
15.5821
0.670678
0.0331884
5.69608
0
6.81388
16.3422
33.9753
13.8363
18.6766
37.1261
0.737786
26.6224
8.24657
10.7685
8.59132
0.671645
9.40131
0.0173496
24.234
6.69484
1.2771
14.5672
3.77362
4.53276
0.260018
0.000559195
0.689026
0.312387
3.5736
1.5738
5.30652
0
5.98674
4.84153
34.929
25.3478
16.6834
28.3184
15.3647
17.5124
18.1524
25.2033
26.2968
14.3945
20.2184
10.7867
20.3184
0.0161886
2.99988
10.7707
16.6
12.6926
8.41993
6.86771
3.55824
3.94327
11.1822
11.9432
6.1075
13.3184
13.3254
2.95302
6.41617
13.6093
5.59368
11.2946
8.31657
2.01574e-06
8.83931
10.496
1.97851
3.11267
6.78947
0
11.0469
14.9558
22.3058
0
0
10.9196
14.0439
11.4091
19.1665
4.54795
14.8715
14.815
3.64573
21.4063
29.8882
10.3576
3.38248
14.3197
27.725
40.0555
18.1092
34.0251
23.4919
35.32
24.2514
36.7375
36.4711
1.59012
22.18
27.1939
24.3508
9.12445
18.7422
20.1852
44.5817
32.2645
0
47.158
27.5096
36.2213
0.000129345
10.552
20.7316
21.1598
27.2251
8.52514
22.9473
19.3445
3.26287
0
3.91207
7.65082e-05
30.8174
0.0570516
17.2789
30.5451
36.0578
26.385
31.4569
1.27443e-06
40.9108
0
39.9833
27.6753
26.0891
33.8488
18.7291
71.3495
54.0379
10.8425
32.5972
27.4635
19.1319
30.962
0.805732
14.3987
4.77744
19.738
0
11.2537
6.20732
14.1132
9.76336
5.08927
17.9309
14.5711
0.490919
5.41941
5.3165
4.98103
12.4766
18.3082
0.0334412
6.44143
6.74218
4.39422
4.35336
2.175
0.427249
1.29683
0.0306795
8.83115
3.43045
16.1237
18.2602
9.69634
20.0178
2.48523
6.00257
34.3314
0
1.41249
7.31114
10.1434
0
29.4676
11.0086
8.22202
14.2949
9.63102
15.0184
11.7249
14.4416
10.2992
11.2742
5.13177
7.86666
18.6748
10.9472
6.78592
12.1865
39.4388
0
13.3724
5.43242
32.5848
5.65238
1.48126
17.8806
12.0497
34.5999
19.9303
19.8388
23.8805
12.4436
29.6729
15.0879
25.2757
16.6189
6.54913
15.2015
34.261
52.4705
15.0657
0.0117451
11.7087
34.4062
22.6979
45.2916
20.8185
8.77535
20.4914
12.2081
14.9147
8.46227
0.00715558
11.6785
0.829173
7.24394
11.4876
9.06859
0
6.83719
11.4906
14.7348
7.25775
11.0969
9.05749
7.84017
0.94945
2.86679
22.7631
4.51966
11.4082
15.8798
5.14367
19.0508
3.87949
18.022
7.19719
0.557987
19.8243
15.863
4.1353
33.1216
3.28314
6.78058
0
2.82641
0.0927243
4.29927
1.48505
0.0362548
5.64709
1.48147
0.175995
12.4223
0.641427
7.10727
0.264184
10.1429
1.67339
0.485673
12.1314
0.0124256
0.376321
0
0
9.86506e-08
10.2829
9.18321
31.4199
12.3601
17.9634
14.9427
15.1142
1.6095
5.28638
2.91274
10.0805
7.91027
4.58157e-06
8.00015
7.13755
0.683098
4.29184
0.133748
6.14687
3.8858
0.00580403
2.76623
0.374732
0.867376
20.8532
0
0
0.719994
1.16272
0
8.70709
8.76917
12.595
0
1.76962
18.247
7.72106
12.9142
19.1403
11.1979
12.6536
9.82806
7.70496
40.1031
9.63863
0
11.3244
11.7457
9.16068
11.5907
1.67985
8.58504
12.0844
12.8225
4.76661
7.65292
9.89244
170.452
5.34341
16.8033
12.6489
109.706
9.37829
7.21956
4.97535
7.33347
7.18009
7.29638
7.41569
31.0563
3.91397
6.598
8.75613
4.98858
8.64858
12.5997
11.7939
6.42469
0.00278509
0.00452583
14.2684
19.5563
0
0
0.00262607
0
10.5797
0.0510237
0.00329679
0
0
1.94309
6.93018e-06
0
6.66275
0
6.79306
10.9435
0
0
2.52104
0.593712
9.66979
0
1.13412
0.273225
0.00744165
0.31191
0
4.06398
0
0.655129
18.9215
4.57654
1.47653e-07
7.27621e-06
1.24512
0.00705573
0
0
0
13.1113
4.89522
10.9201
0.0803756
4.32175
0.227946
23.3803
6.40065
8.20433
5.49978
3.52347
4.17919
10.0725
3.8678
3.32167
0.891552
3.12335
3.23528
1.27549
0.849337
13.8805
37.5924
28.7132
22.0018
4.6383
3.21832
2.68152
1.82086
0.533266
10.6461
7.79772
6.5385
0.8821
4.96598
6.27231
35.0438
0
6.72122
14.5823
27.5922
24.5621
19.7441
9.49324
16.8527
19.6634
11.8247
24.6072
16.6342
21.8526
19.5108
17.4114
22.4035
0.452537
20.7034
17.4983
1.60361
0
0
3.13091
8.6721
0.996466
0.00236044
1.47645
23.4177
20.8334
7.38986
5.27687
8.85945
5.1487
9.50386
6.72803
7.71285
0.0214054
0.00390039
3.25924
3.98378
54.993
5.53301
30.3211
12.842
6.03598
14.8472
0
0.00359441
8.29304
8.57971
16.3002
5.43137
4.75473
0.810268
13.5832
8.04983
2.31725
11.0271
0.71052
4.07733
0.128819
39.1651
25.0874
11.7267
0.354909
14.8145
39.5713
0
0.391798
0.56771
0
0
0
19.5713
2.90569
2.562
0
0.0637265
0.362747
4.18824
0.479062
4.90717
0.612422
0.644371
7.9768
0.794095
0.363444
1.20784
3.29004
2.07462
2.35848
0.300347
0.0883779
1.19206e-08
0.627743
0.0172034
0.00367298
1.37834
1.05269
5.88355
9.22263
5.17874
7.56011e-05
1.61384
0
10.6287
6.31774
8.29286
16.3911
2.12756
3.29861
7.87973
19.1326
13.4554
7.23133
9.65732
2.19439
0.715994
4.19509
1.23935
11.5314
12.8247
7.37357
5.31535
5.21203
2.80983
3.84894
1.21946
18.6331
2.2534e-06
0.00331335
0.00800941
0
0
0
0.215738
0.940024
0.0110703
0.00916133
5.43764e-05
2.42183
0.224584
2.31328
0
3.61244
0
21.9269
3.83558
2.93534
10.1696
35.1826
18.4292
18.5157
2.13506
9.20577
24.4285
14.8694
0.102436
4.32058
47.4727
0.436316
1.00212
8.44164
0.111959
47.6118
22.4126
17.7437
26.2174
25.7032
7.77763
11.9954
0
4.23873
0
10.966
2.04929
1.3871e-05
31.5471
26.2497
0
15.8745
7.80468
13.2867
11.9875
1.20929e-05
8.29577
14.271
39.2171
7.40752
11.4623
18.702
6.3056
3.71083
8.18767
5.34025
4.85124
0.132153
8.03817
0.73159
0.803952
0.850429
0.764163
0.677751
0.0672706
0.159589
0.193103
0.0206827
0.859527
0.042956
2.9666
1.35087
3.79277
0.00379363
0.122217
0.779809
0.0620056
1.53
0.873792
0.333087
3.93031e-08
0.127885
0.00269967
0
0.00653338
0.827346
1.90353
2.35011
2.35395
3.61537
9.3937
0.370597
5.14406
5.01714
2.37619
4.73054
5.21762
0
0.928368
0
11.9331
0
1.60176
8.56316
9.89683
1.91617
3.83097
37.2516
17.1267
11.6802
2.47501
9.99645
20.9787
3.2919
16.2344
11.0801
1.07329
0.0837325
16.4607
0
2.53235
17.1359
0
2.50148
0.127516
38.4112
0.00126531
0.678612
0
0
7.4971
0.00642117
0
0
0
8.64019
57.9124
37.7963
47.4547
2.61786
35.2982
20.3849
2.88206
15.5924
8.30619
13.7198
9.43939
0
0
40.3915
0.0252973
0.0710678
0.0298766
7.12563e-06
0.661492
0.567425
29.2518
0.167853
1.46253
25.0783
0.0509663
0
0
0
9.55814
29.5037
0.000705992
0.0696494
0
0.12237
0.81275
0
20.8222
0
1.81328
7.11002
0
0.00180407
0.153776
0
0
4.85757e-05
6.6487
11.8205
0
0.950754
0.0216825
0
22.3075
0
4.86961e-07
0
15.1561
0
0
5.85359e-06
0.0396958
0.0300371
1.71888
1.69781
1.16368
0.84036
0
23.5896
0
0
24.0018
0
0
0
2.78573e-05
4.53313e-07
0
0.0584629
0.000185008
0
0
2.9236e-05
1.19361e-07
0
13.4314
0
0.00301602
0.358617
0
0.102225
0.11027
4.97029
1.83394
0.00064368
1.4126
0.0231634
5.40613
20.7799
5.92749
3.18534
1.6367
0
1.16853
5.74053
9.07381
0.613
0.730973
1.48125
1.13343
20.3628
0.910157
0
2.18996e-07
0.0708191
1.06833e-07
0.189568
0.0152267
0.000588435
1.34569
1.38178
2.61047
0.936968
7.38683
0.912915
9.50839
2.3974
0.509891
4.89102
0.824311
2.70958
4.82367
0.834202
3.26254
13.1284
24.7553
0.00926803
3.59104
1.09194
0.875691
52.9605
3.59027
0
11.0419
0
0.000384262
0.838662
37.2301
0
3.58278
26.1386
0
9.9893e-07
0.05545
0.0553108
0.0209209
0.923969
0
1.82971
0.400092
2.89091
3.81001
3.74717
1.7868e-05
22.0194
8.81437
0.0233712
0
0.807182
0.0818643
0.242884
20.8696
5.63118
3.40823
0
11.0356
9.62559
9.1714
13.4344
0
29.3144
14.5881
18.9056
11.5635
0.969777
0.503069
10.5263
1.48567
18.8538
4.82995
1.73313
11.1118
1.00342
0.0962939
0.0618921
7.47376e-06
12.6157
1.35218
1.55365
24.5773
25.4872
0.0202346
22.0425
11.3205
12.812
7.24544
0.871874
24.7947
25.9758
2.85925
5.20333
25.3334
24.2188
1.49432
6.73877
28.26
15.8935
21.0009
33.0903
25.9475
21.1317
25.6431
18.9559
1.1285
21.5154
1.00816
5.18477
12.9057
9.35633
9.25408
0.000584411
1.27395
1.8123
0.259409
0.0983981
0.612595
0.521761
1.6845
0
1.08999
5.28637
0.236794
0.00346298
0.285141
8.07821e-07
1.31364
0
0
11.7808
31.0198
0.00978578
4.60849e-05
1.10555
14.8055
0
1.61314
9.25425
6.87725
6.6752
8.69003
26.0159
0.000700126
3.98383
0.73344
0
23.0774
0.230928
1.42866
10.9899
1.11751
0.529181
14.7433
1.68395
0.0492554
0.0162578
1.60982
21.2101
4.36136
0
9.81275
0.374758
3.17743
34.4351
7.69608
8.64581
13.3651
8.60792
11.4558
4.33406
1.19726
4.59325
2.8492
3.86588
8.2362
5.4187
2.59522
24.4487
1.76589
14.3604
12.5521
0.877359
10.6879
30.8332
14.1124
14.9654
0
0
0.00339917
0.000525699
0.00782847
0
0
0.0010641
0.00443462
0.0660703
0.0962782
0
9.5412
9.80265
0.266678
39.5535
2.93594
4.07765
8.17131
6.09579
5.87192
2.87393
31.93
11.1607
17.1409
9.95747
3.82386
6.03638
2.94055
8.37765
0.859468
5.2834
9.09546
31.6897
6.36393
5.0251
4.06341
10.0673
4.05379
0.991826
0
0.548304
3.55911
0.000847008
0.832947
0
16.6841
0.466263
0
34.3708
17.2299
10.1826
15.7746
17.7747
4.79697
0
0
0
0
1.98652e-07
19.0274
0
4.95164e-05
0
38.6636
26.6048
4.73881
0.907385
4.34962
1.55042
2.10518e-05
0
0.232212
0.359085
0.431331
1.02739
1.52306
0.0165011
0.912095
0
9.99395
0.195946
0
1.45468
7.30812
2.6653
5.11982
5.72327
7.64984
5.20445
0.45367
0.567378
0.489014
2.36245
7.56098
0.425152
0.455101
0
17.2831
0.613305
0.000422443
32.5129
0.829206
21.0893
0
1.26924
14.7546
