7.28469
2.89218
5.05933
0.573273
0.933911
11.4264
0
8.85629
1.79007
9.92982
15.0811
0.00434266
0.00809441
2.09416
12.2368
0.380408
6.67069
18.6368
31.2538
2.98566
11.4301
0
0.0102779
0.0547618
1.4282
0.611721
2.01468
0.785982
16.4262
0.896597
0.0924879
0.335263
1.13012
2.26003
0.117821
0
2.89983
8.17143
3.87573
9.33522
5.1914
23.8574
3.12682
12.7675
1.25752
4.48277
3.85407
0.00450114
3.00206e-06
0.000212819
1.30869
0.909631
9.48789
0.626937
5.66043
1.06918e-06
28.1508
1.85042
0.77979
2.35476
8.57694
1.25382
7.04624
1.01293
10.4514
0.225276
5.89993
4.36903
2.9424
2.04379
12.2523
0
0.00187706
0.873891
3.71363
1.87004
11.3859
2.7839
0.0307188
2.98364
0.283522
1.39063
0
0.250877
18.5828
3.27256
4.92625
7.83132
3.25706
7.06174
12.2046
8.67222
2.49399
3.2449
6.42039
6.24086
6.79384
6.23233
2.79092
1.5979
2.82378
5.10084
3.30659
5.26513
7.85826
3.05632
8.00935
2.14668
1.49205
5.49666
2.06205
3.48253
2.28357
2.95844
3.12593
3.56847
5.69154
4.17275
9.78086
3.97826
1.04399
3.16892
4.37442
5.81676
0
2.39413
4.63807
0
0
0.0338011
5.44537
0.867193
1.03441
6.0183
1.3857
3.73681
0.840997
2.30087
0.996483
2.26183
0.0804965
0.168496
1.72888
1.45259
0.448771
0.041284
0
0
30.2913
52.7194
2.0436
0.687177
0.00335996
0.00757048
8.96637
9.12678
19.7004
8.84144
10.0961
0.520614
1.94478
12.7083
0.559543
1.56256
1.02382
0.145305
3.78182
1.02014
9.31151
1.96591
4.29186
0.886472
1.47459
0.694751
2.3281
0.0287092
0.0454483
0.742441
1.06495e-05
0.27343
0.364745
10.8102
0.0117866
0
8.61047
4.21562
17.96
4.68565
11.1039
28.219
17.2482
15.4602
15.4613
24.1391
2.86845
0
6.8743
4.23658
4.83284
7.50622
59.7187
104.831
27.2298
62.1854
16.1748
6.29064
9.89032
4.06992
60.6747
3.35283
25.9254
29.9219
1.35526
22.4095
14.4781
25.7531
3.9025
24.5083
19.8645
4.93988
3.5281
3.43949
26.5035
0.377391
16.4373
12.1465
11.4113
12.464
11.648
0.981608
4.5905
6.66874
11.8266
0.135586
4.60004
2.24694
7.16699
1.89342
2.06826
4.05812
4.9558
5.40956
4.65834
0.0623098
0.802026
0.108068
0.111018
0.0316151
1.66942
0
0
0.378244
0.079754
0.929522
0.857595
0.00440375
0.00322878
0.845757
0.00407491
0.0208619
0.129265
0.201056
0.23785
1.46792
0.00371989
0
0.42832
0.352461
0.0166316
0.57131
5.94218
0.0828968
7.9874
1.29988
0.183634
0.945355
0.874523
0.0211707
3.85946
0.230713
15.6093
0.282385
0.0576451
0.0249947
0.145522
0.543016
2.57225
0.51589
0.480354
11.0493
6.63681e-06
1.58511
2.46364
0
0.115831
0.0401766
1.57719
12.3971
3.66418
4.93844
6.52144
1.22387
6.50433
6.20898
3.79734
26.2204
4.54705
2.20873
0.0395439
0.230445
0.753473
0.684162
1.56029
2.89809
7.34611
7.98322
22.8814
6.98038
5.49251
3.99207
0
1.66569
1.89116
0.531664
13.3155
5.48885
1.52794
0.95969
0.170588
0.00447011
0.00488696
0.226913
0
2.26572
2.17111
2.71616
7.60147
1.57694
4.46595
0
47.8514
0.617854
7.0114
0.0800882
0.000518381
0.0660362
0.222019
1.73157
1.3483
1.53953
0.105635
0.0204298
7.51279
6.43753
0.00571463
0.918168
5.50187
4.42619
0.264385
0.703427
3.99892
3.88613
0.0265822
2.71651
0.0257607
0
0.716099
0.234101
0.550241
0.263822
1.1006
1.1661
6.28011
3.41494
2.07319
4.03847
2.12947e-08
4.56442
9.13423
12.8878
12.1339
2.13132
0.872164
4.69531
20.7593
6.42748
1.12893
2.09336
4.93158
3.92349
1.99432
1.98805
3.60507
3.64374
1.60054
10.7267
13.4871
7.51263
4.03773
20.7112
7.46829
26.3424
19.2179
13.7873
17.5255
6.92221
8.82143
12.5215
8.52926
2.97525
11.5491
3.16222
2.53403
7.26029
2.67862
4.52429
42.4443
11.9642
10.6149
2.03754
1.65458
5.20522
2.14648
4.52806
8.61415
11.653
12.7082
5.22351
10.706
12.5672
2.77906
6.7949
12.6497
9.95557
7.48131
9.56228
9.53632
0.754682
3.04318
2.35184
4.23474
4.85981
10.4057
15.6942
12.8746
1.59622
1.22673
0.588513
2.58192
1.93097
4.89398
3.90616
17.869
1.10049
12.4086
7.7192
19.9909
7.31828
12.288
6.13915
4.17906
0.916814
1.13082
1.58728
4.74786
1.23769
5.92988
4.00597
2.01699
4.47193
2.93835
0.241908
0.903707
9.84096e-09
0.669289
0.387807
0.928074
1.41884
2.14876
4.99335
7.29224
1.77027
2.53708
21.0294
8.35357
7.59709
6.97414
3.94269
2.78408
9.83338
15.5856
22.7798
12.6234
2.21974
0.376584
9.06496
0.0187885
0.694774
0.878113
0.00482826
6.44286
19.9616
8.53119
8.29615
26.5496
16.6805
4.2595
12.6994
0
4.25793
3.47443
3.10453
0.754893
5.45666
6.8943
8.98949
26.8632
3.62437
13.3179
5.10192
1.24141
8.33694
6.45171
0.000119738
0
17.0541
0.000569978
2.86297
0.41455
1.10369
0.478352
6.28644
2.83585
2.98379
0.376295
2.27427
0.711101
0.449486
0.827429
12.698
1.84524
0
8.63733
4.96498
1.01002
2.09618
5.05245
0.863489
8.43568
9.23241
21.0808
11.0502
0.656637
17.1438
0.00746828
9.8998
21.684
18.9439
18.1034
20.7657
2.61729
1.79445
0.0045263
7.11886
0
8.94861e-06
4.03405
3.40472e-05
1.36127
1.08618
5.2166
11.3533
0.106572
2.18679
0.592874
1.23591
2.35362
12.1402
18.0055
5.20612
0.250591
2.02594
2.40179e-05
10.658
6.22128
0.638977
6.96677
0.396132
8.03214
2.92809
2.06728
0.75929
9.97374
2.48535
7.6593
8.19933
21.6743
2.84693
0.353644
16.5584
5.13885
11.0382
10.5547
1.03816
3.27277
19.9996
0
0.295091
0.692972
1.59785
1.69116e-07
0.0600568
25.3747
3.798
1.92516
0
0.42741
1.07536
1.61831
0.620664
0.907795
0.782611
1.11307
2.14269
2.85721
0.195517
1.99182
1.34369
0.0249207
0.0435526
0.437242
1.16918
0.000642295
1.89567
18.981
1.02708
17.7368
3.03196
2.43712
0.550413
11.2777
0.898489
4.38775
6.15338
0.0229225
1.99004e-05
0
0.453798
10.5751
19.0096
0.391787
10.8124
0.925282
9.17303
6.56477
11.7849
25.5191
0.218173
1.08534
0.308689
0
0
0
0.0161527
0
7.64088
14.4187
10.2596
8.60078
17.7869
0.453243
9.07912
4.20249
19.1967
19.3599
0.000963473
4.8784
0.655601
16.3386
14.6486
1.19928
0
11.1051
4.81834
0.990008
7.0564
1.29154
1.36762
3.61479
4.79848
2.95761
7.92395
10.2927
5.68601
13.9725
0.908653
1.73197
0.269212
1.77741
1.71025
0.883463
0
0.814521
1.07316
0
13.6351
1.6674
3.14086
3.36882
0
9.17425
2.08126
0.54355
2.93931
3.78324
11.8133
6.12792
5.62064
10.462
12.6171
10.0084
11.9298
13.7727
20.9767
24.2885
0
1.04586
19.4393
3.81127
0
5.71365
0
33.803
54.1517
12.3679
13.2805
15.0565
6.46283
8.77497
0.987578
0.0202267
9.47553
23.5315
1.18074
0.683301
0.963585
0.521455
37.0694
1.02856
0.0183348
0.00021006
0.00125539
1.46416
0.0183802
1.69657
8.57652
9.18778
2.14158
0
0
0.426161
4.99588
3.03143
0.0373399
2.95487
20.8439
0.74261
13.7393
1.39644
7.545
15.9462
7.15176
19.9412
1.95901
7.22576
1.6076
0.00389751
0
0
0.00302056
1.1369e-06
1.89954
0.00808077
0
0.989623
2.11782
14.9091
5.91719
29.6238
7.67217
5.13804
5.66718
5.90202
2.4031
4.75864
0.0362485
10.5207
2.67389
4.28692
3.86291
6.90799
7.83396
10.3928
2.11353
0
8.10205
0.00707711
16.5994
0.158292
0.0620387
0.405535
9.5073
11.783
1.97272
4.6727
5.92506
19.219
0.914051
0.105862
0.609513
2.79342
0.579792
1.2521
2.49146
0
0
1.06511
2.80022
2.50488
2.10413
1.1144
11.2882
3.37071
5.27369
7.01322
0.416154
12.1676
0
0.0999249
0.883248
17.133
7.57425
8.49891
2.28582
6.97387e-07
0
1.65292
15.5189
5.32082
10.4501
0.00217416
5.84794
6.35782
3.39318
0.130999
8.79974
2.21304
1.43526
5.84032
0.0495834
0.0021642
9.89737
0.363026
0.000126319
0.608745
7.3085
0.0281516
0.688468
1.71041
3.20503
6.16179
2.92639e-05
0.846214
19.0223
0.0270667
17.8134
0
1.35976
0.0738533
0.000864092
2.12831
0.103664
1.58817
0.0343864
0.984496
8.272
4.05729
6.24646
5.47395
0.262711
20.2866
6.524
2.37465
2.05004
0.732464
5.82601
0.804213
6.01703
6.89868
3.51937
6.79697
2.44063
10.0728
7.03586
2.0112
9.09245
3.88887
2.87271
0.953901
1.83232
7.5782
0.939019
2.29054
1.11999
3.27559
8.49427
1.19371e-07
8.07275
1.06766
1.56511
0.208433
0.859989
0.477975
10.9749
4.18007
5.21399
2.79863
0.230661
0.654572
2.48698
2.16866
15.6801
0.0306015
6.72495
8.70249
1.71273
0.0188913
0
0
13.4125
0.435658
8.76351
8.29319
0
0.0270835
24.4874
0.0295379
0
7.40649
16.8209
4.5564
0.0101465
6.06237
13.2685
0.09101
2.14658
4.47924
11.1422
0.0411179
0
3.84336
0.301649
0.818321
0.233896
3.6752
5.9795
6.51129
10.8651
0.00240867
0.0774027
0.00620054
0.119883
19.1216
12.7026
1.61971
7.17752
7.5859
9.57648
14.3751
0.769756
0.00541078
0.547218
1.52651
5.37094
0
0.373459
0.295428
1.90897e-07
11.7689
0.0177081
7.33861
5.24581
0.921115
0.0796751
0.00397014
0.189521
0.387992
3.22733
18.8195
1.89903
19.072
16.0162
0
0.338187
4.36064e-06
0.905632
1.84868
2.99112
1.95706
1.79476e-05
0
0.137351
5.43328
0.000165204
0.026389
1.1125
0.198777
2.1215
10.4289
0.90321
0.0685922
0.451162
14.3696
21.1534
4.39106
0.812483
2.89798
2.04582
1.57506
3.58348
0.0858232
0.236273
4.0258
1.09153
1.41223
0.0247204
10.8716
8.95198
0.224821
0.822451
0.574288
0.368285
0
0
3.20158
30.3956
0.000224254
28.2571
1.13272
1.2964
0
11.2697
11.3265
4.52345
17.0857
3.67292
3.20977
25.6897
8.40173
0.000757644
0
0.302233
4.07462
13.4736
8.46696
10.085
0.0688257
0.406692
1.53691
12.4082
19.1963
4.94992
12.88
1.6992
21.5998
2.66664
5.87937
12.6888
17.7626
0.307353
4.30357
4.10265
12.5448
0.284778
0
24.2411
10.0893
0.00788717
2.62542
2.28368
0.000856634
24.4993
6.44074
15.8268
0
4.48769
3.51408
3.02313
4.66341
9.97017
3.50101
10.102
7.9667
4.08116
0
0
0.172866
7.77368
13.7801
8.85092
9.12104
5.31652
6.13107
5.79761
12.8887
15.3928
39.6839
45.348
10.1899
5.02284
11.5877
1.44488
0.15216
0.787016
1.33957
1.24655
4.30194
0.718587
0.382634
8.72722
0.000799317
2.74003
5.17464
10.264
17.74
27.3452
5.70664
20.2183
8.35927
0.995496
1.29138
2.20703
15.6517
15.4105
2.98868e-05
4.73356
5.35699
1.82949
11.9627
13.2844
16.4651
0.376704
0
1.89398
11.3228
8.63274
2.27638
1.62284
4.20933
0.00105076
9.9852e-06
0
0
0.000653966
15.1245
4.27753e-05
5.40565
0
17.7066
7.38883
0.857172
0.00839427
1.38419
6.20285
4.5113
8.85843
10.0175
0.291193
3.76972
13.4226
17.2548
2.68389
0.441509
16.7793
12.3897
6.12469
0.0490998
8.37687
3.11887
1.19435
1.20052
0.000873584
0
0.525692
0
0
0.171916
0
0
10.1408
0
1.02618
1.79942
3.34542
0.124359
2.08737
4.06731
3.23803
2.9216e-06
10.2226
0.0624087
4.28493
2.71544
0.54887
4.91828
4.21639
3.07126
0
1.46567
0.0859438
22.7088
12.8321
0.745166
12.3834
0
3.28802
12.6206
16.5774
1.90603e-06
4.55033
3.19644
30.7494
5.57376
0.0856053
0.767275
0.795165
5.88231
0.000515509
2.99752
0.0937351
0.836874
0.00523792
0.00380679
3.15675
0.743838
0.988158
1.76322
4.51785
0.000249306
3.12693
5.8166
0.0684033
4.34377
0.603775
1.74124
5.34966
5.29457
0
0
0
0
0
5.45169e-05
0.959439
0
15.1389
7.17344
3.5669
1.86452
4.9562
1.63706
6.84995
8.40621
0.000383888
12.4033
12.5787
11.0888
36.1667
30.2192
13.3782
13.8731
1.06306
7.90905
21.4862
22.3254
12.424
18.4688
1.10025
8.09176
5.85
0.000446339
10.951
0.0255383
0.773724
5.98475
0.832316
0.156011
0
1.81156e-07
0.617945
5.03091e-05
0.82808
1.73572
8.31363
0.668952
6.74107e-05
0
1.28274e-06
0
1.58161e-06
0.124823
0.0517981
0.810316
0.070542
5.29338
1.14653
23.9335
14.909
0.088142
1.92873
15.5207
3.53956
2.73722
1.73453e-05
4.0881
1.24667
1.83136
12.2722
0.00495756
0.514724
0.0918763
4.4283
3.42387
4.61657
0.0374851
0.981327
0.292921
3.75622e-07
0.485578
1.79139
10.4294
11.7571
0
6.15674
0.785401
1.71213
0
0.000501593
12.102
0.00127404
0.177162
0.202275
11.7239
25.2891
0.887176
2.67357
19.4214
1.00904
13.6022
12.649
1.32981
8.42667
0.607669
3.33398
0
3.11867
13.7061
0.229221
0.953968
0.0778599
0.823303
0.500032
9.34621e-07
0.368237
0.486514
0.16624
0
1.29681
0.387375
2.61313
12.1603
0.284087
23.4582
0.0541401
6.43501
0.556321
0.46564
0.76092
0.0333505
0.144742
1.14256
3.37923
5.40363
3.32407
15.6128
7.39994
3.2365
0.0669673
13.2271
21.0454
0.0306819
9.72491
0
0.974983
0
5.80116
6.59108
0.0129049
1.52865
0.0399696
1.89261
5.3825
5.92388
1.33432
1.4765
2.16547
0.422567
0.488157
0.858247
0.00751021
3.89362
0.92314
0.135694
0.0247685
8.16218
6.20677
5.45404
2.29051
0.654086
0.013895
4.37237
3.88725
0.873885
25.4674
0.000391249
10.0749
1.16765
0.361935
27.0923
16.4469
0.167892
0.159195
20.3705
24.8139
3.01711
5.48911
1.8718
14.695
5.36118
3.09579
1.02566
5.66847
2.51448
6.94946
2.86819
5.08086
6.41132
4.69341
3.62322
4.56986
9.15023
3.25959
0.0379974
1.85103e-06
0.221905
1.58307
0.183259
0.412438
3.45397
0.567531
18.809
1.64019
0.0159714
1.86383
2.55476
1.53463
9.10911
1.29102
0.681652
13.7847
14.7837
1.58948
15.6624
4.85694
0.748697
0.979241
9.29988
23.4476
14.1932
2.83811
0
0.0515572
3.01227
3.38698
1.0713
0.833995
3.74155
0.923796
0.0386991
0.688863
0.780552
0
0.145146
0.00213522
6.30631
0.0390685
4.86558
0.690675
98.7324
0.942823
0
0.779091
7.51732
0
4.9601
8.45417
0.382619
2.75038
24.5102
1.33977
0.892213
56.1929
1.23282
0.0670009
1.49858
0.0501387
1.70861e-08
0.0157342
1.08183e-06
1.03865
2.48931
0.139542
3.67353
0.000442989
0.00509533
1.06688
6.51023
0.260134
0.454651
0.0369182
0
0.523952
0.826956
0
19.1869
0
15.9067
0.788178
1.76474
9.46977
0.184962
3.31883
1.58531
3.05001
6.68375e-06
3.12768e-06
19.2891
3.71549
5.45759
10.838
5.57971
4.50075
0.144544
0.00113151
1.58056
1.35545
0.052339
0.0785573
1.33445
0.719255
0.24334
15.2943
5.25347
1.45601
1.02893
1.11894
9.37222e-08
0
0.022187
3.4516
0
0.18208
0.67507
1.0342
0.0758058
1.3709
0.707733
0.072377
0.000510277
0.978216
0.047506
7.33122e-05
1.95335
0
0.000188233
1.22631
0.118529
0
0.91809
0
0
0
0.0603784
13.3284
2.00079e-06
1.82964
2.30152
0.00498012
0
28.9505
3.09054
8.43544
0
0.17118
2.85876
0
0.983384
0.668902
0
0
0.0168312
0.536262
0.760621
0.891283
5.89856
4.64141e-05
0.0120858
6.83633
0.587579
0.928879
13.3174
0.0152263
0.936459
0.920161
0.653484
3.65569
0.491589
0.601323
1.25856
1.81661
0
0.0719664
2.86024
0
0.13004
0.0640707
2.44608
0
0.0329269
1.8524
0
1.3861
0
4.47087
0.76363
9.05328
0.816641
1.6235e-05
0.0253032
6.20766e-09
5.8721e-05
0.00031152
0
0
0.000837575
8.6392
4.86475e-07
9.64411
5.1226
6.55162
39.4401
3.08349
21.4984
3.19469
8.11117
0.343512
0
4.65277
0.994779
12.3055
0.0685737
1.055
0.673139
4.36186e-08
0.127361
15.0974
4.36748
0.89542
0
12.5611
2.82371
1.6399
4.59556
1.43316
16.6314
3.3146
19.6078
0.776963
1.31406
6.3993
0
9.85877
5.6928
16.7081
24.7546
2.77142
5.6253
11.5345
6.26078
18.9236
19.4571
24.5214
4.09971
5.97127
1.89429
12.0749
6.64937
0.243709
0.707843
0
0
5.42479
6.14076
6.79808
0
1.53051
0.140215
0.034759
2.09335
5.38114
3.1552
2.53933
2.51953
6.37121
6.62654
4.36445
0.827865
4.28505
0
0.42282
0.169458
3.42327
3.05804
1.2189
0.064698
1.95629e-05
4.64119
0
0.870186
0
0
1.8301e-05
0.956763
0.0582434
1.34767
0.696359
0
0.0162516
0
0.217651
0
0
0
0.566622
0.0232672
0.112563
0.381019
0.00402037
0.0896515
2.31606e-05
0.153545
0.835646
1.3021
0.0151338
2.32276
0.00656699
0
0.000442053
0.00282995
0.207526
7.34335
0.105711
2.66926
0.0192816
0.66365
0.291126
8.75819
0
0
0.0140782
0.0780848
0.752429
4.15753
0.898747
0.00723138
0.55479
0
0
1.04267
2.32303
8.32328
2.4564e-06
0.633193
0.00231741
5.33916
8.40386
3.26185
20.0777
16.0878
12.1436
8.70172
25.2677
22.0707
25.388
35.2342
18.4696
13.7597
12.5353
0.0115166
0.0454365
16.9447
9.57811
14.6713
12.5077
19.4836
19.3594
4.62637
14.2862
17.9004
27.3996
5.30625
15.63
17.4272
11.5608
8.68518
7.23456
0
15.9956
0
5.34235
20.2131
25.7488
11.4003
4.01597
12.4826
9.41887
5.38645
0.357923
12.1102
12.4875
7.12428
15.109
22.7625
31.6016
15.8984
17.054
13.7565
12.7459
6.98787
15.6971
0
13.7645
16.0902
8.97051
0
8.75293
7.83906
0.103701
0.412273
2.44238
0
3.21696
1.17128
6.6859
1.11086
13.8761
1.00603
1.05644
1.43337
0.117988
0.954108
0.421106
6.87627
0.00591986
0
1.77773
4.37476
1.38226e-05
0.798277
1.17265
0.0507525
2.03852
0
0.000731132
0.0286771
0.362867
0.990466
3.35783
3.6117
1.17843
0.592722
1.5527
3.06276
4.49968
3.58111
30.7465
7.07604
10.0273
15.7837
10.1631
11.5201
14.2632
18.4116
7.55623
17.9768
9.07691
0
6.8489
8.12301
9.57167
0
9.09035
0
3.45667
6.17975
0.447152
3.25404
4.79918
7.14666
2.02579
15.6096
0
0
5.39541
2.04158
2.01766
0.00221195
0.829743
0.222716
0.313007
1.42781
0.971313
0
0.0249224
3.43619
0.412748
0
0.0701867
0.0069931
0
1.78194
0.131737
0.0856333
25.3457
0
0.000184114
1.08186
0.0287403
8.51209
4.27682
0.0644337
0.359231
18.4322
9.12893
0.387849
5.74215
0.0243109
0.215888
0.632405
0.724474
9.65367
0.0950498
0.213548
5.60839
1.16108
19.8697
0.773499
0.0967186
0
0.607475
0
22.073
0.0613779
0.0512414
1.26741
3.69127
2.79942
8.0832
2.81448
3.87688
14.7741
10.8219
9.25825
1.09447
3.15124
4.426
1.04104
0.543065
14.1086
0.379851
1.25602
7.20183
0.0966239
2.15566
1.08241
5.52896
3.10722
2.69521
0.826538
17.6412
1.24009
1.25481
1.91609
1.7738
6.60091
2.45813
1.50931
12.3983
4.52032
0.000482602
0.000618597
0.0533181
1.59798
0.312442
6.2348
8.69542
12.1291
26.7244
0.567924
15.1049
19.3668
2.74729
12.0389
2.51286
54.4969
3.5954
4.39911
2.36555
41.4886
17.6426
12.5743
19.4689
5.97377
0.542534
0
0.0569031
0.302355
1.15301
1.8302
0
2.32921e-05
3.66191
12.6101
16.984
0
7.02438
0
0
0.00209592
0.951371
0.97175
0.410019
0.601801
0.753189
2.03252
0
0.598444
11.577
0.968554
13.318
2.50401
5.52564
5.08527e-06
0
13.0937
2.32498
0.980952
7.90196
2.75188
1.07956
1.42808
2.6348
4.54515
0.199104
3.4234
6.49297
0.5257
0.389423
1.0821
0.273005
0.489071
0.000150623
15.3986
0.00233328
24.1792
6.03904
30.5439
0.0185061
1.49346
0.00027174
0.901649
0.00141373
5.18931
12.8168
16.3297
0.111754
4.13919
15.9323
12.0601
3.23795
4.77478
0.00854537
8.88949
0.026351
1.12713
1.01299
0.324907
0.0261805
0.0151047
0
0
0
0.00647464
0.538018
0.102204
0.000789893
0
0
0
0.513918
1.46422
0
0
5.12192
0
0
0.0395403
0.000435018
3.08188
2.9374
9.79013
0
3.24493
0.644681
0
0
0.284412
0
6.36538
2.93852
8.47339
3.57257
6.85746
0.413351
3.79666
1.08037
3.23887
7.17279
3.65776
2.4766
10.9591
5.24368
13.3245
6.6257
6.57231
8.95431
7.06933
10.793
6.732
16.1486
11.0481
8.03952
10.2373
5.80542
10.5691
6.77865
7.29857
5.48552
7.22047
3.76267
1.33722
8.1259
8.00834
3.88594
2.91825
2.35147
1.82579
2.30094
0.47656
0
0
0.0110815
0
14.51
14.5597
1.75692
1.9445
1.92059
0.548679
0.774913
0.0241144
3.15619
0.000311692
16.5323
3.91259
1.49212
0.372691
13.3485
8.66985
1.86565
15.0825
15.6729
8.25616
5.37071
1.92652
7.35656
0
11.4152
9.38478
2.58662
8.64675
3.57971
2.65492
4.1974
4.95683
2.27163
3.27274
21.1102
4.46928
2.98546
2.43891
0.533851
7.18557
19.5144
8.75941
22.306
23.8385
16.2512
14.5937
25.19
22.2009
15.5249
13.464
17.2898
12.892
26.3666
15.9558
12.9541
9.70249
7.86184
0
0
0.00156161
0.681358
1.50138
11.0082
7.6518
6.92475
7.90274
5.2239
3.31179
3.1248
5.53205
3.09971
4.19789
3.07701
1.36992
1.13943
1.04032
4.60173
9.7918
2.57829
28.2928
3.02867
0.949013
4.32351
7.65181
3.03122
1.45334
2.54507
3.00471
4.37879
2.19548
7.49686
10.9598
2.46419
2.31166
12.5918
19.6887
22.0178
12.7871
8.26146
4.2256
0
2.6276
0.750711
4.85887
9.51433
5.68454
11.3251
0.00178935
11.0712
13.4792
8.85455
10.6382
5.97377
11.265
23.0002
39.1967
0
0
0.00892393
36.6292
32.3457
33.7637
2.72617
66.4832
5.10332
11.7995
0.0071089
0.266059
0.725374
3.78297
9.84752
3.71543
8.20757
24.9026
16.8921
8.08819
4.0333
0
23.6532
6.58199
26.036
3.51618
5.75992
16.5886
19.6363
13.9435
19.0152
10.8077
12.8134
12.2412
15.6304
2.20862
8.75057
28.4649
28.6608
3.71321
26.9016
4.0952
8.67748
5.47101
24.4058
6.29679
9.18137
15.0071
7.39865
24.0261
8.77383
4.54547
0
7.55439
0
2.51698
11.3548
11.9801
6.18926
4.42501
3.26776
9.88244
5.7414
4.49608
6.0375
9.2719
4.96402
5.31589
9.92969
5.57965
6.30202
5.52375
4.13532
6.05506
5.72649
7.46225
7.78841
0.722775
6.40582
2.85529
8.48596
1.87954
8.28416
2.15851e-06
0.893755
0.354065
5.38562
5.7098
6.72762
1.64691
7.13904
7.23449
0.614907
3.99277
1.75496
4.39957
2.45436
4.86887
4.35051
1.48217
0.678183
7.49561
1.13491
0.847528
0.00791843
2.87071
2.66469
2.22214
3.87371
1.06658
0.10476
0
6.02537e-06
1.1557
0.220855
1.08862
14.3753
2.0818
2.14953
2.31943
2.61371
0.748245
0
0.00831318
1.79898
1.83113
2.68331
0.0858992
0.930535
0.00527114
0
0
5.91626
0
0.386466
2.85847
0.859438
5.53302
0.20937
0.821945
1.50929
0
0.225672
0
16.5419
9.26754e-08
7.58488
0.247167
16.6494
1.39362
11.1076
1.50564
0.863085
11.5756
0.980929
8.81676
10.4698
26.1634
0.0769373
2.78619
0.0546208
0.325344
0.921276
0.981524
2.71338
12.6464
0.468485
0.0266369
18.1581
0.166217
1.56312e-06
1.51147
0.0291462
1.16924
0
0.170481
0.468893
0.064618
2.48052
2.91284
0.955805
4.47631
2.78366
0.681505
3.02558
19.6739
2.19355
13.8854
1.29893
5.18605
17.0898
10.1821
0.311066
6.3947e-05
0.523576
0.299818
3.85746
15.069
0
0.268802
1.72641
3.10441
1.44155
0.00969402
1.07008
1.3821e-06
0
0
4.64423
0.938826
1.44743
1.73625
2.48977
0
0.517016
0
0.156244
0
0
1.46712
0
0
0.023305
0
0.60578
0
0.999867
3.75115
5.09963
5.97065
6.40544
30.7843
5.15045
1.3462
0
0.962883
0.00045823
0.158536
3.46875
0.659229
1.53347
0
2.13259
5.47491
18.9296
20.671
15.2842
2.60462
0.252781
3.63515
5.61762
1.34477
14.5049
6.1208
3.10354
13.538
2.87299
2.15184
15.6445
10.6684
7.11963
21.3089
0.65575
14.7759
2.04157
26.2422
0.0124987
54.4366
62.1408
1.09054
0.0018128
0.286592
1.72886
0.18033
1.55566
0
1.84163
0
0
1.14547
4.69968
0.0121431
2.08895
0.908528
5.46679
6.28729
6.29488
11.3991
8.17153
5.24166
2.51071
4.24127e-05
5.31858
9.78544
8.40682
4.97669
11.5253
4.62074
9.2808
0.000354072
3.03043
0
10.1513
4.8103
4.07073
1.69686
0.586531
2.57879
11.3391
20.6814
2.66149
6.34069
7.29446
4.80922
2.88305
8.67191
7.80851
2.13643
2.04085
0.25698
1.61763
10.6974
3.93405
2.69135
1.95696
0.0770172
6.78013
3.48943
1.05122
6.40334
0.171726
11.2715
3.79465
10.9063
10.0224
7.99308
19.7764
6.61202
7.54421
0.943251
3.72103
2.7748e-07
0.0952146
5.65652
2.47411
2.5695
3.20111
8.32335
5.81074
5.39123
7.17947
12.9421
31.3926
17.2431
5.95791
0
0
0.00936934
6.97779
0.534445
9.22735
3.73591
0.0386797
1.36741e-06
1.42552
0.23671
0.972732
0.47939
2.59138
3.05314
0.057249
0.0739032
2.15059
17.5953
4.28157
1.80393
0.729246
12.6277
0.989125
4.31088
1.1426
8.63584
0.892791
13.315
0.0369416
1.68992
8.00952
0
0.109788
1.69715e-06
0.336038
1.54586
0.00538082
0.0439617
1.24507e-07
1.00974
0.902052
0.948599
0.0575769
0.943884
3.0376
0.0870775
0.00966174
1.72338
3.57212
9.50092
2.24916
0.00402861
0.0904368
2.67878
0
0
0
0.0752462
12.0951
0.696382
5.96732
18.5332
8.75573
10.6803
27.7563
15.2542
25.0321
3.0055
12.0917
5.32095
0.102894
1.85646
1.82036
0.221966
0
7.07193
0
8.58416
7.48273
2.31661
3.62899
7.35164
8.46208
0.872143
13.7386
16.6232
9.70501
10.4241
0.00968956
18.8399
0.342307
9.37461
4.36176
6.19308
5.89795
3.95437
0.782151
0.279897
0.00316161
7.3939
0.0940223
9.30958
6.80604
2.84963
0.0424053
21.3595
16.2363
4.56208
3.04761
3.53508
7.2644
15.7129
2.28689
19.9531
2.09093
12.7415
9.98721
13.6252
7.22285
4.47939
0.000270769
2.54087
4.2125
10.1526
2.60067
5.63679
11.9418
8.27179
4.18802
10.3376
17.9201
6.10866
10.9493
14.427
3.75369
20.2719
23.0826
7.75323
18.292
10.6999
0
6.79705
17.1338
8.21276
4.84448
21.1135
0.827528
18.4518
44.9243
3.61653
0
0.00190584
30.467
16.233
13.2769
17.7453
0.237797
15.5788
9.40398
2.76365
16.8591
24.9463
7.92322
4.86589
15.3495
15.1227
8.16444
15.5681
26.7067
6.15459
11.0744
8.67586
18.5084
20.8373
1.09389
28.6472
13.5926
8.24678
0.385582
8.95964
14.9008
31.4856
20.3139
2.27524e-06
17.3665
15.6933
14.4151
0.0888638
7.53273
8.24892
5.86092
13.1212
5.74451
10.3264
8.34569
0.163703
0
2.08997
2.35471
6.38477
0.848961
8.10891
18.0678
16.3474
11.4726
10.5769
0.918475
8.14997
0.00178572
5.77193
7.7196
6.26608
7.78917
8.48025
29.3878
30.1632
28.4232
13.1729
10.9541
7.62794
11.0219
0.128738
10.8737
5.83613
11.0341
0.0792122
5.87891
5.21922
11.0046
10.6694
1.7549
12.1568
13.074
1.14272e-07
2.77077
2.69372
6.38686
6.62359
8.99219
0.607547
1.94992
9.67903
10.7249
0.0183292
3.15753
2.10714
1.82094
1.13936
12.8085
0.577139
10.1018
6.7622
8.41734
9.49418
8.90623
0.0683618
12.1953
0.012675
1.55352
3.07807
5.80844
4.69843e-06
4.75445
8.44184
6.90031
5.05452
5.42248
6.81615
15.8708
10.3071
6.07401
4.67574
9.87773
8.25995
8.18949
14.5725
4.47852
5.61077
19.3361
0
9.71583
13.6111
20.9257
16.1667
2.50507
12.1379
0.396587
2.25325
2.25047
9.83735
15.2575
6.16374
16.9097
7.14468
3.21525
8.97786
5.23253
4.26406
3.98591
5.25975
4.84174
0.0412905
8.12838
9.35603
4.10439
12.6612
0.00927901
0.214106
10.8681
0.0944635
20.774
13.186
0.0421091
10.3707
0.764335
12.3192
5.70702
5.97288
0
0.911793
4.27158
2.34971
14.3843
2.19018
6.06262
4.98069
0.810506
1.912
7.59335
6.58313
6.21663
8.9776
0.121839
7.28991
2.66345
8.2144
5.13372
1.16864
5.14814
7.12539
2.57852
10.3179
17.2621
7.54441
0
9.32004
0.000717702
15.7235
2.79917
2.79347
15.6807
1.33136
1.83884
37.1102
1.93084
23.5331
2.62424
15.4546
2.07388
0.446523
25.5403
1.75118
0.442965
0
0.0122599
0.0372566
13.3222
1.90527
3.06493
6.63588
15.5903
13.7373
8.6613
1.87821
2.25063
1.31569
10.6565
18.8039
0.756625
35.742
17.649
2.09032
10.3414
1.4494
11.3076
3.94594
1.83639
7.54187
7.55026
1.63131
6.35973
0.0145547
0.396258
1.25355
1.91156
0.103057
7.65055
9.33313
7.06207
0.00091215
0.527078
6.64363
5.8171
11.5921
7.18031
6.56157
3.99239
2.7758
6.27416
5.42972
6.08446
0
1.55231
4.08187
3.5171
3.87708
0.980223
3.48144
4.28637
10.8634
5.83819
3.26944
4.91447
111.026
4.56125
11.7338
9.36582
125.613
4.54825
4.65283
3.99382
6.00191
8.23335
5.51649
2.29396
5.38924
3.92031
2.19073
1.9973
3.46892
4.57389
56.7058
6.18679
22.3007
0.162479
0.0378236
8.28339
18.6633
0.912186
0
0.000357927
0
1.49475
1.93165
0.528823
0.383581
0.0547929
3.63407
1.83223
0.762167
7.8049
0.00900009
3.9078
10.0403
0
0.580085
11.8367
2.56915
8.56109
0
1.06558
1.59434
0
0.718831
0.0283613
0.0281327
0.03817
0.610696
14.5891
3.8616
0.000256335
0.00194688
0.874883
0
0
0
0.484689
6.77137
35.0409
10.2409
0.809234
6.7006
1.20201
6.41499
3.29008
11.8221
5.82112
8.23931
9.34224
16.8214
5.50826
8.70394
12.2837
17.0015
15.2314
0.405995
3.65248
29.0404
7.16864
22.9932
13.7882
12.3217
1.11105
8.56681
0
1.13664
7.15409
10.5207
3.33373
1.32732
5.16064
4.97569
2.23463
0
2.08149
6.21992
1.08401
8.99047
8.03565
16.5348
10.8883
3.27854
1.39921
2.49389
0.293037
3.93435
9.30584
8.25733
10.701
1.73819
7.12692
0.934198
5.17613
0
0
1.05583
1.68143
3.84099
0.0451254
1.10312
11.6343
21.3405
17.7833
1.29314
8.52435
14.421
26.9507
9.59316
8.27099
0.000869031
0.182633
8.90993
8.25299
1.11084
6.12313
7.68517
2.85977
10.9074
12.2496
1.59599
1.01036e-06
0.795086
10.8157
4.10522
2.58134
3.95951
0.859793
20.655
3.8593
0.0353573
2.93472
0.129538
0.186628
0.472426
4.80857
9.09553
1.40181
0.657697
0.277984
2.49958
5.26057e-07
0.183891
0.367411
0.92201
0.061551
0.00240246
7.20292
1.3387
1.33377
1.83161e-07
0.559768
2.25446
24.9309
1.84889
29.8568
15.1986
0
23.5378
2.32636
0.0244663
1.35103
4.8003
5.99017
0.0209205
0.107841
2.44068e-05
2.96888e-06
0.0428254
0.0473608
0.0115001
1.96054e-05
2.60748
3.34638
6.38431
4.75077
0.739921
5.48499
0
22.2009
5.59323
1.25617
2.95078
1.03464
4.17521
4.39366
12.2598
4.32979
11.3446
8.94949
3.98486
1.28727
4.8716
0.703094
12.588
9.15474
3.10214
7.93901
8.19431
4.0833
1.96811
3.16026
18.9027
0
0.00920393
0.577234
0.212005
0.0215651
1.08779
0.139959
0
3.49531
1.70871
0.529449
4.54288
0
3.4067
0.0738908
7.09215
0.0352917
22.5279
5.41395
8.41282
18.8325
23.8081
21.9641
13.131
1.18915
0.911597
5.46535
8.43939
2.68205
8.23021
6.73104
2.00891
1.95021
11.5923
0.656584
17.4552
6.98086
8.34741
12.0585
7.21136
4.44291
8.30574
0
2.69379
0.414853
6.3836
2.43139
0.847368
9.84948
4.30323
0
14.3949
3.63504
12.5983
6.2685
1.59373
5.13008
11.7376
4.17631
6.65861
6.32996
13.7038
2.40286
5.01031
5.19919
4.82361
1.17868
0.484661
21.8245
0.996695
0.316739
0.32308
2.01536
2.75852
5.02853
1.38151
0.191617
2.6014
0.731695
1.72851
0.0449618
0.596851
1.11066
2.4934
2.57265
2.45003
0.808281
0.0025153
0.000149876
1.46258
1.48773
2.68701
0.0926002
0.826809
0.0228713
0
0
0
0.377711
2.18852
20.9823
0.437432
14.0588
7.68155
5.86753
4.29027
9.00214
0.518492
0.826307
0.30813
7.20635
0.878024
1.46749
10.3634
6.61583
0.395059
1.3515
3.04038
30.5342
27.0715
9.51031
12.737
20.3176
1.23403
10.5244
30.0607
0.816856
2.53543
10.1131
0.0200022
4.98613
7.8214
0
6.8715
0.0270852
2.86933
0.802548
6.77494e-08
0
0
0.547235
0
0.621534
0.0413782
0.950084
12.9677
2.54584
9.72395
9.0462
0.741295
9.89351
13.0096
3.12406
10.9544
14.9292
20.187
3.0509
0.273233
0
11.4399
1.11174
0.0027699
1.01483
2.15588
0.0479049
0.284517
12.4604
0.0731947
2.43623
20.4768
1.98503
0.522337
0.226063
4.99719e-05
13.2364
5.69942
1.18627e-07
2.6684e-06
0
0
0
0
18.8673
0.445646
0.946436
7.12525
0.867202
0.0760339
2.33444
0
0.00914944
2.28825
11.216
16.6487
0.935346
0
0.382931
0.440952
2.51945
7.36357e-05
0.0286186
0.859461
3.38325
0.860859
0
0
0.0167241
0.00409335
0.92787
1.00683
0.711249
0.702576
6.93076e-05
2.24791
0
0
4.1542
0.0103434
0.339152
0.00434249
1.09743e-06
0
3.38842e-05
0
8.72167e-06
0.584274
0.519659
0.773747
0.173997
1.31649
13.1919
0.385067
1.20749
0.748306
0
1.05228
0.270964
4.82368
0
0.0783907
0
0.148481
1.36862
10.9275
2.82981
0.254281
3.02833
0
3.16804
7.32162
7.04199
0.239137
0.00445187
3.62215
3.19681
3.27159
0.323184
0.000111336
0.00465856
3.87948
0.0005579
0.0376304
0.691661
0.77609
0.623873
2.37115
2.49789
3.62278
16.0739
0.83024
23.7134
4.78387
1.48501
4.28043
0.565635
4.93041
15.323
1.58771
2.19583
5.40626
9.98842
0.00436811
0.834308
0.0650946
1.9491
23.5607
4.56002
0
8.25183
8.91361e-06
0.035897
0.660134
1.04378
0
1.28403
12.1023
0
1.62613e-06
3.56539
0.859626
0.306581
0.144478
0.977677
0.183678
0.107577
0.0972783
4.53482
1.60656
0.978056
11.2611
12.8275
0.0267277
0.407758
2.61037
0.0170343
0.488687
9.72175
0.364676
0.472266
2.42675
2.39013
27.7608
10.0148
14.7235
0.935348
11.805
17.2477
4.65653
28.4404
1.00637
0.393117
21.6497
4.88707
31.1493
4.9216
3.50439
12.2582
0.610159
0.00468791
3.49471
0.364521
14.9174
0.375347
0.527957
8.97178
16.3319
0.048718
9.93892
9.40565
3.84525
9.62274
2.08578
9.07511
16.7867
0.0386688
2.25645
16.0992
7.69597
1.96915
1.06581
16.0012
4.30834
10.321
4.68252
16.8836
5.53535
10.538
7.20246
0.060569
4.76787
0.172092
3.53586
10.8565
7.12804
12.8894
0.685676
0.586839
1.29837
0.624862
1.13523
4.40355
0.802676
0.721558
0
1.54031
1.94433
1.28844
0.0181152
0
0.201519
4.45959
0.540203
0.00683563
20.6054
5.2937
1.37203
3.00341e-06
1.02412
8.4042
0.275005
5.60475
23.4649
1.76438
1.68533
10.4039
13.7907
6.71725e-06
2.45125
2.66489e-06
0.271074
33.4543
0.997599
2.80931
14.1631
1.20872
8.19079e-06
30.527
4.42961
0.196738
0
6.95057
14.2745
2.67921
1.3681
25.1933
1.9137
1.18816
6.98005
18.28
10.8983
5.81135
4.50693
5.17474
18.5533
28.2324
23.6349
25.5785
24.5805
5.30201
4.91723
1.77478
8.51324
2.46793e-06
2.13848
6.8122
0.435742
8.83607
12.1852
12.6994
3.86003
0.00440595
1.73271
0.0426765
0.000525
0.417384
0.200967
1.09002e-05
0.344816
0.1287
0.0161814
0
0
41.4346
26.0475
1.06215
9.06381
12.3061
18.0242
1.49875
8.62807
6.53645
0.0266801
7.21137
1.81346
1.37943
4.12046
3.5838
14.7075
10.1057
12.9433
5.62211
20.2131
19.0466
9.12325
25.3122
22.3702
12.9595
15.9957
14.6168
1.30767
0.404295
2.53107
0.000184957
3.58353
0
1.15634
8.60221
0.0278634
0.706859
7.25291
14.7876
20.0208
10.78
6.23953
15.3697
9.9908e-07
0.454557
0.0933348
0.291935
0
3.06313
0.00525379
4.01223e-06
0.00061942
13.083
23.4836
12.0878
9.44357
10.395
2.35684
0.030007
4.32834e-07
2.83293
1.02322
1.5121e-07
1.88098
2.85456
0.675229
1.73837
0.0114826
13.6551
0.0105943
2.111
0.257982
2.83563
1.26858
2.59901
4.24671
2.67492
4.92702
1.80697
0.606392
0.0137508
0.272541
9.77754
0
1.7342
7.09606e-06
12.7852
3.32835
0.0352298
4.87961
0.115756
18.51
0
9.38962e-07
11.0535
