6.54152
2.12719
3.81858
8.44073e-05
2.91557
12.4102
0.0203041
6.53667
0.00460836
9.35405
22.5529
0.076586
1.79521e-06
1.66209
9.22362
1.1436e-07
1.75303
12.3657
17.1223
3.33582
12.9957
0.478005
0.0496079
0.256362
2.68962
4.01748
3.19876
3.56395
17.8838
0.0391437
0.276145
0.482616
0.903459
0.265619
0.558225
0
0.888545
10.7156
6.67631
10.0904
13.9696
33.0262
8.21232
16.0602
4.50092
7.40594
6.17292
0
1.86483e-08
0
1.0747
0.767856
15.137
2.25084
0.620603
0.680571
19.9113
4.20634
0.727036
1.93005
8.23072
0.395099
6.56959
7.13296
12.2424
0
6.86818
1.45618
1.6177
1.16876
15.0443
0.335023
0
0
1.06016
4.24153
11.8111
2.82635
0
0.1467
0.000146553
1.61372
3.53767e-05
0
38.1395
6.57771
13.8585
9.22442
10.4612
10.0514
26.4361
8.75279
3.93722
7.88487
7.59741
11.234
9.82796
20.0735
3.06245
0.737538
4.25386
13.8848
11.3875
7.29687
10.8007
3.99526
11.6813
2.43638
1.35756
8.04933
5.91083
6.19732
6.99953
5.96335
5.88491
7.95197
6.2878
4.28663
7.3113
4.9572
4.5135
4.71567
4.15405
3.947
0
2.90933
6.27335
8.43567e-07
0
0.0188902
6.67958
0.305681
0.000938337
9.43155
0.0974907
6.82328
10.9043
1.48901
0.292611
1.68429
0.588284
0.96276
0.87998
3.99762
0.0130983
0.371145
0
0
14.4928
72.7978
0.0538063
0.114282
3.58797e-06
0.124705
6.34338
6.67139
20.4667
9.73899
12.8182
2.51916
6.18061
23.9276
4.21326
8.03661
0.554193
1.0905
7.16469
0.00967716
5.63789
0.912103
3.11315
5.0445
0.833375
0.585929
2.19066
0.966669
1.33695e-07
0.322854
0.0960105
0.961933
0.469721
10.8602
0.0462862
0
20.4545
8.17661
24.5049
3.61212
21.4503
62.7298
42.7792
45.2062
37.6319
19.3543
1.64263
0
8.25648
2.39237
15.9726
17.8812
36.7276
87.2432
23.0075
30.9532
12.2765
7.09063
10.4458
5.94635
52.2244
6.15187
21.162
25.2862
1.33976
18.7226
22.0442
30.3724
5.02433
35.2544
19.8332
4.19946
1.54433
6.58486
21.214
1.63551
13.9353
12.8952
21.3615
15.7234
25.2649
3.00998
1.77535
5.55204
14.0202
3.73401
3.0856
2.30918
2.29275
2.11881
4.69541
8.49161
5.81278
5.15771
3.29275
0.792743
0
0.237153
0.791943
0.0754397
1.84686
0.000862124
0.0129211
2.36633
0.976299
0.494294
0.844133
1.09204
1.36872
0.695478
0.00229842
0.164935
1.7275
0
0
0.0316466
1.13029
1.18771
0.0485323
0
0
0
5.3369
0.726393
12.9918
0.627875
1.04345
0.208302
0.894448
0.0255783
4.93788
1.9329
12.3834
0.663914
0.359616
0.0186004
0.457555
2.28741
3.76609
0.828273
1.55372
7.93283
0.356157
0.0222696
5.95695
0.0467301
0.444789
0.519035
1.66392
33.7829
1.37729
2.86508
7.38981
0.328823
7.3738
6.47187
5.78455
22.8384
6.20102
4.28493
0.532269
1.31081
0.481307
0.651353
0.669572
5.73163
11.2551
17.9708
23.8562
8.18364
11.208
4.17147
0.0621048
3.70147
1.28962
2.00625
15.4549
10.5448
1.70878
3.31232e-06
0.438817
0.214063
0.815466
0.710638
0
0.676594
1.68684
2.78605
5.55088
3.81115
6.27519
0.472856
33.2938
3.75387
6.9622
0.468104
0.0281067
0.444445
0.923641
1.94772
0.884675
0.616259
1.2982
0.00481816
16.2149
9.31314
0
0.291543
6.85379
10.8412
0.640686
2.04802
4.4065
1.79515
0
6.46435
0.752977
0
0.871721
0.90947
2.71262
0.602974
0.413113
0
11.9533
2.53562
3.53956
5.25543
6.85436e-06
9.06521
14.2181
16.6076
12.0304
5.95831
1.13201
7.07196
18.3042
8.25709
2.91307
11.639
1.46183
6.8815
4.36262
1.27902
4.15985
3.59025
0.106035
14.1114
15.508
18.2726
10.8874
30.7591
7.02835
26.6061
10.4014
7.95639
20.2253
14.3803
9.28746
21.1445
13.3835
3.04116
15.2239
7.13124
5.59246
9.6771
3.9768
7.9581
40.1667
13.098
16.4736
2.84387
2.34191
11.8056
10.6687
6.78315
10.5088
22.6378
12.0414
10.1452
21.6059
22.7235
6.91454
10.8238
15.2545
22.6012
17.2526
10.9831
36.2733
0.479309
21.0024
7.83549
9.5015
12.1136
13.0209
12.7135
17.9078
0.282064
3.8374
0.140447
4.07001
2.30413
8.29499
5.80116
23.7514
3.49052
16.644
8.87252
21.8928
10.2333
12.0145
10.4498
2.30672
0.119774
1.77363
0.00127388
2.01222
5.24979
10.369
9.46442
1.87329
4.1855
2.10503
2.34541
1.79697e-08
5.13715e-06
1.53419
0.00725761
1.46002
3.61398
1.6738
2.10472
8.81855
5.05141
1.18303
18.4289
24.8424
8.09405
7.32363
7.27251
4.05074
8.28231
11.6529
19.3825
21.9151
4.98364
1.60043
12.8011
1.03771
0.766177
0.181412
0.00870042
16.2269
23.2588
27.7424
19.0643
43.8517
15.5336
5.12793
9.0474
0.00471857
3.33431
12.4212
3.27449
2.18308
13.0686
12.4857
13.3658
21.0379
3.83376
14.0177
4.75383
3.44136
15.8544
15.6965
0
0
22.5463
0.00665181
2.71373
0.197879
0.182209
1.80465
7.58807
0.982772
5.91704
1.31576
5.02545
0.163616
0.0818386
0.634714
18.2512
4.82834
0.0105038
10.2349
6.57577
2.47458
1.99993
8.59882
5.31254
13.5864
21.3125
39.2176
26.7599
0
26.9053
0.200281
26.3849
25.8833
27.8148
26.4559
20.5422
4.53063
2.6264
0.505953
7.92795
0
0.0963395
6.95722
0.62047
3.77303
8.74344
6.04893
16.878
3.17576
3.71221
3.93458
2.45715
5.72716
18.2388
32.5459
7.4774
0.0118224
0.703886
0.421147
14.0017
8.596
2.92857
9.84789
1.58444
6.10646
3.54641
1.17944
1.26347
10.0715
1.01446
8.48624
8.346
23.0563
6.98401
0.964515
19.141
8.03906
15.7806
11.7311
1.30661
4.27538
16.6004
0.00927848
0.448922
0.573541
2.50946
0.0786203
0.00914075
22.9804
4.07483
7.37763
0.00340308
0.161145
0.0417484
10.1934
0.0600742
0.99279
0.00334227
1.42847
3.13662
2.44852
0.978178
1.46972
4.01157
2.24998
0.80634
1.53676
0.0245088
0
4.25351
16.017
0.0640732
15.6184
3.89895
12.2169
0.0468286
5.67379
4.05311
3.46068
9.42097
0.00629421
1.05183
0
0.0636825
11.2715
32.7995
0.389255
18.6391
0.0483167
12.3269
12.8339
14.1747
25.3277
0.668115
2.16002
0.85102
0
0
0
2.31391
3.13942e-07
9.23387
24.4376
19.4463
9.4888
10.4804
1.13339
17.8403
9.23939
10.1865
21.5975
0.000887615
5.41447
0.115366
23.2936
27.3378
0.606181
0.00441031
15.3656
8.0789
0.209971
2.3103
0.666566
1.71303
3.55189
4.72726
6.84166
9.46962
17.266
11.0135
12.9965
1.31605
3.71174
0.746781
0
0
0.10048
3.11444e-06
0.0506508
0.11063
0.161975
12.5057
2.81604
3.30626
1.64062
0.0782346
4.3152
9.64004
0.496695
11.5712
7.65304
8.98072
4.9691
9.52309
8.65425
13.0792
13.4102
8.45438
15.4179
39.0224
34.6662
0
2.97643
31.0086
10.5333
1.27761e-06
7.7523
0.762946
32.2213
94.0743
15.7605
14.2526
15.4176
10.4259
13.4837
0.0139561
3.58405e-05
13.9268
35.3454
0.0198243
0.893982
1.49557
0.98396
30.8099
0.810985
0.0206875
1.42224e-07
0.809486
1.27628
0.831552
4.63405
8.7397
9.71121
8.18779
0
0
0.211389
6.4814
6.59526
0.00395203
2.89292
36.36
1.24303
27.7421
0.593456
8.23821
16.4929
10.9518
21.764
0.897236
4.48937
3.06295
1.3511
0
0
0.404037
0.015156
1.61482
0.000113217
0
0
4.0395
31.954
1.2299
35.667
9.70957
3.6913
9.64849
2.17429
1.56331
1.42038
0.338695
9.01862
0.702775
7.17988
3.40123
8.74187
7.44415
22.169
1.03351
0
13.0156
0
19.026
0.000338637
0.17847
0.280736
8.50833
16.0993
9.22915
6.64578
9.58382
36.3325
1.93868
0.04285
2.22432
6.49372
2.04292
0.469605
0.676743
0.527016
0.00973989
2.58409
7.88887
1.22524
0.488287
2.00171
13.1125
5.32144
4.89245
7.43851
8.7958
21.0623
0.0830013
0.000925684
8.41439
23.6688
17.1918
9.392
2.12318
0.000188156
6.98031e-06
3.35094
10.6105
15.2724
13.2048
0.476324
9.40293
22.5701
8.41312
0.875706
14.1994
1.58491
0.105209
4.60444
0.0023499
0.0610163
7.38342
0.0271541
0
0.707576
6.31366
0.101311
2.35217
2.6175
6.46255
5.19271
0
0.209499
26.149
0
33.051
0
4.903
0.579062
2.47176e-07
0.00803271
0.0464116
7.97086
0.000788576
0.0257126
10.873
4.28112
14.2911
1.88399
0.282996
20.6437
14.9246
3.93261
5.55147
1.45159
15.3832
1.23562
14.2811
14.3385
7.36107
8.18036
13.1234
11.2664
9.80851
11.0662
10.5998
4.98725
8.935
2.32596
2.28275
4.17259
0.88473
5.50638
3.2296
3.47554
7.45475
0.389056
8.95354
1.36837
0.871491
0.000208909
0.804462
1.12293
11.3253
5.28117
9.54264
8.99428
0.865054
0.00583657
2.08983
6.68849
19.0118
0.582501
20.7857
12.4613
2.88355
0.558521
0.661753
0.100806
13.3831
1.05002
9.62645
7.41002
0
0
12.3728
0
8.03881e-08
15.0392
11.0872
4.19179
2.12954
9.12027
15.089
0.717744
3.52799
7.26718
11.8301
0.0174974
1.35683
11.1296
1.60742
0.00013012
2.0564
4.26083
7.15505
9.68564
16.8179
3.53637e-06
2.57364
0.942601
0.525117
35.459
17.2994
3.81509
5.23641
19.2367
23.384
24.641
0.372351
0.0793513
2.45076
1.1447
5.12837
0.268912
3.28517
4.40667e-08
1.1699e-07
35.59
0
15.8836
1.67011
1.86356
0
0.769658
0
1.04324
6.00368
20.105
3.5875
21.4454
16.531
0.00447414
0.974011
1.42651
0.582603
12.141
1.85686
4.19123
0
0
0.996377
6.64312
0
0
7.46177
2.27682
4.64258
15.9027
0.583877
0.523554
0.0502667
24.2498
23.9528
2.61871
2.20166
3.21298
0.161302
3.33613
5.10448
0.0253309
0.111247
16.0323
2.15928
0.0954691
0.056484
14.9544
13.1761
1.08977
3.16632
0.249955
1.97991
0.936828
0
0.747613
27.7439
0
39.323
2.49082
8.65714
0
18.3314
9.05681
8.32974
23.4743
7.7004
4.11628
35.0661
7.79405
0.000500163
0.235614
0.794117
10.426
14.9567
12.8238
14.0769
0.156538
0.230563
0.66944
19.7914
15.8544
20.1543
13.6399
4.457
27.0409
7.33971
6.86899
18.0618
30.6934
1.79815
6.51357
15.8614
17.9566
0.674477
0
21.2434
18.7534
1.04265
4.70533
2.30478
0
13.7715
12.2906
14.1588
0.0538096
4.63479
6.40486
10.0427
6.9305
19.9422
7.29975
34.731
12.6856
17.2111
0
2.15296e-07
0.0602933
15.8249
18.3387
10.52
12.1788
16.2616
13.3184
11.226
19.5122
20.9897
40.5057
47.5494
35.4448
11.8845
12.7462
0.443171
0.804207
0
1.1246
1.51793
1.41839
0.736116
1.17222
33.8344
0.0152781
3.06276
5.23812
13.7398
11.7933
15.2321
4.39643
17.9138
9.01722
1.64679
1.05069
4.68056
18.7662
11.1235
0
13.5398
8.86577
17.7304
26.338
25.8467
19.6991
0.0019523
0.5551
2.99636
24.0099
4.19718
0.645773
1.74503
4.43491
0.422465
0
7.48708e-06
0.954678
0.00355303
25.6486
1.03934e-05
13.2296
8.45281e-08
19.8674
12.0656
1.93288
0
4.969e-08
9.72366
7.35308
25.7963
19.2323
0.0532687
0
20.632
25.9771
0.0994046
0.52721
19.471
12.3241
14.079
7.83488e-06
11.4424
8.27001
2.84529
8.84836
2.26473e-06
6.08745e-07
11.9907
0.0031866
1.599e-08
0.255414
2.43892e-08
0
20.0338
0
0.653013
6.42972
6.39007
5.14115
4.6352
3.84669
8.1201
2.34289e-07
15.736
0
2.63881
8.10593
2.50502e-06
3.22867
7.18798
11.3197
0
0.417894
5.02084
18.9723
18.0737
2.06203
19.9951
0
11.4693
18.1913
30.8619
0.0223839
9.40016
3.35399
30.589
11.8852
0.352012
5.09829e-05
0.803746
9.58193
0.0695165
13.8088
0.131869
0
0
3.02514
6.30149
0.000703058
0.931532
0.263778
14.4083
0
8.91639
13.764
1.76446
7.39292
0.469779
6.57593
5.91858
8.80139
0
0
0.0979768
0.00178368
5.83022e-06
0
0.0124746
0.00990255
22.0883
3.73772
3.69319
7.2268
4.93846
0.0116671
5.15477
14.202
0.148187
10.249
11.4115
13.2973
18.6578
22.2947
13.5863
13.114
0.470368
14.7945
24.9477
22.2571
18.2869
16.9125
4.3965
23.0817
11.6997
1.26715
11.1147
0.0590246
0.0144732
13.5917
0.00146174
1.01192
0.00452434
0.245081
0
0
0.495849
0.206856
4.40157
1.42834
0.837756
1.00924
0.0383661
0.0012605
0
9.34138e-06
2.83938e-06
0.0036343
0.00251387
10.5519
2.89537
35.5314
23.0494
0.675655
0.453983
11.3804
11.4638
0.94564
0
14.8846
3.43969
6.09405
11.5546
0.0617535
1.95535
0.105802
5.94043
10.6637
7.00226
0.629062
0.879442
2.8995
0
1.72029
2.45137
16.487
26.441
0
11.0203
5.24681
2.03928
1.20283e-05
0.0856606
13.4277
0
0.00890559
0.950878
20.4007
29.7649
8.534
5.47877
21.986
3.28995
18.8638
30.3824
1.33364
9.44594
0.00391947
1.58887
0
5.8061
10.059
1.99779
0.577013
0.15572
5.1077
0.870078
3.91291e-08
0.861379
0.587428
1.3553
0.275143
2.29578
0.501469
5.01667
29.1497
1.46322
20.29
0.377051
8.63137
0.184156
0.932516
2.66707
9.50296e-06
0.0184667
1.47403
15.8686
17.4818
13.4739
15.1105
10.654
12.2383
0.116112
15.5652
39.942
0
9.27305
0
1.31663
0.44114
2.03557
6.61208
0.257095
1.34658
0.00687506
0.0012284
8.98577
10.3328
4.70194
4.65902
6.21336
0.997518
1.53869
0.000887125
0.000281458
2.63956
6.82198
0.00570042
0
5.15037
3.001
11.0769
3.32303
2.5526
0.0935465
8.23149
3.07871
0
27.4788
1.00182
21.7447
2.1865
2.36076
37.8299
39.0605
1.82013
0.426275
28.0368
33.3059
4.16225
8.78308
3.77814
15.0925
2.76966
6.15398
2.72681
7.2279
7.49935
10.0091
3.54059
5.75101
11.1342
4.77035
6.90367
7.87308
11.9031
1.57757
0.000236225
6.34836e-05
0
0.671547
0.115977
1.53942
3.47339
0.0963984
26.5306
0.806902
1.32864
5.17013
4.13558
0.991799
14.3929
0.304482
1.08279
24.1072
19.3377
4.96169
23.7027
5.80476
0.130986
0.0768189
16.5322
17.3176
23.7253
10.5135
0
0.0600438
6.88356
8.14896
0.519562
0.686306
6.5678
0.0017855
0.00650034
0.382892
0.577074
0
0.720521
1.4103
7.52494
0.347321
6.622
0.174153
59.9333
3.48185
0.100229
0.693208
6.47204
1.76125
1.21626
6.02004
0.0956686
4.78715
16.4642
3.42146
0.630593
45.2087
3.29149
0.0378602
3.98452
0.00216328
0
0.000180844
0
0.0680469
8.98479
0.360887
2.14851
0.000110747
1.15375
0.695253
14.346
0.372783
0.581259
0.0739087
0.0080591
1.91614
1.80782
0
22.8317
0
20.7911
1.399
1.37628
6.03365
0.973068
0
5.3079
2.65285
0.000268675
9.38948e-08
15.8793
5.97627
3.61849
6.72252
5.82269
6.09331
1.3628
0.800421
0.641703
1.94567
0.000105194
1.57942
1.41753
0.662654
0.586272
34.9143
12.4375
1.19062
3.95006
2.57819
0
0
0.0364715
5.81332
0.132338
1.11885
0.542091
0.0475024
1.429
0.238703
0.256964
0.0308545
1.31826
0.137095
0
0.0416905
0.651125
0
1.50588e-05
0
0
0.000710667
0.411267
0
0
0
0.00159659
21.578
5.33096e-05
1.84589
7.7244
0.00886758
0
31.6855
1.03741
7.8296
0.394334
1.92398
0.260513
0.0711346
2.57569
0.851134
0.00306431
0
0.0568266
0.565327
0.00540108
1.90674
13.1005
0
1.08379
11.4402
1.2178
0.00465547
12.9728
0
1.01612e-05
0.80009
0.121416
5.06056
0.833314
0.0229118
1.95269
2.305
0
1.44469
6.51634
3.36802e-05
0.295806
0.352175
3.28494
1.32353e-06
0.830558
0.517582
2.08982e-06
1.69752
0
7.78767
0.868771
5.44229
0
0.00634072
0
0.00352216
3.88076e-05
0.00877663
0
0
0.85851
15.7085
0.000484118
16.0416
6.50087
10.3469
44.2557
4.24486
21.322
4.75177
7.05442
1.13155
0
3.9891
0.727728
19.2095
0.755833
1.06159
1.61585
0
2.47958e-07
13.7508
8.66131
8.64622e-05
0.0501305
13.5447
5.74152
1.42201
3.85352
2.70473
20.6483
4.35336
30.8079
0.413747
1.74073
9.0855
0
19.5267
12.5205
37.1219
39.2096
4.05619
15.1378
18.4907
15.5275
24.8437
32.1976
35.9011
11.0319
7.49931
1.59958
17.8102
8.00721
0.711252
1.09908
0.230321
0.00964413
3.97754
6.6975
4.68582
0
4.2301
0.00903876
0.250094
6.08969
4.87662
2.65228
2.31768
0.855323
8.0551
3.41986
5.15283
2.61859
9.52694
0.0029319
0.0414175
2.34877
2.82557
4.64782
0.494068
0.104068
0.326425
7.29704
0.424091
1.21126
0
0
1.01338
0.0535251
0.964593
1.0511
0.864013
0.0490458
0.713879
0.100273
1.08725
0.245224
0.0317257
0.000124662
0.627049
0.012044
0.216852
1.003
0.974313
0.678841
0.434961
0.601425
0.864223
1.44138
1.15458
4.70752
1.23551
0.0192988
0
0
0
14.1996
0
4.48638
0
0
0
12.41
0
0.00289309
0.990963
0
0
7.99431
0.83289
0.181644
2.68116
0
0
5.92608
5.97597
6.74588
0.00815077
1.13042
0.0172275
7.26114
16.6284
0.0324031
22.0588
18.6027
12.5776
9.46522
19.3293
21.3284
23.5406
31.1082
20.3893
20.2848
16.4197
0.263015
0.103087
14.355
15.8534
23.4077
26.0712
24.2934
23.8452
6.10982
24.8411
15.7795
31.3905
5.70949
14.4105
17.4921
11.1043
11.3262
10.596
0
10.2836
0
13.9879
22.5305
27.8943
22.5851
7.95111
15.2207
27.9248
10.1667
1.21959
24.1214
18.5773
15.7474
10.3326
29.6661
35.5623
24.4522
31.7534
15.594
25.536
9.85505
12.0774
0
14.1981
13.8876
15.4568
0
11.9905
11.1896
0.451504
2.51776
0.827623
0.0739302
3.80712
0.571206
6.9021
7.21807
15.5832
1.26363
0.724402
1.23674
1.07037
1.67991
0.0260801
6.82024
0.83554
0.306655
0.0618921
8.31231
0
0.472045
1.32045
2.3191
1.79891
0
0.00434829
0
5.82642
0.437201
3.68706
4.13718
0.619667
0.703319
5.60407
9.91566
5.34881
10.8691
39.8955
10.8597
17.5901
14.103
5.6435
22.1317
13.4275
45.2475
16.1585
29.099
14.9585
0.13398
21.5649
15.6296
17.4309
0
27.558
0
6.1663
0.894467
1.11486
8.51306
6.6001
15.3299
0.244631
22.2504
0
0
11.415
9.94192
4.08062
0.00375534
1.59803
0.0894448
1.32147
2.19073
2.11885
0
0.00528491
8.79748
0.613639
0.00358914
0.00554726
0.0133914
3.69457e-07
1.46e-07
0.563024
0.019895
31.4571
0.000358706
0.00136519
0.0566137
0.000154016
16.4343
8.15504
0.417867
0.0525243
15.4743
7.73166
0.230958
3.68717
0
3.20501
0
0.36544
6.79208
1.26593
0.6183
14.6927
1.38888
28.3263
0.412191
0.77433
0.539587
0
0.135866
14.3786
0.0251785
0.95158
3.30485
10.022
1.37797
6.24701
3.38912
6.1014
8.24135
13.1723
16.458
0.405066
6.89909
2.35011
1.47515
0.776269
20.6768
0.853305
0.00312493
7.35629
2.8395
6.15498
1.37285
10.3017
1.0745
3.62672
6.781
24.428
2.64274
1.38525
1.63268
14.5404
24.5018
6.77543
6.53397
11.4
1.80295
0.0260671
0.0185534
0.00707182
1.77219
0.14478
3.93201
10.4305
30.4324
23.1536
0.287658
28.6287
25.177
1.1335
21.2357
5.35718
49.0945
5.6714
4.41556
3.02808
30.7719
33.3972
13.2413
27.4107
4.08901
0.257042
0
0.280008
0.0306844
0.175237
0.085705
0.00227487
9.26674e-06
12.0178
18.4446
21.5869
0.567572
11.296
0
0
0.0334636
0.00350897
0.378058
0.897874
1.2314
0.735138
3.44264
0.0480699
0.013693
8.376
0.332101
12.2689
5.75116
3.0151
0
5.31782e-05
17.6029
2.34636
5.04226e-06
10.3606
2.84146
4.31356
0.0767191
8.73837
9.98008
0.385444
4.70971
6.9921
0.161703
0
1.55196
0.240145
0
0
26.6272
0
27.6132
15.7253
17.7553
0
0.0035651
0.000282932
0
0
12.7204
16.4415
23.266
1.34782
14.2579
15.272
17.4818
5.6533
3.11383
0.679567
9.38765
1.63095
2.08581
0.00284421
0.682372
0.00396966
3.46016
0
0
0
0
0
0.149073
0
0
0
0
6.65472
0.764264
0
0
8.18112
0.0922887
0.0128624
0.979001
0.0453678
0
1.91281
9.59703
0
3.13373
0.740091
0
0
0.00307122
0
4.67321
6.77295
15.4763
0.692339
10.4235
1.89012
6.14322
1.33386
7.24993
22.0359
8.88461
1.27813
14.1737
16.7932
16.5022
10.9625
11.2017
11.8316
17.0479
11.5177
16.0492
13.7088
11.1861
5.79344
20.2188
15.4703
11.954
6.56134
8.86525
12.2949
9.58196
10.0557
6.26179
24.3303
16.2402
10.3785
2.99988
1.00407
1.66727
4.14042
0.0215734
0.0217504
0
0
0
44.0821
19.0929
0.142225
0.322606
2.48392
1.17483
0.170727
0.000127603
9.31184
5.82498e-08
18.3158
3.17606
0.165574
0.560835
9.09561
20.6692
0.836662
24.3562
13.7443
16.1997
8.05303
0.242114
10.9592
0
10.5685
20.1083
7.96256
23.6494
3.72951
4.81558
8.52511
8.41197
8.3028
14.6743
29.9741
15.8842
6.47279
3.80854
5.55559
5.95452
19.5599
8.40246
31.4594
17.1939
15.304
14.7102
17.1526
19.9435
20.4982
22.4409
14.9445
17.2245
21.2856
18.5061
16.7662
18.706
9.58492
0
0
0.0538013
0.685906
4.66283
5.20813
6.49135
6.28497
5.55674
6.9414
9.1217
8.83917
12.8232
5.58355
13.726
12.0433
6.52633
8.58537
6.5472
7.16177
21.1941
4.30181
39.4257
4.29176
2.9839
3.48206
3.5678
6.60357
3.77622
14.7616
8.09471
9.43572
7.59239
10.358
12.187
4.0447
7.24175
18.49
26.3872
23.1067
27.2521
7.74382
5.25483
0
2.48057
0.0496296
10.7162
20.9678
5.12247
10.3971
5.39898e-06
15.929
22.6701
18.5537
14.5812
18.352
16.2934
37.1634
46.8327
0
0
1.55254e-05
41.5089
31.1353
25.895
1.51217
52.3892
1.7462
11.8825
1.61018
0.61512
0.196583
9.07421
9.2186
3.09663
18.9479
98.8322
38.9536
25.2366
6.70323
0.00957584
38.2156
5.81147
38.6058
9.08483
6.70309
36.6048
34.1285
35.2067
39.7098
10.3728
16.4128
16.6341
24.8224
4.50168
26.2521
32.2545
36.3465
6.40993
16.3642
13.7052
12.5394
14.3831
24.849
24.1904
20.6713
25.5366
17.6101
19.3252
19.3239
13.2052
0
14.1107
0
2.99958
20.5844
26.9478
11.9298
7.33042
6.64488
17.6138
16.8587
9.7691
11.5757
15.2266
13.0831
6.01471
17.3031
8.04335
8.95408
6.42094
8.16985
13.0949
4.75878
4.96329
6.96395
0.0118355
7.92265
2.36759
23.7913
3.18391
14.8615
4.31701e-06
2.16411
0.774307
9.26497
7.2078
19.9787
0.0705535
9.32473
21.8421
2.68421
7.47262
3.74299
5.67851
12.0791
12.8954
3.68717
4.31349
2.31072
11.7194
4.88584
2.11901
1.01855
3.28827
6.00451
1.71126
0.736041
3.93652
2.22844
1.49788e-06
0.291342
0.0958716
0.164302
0.802154
15.1667
0.539411
1.50631
2.58725
0.307166
1.7421
1.84812
0.00887865
0.666385
0.985367
0.99628
0.0015475
1.28917
1.74436
1.1637
0.510276
13.1587
3.5223
1.19368
3.69536
1.65028
10.3911
0.848731
0.21101
0.0810247
1.71099
2.02154
0.0311415
11.1331
0.3427
8.44052
0.419207
12.3295
0.273228
21.9614
0.276455
0.00165276
13.6762
0.66421
22.9251
9.87849
28.092
0.00248576
4.78971
0.179206
0.952813
0.900907
0.833164
10.5623
25.7792
2.79464
0.00189904
28.5844
0.117667
0.00335801
0.524269
0.0116098
0.0640686
0
0.0631319
0
0.0726769
1.1404
3.56223
6.90005e-06
13.1216
4.21901
0
6.06771
32.7026
3.27839
10.8847
0.0573125
15.5368
18.6784
14.9427
5.27531
0
0.9395
0
2.86338
8.87862
0
0.0777769
0.0954098
0.17504
2.38604e-07
0.0773201
1.39822
0.000811381
2.82937e-08
0.000100429
6.37113
0.00243949
0.521743
0.97663
3.12355
1.06783
1.49782
0.00102884
0.252634
1.07359e-06
0
0.749271
0
0
0.0257703
0
0.390971
0
1.31273
6.95067
4.62398
16.2491
9.94919
21.1229
11.3488
4.74316
0.0243907
0
0.996101
0.692517
6.68884
0.847065
0.614936
0.000212608
0.961229
13.4859
62.2035
35.9163
20.176
6.60263
1.57926
13.2558
12.016
4.14473
9.16564
13.9955
4.08709
17.7857
4.46138
3.3406
22.9116
12.2068
8.4439
22.565
1.70637
18.2626
1.46212
29.5443
0.0067784
49.9491
70.3694
0.0164913
7.76011e-07
3.81136
1.79946
0
3.57169
0
0.027802
1.17438e-05
0.0413281
0.0868679
6.00561
0.0785231
5.41699
0.583383
8.15886
1.59862
1.29854
12.6284
13.1594
13.0028
1.31586
0
12.4364
13.3917
11.9299
6.05665
19.8599
12.9325
15.741
0.0569818
6.43433
0.026002
17.7071
7.11402
7.00669
1.68493
0.350577
4.62555
14.7181
17.5035
4.42882
8.18005
7.8524
6.70666
9.35703
4.49736
9.92076
7.57525
8.80335
0.00106797
8.7346
27.3173
4.04704
1.26778
23.8738
1.00364
5.88309
4.92631
1.20712
0.625314
1.82209
21.224
0
14.5188
44.3496
17.3268
23.9035
7.46135
11.9289
3.14239
11.1551
1.43068e-06
1.3712
7.13095
2.87671
5.15926
4.52903
16.4591
15.3012
6.13311
13.1878
22.1403
31.3769
20.0938
11.5429
0
2.79383e-07
1.21724
5.77092
0.774055
8.08787
4.30949
0.484226
0.00470639
1.76989
3.33049e-05
0.750955
1.0927
3.13758
3.69778
1.34534
0
1.02019
18.5641
6.73677
4.89313
6.27633
13.7519
0.114519
8.49856
1.3172
9.97947
0.757556
15.1534
0.42002
0.992447
8.72777
0
0
2.01145e-06
0.992466
0.0290116
0.940435
0.424752
0.0254602
1.40972
1.06405e-06
0.0933665
0.741113
0.349265
3.54963
0.000233251
0
1.39711
5.59295
11.3946
3.10926
0.0142773
0.816239
3.82491
0
0
0
0.0287794
16.2137
0.315269
6.18447
23.365
10.3248
12.0236
34.7093
12.6747
29.0013
2.88167
11.7636
8.82386
0.412582
3.95936
7.61607
0.198229
0.00631612
16.8748
0
15.9502
10.0919
13.45
5.76781
15.1287
8.27492
0.290262
25.4497
35.044
15.2899
17.427
0.14486
28.3042
0.17741
18.8842
7.8138
6.43745
19.6453
5.05094
2.98168
1.33862
0.000773748
4.67818
0.280838
5.83059
7.57446
2.62784
0.0295938
24.2074
12.6471
8.57273
7.36126
7.98879
27.3906
16.3288
3.72698
23.185
7.83037
19.101
23.4687
17.6557
7.1035
10.2207
0
7.44132
8.81452
15.9367
6.89674
8.64954
19.6116
8.29046
6.58965
14.2514
13.7292
3.10883
20.2246
21.2655
8.61853
23.3475
20.693
5.31017
24.2738
16.9753
0
14.0099
19.8688
6.40448
5.33532
38.8459
1.1334
29.5527
47.6233
2.76171
0
0
30.2474
19.7085
25.0112
18.8307
3.81581
30.7587
16.4234
2.95972
24.0197
27.4778
18.2318
3.14613
25.485
27.4587
39.5472
24.6456
32.6379
6.3162
18.2272
20.9618
34.3928
27.5424
0.0359443
30.5953
26.4463
17.3582
1.60935
17.8674
26.2308
36.6661
25.2992
0
26.9621
35.1577
19.403
0.0147632
7.40857
7.48623
16.2077
10.1512
9.01567
13.1985
26.3886
3.93001
0
2.00821
2.36391
12.1356
0.0688112
16.5712
19.5665
39.6677
19.0992
17.8333
0.0342983
10.7871
0
8.16805
9.23981
11.9829
15.3092
15.3725
19.3612
30.0223
33.2294
21.9892
14.0156
23.1328
14.083
0.0361237
12.4888
7.96656
20.9453
0.765461
12.8794
8.72506
17.767
21.3812
7.41308
23.9636
18.5904
0.094135
6.39702
4.41312
14.0933
11.7901
19.3733
0.0792163
6.32842
11.974
5.46598
0.660794
5.19066
0.86975
4.4979
0.0622605
14.5702
2.86344
16.08
9.79966
16.3413
23.6335
9.93463
3.06732
39.8978
0
2.89817
5.1344
10.5781
0.836064
8.82275
9.54119
9.70651
8.08815
6.86529
15.4422
17.7245
15.1201
8.58321
9.61921
5.40959
8.29364
8.73471
17.2516
7.89109
16.6024
27.1408
0
9.58392
16.4235
12.8912
8.7007
1.10926
7.89989
0.518635
3.7807
2.29898
12.3543
43.8017
9.77703
17.8479
7.22242
7.35618
10.3234
3.7149
13.1463
20.6999
37.193
7.57866
0.00160865
6.26527
19.3117
13.8491
58.2395
2.04919
1.28192
17.1475
1.81115
23.4814
21.8035
0.0427296
14.6649
0.737609
16.7248
5.67801
7.1744
0.0610427
1.04712
5.95971
11.7185
18.4045
11.0854
5.11223
10.0691
0.429949
13.1112
13.4642
9.43688
5.89844
10.734
3.48794
9.41674
3.22887
19.5014
3.90155
2.61929
10.9772
9.80311
5.58636
17.9004
15.5479
13.2222
0
7.35951
0.349271
13.1125
4.62058
2.15305
17.379
2.13816
0.330939
47.2351
0.620583
27.1174
1.14624
15.9599
2.02556
0.367628
23.9515
1.62344
0.0333086
0
0
0.197514
22.6935
6.21244
16.05
12.6856
25.4818
17.0716
8.94025
2.56685
7.36309
4.47129
15.9208
24.3369
1.44024
36.8183
27.2842
1.62351
13.6519
0.661434
9.12389
10.4298
1.59273
8.47231
9.53719
1.13851
17.8605
0.000313122
1.47178
0.288337
2.32239
6.76864e-05
8.48253
20.5341
7.87794
0
1.9239
19.9264
10.6354
8.47873
7.46512
8.437
8.04458
8.09599
6.86947
7.50625
7.14306
0.000564818
5.31115
5.95215
9.00096
5.40773
0.656517
7.72083
8.54486
18.3401
10.8488
7.7562
8.67603
105.709
6.05815
10.3847
6.19296
155.308
7.34154
6.55217
10.3452
3.82928
7.56616
8.78786
7.93808
12.1374
7.02103
3.96287
5.45083
8.1479
6.75911
44.3218
6.96313
16.0696
2.35749
0.00142296
19.1284
27.6833
0.937812
0.000238395
0
0
5.30563
1.52798
0.80557
0.0221275
0.175961
2.79355
0.880282
0
20.0851
0
4.21867
12.0445
0.0002804
0
20.3356
2.24175
15.5959
0.00804418
4.02052
2.75837
6.92574e-07
0.62332
2.45815
2.30274
0
1.26214
23.7401
3.34187
0.371889
1.09629
1.19293
0
0
0
0
16.7183
37.2004
13.3287
2.35028
12.1993
0.92212
12.2455
8.05936
17.2253
10.1896
9.20568
10.0934
21.4904
5.36532
7.34505
13.4403
17.6788
12.3088
3.51345
3.27565
18.8659
13.8674
21.4498
17.076
16.5547
1.33094
13.6505
0
1.02695
8.93472
14.6223
10.4398
5.04812
1.8925
3.07357
8.604
0
2.19312
12.5772
7.36658
16.526
13.5491
36.511
29.8191
7.80665
4.51783
4.73954
4.85095
13.8215
13.3876
11.9749
10.4499
1.13459
16.1307
4.20187
5.28194
0
0
1.84332
6.81005
4.73122
0.30327
3.77023
22.8012
38.7857
20.8399
2.93424
10.1964
22.3558
32.1781
16.5968
11.6551
0.808451
0.0229696
13.236
7.07105
6.44501
8.8761
31.9285
11.6941
11.7681
15.6243
0.663487
0.876644
3.74579
15.5285
10.813
5.25973
7.87021
1.68905
18.3059
6.70964
2.10618
6.73045
1.11278
2.37818
0.751002
13.7856
20.5159
4.58282
0.371296
3.99292
7.60007
1.7868e-05
0.173434
0.00185295
2.7953e-05
2.46368e-06
0.105247
17.7222
1.42896
4.43263
0.0606548
0.175381
0.620338
21.6589
0.680389
25.3502
15.0049
0
27.7534
4.26812
3.02533
5.22007
9.15641
3.25109
0
2.47764e-07
1.51922e-07
0.822448
0.0635607
0.0362389
0.138518
2.03574e-06
8.48527
6.56201
12.8501
10.3175
0.535208
3.96215
1.7031
7.66272
1.16985
0.555887
13.8564
2.4619
3.72744
8.52242
19.2392
5.78452
9.7948
28.2794
4.34622
3.85042
10.6742
0.056062
17.5243
7.23127
3.27065
11.4895
11.8841
10.6332
0.303824
7.36357
35.8309
0
0
0.535117
1.31157
0
0.0183445
0.0245968
0.703353
1.99319
0.907371
2.45853
10.4067
0
1.16251
0
6.93542
0.148569
30.1037
12.9201
14.1761
26.7453
26.5238
33.6216
15.1957
1.80836
1.94634
8.66558
10.9309
3.49859
16.9052
13.2761
3.59174
0.944998
15.3596
2.90254
21.478
9.03087
8.06516
10.664
17.3213
7.67989
9.46178
3.68015e-06
2.95161
0
10.1336
0.860861
0.877352
9.57735
20.7829
0.142049
31.2643
4.82917
29.1771
10.9772
1.19421
9.30928
26.5049
9.08792
10.5489
21.2715
21.0877
3.03274
5.33744
9.02355
4.92964
3.78543
2.13892
17.8024
0.544233
2.0415
2.12398
1.45601
3.27619
0.571993
3.0647
1.99916
0.525629
0.833508
0.125397
1.40688
0.150751
5.48938
0.922066
1.94335
2.777
1.30721
1.6677
0.0211159
0.981984
1.05494
0.694097
0.00389383
1.56584
1.80018
1.78811
0.267095
3.70519
0.902322
2.77933
32.5421
1.21885
22.3087
3.93609
2.76203
2.89334
12.0401
0
1.0563
0.0731784
9.92903
0.798627
4.14371
3.65935
8.97216
1.02283
5.12562
8.43203
23.3473
30.2275
5.31447
16.9869
28.1831
1.13717
21.247
39.487
1.06129
1.67611
12.7444
0.0555275
0.671078
11.6952
0
6.14075
1.10672
17.6832
0.938045
0
0.217554
0.0366513
7.03798
0
0.00529944
0
1.28868e-05
18.0162
16.6971
10.3156
9.40468
0.070672
15.7295
16.2192
3.57696
15.85
37.8557
22.7009
3.7469
3.01562e-06
0
9.74844
1.41838
0.0910053
0.528922
0.921265
0.684798
0.000460131
12.2684
0.0412474
2.84416
30.0075
2.88683
1.68705
1.83813
1.03261
12.6368
18.0109
1.10681e-06
0
2.47186e-07
0
0.00276276
0.0742253
27.671
0.355389
1.77273
11.4254
0.00683978
0
3.54924
0.725122
0.0372675
2.78888
20.7178
19.9071
0
0.100293
0.409833
0.0180838
10.0634
0.173911
0.398361
0.0421331
5.86601
0.0116915
0.00320014
0
0.259953
0.00362087
1.19844
1.84321
0.265773
1.57609
0.00350455
3.28773
0
0
15.5068
0.00751556
0.471187
0.0166258
0
0
2.7711e-07
0
0
0
0
1.51017e-05
2.94988e-07
0.545467
21.0902
1.45496
1.8522
0.239619
0
0.0555982
0.124271
10.6877
0
0.553538
0
0.346032
3.7415
18.9083
5.56055
4.81395
5.75335
0
5.10637
7.1523
9.62719
2.29206
0.215989
7.01068
5.71526
8.07988
2.18206
1.01405
0.221596
3.79141
0.00450235
0.00620343
2.88064
0.115766
1.34988
4.85372
8.60658
7.10958
17.1848
0.594844
21.3779
5.3061
3.94644
12.3308
1.09281
12.7817
16.3245
5.4619
8.21219
3.74546
16.2438
0.0451182
0.69403
1.23231
0.224279
75.8065
4.55441
0.00499373
14.1157
4.89859e-06
0.12701
1.94087
7.20768
0.117707
4.83677
16.92
0
1.02264e-06
4.05149
1.4416
0.355825
0.319921
1.56335
1.38108
0.684403
0.898766
3.29805
2.55325
0.00129258
13.4138
12.501
0.048595
5.56067e-05
3.01082
0.999548
0.851645
23.2851
3.92858
4.22218
0.00529334
1.86597
32.9137
17.3221
24.6227
0.00303904
15.659
32.5939
7.40039
33.3819
0.980879
1.32164
23.9979
2.96614
40.7183
3.97001
1.97002
26.2012
0.0210457
0.340722
3.20163
0.726458
16.2547
3.42774
4.98258
17.0938
19.0795
2.55352
25.917
12.775
10.7867
17.2157
0.36408
12.335
16.6755
1.66593
1.88448
23.0602
15.3585
0.607389
2.00673
37.3847
10.5002
16.6044
7.57362
25.0882
6.30742
20.1372
19.0155
0.426715
23.4401
0.340787
7.60385
21.3095
7.70952
9.62952
3.03248
1.04705
0.454318
0.0652266
1.70734
1.04987
0.707865
0.0127164
0.461136
0.728278
1.84961
2.80158
0.152366
0.055933
0.0345376
2.53448
0.868473
0.0160271
9.72761
10.5477
0.846501
0
0.290904
9.21814
0
8.29471
41.2531
3.81133
7.18117
13.7961
18.4271
0.00156907
6.13904
0
0
44.4763
0
0.906192
17.2711
0.280767
0
49.8276
4.44764
0.660233
0
6.23397
22.4187
3.9064
0.807108
38.836
4.5475
3.14693
13.19
29.6483
16.7356
12.1659
6.32689
9.63339
13.77
19.5752
10.0188
18.613
24.3677
8.5295
6.03412
4.11077
8.43509
0.13274
4.9342
10.695
0.28793
11.4129
10.6489
16.563
2.0783
0.00314688
0.104664
0.001731
0.50592
0.476861
0.0163197
0.96446
0.243857
0.132705
0.0993212
0.498705
0
44.0019
34.4895
0.480634
27.5864
15.6591
13.7263
11.8793
9.1861
9.74358
1.31024
15.2094
4.15454
1.01238
6.47447
6.9505
17.9382
4.71248
19.37
5.5953
29.5304
24.4584
35.7699
18.3868
38.0141
19.5365
19.0053
23.0246
0.143319
5.27487e-06
9.91828e-05
0.00212823
1.39992
0.265297
0.35162
12.9908
3.00828e-05
0.00364331
11.7583
14.9023
24.6562
13.6451
13.3698
20.5754
0.277679
0.00422143
0.435618
3.5241e-05
0.0797252
11.1842
0.0287513
0.0342545
0
21.2577
22.4469
9.54468
14.9713
14.0527
3.1504
0.109128
0.0120924
2.49466
1.62945
0.813764
4.43799
0.997197
5.72605
1.73305
0
16.8997
1.01966
0.586769
1.12136
3.62634
0.920685
8.92167
3.06659
3.06611
4.11371
0.196873
0.771309
0.00516615
1.08186
5.18499
0.0182832
0.186969
0.850015
21.5438
3.25584
0.610345
9.81631
0.218477
23.2491
0
0.0468716
29.9181
