12.1551
7.27513
5.59473
0.0371486
0.257905
8.7292
0
3.36182
7.95763
1.94836
7.54602
0.110873
0.000117534
0.199858
12.5928
0.0230145
3.77161
6.59977
13.6669
6.07684
35.2026
0
1.17976e-07
3.58507e-06
0.658382
1.19507
2.19492
0.86371
11.606
0.271944
1.11266
0.0107142
7.30961e-07
1.32955
0.0164788
0
0.162002
6.85865
1.27901
1.84435
2.41
14.3735
2.46392
3.35763
0.355181
0.322863
1.95567
0.516598
4.17019e-08
0.281238
0.00547148
2.59182
4.78464
1.2753
10.3136
0.918512
9.71204
3.41968
0.130173
0.713589
17.5446
0.00668474
14.1577
0
12.2729
2.38864e-06
3.83939
5.06315
6.12613
2.91487
3.28669
0
0
1.33977e-05
1.04987
2.75446
9.67805
6.83513
0
0.139788
0
0.457811
0.0317399
0
3.90382
1.00743
1.19424
0.725757
0.88194
0.00571231
4.71485
0.517098
0.0635025
1.68664
0.375845
0.079526
0.0703234
0.832102
0.18917
1.69027e-06
3.31267
5.8232
1.13633
3.54578
2.50625
0.0193398
1.62239
3.33278
0.882773
0.569932
1.59242
1.47016
0.955849
0.507879
1.12264
1.30034
0.214839
4.68116
2.77215
1.7099
0.308795
1.82248
0.5411
0.894141
0.270033
4.01267
2.11726e-05
0
0
0.000189454
0.801398
0.187803
0.0625745
1.46444
0.993127
0.344932
0.00394767
0.0344049
0.0406602
0.526528
3.18019e-07
0.410888
1.13939
0.0322699
1.06714
0.0193086
0
0
9.28933
22.0255
1.28673
0.519572
0
0.0258819
8.12486
2.21763
1.67457
6.98297
4.48662
0.503718
4.28102
8.46975
0.00885246
0.949824
1.00377
1.70348e-07
1.0559
0.27636
0
2.21757
1.31434
0.489066
0.0175269
0.00262816
0
0.0476392
0
0.0199998
0
0
0
7.43491
0
0
8.54344
2.13219
6.7606
0.641742
7.34603
29.4135
9.622
8.95978
9.2529
10.8844
2.10378
0
5.0692
0.78236
5.2229
3.79125
16.0939
13.9435
9.27336
12.874
3.74934
1.28021
3.49359
2.34042
14.7223
1.24844
12.5317
8.99674
2.93028
10.9775
14.8972
14.9667
3.50718
17.133
10.0197
2.75004
0.00433857
2.44635
8.3868
6.1634e-07
4.62588
9.90373
14.8825
8.48975
5.8012
0.434458
1.10669
1.45641
7.0407
3.02097
1.05035
1.29147
6.22163
3.50269
3.49044
1.18011
1.91583
0.129785
0.000323439
0.696766
0.104643
0.927328
0.864431
0.0764657
0.296207
0.891444
0.0879478
0.50772
0.768568
0.679266
0.579188
0.409443
0.752205
0.739662
0.0229586
0
0.0646465
0.0158967
0.153116
1.19794
0.607475
1.53258
0.0687092
0.982443
0.0161681
0
0.340481
0.716425
3.10866
0.942822
0.165548
0.254429
0.732248
0.145769
5.60173
0.03388
1.59914
0
0
0.139403
0
0
0
0.943126
0.00677773
21.9017
0.00484126
0.928249
2.07153
1.16242
0.975001
0.000126349
1.06902
4.47162
1.71057
1.25207
1.95996
2.18309
4.83699
5.60643
0.284011
3.86968
2.76237
0.444535
0.266292
0.926422
0.00361241
0.0133881
1.46092
1.72033
2.88485
0.614118
9.43679
0.576293
6.00207
1.80476
0.176637
1.34066
0.547023
0.00531229
4.27526
10.3386
11.7294
1.755e-06
0.163035
1.66671e-06
0.0128324
0.00414458
0
0.0341439
0.516487
2.74691
2.707
2.70712
3.23848
0
49.3835
0.00240702
12.5455
0
0.123247
0.0677254
0.0156047
0.844511
0.607785
0.333975
0.484773
0
6.10998
2.5643
2.19121e-05
0.275456
5.92884
0.806292
0.336588
0.0313995
0.151943
19.6039
0.125868
0.177526
0.241743
0.45016
0.483993
0.0289819
9.01928e-07
0.0264684
0.0210917
0.00145925
2.6291
0.228908
0.00606761
0.063118
0.00722702
0.307957
1.52414
3.31358
4.1252
3.10741
0.699761
2.34886
6.62668
2.21453
3.98832
11.6076
1.10573
0.335244
0.53758
0.34355
0.864641
0.457712
0.16473
2.97791
1.85392
8.1198
3.06288
18.6977
3.98815
21.1109
4.02306
4.09955
5.63002
4.04621
2.13284
5.14986
1.80838
0
5.05299
0.019171
4.20412
51.507
0.832882
1.25658
58.0422
10.4201
2.38573
0.720963
0.132493
0
0.271713
0.327078
2.09217
0.912702
8.12748
1.46777
0.933687
3.67863
0.828699
1.09003
1.61313
3.26748
2.46025
4.73643
6.35258
0.123835
0.0188069
1.14691
0.992484
4.55627
7.56833
4.72995
4.93983
0
0.835059
0.000128929
5.68492
0.0876582
0.920185
1.98026
17.4464
1.86566
5.57587
5.14133
17.9385
5.33352
1.80682
3.54565
2.31095
3.91904e-07
0.149879
0.408755
1.1224
1.0699
1.51897
1.44463
0.0351928
0.676878
1.50697
0.215958
1.91556
4.37209e-07
0.850016
2.60199
1.49644
2.3194
0.834584
4.0768
3.47369
3.8529
0.0712307
9.15919
5.10711
3.70473
3.13568
1.61336
4.3958e-05
5.12964
5.9803
18.6025
6.27749
0
0
4.55648
0
0.779183
1.01839
0.935271
14.9734
16.9695
2.5642
2.51864
11.6676
8.45681
1.53805
9.08502
0
3.35088
3.36521
3.07923
1.64598
4.92716
3.81646
8.43758
5.41377
3.10937
8.39769
1.79672
0.663582
1.74357
1.84653
0.135713
0.0039214
7.92612
4.48538e-06
0.710268
0.0488229
0.0785411
0.854748
9.33433
0.0932281
1.85964
0.17538
3.49317
0.150913
2.41771
0
4.09317
3.87244
0
1.80984
2.51692
0.89739
0.0154621
4.10293
0
0.235442
3.19163
14.8746
4.05701
0.000219418
7.9857
0.658412
4.97198
21.7934
13.5125
6.97458
17.071
5.67964
0.546615
0
3.13719
0.0395892
0.000521475
4.54728
0.0166775
2.7982
0.451855
1.23464
30.5158
0.58791
0.316623
0.698876
0.107225
0.694675
6.52499
10.1009
0.433291
0
3.3496
0.565511
1.35481
3.54044
0.898326
5.49507
1.00836
7.23573
3.36202
1.01907
0.177383
7.64883
0.947629
10.2334
4.879
25.5954
2.32604
0.157298
33.3135
3.92405
3.43993
2.8234
1.14166
4.79983
6.59606
0.0650496
1.78259
5.47477e-08
0.401911
0.174915
0.988669
12.3861
6.23005
0.362496
1.08022e-07
0.137522
2.13523
0
0.00203695
0.0211937
0.0265434
4.68326e-05
1.43538
2.42582
1.20103
1.96441
3.02695e-08
1.78289
0.988998
0.0268281
0.127792
0.00310784
0.853119
6.53203
0.0904013
15.7135
1.32177
1.55701
1.42606e-05
6.80498
1.4117e-07
1.10362
3.72931
0
3.35464e-05
0
1.56064
3.26169
8.37295
1.94555
4.27465
0
1.77635
5.73093
1.98091
5.93552
0.051821
0.118987
0.101607
0.000724331
0.991573
0
0.307116
0
5.22336
7.40799
16.0394
14.015
2.559
0.377659
6.01892
3.2641
14.6508
19.3845
0.0017321
0.397743
1.29999
0.898655
7.58224
0.275283
0
12.4783
4.40934
0.830915
3.51033
0.897549
0.000383776
0.0161259
0.00542028
1.05953
3.83365
2.88864
1.02935
5.80033
0.00406413
0.0189581
0
0
0.00479287
0.00104303
0
0.00468624
0.0517733
1.42951
10.7229
0.127409
0.649979
0.0820442
0
4.77641
0.490914
1.02452
1.01876
11.0933
7.01066
3.0023
2.94374
2.82295
3.85591
3.64854
12.3353
4.23213
11.2777
11.6947
0
0.0879082
14.6668
1.24101
0
1.01899
0
7.56178
14.4143
7.57735
5.54315
13.08
1.03967
7.16293
0
0.0667415
1.40861
1.76484
0.443254
1.6113
0.47739
0.872266
10.8093
0.456375
0.00718385
0.800008
0
0
0.591508
0.0284167
0.612718
5.16169
5.60991
0
0
0.0643089
1.03855
0.785103
0.186486
1.44068
2.82065
0.152504
9.13185
1.52532e-06
0.123798
3.98393
1.61845
9.17618
1.08067
1.15654
0.859474
0.00894061
0.925959
0.191527
0.179675
0.00482881
0.789705
0.000553315
0
0
4.72763
2.67662
4.23509
23.6014
3.0198
1.46819
2.23358
0.594101
1.21507
1.15419
0
6.47992
1.25039
1.7724
2.18308
14.2588
3.64773
4.60894
0.173028
0
5.28461
0
1.25155
0.041333
0.207031
0.229616
4.09189
2.41926
1.4915
1.77941
2.26569
5.4512
8.72975e-05
0.00168263
0.18893
0.433152
0.690854
1.02776e-06
0
0
0
0.242929
0.155516
3.51328
0.247202
0.513741
3.52259
3.27285
2.92498
0.793172
1.67386
2.74527
0
0.0207998
1.72453
12.4002
2.15737
0.541248
0.0303898
0.841663
0
1.90064
6.164
0.911065
5.42387
0.454058
4.24276
0.313923
2.89465
3.63122e-05
3.04746
0.764021
0.393495
2.64649
0.00646697
0
2.09922
0.0260723
0.0202277
0.0470424
2.94945
0
0
0.0625993
6.10829
3.56953
1.3131
0.590123
3.41282
0
11.7991
0.00179032
1.26151e-05
0
0.460859
0.758763
1.49286
4.12327e-06
0
2.62386e-06
1.81752
1.0593
0.365035
2.39524
0.711337
7.12512
2.8231
4.0448
0.259582
5.49979e-06
2.6746
3.77727e-05
0.867438
3.15979
0.295314
3.43893
1.77657
12.063
0.983159
5.9927
0.0200137
1.28959
2.95333
1.58432
0.0490331
3.0445
0.161451
1.42911
1.05678
6.87483
6.76787
0
3.97764
0.115129
0.994788
0.0455075
0.13671
0.000245526
9.96374
0.00926876
0.810349
0.0107485
0.207813
0.15794
1.02658
0.585378
1.473
1.78208e-06
5.52213
5.95113
1.44368
0.0224175
1.21285
0.0336674
9.14006
0.316356
6.77997
15.5058
0
0.000317888
4.52778
0.00114218
0
6.75979
5.84735
5.48727
0
2.59776
15.9533
0.0408455
0.869008
0.614928
4.5073
0.394777
0
8.16736
0.198279
0.144202
0.00145547
2.59487
0.139521
3.13562
7.72034
0.00357628
0.00142645
0.00946528
2.23894e-06
13.6956
12.6538
0
0.489992
12.8042
8.72314
5.32044
0
9.19788e-05
0.299948
0.00276271
0.0633961
0.991838
3.47832
0.0103473
0.000604611
2.47437
0.0391648
3.67077
2.41478
0.0226214
0.0258103
0.666627
0.919637
0
0.970399
2.81141
1.51826
7.17171
1.78578
1.90126e-07
0.801852
0.414773
0.234856
1.71425
0.893816
0.26408
0.117032
0
0.000361695
1.82605
1.13126
0
0.10639
1.01704
0
4.61507
0
0
0.023937
9.67243
10.6474
2.08092
1.42929
0
1.29392
0
4.64053
0.0922799
0.140843
3.40781
1.02151
0.0671261
1.7372
1.95612
6.4998
0.489129
0.0192994
0.028447
0.826479
3.40951e-05
0
1.28198
4.97219
0.000567639
2.73434
0.271495
2.26489
0
4.19144
8.4467
0.545201
3.9499
0.395601
1.18204
21.7307
2.86721
0.385666
0
0.362264
1.04561
3.47191
2.18445
2.38478
3.09021
0
1.04909
7.79958
10.7582
6.07835
22.1688
0.0306635
18.2298
0.968511
0.530604
78.4679
3.80916
0.0240874
0
3.4235e-07
3.13952
0.0138928
0
9.92497
8.10609
0.854154
0.887148
1.65026
0
6.03278
0.0189778
4.76491
0.00277975
0.0418848
0.00359567
1.27587
0.554781
12.1927
2.8965
8.48992
2.3542
0.00883817
0
0
0.0335353
1.80287
6.27777
2.05174
4.15866
1.39343
1.42277
1.60887
2.50659
1.81681
2.6676
3.81562
7.04957
1.58511
3.84995
0.949243
0.797957
7.07416e-06
0.803602
0.199387
2.54346
0.314403
0.0369876
5.43234
0.650798
1.23587
1.54627
3.0869
5.96149
9.24751
3.93446
5.21695
11.3436
1.73624
0.0238182
2.78617
2.15271
2.7119
1.38097e-07
0.705445
1.15027
1.9779
3.97518
6.39247
3.59887
0.681704
0.120804
0.359001
7.12525
9.87944
0.860136
0.948417
0.80434
1.90239
0
0.516503
1.17952
3.01579e-05
3.39468
0.711477
1.09728
0.944777
8.59992
4.30837
1.04201
0
0.00534517
1.8202
3.17285
7.49425
4.91864
1.31319
0.881119
2.47184
3.36895
0.836978
0
4.79956
2.37018
4.63483
0.0358997
4.27432
1.34038
0.845638
0.748385
0.0237892
0.00276578
0.0180257
0.00774814
0.00134645
0.0422665
0
0.0419716
1.0774
0
1.21782
0.618566
1.04202
0.00129644
1.76078
4.06395
1.91981
2.34566e-05
3.61141
0.139433
2.12366
1.44381
0.00492805
0.976289
0.193464
3.2505
1.74092
0.243953
0.0209236
10.649
4.57487
0.323264
6.34058
0
0.712224
6.9049
10.0273
0.0198631
0.530767
1.74641
10.354
0.390469
0.963044
0.0774918
0.872038
0.356435
0.397787
1.36449
0.0717311
0.763819
0.0797549
0.400928
0.165582
0.518193
1.77939
0.0862003
1.13083e-06
0
0.0154922
1.31939
1.32964
0.0424502
0.214402
0.651027
4.65167
1.051
0.0255507
0
0.83151
6.81898e-09
0
0
0
0
16.0041
0.938354
1.13272
2.93085
0.427012
1.87867
3.16108
5.63119
0.137395
5.04206
3.39483
3.3043
6.59562
6.91385
4.45311
4.42021
0.543518
0.824434
4.87881
7.09189
6.89587
5.34058
0.00988209
8.83794
0.868736
0
0.401109
0.0277804
0.00159436
4.23089
0.173374
0.512294
0.00110068
0.830751
0.000502853
0
1.22377e-07
0.413507
2.80176
0.439833
0.0191988
0.623052
0.143857
0.0158032
0.899549
0.0727301
0.0916611
0.674893
0.101196
1.49836
1.72725
10.0668
11.6399
0.0989843
0.016229
5.64164
4.37078
0.029491
0
8.7694
0
0.000286239
1.90532
0.362747
0.0175484
2.74358e-07
1.32531
0.720216
2.43656
0.04162
0.000776501
1.71627
0.0133208
0.00755045
1.44942
2.23009
6.66677
0.0778439
4.72049
3.89414
2.31164
3.27003e-05
0
5.066
0.0202005
1.52348e-05
0.149382
4.34816
4.97796
0.369058
0.000154908
7.36318
0.616478
6.49069
15.8432
0.0253277
2.94413
0
0.633952
0
1.18726
3.20687
1.92801
2.49995
2.12532e-07
2.84716
0.0539484
0
0
0
0
1.63814e-05
4.76384
0
0.99789
0.0229949
6.69593e-05
7.89918
0
2.33354
0.235042
0.126938
0.0597438
0.683955
0
0.348722
1.27862
1.93517
1.02966
8.25243
1.374
3.50296
1.93363
6.20911
10.8831
0.000579954
0.93504
0
0.565703
0
3.72154
14.3974
9.54016e-06
3.1196
5.99237e-05
17.0955
1.08839
5.81511
0
0.474966
0.297449
0.00218095
0
0.0959821
0.0793288
0.21067
0
0.000100971
0
3.86002
2.28017
2.90843
5.4617
1.00197
1.01691
2.45627
1.11915
0.0515392
14.7707
2.70116e-05
4.87682
1.78035
3.0873e-06
17.4889
26.2662
9.16217e-05
1.78395
7.81096
16.3462
1.2126
7.23071
0.732827
21.2272
9.0226
3.469
1.02381
1.85586
1.37845
3.03299
4.67536
7.00693
4.26082
4.25182
1.51227
1.34673
9.83342
0.816923
7.82558e-06
0
0.000311657
0.00436354
1.88697
0.00700667
0.356215
0.00442961
15.7973
2.55907e-05
0.357001
0.392814
0.479331
0.0547001
3.86776
0.279619
0.368756
11.0321
9.48507
0.225378
9.22469
2.0403
1.77083
1.02243e-06
4.40056
2.47779
7.90521
1.90902
0
2.29278e-07
0.247839
0.123129
0.0045128
1.72301
1.965
0.650839
0.080337
0.0241896
0.398527
0
0
0.00205231
0.414608
0.266587
1.83541
0.000653839
25.2909
0.238613
0
0.249367
2.20728
0
2.39486
5.92147
1.6291e-05
1.73335
15.1314
1.66415
0
12.3956
0.132849
0.0558258
4.30019e-07
0.201772
0
0.0688207
0.000137674
0.212325
0.964266
0.62835
2.15631
0
0
0.0149506
0.306351
0.0346239
0.804804
0
6.49569e-07
1.27976
1.47574
0
14.279
0
20.09
7.39586e-05
1.1012
3.6033
0.99487
0.967506
0.230499
1.32254
0.927871
0
6.35651
0.807287
0.53044
5.41547
0.705655
2.52994
0
0.0355517
0
0.0039527
0.00302808
0.0357666
4.67864e-06
0.0396413
0.0332763
4.27841
1.42415
0
0.239554
0.223659
0.394877
0.696853
0.99096
1.82592
0.00139329
2.27348e-05
0.611028
0.014489
0.0014269
0.179025
1.14561
0.93035
1.19625
0.109776
0.862765
0.00484217
0.0323678
0
1.80512e-06
0
0
0.696574
1.10258
0
0
0.00226391
6.27764e-05
0.615335
3.35208e-08
0.000804534
3.15195e-06
0
0
18.2511
1.06087
2.41828
0.552511
0.308293
0.737063
0.0403374
0.628007
0.504171
0.0159084
0
0.0215419
0.873491
0.925531
0.0335255
0.771156
0.136278
1.04867e-06
4.5088
0.00205648
0.0288077
4.77553
0.260395
0
0.00215165
0.730599
1.00932
0.0181304
3.97264e-08
0.611763
1.11692
0
0
2.78159
3.0318
1.60602
0.584906
3.74043
0
0.00539808
2.4353
0.0514726
0.00428397
0
4.31739
0.876367
7.88743
0
0.0895325
0
0
0.0151644
0.285207
0
0
0.00064342
2.96099
0
10.543
7.07843
7.14257
10.497
0
2.03872
4.73676
1.60106
0.376006
0
3.88135
0.00468067
4.90107
5.08298e-06
2.95476
0.189535
0
0.0344304
8.19854
0.752545
8.12717e-05
0
1.53604
1.22947
0.589837
2.31667
0.45653
2.18918
1.15512
14.0047
0.000324882
0.975889
5.55257
0
4.70031
7.02536
2.64991
14.4131
2.33306
1.6286
7.03682
2.5869
18.7073
14.2697
10.0905
2.60692
1.13391
0.74335
0.77635
1.40566
0
0
0
0
0.925248
4.0917
1.56614
0
1.15256
0.963567
0.588117
1.6191
5.06591
2.14497
7.03545
2.04399
2.42144
5.45446
8.59432
2.57294
2.44676
0.818431
8.05623e-07
4.95964
5.53401
4.54842
0.150613
0.0120103
0.00366617
1.70818
0.824307
0.105905
0
0
0.952765
0.0810538
1.24209
1.16731
1.26007
0.0217887
0.677023
0.800415
1.22571
0.98853
0.0399741
0.765611
0.231781
0.000499087
0.0188894
0.0886189
0.0142496
0.689824
0.0181705
0.00373519
0
0.0113895
0.278957
4.20332
0.217137
0.795825
0.0707672
0.0337118
0
1.3974
0.00224079
1.94889
0.209156
0
0.717156
1.12937
0
0.00332237
0
0.00891003
1.62508
0.261424
2.31224
0
0.0637636
0
0
1.82005
0.556835
1.18587
0.000264247
0.610227
0
1.88119
5.69545
0.12105
8.02867
8.95089
11.328
14.8441
17.6626
32.486
26.4482
30.9273
4.46244
4.58598
2.73892
0.0521923
0.54567
6.13347
2.97407
12.5626
10.1954
2.69688
8.94279
2.52729
2.89073
6.16992
11.249
3.08783
4.7599
5.05561
5.42826
2.77972
2.01994
5.52967e-05
10.7148
0.0165639
4.65199
12.5048
20.7981
7.4599
0.89797
2.00189
3.75114
2.25301
1.31018
3.67481
1.26953
0.90602
4.24707
16.2512
11.7339
3.5933
2.26798
11.0847
9.7003
1.4643
5.51478
0.396652
6.50741
4.09384
7.34419
0
5.37012
3.96265
0.00074703
0.850516
0.0304502
0
0.853959
2.80235
1.35387
1.74244
8.48695
0.929241
3.35406e-07
0.0572457
0.123433
0.772648
0.247744
3.39407
1.89531
0
0.49266
4.81056
0
1.07207e-05
0.930242
0
1.65347
0
0
0
0.0383047
0.00294733
6.00152
1.67016
0.263634
0.364559
0.186484
0
7.82226
3.07908
24.0656
5.29862
3.38068
4.61786
2.3535
2.42176
3.46702
3.72639
1.81872
4.49709
3.81782
0
1.73412
0.903061
2.06245
0
2.63853
0
1.04485
0.0240608
0.00360373
0.891109
0.983737
4.56115
1.88602
1.52944
0
0
0.751305
5.39917
2.29822
2.52575e-07
1.4126
0
0.0189357
0.0619748
5.46123e-06
0
8.50179e-06
0.831404
0.0161069
0
0.10527
0.838005
0
0.0255229
0.841169
0.000677581
19.0941
0
0.000144734
0.0811367
0.0359576
3.87292
1.1538
0.0264975
1.01295
4.76324
5.08188
1.61451
7.70486
0.449691
0.902504
0.922512
0.0546041
0
1.65666
1.41765
1.66135
1.13149
13.4096
0.330444
0
1.60363
2.42786e-06
0.762288
6.83808
5.97403e-06
1.02713
0.613888
10.6795
0.391608
1.11941
0.762315
1.21882
1.28552
8.03558
3.2714
0.000422428
4.07569
2.41484
0.214149
0
5.36276
0.0586858
0.805902
0.738853
0
2.70043
0
3.95301
3.95259
1.59971
1.10935
17.5251
0.0225894
0.00449102
1.03247
0.834237
3.97669
20.6034
27.1312
36.863
0.446724
0
0
0.00188367
0.667739
0.991863
3.13048
6.11012
5.77761
12.0488
0.585019
10.1865
5.75234
2.19317
4.9352
0.40624
105.516
0.750599
0.14874
1.18138
1.83431
1.32087
17.3738
5.38842
3.93186
0
0
0.0295867
0.0233466
0.711895
0.090819
0
1.16548e-07
2.19453
2.38603
4.12193
0
7.67821
0
0
0.011812
0.222582
0.376282
0.998278
0.0876069
0.0158739
1.0446
0.0560412
1.02305
6.0667
0.967106
6.19149
0.44238
2.40591
0.00012797
0
10.9478
0.465488
3.62159e-07
7.95992
5.25826
9.20092
0.00638464
1.28885
1.58874
0
0.256966
2.58819
1.20336e-05
0
0.317092
0.524852
0
0.000485649
2.16005
0.00665159
7.14799
2.66831
8.17227
0
0
0
1.16361
0.00289226
3.15254
4.63621
6.2447
0
3.50001
6.00863
12.3956
0.298874
0.650114
3.8533e-06
13.6143
0
0.806169
0
0.0841738
0.0547173
7.81956e-08
0.00174792
0.00819665
0.178907
0.379251
4.56934e-05
1.12185e-06
0.0150586
1.69327e-07
0.75585
0
0.708299
0.0955882
0.0911453
0
0.938675
0.0115083
0.877163
0.0892948
0
0.462868
1.16726
0.942929
0
1.85211
0.0658751
0
0
0.753891
0
4.60485
0.167024
3.37252
1.31327
1.60844
0.93655
1.78525
0.416015
0.217294
1.31268
0.866266
1.56433
3.2014
0.688278
2.19895
3.41556
4.02201
2.58026
0.237125
1.04561
2.38746
2.00531
6.01451
8.9026
5.2817
2.70869
3.07003
5.10711
3.2963
2.68415
1.82178
0.94602
0.0325503
0.453726
0.78752
0.911231
0.00165062
0.968873
0.035691
0.614469
0.99933
0
0
0
0.037901
6.73942
6.18764
1.67387
3.27937
0.131036
1.76396e-08
0.288919
0.524729
2.26791
0.157441
4.01422
1.28154
0.0121469
0.0892484
10.6191
8.30316
3.26074
9.27301
2.99436
6.65561
1.69017
1.31142
4.27198
0
6.93549
4.02627
0.51435
1.41387
2.64849
1.35818
2.69999
2.94976
0.919418
7.08601
19.569
2.07438
0.743714
2.55052
0.153616
1.90932
14.3701
11.6116
18.3321
12.5543
8.87322
6.20855
11.2537
8.11803
8.26706
2.70318
2.77852
14.9958
11.7136
6.2594
11.9505
3.41788
3.2312
0
0
0.0702272
0.865289
3.55907
5.94866
2.2888
2.34032
3.35143
5.26502
10.5475
10.2979
7.51618
4.29897
5.14563
5.34432
3.06701
2.39608
1.41136
2.26347
0.244135
3.00729
21.6267
1.29323
0.483538
2.95681
2.69864
4.19335
1.61079
8.52509
0.0324702
15.7306
1.97081
8.96131
6.91391
0.998826
4.61648
2.6922
5.60723
22.3658
5.29322
8.81759
5.09607
0
0.545751
0.487751
1.12464
4.56645
1.75895
5.51568
0.0150005
3.50057
4.23585
0.376142
1.40154
1.9629
5.62447
5.33946
9.22669
0
0
0.667403
55.9208
26.2702
13.4375
0.654889
32.3993
2.10506
2.82477
0.0516271
0.68532
0.430174
0.857139
3.41522
0.000385653
2.02963
4.7592
5.96633
1.20304
1.00457
0
6.49851
1.89621
3.01317
0.213115
1.94731
1.95212
3.02411
3.50686
5.24651
5.89985
4.96301
7.48962
4.60711
0.167133
6.24955
12.9182
14.3023
2.64612
4.18155
2.6182
1.41805
2.07053
18.3022
2.17454
7.09522
8.44314
1.96518
24.2575
0.724365
1.3522
0
1.63451
0
1.20272
4.40026
6.27204
1.2257
0.931356
1.68339
2.59185
2.68257
1.08733
4.44075
3.81953
3.28133
0.95298
7.62677
4.0578
3.53005
3.26931
3.42806
2.86577
2.56731
3.00574
4.39772
0.0226396
2.70162
1.62668
9.29153
0.956541
8.88022
0
0.0078901
0.718528
6.33486
6.32614
0.373954
0.0735139
8.14572
7.19545
0.718686
2.77938e-06
0.000881343
0.233511
2.23939
1.98652
2.06051
2.83864
0.371657
4.9534
0.836693
0.973602
0.869315
2.67674
2.76458
2.18257
1.27843
3.26595
1.47814
0.350589
0
1.73767
0.917221
0.665408
2.47094
1.50274
0.629838
0.853695
0.0253057
0.00430789
0.022521
2.38934
2.30067
1.22588
0.186977
0.940253
0.0350994
0.29124
0.38611
1.39648
2.08537
0.99126
0.192467
0.336727
1.37107
3.10864
0.985078
0.609748
1.42716
2.33535
0.0228414
0.185585
5.77218
1.55293
2.19867
0
2.0285
6.75237e-06
6.26713
6.67025e-06
0.341512
5.04153
1.09993
5.33439
4.43729
19.077
0.0281809
0.977417
0.00120363
2.77441e-07
0.383585
6.28247e-05
3.91609
4.24647
0.218629
0
5.18271
0.0494664
0
0.916474
0.711764
0.818894
0
0.174549
3.12088e-07
1.7538
7.89632
1.0855
0.22922
10.0161
0.841319
1.85578
4.42277
7.30799
2.69851
1.10431
0.576905
0.77674
3.44608
5.04114
7.79829e-06
0.272919
0
0.657532
2.59497
43.4693
0
0.00727849
0.897302
2.23776
0.090781
0.77995
0.0321401
0.00389892
0.22129
0.000102843
1.37278
0.514864
0.605748
1.10909
3.26131
0
1.33289
0
0.785928
0
0
0.00939634
0
0
0.270318
0
0
0.866137
0.00164831
1.91069
2.25806
1.64407
11.6418
6.86155
1.74022
2.97657
1.79318e-07
0
0.0194697
0.0102421
3.06363e-08
0.293891
3.01599
0.001102
8.90747e-05
0.779621
4.52387
9.05365
7.04864
0.997975
0.194719
0.815255
0.853616
1.03042
2.31052
3.83128
3.13511
3.05071
1.37521
0.0297878
2.76835
5.8813
1.52827
5.06695
0.53458
5.8433
0.70698
120.677
0.516293
116.615
78.2759
6.52625
0
0.00479287
0.267099
0
0.572897
5.43047e-05
1.36804
0.0195337
0.138758
0.558329
3.52409
0.000349922
0.412524
0.0252415
6.56029
1.16765
0.848568
3.79372
1.88884
4.05751
1.56153
0.225277
3.55958
5.29173
3.21005
1.08572
5.11272
3.41493
1.41818
6.26387e-06
3.44822
0
4.1487
0.830404
2.33497
0.588961
1.61392
3.56566
8.74931
73.0846
1.44906
7.86791
2.34678
0.0472843
0.822786
0.612974
0.88441
0.0485942
0.0442431
0.993397
1.0199
4.48848
0.839184
0.693304
0.906397
0.06478
0.00335189
2.7866
0.817287
9.47072
0.169957
11.9785
0.495191
2.33469
8.88186
8.09542
8.39629
9.55498
21.0701
0.0167341
0.46923
0
0.0366317
2.03825
0
2.32187e-08
0.831495
2.10901
1.4331
1.19399
3.05525
8.01495
16.4238
2.55687
0.866711
0
0
0.0505667
1.52481
0.0841409
7.07578
1.6258
0.110623
3.22834e-05
0.920716
2.03687e-07
0.00622947
0.196222
2.45599
2.08306
0.000968437
0.306449
0.599299
2.20783
3.17627
3.49751
2.19226
10.8853
0.931407
1.31795
0.869917
17.9886
0.00162202
14.4463
8.61817e-06
0.0103633
5.2919
0
0
0.101275
0.00560524
0
0.80406
0.0286271
0.0169632
0.792779
0
0
0
0
1.08501
0.0616254
0.717676
0.333771
2.19413
2.34423
0.00109218
0.000492031
1.17106
8.16365
0
0
0
0.640069
6.63717
0
1.50627
4.22392
7.22447
5.94333
22.4652
6.94233
12.7864
0.80761
3.34855
4.21822
0.0475595
2.03219
1.13019
4.25704
0.065097
7.96771
0
8.21152
3.43981
2.74763
0.263431
1.19087
3.03364
1.85121
3.06642
3.51513
1.72651
2.20539
0.91928
10.7018
0.0284514
3.10131
3.80293
0.290876
6.71
3.2645
0.255482
1.02368
4.94716e-06
11.6177
0.485234
10.7935
12.3754
1.55187
0
56.6059
28.6334
1.47574
2.02987
1.14383
3.43629
6.57473
3.94176e-06
4.87588
0.263253
5.76374
3.81783
10.7935
3.15819
1.61909
0.349064
1.16939
7.91997
11.7933
8.44649
5.69862
4.2679
3.98448
3.30905
2.78681
4.88246
3.61217
4.74954
5.59158
1.9415
25.2798
3.55824
8.17655
6.87715
7.06236
0.0192682
6.7123
8.37082
5.23642
2.49185
9.00112
0
10.6199
22.3361
0
0.000423667
0
18.2531
6.99683
6.45796
12.7243
1.695
3.91414
9.441
3.16388
3.67491
11.4131
7.79298
0.163601
7.34915
10.4581
5.82233
7.49088
8.44542
2.69853
4.11169
2.49322
19.6277
17.1643
0.00202599
18.6775
7.44022
5.71534
0.0149733
5.05763
11.7921
27.9529
11.8482
6.90585e-05
8.0173
10.9861
3.01628
0
4.65035
6.07434
1.94023
2.91576
3.77098
3.73349
0.602608
0.84869
0
6.37978
0.535588
6.22908
1.18193
2.52864
7.19852
4.08801
5.3413
5.31574
0.9091
9.2225
0
3.96315
4.10759
3.21579
3.47667
2.62907
9.32531
6.0935
23.183
4.26174
3.40768
1.80905
7.9347
0.748332
3.26255
3.43373
7.70589
0.0488107
2.97116
2.9295
4.19823
3.14474
0.983828
4.86938
4.70183
0.00611953
1.10342
0.962684
2.52066
1.15776
0.678014
0.0324099
1.58271
3.29978
5.03258
0
2.46326
1.95669
4.00704e-06
3.5411
6.57502
0.323528
2.53486
9.37445
2.29925
7.06148
5.71266
0
5.42495
0
0.0443018
0.201064
3.11699
0.0617985
0.00195889
4.24259
3.26814
4.30884
2.90364
3.27635
3.97836
8.34063
2.04164
1.03127
2.6264
4.61108
4.04232
6.18857
0.949259
2.82059
2.69279
0
0.0191138
3.64149
1.9167
0.0218548
2.67699
3.62959
0.87136
0.721606
2.89614
6.56754
7.36848
4.44648
12.7085
3.45548
5.75773
3.15369
2.41121
0.700861
0.309158
6.3505
0.677636
0
2.86473
6.75704
1.01334
9.69605
0
0
0.866316
1.10422
14.1655
5.05283
0.0031211
3.58681
0.168351
6.74313
0.898265
6.68967
0.12072
0.54662
0.0596777
0.0455596
0.8781
1.07685
0.0240383
2.19768
0
0.528577
1.11353
1.96056
2.38641
5.03693
0.825628
1.56367
0.0660158
0.762902
0.897981
0.326743
1.88625
2.9509
3.70623
2.67031
18.1226
7.68169
0
1.58161
0.0141728
7.88727
0.118541
0.710656
9.70788
0.815992
0.456749
37.7855
0.0554805
36.9553
0.000657342
10.7879
2.66961
0.0913463
5.44209
1.03207
0.134019
0
0
0
6.19982
0.817354
0.258249
2.15281
5.18159
4.97325
3.97459
6.03706
20.1851
0.887544
4.88048
15.1677
0.983884
19.9407
9.81127
0.112844
9.16736
0.116393
12.4408
7.12287
0.518091
4.53583
1.15356
0.251254
0.225972
2.96571
0.00851389
1.57234
0.745007
6.89334e-08
2.59027
4.07471
1.47008
0
1.14143
0.16461
2.45634
1.76686
1.16851
0.475044
3.59459
1.11297
0.0160388
1.94654
9.6231e-05
1.75073
1.40237
0.435388
0.485227
1.32216
0.112444
0.0324931
1.74056
6.58534
4.97012
2.43828
1.45301
19.9191
2.45953
4.76197
4.19608
26.8067
0.529112
2.01369
2.40514
2.14269
0.922438
3.55389
3.61455
1.55394
0.932897
1.03323
0.0216584
0.314637
2.76327
52.9802
6.0003
26.322
6.51674
8.57467e-05
1.17447
21.1046
0.0109806
0.85581
0.0926874
0
0.664209
5.96719e-08
0.694391
0.953762
0.00223938
4.62217
1.60812
0.000677887
2.35151
0.112487
0.927921
4.45712
0
0.00646687
7.64457
0.120284
4.84028
0.0358861
1.75064
0.834032
3.57852e-07
1.0045
0.914263
0.0598263
0
0.207307
3.00197
2.81348
0
0
0.127182
0
0
0
0.00246648
1.73073
3.29144
5.87966
1.07101
1.75621
0.197342
5.5341
4.37249
6.79051
6.55675
9.30414
7.73718
9.51813
0.804431
0.936811
4.40554
14.2281
8.30432
2.65043
1.2904
16.6724
2.67262
6.07066
10.652
5.07194
2.96942
8.30254
0
0.0484708
8.0769
4.24623
2.10227
2.7306
2.50332
3.01217
0.568298
2.24331e-06
0
0.845538
0.701639
0.112026
1.00457
4.85153
2.42533
1.60172
0
0.0603372
0.00441139
1.55235
4.17685
0.0745102
0.868895
0.0561435
1.04256
0.0702311
3.97616
0
0
0.504317
0
2.22469
2.36349e-07
0.904314
11.3517
8.77968
3.15873
1.48091
3.3863
6.84696
16.5414
7.18318
2.80325
0.122742
2.22796e-06
1.69517
1.41328
0.959151
1.75133
2.1329
2.96709
3.10713
6.33671
0.190737
1.37284e-07
0.00374292
2.7504
9.02757e-07
0.789173
1.6925
2.24612
5.70933
2.01814
0.714297
0.398711
0.0104469
0.183104
0.198973
3.56502
0.164768
0.428747
0.500683
4.83884
0.696077
1.3993e-07
0.0878947
0.0924116
0
0
0.000427188
3.21271
0.00372525
0.0338425
0.145082
0.215759
0.973308
9.5367
0.511714
14.6018
40.3744
0.367859
21.6732
2.33897
1.33375
3.13783
3.39353
10.7344
3.22653e-05
0.841427
1.2994e-08
0
0.0762488
0.0877309
0.000192657
0.000620103
4.13976
4.05432
3.98848
3.03135
1.90381
6.0696
0.0334256
4.16258
0.846967
0.267478
1.59166
0.15483
0.196754
5.83632
6.26207
1.715
30.1888
3.89251
4.39947
8.02476
5.63039
1.09428
6.64927
5.19362
7.64461
7.37306
3.04398
2.70091
1.29566
1.47656
12.7697
0
0
1.26483
0.845037
4.60498e-07
0.0361675
0.0736113
0
0.652646
0.713013
1.97114
2.92031
5.74111e-07
1.2518
2.26881e-05
0.641248
0.00191331
8.27063
3.31388
4.79336
9.84088
6.59479
33.1652
3.73733
0.0978151
0
0.340475
3.46667
0.0848971
3.1907
4.69801
0.0413388
0.0197195
4.24597
0.11351
6.29944
2.5461
1.16545
2.46621
2.88721
1.12288
3.11111
0
1.68797
0
3.77015
0.527548
0.69958
4.35351
0
0.943257
9.51547
0.96522
2.35736
3.38051
0.000243629
6.57083
11.8405
0.424509
7.88805
6.41579
11.0478
9.27106e-05
0.215143
5.46606
2.35059
2.66831
0.632944
13.1164
0.0575924
1.3163
0.932001
3.268
0.786517
1.29538
3.16739
1.45773
0.927603
0.891145
2.3861
1.98895
1.38095
0.00152665
2.52993
0.802847
0.670534
0.0021307
0.00233077
2.46139
2.25901
0.846308
0.054179
0.594086
0.0138227
0.482383
0.436073
1.94181
0.717993
0.354931
0.487406
16.4257
0.379951
6.83746
7.94489
1.13141
2.52713
8.09503
3.90736e-05
1.3087
0.0512634
6.60353
0.00809181
0.100414
4.26069
4.56471
0.221245
0.184006
2.33295
8.99939
10.1054
2.58839
10.0703
0.183307
5.29258e-07
6.57012
10.2627
0.093584
1.60671
6.23693
0.00212955
2.72307
12.0878
0
1.66904
0.105669
0.770675
0.306756
0.25173
0.349271
0.0134617
1.87174e-05
1.0983e-06
0
2.67905e-06
8.82541e-06
4.65076
5.08446
7.77876
1.99069
0.0504761
3.37505
5.75811
1.00675
5.393
13.3068
5.38527
4.09028e-05
0
0
4.46257
0.0264051
0.0166407
0
0.589376
0.587616
0.0173919
3.61474
0.0128542
1.95585
7.04242
1.23007
1.2926
0.0023478
0.000223557
8.59611
5.71032
3.23329e-05
0
0.016729
1.00478
1.26296
1.12676
22.285
0.0405636
0.984042
3.60886
2.54885
0.0140743
0.00192576
0.00091562
0.0969257
0.0115097
6.87888
7.39309
0.0121967
0.0280692
1.48094
0.226809
0.0224177
0.00156318
0.0626882
1.87608
0
2.45315
0.416187
0.0281043
0.182087
0.0364953
0.409293
3.02979
0.47809
1.04661
0.0804875
1.45202
0.527289
0.00494681
0.00689049
0
0.438192
0.00683871
0.888646
0.136577
0.998444
0.0104337
0.0184548
0.982001
0.0950204
0
0
0
7.19169
0
1.72493
1.51877
0
0.497025
1.27482
1.27278
0
0.0340213
0
1.97136
3.96491
6.34252
4.45943
1.19007
1.38826
0
0.872781
6.13452
5.8966
1.99109
0.0123735
1.53053
0.80558
0.519321
1.99095
0.0656593
0.904357
0.162143
0.0064107
2.27121e-05
0.394569
1.73232e-05
0.701358
2.56728
4.06391
2.51292
3.97504
0
4.53335
0.259922
0.384054
2.81664
0
8.00142
17.7744
2.53192
1.06522
5.9946
3.24009
0.191271
0.104151
0.00402339
1.52158
6.33805
2.34386
0
5.52508
0
0.132543
0.309508
4.70686e-07
0.297592
0.997998
5.57615
0
0
2.03697
0.00454792
0.000251221
0.320443
0.126561
0.000808659
0.000511023
0.294844
1.06277
2.21776
0.0374113
3.34178
8.89232
0.00614223
1.02742e-06
0.89075
5.53831e-07
1.97008
5.45198
0.990562
0
0.849522
0.620743
49.3306
5.22026
6.5968
0.00507296
4.5503
15.8949
16.544
25.4971
0.50975
1.08558
10.9838
0.91125
20.1328
0.148823
5.75599
9.28166
1.08464
0.0325685
0.991365
0.0031675
4.21275
0.268415
0.104955
8.52248
4.71552
0.0591198
6.27923
1.42088
0.159205
3.46578
0.0165734
3.76821
4.5898
1.56198
0.584606
2.79743
3.4978
0.484379
0.143322
4.7934
2.08264
1.58231
1.9167
5.10169
0.63028
6.96834
1.55165
0.442704
2.90405
0.00063625
0.917284
7.84869
4.1944
5.86588
0.577666
0.762289
1.32721
0.200186
0.192254
3.60371
0.478046
0.954439
0
0.869627
0.096576
2.01332
0.297284
0
0.973736
0.618583
0.63744
1.20763
10.8797
0.852328
0.0589477
0.00215379
0
4.05254
0
3.01681
24.022
0.783205
2.50351
6.93787
4.78681
0.0342057
0.625029
0.00148267
0.519686
20.6676
0
0.821632
4.72442
0.587109
0.925877
25.1446
2.33259
0.0215457
1.67943
0.491649
6.46683
0.103328
0.944741
18.3379
7.59636
1.49626
2.35121
8.20119
8.64712
2.61041
1.64291
3.96948
27.0242
36.6355
21.998
40.4601
37.8769
11.4918
6.79268
0.121041
1.9713
2.77832e-07
1.19816
1.50888
1.38248
3.09352
3.80899
4.25461
0.920725
0.00236894
0.921897
0.00335585
0
0
0.54811
0.0982881
4.95359e-05
1.45417
0.0396052
0.148649
0
30.539
18.585
0.933535
1.6515
13.6617
4.51286
1.82317
1.02382
3.29821
0.0238411
1.63982
0
0.0984647
0.0023366
1.44172
3.70759
3.33779
3.47046
1.56682
11.1043
12.9524
1.84048
17.28
6.52054
13.7798
18.1585
12.8609
0.955262
1.11832
1.74598
0.00109628
0.361758
0
1.22161
4.99288
7.08631e-07
0.197949
2.47092
9.33482
16.3157
2.45193
2.47929
2.82638
0
0.448264
0.519853
0.816051
4.07324e-06
1.59838
0.020918
1.47021
2.44576e-08
5.76366
5.17815
4.45511
1.05332
3.80474
1.29965
0.0690715
0
2.33213
2.54002
0.260034
2.90837
1.67454
4.53809
0
1.68805
6.11004
6.93228e-07
2.74468
2.92368
3.06222
0.314239
0.849621
3.62575
3.57156
3.69752
0.151305
0.335587
8.2076e-05
0.649016
6.07765
0
0.162259
0
4.20029
0.000222519
0.0454698
1.58893
0.308001
6.43228
0
0
7.17488
