3.16287
0.934473
1.97523
0
0.943711
2.67044
0
1.43569
0.522989
0.580431
2.75065
0.000731834
2.3878e-08
0.220455
1.68631
0
0.0784206
0.668251
4.64326
3.13799
2.93679
0.000359225
0
0
0.000966702
7.93308e-05
0.630057
0.0218485
0.406225
0.0353527
0.35077
0.504725
1.02461
0.944114
0.69145
0
1.04824
2.7541
0.737683
0.849695
3.52291
2.38005
0.266475
3.53978
0.45769
1.19612
2.47227
0
3.21885e-08
0
7.65991
0.131224
1.41862
0.000973447
0.178785
0.0625923
5.35952
0.734648
0.286591
1.67169
0.201828
0
0.959944
0.718771
6.87305
3.14769e-05
2.85236
0.642863
0.826359
0
4.60534
0
0
0
1.39325
1.86042
2.6769
1.00892
4.17787e-05
0.116874
0.0203564
0.380098
0.0110689
0
5.80343
3.12431
5.47177
6.15048
2.88346
1.3534
2.48545
1.442
0.00174348
3.23049
2.31886
4.21106
2.2748
2.83386
0.794252
0.0906046
1.00048
1.00547
0.890149
4.08859
0.00540564
0.393661
3.04161
1.28358
0.742093
5.31634
1.66424
0.932651
4.21214
1.91038
3.20298
0.673691
1.81229
0.796165
0.684265
0.847749
0.974972
1.28646
1.47685
0.904996
0
0.870484
2.54169
0.410848
0
0
1.06239
0
0
5.02301
3.47801e-06
0.0788817
0.00786823
1.73571
1.92449
1.89311
0.00223277
1.96224
0
2.69857
0.0283273
0
0
0
3.42632
47.7255
0.859067
0.120173
0.000123815
5.98661e-05
1.86279
0.0349106
1.18265
0.249316
1.27314
0.0909791
3.23398
1.5825
2.76487
2.07374
2.06691
0.00218556
1.63695
3.91848
1.91625
1.04721
2.69354
0.41883
0.173937
1.49132
0.795068
0.0689896
0.0407852
0.0146779
0
0.0145575
3.29169e-05
1.54205
0
0
5.10924
4.30361
1.79268
1.09365
3.48498
7.87448
3.23333
6.43797
1.27594
6.86874
1.16696
0
4.02745
0.360351
6.99442
0.856586
12.7665
49.8741
0.196039
21.1655
2.86905
3.68902
0.248445
8.11047e-08
35.1799
1.34128
22.1033
6.13445
0.0989974
5.41138
6.64537
9.13569
1.68766
10.1235
4.10319
0.0194896
2.59829
2.21791
5.81975
0.237372
10.9865
1.27061
6.87161
9.12993
8.96337
1.00135
0.637498
3.34791
4.40605
0.27772
0.965211
2.52845
1.10876
1.95965
0.203055
2.42681
2.21612
1.95454
1.85995
0.0997396
0.0160835
1.90139
0
0.000128445
0.26692
1.97982e-06
0.350295
0.991166
0.0703261
0.761388
0.00150613
0
0.00526023
1.27067
1.33773
0.00308624
0
0
0
0
0.568057
1.66542
0.90438
0.0194846
0
0
2.48272
0.0668812
4.0497
0.055692
0.762194
0.07548
2.66684e-05
0.0405346
1.69021
0.472625
7.86441
0.000734506
0
0.0149687
0.773086
0
0
0.126907
0.91528
0.673331
0.00440218
0.83116
2.79209
0.0964933
0.00230534
0.000165025
0
3.03766
1.04356
2.02104
0.482795
0.413681
0.882297
0.454796
0.0579438
0.686148
1.53555
0.297994
3.00582
14.8513
0.0534866
1.7955e-07
0.336422
1.75695
2.20607
2.95298
2.52841
1.55949
3.55021
0.0209681
0.304569
0.00106822
0.594366
0.0872284
0.241756
0.491713
0.129221
2.35356e-07
9.1644e-05
3.40138e-06
0.0002002
0.666772
0
0.0183834
0.0502256
1.54082
6.81709
1.22928
0.736501
1.07062
3.60083
0.214738
2.66363
0.00333317
2.87117e-08
0.0742986
0
0.113318
0.718064
1.21204
0.000337087
0
2.3009
0.179378
2.80447e-05
0
0.0042432
2.93061
0
0.0108065
0.182409
0.0592406
0.423418
1.13621
0
1.45737e-07
0
0
1.06415
0.0301892
0.180914
0
1.47533
0.00445396
0.000433327
0.0103523
0
0.0568522
0.294431
0.910631
1.17908
0.622239
0.416268
1.21234
0.997645
3.55608
0.53661
1.76351
0.958606
0.188981
0.49254
1.66331
0.0467636
3.73986
7.42031
2.08871
2.09007
2.0148
0.28736
4.62295
0.319316
4.3057
2.42651
2.0357
1.92945
1.56607
2.11524
0.00344739
2.96118
1.10822
5.84626
1.67264
3.48506
1.01659
2.87214e-08
0.487406
5.66765
3.62811
2.2939
3.80327
0
5.32353
2.6095
0.488252
1.88249
2.17577
2.34123
0.783729
4.55526
4.11874
2.46398
3.16588
2.57075
4.2131
5.3971
3.30675
5.41195
0.0386839
1.92659
1.17714
3.08331
2.91517
5.41381
5.75195
6.50609
0
0.367052
0
1.17911
2.58667
2.03313
0.967163
2.01903
1.92668
1.22422
3.62167
2.53286
10.3972
3.34818
2.76559
3.77314
0.885571
0.75381
0
0.198541
0.015777
1.59975
2.7743
0.422834
0.665027
0.00139255
1.89139
2.13204
0
0.834795
0.0835802
0.970967
0.574036
0.782196
1.90974
0.136015
0.890536
2.77134
5.89521
3.96287
1.38306
7.65761
2.39893
9.50303e-07
7.89478
2.73424
6.32
2.32018
0.737642
0.316235
0.383072
2.19516e-08
1.85977e-06
0.419401
0.0112781
3.03896
8.27559
1.00483
0.976783
3.7065
2.37864
2.03946
1.03014
0
0.100206
1.49958
2.48621
0.84218
0.0366643
1.07334
6.01332
3.49551
0.248781
1.97005
0.900037
0.103691
2.50724
1.524
0
0.0765355
3.5848
0.000464726
0.839645
0
0.0254868
0.00920249
0.25725
0
0.165885
0
0.856367
0
0.217318
0.807741
2.76173
0
0.0597708
0.0326421
1.20892
0.0105033
0.5243
0.451394
0.874244
6.52182
1.22479
4.22971
6.93543
0
3.93971
0
2.67456
12.2394
2.45327
4.01844
3.7254
2.20208
0.555041
0
0.509701
0
0
5.02127
0
2.21541
4.39564
3.15702
6.44597
2.29794
0.557245
0
3.67803e-08
0.447673
3.23991
7.45365
0.619206
3.91108
1.19822
0.0236362
2.30735
3.93163
0.00512825
3.18808
0.0498805
0.718969
0
5.07704e-06
0
0.00512458
0
0.854659
0.344739
1.3468
2.67379e-06
0
1.27392
0.924594
2.00926
1.85879
8.70488e-07
2.68787e-06
1.2594
0.298402
0.408889
0.0680306
1.19124
0
0
0.0948148
3.51359
4.70589
0
0.00523758
0
0.556598
0.0101373
0.608842
2.71752
1.82877
1.75379
0.0213115
0.0870041
6.34741e-07
2.22392
0.103961
0
0
0.0159216
0
4.23719e-05
1.5545
0.108494
5.78396
1.03439
3.22392
0.0272642
3.24388
0.51016
1.81468
2.42103
0.0159104
0
0
1.09855
1.86058
3.63343
0.0578003
2.57778
0
5.29133
5.15723
5.26034
4.11703
0.0635693
0.27485
0.303982
0
0.00839075
0.803256
0.215026
0.146944
3.28881
7.81573
3.55285
2.96074
4.16176
1.275
0.86168
0.854479
6.89561
9.59801
9.43923e-06
1.51146
0.00208118
4.06844
4.27514
0.0381843
0
3.32054
4.37349
0.00486084
2.53239
0.000563804
0.0764807
2.03164
2.95738
3.29564
4.44429
2.49923
3.12936
3.03598
0.00140327
0.00188701
0.0100445
0.0189973
0.00339456
0
0
0
6.57376e-06
0
7.07394
0.575326
0.102596
0.824653
0
1.92194
0.0242015
0.0361221
1.89167
0.678125
11.354
0.651731
1.29288
2.49011
5.39722
5.02422
2.03375
0.269944
1.95402
1.81559
0
0.0597097
3.52555
2.65886
0
7.27043
2.50731e-06
5.64091
37.0406
3.16186
2.78272
3.73134
1.03895
1.39429
0
0.784498
5.99688
10.3233
0.428666
0.00113365
0
0.000866867
11.3783
4.01656e-05
0
3.50719e-07
0.367133
0
0.0306905
0.254982
2.12096
2.51201
1.87793
0
0
0.00375662
1.6805
0.256911
0.00282554
1.53791
3.45184
0.0182295
9.09249
0.340742
2.24231
7.2022
1.0503
1.54796
0.319969
3.08928
2.90429
0
2.1821e-07
0
0
0
1.44852
0
0
0.336753
1.92919
2.38473
0.585345
2.84466
0.526844
0.441939
1.57901
0.962848
1.24315
0.917954
0
0.121932
0.535862
2.20694
0.755921
2.68848
1.04986
5.3095
0.071646
0
0.0130769
0
2.01756
0
0.282725
0
2.99182
1.89797
1.21547
1.26902
1.50658
12.7375
0.680091
0
0.0148626
2.05433
0.00103443
0
0
0
0
0.322023
2.87208
0.463229
0.583153
2.43163
3.20516
1.36242
4.54388
0.590278
2.29413
2.66212
0
0
1.34029
3.21807
4.40494
0.0895107
0.0260925
0.000757751
2.25593e-07
1.07702
2.5864
2.83452
2.47549
0
1.03074
2.38822
4.35351
0.000419664
1.98314
0.268745
1.76886
3.0152
0.0907267
0
4.764
1.66167
0
0.00820088
3.99279
0
0
1.05501
0.14283
0.855354
0
0.11248
3.78715
0.243601
2.49685
0
1.25333
1.07471
7.64525e-05
0
0.173447
0.691957
0
2.76141
3.39899
0.733399
0.922198
2.54607
0
4.10478
1.7352
0.627544
0.240759
0.795344
2.08054
0.507387
0.890473
1.38671
0.255652
7.973
1.58427
2.14314
2.24969
1.44833
5.26099
0
1.12475
0.0436864
8.43807e-05
0.740866
1.7154
1.62102
0.00247416
2.65691
2.6859
3.8209e-06
1.27205
0.220509
0.000653014
0.771788
0
3.03153e-06
3.17967
1.11914
4.71454
0.959001
1.44438
1.80019
0.139313
3.70378
3.7075
0
4.55142
1.36803
1.17536
0
0
0
1.73734
0.258184
3.39224
1.25315
0
0
4.08877
0
0
6.57479
2.19366
1.54481
0
0.272162
1.79119
0.321314
1.35427
2.48432
1.66788
0
0.0109813
2.5014
0.816937
0.223551
1.11963
1.10907
1.51259
1.16715
16.1983
0.00547548
0.0563761
0.00579911
0
5.8059
5.2469
0.108458
0.439251
4.6965
1.94083
4.53848
0
0.00274428
1.30147
0.0655352
2.20874
0
0.059584
0
0.0322968
3.72954
0
4.30131
1.68226
0.0869726
0.901113
0.0826737
0.00345874
0
1.4261
1.78364
2.64964
3.705
3.05698
0.00434899
0
0
3.49599e-06
1.38129
1.07284
0.0695856
4.80638e-05
0
0.000349845
1.72198
0.00115844
0.413576
1.38509
2.9553
1.10368
0.306216
0.907829
3.28014e-06
0.516885
6.73925
4.11901
2.44887
1.18528
0
0.115013
0
3.91559
0.00580756
0.0195826
3.14431
0.0661173
0.224279
0
1.23846
1.12971
0.0161179
6.45479
0
0.000462725
0
0.000547246
1.92381
7.22922
0
2.89489
0.0141918
1.76906
0
4.08342
7.479
2.05618
5.1221
0.950094
1.09718
3.13494
2.80064
0.953748
0
0.992317
1.75648
3.46277
0.686508
0.960165
0.528852
0.832229
0
6.0572
8.12945
1.71988
7.02332
1.7818
1.99132
1.51763
4.0134
3.56732
4.26752
0.181057
2.41709
0.0560399
6.50863
0.870018
0
7.93885
0.985341
1.85917
2.30867
0.844547
0
3.48609
4.19411
6.30845
0.00218314
0.0327999
0.0376468
2.82262
3.06194
8.09251
2.47192
4.81607
3.18192
1.47424
0
0
3.33714e-05
2.27151
9.99975
1.50948
6.01734
3.91708
2.37672
1.73964
7.22774
7.92618
31.6832
29.4574
5.10528
1.10066
3.23508
2.08298
0.618265
0.0223436
0.546818
0.830649
1.18968
0.963669
1.82966
2.22984
0.984872
0.871895
4.58074
4.71705
2.03205
3.78141
1.73533
1.19229
3.24313
1.31803
1.19554
0.845884
3.69692
2.26712
3.98045e-05
2.5632
4.41645
2.74642
2.10523
3.4873
2.71773
0.000589934
0.0969605
0.587935
1.69533
4.81272
0.996321
0.122506
0.765925
1.04368
0.1396
0
0.00155383
5.35013e-06
6.45264
0.000667531
5.69585
0
1.35624
1.46157
0.00492959
0
0
1.42669
1.53209
3.192
4.21654
0.691348
0
3.44222
8.41625
0.180102
0
1.74279
3.36491
5.60968
0
3.0084
0.0725277
0.282701
3.34625
0
0
0.00936174
0.00703782
5.68436e-05
0.00191718
0
0
5.18996
0
1.37286
2.29903
1.75043
8.66443e-05
1.73293
1.1796
2.12252
0.0161218
7.18844
0
2.3871
1.06236
0
1.939
0.0109065
3.06681
0
0.388337
0.951628
7.07755
5.38064
0.0435515
1.5737
0
0.911804
4.78566
2.36799
0
2.96336
1.00345
5.72963
1.54728
0.15534
0
0
3.55526
0.00721635
4.65729
0
0.0583348
0.915709
0
1.69547
0.603828
0
0.0106369
0.5317
0.0646477
2.19652
2.72813
0.535942
2.01763
0.3722
1.61757
0.814819
0.915256
0.0316642
0
0.0292036
0
0
0
0
1.18564e-07
1.7641
0.899675
1.3091
1.05725
2.11368
2.63074
3.21446
3.05054
0.00705001
0.605642
2.86561
8.74094
3.267
8.99813
6.34946
4.36375
0.0180768
1.48668
6.65306
9.14088
4.08225
8.58424
0
7.91625
3.04046
0.245278
8.58939
0
1.02489e-07
6.0747
0
0.00974387
0.00109084
0
0
0
0.623344
1.41717
4.08637
1.53224
0
0
0
1.2742e-08
9.54179e-08
0
0.981222
0.0145216
0
6.17106
3.46594
4.47664
6.73813
0.987084
0
5.84162
0.988733
0
0
3.11773
1.07408
1.44564
2.41271
0.551503
0.0293488
0
0
3.14778
0.974947
0.903933
0.0222322
0.101693
0
7.87689
1.37867
3.7414
3.92849
0
1.27771
0.0853156
0.140728
3.74202e-05
0
6.37806
6.70599e-05
0.0125153
0.657094
1.33229
13.0423
0.385521
0.382219
7.41273
2.72437
1.14005
3.2761
1.01747
2.08018
0
1.86922e-05
1.55724e-05
0.519559
1.15431
0.637734
1.91924
0.00304553
2.77213
1.14425
0.00247102
0.0335565
0.346967
0.249384
0
0.755702
0
2.93675
11.1824
0.714738
2.62434
0.503133
0.487576
0.65492
1.10302
1.59212
5.48668e-07
0.721724
3.72895e-05
9.55426
1.57368
1.53586
6.3775
1.20776
4.34655
5.40286e-06
8.28066
1.84213
0
1.63316
0
1.13446
0
0.10577
1.84423
0.0346966
0.913989
0
0.883625
2.61791
0.941802
2.3581
2.0382
1.86653
0.000598219
0
0
0.00682317
0.151566
1.48691
5.26888e-08
0.14926
2.04363
3.84907
4.02597
0.0740063
1.24241
0.273788
0.000154032
0.0839231
0
3.55632
1.67459e-05
4.5582
0.279994
0.606374
10.6157
13.0019
0.260505
0.19461
7.1535
14.9476
2.8403
0.531578
0.584147
2.33596
0.548643
0.119127
0.0139471
2.04597
0.0499748
1.80932
1.94122
4.09641
1.63808
0.611141
2.83417
3.3815
4.14836
1.51724
0.000271333
1.19241e-06
3.42342e-07
0.738784
0.641228
0.509335
1.40352
9.67517e-05
11.777
0.653259
0.00139114
0.0365202
0.0560127
0.203487
1.79096
0.00579498
2.22248
8.79429
1.02764
1.4258
3.22005
1.04485e-06
0.0011976
0
4.71674
5.21079
2.08915
5.19402
0
0
1.991
1.05194
0.0112751
0
0.863891
0
0
0.0538851
0.00282199
0
0
0.405326
3.41281
0.012402
1.28162
0.00378632
24.5972
1.25605
0.0032798
2.7392e-07
1.56782
9.77653e-09
1.13311
1.00099
0.00144925
2.33607
10.6704
1.18327
0
32.6798
0.0325917
2.12497e-07
0.407228
0
0
0
0
0.0502351
1.17559
0.253097
0.0839019
0
0.00960359
0.01921
2.9881
0.00234504
0
0
0.691193
0.466731
0.00717888
0
0.283829
0
3.00652
0
0.0552954
3.96869
12.1402
1.91794
0.00221007
0.0395018
5.38437e-08
5.28667e-07
5.4149
1.3055
1.75035
1.57234
1.14516
0.828351
0
9.21654e-05
0
0.0918378
0.000819693
6.49221e-06
2.04644e-06
0.809048
4.5682e-08
3.84113
1.39615
0
0.0588634
0.199365
3.62776e-07
0
0.0102245
1.54732
0.0122815
0.0316568
0.771312
2.412e-08
0.0541861
0.02966
1.22926
0.000826965
0.0264738
0.0146732
2.57273e-05
3.82225e-07
3.78595e-06
7.06521e-05
1.32932e-07
3.2605e-07
0
0.0912907
0.00645086
0
0
0
5.89496e-06
3.22154
0
0.0743784
1.88008
0
0
8.20567
0.0420963
0.633626
0.0173542
0.0757229
0.983566
9.68616e-06
1.01421
7.17895
0.797869
1.13982e-08
0.506944
0
0.029799
0.953845
0.9837
0
0.0144345
0.376038
0
0
1.22172
0.372171
0
1.71167e-07
8.16663e-08
4.27699
0
1.91169e-05
0.563989
0
0
0
1.27771
0
1.82445
0.405473
0.0110478
0.515911
0.0162496
0.158168
0.398985
2.63068e-05
0
0.00115197
5.49689e-07
4.75627
4.53575e-07
0
0
0
0.381627
0.0338636
0
0
0
7.51001
0
2.76613
0.0588678
3.086
4.00032
0
0.901861
0.990415
1.30723
0.0369007
0
0.241928
0.988119
3.64406
2.53794
0
0.893367
0
0.485537
4.22433
0.491538
0
0
3.05729
1.043
1.96263
0.113131
1.20077
3.12832
12.5174
9.6348
0
0.252871
3.57311
0
5.44281
6.91158
4.27542
1.61457
0.205702
2.29999
2.20209
2.80218
1.73917
3.93803
1.96665
4.33246
3.15852
1.14587
2.01174
1.77815
0.00262464
0.000287134
0.366631
0.0424671
1.98013
3.20662
3.66874
0
0.101251
5.47012e-05
2.52123e-05
1.10507
1.88539
0.876384
0.829496
0.621226
1.4861
0.660503
1.37348
1.89217
6.74602
0.591269
0
0.071859
3.60322
1.14142
0.428676
0.00365821
1.72077e-05
0.877734
0
0
0
0
0.147632
0
1.56301
0.000161158
0.0161798
0
0
0.0519366
0.00189422
0
0
0
0
0.0042208
0
0.788809
0
0.00176025
0
2.23132e-05
0.0381667
10.2787
0.0124629
4.10302
0.027035
0.967418
0
0
0
5.91279
0
0.379811
0
0
0.0744353
3.47756
0.00481654
0
0
0
1.34906e-06
1.2724
0
0.00333886
0.326433
0.000894222
3.10948e-06
2.17753
0.267053
0.277602
8.13893e-07
0.899945
0
0.431463
4.32471
0.169733
3.62427
2.78173
3.43789
1.65458
3.72725
7.12409
0.741085
2.60574
2.20221
0.360838
4.10317
0.00011425
0.0118809
5.77903
4.16345
6.50581
8.59741
2.69484
2.05381
1.34741
1.55134
5.03718
3.23172
1.91951
2.75383
7.26649
1.98865
5.77555
2.22384
0
1.21807
0
5.49286
5.65524
2.62887
4.99828
1.77835
2.65381
6.74687
5.17674
0.144971
5.92391
5.22809
3.53927
0.151301
10.4891
7.5652
3.512
10.2875
2.00481
2.89007
2.20055
2.57505
0.001059
4.11734
2.60575
2.89566
0
5.87668
2.59816
2.76667
0.472223
2.03106
0.875006
0.0373247
4.04835
2.42279
1.60907
7.39107
1.99216
0.932213
0.178658
0.0391226
0.633212
0.949617
5.06836
2.73545
0.512464
1.82282
1.89058
0
0.0192748
0.00310013
0
0.0997162
0
0.00108749
0.0742951
0.0382821
0.0440118
3.05856
0.00314261
1.04612
0.114447
0.451732
3.36066
1.44715
1.73497
8.68891
0.966499
8.22807
1.32181
0.95528
3.72845
5.33134
1.79621
4.05882
3.35752
1.87899
1.85021e-06
4.47679
0.598623
4.55317
0.00635787
4.63257
0
2.27597
3.58817
1.83207e-06
2.71507
0.981515
7.37306
0.000433343
1.97649
0
0
0.634193
1.83216
3.27612
0.00343795
0.565264
0.00863891
0.230899
0.303518
1.8541e-08
0
0.689734
0.860723
1.05753
0
0.0220464
0
0
0
0
0.147874
2.14679
0.00121952
0.478344
0
0.0691623
1.594
2.11255
2.59416e-07
0
2.93119
4.48261
0
0.448211
0
0.00244254
0
3.35834e-06
2.2546
0.781727
0.00186664
2.49144
0.36216
3.43816
0.188784
0.000359814
1.2585
0
0
11.6944
0
0
0
1.28324
0.133548
3.40857
0.125792
0.0275105
2.50883
7.28073
4.1189
1.72811
0.587587
0.0882136
0.00843168
1.18038
3.87201
0
0
0.00872082
0
3.90969
2.08875
3.64707
0.406157
1.25134
0.0423389
6.4369
1.19649
0.101068
0.810316
0.274827
1.84063
3.28965
2.30394
3.16657
0.0811374
0.339738
0.326631
0.00491703
0
0
2.606
2.91886
1.92752
2.50272
0.00672734
0.147952
4.76341
0.411264
4.35537
1.49846
2.6738
2.43886
0.701034
0.549916
22.4455
8.07718
1.05097
5.98148
0.614039
1.76305
1.1079e-07
0
0
0
0
0
2.47681e-07
1.0124
1.11894
4.52709
1.54978
2.26799
6.07735e-08
0.809076
0.00936915
0.205315
0.00795085
0.224009
0.00242518
0
2.3058
7.85084e-05
0.00910335
4.8073
1.35588e-06
3.45935
1.53585
12.7004
3.53912e-06
0
1.61247
0.0243837
0
2.40695
1.99906
7.11123
3.2691e-06
2.35314
1.51339
0
0.245068
2.23808
0
1.16272e-05
0.00487039
0.000499795
0.000176108
0
4.66849
0
8.44058
1.32407
11.7009
0.020321
0.0357136
0
0
0
3.17079
2.47309
4.61797
0
0.264736
1.37556
2.51124
0.413387
3.24223
0.597187
2.37585
0
0.0956445
1.29553
0.0126354
0.0245583
0.0109712
0
0
0
0
1.26893e-07
0.32209
0.0438031
0
0
0
0.0921158
0
0
0
5.18893
0
0
0
0
0
1.02567
7.36036
0
0.219917
0.0210656
0
0
0.959769
0
1.67407
1.96729
3.41502
1.49151
3.82002
0.316563
3.80391
0.656996
3.55672
14.9317
8.33207
0.324707
17.1415
4.98836
5.54535
2.49459
4.79754
9.42324
7.16138
5.44351
4.37806
9.60464
5.35107
4.36273
2.71295
6.3974
4.90113
1.22432
6.30205
1.69064
2.11148
3.80746
0.682682
1.78802
4.47637
3.33421
1.0431
5.19169
0.0163985
0.652371
1.02436
0
0
0
0
8.10393
7.74692
1.29756e-07
0.994067
0.986641
0.829348
5.75817e-05
0
1.76202
0
5.55982
1.74092
0
0
0.593861
4.23313
0.556681
5.32691
3.69976
0.738171
0.195467
0.909978
0.02202
0
0.303616
3.93338
1.39589
2.30143
1.96705
4.04766
1.69178
0.924357
0.268714
1.76907
12.0564
1.67533
0.177813
0.408382
7.85322e-06
2.51446
0.536151
1.6936
4.88535
2.63578
2.65423
4.37225
6.84233
5.97215
7.10891
4.32806
3.32444
1.98717
3.40192
0.895624
2.88788
2.93327
1.59456
0
0
0.0963074
0.977201
0.784807
3.18812
0.0546
0.0402883
0.467383
4.18995
1.81326
1.95693
4.75756
1.57107
3.89991
4.16945
1.36381
0.178451
1.88985
1.90523
11.6678
0.315507
8.7761
1.86734
0.132709
1.28488
1.19229
0.0728512
1.57734
1.09829
1.29074
1.69783
0.703298
4.92674
5.55304
1.83884
1.20969
4.84055
7.37244
4.63916
1.18098
2.77577
1.37214
0
0.292421
0
0.994723
0.00855809
1.11959
1.08089
0.0935277
1.38638
1.17154
0.11005
1.83798
0.131647
0.927171
1.07393
10.1745
0
0
0
4.58559
5.94238
2.82287
0.460541
2.63929
0.0503693
3.34885
0.0984666
0.189298
0
1.00302
0.783741
0.000312778
2.33066
7.13031
6.74637
3.47608
0.0766834
0.00780843
3.9275
2.26646
3.48795
1.22783
0.888862
1.81287
1.03849
5.94158
4.87925
11.3548
4.01894
6.63052
4.78712
1.95946
4.14221
2.3713
2.6052
2.22511
4.1721
5.43708
5.72362
1.97231
4.13089
4.20921
5.16869
2.12175
2.3499
5.63834
4.79235
1.34478
0
1.59806
0
0.0178376
3.76105
9.73633
2.77187
6.07583
1.50122
6.75685
6.75589
2.14735
6.19532
4.75373
2.56769
0.608504
7.25288
1.86663
0.96802
0.365299
6.23896
2.32205
4.91152
4.42898
3.88929
0
1.15563
1.8643
4.17116
0.401284
3.36595
0
1.06918
2.47403
3.14767
3.24516
2.78829
0.0469566
0.943089
1.61248
0.00609201
2.83059
0.00155727
0.0353036
1.09528
4.42728
3.45996
1.38931
0
4.37193
14.0856
0.5109
0
4.45851
0.720185
2.82814
1.04728
1.25435
0.734198
0
0.000121342
2.01809
1.00089
2.0701
4.04989
1.54183
1.82652
2.22778
0
0.575482
0.960189
0.366153
0.0571398
1.21226
2.44549
0.00666469
0
0
0.0242263
0.841693
1.3242
1.88349
0.0638608
8.18577
0.104186
3.76894
0
0
0.0400201
0.126954
0.0245902
0.803477
1.91318
0.0671845
2.59563
0.789337
1.21486
0.0194665
4.12784
0
0.801418
4.69768
0.00501912
3.58036
2.19439
1.04578
0
4.65406
0.604151
8.09608e-08
0.000289125
0.34713
2.98409
2.47021
0.0204515
0
6.64647
0.00237844
0
1.06411
0
0.36604
0
0.0074732
0
3.21774e-06
0.0856053
0.850511
0
1.89936
0.471586
0
0.193601
1.79578
0.203029
1.75381e-06
0.591324
2.39807
2.54315
1.73524
1.89536
0
0
0
0.141905
1.95533
3.57296e-05
1.16201
0.0134013
0.859712
0
0
8.17842e-08
0.903656
0.0181029
0
0.789885
0
0.0850752
0
0.410836
0
0.484214
0
3.13292e-06
0
0.0775641
0
0
0
0.000491079
0.0546469
0.00781738
0
1.09713e-06
3.09092
1.04124
3.17277
1.43371
2.71675
1.78271
1.83549
0.0709474
1.51419e-07
0
0.339125
0.511383
0.0640229
0.09602
0.000487128
0.0358289
3.13655
22.5335
8.12482
9.04959
0.565541
0.138177
1.39307
1.69462
0.0469411
2.59206
3.25435
1.07003
3.41776
1.7768
0.704121
7.29713
1.6026
2.42136
0.0402198
0.0662737
2.69362
0.218696
1.06405
0.00183214
2.07164
1.60232
0.0074668
0.00215863
0.100413
1.76931
0
0.450725
0
1.06253
1.00698e-06
0.680923
5.67655e-05
2.12429
0.000254955
0.0488012
0.025172
1.58685
0.899932
0.870165
5.0412
1.83382
0.519871
1.55564
6.63292e-07
4.61396
4.95006
2.42945
1.07075
6.10455
4.90471
2.89469
0
0.892745
0
2.42621
2.06913
1.4787
0.00187388
5.73728e-09
1.48689
1.5815
2.71677
0.76124
6.37267
3.53317
0.747107
0.21247
1.90364
1.47002
0.0135846
1.54682
4.60053e-07
0.25929
6.31248
4.17398e-05
0.797095
2.90005
0.0227119
1.45221
0.830986
0.00308276
0.156061
0.0213732
0.49639
0
3.25172
6.58382
4.38916
2.07745
1.34483
3.43058
4.83862
0.0257639
0
2.30629e-05
0.00456166
0.0121077
4.35087
1.5048
3.06768
1.82653
3.57094
2.58267
4.77927
6.22664
0.587179
4.01197
0
0.0403405
0
14.4456
0.000574694
5.61598
8.07384
1.72194
0.708139
0.932132
4.78135e-05
0
0.0380159
0.000226402
0.699468
0.000473078
3.30511e-06
0.0247429
4.28974
1.14397
0.941832
0.455137
2.42994
1.09648
0.0901273
0
0.225567
0.523768
9.57194
0.691465
0.358027
3.64611
0.0178848
0
0.00018664
0.900054
0.0240436
0.0402854
0
0
0
0.0323065
0.138934
1.14543
3.7965e-08
0.050203
0.430921
0
0.110868
0.469302
0.0855166
0.209481
6.91626e-05
1.62847e-05
1.50684
0.145508
9.90275e-05
0.943155
0.0216971
2.66494
0.575358
0.936271
1.67637
2.78319
1.50834
7.31461
4.45265
8.70962
0.237685
4.86119
6.27375
0.147555
3.16914
3.75013
1.38764
0
1.65021
0
2.33298
3.68071
1.91251
0.533823
0.00371885
4.54268
1.59196
13.9424
2.01783
2.75308
7.29213
0.0121174
6.14453
0.896949
3.66351
1.89827
0
2.5247
0.00256446
0.507933
0.117912
0
0.301295
0.0808538
0.903754
1.61223
1.94067
0
4.38471
2.60302
3.87438
1.34295
2.40934
4.33648
2.91729
1.41455
5.49997
4.33294
15.529
4.35251
6.0259
2.30891
0.409164
0
1.16756
0.698313
7.17956
1.38055
2.9546
4.70729
1.51246
1.02844
2.88188
1.93819
1.28857
1.04129
1.18467
1.10382
4.70171
2.01132
1.07019
5.315
2.02136
0
2.51103
1.7176
0.382802
3.23005
4.30116
0
2.64115
4.58703
0.948777
0
0
7.26766
1.21472
2.88394
4.03176
2.09373
3.36624
5.32203
0.549293
3.3442
13.1791
4.14769
0.859515
6.30461
4.11881
5.44497
4.49756
7.66826
4.69537
2.82747
2.85553
7.92823
4.26004
0.0201959
3.96506
3.15561
2.74678
2.8727
3.7596
3.93544
11.2393
3.78152
0
12.5449
6.16626
5.48751
0.000224696
2.79161
5.61542
1.80597
3.03507
1.63523
0.897082
3.55819
0.0191613
0
0.719741
0.690925
6.07888
0.00326244
4.66043
5.73752
6.10621
5.62153
2.6107
1.46613
3.71127
0.00086454
2.96622
1.92052
4.39904
2.15256
1.60385
6.843
16.2312
2.95361
7.10852
4.14718
4.97715
8.53192
0.0470009
5.09508
0.743007
4.2654
0
2.72361
6.1526
4.70789
2.83328
0.584759
8.36048
3.70803
0
3.26247
3.69851
2.03721
2.7466
5.73707
0.000193413
0.520942
0.377265
1.10503
0.0632417
0.821799
0.00127378
3.52078
0.923625
4.44865
0.0828713
5.05984
2.45135
6.42842
4.82102
0.87651
0.937696
4.46031
0
0.12835
0.853227
4.43538
0.185105
0.757761
4.02019
0.80576
2.67519
0.481491
5.4944
2.70635
2.05188
1.42064
1.34295
2.21071
1.70614
3.73077
4.90617
0.850069
6.97879
9.07881
0
4.76899
3.6906
12.5611
1.3432
1.58219
4.69174
0.100516
0.671271
0.0968554
4.18246
6.94086
5.99757
8.34815
4.32542
4.24434
4.40352
3.50165
3.49594
2.83401
6.89169
6.50601
0.0212666
3.00181
1.91909
1.23669
9.16836
7.62065
1.64284
4.31892
15.6807
5.09107
3.67402
0.00212344
4.05486
1.20202
4.44822
1.11651
0.800477
0.0505237
2.26034
2.13685
1.75249
0.0521503
5.15442
0.995188
3.20937
0.412046
4.22942
4.3331
0.556542
1.34166
2.94602
0.181743
4.61753
0.185301
6.80821
0.218449
0.00440628
8.06346
3.24114
0.717322
2.9622
2.13517
10.8061
0
3.55776
3.12757e-08
0.175617
0.932148
0.00515843
1.76475
1.46393
2.14981
6.95568
1.30402
0.786895
1.58466
1.37929
3.02247
1.11519
0.384538
0.368751
1.29447
0.429519
0.0465973
0
2.97094
2.87501
1.77183
7.41567
4.99258
6.98514
3.26847
0.600238
0.119209
0.0142661
0.879983
4.05535
2.19055e-07
1.29713
4.58037
0.851548
4.31274
0.0745422
2.9078
0.000468369
0.427245
3.57887
4.539e-05
1.8353
8.62646
3.70051e-06
0.00836029
0.288481
0.0058315
0.57506
5.79472
5.66383
4.62654
0
0.174738
2.2624
4.10775
5.39974
3.1132
0.937358
4.12891
1.92013
0.080148
3.07027
1.19516
7.86719e-05
0.827851
0.540208
1.73852
3.44618
0
1.34462
2.62606
8.95203
0.200548
2.61959
1.09298
60.2902
0.959092
1.69914
2.24752
55.5654
4.65898
2.42993
3.81806
1.2618
3.44788
0.494464
5.98191
1.82558
2.86954
1.25641
0.0804507
0.136187
2.02198
5.72375
4.21235
0.0364643
0.278598
0.00188767
0.0773703
1.83783
0
0
0
0
5.5451
0.934592
0.00181516
0.024917
0.0164329
2.47606
1.15889
0
3.29437
0
1.61366
3.91676
0
0
1.10262
0.0799397
0.659677
0.581844
0.164117
0.679313
2.334e-06
1.77144
0
0.00513211
0
0.083224
8.82635
0.554459
3.09514e-07
1.35177e-05
0.519685
0.773499
0
0.0223571
0.909532
1.92495
3.37267
2.11529
0.255741
2.04143
1.18356
2.31688
1.20293
2.32135
3.57745
1.2398
1.35966
2.99693
0.0861565
0.00414599
0.0189299
0.364791
0.941422
0.163363
0.122589
1.8671
2.14637
8.34015
5.21043
3.31627
0.0222234
0.963633
0
2.30396e-06
2.83768
2.49145
0.98698
1.71663
1.59506
2.40905
3.27097
0
1.60144
0.410618
2.21693
4.50298
3.96951
6.56409
3.28616
0.160029
0.45094
1.97163
0.000778162
5.56255
6.0247
2.91232
7.57773
0.100455
2.36938
3.26735e-06
0.843578
0
0.000384802
2.16197
0.0698824
2.77211
0
0.0873918
2.73823
8.54353
1.1805
0.00123103
3.18853
0.686924
2.59802
0.445276
1.73845
7.77159e-08
0
0.0594104
0.507819
1.17728
2.12842
5.89289
2.63639
3.26619
12.213
0
5.79205e-07
0.00955131
4.74586
3.8061
1.98443
3.28405
1.45949
5.62567
3.80367
0.0450692
3.15079
1.69793
0.427958
0.0901362
5.35593
2.09664
1.24762
0.00208064
6.77942
2.20506
0.281211
0.0261861
9.9778e-05
0
0
0
2.66032
0.645938
0.641053
0.853605
0.0246171
0.0156493
3.41029
0.00154369
3.84707
0.800461
0
5.83969
0.112304
0.00637355
0
0.711324
1.11493
0.638126
0
0.00711567
0.0186241
0.0242261
0.000506017
8.35536e-05
0.790662
0.00033202
0.20441
1.2022
0.920694
0.000571014
0.00875095
4.21708
1.06234
1.27055
0.400923
1.90028
1.21409
1.99761
1.42919
0.359152
0.827794
1.82701
5.14656
0.0451458
0.111971
1.33487
0.250625
2.22275
3.84255
1.42293
0.995453
2.50474
2.14384
0.0951376
2.13244
4.88786
0
0
0.0398829
0
4.97661e-06
0
0.469448
0
0.0117449
0.00588764
0.421673
0.0595862
0.0244451
1.02661
3.35117e-07
0.00221441
0
7.11801
0.969058
0.928559
2.33052
7.68216
9.78405
6.69439
1.38846
0.963404
0.461281
6.0023
1.86668
2.04659
1.15999
0.783313
0.264782
12.448
0.564144
0.733834
1.30118
2.67223
2.30033
2.71291
0.285089
3.88679
0.0741511
0.0254647
0
3.80153
0.557329
0.0250806
2.26401
0.89054
4.65548e-07
4.51815
0.37704
9.28836
4.81039
1.47796
1.20169
4.52972
0.765821
0.491299
1.06391
4.48834
0.000124373
0.0700703
1.31026
3.46553
1.69749
0.188797
6.5959
0.406055
1.58672
1.91276
2.52819
1.13183
0.697781
0.945112
0.48177
0.642756
0.778191
2.01611
0.215907
0.793379
0.835979
1.9735
1.66606
1.83506
0.329454
0.695934
0.779825
0.0526076
0.909317
1.80178
0.00372782
0
0
7.951e-06
0.502533
1.15577
0.0941132
5.07971
8.17077
1.09592
4.45882
3.30098
1.32253
0.989575
3.71552
0
1.18856
0
2.72225
0
0.695893
5.6366
3.50437
0.0684736
0.117034
1.58013
7.83643
6.32157
1.281e-06
1.98465
6.14908
0
5.03103
4.45456
0.176211
0.946409
3.41687
0.160788
2.08708
0.985176
0
0.37703
0
2.52552
0.8441
0.0242987
0.0276657
0.860135
3.34646
0
0
0
0
0.815385
7.60316
0.790061
0.32606
0.555976
5.3161
2.85842
0.83976
4.4677
4.20088
6.54406
0.239308
0
0
4.97776
8.74139
0.0193826
0
2.31412e-05
0.0528319
0.000862891
3.00684
0.0123749
0.693208
6.89522
0.0802366
0.945102
0.686122
0.142897
0.726513
0.465063
0
0.0937611
0.112082
0
0.899621
0.0727915
2.02111
0
0.892032
1.94572
0.406756
0.0276609
0.129245
0
0
0
6.41265
3.01613
0
0
0.0048363
0.000803944
1.01327
0.000702524
0.00204949
6.55195e-05
0.0473991
9.4052e-05
0.0205288
0.00442446
7.8481e-06
0.0225565
2.12986
0.0313456
0
0.00581607
0
0.894011
0
0
0.0363291
1.87201e-06
0
0
0
0
2.18165e-06
0.00539154
0.102427
0.704715
0
0.000422562
1.13482e-06
0.0214137
3.48473
0
0.0696087
0.0287992
0
0.361513
0.0191572
2.10577
0
1.23034
0
0
0.00306539
0.950859
1.35441
0.0550063
0.014425
0
0.371371
2.47744
0.361982
1.82698
0.0275754
0.0251445
0.349574
0.972563
1.19805
1.25111e-07
2.38326e-07
0.244522
0
0
2.16358
1.8418e-05
0.00014017
0.107857
0.11048
0.438491
0.337637
1.64849
0.276273
0.106758
0.213227
0.50197
0
0.775625
1.67684
0.00940592
0.0140353
0.788499
1.8294
0.182896
0.126545
0.000217884
0
7.56366
0.355189
0
0.109922
0.000107196
1.10788e-05
1.33763
1.34348
0.197696
2.00102
6.08668
0
5.87107e-07
0.0543654
0.00834137
0.564006
0.0249508
0.0017371
0.0519568
0.144198
0.0765716
0.0011574
1.79767
0.216934
2.42433
2.58904
0.643643
0
1.73386
0
0.0733857
3.30059
0.198865
0.385157
0.0200966
0.59318
5.62913
3.51357
5.2581
0
1.43245
4.80585
1.75099
4.62757
0.92621
0.913405
1.6036
1.60549
8.71487
0.997291
0.0654751
3.67455
1.39907
0.548725
0.735124
0.0608215
0.548339
0.149382
0.157399
3.62659
4.63861
0
2.15741
2.80495
0.652314
0.281914
0.00967498
2.57474
2.22946
0.27215
0.000158545
3.66378
3.19653
0.368217
0.0436153
5.83952
0.33037
1.07099
3.43413
5.69111
0.862897
2.45347
3.48828
0.024145
4.44791
0.0275719
2.00504
5.46183
2.08474
3.56872
0.823125
0.954782
0.0402015
0.785389
1.02553
0.997859
0
0.249286
8.31697e-06
0.455435
1.92258
2.24475e-05
0.288481
0
0
0.012953
0.535062
0
0.77927
3.48192
7.37214e-05
3.73775e-09
1.02774
2.36852
0.0798566
2.19521
4.76444
2.19671
1.22165
3.52847
10.0872
0
1.99073
0.17043
0.00209124
21.4979
0
0.0646779
6.03478
0.943377
0
5.39791
0.282417
0.0537045
0
0
9.31906
1.32471
0
1.4274
0.0114822
2.72059e-05
5.16665
0.0061765
0.041027
4.23827
1.07059
1.31464
2.65328
4.07782
2.99536
0.98553
0.293522
1.96494
0.169938
0.361116
1.24035
2.17469e-05
0.373875
4.60799
0.600005
0.802204
0.903348
1.5501
0.723267
1.56751e-06
0.214376
0
0.196868
1.9463
2.83957e-06
3.76529e-08
0.0574777
0.160972
0.716769
0.210542
0
5.78488
4.1018
0
7.34067
3.5503
1.51241
0.924814
1.86698
1.40084
0.880908
3.05395
0.842672
1.31907
1.39705
2.23123
5.84743
3.2058
0.807281
0.113967
1.80914
5.95514
5.21131
7.14013
2.09517
3.71958
3.58232
3.31981
0
0.637782
0
0.454955
0.00015198
0
0.804504
7.63794
1.36046
1.03356e-06
1.02129
2.22107
4.0719
2.9818
0.170581
0.144448
0.00491304
0.0203238
0.067049
0
6.76715e-06
2.60337
0
0.0115799
3.54797e-08
5.02748
7.17872
6.32664
1.19653
2.08236
0.353062
0.095424
0.000186907
1.81587
0.0508125
1.28245e-06
2.89881
2.09284
2.7538
0.0450095
0
0.379054
0
0.347109
9.09088e-05
0.508911
1.45388
0.35738
0.963836
1.09016
0.783772
0.00613056
0.0764646
0.000470302
0.129032
2.6179
0
0.00460324
0
2.55567
0.0407327
0.00076727
1.5294
0.0233017
3.64224
7.75869e-05
3.55276e-08
4.19993
