1.81505e-06
0.411622
0.00528491
0
1.43767
4.62296
0
0.126919
0.0306273
0.27992
11.5987
0.00395735
1.12626e-05
0.13379
2.42735
0
1.46517
4.70143
5.98431
2.95768
2.88056
0.0372403
0.0254631
0.193806
0.896006
1.57737
0.794408
6.69101
43.4924
0.607266
0.164887
0.404521
0.77886
0
0.904249
0
1.18637
4.85561
3.72294
9.08147
4.90835
8.82333
0.574389
3.99635
0.0893293
5.53959
0.219934
0
0.0400879
0
1.60252
0
2.63885
0.719861
0.00665754
0.0318564
2.65554
0.0213777
0
1.41717
3.37433
0
2.25207
1.61103
3.48172
0
1.6505
2.46138
0.349798
0.83393
4.0682
0
0
0
0.905875
0.870917
0.125835
1.24641
0.381915
0.0153426
0.176844
0.341665
0
0
4.68983
0.233313
2.17049
4.20399
0.522979
4.08951
4.27461
9.64312
8.24002
6.49723
77.4209
6.74016
5.6393
5.94875
0.72482
0.830193
4.33894
2.03454
2.16345
2.45556
5.87994
2.91102
6.476
2.49076
0.00743985
17.6062
3.28978
1.31223
3.78027
5.65648
4.76875
2.24859
0.340826
0.251094
1.81262
0.639729
2.62448
2.53169
0.6133
0.243577
0
0.323637
0.919063
0
0
0
2.67422
0
0.0541814
8.42032
0.0142715
1.75514
1.99769
2.9682
0.509171
3.49969
0.00159693
0.734151
0.0692098
1.51228
0.411218
2.12372e-07
0
0
10.3157
56.8549
0.0194667
0.137303
0.000803989
6.90959e-09
0.00701648
7.58442e-07
0.0157108
0.423754
0.172656
0.0282922
2.09498
2.644
2.23693
1.75983
0.749075
0.0595106
13.8522
0.889425
0.900714
0.000839115
6.23103
2.08632
0.723487
0.0337912
0.173031
0
0
0.681332
0
0.0948157
4.74283e-07
11.114
0
0
4.81111
10.5501
5.92407
3.22682
5.47332
7.06432
4.89413
9.6795
7.59263
12.5586
0.153919
0
0.97522
1.44849
3.17882
3.00554
15.5765
89.1219
7.26121
13.041
5.00814
2.85821
9.46721
1.38205
156.335
0.368218
16.8704
7.49957
0.00383727
8.58267
14.9969
6.80929
0.176542
18.678
7.6794
3.22414
2.1658
1.21272
10.7186
1.82381
11.8182
7.91935
10.8165
4.97079
6.77764
0.886067
0.248152
2.2152
8.02965
4.59264e-05
2.01575
1.20451
5.02237
4.23677
3.51839
1.83619
1.87166
1.25202
2.50004
0.554222
0.650814
0.120288
0.0475115
0.0115233
0.707751
0
1.65176e-05
0.981308
0.0680657
1.00177
0.314735
0
0
0
0
2.33948e-06
0
0
0
0
0
0
0
0
0
0
1.34234
0
8.44229
0
0.000125952
0.0667793
0.0532061
0.000176011
0.68979
0.00560435
2.7873
0.0666313
2.97665e-06
0.00488668
0.855735
0
0
0.442971
0.745677
1.36228
0.738976
0
9.91738
0
0
0.00196333
0
9.02809
0.669694
4.17473
7.94205
2.21432
4.24934
5.36783
0.16372
12.2047
3.21666
0.435168
0.000198499
0.0690773
0.0141697
0.00192783
0.715269
3.80609
9.25926
7.06054
29.046
70.2313
1.68053
15.139
0
4.71014
2.28715
0.219632
1.44139
3.57663
0.055252
4.74104e-05
0.029451
0.289181
0.000211853
1.65577
0.654802
1.29035
2.5767
9.69572
3.1034
1.33571
1.27877
0
0.684194
2.03194
3.95684e-07
3.07243e-08
0
3.32695e-06
0.87662
1.18906
1.36207
0.823639
0.00112055
0
6.32849
0.13512
0
0
0.95722
3.15512
0.140028
0.0348318
3.93365
0.575396
0
0.15562
0
0
0
0
0.515843
1.69551
6.71167
1.78561
5.177
1.3603
3.75167
2.29468
0
1.42878
2.59575
3.39712
9.05062
3.0074
0.636093
3.7855
0.722516
1.73913
5.39218
5.98621
0.321806
1.69966
1.557
1.64651
4.73616
2.05825
0.00372598
10.931
6.53474
6.18994
5.32309
10.3353
2.67176
11.8811
9.31116
11.9124
9.05772
7.42269
4.56682
4.03898
2.62525
1.85764
2.34781
4.82774
7.30024
0.462722
1.28344
9.04203
5.20918
4.26254
7.6214
5.15638
0.000623961
4.4449
4.92524
3.79736
5.40072
15.443
2.61198
15.9657
14.4845
4.84717
4.46492
4.11338
3.14417
6.22024
5.06666
3.4807
10.5559
0.520446
0.0982874
8.26163
4.62062
7.08736
6.33364
7.9749
12.1385
0
0.725435
0
2.60178
0.242173
3.45526
2.96732
4.85253
38.2523
26.138
3.93573
7.43413
2.32113
5.76969
2.41222
1.62287
1.65377
0.0524994
0.0166017
0.207294
1.62632
11.0408
0.423659
1.00654
1.33864
0
0.0492187
1.39856
0.0185775
1.24958
0.0730431
1.81576
1.06084
0.68995
5.25511
3.20898
1.82863
0.409297
14.366
20.2042
2.91614
8.80212
20.6068
9.2711e-05
21.0103
8.22967
5.9235
6.65707
0.996245
0.174925
0.652673
0.865377
0.00343382
0.00204123
0.00298348
13.4972
7.80175
1.98255
2.18563
11.7421
3.07649
5.6971
1.4471
7.51875e-08
1.28453
0.841302
1.61235
0.0182441
1.02066
4.46989
0.381282
2.08159
1.8286
4.39792
2.01397
2.28608
8.35139
5.85717
0
0
7.41406
3.23171e-06
0.0480991
0
0.933943
0.40279
0.151231
0
1.37042
0.00246337
0.647787
0.0328811
0.01237
0.835176
7.63658
0
0.470234
0.90175
0.700208
0.0312949
0.00102031
2.09236
2.20225
9.95705
5.22078
7.87864
8.26476
0
10.55
0
2.91673
9.71832
3.70852
6.10825
3.38028
0.202709
0.0948952
0
3.17407
0
0.150672
5.0401
0.950374
3.41973
2.54006
2.6061
12.3284
0.332783
0.419717
0.0308296
10.3428
30.0458
2.958
8.0934
21.0424
2.22853
5.3673
0
8.57114
3.93991
0.00135098
0.196803
1.33762e-07
5.20504
0
0.0227512
0.291119
2.30644
0.331477
0.0182541
0.0720801
4.37829
1.21953e-08
2.14405e-07
1.41277
0.925
3.77707
2.98707
0.891807
0.0871012
0.760778
2.92405e-05
0
0.693186
0.0184187
0
0.000921755
1.96558
2.7235
8.85225
1.43627
0.0868324
0.000372209
6.20376
0
0.243716
0.947616
3.64964
1.37583
0.0494829
0
1.55354e-07
2.1378
0.000166444
0
0.913432
0.236775
0.00247266
1.49846
5.34572
1.21193e-06
3.9246
21.5629
1.28852
6.29725e-07
3.57069
2.181
1.32048
4.74787
2.90915e-06
0
0.753473
0.585631
22.943
12.7516
0.03451
11.4118
0
11.8335
5.61007
6.62747
4.97917
0
0.466775
0
0
0
0.0122314
0.987501
0
8.3419
5.81398
0.03325
0.0125786
3.57613
0.0563835
12.3367
2.26383
11.0036
12.4415
6.01465e-06
0.511421
0.107738
7.34638
7.86403
0.0939383
3.30178e-06
5.32161
1.55758
0.688506
5.41586
6.44769e-05
0.0552497
0.81032
4.09974
3.03494
11.1406
2.54945
21.6098
4.17304
1.09194
2.1221
1.61467e-07
0.352762
0.125875
0
0
1.12578e-06
1.26367e-05
0.000523211
15.8364
2.93527
0.548328
0.0470892
0
2.39337
3.61428
0.0261686
1.5583
0.737207
7.79349
0
13.3676
0.806773
5.90949
5.9682
2.47111
1.48588
9.9163
3.64118
0
0.820371
4.23299
2.79721
5.36065e-09
8.1966
1.63425
3.54636
56.7348
4.90222
7.27153
78.6591
2.97282
4.86817
0
0
12.7417
6.9018
0.062817
0.923928
0
0
25.9227
0
0.660596
0
0
0.715048
0.000210951
3.08808
9.74314
3.91351
2.97586
0
0
0.013319
3.1829
5.1115
0
2.19064
9.21072
0.00155502
10.1171
8.10435e-05
3.73768
7.59264
2.92162
14.4374
0.0869324
1.53327
0.637467
0.0290088
0
0.0100497
0.462459
0.192084
1.66354
0
0
0
1.04987
5.00165
0.00283596
6.71886
6.95717
2.08034
2.69032
0.939547
0.945564
1.13897
0
1.55505
0.720992
2.14635
2.18136
7.00147
4.36122
5.2427
0.253746
0
5.42339
0
7.60234
0
3.89306e-07
0.0394419
2.58595
6.91363
5.57203
14.5118
0.562097
11.4912
0
3.08159e-07
1.29594
3.9255
0.856123
1.28323e-07
0
0.0196858
0.354207
1.73226
1.30511
0.13855
0.10032
5.70941
15.2901
4.12519
0
1.99378
1.97643
10.0053
0.075607
0
1.16945
2.74809
1.36121
2.97598
5.26349e-05
0
0.00335396
2.74766
3.48143
10.756
5.25817
0
3.04122
1.42688
4.32974
0
6.47164
6.06789e-06
0.0501913
16.3374
0.816445
1.4846e-06
2.5346
0
0
0
5.5553
1.75615e-05
0.643361
0.0510722
0
0
0
0
16.0207
0
14.3796
0
3.13701
0.00381942
0
0
0
1.04481
0
2.23365
2.08872
1.6336
6.89276
5.58165
1.10421e-07
8.74957
11.4059
2.21477
2.47155
2.1659
10.3548
1.65832
4.13594
2.14059
1.27459
9.51874
2.66698
6.48107
4.94172
2.62499
5.88878
4.47037e-07
5.01922
0.499567
3.41882
5.22048
1.32196
4.39648
0.672444
3.8608
5.42771
1.35065
3.01039
6.46853e-07
9.34184e-05
0.87308
0.0451307
0.642287
4.2747
1.92386
3.70672
6.37648
2.56863
0.887611
0.98392
3.22498
5.8288
0.628496
8.12915
3.55783
8.02596
0.0136788
0.00303202
0.000624834
2.72003
1.27757
4.77985
2.35504
0.024938
0.000786583
1.84788
0.00236007
0.0955404
2.74566
3.3127
2.01433
0
1.47184
6.5938
2.75873
1.43864
0.0321852
1.74337
0
0
0.969681
0.0545249
0.546541
2.55596
3.38895
60.358
5.11595
3.99151
0.0859663
0.782294
0.341107
0
6.46434
1.37207
1.83636
5.51056
3.74954
5.70393
6.51225
0
0.0512166
2.34406
0.00152199
0.657136
0
0.791064
0
0.00193612
7.99636
0
9.11599
4.46482
0
0
7.43499e-06
0
0.00258261
13.1852
10.1598
0.131892
10.116
6.02197
1.08403
0
0.0410213
0
1.87592
3.12253
1.70284
0.00427092
0
3.59002e-07
4.26626
0
0
6.66084
2.58045
1.81237
4.79272
0.148186
0.0460819
0
9.31977
9.22149
4.13035
0.947622
0
1.25779e-05
0
6.90544
0
0
9.18306
1.0166
1.01229
0.0154678
4.79479
2.27957
0.0935239
1.31371
0
6.35607
0
0.000185268
0.0857336
9.38075
0
7.5601
1.35357
0.182512
0
17.1584
4.67567
5.24425
11.833
4.40318
2.47583
5.28251
1.29202
0
0.230862
0
3.19244
4.85123
0.972379
1.09229
1.24155
1.60006
0
13.4226
8.02354
5.52756
2.40323
2.07386
3.04181
2.48285
4.21574
15.8064
10.4307
2.98988
1.82148
5.63648
12.5516
0.0469085
0
17.7282
3.45834
3.38857
0.854433
2.66476
0
5.44372
5.01385
2.08556
0
0.946192
1.1652
4.90627
9.74438
4.87502
1.84943
9.49495
8.12546
15.5972
0
0
0.23572
6.97906
17.1594
11.1443
8.43371
10.0568
9.58941
11.9115
26.2347
23.235
52.7467
41.2332
6.73491
3.49869
7.61372
0.886107
1.07295e-07
0.0921851
0
2.42252
0
0.911333
0.0658214
12.5617
0
0.801762
2.82654
7.13849
0.333749
0.479305
3.67365
1.11587
2.38176
1.23198
4.91514
0.36111
5.45237
3.56133
0.899486
4.97544
5.1549
3.59081
8.73136
10.1321
11.1236
0.906528
0.000215155
0.951964
8.98134
3.15518
0.84073
0.117048
17.2284
0.390065
2.39573e-05
0
0
0
27.1254
0
11.3246
0
36.1471
7.08716
0
0
0
15.8201
17.4375
4.14589
9.1043
0
0
5.77288
25.5757
0
0
9.41681
10.8924
12.6431
0
7.09003
5.36792
2.07974
1.89654
0
0
2.06091
0
0
0.875606
0
0
2.95467
0
2.99341
7.021
2.81046
4.01949
3.76079
0.472057
2.55387
0.955122
8.1779
0
6.48543
8.07272
0
5.11521
1.30104
2.65239
0
0.517512
0.0438256
12.5234
5.7885
2.69613
4.88554
0
4.15089
18.1548
8.18535
0
4.05274
0.29186
16.8733
4.6006
0.0331063
0
0.0812428
11.9959
0.889593
6.6981
7.56044e-06
0
0
0
5.78544
7.29267e-05
0
0.331366
8.37223
0.135683
5.53614
11.4347
0.00199178
2.77607
0.00434519
4.59634
3.75768
7.41109
0
0
0
0
0
0
0
0.00723907
4.02604
1.92254
1.34732
2.08917
4.20772
5.15927
8.98221
4.83237
8.87183e-05
9.80627
7.67405
3.16739
3.8766
25.1441
10.3506
40.8035
0
3.12939
18.8818
11.3486
5.35864
11.6466
2.79496
11.2195
6.68569
0
10.3929
0
0.00257087
9.23174
1.8716e-05
0.0127184
0
0
0
0
1.69318e-06
0.34772
8.23265
0.473664
0
0
0
0
0.0192465
0.0391017
0
0
0
5.51546
1.99595
7.89219
9.4441
0.281857
0.022234
10.8921
48.3484
2.65081
0
11.1807
3.14606
4.43969
10.5246
0.263846
0.146775
4.09584e-07
3.81559e-06
4.84743
14.76
0.415745
0.0061088
0.211404
0
0.225636
9.22358e-05
14.504
9.72057
0
0.0116643
0.921191
1.97555
2.36986e-06
0
1.87433
0
0
0.964733
11.6576
22.2142
1.09545
0.741428
16.2866
1.09372
5.62073
12.6817
1.87257
8.03337
0
0.0379962
0.0675429
0.0233913
2.7138
2.52768
5.50405
0.618311
2.11211
0.0156478
0.875088
0.140465
2.31479
0.0461712
0
0.20096
0.182783
0.439201
22.8108
1.54482
8.28181
0.360121
1.99508
0.000183483
0.00303688
3.21864
0
0.000312914
0
13.4555
17.9205
14.7157
12.3803
7.84233
4.2863
0
7.24642
9.32229
0.00120165
0.44309
0
0.0162502
0.00319897
1.47568
2.65822e-08
0.00761898
0.0641687
0.0163944
0.0118183
1.54114
1.37133
1.38473
5.08643
1.36555
0.000922429
0.645539
0
0
2.22559
1.73966
0.000644246
0
3.53262
4.42609
3.17147
0.0206012
0.118574
0.0120829
1.35761
1.75778
0
0.301468
0.242759
5.90038
0.00969771
0.195841
15.3402
8.98441
0.105099
0
8.19827
11.751
1.4534
2.76136
1.78743
1.09692
0.702007
1.35024
1.03491
0.0675756
0.0975578
9.00628
2.54462
1.17357
1.69967
1.15692
0.877456
2.38139
2.52413
0.506442
0
0.000486142
0.298689
0.448087
0.00188029
0.0091779
1.30009
0
22.8874
0.00456642
0.000332321
0.227081
0.931897
0.429279
4.66623
1.92521
3.53575e-05
10.4597
4.55359
0.103937
5.74174
0.457983
4.27402e-08
9.35804e-07
12.9219
3.83556
5.09446
9.70391
0
2.32442e-07
8.02961
4.43128
0.957977
0
6.6521
0
0
0.1037
0.613477
0
0
0
2.89785
0.324517
0.989441
0
81.633
0.892496
0.00163596
0.029054
3.8284
2.33368e-07
1.57717
29.0708
0
4.19541
24.9138
1.75031
0.00100924
177.197
0.0659926
2.3529e-06
0.698461
5.26871e-06
0
0
0
0
6.30322
0.00726225
1.83676
0
7.73623e-07
0.0208292
1.87215
1.14062
1.22765e-08
0.0329243
1.92446e-05
0.986018
0.0031888
0
7.48471
0
3.14497
0
0
9.2474
0.0270299
0
1.8103
0.861847
0.00553584
4.30259e-08
12.9808
1.80777
1.08189
22.6649
15.2433
2.99961
0
0.002713
0
2.64966
0
0
0
0.362549
0.00102812
8.60967
6.39056
0
0
5.02626e-05
6.45998e-05
1.26286e-08
0
2.26304
0.0289031
1.2825e-06
0
1.02837e-06
0.204163
0.0540761
1.41666
0
1.68897e-05
0.0320799
0.000177436
0
0.924011
3.38221e-05
3.10803e-05
0.000254542
0.0131447
0
0
0
0.0390874
0.750826
0
3.22235
1.58644e-07
0.0450815
3.67914
0
0.323573
4.05344
0.164633
7.71947
0
5.50398e-08
1.5445e-08
0
9.13959e-07
1.32952e-07
0
0
0.000396733
2.2031e-06
7.88512e-06
0.000261135
0.218687
0
7.52906e-06
15.6155
0.633099
0.0788758
7.32639
0
0
1.02024e-07
0
1.85642
3.98506e-05
3.57519e-05
0.74795
0.315649
0
0
2.21597
0
1.10266
1.62877
0.817983
0.143657
0.0172506
0.832099
0
0.95363
0
1.14657
0.630992
9.8226
0
0
0
0.0562176
0.600746
0.459824
0
0
0.00130928
3.99285
0
4.2401
0.627565
0.7974
9.22112
0
4.65969
0.165146
8.71886
0.0438983
0
1.67992
0.00661103
15.1681
0.0374258
2.06513e-06
0.848418
0
4.07761e-06
5.55299
4.26448
0
0
7.07267
1.8497
1.29472
4.71544
2.99145
7.99775
11.3456
8.90089
0
1.59801
6.56822
0.15371
6.07655
5.85171
8.00011
2.76129
4.16604
1.26434
1.77285
7.4485
5.50127
4.40566
3.99537
2.69445
0.57677
1.26069
1.22721
1.09706
0.0865615
0.211606
0
0
3.13098
3.27583
1.41234
0
0.5732
0.000197797
0.000253742
0.426876
0.00307977
0.537617
0.376241
0.613031
1.64148
0.920088
1.03208
2.31413
5.14223
0
0
1.78814
1.66861
0.0557418
0.952753
0.00196081
0
15.4299
0
0
0
0
0.140596
0.010299
0
0
0
0
0.5248
0
8.98796e-06
0
0
0
0
0
7.22394e-05
0
0
0
0
0.0784373
0.23908
2.57888
0
0.744375
0
0
0
0
0
10.0312
0
0.139192
0
0
0
1.76982
0
0
0
0
0
4.53439
0
0.0234597
0.462065
0
0
2.06247
6.00783e-05
2.53735
1.34393e-07
0.045866
0
4.08309
5.32898
0.0188081
9.54898
7.45064
4.16339
0.103538
3.47775
5.27004
3.24496
8.01059
3.65834
7.73048
5.99256
5.36261e-06
0.00191323
13.1776
7.19612
12.446
10.7255
9.57824
2.88025
1.70541
1.73749
5.86921
10.4802
2.04104
10.2321
16.6425
11.8452
7.01017
14.8494
0
8.30398
0
5.26584
9.71919
7.79319
8.49279
13.6972
18.1445
7.50373
4.19078
1.45646
7.9473
10.2921
5.96234
10.2195
8.45018
11.6512
12.6846
8.82403
7.7913
9.01527
9.87541
4.95546
0.02368
7.20947
13.7115
5.88233
0
11.3264
9.39358
0.320825
0.0245941
0.97765
0
4.54117
1.94531
4.26229
2.05388
3.93748
0.905339
1.32425
1.34145
0.116356
0.779166
0.0279649
2.52044
0.718771
0
0.591548
8.72051
0
0.0166686
0.0194655
0.0807605
0.849154
0
9.48234e-08
0
0.217101
0.00505982
1.51299
3.58605
0.0726392
0.22375
1.75936
10.1079
2.74816
3.83357
3.85694
0.977438
22.247
3.14788
0.787481
4.18074
8.06378
5.35078
8.73977
13.0121
10.7411
0.696817
8.463
4.32645
4.49955
0
13.5018
0
2.79492
0.176775
0
2.2773
4.99493
7.73669
0.00415777
9.52852
0
0
7.80439
1.9439
1.47329
8.15679e-07
1.22445
1.89934
1.13725
1.12916
1.00595
0.569965
0.587781
5.69139
0.0539779
0.274287
0
4.80086e-07
0
1.44614e-06
0.000101332
0
4.51774
0.506307
0.173451
0.17813
0
1.54201
8.67131
0.283525
0.653052
8.29676
3.63051
0
2.01781
0
1.12482
2.68276e-07
0
1.12819
0.715094
0.000962838
19.7254
1.43581
8.65425
0
0.0573762
0
0
0
15.657
0.151674
0
0
4.46963
0.737925
4.86558
7.35008
4.34657
13.2244
6.10271
2.50313
0.00640933
2.05252
4.90949
0.955125
0.0277924
7.8614
0.960837
0
7.49735
0.173168
2.8635
0.33995
4.86294
1.44287
0.64025
0.479252
4.02005
2.15651
1.46016
0.883439
1.05808
4.41602
2.01531
1.82889
8.07606
0.0179705
2.89708e-06
0
0
0
0
3.44732
5.55381
14.2015
13.5056
0.0821556
7.41375
4.58971
1.04284
4.77662
0.770974
0.142296
3.7948
2.34692
0.831905
60.0533
33.3327
0.0905954
10.1707
34.4068
0.355829
0.0684478
1.46261
0.133358
1.10804
1.38861
0
3.18214e-06
0.195364
4.44098
5.0992
0
23.7911
0
0.45614
0.0186161
0.0379885
0
0
0
2.02456e-06
1.79701
0.000279941
1.24339
4.29755
0.000592238
5.89346
1.10885
4.2872
0
0.00080761
3.16441
0.0423676
0
4.10063
2.57649
1.57455
0.921266
9.10285
12.0005
0.00129554
0.842786
4.91981
0.0028421
2.7658e-06
5.74864e-05
3.3436e-06
5.0197e-05
0
23.0902
0
7.67537
3.83613
17.2379
0
2.12567e-06
0.0301959
0.328995
0.0022706
8.44501
1.98363
8.84316
0
13.536
5.75526
4.16045
0.311785
3.93807
1.49302
4.82508
0
9.63419e-08
1.24928
0
0
6.65622
0
0
0
0
0
0.09683
0
0
0
0
0.461369
0.0831108
0
0
5.61023
0
0
0
0
0
2.46527
5.29195
0
1.49055
9.89602e-07
0
0
0
0
2.44484
1.31024
1.53666
0.945355
3.45487
4.17435
3.14836
1.88857
3.97917
19.3335
13.1047
0.876303
21.692
12.4704
19.7954
6.03377
7.40015
14.7929
13.0633
12.9313
18.7622
6.96882
9.05703
9.27104
5.02352
13.101
3.96412
5.33883
10.2225
11.982
7.10249
6.14755
5.26254
1.51603
4.19701
6.25697
4.64703
3.71755
0.0605643
4.4932
1.25501
0
0
0
0
10.6085
12.6475
0
1.41458
2.75055
1.14776
0.0258712
0.680961
6.78956
0.00201152
11.9417
6.17505
0
0
5.21343
13.5519
0.109641
3.52159
3.21917
3.3195
1.64806
0.873443
2.37978
0
5.65902
7.6627
5.99942
4.82476
1.37044
2.15858
2.08007
0.337624
2.47703
3.01511
9.8709
2.89569
1.37858
0.20704
0.71826
0.993778
5.13482
2.12459
14.9675
6.26495
2.65225
6.36008
37.8801
24.9413
23.1812
21.6284
16.9899
11.9951
5.21546
3.25976
5.5875
3.66849
3.55989
0
0
0.48966
1.40964
2.70037
9.55563
7.63657
7.80264
8.27847
6.83629
9.4089
9.08608
5.62039
2.41009
5.74392
6.23161
1.92273
3.0499
0.207783
0.445526
21.4925
1.1437
3.82365
5.0925
3.0191
2.40943
1.43731
1.86537
2.07186e-07
1.38244
10.1544
2.07362
11.0523
3.2031
3.09216
0.717079
3.57319
3.47195
6.92278
6.57333
1.89519
2.67824
2.21121
0
9.71037e-05
0.718705
3.57515
1.90391
4.35276
2.75432
0
12.7857
8.21287
4.78009
5.68336
3.68969
2.48311
2.46374
10.7206
0
0
0
5.05898
3.4784
5.19103
0.871061
2.29752
1.24329
3.51574
0.0898119
2.27783
0.168117
4.64535
13.13
0.0155614
3.36975
9.85314
15.2886
11.4085
3.70015
0.330977
11.5692
2.18924
6.79116
5.22319
0.952676
7.02641
3.84271
6.88568
14.2203
5.68138
3.79044
11.099
8.49577
3.61981
12.3125
15.4001
8.62331
5.03452
1.59748
5.67038
3.72902
5.97482
7.33967
7.66289
5.06664
5.38221
4.86356
8.34256
6.01906
1.84318
0
7.06954
0
0.793345
6.66474
9.02568
15.032
6.77056
3.11436
6.70753
4.20879
12.9385
6.15002
5.83504
8.03273
2.17396
9.61032
4.92723
3.59448
8.64361
4.60618
2.49376
4.36066
7.42463
3.18299
0
4.42769
0.0542349
9.27351
2.42851
4.64811
0
1.54121
0.00744884
0.593169
4.96026
1.56777
0
3.53626
4.50761
6.51578
2.5075
2.62825
4.04166
4.05197
10.1682
1.71062
1.57755
2.04287
11.3511
19.7887
0.0163693
0.663208
1.13096
4.34186
1.85336
3.78067
1.70087
0.124773
0
1.24102
0.639166
1.15311
0.687323
6.36462
1.20319
1.06389
2.30918
8.50742e-07
1.0928
0.0324727
0.226532
0.218862
2.06684
0.787788
0.00879464
0.941188
0.0547289
0.0693831
0.773622
7.87997
3.89401
1.6086
3.89735
0.934871
2.43291
0.0130819
0.482521
0
0.290404
0.452517
0
5.19345
0.706011
2.082
1.27086e-05
3.61621
0.00538854
8.00168
0.0122806
0.00918747
4.98808
0
10.613
3.61445
13.6036
0.000124805
14.6133
0
0.151444
0
0
1.4602
6.64937
6.89785e-05
0
9.67715
0.000979934
0
1.58318
0
0.841363
0.835641
0.0784204
0
7.37502e-05
0.518298
1.08989
0.0105914
3.97155
2.30858
0
0.816145
6.98521
0.737074
0.157822
0.0782825
4.94783
4.84873
2.98981
1.75333
0
2.1731e-08
0
2.13095
1.76349
0
0.761439
0.00239
0
0
0
0
0
0
0.333487
0.000350128
0.000289107
0.00739861
0.000780015
0.110083
0
0
0
1.77034e-07
0
0
4.3939e-08
0
0
0.0701216
0.0540913
0.467947
0
0
8.28534
4.30159
9.55791
3.16391
4.34302
6.34044
2.47593
0
0
0
0.824512
1.42402
0.111878
2.47486
0
1.15909
12.6181
29.2993
16.6268
9.68652
1.82631
1.66332
6.52413
3.833
1.67241
4.85755
2.85195
0.511473
8.05572
4.76834
2.07211
12.5157
5.27261
0.630113
1.42605
0.00862773
6.82732
0.347002
0.0590893
0.0110491
0.0587875
3.87658
0.976008
0.830746
1.1787
0
0
0.306196
0
0.306602
0
0
0
17.9223
0
4.35941
0.0792848
3.15487
0.375659
1.17029
4.38931
4.25065
3.13739
0.0739357
0
3.61714
8.50093
5.78721
8.08428
19.7218
13.0576
14.1747
4.16004e-08
38.848
0.00651499
13.0988
21.2932
19.2948
2.36594
0
12.3424
12.245
5.54507
4.60444
12.6193
7.22799
42.0922
9.96431
5.56356
3.5368
0.968524
5.42492
0
3.98754
5.97366
3.7595
1.64209
4.12848
0.0279953
1.82026
0.0069169
0.0651717
0.00704175
0.410745
5.12074
0
12.3998
11.0447
11.7378
6.67634
2.6803
4.86568
0.658206
0.407766
6.63149e-06
1.40198e-07
0.593976
1.44124
8.8945
2.31618
2.55513
3.61121
5.33205
8.74024
9.00411
10.1055
0.560046
11.3353
0
0
0
14.5376
0
1.02937
11.873
0.94945
0.000361118
0.311416
1.43621e-06
0.871262
0.267785
0.0681267
0.473492
0.76199
8.47225e-07
1.22479
9.12591
0.289122
0.0443099
6.0223
4.27296
0.613203
1.38509
0.140555
4.17371
0
4.93667
0.156716
0
2.42542
0.435916
0
9.16739e-06
0
1.33368e-05
0
0
0
0
0
0
0.0899766
0.918782
1.85869
0
0
0.818057
7.68395
1.44275
2.89478
0.00609535
0.848634
6.59903
0
3.27918e-05
0
0.0160807
4.37445
0.888674
11.3851
2.0006
10.3223
2.25923
12.5358
4.70286
10.1538
0.427937
6.88956
5.22863
0.155126
8.01941
8.88457
1.58908
0.0197792
2.95132
0
3.16339
5.19224
7.76663
0.271608
6.04368
3.52401
0.441329
23.2928
13.8934
7.02084
8.42528
0.0241744
13.9043
0
21.2842
4.74339
0.472953
8.83348
3.72875
2.98185
0.484028
0
0.775944
7.64341e-07
0.191711
0.308837
0.0268364
0
5.52467
2.68882
4.56182
5.37567
7.35932
4.10106
19.155
0.0203146
13.1652
6.63783
23.1349
12.2139
8.17092
4.42411
8.5223
5.25858e-06
4.4216
4.85769
5.464
3.1811
3.52641
5.64226
2.92184
1.08607
1.37593
4.10378
1.00237
7.8436
6.08922
5.31151
5.01542
8.83815
3.21749
5.49342
6.40589
0
5.21454
3.09005
0.133305
4.22277
14.0794
1.51557e-07
5.24625
10.4481
1.59606
0.000691559
0
11.1508
3.93156
9.55087
7.48449
1.79527
13.5494
11.2705
0.0966108
19.3447
10.2062
13.3751
2.11805
10.5113
9.41679
11.6008
6.72924
18.666
9.55354
11.3089
6.2137
21.5013
14.1405
0.00134521
24.2628
19.98
9.40031
1.74258
6.25181
10.5081
39.4154
11.0848
0
15.409
8.56435
3.42765
0
2.74515
6.44546
4.90305
8.83356
4.38399
24.4948
11.5532
0.547762
0
0.614221
1.35863
20.9042
0.859496
2.03144
10.5351
13.7058
10.8442
13.3772
0.00195085
14.961
0
13.3004
19.3534
18.5149
21.2664
6.96735
23.4272
23.9464
6.73638
25.8785
17.8171
6.73796
16.9518
0.0950658
5.04559
2.83873
5.34724
0
7.03614
3.64588
7.84346
1.97958
5.136
8.26455
3.80742
0.898683
9.17195
9.39056
2.04582
11.9685
6.05956
0.00675507
8.21599
4.00442
1.82947
2.22529
9.03939
1.89693
1.11512
0.0190036
11.0727
1.16023
5.76698
1.4318
6.50992
4.83345
1.07831
1.66874
5.91125
0
0.966409
1.99584
2.83766
0
4.89296
5.18304
3.51464
7.2676
7.25328
3.83158
8.79001
3.4458
0.954494
10.6468
6.31172
12.2421
3.00029
6.24416
1.07825
5.8599
21.3604
0
6.0282
3.96219
35.8265
1.84611
0.021376
31.4652
2.39165
2.48179
1.18276
8.74184
7.52872
5.43574
10.9014
15.7547
17.4107
6.42844
3.26291
6.4042
18.4411
19.2435
5.21885
0.761182
6.66281
4.67516
1.44852
11.8359
0.687357
0.468865
5.67175
0.271537
7.92469
5.36046
0
5.62569
0.00573813
5.78412
4.17566
3.05707
0
0.131623
3.82281
5.517
3.78716
9.02702
0.294952
1.00633
1.20409
1.48884
3.85756
4.89081
3.2311
6.2843
1.72281
6.01882
3.63232
16.7365
10.5691
0
12.1928
5.06001
0.534983
2.72176
3.17395
13.4937
0
3.25033
0
3.80648
0.0278783
0.524737
2.65682
0.592083
1.68033
7.54912
0.0503298
8.69351
0
5.10391
2.14232
0.0359637
8.33538
1.01203
2.87647e-05
6.50921e-08
0.150377
0
10.9192
0.759375
4.32672
14.4711
15.2448
7.41454
4.72787
0.277413
1.86002
0.396768
3.60951
0.912531
0.0176742
5.21391
9.32848
3.34279e-05
2.45362
0.0275906
1.23543
7.3598
2.12749e-05
1.72749
1.51448e-06
0.0574624
13.2361
2.82471e-06
0.0243066
0
0.0188069
0
9.67024
10.1298
6.73787
0
0.185391
6.42401
7.21996
7.31909
7.83274
2.81386
6.04288
8.48927
5.08459
12.5052
4.75175
0
5.63883
3.99316
5.45987
4.52215
1.57371e-06
4.07619
4.98173
10.2677
1.43893
5.62883
4.45533
132.983
1.13288
7.86255
2.19851
95.3316
1.93758
1.06759
2.70523
8.10466
5.28757
3.37016
4.13844
12.2166
2.48384
0.57672
4.88893
2.75409
4.06848
1.1159
4.83038
0.733165
0.125273
0
4.24492
7.87343
0.0567844
0
0
0
4.41282
0.00148176
0
0
0.108831
0.687397
0
0
3.05439
0
2.74261
5.17794
0.420753
0
1.01716
1.05127
3.61788
0
0.317068
0.833722
0.887092
0.19133
0
1.29951
0
0.140419
11.5694
2.29216
0
0
0.0435207
0.0254245
0
0.0374656
0
3.49682
1.37276
10.8404
0.0990218
5.98902
1.10035
5.09387
0.67677
9.45004
4.45421
1.22812
1.04695
21.0413
1.7068
0.0644939
1.19446
3.29878
3.34801
0.509093
0.0673938
6.6958
11.9623
13.8899
8.43705
1.73461
8.10943e-07
0.337736
0
0.17596
6.90987
6.94918
2.41469
2.9172
1.84674
3.52178
10.9509
0
1.22192
5.58952
0.929919
13.0346
7.22566
8.2047
12.1366
1.70696
2.1751
4.62626
3.5359
10.2227
9.6384
7.77213
15.0856
1.40234
5.91782
21.2447
1.24013
0
0
0.162069
2.03985
0.531711
0.849671
0.156248
5.49737
11.0035
0.952647
1.75888
14.9171
0.808153
4.33665
0.299719
2.16667
0
1.66381e-06
0.703789
1.73038
1.98247
5.74015
3.06864
1.87765
8.60441
13.3953
0
0.375358
0.624789
9.11576
8.83397
1.23712
0.899526
1.63893
4.78177
2.48971
0.507604
8.04463
0.215838
2.52947
1.06567
10.6207
4.47424
2.99398
0.0399876
0.118577
7.23857
0
0.066837
0.00147676
0.150044
6.03469e-08
0.755104
6.59355
0.908492
2.53788
0.00510872
0.00102759
0
6.33044
0
6.61362
0.025271
0
9.60633
0.0249577
0.0328327
0
2.1731
0.624981
0.908641
0.0446587
0
0.0066722
0
5.92082e-08
4.8452e-06
0.834091
0.0002923
0.282317
1.94026
2.09107
1.2039e-06
0.243362
0.000114663
5.87774
0.0460152
0.519545
13.7777
1.69417
0.722319
0.644848
2.11294
2.86188
3.29932
5.37095
1.72727
0.033467
2.83587
0.192509
6.39114
4.10941
3.13656
0.862162
5.5322
4.2657
0.0112798
2.40652
7.37715
0
0
0.00622954
0
1.68346e-06
0
0.499995
3.88438e-07
3.58144e-05
0.000288585
2.82118e-08
0.924404
0
0.685489
0
2.36582e-08
0
14.2574
1.17426
0.914627
4.76701
19.588
10.8007
12.2609
1.59023
2.52126
5.22756
6.25592
2.58778
8.87473
20.7227
0.522343
1.0738
11.2981
0.000230444
31.1468
5.92939
5.5516
13.3533
7.07837
0.96963
13.5821
0
0.517387
0
4.38327
0.513653
0
11.9377
8.65299
0
6.91641
3.6329
14.6069
5.75063
1.27247e-05
4.6629
9.22363
3.90332
2.27662
4.07558
27.3031
2.65026
3.22152
5.08854
4.04173
1.20702
0.0150345
4.16357
0.513044
1.64075
1.64104
1.46571
0.911598
3.4733
1.14351
0.120314
0.651119
0.00263713
0.598278
1.23082
0.752337
1.60451
0.971082
0.811616
1.73639
0.719614
0.0360728
0.583555
0.362173
1.40335
0.97796
0.0112897
0.753247
0.0275814
0.115774
0.796828
2.98883
1.35379
3.6026
2.94862
0.0685619
4.26983
2.72725
0.10576
1.08831
0.143385
0
0.0846476
0.539449
1.22874
0
0.032066
4.08357
4.64732
0.0473953
0.0444619
11.1594
6.9007
5.4022
4.39662
6.49983
21.7675
4.93848e-07
11.0116
11.7113
0.509281
0.000173601
11.551
0
0.426315
1.23839
0
0.170985
0.0144356
4.68663
0
0
0
0
6.23296
0
0
0
0
5.46356
12.2502
8.16558
14.3162
0
22.0695
7.25312
2.31492
12.5414
2.66674
5.59744
4.813
0
0
4.15248
2.68618
0
0
0.475309
0.390171
0.0766193
5.9724
0.000164942
5.04842e-08
8.54031
0
1.81561e-05
0
0.000176087
3.0248
5.84965
2.49818e-07
6.67156e-06
0
0
0
0
8.33794
0
0.279304
4.982
0.0045494
0
0.079488
0
0
0
10.7873
8.10864
0
0
0
0
9.81317
0
0
0
2.37479
0
0
0
0
0.025126
3.55753
0
0.00710451
0
4.74193e-05
3.57762
0
0
5.82459
0
0
0
0
0
0
0
0
0
0
0
0
0
8.58499
0
0.0813736
0.739024
0
8.73616e-07
3.1965e-05
7.29073
0
0.0540224
0
0.668369
1.59011
0.97953
0.712296
0.791393
0.0464424
0
0.494342
5.1059
4.4254
1.90612
0.172025
0.0319585
0.76392
4.41754
1.72871
0.148139
0.0305625
0.26334
0
0
0.58367
0
0.466281
0.0365547
0.0258763
0.275167
3.10772
0
9.65005
1.89093
0.873762
0.454716
0
0.112114
6.9109
0.64972
0.0398957
2.5102
5.07684
0
0.0509733
0.869297
0.0789035
7.83038
1.8899
0
2.15968
0
3.79583e-06
0.397138
2.5948
0
2.41834
5.99909
0
0
1.99749
0.502219
0.0455946
9.21307e-05
0
0.735204
0.0621017
0.381287
2.70396
1.23655
0.208227
11.0241
4.48398
0.307436
0
1.19249
0.0308512
0.0307772
9.86627
3.01716
3.05167
3.41098e-05
1.17213
2.46197
6.46196
18.6643
0
4.61531
14.1532
2.93809
13.8353
0.0055411
0
9.03881
0.630686
20.2075
0.917817
0.901169
7.78532
0.00841018
0.00194726
0.154902
0.87347
9.10526
0.377678
0.64535
4.97955
9.68132
0.0170374
8.14338
4.33945
3.68188
4.05409
2.9345e-06
8.12181
8.42208
1.7425
0.0437335
9.96316
6.19337
0.182972
0.458043
8.73029
1.72488
7.8545
1.34074
13.0473
1.28905
10.9295
5.06565
0.669805
8.444
0.0245695
3.94138
12.1382
6.2981
7.36196
0.560915
0.951996
0.00809151
0.839706
0
2.42894e-06
0.0360716
0
0.906683
2.07312
4.70036
1.14437
0.0100099
0
0
1.31316
0
0
1.50868
6.94003
0.000113216
1.88735e-07
0.353172
6.47357
0
1.41234
4.69722
4.26929
1.12085
4.26743
14.7039
0.0649851
0.559563
0
1.42478
66.7733
0
0.958991
9.41186
0.594602
0
16.6141
0.414592
0.17599
0.126107
0.529021
19.4546
5.71198
0.0402558
2.46043
0.0224266
0.0939436
10.5676
5.50996
3.33019
1.42376
0.987307
4.69518
0.047647
1.55644
2.00957
0.0515737
0.942441
0.0965959
0.0178077
1.41698
38.0842
0.0462607
18.1593
7.88468
1.03304
9.4956
8.13269
6.62102
0.0113242
0
5.99131e-09
0.880394
0.576935
0
0
0
1.09566
0.183786
0.126811
0.000586813
0
4.13973
1.86711
0.00359304
14.1923
2.18235
3.4951
1.18106
4.36104
1.10259
0
9.56939
4.50149
2.96631
1.97274
2.83645
16.0062
5.54972
2.06998
0.754813
3.5541
9.97755
2.87203
6.71456
1.29381
4.77192
7.26679
2.2317
0.000575984
0.0500263
0
0.0515017
0
3.83774e-09
0
6.23039
0
1.07803e-07
6.73028
8.37515
5.74637
5.77913
1.89709
0.117774
0.146866
0
0
0
0
4.89336
0
0
1.3899e-06
5.05398
6.24166
2.66983
0.637825
0.583073
0.98705
0.0645954
0
0.268779
0.728854
1.22375e-06
2.72831
0.00480089
1.65481
0.936492
0
1.36661
0.0806141
1.00778e-06
0.87181
2.1114
0.0932027
1.00586
5.89847
4.30557
0.0972665
0.752185
0.0376401
0.113652
0.247763
4.93667
0
0.653548
0
16.4911
2.38537
0.0150064
4.29342
0.202944
14.275
1.78442e-05
1.23373e-07
22.8999
