8.55095
10.0693
9.89385
0
1.32544
7.46387
0
4.91435
2.03028
13.1073
21.3961
0.0887523
1.79491e-06
1.36744
9.94317
4.3774e-06
4.37272
14.6697
14.9454
35.1824
5.99273
0.979358
0
0
5.87202
7.0864
3.87115
3.36556
14.9174
0.0362678
1.97828
3.84966
0.199406
2.32164
4.53335
0
2.22036
19.5078
11.6139
15.3871
19.9267
30.1489
3.06349
13.4299
2.49438
11.6251
3.09962
0
0.254807
0.461877
2.41905
0.0972781
9.46732
0.040198
2.03179
3.05362
22.0556
1.19708
0.802727
2.25604
5.15257
0.0846249
11.0125
10.9431
9.44808
0
5.61701
3.85927
9.42348
1.08475
15.8734
0.29421
0
0
0.29224
0.618926
6.61025
3.51004
0.968477
0.637291
0.831601
4.00346
0
0.973459
36.9735
3.38439
10.2239
11.8423
9.58631
5.36145
17.177
12.9244
3.01768
11.3361
9.23024
17.1679
18.5732
27.7287
0.852655
2.05057
8.9054
4.1465
10.6065
15.6813
11.0333
6.74082
6.91823
8.96524
10.9074
7.92838
10.9271
6.41636
8.8091
11.7355
9.60607
4.23345
3.24293
1.32608
4.17301
7.6888
5.62015
3.84157
3.92946
3.04126
0
1.37596
6.94764
1.55084
0.00139291
0.868007
10.6757
0.414199
0
11.5564
8.29176e-05
4.77907
14.1946
1.10142
5.05792e-08
8.3681
0.0263219
0.181883
0.00250918
2.16436
0.957153
0.0299621
0
0
23.4997
107.444
3.00975
0.93828
0
1.00945
13.6594
3.99015
9.52715
9.26876
12.3428
1.32772
32.0032
20.9357
17.8025
15.5899
1.24595
1.81446
6.64259
15.0821
18.6703
2.28213
12.1986
1.38795
5.62324
12.3097
5.45104
0.727322
0
0
0
0
0
8.03813
0
0
13.1018
5.01756
16.3125
4.12236
15.6742
31.7192
21.3926
15.1395
18.356
17.8345
3.36095
0
7.391
9.62159
11.3667
5.57033
35.414
108.768
17.4887
54.4246
19.3233
5.29386
16.936
5.84475
75.5133
9.82864
21.6974
18.9937
0.348385
18.4631
16.8886
33.0273
2.72983
21.6107
22.8121
10.7237
0.14439
11.6885
21.5539
4.45537
13.818
15.4947
19.4358
13.0776
19.0908
1.46377
2.71033e-05
3.67522
20.8018
3.2061
6.32075
4.45131
6.58197
4.33896
2.65224
4.09885
3.64409
1.84852
1.02759
0.110788
6.16149e-08
0.947414
0.0251752
4.69437e-05
2.32072
0
0
2.02317
0.00163415
1.19776
0.174085
0
0
0
0
0.36062
0.456343
0.0018999
0
0
0
0
0
0.00109245
6.66483e-05
0.0146345
4.15152
0.508725
21.783
0.146283
0.219826
2.05198
0.763754
0.0478527
8.66184
0.797576
25.5772
0.0445022
1.35112
0.0129458
0
1.59816
2.99813
0
0
2.20961
2.16127
0.0209264
16.6191
0.0327104
0.336287
0.280774
0.613558
34.9801
6.0455
6.25491
7.70604
3.4259
12.1811
13.2771
1.9697
23.722
5.31248
4.20852
2.43583
3.85622
2.06612
1.18049
5.12832
11.9014
13.2582
18.208
30.1357
5.82925
8.16795
8.94112
0
6.20189
1.69268
4.51849
14.2298
3.11899
0.825437
1.79053
1.46818
0.237322
0.0335786
2.30848
0
1.11425
1.62262
11.5341
5.95978
5.39491
5.39681
1.94595
25.8277
2.43399
9.2377
0.0288241
0.00027385
0.324697
1.89095
2.2196
2.94577
2.37097
0.91074
0.281927
11.4241
9.55695
0
0.0339692
5.69158
11.8238
0.464329
2.13255
1.96634
3.69285
0.00953093
3.0991
0
0
0.389171
0.00235465
4.63126
0.582665
0.508571
0.454108
20.601
4.91072
4.32895
4.02035
0
6.62882
11.1455
13.9828
21.2773
5.72196
2.91497
4.55242
11.2116
8.35269
2.88215
6.39266
1.24433
4.92728
7.38699
9.64892
6.24566
8.04821
14.6179
16.3701
14.1119
13.0605
6.99064
24.0835
4.84287
17.6868
10.5696
18.9032
21.7918
13.2755
14.1165
10.0681
10.4472
7.41551
11.3523
16.2694
6.29531
9.38424
6.93839
8.02443
42.7844
13.4683
11.2163
1.43993
1.01214
26.5071
20.6333
10.2081
24.1636
28.299
8.83698
13.6567
20.0779
21.5703
26.7714
27.5749
22.5381
20.53
18.1469
16.5759
39.5753
0.553987
24.7234
18.6509
15.7252
12.0663
21.1596
15.9836
12.5853
0.101314
3.33819
0.00163509
3.47115
8.51654
8.31928
1.641
22.0431
3.8186
11.4653
8.04068
29.601
15.803
13.6705
9.92229
3.4297
0.0584706
0
7.49099e-07
6.97154
2.63488
14.4792
5.30009
2.09728
5.20567
0.355019
1.12013
0.627354
0.126569
0.449031
0.790292
1.53863
2.07502
0.185572
6.60599
14.2467
2.11683
2.44466
19.2762
16.5425
6.07526
10.8517
18.7442
0.174635
9.10651
15.4908
33.8532
13.1625
2.9119
0.674309
12.7772
0.00558421
1.06627
0.00204123
0.0113514
20.07
32.0679
10.9401
12.7563
37.8275
9.86562
4.12159
14.3858
0.00022547
3.4598
20.3191
5.11259
1.87987
2.52344
5.35738
13.8323
24.5306
16.1242
15.2555
4.01507
9.5915
14.0332
7.91814
0
0.00329578
12.4167
0.00120046
6.60775
0.67032
0.105433
3.44073
2.84795
0
4.34385
1.36657
7.17342
4.58551
0.0011045
0.0388973
14.9019
3.47715
1.09039
9.13384
2.18284
3.39086
3.54175
20.2669
7.60334
12.8089
13.7985
24.928
19.008
0
27.2228
0
11.9543
27.2921
12.2781
15.0015
8.85567
4.17741
0.51741
0.911866
12.6277
0
0
5.04059
0
33.2312
5.01131
2.49658
23.8098
4.5397
3.2158
0.479957
4.12142
10.6353
18.1712
35.8455
7.14684
0
2.59242
0.985125
10.7456
12.7331
0.375195
2.61547
1.49135
9.67954
2.36026
1.80106
1.08382
2.36882
1.35385
4.35483
8.93354
30.6155
4.27896
0.353005
10.8365
6.8131
16.5353
12.2641
0.868135
5.60282
10.7632
0
1.00754
0.25007
1.05963
0.95094
0.00354374
8.61343
5.65555
10.9243
1.33348
0.0579366
0.0292899
8.19318
0.0939442
10.9694
16.7632
3.98387
4.62566
1.05078
1.76505
1.03788
3.67058
0.463677
2.57938e-06
1.05345
4.35491e-06
0
1.04431
11.3914
3.41177e-06
10.2943
12.2866
4.14373
1.2227
6.37807
3.13486
12.9919
6.48467
0
9.73372e-07
0
1.01762
23.7106
24.3447
0.494019
15.5425
0.0233126
9.2503
31.9226
18.6034
20.2761
1.23797
0.683259
1.2318
0
0
0
0.189251
0
8.23363
14.7898
13.0774
0.191224
12.7948
1.52841
22.9228
5.16424
21.0175
32.0899
0.000410459
9.14818
0.115795
16.7655
28.3137
1.91726
0.000160997
13.396
13.3888
0.4136
7.96158
0.425122
0.260197
11.5792
9.36434
12.8591
21.5342
8.03336
11.9466
15.9494
2.01913
1.63976
0.142742
0.00111883
9.36565e-05
0.0163987
0
0.0835503
3.03177e-06
0
14.6734
3.79628
8.10678
0.000339417
0.00563689
4.43233
5.00653
1.39539
9.30898
2.48288
7.25849
8.90453
24.095
5.96046
16.8087
27.911
10.2931
15.6768
32.0708
21.7339
0
3.31435
28.6922
3.79482
0.0504764
17.7848
0.975502
32.9781
79.3311
4.29277
54.6883
20.025
10.0166
10.456
0.709956
0
20.5069
36.0445
0.943906
0
1.48207
1.93091
30.7739
1.24306
0.014004
0.74772
0.182585
0.520648
1.20249
8.35849
10.8969
13.1227
7.06458
0
0
1.12294
6.25843
10.3018
0
3.01957
26.5628
0.111622
23.7802
0.273093
11.1825
22.9014
14.3061
24.2687
0.101238
2.74014
2.43054
0.026418
0
0
0
0
0.00911733
0.050711
0.563486
0.674771
5.76209
16.6578
3.19343
26.7043
18.21
6.0654
4.93521
2.09069
0.846316
2.16657
0
6.54573
1.60736
3.28241
5.34582
20.4623
13.3731
22.3301
1.30541
0
10.0571
0.982038
16.0947
0
0.562765
0.0637525
14.7715
12.839
9.01849
10.8436
6.30182
27.0931
1.88474
0
2.0399
12.7255
0.239167
0.000952733
0.826187
0.393852
0.178145
1.28877
5.72301
7.06385
2.28505
3.27741
19.7221
6.53834
3.1409
11.8991
6.5713
13.4071
0.123282
0
21.7875
15.829
19.6743
6.1166
0.135484
0
0
3.19549
20.2272
7.40873
15.344
0
18.5787
19.0719
12.814
0
18.1799
0.824818
0.000259243
4.72365
0.00113053
0.600366
11.8448
0.756556
0.19501
0.898293
5.87778
8.08847e-07
0.787981
0.873696
9.51995
10.7363
0
0
15.0824
0
30.1366
9.39968e-05
2.89079
0.0714863
8.55544e-07
0
0
15.7847
0.00123626
7.23549
7.82335
8.67427
13.8615
11.6744
0
23.6385
4.01042
2.16086
4.98915
4.59598
3.07157
5.96556
11.4522
19.1702
6.81265
11.1256
9.8956
17.4326
22.9765
15.3192
19.6731
0
11.8424
0.384372
1.87375
17.656
1.12688
15.954
0.206521
4.497
1.73313
0.581169
6.68826
0
0.19989
0.943004
0.791734
2.57273
7.02585
13.9507
18.2817
10.7525
0
1.84017
1.77653
8.46909
29.1406
0
15.7918
10.2088
9.58917
0.34622
0
0
7.30761
1.3228
13.7014
11.1767
0
0
25.1296
0
0.00018306
16.4567
9.91864
4.92664
0.611995
8.16878
15.8946
5.48882
2.37695
4.91188
8.97739
0.268525
0.156479
7.7875
0.000339534
0.901687
1.46084
4.07086
7.07226
17.9352
27.1675
1.19786
1.16258
0.0682607
3.1302e-07
22.6231
9.54685
10.3514
12.0626
6.51393
27.7074
11.4061
0.00539046
0.00183519
1.90705
1.16262
6.06613
0.976537
5.10479
0
6.71588e-08
27.5327
0.000892079
15.0365
4.28931
0.858717
0
1.3005
3.62054e-08
0
6.57175
14.1207
2.81767
25.4038
20.0357
0.0328251
0.534588
0.134588
0.00467005
4.08885
3.37768
3.04391
0.791483
0
1.25912
5.31128
0
0.121632
3.37546
1.23952
3.11489
22.1197
2.76272
0.137508
0.106406
22.4599
30.2267
3.04855
0.920416
3.1663
0.777812
2.51851
12.9305
0.741877
0.0408147
20.4346
3.50083
0.957015
0.0254124
14.6778
11.3205
0.310348
9.10556
0.183793
6.05293
0.805731
0.00618889
1.33779
27.4904
0
32.9919
0.0374861
6.10575
0
19.1098
16.8068
7.16591
31.4411
4.49029
5.2393
29.2954
6.95344
0.128528
0
0.943178
12.4037
19.095
6.13501
6.51184
0.364205
0.519562
0
10.9111
18.9684
24.9122
18.7944
13.6604
16.4709
8.66783
10.7819
13.5778
16.2629
4.76063
9.40801
8.82598
18.8599
0.691341
0
24.765
18.6495
3.7326
4.88616
3.01415
0
20.1254
11.0686
7.2486
0.849347
74.4679
12.7249
12.2058
8.9041
19.5808
16.5108
27.3188
13.764
14.8609
0.00422639
0
3.77985
13.279
21.6024
16.2068
26.9891
16.3484
14.8974
14.616
45.0217
46.2309
59.1539
51.2753
41.6361
20.0833
12.6271
0.957624
0
0.0397525
0.677294
1.38738
2.85746
0.835054
1.18112
16.4323
0.929661
1.34958
9.43496
16.8122
4.68981
12.1823
3.46522
18.0497
3.46147
3.6967
3.33625
3.97598
19.5004
14.034
0.639099
19.235
9.65177
7.4839
24.2661
26.1008
17.8499
0.0425341
0.227864
1.2809
16.5927
11.5233
2.57379
1.53852
8.44292
0.889831
6.8766e-08
0.039407
1.45406e-05
0.00483203
20.4766
3.58577e-05
12.7223
0
29.3548
19.6897
0.989202
0.916803
0
12.6332
14.9937
17.9606
19.6188
1.87155
0
24.3018
31.41
0.450029
0
15.4485
10.6578
17.8589
0
19.8516
9.3738
6.74619
19.5063
0
0.231618
14.2151
0
0.0317113
0.863089
2.58757e-05
0
21.2141
0
0.484812
13.5971
10.2359
24.5703
11.6356
6.49526
10.18
0.816182
15.5501
0
12.073
12.4883
0
6.15379
11.6266
14.7728
0
0.988079
1.42631
24.1059
16.2119
5.20785
20.6172
0
8.30543
21.0994
25.6561
0.0021669
8.04678
4.4069
32.5191
16.7063
0.360823
1.70721
0.768411
13.4405
1.8383
15.9349
0.61715
0.394307
0.00859779
0.781117
17.5697
1.81257
0.39333
0.000378375
12.7194
0
17.5825
9.80042
0.662277
8.68169
0.58269
8.98189
15.7388
20.3826
0
0
0.0443231
0
0
0
0.0447387
0.0225317
20.2249
4.42269
0.778905
7.47459
8.06474
1.01688
8.42378
16.1098
0.258012
10.0325
16.6544
17.1654
34.1127
29.9127
20.0317
26.2359
6.65596e-05
12.1788
29.753
22.7774
18.2283
35.3818
5.34304
26.9951
12.6844
0.232533
12.0678
0.00037435
0.00088556
29.3668
0
0.333694
0
5.3739e-06
0.423445
0.367178
0
0.0967825
13.572
3.086
0
1.0598e-06
1.77518e-05
0.148679
2.35977e-07
1.40445e-06
1.36604e-05
0.00579525
1.3652e-06
39.6166
2.14399
36.9267
13.7791
21.2783
0.872409
13.1754
7.68952
0
0.0538468
12.0722
5.71268
16.2019
10.2577
0.404118
2.00889
0
0
16.8123
13.4382
22.1331
0.468837
3.15164
0
50.9154
3.23185
13.8458
16.978
0
5.91984
3.82523
1.56287
0.587546
0.0261154
15.6451
0
0.00213567
0.852426
13.862
74.2823
2.63849
0.00204066
16.6512
1.772
16.2749
21.8876
2.56832
20.3442
1.05424
1.59014
0.0588729
2.13689
2.24793
5.97857
12.147
0.602935
4.62063
18.1064
0.680344
0
4.76675
0
0.0658119
1.05249
0.133453
16.1842
16.2127
1.25856
20.0845
0.000151651
8.12723
3.50063
7.52132
2.24613
0.00596143
0
0.138065
25.0119
16.4637
9.68629
23.9581
18.8573
6.7319
1.12674
11.9376
30.6508
0
11.4223
0
1.2103
0.138577
5.01593
8.0363
0.82236
1.21474
0.966946
1.71143
4.58404
6.04636
4.75677
4.75007
6.13769
0.00195824
0.770285
0
0
2.81649
12.5757
0.00089236
0
3.28858
3.16013
14.3233
0.922134
1.96992
2.38766
6.77623
3.5676
0
29.0365
3.54278
26.3443
0.0813436
2.10329
25.7245
28.7957
0.817977
0.575774
15.3685
24.7355
4.04186
14.9055
0.133097
8.30594
2.99577
6.25245
1.60648
14.6426
4.61506
16.7911
5.25828
8.1304
5.97436
5.35085
8.7254
7.67517
23.4501
2.36965
0.276111
0.0012589
0.0149371
1.09047
2.73236
0.325657
7.73041
2.17649
37.0967
0
1.51942
2.47285
2.15162
0.538067
9.51171
2.84612
1.1119
21.4132
12.0326
7.80901
18.084
3.54567
0.684031
0.979251
40.8012
20.8196
15.401
6.92219
0
0
14.1833
5.11296
0.371121
0.953314
5.41683
0.0121669
0.210163
1.40015
5.45284
0
1.35182e-06
0.0120248
4.87385
0.0250433
6.93656
4.12954e-08
81.5352
0.493412
0.84374
2.40359
8.02864
1.20847
3.48976
19.5391
0.00155045
10.0753
34.7653
1.49316
0
75.0707
2.8678
0.0768448
6.52685
0.323683
1.0879
3.06611
0.234875
0.397742
11.4128
1.1534
0.347906
1.39521e-06
1.43878
2.39224
10.6763
0.0415577
0.101323
0
2.25984
3.34898
0.531981
0
16.8353
0
21.0643
2.50989
0.420755
10.6326
4.00019
0
5.50044
0.935433
0.0183603
4.94893e-06
16.4299
11.3209
4.90876
22.4569
10.7615
5.43877
0
0.793436
0.732904
0.919898
0
0.383793
1.58287
1.83772
1.34193
23.7148
15.6647
2.22325
3.6703
2.15029
0.741738
1.7892
0.0229888
9.55773
0
0.0902158
1.00793
0.290817
0.267228
1.40314
1.06182
0.106417
1.19534
1.85937e-07
3.48971e-05
0.0487243
1.77337
0.00986719
1.22277e-05
0.144178
0.598476
0.965198
0
0
0
0
1.2954
17.5666
5.72809e-07
3.47381
9.92456
3.49406e-07
0
32.4952
2.28917
9.92342
0
1.08593
0.538715
0
1.59525
7.61721
0
0
2.62702
0.0451287
0.0231476
1.88167
13.0014
0
1.20729
10.2351
2.22402
0.0229666
12.5524
0.0032537
8.40658e-07
0.836388
0.0554575
20.8638
3.3143e-06
0.000247656
1.60634
2.68971
0
0
10.5273
0
0.659912
0.590637
1.43235
0
0.0431842
1.53839
0
0.00802148
0
5.51338
3.68421e-05
5.95582
0
0.0170721
0.30508
0.992218
6.78616e-09
0.142825
0
0.00155589
0
13.1514
0
19.0673
9.35166
17.9338
34.8496
0
25.2824
11.8047
28.7335
0.598644
0
3.53821
0.064537
15.8457
1.21746
1.00357
4.06572
0
0.815005
15.0297
8.22209
0
0.103602
16.7902
2.82489
4.62265
11.9816
8.81585
25.6683
18.1227
33.2521
0
2.34948
22.146
0
33.8316
27.1342
31.2311
25.8871
4.29597
12.7772
11.543
27.1942
21.3284
28.018
21.8554
6.14108
6.63809
1.31421
15.3982
5.34357
0.0485872
0
0
1.38147e-08
6.35946
10.1573
8.54923
0
2.36923
0.0047318
0.507294
5.49603
10.6456
2.47308
9.23969
4.45792
4.77812
3.67507
7.40785
5.55019
8.21993
1.03779e-05
0.319859
2.72949
5.6801
7.20847
2.05084
0.885559
0.277102
8.43836
0
0.053959
9.10824e-06
0
0.0243759
0.0658501
0.00460385
7.42252e-08
1.46646e-06
0.897841
0
0.00632173
0.0396699
0.00246194
0.00457314
0.787863
0
0
0
0
0
0
0.38102
0.935861
0.26355
2.93098
0
3.10714
0
0
0
0
0
12.4344
0
7.90348
0
0
0
16.0378
0
0
0.00533189
0.977868
0.0251937
10.1098
0.000157682
0.0863664
2.60105
0
0
6.84747
2.35911
11.5639
0.0185191
1.38886
0.0588637
5.13209
10.4239
1.01071
14.5812
13.8765
15.8944
6.03601
10.7722
12.3817
13.1867
19.8194
18.713
13.5607
8.53612
0.000267492
0.026588
23.8332
13.0891
17.4205
18.3328
17.9435
5.98599
13.7483
11.7735
23.8149
45.7395
9.30017
18.6641
31.7115
17.3749
13.9503
13.5788
0
13.5098
0
9.61393
16.6727
34.4518
24.3225
5.82351
24.3802
20.213
15.6069
0.36712
16.6983
19.2218
14.1224
9.70921
18.5747
22.0077
32.3358
25.1112
18.1933
26.0262
18.7633
19.517
0.0724284
16.3739
18.946
10.4866
0
20.8123
10.9299
5.86932
0.382674
1.15268
0
2.8231
1.69252
10.294
3.57913
9.29249
1.30054
1.55428
1.29584
0.249794
0.69365
0.943706
9.7424
1.7564
0
2.14673
11.31
0
0.643424
0.149288
1.18842
1.04931
0
7.07431e-06
0
0.747047
0
7.95236
3.78741
2.39568
0.315829
1.48566
11.8982
9.49978
23.6442
24.1507
11.0962
24.5913
9.92752
12.3206
17.8031
24.6077
40.9846
21.8775
29.2676
15.4272
0
26.8472
17.8139
18.7539
0
28.3763
0
8.84281
2.2753
1.26493
9.13474
13.3309
15.3023
1.25534
26.8702
0
0
10.4281
10.4223
1.0023
0.000563033
3.62738
0.164312
0.214355
3.18043
3.16533
0
0.0607745
11.3004
1.0336
2.16359e-07
0
0
0
0.00059079
0
0.00639265
19.389
0.016098
0.00013298
0
0
17.866
20.5838
1.07222
0
16.9912
9.0196
0
3.09986
0
4.45085
0.0544732
0.638075
19.5685
3.37105
0.0146849
21.0694
5.52063
16.4033
0.453111
1.66696
0
0
0
24.9261
0.43341
0.00705438
0.88793
13.0401
1.61932
6.70361
8.53168
8.87043
15.4358
10.0455
21.1787
0.0367743
4.33808
8.52971
3.59529
3.07614
14.6486
0.915889
0
6.1707
1.10584
9.48536
1.55205
19.2651
2.52395
2.95558
5.76269
23.0758
5.82078
1.6276
2.20963
8.17936
11.4217
6.07478
3.7545
14.7252
0.791825
0
0.0981024
0.408221
0.901375
0.00960964
4.96145
19.1248
33.6376
31.0823
0.18949
21.7737
21.6236
1.87567
20.5888
4.5354
30.913
2.57058
2.60764
3.93024
60.3635
28.6187
3.20552
36.2084
12.0512
0
0.124497
0.00191604
0.0195604
3.12037
0.00669074
0
0.000148086
8.91306
13.1692
19.1465
1.99197
12.6637
0
0.0511752
0.807293
0.59394
0.00314543
0.0172908
0
0
2.14097
0
1.77302
13.6721
0.528747
12.1535
5.83944
7.70779
0
0
12.7632
6.01247
0
7.34525
10.2275
2.90976
0.0204294
10.3995
15.8559
0.18764
4.45016
4.69656
0
0.535914
0.579941
0.0165024
0.872488
0
17.4045
0
55.6528
23.1301
38.9263
0
0
0
0
0
25.1317
8.3075
19.6067
0.000520833
9.83415
4.7189
12.8471
3.91819
5.38164
8.38858
4.52156
1.15209
0.143127
2.20251e-06
0.759206
0.0718509
3.65464
0
0
0
0
0
2.72337
0
0
0.949252
0
9.6619
1.3429
0
0
6.41239
0
0
0
0
0
3.10926
23.8798
0
2.48937
1.46943
0
0
0.509882
0
3.4656
4.65416
12.1567
6.77037
7.63736
0.674639
3.06389
0.876942
4.17924
10.7366
9.82208
3.60605
14.8021
11.306
39.4185
10.3714
6.63461
15.1397
17.7101
12.5172
17.3141
13.1568
15.7199
5.8941
14.883
13.4066
11.2649
6.57251
10.182
17.5678
15.2936
20.5183
6.49606
20.0636
16.7896
7.95162
3.31592
2.47753
0.290115
4.21393
0.182905
0.00157547
0
0.00258685
0
33.6509
26.9544
0.683356
7.85033
1.20654
0.677449
0.0153638
0
6.9197
0.0148373
18.4462
4.46469
0
0.179652
9.09325
16.7446
1.01934
16.1087
22.9249
18.2529
14.2847
1.93593e-06
12.8564
0
14.8283
20.7216
9.75328
24.2376
11.2885
8.75226
3.75385
3.32908
6.80393
8.54277
23.9802
18.3424
2.12496
2.75201
5.8757
2.15073
13.2836
12.0739
26.719
20.7407
16.4051
22.9294
24.0735
18.3296
18.864
10.4871
7.27926
5.81036
8.38886
2.48287
6.82827
7.47563
13.8266
0
0
0.365826
4.52221
6.27542
7.04217
8.23555
8.00754
8.53065
18.3052
21.4352
24.7176
29.8308
4.76833
28.4568
22.2815
7.2622
4.4784
6.74879
5.24767
19.245
2.06162
25.7878
4.89291
1.4698
6.37827
5.73031
3.44336
11.6297
6.34671
10.6987
11.4713
19.9848
14.9289
19.2852
8.94347
15.9132
28.5321
12.75
10.7611
37.5508
6.30504
5.09846
0
1.36766
2.91848
7.15583
17.6545
10.1075
15.8721
0.00145082
19.8185
18.8823
17.5878
13.4695
16.3258
17.9573
24.6791
36.8191
0
0
0.000224282
44.2534
41.1207
38.3255
1.96039
33.0353
1.51021
9.28364
0.374089
4.72289
0.541351
4.94375
16.2034
0.119792
17.1115
67.7147
28.8404
27.879
13.9195
0.461977
29.7329
5.58424
36.7063
11.1032
8.16069
32.7707
35.8917
43.2412
45.9472
12.7461
24.4537
15.464
25.8947
7.97752
19.0623
29.5861
16.5022
15.6776
10.2651
18.4534
9.39854
35.5457
16.3232
25.3404
15.2721
13.3308
21.9896
28.8413
14.5358
14.9632
0
13.9787
0
10.2696
12.317
22.7636
19.2524
13.9365
6.2937
23.2102
20.3839
12.6965
15.5476
18.5948
16.1196
6.25958
18.3844
14.5812
10.4755
16.0709
13.8413
8.80542
9.93233
13.5801
9.98061
0
13.0976
11.8268
20.0285
4.91285
17.5453
0
0.0535325
1.45761
15.8168
12.8451
16.9999
0.00934462
14.4014
15.1768
6.21181
16.567
3.96791
13.2475
12.6662
17.9633
5.08879
3.3885
0.11118
17.1841
6.44987
0.303908
1.91945e-07
3.28153
4.13336
0.388824
0.696899
1.37186
0.0455994
0
1.67286
2.33827
1.40815
1.58717
21.0152
1.25562
2.08095
1.52092
1.56017
3.18646
2.08756
0.133283
0.984497
2.03648
1.57797
0.900016
0.0828042
1.01688
1.04398
0.0124099
9.89459
0.848963
0.566898
4.0628
0.51362
5.94027
0.575833
0.856051
0.0614454
0.0150098
0.32365
0
8.47644
0.347052
8.47876
0.652431
12.8872
0.384456
21.8336
0.181509
0.29193
16.6622
1.05239
11.295
19.8569
30.6207
0
6.27188
0
0.550812
1.64758
0
12.4883
20.052
1.33487
1.41735e-07
26.781
0.400866
5.41834e-07
2.56138
0.211555
1.84834
0
0.845977
0.0376346
0.413544
1.3298
3.81599
0
9.03177
2.28437
0
8.55087
19.8458
1.76601
7.80251
1.09786
11.5683
12.6801
8.94781
9.30058
0
0.0601591
0
4.0497
8.16002
0
0
1.25368e-08
0.877675
0.412096
0.00238801
1.05745
0.000599546
0
0.807213
6.12719
0.000149215
2.14614
0.62735
3.2644
0
15.9545
0
0.935845
0.000411665
0.790934
0.834543
0
0
0
0.0542397
0
0
1.04733
28.8267
5.08867
17.6983
16.0753
19.4106
7.51706
9.68587
0
0.277085
0
0.625948
9.31701
1.20064
5.33905
0.37309
1.69213
10.042
47.3597
40.189
17.2357
8.17039
6.28781
9.02305
17.3421
2.94035
1.94242
12.95
2.04472
16.5488
11.4533
4.63145
27.2413
17.38
7.28767
11.8544
0.352746
7.31083
2.54188
22.998
0.944675
29.6184
41.7164
0.81846
0.8655
0.932464
0.0498799
0
2.34799
0
0.140068
0
0
0
11.4038
9.81164e-05
2.96124
1.95784
12.0886
2.14873
1.86684
19.164
9.56777
3.25318
4.07779
0
10.5352
17.6095
10.0573
7.47357
26.7062
16.4703
22.6302
0
16.821
0.08616
15.9829
12.0541
13.0895
3.02094
0
15.8666
16.4889
23.4183
7.98684
21.2872
32.4366
5.55122
5.18766
10.101
14.4734
7.06763
10.7111
0.00114234
4.89036
24.3471
1.64249
2.76974
19.4171
0.625843
18.0897
1.26676
0.121093
2.65575
0.0638375
13.4601
0
26.4104
43.3651
22.0046
16.7627
10.2725
12.4206
6.66752
3.00398
0.0241528
0
6.77434
9.71965
17.0549
10.0612
23.2068
11.2967
19.525
14.7284
20.2539
21.4944
12.2729
8.43224
0
0.992138
1.87804
7.58316
2.88424e-06
3.77763
4.90326
2.3545
0.256221
1.12072
5.83195e-05
0
2.19455
2.98962
2.24662
0
0.588605
5.27494e-08
13.4022
2.11596
1.6181
4.99892
11.9994
0.00146352
11.132
0
5.93767
0
11.9352
6.8647e-05
2.61409e-07
6.77573
0
0.00257938
0
0.189495
0.976165
0.852927
0
0.436522
0.254018
8.54172e-05
8.9932e-08
0
0
5.79522
0.000668399
0
2.51991
9.4126
13.6557
6.90601
5.58056e-06
0.624979
7.19765
0.606584
0.00245869
1.99233
0.041717
12.7269
0
8.04635
20.2318
11.9739
15.4298
31.2526
9.74421
23.5001
1.54231
6.78443
5.49761
2.33085
16.1309
2.58998
1.08885
0.0111909
12.9079
0
12.8895
11.236
17.3334
10.4679
10.896
13.635
1.48891
29.0824
14.9159
13.8751
18.8169
0.691348
22.5133
0.103652
23.6656
17.7764
1.62486
23.9856
12.2828
2.62855
5.49509
0.0562591
1.31912
2.63212
2.83802
0.498601
11.046
0.00123658
11.409
5.8297
25.9787
12.9736
13.1078
24.6895
27.1189
13.0991
19.691
11.0089
21.6021
19.9678
22.4356
11.0574
18.3587
2.12125e-06
3.95238
5.25384
16.3181
6.40455
8.5527
8.69607
9.71165
5.88034
11.0455
17.6231
7.21252
16.6611
18.6563
5.02492
22.8765
21.0261
7.48242
13.6574
21.9244
0
11.786
15.0357
1.72679
12.5991
18.333
0
15.1672
23.8836
30.0758
0
0
22.1849
15.2035
21.8498
20.7738
6.71448
15.5104
16.1676
1.69521
21.9418
28.014
14.9722
5.5078
17.2276
20.5133
25.6943
24.6259
43.6772
15.7829
26.0723
22.162
44.3215
44.82
0.530714
27.6301
17.3223
12.3476
6.26436
24.9045
33.1453
42.6053
24.542
0
56.2345
38.247
31.109
0.430228
8.0472
14.4054
34.4128
24.0101
14.7086
14.5476
29.5672
0.617376
0
8.89004
1.62395
15.9242
0.350849
18.2805
14.4169
39.8093
17.104
16.5982
0.003104
16.9156
0
11.0144
11.0855
12.6256
13.1974
16.6292
49.719
32.5165
24.4091
21.4047
20.558
22.1983
16.1303
0.202331
13.2539
10.3411
32.3964
0.525873
15.0143
12.2794
15.2939
18.4236
4.56959
23.0554
19.6564
0.954832
15.4887
15.8018
8.27139
17.4524
12.9877
1.50252
6.46647
9.8466
4.34418
1.76324
7.38479
0.564758
2.75232
3.29641
19.0887
4.81698
22.7512
11.419
14.7931
16.3217
2.65837
6.58041
42.7362
0
2.29265
6.48154
5.14133
0
11.9835
14.7549
10.2066
6.23678
16.795
20.3796
21.8141
12.3115
13.1583
11.6849
16.2965
12.9914
5.94558
20.7612
5.71824
19.3322
40.6911
0
20.2384
11.3752
33.0542
10.2175
3.1955
17.2571
1.20317
4.84904
1.80679
16.5383
28.865
14.0262
24.58
8.56558
13.9132
12.5883
9.96444
7.21117
38.1473
42.662
12.607
0.352907
13.8043
36.8337
14.2768
63.3164
25.7055
12.0916
17.2805
40.724
22.4028
11.7113
0.0336354
16.8915
7.5805
15.1557
8.88021
8.91686
0
4.62725
11.1907
8.6318
9.73215
12.2425
4.43103
3.80378
1.40106
4.31567
23.4989
11.5472
9.49887
11.59
2.17459
8.72655
4.18735
23.349
10.0569
0.00721195
22.5397
15.5343
4.87254
16.8461
8.85696
15.9487
0
7.01866
0.318307
11.1444
1.63942
0.286091
11.7464
0.0298248
2.57038
35.6048
0.0666536
22.6587
0.721517
11.5387
2.56974
1.42465
23.5739
0.156747
0.191959
0.0104377
0
0
21.5897
13.4477
20.6599
17.7296
15.7545
10.1358
9.0015
1.0958
2.18799
4.33096
9.22493
17.5373
0.9066
21.4677
22.415
0.351741
14.6829
0.24793
9.33784
7.69926
0.961699
5.97113
0.28475
3.58726
9.2192
0.235568
1.25923
0.998225
0.873691
0.00200297
16.4175
19.4868
11.771
0
1.47867
14.9103
13.9155
22.6281
5.88476
8.1432
11.3987
9.83798
9.61318
31.989
7.24802
2.74658e-08
12.4513
7.81404
10.2838
13.0108
0
8.09932
15.3393
19.5526
6.96306
5.4632
12.3
178.015
6.78322
12.963
14.3225
167.924
13.314
10.9588
20.0448
9.94054
15.0087
15.0574
12.7106
13.6546
9.79795
14.5432
4.55751
5.94818
8.39322
35.1267
12.4972
9.32793
0.893454
0.554628
15.9453
25.41
2.41886
0
0.00861285
0
4.51567
0.308069
0.0122603
1.0286
1.17051
2.49782
0.0143435
0
9.63252
0
6.40887
15.2993
1.83831e-07
0
10.4237
1.84734
9.61461
0
5.60811
2.43378
0.021543
1.45737
0
2.81808
3.00963e-08
0.61348
46.3332
3.7182
0.232519
0.552117
2.45757
0
0
0.106144
0
9.94557
8.75772
21.1526
0.12534
6.00377
3.11521
16.0352
4.96892
11.2023
10.267
6.72711
5.01472
22.7934
6.695
8.76224
5.45675
8.0566
10.4595
5.00534
4.04803
19.7318
39.6128
38.3342
16.2232
25.7958
0.389744
2.02419
0
0.397991
11.52
22.1982
13.0053
8.74183
7.24815
7.96216
13.3592
0
18.1707
9.56035
17.5117
26.7849
14.2363
17.679
15.9905
12.8828
5.99658
10.4652
22.1986
20.6448
18.6684
14.9617
11.16
0.547845
16.8875
7.87464
1.69531
0
0
1.73375
4.09092
3.38069
1.28473
1.28656
29.5743
35.5406
9.1444
7.40349
7.7376
13.5943
20.7699
12.7118
13.1294
0.898256
0
9.11691
13.1629
77.6084
12.592
58.5741
12.9606
18.3055
17.4237
0
0.0507184
1.19579
15.1401
12.584
3.05485
2.46815
0.0573294
12.7207
2.90419
4.49955
6.52445
4.06821
2.67184
1.08036
18.096
32.5457
4.21968
0.0277774
6.04114
10.0628
0
0.149251
0.00837438
4.60835e-05
2.01273e-05
0
17.1887
2.31633
4.86439
0.0282885
0.030911
0.0004074
8.60154
1.38529e-05
10.0534
5.63713
1.50405
19.456
1.85802
0.121971
1.18297
5.91832
3.01569
0.266296
0
0
0.0805482
0.000146218
0.0142962
0.0284671
0.0190694
3.59452
2.29722
8.70258
7.89345
0.0042275
0.546917
0.288541
15.1861
1.52089
7.90815
9.52096
4.88398
5.3094
8.94708
21.7375
8.82511
7.71155
31.9603
3.03412
2.2066
4.41215
4.33936
15.67
6.48112
3.49567
10.6481
8.93686
9.75881
1.22145
8.76135
13.6176
0
0
0.00622954
0
0
0
0.0641219
1.21591
1.65191
2.45278
3.44749
13.9547
0.0532788
6.99878
0
3.07291
0
21.6357
10.3617
13.9343
24.4195
19.6656
29.2458
27.2372
1.69275
10.0106
17.1601
25.4229
1.51293
10.8786
12.7806
0.381356
2.04271
16.0667
0.796741
27.9298
12.619
13.8141
15.9579
10.3489
11.0921
18.8745
0.978326
5.91788
0
7.70055
0.548004
0.524523
13.9974
19.8161
0.0428387
27.9945
11.0003
20.4495
20.3162
2.03866
13.4902
20.3379
43.4925
16.749
12.2496
25.5308
4.1137
11.5385
13.5136
5.58137
2.67898
0.157961
13.9358
0.391271
1.62095
2.18776
0.314951
2.08115
0.509732
1.30118
0.0420493
2.84899e-06
0.750921
1.90515
0.376189
0.814904
4.36692
0.901494
1.78596
0.931443
2.39437
1.57203
0.0764337
0.874445
1.47222
1.08181
0.853688
0.0567807
0.876201
0.737889
0.0118817
1.14701
0.366432
2.8162
26.3914
0.681471
17.1094
12.516
3.61654
3.79039
10.3647
0
2.04684
0.628464
12.0374
0.270922
0.516443
5.0861
9.79996
0.379287
7.36239
15.3191
15.673
16.7632
9.25487
8.98397
31.0098
1.36519
17.8625
29.5186
1.83443
3.24156
17.778
0
2.33647
17.4005
0
2.26828
0.57874
17.8158
0.0419202
0.801752
0
0
10.0632
0
0.00386946
0
8.178e-06
13.4591
44.6242
19.0408
13.9587
0.527576
27.8133
12.4071
4.63678
29.1488
15.1137
22.7987
4.73197
4.24058e-08
0
13.2321
2.9027
0.0829245
0.000217058
1.44641
0.166609
0.000194989
9.88061
0.00184401
2.47892
24.9377
0.958272
0.998499
1.01556
0.0107395
10.266
29.3894
0
0
0
0.19533
0.605281
0
25.9765
0.191606
3.22169
10.4496
0
0
5.09425
0
0
0
19.6329
25.8841
0
0
0
0
10.9241
5.10757e-08
2.61848e-05
1.26382e-07
11.5408
0
0
0
0.00728423
0.000216721
1.07021
0
0.238156
0.78708
6.76296e-06
11.9145
0
1.9516e-06
8.79757
0
1.25445e-06
0.00104597
0
0
0
0.000209889
7.26326e-06
0
0
0
0
0
22.9179
0
0.885061
0.181721
0
0.373639
0.420717
8.7801
0
0.283272
0
0.538197
7.70618
25.7233
1.68155
1.27124
2.72908
0
5.95965
15.1087
13.9705
7.93449
0
3.03591
5.23214
10.8695
6.17765
1.60581e-05
0
1.52264
5.26648e-05
0
1.24351
0
0.125589
2.43463
4.94828
3.70167
11.7803
0
21.7207
3.72838
3.4418
10.2615
0
5.42802
15.8733
2.31743
2.14518
6.69115
20.6469
0.928563
1.1272
0.341946
0.799687
55.6726
0.573208
0
10.028
0
0.200521
4.38244
6.83929
0
3.44535
17.3869
0.00960353
0.653995
1.51508
1.44175
0.303841
0.0250613
0.000995584
1.18926
0.801432
2.32694
4.97354
3.75275
0.122927
19.3181
7.27122
0.140233
0.182859
1.69061
0.765476
3.94387
32.4349
2.18047
2.22089
0
3.5357
28.6462
15.1713
19.2567
0
13.7498
26.5488
5.15869
33.8952
0.641811
2.42177
13.8318
4.67789
29.4755
3.5604
1.52048
26.0891
0.528304
0.903822
2.42202
1.69136
15.3651
0.814294
1.28621
17.5069
9.90009
0.0113862
14.5756
24.6387
7.62142
13.2712
1.16225
9.61418
15.7473
0.499287
2.39286
15.9041
12.5257
2.52891
4.17683
34.3399
10.7225
16.1394
25.5613
26.1216
6.63385
15.6507
21.1588
1.29345
28.9575
1.19501
9.95895
31.5969
15.4342
10.6907
2.12183
1.76652
0.204424
1.71121
0
2.80325
0.395734
0.258418
0
1.51747
3.09856
0.822841
0.11834
1.53781
0.038361
1.58973
0
0
2.33855
15.9653
3.43504
2.90247e-05
2.47092
23.3517
0.339438
4.45594
25.7132
3.20815
11.7171
14.7951
20.3481
0.00338756
2.83206
0
0.0370243
34.2283
0
2.08324
25.3049
8.71546
0.0727169
38.0994
4.88373
0.0463016
0.375018
1.32394
27.8977
2.89215
0.083085
26.2631
4.34971
3.64861
35.6837
14.2644
8.53782
18.7026
3.95256
5.69016
6.57463
12.8416
6.24168
8.89516
10.0424
10.8289
4.75957
2.28292
11.7811
0.0617009
4.20827
16.1847
1.02387
9.72867
7.3034
13.8678
7.41315
0
0
0
0.00415439
0.93851
0.0300732
0
0.00169346
0.989466
0.888901
0.28905
0
23.2186
22.1156
0.000194398
51.0956
10.3324
12.3614
15.0969
9.23496
14.9824
0.320774
14.0285
3.81117
2.57491
7.11753
5.56743
16.8467
11.0768
10.564
3.41021
19.2064
11.0568
53.9486
14.4564
9.74464
19.0223
15.7722
6.9677
2.46979
0.84827
0.481328
0.0508877
0.122467
1.24693
1.06404
31.2532
0.941076
0.00434699
14.726
18.2299
14.8528
16.8554
7.64434
13.1217
1.37324
0.012239
0
0
0
12.9076
3.98415e-08
0.735273
1.9375e-06
50.6132
27.8293
9.6424
4.95204
8.29582
4.49401
0
0.198465
1.05395
0
0.000225412
2.26277
0.174821
3.06284
1.77828
0
12.8538
0.91543
6.76266e-05
0.667446
7.404
1.32188
8.97744
5.54555
3.54728
6.88619
1.54567
1.51322
0.63335
2.16996
7.94025
1.74496
1.4596
1.39777e-05
17.7429
2.18319
2.26611
14.5184
0.553873
29.7816
0.000756922
0.879748
20.2394
