5.78519
3.18382
3.19301
1.41789
2.70795
8.19622
0.0258633
7.36231
0
10.9685
14.5012
0.0124145
1.18137e-05
2.37088
14.3602
0.858296
2.77847
13.8658
29.9216
2.7391
12.6984
0.0119699
0
0.0634209
0.225664
0.225786
3.1624
0.797874
11.0799
1.02112
0.0547595
0
0.000228982
1.31457
1.35307
0
0.138415
4.16955
2.21877
5.10378
4.10565
16.6177
3.39069
5.2112
0.262248
2.91801
4.79127
0
0
1.0673e-06
0.818533
0.248039
3.23734
1.2361
3.96261
0.136831
14.1033
1.50657
0.312994
0.831735
8.52302
0.118404
6.82598
0.607069
10.0809
0.000728938
7.17053
4.57294
3.17119
3.30222
6.85661
0.657668
0
0
0.173269
0.858231
18.9102
3.06157
1.00162
3.47237
0.0209954
0.939765
0.630281
0.0352205
8.92449
0.757567
1.20934
2.39658
2.34019
2.01879
7.75893
2.91816
0.0226449
3.30685
2.00729
2.78561
3.58615
3.56422
0.934556
1.49249e-07
2.16073
6.58028
1.60357
7.45571
4.53146
3.8867
2.77132
1.91003
0.146609
6.04116
2.4587
0.987338
1.22923
1.20986
0.425746
1.48052
2.05054
1.05965
2.41908
5.42281
4.7337
2.17646
1.89521
3.91213
0
1.64678
1.61983
7.92169e-06
0
0
1.71636
1.06135
0.0668691
1.86656
0.552553
3.29936
1.52351
1.50029
2.46077
0.021106
0.92894
1.78905
1.01321
3.37848
0.547214
0.906018
0
0
34.7022
65.6371
0.00911912
0.411908
0.000304139
0.837116
2.38804
6.06798
9.90045
7.13362
6.48805
0.606765
3.32303
9.93503
2.00968
2.3838
0.96577
0.978891
3.50632
0
4.16264e-08
0.0222069
2.88638
2.91595
1.66554
0.0180989
1.76505e-08
0.127757
0.0802254
0
0
0
2.26052e-07
9.33109
0.0165908
0
10.1342
3.46377
9.40572
3.52662
6.72754
31.8306
14.6254
14.0984
8.88599
15.8218
1.81187
0
4.49098
4.18865
13.746
7.04707
22.6451
79.5492
13.5418
38.3345
11.3242
3.04754
6.73492
1.17957
75.6875
8.07461
25.1305
25.4638
5.2136
12.2897
12.8284
20.7163
3.17739
20.8641
19.1172
4.13205
0.802461
4.04041
20.6689
0.0169784
13.7829
14.5662
11.6336
10.9168
12.0843
0.0813083
1.25835
6.21842
13.1787
1.94219
2.05114
3.18908
8.30634
1.83665
2.50013
2.97819
5.18563
3.2435
2.63452
0.853591
1.91955
0.826355
1.02991e-05
0.0117346
0.607639
3.7345e-05
0.0411219
0.457464
0.889154
0.690698
0.149741
0.793581
0.0619269
1.02775
0.868017
0.0056635
1.23571e-06
6.61311e-06
0.000322438
0.00044075
1.13807
0.2443
0.0680625
7.8182e-06
0
0.0310945
7.77089
0.00661261
4.17172
0.437139
1.27775
0.243166
0.227216
2.12654
4.22215
0.463066
5.97383
0.00424156
0.0793145
0.0350174
0.0352545
0.305727
1.6074
0
0.82818
7.37064
0
0.0827441
2.81094
0.00101522
0.420754
0.0678037
0.845675
7.92552
5.3341
3.85178
5.49105
0.56716
5.16877
5.16685
1.31577
14.1656
8.54276
1.62439
0.620038
1.42659
0.629372
1.18177
0.202903
3.43822
10.3277
8.77204
17.4621
1.12622
3.78862
2.8314
0.00119631
0.748274
0.870239
1.02675
10.2263
6.10014
0.827337
2.67413e-06
0.788474
0.0513709
0.352009
0.922648
1.16531e-07
0.78012
0.137226
4.63915
7.71585
2.06232
7.92048
0
56.3576
2.35871
6.29167
0.294127
0.0336951
0.175128
1.77447
1.12779
2.51381
2.61534
0.0435039
0
11.0895
1.65953
0.637981
1.16236
3.59104
1.54569
0.0632884
0.292081
3.88634
2.89814
1.81528
1.65667
0.68975
0
0.00173339
0.292295
0.388092
0.0394861
0.112646
0
4.85006
2.42857
3.15075
4.44058
3.75788e-06
6.14664
14.0923
17.8473
8.32107
0.891098
0.696839
6.06997
20.5515
7.25626
1.70294
4.79
3.53461
5.90959
1.36934
1.11155
1.67653
3.73257
0
7.80328
12.7745
6.25713
6.2875
17.2544
4.93542
16.1455
6.13512
17.4084
18.5159
6.14037
8.66849
5.4441
7.25607
2.31815
6.49903
3.866
7.18483
5.78037
2.25155
2.71824
43.7526
7.44552
5.63199
0.151204
2.6237
1.40608
2.37959
2.21745
2.07549
7.05044
7.92391
1.99485
8.17828
8.25886
4.23243
3.05373
14.0621
7.60426
10.1032
10.3333
22.0334
0.377636
0.186932
3.78065
2.0756
3.31503
9.65412
7.26292
11.4363
0.0180176
1.09715
0
2.61594
1.34612
3.52647
2.47423
13.6424
2.49763
7.04365
9.5923
14.6876
9.93549
8.93839
0.976985
1.11661
0.0424358
0.366311
0.017753
1.8641
2.45816
5.00564
2.16784
0.01934
1.28816
0.839647
1.20408
0.217485
1.62578e-07
1.04333
3.17263
0.952515
2.30573
0.423025
2.80536
10.9269
2.61958
0.439069
10.7128
10.9635
2.0414
3.17767
3.58082
1.69765
6.87459
5.8563
12.4756
5.9467
0.253525
1.0744
1.19156
0.000787158
0.553458
0.892649
0.00401382
7.96282
12.1432
8.03519
4.82881
21.9525
5.5375
1.77847
17.0699
0.228766
3.84182
3.09086
4.52607
1.67512
3.25228
7.33581
8.18775
14.1796
1.71377
10.4152
3.85663
0.883489
5.34504
3.94916
0
3.30449e-07
8.69216
2.38933e-05
1.4714
0
0.66788
3.75807
7.4306
1.48948
2.95766
0.840583
3.8211
1.37288
1.15529
0.000155901
9.10763
3.21087
0
6.13633
2.11222
3.94515
2.60589
1.36724
1.80423
1.87979
9.98774
8.68662
7.38254
0
6.63927
1.57606
9.70155
16.1711
15.0307
12.23
13.8431
3.48283
0.148447
0.0224376
9.89697
0.832747
0.000636401
6.07632
0.143523
1.36197
2.4275
4.89823
9.75148
0.812704
0.988927
0.761666
0.0247924
0.708093
8.37009
21.0569
0.593973
0.0123061
5.09839
1.36144
7.42228
5.66084
1.91234
5.87867
0.0180594
4.84085
1.32104
0.832434
2.09949
6.53295
1.19832
8.71341
7.45231
13.8596
0.118267
1.49498
16.4104
8.4305
12.2081
10.1085
0.0361238
4.37737
21.0159
0.0710884
0.0410669
0
1.11409
0.1881
0.857095
23.2203
2.26079
2.56791
1.99349
0.0312013
0.92111
0.59849
1.54028
1.54842
0
1.51607
1.75413
1.71847
0.928516
0.893223
0.125892
0.447869
0.102217
2.00171
0.359464
0.39624
4.17452
14.0527
0.00276978
11.3797
6.30692
3.11926
1.52628
3.67224
1.09787
3.84152
6.28116
0
0.103061
3.90979e-07
0.0270616
6.74748
17.9383
0.660563
4.53802
0.0228801
6.25232
7.73125
4.64996
12.8632
0.354974
0.0624659
0.109515
0
0.0606721
0
0.306834
0
7.07392
6.13218
12.0955
5.19549
4.74002
0.547253
7.78118
2.31008
23.2676
19.9096
0.00451456
1.213
0.10893
7.6245
10.3923
2.15138
0
8.86628
8.50276
0.12422
3.80086
0.0027818
1.85475
1.00999
1.88431
2.90636
6.06759
4.61745
1.86177
13.1166
0.962584
3.31331
1.18738
1.2356
1.13471
0
0
0
0.000128726
0.000491051
14.1581
0.182617
2.23709
0.89407
0
5.7257
0.515113
0.177175
3.08648
4.07435
8.58583
4.07422
2.79445
14.4632
7.72865
7.25649
15.5606
10.5228
10.2239
12.31
0
1.05851
25.0265
1.38427
0
1.01641
0.299526
26.8763
51.6693
10.0848
11.2969
15.8093
4.67157
8.19658
0
0
5.47225
20.0319
0.000921824
0.0467788
0.845006
2.13024e-06
15.3992
0
1.65379
0.833252
0.577313
0.299479
0.511531
0.371056
6.00758
3.9597
1.55979
0
0
0.0317159
3.54777
1.30218
0.804715
3.98922
9.91644
0.00620161
16.4319
0.693869
6.87925
17.8584
4.30547
13.1381
1.81994
8.35745
0.861714
1.0927
0.0736357
2.67216e-06
0
0.0286907
1.03215
6.92266e-05
3.66888e-06
0.378576
0.523715
18.0808
1.56045
27.5042
6.39918
4.99784
11.8588
2.18651
1.17233
1.0173
0
9.08617
0.333553
7.9443
5.30674
3.11991
4.60546
8.78158
1.38584
6.63567e-09
5.35064
0.178238
9.31559
0
0.0823406
0.0176107
7.94296
8.97792
2.11495
2.1055
4.26169
22.0497
1.11341
0
0.0417617
3.0173
0.0319767
0.305951
0.493121
0.560027
0.00938299
0.881407
2.45583
2.17491
1.56567
3.32026
3.79105
6.17159
1.80828
7.38757
3.53472
11.564
0.097585
0.0980994
2.42475
8.72191
3.07245
2.61454
0.191552
0.000630447
0.7973
3.34586
12.129
1.95768
6.00376
2.69614e-06
5.44252
6.09119
0.931044
0.00167246
5.00339
0.895252
0.104428
7.62904
4.1191e-05
0.172099
6.08345
0.100279
0
0.00859253
10.1521
5.72785e-06
1.01676
0.138166
6.34732
4.87637
0.849497
0.000322525
10.1887
1.11843
20.3485
0.0184535
0.267513
0.63382
0.850321
0.686442
0.611939
2.02312
0.603314
0.682248
3.99568
1.93604
4.52084
3.28216
1.30862
3.60485
9.15471
1.31829
1.6232
0.00349728
8.12767
0.00554995
2.59244
10.4309
2.30216
3.29682
0.825328
14.6943
5.07413
2.59582
3.35426
0.802017
2.78832
0.986882
0.0110109
4.94313
1.00936
3.41585
2.19265
6.55968
8.04742
0
2.17911
1.16391
0.0028549
0.6369
8.87629e-06
0.00242503
8.61554
0.55285
4.08555
3.95017
0.000403652
1.07914
1.15839
2.38207
7.88516
0
6.21057
5.71617
1.83065
0.216454
0.223191
0.70553
8.34839
0.153636
6.66645
7.25918
0.0132387
0
44.5154
0
0.00486443
9.41477
11.4214
5.70141
0
4.27014
25.8337
1.04351
3.26325
0.8943
12.5811
0.804382
0.285686
9.07414
0.767767
0.768415
0.209943
3.1591
2.12945
1.85915
7.74262
0.00012781
0.00132468
0.891313
1.73848e-06
14.0541
17.4017
1.56359
3.1939
5.18637
6.28671
7.48124
1.29594e-07
0.00228843
0.841551
0.0725405
2.50337
1.07621
1.17671
0
1.06789
6.43498
0
3.87112
0.305165
1.46774
0
0.261396
0.000992955
0
3.44054
10.8445
3.1145
7.24431
8.47176
4.05693e-05
0.059589
1.12802
5.88889e-07
2.32699
1.2745
1.38439
1.57251e-07
0
1.99605
0.369463
0
0.420597
4.95056
0.573931
0.371605
5.09516
1.95768
0.318714
0.00327328
12.1624
12.6979
2.72626
3.76126
1.60066
0.036405
0.931699
9.85399
0.267409
1.2151
3.22216
2.59152
0.094846
0.167692
6.96493
2.50223
1.71146
0.567463
3.25988e-07
1.62053
1.10028e-08
0.0017237
0.609035
12.6828
0
8.60337
1.34985
2.635
0.844145
11.0348
7.17515
3.52105
11.9417
3.56355
2.20586
24.6175
6.71558
0
0
0.138176
3.54615
12.5696
7.51377
8.64984
0.150836
0.158628
2.62139
7.78106
13.3685
6.48787
16.339
1.74636
21.1679
3.566
8.0696
14.7398
13.6184
0.019992
1.95428
2.65752
5.81854
1.15351
0
13.7183
7.18136
0.998814
0.597858
1.49377
0
12.0189
4.97381
7.81412
0
1.51666
1.55608
2.08958
5.96055
14.4708
4.51501
8.11245
8.64069
4.16973
0
0
0
5.01293
12.2947
5.37971
8.47873
5.28569
5.23371
5.26355
7.95275
7.81045
28.3927
26.9247
6.43449
3.48047
12.5926
0
0.00628191
0.972476
1.79805
2.02915
2.58412
1.90966
0.523114
6.99965
0.966408
3.05443
1.85089
7.34986
10.6745
13.0106
4.70316
15.6392
8.10595
0.642168
3.21961
4.00106
7.67515
9.35951
0
4.26163
1.50534
4.47933
6.62546
7.20147
11.6754
1.39714
0.294993
0.855916
7.1884
6.06308
1.95712
0.0561831
1.69507
0.804032
0.0410691
0.324751
0.0178414
1.92779
8.52524
1.48147
5.67369
0.00434575
12.0527
2.85182
0.604706
0
0.00571842
2.33195
1.90546
17.7386
6.45599
0.0158702
0.541028
18.2803
9.64526
2.67466
0
2.98732
5.49708
4.55427
0
8.75531
3.2489
0.941994
4.79875
0.0305984
6.18474e-06
1.89001
0.00351185
0
2.70366
0
0
9.77436
0.000430395
2.44942
1.6018
4.0447
3.06286
3.54905
3.37553
2.77309
0.00167471
5.56522
0
3.11582
2.90671
0.00345061
4.07925
4.19882
0.991309
0.251193
0.531985
0.183392
17.5248
10.1095
1.59103
10.3097
0
1.94558
8.1321
15.4131
0
3.2347
2.72796
18.8586
2.26027
0.533035
1.27276
1.42089
5.61904
0.106121
2.61539
0.305372
2.18479e-05
0
0.163002
4.32349
1.83604
1.55132
1.12321
1.58191
0.00138901
2.00114
3.8321
0.140464
1.61664
0.0871789
0.604183
1.88384
5.0514
0.763628
0
0.720615
0.61628
0.00212352
0
0.00749491
1.04423e-05
14.8523
3.33332
3.14987
3.43494
2.87646
0
5.15451
7.65667
0.00299409
2.35954
18.6701
21.0123
19.554
19.5462
17.8442
13.3046
0.580893
3.37452
17.6508
17.8876
4.64125
18.9382
0.427323
18.5357
4.23318
0
5.52699
0.109855
0.0681809
7.61598
0.806133
0.0611967
0.142032
0.00081053
1.08423e-05
0.00400933
2.35217e-07
0.257041
11.8242
1.56616
1.58345
0.241581
5.06783e-05
1.13414e-06
0.0447562
0.939037
0
6.62464e-07
0.00797534
10.9082
2.53254
17.0446
18.4235
0.0632438
0
8.21222
4.55957
0.433405
0
2.3828
0.978735
1.44377
4.93802
0
0.0598753
0.1058
0.75484
2.19973
1.13636
0.100508
1.00391
1.38136
0
0.0802587
0.00665276
4.62664
4.88401
0
7.60905
3.79498
5.18023
0.0339952
6.6668e-07
9.04833
0
0
2.41956
6.08162
39.1813
2.73403
3.59391
9.1409
1.99992
8.24885
13.3166
3.04233
6.72485
0
2.37706
0.0227893
3.96694
5.50708
1.68441
6.74354
0.103903
1.3651
6.49326e-07
0.595287
0.00308247
0
0.76124
0.000225346
1.02877
0
6.18051
6.39425
0.348992
9.45543
0.060075
5.05294
0.256282
6.2859e-09
0.868001
0
0.000171124
0.000980253
3.22152
5.94096
4.73921
22.6352
3.21615
7.10641
1.00581
15.2115
8.99746
0
1.73485
8.0767e-07
0.193252
0
2.95729
8.25869
0.320532
0.0282451
0.367118
0
3.99866
1.6795
2.73168
3.80258
1.10444
0.136652
3.88634e-08
0.0438579
1.01866
0.0102539
0.148985
0.00150032
0
2.52339
2.66186
5.14041
3.54965
0.342241
0.633438
1.42029
2.09557
0.0606703
16.9023
0.000419473
14.1144
1.80067
0.568795
22.3663
13.5666
0.675002
0
11.5483
24.4196
1.69914
4.13105
0.00442855
12.4695
7.54109
6.14674
0.0726477
3.06259
2.55337
1.72951
7.01287
12.2685
7.95974
0.95883
4.45879
4.86551
9.68636
2.96397
2.13118e-05
4.67738e-05
0.927393
0.321588
0.0383291
2.55727e-05
2.45697
1.19206e-08
20.357
1.25075e-05
0.00109968
1.02515
1.43498
0.20348
8.63139
0.0798866
0.925236
13.7364
6.55281
1.35441
14.4059
2.79031
0.912567
0.0251065
15.3509
6.76172
7.02705
5.48662
0.0048034
0.0609192
2.72929
2.62826
0.219131
0.504928
4.8883
0
0.354999
0.719932
0
0.00039333
0.868137
0.0109598
2.40874
1.42092
1.97755
0.00198235
70.2712
0.044896
0.0357677
1.52611
3.95783
0.00721104
4.54806
7.45229
2.98992e-05
3.32944
12.4919
2.28133
0.911119
39.0498
1.07324
0.0807347
0.381887
0.0256996
1.77092e-08
0.0684741
1.30029e-06
0.00928295
5.29386
0.0982568
0.878678
0
0.0133717
0.404109
2.86841
0.150913
0.963911
0.0377761
1.37344
1.35764
0.219677
0
17.3469
0
17.2197
0.963149
1.33403
11.4182
1.21188
1.35176
1.82247
2.85055
0.000104833
2.89448e-06
16.3988
2.22212
2.20674
7.51659
2.45244
2.5213
0.848718
0.0532356
0.250257
1.12506
0.603367
0.597846
1.40477
0.261272
1.21636
13.805
4.69369
0.813894
1.03887
1.61765
0
0
0.860336
0.706285
0
1.2115e-06
0.219248
0.000469302
0.803062
0.256892
0.653678
0.0106927
0.34466
0.647665
1.31826
9.98346e-06
0.134175
0
3.65027e-05
1.01165
0.616086
0.00956919
0
0
0
0.00957403
4.0607e-06
4.96582
0.000323326
2.19552
3.46796
0.0200328
0
36.4353
0.641986
5.65391
0.0246122
0.618131
0.205047
1.14141e-07
0.713441
0.29362
2.56424e-05
0.0295342
1.56725
1.15218
0.816725
0.23143
6.39148
0.729561
0.870935
7.49145
0.00028357
6.29535e-05
3.54585
2.32855
0.500009
0.101501
0.0192836
2.39017
0
0.851681
1.52004
0.765895
0
0
5.06441
1.46588
2.31095
0.00337816
5.43087
0
0
0.217099
0
0.191655
0
2.5355
0.266285
7.81865
0.0833941
0
0.995368
0.0155881
0.00140343
0.024512
0
0
0
9.07495
0
4.71329
4.63918
7.57974
16.6816
0
11.1385
3.63333
9.72763
0.0243338
0
1.10596
7.13603e-05
11.4199
1.98831e-07
3.61816
0.00442657
0.00848017
0.403274
5.56004
1.31409
0.12085
0
7.88555
1.09671
4.12132
0.997513
1.13414
9.93843
5.8935
11.923
0.000433046
1.55672
5.51924
0.00925943
11.1793
9.34287
9.87683
15.5959
3.12807
4.69067
9.86044
5.38715
13.2205
24.0887
12.3029
1.87055
2.03942
0.366212
7.50543
3.44554
0.00376928
0.00510884
0
1.1451e-07
6.04438
7.24371
2.20351
2.39248e-06
1.41044
0.128024
0.000137314
2.51716
2.81274
3.71861
2.61099
3.53921
5.50129
3.78176
5.68738
1.65101
4.82705
0.801858
2.05486
3.81801
2.2632
3.43976
0.725889
0
0.00278384
1.82392
0.772267
0.627957
0
0
0.978481
1.21004
0.106108
1.14411
0.00916401
0.0412406
0
0
0.764149
1.25078
0.264195
1.15954
0
1.37853
8.65657e-07
0.243462
0.268937
0.535178
0.670215
0.124288
0
0.885444
0
4.79199
0
0
1.1092
0.682934
1.49917e-07
5.54971
0
0.558358
0
0
2.06857e-08
6.75476
0.0101357
1.55402e-05
0.00120695
0.16539
0.0502715
0.810149
3.80123
0.00335913
0.938965
0
9.79189e-06
2.88503
0
6.68783
7.15832e-05
0.179309
0
5.84448
10.9099
4.17752
10.1257
9.97901
11.9664
11.1417
19.6239
19.171
12.194
26.2446
17.6318
17.8377
3.87911
2.03972e-05
0.00442969
14.0906
7.32083
15.3576
16.5361
6.73195
9.60154
2.64058
9.30924
10.23
9.68931
5.19117
7.26997
15.6562
11.9801
12.7915
8.58018
0
7.64194
0
8.18045
8.8861
6.80483
6.26784
2.96656
9.07872
13.3883
5.02614
1.56796
2.96074
9.65628
7.25778
8.19544
13.5173
12.9865
17.519
10.1453
7.92657
10.8396
9.45473
9.03667
1.18816
8.79777
6.69469
6.82361
0
7.86016
8.62177
1.76863
0.872532
0.00369468
0
2.69293
1.60573
2.175
1.92191
5.75803
0.994784
0.879441
1.39404
0.719315
1.60197
0.493035
4.05499
1.24993
0
1.33152
4.80246
0
2.38051
2.50416
0.455072
1.27675
1.05711e-07
1.2764
0
1.82841
0.00302634
8.46376
0.601418
3.09783
1.7582
0.578864
2.81372
4.12515
3.90955
24.7184
4.95606
6.1699
5.30826
4.30454
11.0727
14.1766
13.0631
8.08915
10.9482
12.0352
0
7.11317
6.85288
5.80174
0
8.64849
0
3.85374
0.934629
0.181395
3.59962
5.0019
5.92571
2.05573
3.99314
0
0
3.42179
2.30046
2.12741
3.81442e-07
1.62656
0.0716668
0.13252
0.559387
1.17521
1.99991e-06
0.375716
1.01541
0.833292
0.00478973
0.442408
0.0361339
3.6945e-07
0.000529081
3.50327e-07
0.647164
19.4415
0.252456
0.00248948
0.450548
0.39744
9.20167
2.87515
0.0291542
1.20925
15.3607
8.91898
0.119977
3.37179
0.000937737
0.209399
0.139435
0.800985
0
2.93648
0.0550069
7.56468
4.08314
17.3405
0.333352
0.566621
0.078445
0.779541
0.00539231
14.5249
0.0177306
0.0787988
0.719985
6.87305
2.31396
9.20577
1.03975
3.51316
10.2187
5.73188
3.73802
1.2662
0.862938
3.44453
2.30093
1.18354
8.12029
1.37439
0.0373371
0.943432
0.962737
2.79
0.860421
6.85323
3.0238
3.80223
2.8938
23.154
1.66795
1.21938
2.01875
2.3976
4.26063
3.57638
2.87089
9.87418
0.0793233
0.445466
0.501034
0.0341218
0.587454
0.00915965
1.70541
7.6369
10.3669
22.2241
0.168974
13.7132
17.4563
3.05696
14.3058
3.38648
50.334
3.60154
1.20101
0.829958
24.985
16.2352
5.52427
13.8398
5.65188
0.479303
0.0199553
0.800207
0.73047
1.02863
0.843378
0.146552
7.81488e-05
4.67298
10.2756
7.88499
0
4.51123
0
0.0285234
0.00748792
0.000100078
1.05191
0.216389
0.644226
0.00674752
2.1593
0
0.267961
9.46312
0.387274
9.49774
4.81191
5.10976
0.580257
0
6.54085
1.25891
0
5.98307
2.55471
1.54271
1.30251
4.12362
5.62537
0.000228123
4.51134
4.88643
2.96428e-07
0
0.918307
0.0272658
0
0
8.8269
0
24.2258
7.42245
21.3851
0.651998
0.0455487
1.76505e-08
1.79823
0.00666565
5.38472
10.1383
10.1537
0
7.69312
19.5232
4.45547
3.42459
0.773044
0
5.91006
0
1.78445
0.256145
0.377035
0.0212226
1.35538
0
0
0
0.000257984
0.0359146
0.50987
2.03412e-05
0
0.242944
7.56105e-06
0.599527
0
0
0
4.13509
1.41723e-06
0.00279603
0
0.0677388
0.170917
2.15038
6.45412
0
1.7241
0.175567
0
0
1.34025
0.00190971
2.83773
3.02435
8.47694
0.961973
0.765186
0.338521
2.3527
0.736739
5.96205
5.22968
4.58732
1.00033
6.73695
7.93438
7.31914
2.19987
4.49131
6.47374
5.31062
6.21071
13.8244
4.03613
4.44714
7.58806
5.4856
7.39443
7.42489
1.23486
6.60526
6.55846
3.01302
1.88516
3.10937
2.5682
7.83119
3.99207
0.58307
0.723247
0.017906
0.968707
0.999025
0.0857404
0
0.112767
0.500846
13.1448
7.10716
1.05501
2.44775
0.428065
1.38719
0.842946
0.00865187
0.102094
0.000674176
12.1036
3.01947
0.578575
1.12583
8.008
6.31061
2.43413
4.23088
5.55015
2.3396
4.03864
2.16091
3.55629
0
4.01902
4.422
0.557621
7.09874
3.31623
1.4216
1.18298
1.52539
1.37708
7.34346
30.876
5.84051
1.26692
1.60734
1.4489
5.51606
13.2982
5.48668
20.7314
13.8083
8.59569
20.6928
25.4297
19.9457
13.7281
14.0914
7.56717
14.7529
9.34409
8.0325
14.38
9.3965
5.88658
0
0
1.57106
2.55451
4.77692
11.3703
5.37419
5.96118
8.35489
5.3401
9.25755
10.0793
9.22676
3.60801
4.80976
3.98094
0.992761
0.724224
2.30833
4.2773
4.66039
1.58002
28.9816
0.584333
2.13859
2.01096
3.55161
4.30051
0.465387
1.52289
2.65529
3.45901
5.89935
3.06653
4.44181
1.85221
4.24012
8.47668
8.67083
13.9561
14.3681
7.94271
1.7836
0
2.51405
0.086575
6.80485
7.05554
0.660838
5.65235
0.477822
7.35886
8.76884
4.26399
2.9062
4.0977
12.787
25.4402
28.2762
0
0
0.000583743
39.5736
24.3583
20.7119
1.0571
46.0331
0.807213
3.58709
0.315658
1.40957
0.0025287
2.60558
3.8697
0.760276
5.22644
29.297
21.9395
9.49101
3.30891
0
17.6293
5.0394
10.2336
3.32475
3.84983
11.1843
12.7213
11.8761
12.1774
10.3228
9.84611
9.14603
10.9539
0.747743
9.61119
27.5702
23.7508
4.99842
21.5577
4.96834
5.30053
7.58785
25.8733
8.52045
7.7669
9.7599
8.22264
16.7247
2.97026
3.8617
0
7.0902
0
1.76643
9.14658
12.6066
5.33762
1.79627
3.16611
6.23499
4.97641
5.23408
8.05917
6.00873
7.80992
3.78041
14.9528
3.91407
2.60117
5.92796
4.66208
4.7779
2.80584
7.41064
4.54865
0.705108
10.314
1.22002
6.14353
0.460776
4.40955
2.87801e-06
1.4763
1.13432
6.99956
2.82146
5.73718
0.34147
6.06358
6.7232
1.73733
3.00264
0.110867
1.69496
1.7744
4.43135
2.27713
1.30643
1.29119
8.7321
1.96999
1.64092
0
5.06083
0.340187
2.69513
1.01319
1.45826
1.20179
0.041721
0
0.476713
0.688127
0.827307
5.31976
1.48472
2.59241
3.6676
0.81917
3.46649
0.803258
1.85299e-05
0.0605884
1.77771
1.89996
1.42421
0.656031
1.41284
1.31318
1.83051
9.32651
0.456348
0.0352382
2.65592
0.999147
3.11111
0.267836
1.92785
0.00044683
0.103329
1.07821
0.00412155
6.57421
1.40451
1.84447
0
10.4932
1.41006e-06
12.3346
8.21971e-06
0.00033638
9.96558
0.557672
4.59506
10.4987
14.4513
1.7182
3.27752
0
0.189892
0
0.407085
3.24836
8.04519
0.633801
0.560694
9.02515
0.0401168
0.644408
1.00931
0.035071
0.491004
3.9682e-05
0.18611
0.183296
1.88741
3.41858
4.31306
1.70281
7.47606
1.00498
2.8621
3.28689
12.0958
2.96014
10.9278
0.0039258
7.21293
12.901
3.90399
0.855294
0.0819684
1.67099
8.67168e-05
1.64228
40.222
0
5.47608e-07
0.11151
1.26655
0.00198041
2.40753
2.43345
0.00768163
0.322894
0.809942
0.919034
0.751174
1.05856
0
0.886641
0.0216028
2.34205
0
1.02508
0.0019224
9.39957e-07
0.744147
0.0629867
0.175543
0.176561
0
2.04469e-06
0
0.495103
3.39134
2.36137
4.55441
8.80246
16.0134
4.58828
1.79256
3.11781e-07
0.597854
0.0420544
1.1213
0.996436
1.75861
2.91724
0.171654
1.70285e-05
4.28725
18.1964
8.46725
8.65511
0.668045
0.0529335
6.03789
1.74421
0.481926
3.4161
11.1791
3.21316
10.301
3.64876
0.38311
15.7852
7.34655
7.48202
8.46719
0.0818549
6.22907
1.73568
17.0663
0.00105814
49.5006
53.7615
1.63562
5.90107e-07
0.942645
1.10599
0
0.876055
0
0.599746
0
0.00625406
0.00138047
5.4999
0
1.25009
1.10709
4.75027
4.88215
5.42378
11.7293
8.81578
2.40816
2.48269
0
5.73723
6.56382
4.02752
1.16052
9.66032
2.54653
5.87829
7.55578e-05
4.06503
0.693856
7.89644
10.1937
4.17161
0.422871
0
4.21881
6.22326
21.5794
2.78345
5.98563
0.915351
1.84891
0.269658
1.84077
3.15707
2.27083
0.187149
1.01238e-05
2.32739
13.0984
0.68211
0.564373
3.8787
0.173314
5.28069
1.03241
0.118418
3.56552
0.137753
22.1125
0.309953
6.58297
4.44645
6.6703
15.4832
6.56952
4.02475
0.238154
3.13931
0
0.0229771
3.14868
0.027036
4.36144
3.66707
2.68569
3.66431
3.26081
4.19375
9.17385
23.5221
7.34925
8.02804
0
5.04466e-06
0.0476075
5.72861
1.53463
7.29251
6.50083
0.0237869
0
0.0369512
0.687111
0.231553
0.0230371
3.69475
3.29541
0.000111553
2.167
0.523664
6.92655
1.7795
1.83297
2.46193
8.20135
0.0799219
1.44022
1.92876e-05
9.99887
0.00862751
10.9847
1.06725
0.193364
8.93697
0
0.121672
0.103423
0.119467
0.789415
0
0.53416
4.3362e-06
1.23394
2.77466e-06
0.000148117
0.0484584
0
0.591924
6.99804e-08
0
1.2954
5.01032
4.80011
3.58294
0.00681626
0.0625963
2.7451
0
0.000637691
0
0.156277
14.5525
0.135989
6.0291
4.97204
8.61529
4.7476
17.022
11.6334
18.0695
1.35829
12.038
7.96213
0.176419
4.16464
0.434861
0.201945
0.0949676
6.82133
0
9.1135
5.15489
4.99812
0.11179
4.0899
4.56444
0.0331932
17.032
11.7329
10.5656
10.2844
0.943536
14.1154
1.55664
9.38504
6.43953
0.35051
7.71999
4.05173
2.10575
0
0.00647917
1.32599
1.93142e-07
6.36673
2.15092
0.980915
0
20.6712
15.9008
4.26993
2.38288
1.86839
3.13341
15.6262
2.89139
8.92619
1.89336
13.0459
3.44136
6.15164
7.91806
6.08742
0
4.27504
4.11205
13.6661
6.47107
7.40407
12.6553
5.05551
2.8717
13.1289
11.7992
5.74299
10.1585
19.3821
6.18626
18.1489
13.4252
4.63981
15.069
8.40081
0
7.45299
8.91147
3.40914
4.67917
15.3335
0
14.4518
21.0403
4.36465
0.137049
0
25.3656
8.77945
8.47349
19.4438
0.614715
10.7106
7.87304
3.71221
11.0471
16.5044
11.1553
1.18454
5.7259
11.2377
7.49275
9.52167
16.6991
7.75535
12.2371
7.84883
16.585
13.9982
0.998465
17.5998
14.1968
13.3596
1.22289
8.87273
17.6763
44.7045
20.6627
1.93973e-06
19.2166
12.4602
9.04975
0.000537752
4.79941
6.39939
6.89691
8.24283
3.13808
6.56765
10.0222
0.755566
0
2.28825
0.887126
9.91196
1.13046
3.17561
18.0593
10.0802
12.9975
13.8397
0.0333392
9.57294
0
8.57454
11.172
7.20739
6.94866
8.49026
13.3525
14.7702
30.4102
12.4307
11.5746
7.85912
11.2852
0.468366
10.7375
8.97149
9.59671
0.00318587
7.10341
4.09702
8.75196
7.50791
3.9229
13.5346
8.39802
1.6115
2.02493
1.93288
4.96321
5.75546
2.73357
1.91291
0.267071
6.35811
5.77581
0
2.49872
0.926802
4.17058
1.51362
12.937
1.31075
6.19162
16.3792
5.85595
7.20012
4.07824
0.431356
12.2349
0
1.67459
4.81043
4.57495
0
0.974166
8.19002
2.74495
2.8587
5.13174
4.7806
9.3821
5.51637
8.59651
4.98732
4.27295
7.16652
2.59983
6.80052
3.17911
5.3143
9.38472
0.116533
4.22091
9.91107
16.1054
6.45672
0.174852
7.74006
0.0366873
1.83709
2.57908
9.14195
11.1369
7.1905
20.3234
8.87572
5.91216
5.1309
3.29304
3.46427
7.98004
9.68167
1.75248
0.442684
8.24855
7.31359
4.41912
29.3125
0.0318534
0.541994
5.8036
1.32115e-06
7.63101
9.50746
0.00273888
5.86844
0.151244
6.81714
0.572796
10.4257
0
2.34562
2.81474
1.9091
9.44856
1.78662
1.91937
3.06935
0.004586
3.81609
5.86685
2.7122
4.47954
3.08301
0.161319
5.85451
0.724509
6.26073
4.01914
1.34213
5.73012
1.99763
2.81667
4.92135
11.7572
11.9527
0
4.033
0.377869
10.6421
3.47523
0.537961
11.695
1.90997
3.33016
49.8203
3.09297
23.3893
2.5542
7.75854
4.43708
2.39988
17.4348
1.38164
0.0182165
0.792055
0.130631
0.0308627
18.5331
1.89873
6.25292
4.58408
12.4923
5.79126
2.65325
1.34727
5.66315
2.09378
0.905763
13.6364
1.46065
27.9559
14.7481
0.941191
12.2746
0.304351
8.40475
2.69061
1.16218
4.12615
0.357677
3.07135
4.93973
3.51465
1.10577
0.0192603
3.59014
0
7.20097
2.58847
6.88491
0
0.0390629
5.97166
3.69009
4.1591
1.59675
3.43702
2.21641
6.21857
1.67015
5.04404
2.74945
1.17962
1.05566
2.47151
6.16954
1.62514
1.89104
7.32325
5.31939
13.8397
5.14493
1.4443
3.12458
147.16
5.55354
3.60428
7.6696
146.113
4.9823
2.94342
3.99065
3.08443
4.30148
5.25618
1.20795
4.9194
4.45331
3.51181
1.47434
3.06413
2.91791
64.5121
3.10123
18.0551
0.178379
0.000167228
9.87288
18.8505
0.617209
0
0.100263
0
7.00109
1.6053
0.860767
0.214852
0.770213
3.13645
0.422136
0
8.74072
0.127061
2.04978
8.04333
7.51785e-08
0
10.0628
1.61487
2.05948
0.000112561
2.53404
1.59057
0
0.523768
0.00328521
0.126867
0
0.252176
7.69955
4.02171
7.50435e-07
2.67798e-05
0.643274
0
0
0
0.000538984
4.14136
14.2689
7.62904
0.365194
7.25205
1.54005
10.5147
2.89415
2.78725
3.58639
3.0976
7.55085
13.4735
1.47242
3.61187
4.08148
9.8629
8.98886
4.28179
2.14076
23.4583
8.28354
19.8215
10.9336
6.97166
3.04638
9.40702
0
0.045407
9.73512
9.9224
5.8649
1.38633
1.6621
1.67283
5.2639
0.0074747
0.0529934
2.86598
4.10652
2.35422
6.67055
6.37565
10.3611
1.82747
1.51739
1.85706
2.874
4.84329
3.71211
3.13072
4.04927
0.557576
3.78869
0.169567
3.88919
0
0.000365066
0.62887
1.43004
0.108093
0.456449
1.30267
24.5452
8.10731
6.02472
0.37641
2.28632
11.099
21.4554
7.23486
5.93678
0.0310601
1.75066e-05
5.67937
3.36754
2.06199
6.46121
7.77608
0.772659
10.8728
8.49107
0.341857
0.0275584
1.22369
9.60904
1.7947
3.65166
3.19129
3.73407
14.3484
3.03402
2.13235
1.58729
0.00988774
4.17943e-05
0.374253
3.77484
10.2412
0.681429
0.0292666
2.76242
3.07583
0.693977
0.00969683
0.876708
7.05048e-07
0.0683436
0.167722
10.6294
1.00089
0.947371
0.860821
0.0273069
0.235485
20.7816
0.153281
23.7085
23.8891
0
22.4223
2.79684
0.52922
1.76197
2.54226
3.08177
0.0195966
0.663341
0.998217
0.00586371
1.34147e-06
0.0128182
0.051637
0.0177252
0.0483371
2.37314
6.24455
4.90019
0.720915
3.40043
0.802968
9.63154
2.10689
1.03254
6.04908
2.11113
1.27924
11.0356
21.1194
3.21096
7.36096
14.4264
3.00165
2.82396
5.96168
0.371089
14.5137
6.33549
6.26962
9.2744
10.9966
10.5902
3.48683
6.98029
15.8241
0.000136109
0.0122934
1.0168
0.0450688
0.684563
0.063163
0.00417455
0
1.96916
0.455987
1.80837
4.88608
0
2.25331
2.49819e-08
4.1889
0
13.6345
4.01135
6.68236
8.74907
9.63596
16.7845
4.26934
1.66826
0.0475858
3.49308
4.00852
2.04534
8.33538
4.61709
2.40451
3.01048
9.78775
1.21029
9.63416
7.14358
3.76872
7.07992
6.18022
4.57089
9.76571
5.07649e-05
1.67584
0
4.69723
0.00622205
0.355038
12.358
1.85225
0
9.86327
0.979323
6.49559
5.44767
0.154019
2.98078
7.50162
10.4757
4.90135
5.93324
14.0869
0.138847
1.96913
3.14495
9.05749
1.44503
1.4653
11.3556
0.42661
2.09871
2.12637
2.15938
1.83477
0.548282
1.84735
0.710373
1.9401
1.5286
0.8783
0.161431
0.886302
0.598123
1.69178
2.40731
3.2795
2.48696
0.90108
0.000116893
0.223745
1.48498
1.2932
1.66625
1.1562
1.64692
1.65829
1.5341
0.82323
0.0407622
2.08059
20.4604
0.686248
16.909
10.6449
4.29414
4.74468
12.3797
0
0.832935
0
4.8236
0
2.15187
4.60495
4.37806
0.32015
2.95602
5.6925
18.3092
19.5227
4.71061
7.73462
11.335
1.16806
11.7127
17.7072
0.829351
0.105744
5.9344
0.896584
2.15655
12.0519
0.0418074
3.84589
0.968563
5.8457
0.796491
0
0.00809902
0.448874
2.66438
0.0037822
0.767827
0.0680843
0.00298347
12.0462
5.51071
5.34392
4.46363
1.66
8.24252
8.01728
1.86706
8.27685
11.1162
8.85781
0.792911
0.206164
0
5.38705
1.15851
0.0206658
0.00308403
0.000291455
0.626749
1.5071
6.45687
0.0353652
1.36409
12.5629
1.33596
0.426502
0.372856
0.032479
8.8815
5.80028
6.59881e-07
0.0421614
1.01648
0.934607
0.0103525
0.568158
18.49
0.307159
0.963627
4.45429
0.00439491
1.86793
2.11062
0
5.78729e-07
0
10.1799
9.53471
0.0676031
0.162894
0.93594
0.0158199
3.69631
0.0247815
0.0626914
0.0131984
0.0034662
0
0
0
0.00500307
0.000631483
0.944869
1.16434
0.0259584
0.444281
0.129024
2.73265
8.00435e-06
0
2.89397
0.142052
1.54878e-07
0.286124
0
0.0914533
0.0243313
2.91392e-05
0.0202844
1.11127
0.012449
0.698248
0.214235
0.0177828
10.173
0
3.2648
1.19265
0
1.74083
0.108674
2.8019
0
0.0165439
0
0.379826
4.94882
10.9462
0.919219
0.187542
2.38417
2.87928e-07
2.24813
4.29048
4.76329
1.19509
0.488366
2.47264
1.9124
2.41468
1.59846
0.024674
0.679342
2.36625
0.00739707
0.00515755
1.14546
0.00282014
0.0162822
1.90301
6.03873
2.75068
8.76281
0.246717
15.3663
2.23701
1.96505
8.58344
8.90492e-06
7.98688
24.8447
1.64018
0.527014
5.43849
4.9457
0.0721079
0.487179
0.027399
0.138407
17.1157
2.68923
0.0860353
5.35495
4.20395e-05
3.92364e-06
2.11232
2.89286
0.00367845
1.94084
9.48787
0
9.32287e-07
2.43772
0.00785303
0.0357593
0.0981754
0.921389
0.813436
1.15407e-07
2.74437
3.55444
4.55787
0.000937318
5.35145
9.14504
2.16707
0.355004
1.68425
1.40918e-06
1.90538
12.27
0.35075
0.921463
0.00951368
1.59479
23.368
7.49711
9.86835
0
8.68984
13.9787
4.37173
23.7069
1.59183
1.03783
15.3847
0.925194
23.7772
3.40339
3.89303
7.4938
0.648662
0.102129
2.27652
0.0176269
13.9846
0.23776
0.573846
8.43236
10.3195
0.0166093
5.81311
1.24748
1.1368
12.7302
0.419111
10.1329
14.3273
0.0630581
2.11952
11.1014
4.91396
2.06113
1.33933
11.2491
3.79647
5.98256
2.98604
8.8285
0.911455
6.96119
5.78019
0.0220676
7.71868
0
3.26619
8.17783
3.38457
8.07621
2.14597
0.864387
0.0506799
0.376755
0.575081
2.85916
0.663825
0.478603
0
2.18928
3.90908
0.772715
1.61711
0
0.0452332
0.607157
1.862
0.167172
14.1174
2.12837
1.51843
0.00370895
1.15701
7.99869
0.0343351
4.42968
42.2727
1.7439
5.44276
9.9437
10.9425
0.00278361
2.07979
0.000670638
0.001543
42.6413
0.00172357
0.896615
9.63064
0.79533
0.0453691
24.3095
3.09852
0.267134
1.46064
0.432433
13.6489
0.103883
0
17.3401
4.45298
0.839288
6.31841
6.34847
3.89793
7.84993
2.19308
10.9653
18.0972
31.5948
15.5143
24.3053
25.2203
6.26504
3.89668
1.60497
7.02378
0.00086096
2.22948
8.27264
0.0878459
3.77612
7.06433
13.5967
1.29534
0.00731366
1.75485
1.89584e-06
0.925503
0.116078
1.00097
0.0578734
0.0936219
0.679052
0.051647
0.513543
0.000505705
33.2628
22.1297
2.3437
17.956
18.7332
7.70449
0.80463
2.32947
4.91508
0.992159
4.53766
0.433844
1.22757
1.87281
1.38054
11.4528
3.1068
10.2377
6.33734
18.1862
18.9078
6.46772
20.2854
9.00942
12.5223
6.58946
8.98779
1.10439
0.817873
0.00177549
0.000536435
1.65547
0
0.4141
5.86682
0.296959
0
5.88857
13.3401
15.3652
7.63096
4.02748
9.40946
0
0.113315
0.801478
0.191118
0.344904
2.54604
0.889891
0.00446142
0.0146031
14.7062
13.2851
15.3461
5.76497
8.35515
1.65188
1.03131e-07
0.0163833
1.07075
0.662955
0.0272461
2.44605
0.638169
6.49203
0.840346
0.0485578
6.76292
2.65275e-07
0.0868168
1.52781
3.73805
1.09322
4.1882
2.25496
2.21762
2.76819
0.82285
0.174611
0.86023
2.08299
6.33784
0
0.811538
2.90429e-07
10.3486
2.60148
0.560534
0.732251
0.109727
13.6484
0.000168024
0
13.8564
