17.293
3.24021
4.0748
0.131192
1.31205
34.1569
0
17.3632
22.7723
6.62564
15.5787
0.0450786
8.21937e-06
0.995215
29.255
0.659462
1.9686
14.1908
15.0902
5.80908
54.5089
0
0.000276342
0.00246792
1.05332
1.71689
3.04178
0.242206
1.81843
1.03224
1.04689
0
0.558999
1.32314
0.793529
0
0.320221
8.79713
2.17602
4.11058
7.61345
32.9507
1.28747
15.9693
1.73518
2.96578
3.2324
0.504562
0.00202324
0.995787
1.40847
2.11076
11.5829
3.00826
10.4188
0
20.8256
7.12756
0.62993
0.262686
92.4846
0.646043
37.7537
3.12462e-05
66.3095
0.0010788
23.5973
10.8065
2.64528
3.01888
11.6599
6.14251e-07
0
0
0.40201
1.53788
20.2558
15.2176
0.00212516
0.567299
0.00909249
1.02573
5.06288e-09
0.960524
4.29554
0.385963
1.52775
3.87089
2.79423
2.28417
10.9036
2.04432
0.00983214
2.89002
0.961469
0.457332
2.60494
2.01723
1.78781
1.32897e-05
1.46068
11.5704
2.53271
10.9034
0.0783207
0.0473532
0.289342
3.75391
0.454049
1.07686
0.209114
0.0287009
1.00626
2.36307
0.30354
4.3608e-08
1.14613
2.58019
0.610516
2.31178
3.09937
2.7644
1.44804
1.32921
0
3.41422
3.48885
2.03648e-06
8.87434e-07
0.532845
0.436225
0.295942
0.705284
1.40506
0.927344
0.595662
2.67877
2.18467
0.167316
5.98389e-07
2.72386e-05
2.12217
0.972343
2.19052
2.83681
0.388174
0
0.0507519
6.34807
20.2192
0.360003
0.352291
0.0142609
0.620021
2.43408
1.16617
6.48779
19.959
3.39865
0.690912
5.32309
30.2759
2.52067
1.68249
2.75412
0.877732
1.66843
5.12659
0.642228
2.16259
3.0803
2.01791
0.0335496
2.70963
0.647278
1.78981
0.304327
0.0169077
0.0972091
0.921277
0.0576446
17.8239
4.59992e-05
0
4.58151
5.97372
25.647
4.09012
19.4208
51.3296
19.6666
13.33
10.2196
9.08142
0.189452
0
3.57327
3.90921
7.1899
8.88462
23.6921
32.3742
18.6805
18.1455
4.73543
2.05965
9.33046
2.70005
19.6659
10.8485
18.4362
15.2818
3.88134
28.2856
38.0922
16.1016
11.9684
21.9307
20.867
7.13978
0.944284
2.49129
28.4589
1.02874
13.8292
10.4595
14.5317
10.1323
7.88199
1.08343
0.479588
2.36919
8.88912
1.5562
3.65855
6.58278
19.6389
1.25545
4.64026
3.16702
5.16113
0.541228
0.775793
1.69605
1.2673
1.81045
0.0374482
0.78046
0.785056
0.0468455
1.24825
1.11438e-06
0.462949
0.699061
0.161609
0.990506
1.12255
0
0
4.62767e-06
0.0170112
0.0254517
1.01411
0.0284569
0.825588
0.718058
1.19407
0.557621
0.00517363
1.6633
1.59923
0.0766748
2.46226
2.19213
0.951204
1.20221
0.275012
0.69641
4.68488
0.944532
9.57464
0.00227376
0.828465
0.20877
0.0101665
7.11688e-05
0.0161097
1.45931
3.74571e-05
27.9504
0.00151913
0.880995
1.54305
1.56944
0.855022
0.83526
0.974666
14.4312
2.38981
1.43508
2.29606
0.842252
4.33557
2.95241
3.42324
8.33141
14.1368
0.310546
0.219755
0.487866
1.79546
0.000485519
1.69908
1.97284
7.07253
2.89839
1.42259
0.201039
4.1897
0.882669
0.224362
0.87096
0.423851
0.942044
24.3947
25.5593
17.8039
0.0126605
0.0937347
0.101452
0.00954093
0.980128
0.0523171
3.90966
2.31397
3.97946
5.4977
2.00853
8.09352
0.566116
95.3685
0.476638
17.0317
0.257067
0.983998
0.18306
0.0370406
2.91803
3.57399
4.12972
1.48515
1.83234e-07
4.58927
2.01712
1.97577
0.264053
0.503483
0.0102544
0.228526
1.20124
1.60738
33.683
0.505678
2.91614
0
0.0228828
5.07682e-06
0.00232959
6.83554e-08
0.00969113
0.0037796
0.296278
9.50975
0.787407
1.61422
1.41285
0.00146856
0.469395
0.391106
2.14621
9.1672
0.372754
0.172664
7.77696
38.1926
7.85206
1.44171
13.2107
3.07282
1.74789
3.00497
2.9847
3.64588
5.52362
1.12133
4.46322
5.62572
8.50931
5.06446
27.5274
9.15091
29.3894
5.67663
11.0728
26.5553
9.47776
3.74446
7.48323
1.8857
0.292689
4.08374
3.03472
5.76473
39.6748
0.95104
3.00329
122.361
28.3059
8.12018
0.0410869
6.95156
0.320383
0.236542
0.560035
0.386224
6.81597
22.0115
0.654885
9.48456
4.15169
0.919006
2.49485
1.93167
8.14114
4.60757
7.96982
11.2697
0.501436
1.73344
1.40261
3.32444
0.990294
10.9368
20.5921
15.384
0.442994
0.0277843
0.0622796
3.33299
1.3788
2.29699
5.44524
61.6275
1.19622
6.657
7.90252
19.0354
13.1114
5.6404
6.67699
3.64117
1.52673e-06
0.996473
0.92649
2.04914
1.36671
1.04481
1.18673
1.92585
0.808051
1.92248
1.29916
0.85517
0.00011597
0.551274
0.57478
2.43274
1.77087
1.81217
1.53395
10.7254
1.89354
4.44003
12.3625
14.9526
7.71842
7.05204
1.69013
0.693103
2.85219
11.8151
34.5646
9.26255
1.54487
0.0511424
15.9753
0.332246
0.011566
0
0.035619
12.2827
80.5315
18.241
7.93614
48.6196
13.0132
3.43004
20.8665
2.63398e-05
6.70129
5.26117
6.18489
0.848822
17.8915
14.7153
11.4466
16.6488
0.131651
30.3694
5.42786
1.81116
3.04248
6.57537
0
0.486191
22.1149
0.00517504
0.83835
0.0664485
1.0514
1.7261
13.5925
1.91375
2.8541
1.09904
1.21562
0.0830313
1.22045
1.30987
6.00835
1.26441
0
4.02003
32.2213
0.936549
0.811655
1.17279
0.521816
4.08885
6.50028
20.9065
12.4934
0.0207414
19.5185
0.240964
6.74936
61.2897
24.3141
27.7476
48.7916
8.97309
3.05092
1.0796e-05
11.3252
0.99832
0.00712655
5.07154
0.00790678
2.87327
0.830475
1.99267
15.5336
1.14156
1.16016
2.1761
0.600861
0.846731
12.0025
10.0735
1.1865
0.0758195
2.12098
0.0013439
4.91714
0.660111
2.38735
10.5265
1.02495
2.93473
4.03324
2.51954
0.464852
11.3293
2.40754
13.5581
27.6619
16.614
0.594604
0.0437323
3.10071
19.1431
53.0299
39.503
0.357072
8.45194
37.0152
1.07288
0.000735011
2.29091
0.409933
0
0.881337
30.7925
5.02446
2.9437
0.922966
0.706291
0.271619
6.35581e-05
1.24357
0.0320474
2.51603
0.99641
3.79327
3.65484
0.357353
3.67218
0.0833544
0.486514
0.0462486
0.0468211
0.305404
0.00271923
3.531
27.7973
2.24542
36.478
2.71414
4.89656
0.64006
9.7078
1.73997
3.37758
6.84204
0
0.973572
0.109845
3.18997
17.0498
9.85364
0.398708
8.88832
0
5.67365
0.932942
5.8771
13.7269
0.539479
0.838557
0.0949445
0.960567
0
0
1.32173
0.435819
14.1131
16.8276
25.3994
23.3492
2.67313
2.07363
4.51388
12.6208
16.0364
20.5322
0.359909
3.20042
0.176968
9.33347
12.0421
1.15775
0
21.1954
6.18787
0.973225
3.27573
0.000620969
1.13937
0.362325
0.766579
1.23422
4.5055
3.2448
3.94654
18.988
0.669217
0.066882
0.995913
0.550772
0.293889
0.0581957
0
0.0779235
1.18727
0.0218636
23.9581
0.630327
2.14018
3.23175
0
6.96606
0.301713
0.994513
1.58997
50.2673
7.26241
6.54105
3.02947
5.73734
9.53264
9.44575
29.941
24.6027
22.9239
21.9869
0
2.72824
62.4638
2.33444
0
4.58802
0.0401765
4.58114
31.5531
10.436
9.29685
7.47277
7.95921
6.82705
0
0.00213071
2.24468
4.82586
0.964064
0.0201842
4.65767
0.899999
34.4
0.515732
0
0
0.022343
3.68582e-05
1.01876
0.00238007
0.219983
10.0405
2.43906
0
0
0.00699702
2.92945
1.8029
0
4.1286
6.631
0.00618715
23.5165
0.53012
0.188467
12.8954
1.58518
11.735
0.00371836
2.33281
3.59337
0.372294
0.000571612
0.0048809
0.0125686
1.74688e-05
0.154594
0.00247775
0
0.0661487
7.32415
4.59568
3.31338
68.6209
5.93906
4.85715
10.4638
1.3725
2.43744
0.988753
4.04481e-06
19.7154
0.413313
9.57492
3.85198
3.41826
7.41606
5.95164
0.86263
0
20.2606
0.404637
4.01372
0
0.76622
0.346046
3.32503
4.92229
0.132165
0.501689
6.80191
22.9098
0.00020168
0.0771103
0.571786
0.5815
2.31668
0.101274
0.289784
0.932371
0.0713595
2.58844
1.84832
1.71933
0.319429
2.04909
3.18398
6.24855
6.13723
4.99339
1.08071
6.38752
0.440035
1.89889
3.34209
15.647
2.63188
1.0303
0.725824
2.77891e-06
0.792225
4.64786
13.5852
1.70815
6.61863
0.000400525
6.71807
1.12724
1.71766
0.0127018
3.52952
0.311848
2.41616
11.1539
0.08459
0.0648547
6.16817
2.24396
0.018998
1.35169
4.07972
0.941691
0.000111221
3.63015
6.22622
7.57436
1.38898
0.231917
6.57214
0.0454309
31.6873
0.0203689
2.50554
0.178427
0.145336
0.0348661
0.883354
0.982039
0.0210333
0
5.24853
2.12738
3.12739
1.0074
0.000289824
13.9758
9.25339
3.5145
2.22328
0.644338
9.15659
0.6219
2.89291
4.09185
3.17473
7.27449
3.87914
31.1257
0.0727498
6.87762
3.77252
1.05305
1.61893
2.77603
0.0319864
6.74154
1.66277
6.67242
3.62202
3.50902
15.1677
0
8.35216
1.75607
0.00154203
0.0919421
0.000163291
0.0536974
34.4812
0.0743237
0.917356
0.285777
0.881736
0.581855
0.996321
0.81597
6.08911
0.463949
12.0479
10.2759
0.680075
4.18941e-09
0.595677
0.654714
22.1108
2.23585
4.45868
41.8279
0
0.00114872
15.9661
0.0039222
2.90988e-06
28.0256
25.1172
14.5139
0
4.81238
68.579
0.00323477
2.75677
5.65197
18.3094
0.646727
0
24.1751
0.00256778
0.879178
0.00876531
13.7189
1.27561
0.854333
12.8315
4.73645e-05
0.892572
4.39143e-08
6.51143e-09
28.7588
19.4786
0.28681
2.27676
17.1965
3.33368
7.99361
0.0971758
0.00136917
0.402849
0.122068
1.83918
0.775551
0.453322
0
3.79193e-05
2.62603
0.0337122
1.78164
13.1292
0.00640026
0.911318
0.692338
2.12374e-06
0.451699
1.84623
3.44729
5.02699
10.241
5.0317
0.00526549
0.592317
2.21715
0.00248719
3.39146
2.13387
0.241851
0.0100819
0
1.28416
3.14553
4.95678e-08
0
1.51544
2.1656
1.96421
6.14765
0.0502694
0.013823
1.14138
30.3211
37.6289
3.21587
2.43816
0.027377
1.8208
0.00116567
11.3172
0.797495
1.77263
2.29632
5.20769
0.0656903
0.892616
7.05144
6.08015
0.0523906
0.888379
0.0870816
0.917053
0.949426
0
1.86066
14.7435
0.000402896
3.38669
1.57448
7.36473
0
12.8463
13.1219
5.00771
15.1016
0
2.89424
30.3116
10.9522
0.826174
0
1.70171
2.12605
12.7819
7.39519
8.33044
1.77859
1.0031
1.44559
9.58613
23.6071
8.26408
29.561
0.0578228
67.2254
1.25446
12.2012
147.286
10.9502
1.47968
0
0.0471346
8.60017
2.61059
0
16.0123
2.95552
1.82771
4.0702
2.1084
5.54239e-05
23.1772
0.803227
12.022
0.0029948
0.000313108
0.929545
1.94889
0.738668
21.8617
7.11516
12.7095
10.5205
2.33241
1.36542e-07
0
6.89361e-05
3.51556
6.05926
5.52889
10.9388
3.11415
2.24955
1.13733
0.349082
0.640229
8.66008
8.36101
5.86466
4.70935
22.2514
0.860552
1.58912
0.3283
1.31308
2.4931
2.51428
1.61212
0.0714364
10.5186
0.00794239
1.54221
2.13836
6.06388
13.1726
9.34117
5.0305
11.7456
15.3356
2.34109
3.85047
0.236029
5.251
10.4273
0.281237
0.0510013
0.838434
2.25135
4.47134
5.65399
13.7625
0.815482
0.114607
0.487165
5.92739
15.6988
1.13221
0.812899
1.16648
0.0140028
1.12393e-07
0.856323
0.15299
0
1.42571
0.0492261
0.689352
0.247441
1.28783
1.00719
0.0439369
0
0.0832561
0.877802
3.04732
15.3334
5.82735
0.488322
0.00884494
2.18435
8.90028
2.70834
0
6.7192
4.61486
3.03956
0.0218314
6.62944
1.44521
0.094637
0.735949
0.0439353
0
2.32438
0.00686204
0.158678
0.0489766
0.0024574
0.037898
2.35114
0.0170884
7.1433
1.96007
1.73041
1.0763
0.660981
5.40662
1.55429
0.158399
19.3959
0.14336
0.89117
1.84526
0.000983124
1.40424
1.35193
0.512953
1.23849
1.14681
0.238226
31.7486
18.3296
1.61206
21.485
0.00740019
1.07994
10.7855
12.5731
0.335974
2.50609
3.81364
12.8263
3.01811
1.46533
1.0569
1.92154
0.192861
1.46207
0.86103
0.0402312
0.897304
0.0472481
0.896362
3.8471
0.916393
0.89885
0.938932
0.49722
0.668759
0.146281
4.58652
0.766372
0.754226
0.116081
1.96245
4.03534
2.43316
0.556527
0
0.123579
0.35295
0
0
0
5.24066e-06
72.7449
2.75481
1.8227
4.05844
3.29294
0.45577
5.54762
9.71689
0.134154
3.94969
9.65918
5.62324
15.2473
15.6349
10.162
11.3201
0.359336
1.88887
13.3349
13.0945
5.58797
9.27347
0
6.30276
2.80442
1.52486
3.81371
0.00725809
0.0247014
3.05042
1.32922
0.0280025
0.000435489
1.90572
0.000868364
2.56713e-07
0
0.000591865
22.3415
1.85673
0.845963
0.0471543
0.085081
0.0431343
0.428515
0.0710529
0.0249993
1.01102
0.0321748
2.49477
2.49839
30.9414
23.5878
0.990116
0.612507
11.64
7.26918
3.6434
0
24.5566
0.981253
0.103198
5.41744
0.188087
1.10331
0.0533004
1.1387
0.634913
3.00461
0.709775
0.715981
0.896802
0
0.0603966
1.52507
2.92782
8.37392
0
4.79323
7.69885
3.22363
0
0
5.20765
0
0
0.0823575
5.37374
7.75645
2.18882
3.56475
12.7154
0.743795
21.0048
26.8702
0.37304
7.91415
0
6.22069
0.409556
9.68949
21.1182
6.2696
7.8151
0.277904
3.14541
0.0387229
0.011997
0.41179
0.235938
0.666735
0.753577
14.9379
0.048633
0.56196
1.86455
0.00561877
17.4018
0.060075
4.1366
1.27271
0.0893583
1.90513
0
0.689705
0.150705
2.40935
1.28263
3.33117
19.5818
2.03063
5.93079
0.394135
5.78246
23.2755
0.0020458
4.60729
0
0.151016
0
1.81654
18.5185
4.27472e-05
10.6708
0
37.5953
0.754222
6.15389
0.490234
0.754847
3.38493
0.00514265
0.00991415
0.0108969
0.0333728
3.49148
0.908524
0
0
3.48591
2.88656
4.0537
9.40456
1.49603
1.69828
2.70266
5.07808
5.04864e-08
94.2534
0.0242297
6.73572
7.71394
0.0318058
33.7331
46.4951
0.023321
1.13034
41.2163
58.9089
1.87506
7.11869
1.12166
2.28792
6.02149
7.06448
0.00468837
1.71929
9.55062
0.6691
6.90557
18.1948
10.3903
4.08453
9.35124
8.54708
20.6948
1.3427
0
0
0.898631
0.729425
0.874369
0.0196666
2.552
0.848386
22.2695
0
0.395913
0.218609
0.770566
0.0214436
15.0296
0.068643
0.0377784
5.90529
14.3943
4.95539
16.2196
10.4012
0.325685
0.660341
7.67211
6.94811
22.4568
5.59721
0.917152
0.0280557
2.32437
1.49113
0.526616
0.114857
1.78845
0.789223
1.89304e-07
1.57164
0.00472763
0
0.0732308
0.278934
2.93377
1.12353
4.66502
0.000226518
15.5756
7.1741
0.200308
0.464355
2.5418
0.48497
6.96553
2.63649
9.1785e-07
3.72404
12.1506
1.03718
0.747455
17.4786
0.213832
0.162383
0.000433695
0.0804743
0
0.000103308
0
0.321004
4.71745
0.875065
3.39015
0
0.0681666
1.73534
2.46836
0.0554039
0.786035
0.115547
0.518674
1.69275
2.92572
0
50.3583
0
31.3677
0
0.933481
11.2798
0.388106
3.39008
0.469166
4.98386
0.0520936
1.09456e-06
22.3462
1.95497
1.71729
2.68773
1.15095
4.68273
1.01163
0.0580892
0.82231
2.32568
3.12567
0.797015
0.00898872
0.733729
0.00674456
9.38332
3.03779
0.000777089
1.40275
0.520153
0
0
0.0222264
0.809845
0.273197
0.00049337
1.80711e-06
0.0464087
0.0131649
0.767594
0.357884
0.514256
1.69891
1.01183
1.01963
0.550482
2.71647
0
2.92843e-05
0.154849
0.933677
0.742928
0.0795749
0
5.75982e-06
1.33571e-06
0.000224755
3.41736
0
1.42326
1.61117
0.00324073
6.88294e-07
21.585
0.0421849
4.08678
0.891994
0.104987
1.64974
0.911371
0.542716
0.0499623
0.0148661
0.228737
1.15738
0.781243
1.62986
0.150857
1.70972
8.82036e-05
0.0241507
7.10772
0.00594891
1.8873
7.5085
0.785955
0.00113803
0.933547
0.825832
0.861506
0.745351
0.0107365
0.311212
2.9409
0
0
3.35691
1.18107
0.268778
8.26935e-08
8.31308
0
0.646158
2.05665
0.189358
0.721925
0
1.12972
0.0279557
9.42578
0.0552804
0.0591225
0.0782761
0.000406948
0.00079638
0.00207656
7.5718e-08
0.258603
0.0198458
7.06889
0
11.3716
7.49337
1.73599
30.2716
0.269103
0.964043
1.16763
4.81816
0.829026
0.492547
4.38361
0.00501902
4.60851
0.94056
1.37926
6.47496e-06
0
0.140385
9.10085
1.487
0.974721
0.956541
3.48652
1.18968
0.261184
0.885998
1.25649
14.2094
0.861122
11.8481
0.177775
0.563
5.33141
0.0107733
5.17679
2.49497
9.42374
34.5869
1.23224
3.18025
14.6706
2.54304
62.2317
60.2727
20.076
1.59037
0.0775057
0.20297
5.55339
0.879386
0.00636368
3.92436e-06
0.650103
0.0425851
1.80647
4.24787
5.04039
0.416688
2.85849
0.176473
0.162913
3.68232
3.61799
2.97786
3.48945
2.69448
4.91292
11.8214
15.7166
3.83781
4.52943
0.0117155
0.813012
5.87895
6.7187
10.016
3.4047
0.366116
0.0395604
0.936694
1.07517
0.0223266
0
0.365706
0.909798
0.0819694
0.263456
0.935843
0.173046
1.12722
0.910664
1.88778
0.0242319
0.937745
0.0894197
0.887815
3.0399e-08
4.51722
0.0415978
0.397709
0.236259
0.778429
0
0.548825
3.04474
1.3361
0.731907
5.90184
0.559461
0.000548287
0
0
0.532326
0.920285
0.0145779
4.54083
0.662071
0
1.01123e-07
1.91482
0
0.827294
0.0248057
0
0.177619
1.23777
0.531089
0.000547136
1.45342
0
0
2.04106
0.208939
6.57774
0.00321115
1.00171
1.33371e-07
6.71928
14.6396
1.02169
26.007
19.1514
26.1256
58.9808
42.4965
55.5757
38.9602
81.1332
20.4939
21.8733
12.1559
0.219997
0.0501386
13.0717
5.04841
17.025
19.5056
9.7684
7.13609
5.03759
8.51515
10.1707
26.5497
2.51673
8.44211
12.494
8.31128
21.7137
7.51313
0
15.4993
0
11.182
16.9015
35.123
10.4354
1.36933
7.54867
12.0022
4.56343
0.495701
3.86688
1.06019
0.624605
3.0802
44.6577
16.3074
6.97392
8.82243
12.4183
11.9864
2.44728
20.1402
0.872981
8.32828
9.65889
10.5279
0
3.83714
2.47181
1.06607
0.00582028
1.58061
0.116339
1.03235
1.36746
0.653655
1.80709
12.9371
0.264206
0.0109041
0.453015
0
0.346382
0.309371
2.47396
0.0550056
0.843665
0.929477
5.49081
0
0.312414
0.772053
0
4.12107
0.0320228
0.170091
0.109537
1.86024
0.326113
6.80724
0.0476207
1.77345
0.887476
3.22168
0.827647
8.73563
2.18327
50.6486
10.8811
9.12169
4.74935
5.32375
18.019
8.56482
7.30138
1.21114
16.0051
3.31737
0
1.60661
0.600159
2.48914
0
5.46718
0
0.657674
2.15317
0.247841
2.174
3.22257
3.53773
1.10825
3.25335
0
0
3.1963
1.28089
0.0687199
1.47348e-06
3.39034
0
0.101003
1.91286
0.132152
0.026611
0.216219
1.39012
2.18284
0.056811
0.0626218
0.016874
0.000217617
0.308061
0.484445
0.0115648
70.1863
0.309237
0
1.22513
0
4.14858
5.12252
0.394711
2.82953
12.2083
12.2556
1.31083
21.3731
0.103851
1.18309
1.57434
0.275108
0.500793
2.76719
0.351961
0.671175
0.7688
18.6442
1.2178
0.89481
0.530469
1.47536
0.0117058
15.5007
1.28339e-06
0.568647
0.951166
5.42434
0.873502
7.02421
2.87955
0.823812
5.25467
16.197
7.21762
0.0306441
5.30661
5.48035
0.734715
0.550695
24.8693
0.249978
0.0120203
0
0
2.33841
0.250404
13.2178
6.86807
10.5723
1.60455
41.0657
0.00678558
0.00607648
0.542258
2.7528
7.01811
25.7836
39.0662
86.2704
2.72185
0.0572483
0.748402
1.99626
0.862842
0.0322117
6.76458
4.08633
18.4653
15.5922
0.831481
15.5565
10.2212
6.0003
9.87967
1.12642
72.3984
3.23369
0.707217
1.62623
9.40294
1.4491
14.6879
8.75858
6.10191
0.87115
0.710219
0
0.00291091
1.94812
0.182116
4.90005e-05
0
6.05363
6.09007
9.52887
0.439406
1.0608
0
0
0.0211731
0.572792
0.036407
0.0270396
0.91334
0.994247
4.64674
0.301508
0.979447
14.5737
0.976564
8.54385
1.48213
3.0427
2.25669e-05
0
6.55074
1.58238
6.3057e-06
26.8065
4.0943
15.5809
0.605093
2.5049
0.647421
0
2.1251
3.84237
6.01751e-06
0
0.0146165
0.770605
0
0.000851227
1.37161
0.00721418
8.18978
2.07083
17.0259
0.000458879
0.0917981
0.00185059
0.657439
0.828027
2.5354
6.94743
12.8859
0
1.27045
6.46867
12.8658
1.71615
0.0876535
0.850082
13.6284
0
2.33847
0.657138
1.08884
0.0149874
0.549074
0
0
0.00418824
1.63682e-06
0.111002
0.184285
0.388405
0.870174
7.29822e-08
0.00594529
0.184266
0.884643
0
0.0696655
2.6283
0.178292
0.0206491
0.0609358
1.89514
0.00096981
6.21292
2.57324
0.623192
3.54404
1.50427
2.60752e-05
0
2.20749
0
11.03
3.09015
3.14106
0.27251
2.53453
2.20373
1.78778
1.15404
1.4856
2.27429
1.75579
1.68957
5.81115
2.81129
5.5102
4.67814
6.98289
4.05515
2.80487
6.65029
6.06883
3.89173
6.23449
10.1316
7.49504
2.38529
2.2849
8.25774
4.76731
4.78492
2.58075
0.375479
1.42979
0.0920144
2.11783
4.87819
0.0192455
2.57041
0.867035
1.02995
0.0181759
0.000180924
0.0150755
0.198279
0.507209
5.25856
6.43197
0.478634
0.878001
3.11599
1.54174
0.030679
0.0657082
0.586958
0.00193124
9.04242
2.25642
1.24427
0.262994
24.9325
10.1849
1.51261
13.0483
7.86453
2.88615
5.02317
3.20806
32.5307
0
9.87346
5.60092
2.6208
2.64584
3.65364
20.7972
21.4128
6.76302
2.22997
7.31538
51.8652
6.17653
1.39064
2.03648
0.13806
11.4672
26.1197
13.6191
33.7381
10.0388
20.2594
13.2546
18.1632
9.28424
4.76922
3.43347
6.5736
24.3534
17.4031
13.5144
12.5506
3.47047
3.33175
0
0
0.0653064
1.77674
3.3896
16.8407
7.92059
6.87656
8.19852
7.63043
8.77958
8.069
6.49541
5.69064
5.97252
5.97619
0.671148
3.76876
4.28266
2.78703
2.14108
1.91531
45.4124
2.07639
1.27459
2.6974
5.57442
3.1909
2.30265
10.332
0.740126
6.23736
2.95384
6.58024
9.06009
4.22305
1.6595
15.9901
21.2451
56.6731
10.2653
25.376
10.0554
0.00421192
2.9873
0.913086
2.98305
4.4152
3.52763
14.1843
0.0235362
16.7338
19.8605
2.57904
3.09145
2.95239
7.26042
7.68346
13.1095
0
0
0.00328817
114.286
98.1683
55.4281
3.19925
92.9745
0.941352
6.32927
1.73862
1.33772
0.204119
3.30097
1.69377
0.739575
7.91587
9.58008
18.9278
5.97413
4.49588
0
20.2165
4.09592
6.501
1.76648
1.44972
3.18572
6.83491
4.31785
3.7177
11.0422
3.96677
13.4311
11.8488
1.83838
11.2767
21.0812
34.0659
7.68599
20.0784
5.27438
6.4321
2.71583
35.0529
2.90629
10.8941
9.10212
8.82382
28.7259
4.67521
2.57322
0
2.0464
0
1.36066
5.09114
6.86515
2.21093
2.53631
1.80075
4.89163
7.31302
3.01343
6.5699
4.10056
9.61851
3.39358
19.1313
3.20498
2.56721
3.02939
6.82702
4.57736
1.88818
5.88301
9.39627
0.769035
9.76648
2.14408
10.046
0.0323123
10.403
2.87801e-06
1.19257
3.56222
2.08282
4.52959
0.909761
1.89841
5.45065
8.39777
0.439064
0.981866
1.80213
2.48314
1.42981
2.92495
1.41878
1.01815
1.12104
6.1048
0.139639
0.00945298
0.943938
4.6503
1.27847
1.62951
2.9455
2.398
1.80301
0.188986
0
3.61427
3.13572
2.40088
9.64068
0.416034
1.77738
1.47338
1.79263
2.7255
1.08377
0.0521744
1.69001
1.66734
5.7307
1.4683
1.23979
2.83976
0.193156
1.33948
11.7959
2.02633
0.0440123
1.38722
1.68253
9.95335
4.4278
3.27833
0.980257
0.628432
1.99901e-06
0.258472
7.02045
1.7108
5.04593
1.36727
11.9651
4.34792
11.1785
3.73424
1.63512
9.48456
0.00768092
18.5579
9.50363
45.6468
0.0212273
2.9351
6.07744e-07
0
0.775223
7.25117e-05
3.91354
11.3512
4.71567
0.17607
7.76501
0.166531
1.02012
1.34261
7.05671e-06
1.26571
0.879144
0.889247
0.880405
5.32036
9.92629
13.7886
0.668525
19.4358
1.71201
0.165289
6.17036
15.3226
1.22372
1.23979
1.1219
8.57174
16.7563
10.8909
0.0116436
0
0
0.107182
2.95277
35.8069
0
1.03432
0.00786147
2.07002
0
0.000482487
0.124831
0
0
0.0748463
1.43583
0.701954
2.85097
0.84576
3.83607
0.000551162
2.07994
0.00728764
2.40922
0.780446
0.00125842
1.15804
0.263078
0
0
0
0
0
0.518935
5.78798
1.18723
3.26918
14.3351
9.76587
4.1909
4.21934
0.623177
0.0171001
0.742915
0.0762717
0.97054
1.79461
2.03489
3.73889e-07
0.000504598
4.05038
7.80374
14.1312
8.1096
0.157677
0.0049498
1.61426
2.65822
3.0631
14.7522
7.90187
5.3203
12.4936
3.65553
0.000224328
13.282
9.56499
4.26606
6.20217
0.0381852
15.4869
3.4072
146.619
0.000100392
82.1019
51.5657
4.26158
0.0336899
3.04262
1.9495
0
0.0530348
0
0.556747
0.133105
0.184876
0.0273359
2.60343
0
0.75513
2.47975
6.62168
3.09691
2.29587
6.68773
5.55418
4.85323
0.374479
0
8.89538
5.5055
4.6864
1.2757
4.70711
1.61019
3.99366
3.07781e-05
2.03792
0.820791
3.02227
3.57401
3.91206
0.0261423
0.982984
1.10618
21.0338
65.608
1.98939
5.00402
0.759451
1.29646
0.00557235
1.54073
2.07213
1.13144
0.137165
0.0184847
1.59423
3.16078
0.37207
0.901703
0.852252
0.169568
0.0117733
3.01496
1.69577
9.91477
0.274004
32.9293
0.000816227
3.97454
10.2116
21.04
6.92817
12.4219
40.4578
0.971611
0.599804
0
4.89558e-05
1.9097
0
0.0418462
0.904615
1.26976
0.0742094
1.6918
5.54446
9.29053
36.726
5.43334
7.10984
0
0
0.261673
3.8049
0.445755
6.29181
6.38905
0.0297048
0.0502661
2.8089
0.636704
0.0489025
1.5833
1.7977
1.11577
0.0613564
1.5078
1.24911
2.74366
41.9411
7.29819
5.19903
27.8239
2.08429
1.03902
0.883818
107.67
0.00733927
76.6357
1.95243
0.87276
30.867
0
0.00771096
1.93786e-06
1.45017
0.544196
0.591005
0.22084
0
4.42775
0.155867
0.293187
1.34583
0.323205
0.0230963
0.193771
0.65039
0.760682
3.41876
2.97368
1.32698
0.00278761
1.44981
7.03653
8.29382e-06
0
0
0.0194691
10.5764
0.0491202
5.3595
10.0108
15.6324
3.90762
41.1875
8.56294
22.8314
1.53928
6.43477
5.08425
1.40957
2.84184
3.20873
4.37157
0.980228
21.2589
0
9.55357
6.60287
1.63946
0.354148
1.7211
5.01433
3.16825
15.3021
10.4114
3.38119
6.27228
2.48737
12.2352
0.733474
2.28719
5.66786
0.896575
8.36075
9.93433
1.82889
0.157618
0.874618
15.7799
0.29413
8.72908
24.8183
2.18243
0.00109243
76.5333
40.9986
0.138795
1.45593
0.289753
11.8807
10.0851
0.124421
7.19955
2.70932
5.31262
1.23646
7.09437
4.13438
3.47164
1.07053e-05
5.12472
5.3843
24.9311
7.88411
7.43831
11.558
12.2054
11.7331
5.00344
14.1539
6.66391
9.86418
16.1169
7.51366
50.5204
8.26122
5.55701
15.4787
2.93127
0
4.43742
23.2846
7.70111
3.32414
17.3751
0.0534364
19.6372
49.9866
0.003141
0.000847364
8.73616e-07
39.0492
9.86062
13.5094
24.9701
1.4776
16.2423
14.8309
7.91112
5.74642
27.4132
15.4728
3.68184
27.2258
24.2645
5.10756
12.4777
46.6391
4.65739
19.9191
9.69126
21.7698
32.2734
0.293623
24.6964
17.9868
8.25855
7.31934
9.75187
25.5192
87.4862
25.881
0
14.6003
13.8734
13.621
0.00378408
10.0775
9.34649
2.28084
18.1245
3.69302
4.93315
6.38235
1.13947
0
3.05721
1.26335
5.66142
2.05594
2.88383
6.81793
2.78335
12.0621
9.88668
0.952053
7.92159
0
4.67481
3.25554
1.29852
5.48997
2.3936
22.4442
8.49082
61.0311
9.57554
5.05761
2.76745
5.76389
0.832655
3.8525
9.90774
10.0763
0.0923426
9.99468
6.8717
7.6466
5.69653
2.59545
9.16534
3.03066
0.928272
1.53078
0.899096
3.78667
2.49962
4.45313
0.190871
0.00546546
7.61412
4.30822
1.28503
5.15734
0.105289
1.33925
1.36637
11.9315
0.96951
4.5587
10.256
5.65057
9.61815
9.8187
0.0430305
3.60858
0
0.98387
0.769807
5.92353
0.0323608
0.366524
11.3287
2.46778
1.3371
3.47363
7.64888
10.1851
12.7507
9.62218
3.1977
3.36664
7.34729
4.11245
10.6162
0.842897
6.55877
10.406
0.263209
3.34522
8.76108
4.34025
0.364451
1.50552
5.4036
0.0226474
1.71114
5.53323
9.58197
3.66301
6.31455
15.8301
7.01178
3.48507
6.76281
2.10967
4.45107
2.23262
9.06961
2.30885
0.047337
5.66283
7.9588
2.3121
30.4999
0
0
5.42879
2.95488
21.2824
5.00036
0.00580327
3.89037
0.32462
6.5639
1.61887
9.71619
0.318857
1.58338
3.16225
0.118375
0.711709
3.14145
1.11334
3.94885
0.887903
1.12351
2.74463
0.894137
1.86846
2.51509
0.498297
2.21395
3.25716
2.63974
2.54715
0.900862
3.96488
2.08971
6.72131
7.27873
21.7282
3.92833
0
4.32683
0.0018798
11.6431
1.49957
0.0276542
15.0137
2.2811
1.08865
70.2778
0.642106
66.4064
1.90066
24.099
3.49135
1.18613
8.43631
0.05402
0.652668
0.000981203
0.00245266
0.1347
13.0047
1.40873
3.48976
5.10451
15.2349
5.17336
3.28397
6.39627
13.264
6.13498
7.98116
21.4967
0.661508
50.1003
23.7796
1.53723
30.5124
0.0505455
35.5821
10.1858
1.66946
13.7395
1.37499
2.8034
6.67712
2.26635
0.144201
0.755904
0.727838
3.48622e-08
0.853379
6.33917
3.32976
0
1.91495
3.92471
6.12837
1.70511
2.44013
1.3977
2.27452
2.13998
0.788501
0.934131
1.20662
1.30655
1.18744
1.60139
1.78339
0.930527
1.1979
1.26699
3.72591
19.9703
12.8338
0.634836
2.4554
26.9162
4.20223
7.96501
2.94274
52.2366
2.39101
2.32612
2.4904
1.7711
0.356223
3.416
0.305027
1.04211
0.992546
0.94318
0.71255
1.02429
2.82361
84.672
5.64743
23.4164
16.4455
0
5.16912
41.4005
0
0.88538
0.000979717
0
4.71873
0.390196
0.0220436
0.113077
1.05903
2.48063
4.49741
0
6.89289
0.0216994
3.0015
7.09664
0.702819
0.197259
19.6789
0.00900345
8.34802
0.0285774
1.35354
0.352576
0.861617
0.598205
1.74438
0.321993
0
0.0379621
1.65755
5.20931
5.47356e-06
0.000118383
0.482337
0
0
0
0
2.53746
8.62322
12.1704
0.838106
6.88696
2.95328
5.69945
5.28751
9.08182
7.87077
12.11
34.1226
11.6325
2.72986
2.05909
9.48303
25.6486
12.7883
0.526769
1.77833
32.7583
2.63861
9.71299
11.1953
8.87212
0.611156
16.3088
0
1.87929e-05
17.0718
4.90876
4.72617
2.1108
2.99266
5.31313
3.78963
0.000205215
1.43036
3.70759
0.655696
3.09349
1.95848
4.15626
9.0118
2.7268
0.0160515
1.68222
0.728388
1.68845
3.4636
0.938495
6.70218
0.0418083
8.65438
0.306116
6.95576
0
0
0.693018
0
0.754133
0.950231
0.65721
16.3592
9.06666
6.40669
0.489382
5.05159
14.4399
32.5345
16.4492
10.9404
0.996559
0.0595635
3.66244
5.11141
0.751129
4.11
1.49854
0.282758
6.73512
14.7848
0.144185
0
1.90099
13.6824
1.19869
2.5415
3.34587
2.7909
13.367
3.59839
0.339998
2.3727
1.25655
1.48645
0.841255
2.68197
7.20121
1.07212
0.312217
19.8726
2.6259
0.00463877
7.52059e-05
0
0.938424
0.0380947
0.000238196
5.05251
0.172028
0.28384
0.0256923
0.513128
0.88953
68.76
0.458836
87.4018
9.24332
0
43.5565
4.74161
0.130643
2.2343
12.702
24.1285
1.10504
0.000282091
0.0190623
1.78103
1.24504
0.11777
0.285547
0.0677659
2.17401
12.3512
13.94
7.68096
2.84006
7.71943
0.870008
5.37874
0.797311
1.94199
3.63133
1.13032
11.2727
8.42376
12.4506
3.12372
45.8186
19.7515
3.86712
10.9959
7.50674
6.07487
20.1863
9.15347
3.58507
29.7813
5.69188
4.8194
4.37961
2.28615
27.6471
0
0
0.724168
0.440911
0
0.207754
0.073997
0.569092
6.82529
1.64791
3.08431
5.54438
1.88205
2.67599
2.1062
4.50519
0.0190973
12.7925
4.1791
5.64079
20.1345
19.2801
34.0568
10.9135
0.0992406
0.0495562
1.70314
2.70723
1.1837
5.09479
1.11785
0.896902
0.0953144
17.1038
0.232729
1.1744
5.00482
1.38484
0.550621
5.01074
0.334975
9.81417
0
3.2809
0
5.27563
1.36655
0.564994
12.5416
0
0.0289711
17.2726
2.7219
6.70165
6.55017
0.438804
5.84763
12.6801
3.89093
7.80362
9.16518
14.8303
1.47963
2.58993
5.72069
4.23271
1.47735
0.0271827
16.7222
1.18424
3.26686
3.10374
1.98241
7.04501
3.21932
2.17249
2.04108
4.21315
3.29434
4.30571
1.44768
2.97466
0
0.526522
1.71467
1.4201
2.58266
0.757597
0.0456882
2.29114
2.27543
4.78269
1.93233
1.29917
3.40889
0.317371
1.26982
2.36633
0.0492843
1.75648
33.0654
0.967478
30.5262
27.6107
7.36088
7.17745
21.2246
0.00346597
2.07704
0.37978
8.9109
0.273033
4.55229
7.78769
8.62102
0.916509
1.47529
4.74969
8.29452
17.6921
4.73996
25.3344
0.696329
1.4338
10.8463
26.0824
0.515082
2.16835
10.7992
0.117556
0.670724
46.9754
0
5.83929
1.07389
3.54579
2.62852
0.723282
0.676738
0.879694
0.79228
0.319144
0
2.45544e-06
0
11.0768
2.9021
17.314
0.889504
1.90164
7.96367
8.4771
2.63302
4.18529
13.2304
17.6643
1.01145
0
0
5.65772
1.32483
0.0323647
0.0059872
0.320746
1.07803
1.17498
6.82756
0.102395
1.14574
17.9519
1.88367
0.912816
0.0518242
0.000139049
20.0177
2.28485
0.00224838
0
0.00165111
0.26365
0.185499
0
43.4484
0
0.0997409
5.2791
2.03263
0.0298524
1.20941
0.00764307
0
0.10938
22.1631
28.0082
1.09502
0.43574
1.56379
1.33185
0.284853
0.0283674
0.0960305
0.144204
6.73259e-09
0.414989
0.752668
5.0806e-06
0.591343
0.000509184
1.25361
0.835142
2.3908
0.466696
0.156652
1.09077
0.000686122
5.29059e-06
0.0908422
7.07392e-07
1.05365
0.421183
0.387837
2.33585
0.0489006
1.14807e-07
0.0047461
0.981303
0.941044
0.843172
0.581265
1.17867
9.40119
1.84217
1.35635
0.944428
0
5.02245
5.16579
1.87889
0
0.104825
0
0.858302
2.84388
4.88326
4.30855
0.927246
3.30463
0.329872
5.77464
7.45087
9.60564
1.9114
0.90044
4.53895
5.54165
0.984092
1.73559
0.017864
0.560307
4.65976
0.00661209
5.80728e-05
2.26713
0.931916
1.81663
3.70802
6.63387
4.46128
6.89783
1.66627
7.0725
0.87402
0.517828
4.54321
0
10.2643
74.5245
3.33062
0.455855
0.148166
2.80936
0.0550232
1.22463
0.256277
0.344003
9.96741
7.68791
0.427025
7.97892
1.57972e-06
0.0054486
0.742333
0.572485
0.313474
2.33938
6.32123
0
0
0.46824
0.000115966
0.0171227
0.185696
0.040974
0.215525
0.0569505
0.305737
4.61586
3.85175
0.28206
7.64261
35.5079
0.0285774
0
5.8422
0
1.78733
8.31126
3.17673
1.35588
0.359295
5.66107
86.5574
11.8917
10.9854
0.205489
4.16519
26.7782
28.1904
39.5377
2.62081
0.47091
27.9365
1.02686
50.3149
1.57657
7.02446
7.04487
1.46728
0.348928
3.01013
0.211627
19.2592
0.788642
1.0698
9.09873
6.71715
0.0577311
9.8975
4.17934
3.07194
8.24606
0.0717528
8.87712
8.65617
1.17799
2.13649
10.496
4.8782
0.498604
0.0423782
9.08373
3.28513
4.55094
4.4334
6.24611
2.30737
13.2518
4.09531
2.41887
4.96264
0.268794
5.73982
8.24433
2.49798
6.24997
0.805043
0.269801
2.62004
0.167862
1.13201
3.45004
1.84161
0.933935
0
0.0793517
4.36038
1.81598
0.483264
0.271454
0.0420079
0.160395
0.0107672
0
17.2386
4.57729
1.09821
0.111304
0.0529134
11.1758
0.00259994
6.47337
42.1731
2.35973
0.347872
7.28784
5.2692
0
2.67133
1.00207e-08
0
26.3677
0.00226663
2.06605
11.2478
3.68183
0.0620562
56.6127
2.71716
0.0756396
1.58381
1.21711
23.3132
0.532536
0.0267045
38.8898
4.25535
0.520998
1.28815
11.0703
7.87848
9.01139
6.04605
11.6943
39.7828
52.4607
55.4327
53.9559
61.887
9.50076
3.30893
0.518409
1.82544
0.000519827
0.852166
0.764018
0.900262
3.69733
7.04397
8.4844
1.76691
1.07948
0.184391
0.0329163
1.70974
0.882277
3.16729
0.319601
2.1382
1.0432
0.102627
0.0960871
0.00162572
67.1602
46.3049
1.08128
7.60323
37.6945
19.5348
2.9266
1.85719
2.92444
2.81191e-05
4.57139
0.828571
2.53789
0.799833
0.973743
12.1135
3.33681
12.5464
2.11834
32.213
30.7962
1.56114
54.2602
15.7441
26.3717
40.4277
23.4907
1.50861
0.601732
0.747462
0.00012928
0.923361
0.321354
0.023238
3.45397
0.806746
0.828246
6.12312
13.9533
29.0244
7.94071
6.93775
8.05639
1.62561
0.41446
0.347399
0.000408083
0.156007
2.66366
1.09011
1.02335
0.0194537
4.91011
6.29242
11.8726
3.03285
7.03418
4.30095
0.0234337
0.0307393
5.59135
1.95195
1.23482
1.15167
1.60383
3.81382
0.000542012
0.677268
14.7867
0
3.22279
3.43549
2.8269
2.26533
4.86396
5.41085
3.97643
4.31067
1.33075
0.834414
0.00198399
1.05555
3.27239
0.174957
1.25784
0.773563
8.6287
2.1344
0.349127
0.435686
1.08871
12.2716
0
0
20.4419
