0.49068
1.77068
0.78045
0.912003
2.90547
1.51978
0
4.16644
0.702696
0.852347
13.6549
0.479958
3.48456e-07
0.646376
5.51749
9.86768e-07
0.687451
13.0204
14.1855
7.32716
4.15975
0.241588
0
0
1.38454
0.471419
2.62971
5.90732
61.761
0.000389416
0.963519
0.218379
2.27273
0.739698
1.53791
0
5.14533
5.82718
8.94437
19.0987
14.7806
12.4069
1.35542
11.837
2.96534
14.5044
3.3553
0
0.00351551
0
1.52451
0.0786439
6.36668
2.50088
0.339319
1.03249
15.1736
0.744349
0.242585
0.00326791
2.44228
2.84214e-08
3.44282
1.51789
3.25665
0.00707868
1.86368
4.33589
1.7148
0
15.3349
0
0
0
2.35325
1.19796
5.23657
4.79541
0.628039
0.395703
0.854558
8.67404
0.457113
0
12.1705
2.63504
11.7851
13.3311
8.73313
13.9154
11.2652
16.448
10.9553
19.3158
127.843
16.9747
14.3433
19.3239
0.00996527
2.15753
9.48533
1.45357
4.78375
6.69404
8.37472
3.18496
7.95703
2.9255
3.73662
17.0056
25.5778
10.3911
29.9994
29.9682
18.95
10.3579
7.00387
5.99855
3.5736
5.79726
4.36206
2.99469
2.08444
4.3165
0
3.94879
6.29028
0.174645
0
0.0842193
7.23861
0
1.8144e-08
25.5592
9.95987e-07
23.587
11.2264
0.348064
0.00182128
4.63651
0.858755
0.137324
0.69351
4.6453
0.870359
1.15746
0
0
15.8351
118.181
0.259232
0.0865641
0
0.660244
0.985029
5.9224e-05
0.899915
1.74967
0.70852
1.30064
5.73672
3.89991
12.8367
18.8714
2.54805
1.42446
17.2838
0.789448
3.83986
0.161554
40.3215
3.3224
0.714855
1.32448
0.299403
0.0748781
0
0
0
0
0
16.8653
0
0
14.6517
32.5916
13.0336
4.99346
6.37635
19.9355
6.77493
16.1025
15.092
9.75363
0.451974
0
4.83157
4.36506
11.2173
10.4178
30.1119
123.743
7.23696
38.1244
11.1262
0.59539
9.97823
0.374116
173.795
5.0153
22.2991
14.8587
0.241063
15.5983
16.1845
12.9809
0.60194
21.6693
15.0268
2.02371
1.75593
1.9598
19.8865
0.134394
19.4697
8.37552
22.2617
22.8165
19.6299
1.69246
0
6.31861
20.24
0.000309172
9.48983
7.25593
8.82258
5.52137
5.33621
4.82686
3.8546
8.91075
3.93444
1.20202
0.0960713
9.37939e-07
0.00838676
4.95137e-07
1.1469
0.000141289
0
0.186386
0.00528263
0.00452152
5.61832e-06
0
0.347332
0.172049
0.929822
0.145113
0.767431
0.101268
0.836644
0.730786
0.00776746
0.0507062
0.956039
0.033802
0.00010053
0
4.31795
0.0182356
27.9195
0.0227008
0.000598844
0.53674
0
0.175065
2.11254
0.662989
10.5213
0.0164414
0.913363
0.00369104
2.24493
0.417368
1.20526
0.0663871
1.73137
2.12432
6.41096e-05
0
13.849
0
0.0425139
2.46678
0.787863
6.36987
5.49175
20.2484
27.6611
1.50329
11.598
7.62739
4.75286
6.96715
1.1404e-08
1.99592
0.141151
0.0145917
0.825983
0.0121605
1.18399
4.09651
10.5702
11.7993
49.799
88.4464
6.72333
17.5602
0
6.33584
1.37604
0.13819
0.663287
4.69832
0.693953
7.98208e-06
0.0216082
0.124427
0.664619
0.942131
0
0.169553
1.52574
19.9412
3.1834
0.707789
2.0584
0.36818
5.68458
9.34917
0.515931
0.0363104
1.67901
0.223303
4.28186
0.486648
1.25156
0.89757
0.0341376
0.454271
16.4822
1.36383
1.79242e-07
0
1.99787
7.87927
0
0.172848
6.12511
3.07072
0
3.33315
0
0
0
0
5.82039
5.0258
12.3867
3.16447
5.79033
5.93738
3.03051
3.88058
3.12979e-06
9.95904
12.4694
11.0313
25.8946
12.2903
0.0151998
7.47201
5.62858
4.4771
4.68047
6.0937
6.36626
0.926307
4.30972
5.66716
8.09797
8.73431
1.74697
13.9064
14.6603
17.7461
14.0982
30.7325
2.54105
28.2407
18.0874
22.0365
27.0488
19.9934
7.99195
4.94279
2.68549
4.78241
6.3792
16.431
2.93054
4.60443
2.0694
11.1682
8.54676
7.65094
8.09347
2.15973
0.651067
9.71884
26.0506
28.363
24.5202
45.1737
5.29807
38.334
33.3627
24.512
7.55118
14.0826
24.2055
11.4666
24.0535
8.75444
26.2716
0.384324
3.05033
35.8372
27.8392
13.7366
8.18365
13.1562
17.3783
0.0237218
0.00534665
0
0.685476
1.81134
12.9714
0.525532
12.0018
50.3681
35.5274
5.33416
34.2921
13.2415
16.8023
7.22746
7.48603
1.01868
0.452842
4.93636e-06
5.09471
2.2304
22.9783
2.72919
0.372577
3.60604
0.307086
1.68013
3.49412
0.0658728
0.853286
0.405323
4.05795
0.503106
0.0428979
2.27498
10.4973
0.562119
2.25756
10.2629
11.4196
4.10711
6.11342
40.2745
1.80667
42.5718
23.4373
23.1416
23.7719
1.08135
1.7349
6.70054
1.37626
0
0.00511917
0.555025
23.0787
29.8433
0.832274
9.10653
27.0193
11.2077
8.75497
3.03748
0
1.56929
7.21406
1.33923
0.000175829
0.35783
5.61422
3.49065
4.95387
0.233679
3.86103
0.586677
2.58222
21.5039
12.3148
0
0
4.12993
0
2.2864
0
4.11841
1.63301
0.651668
1.34807
0.323258
0.213479
2.33268
0
0.105439
2.82147
18.1722
1.312
0.725866
2.1459
0.0123959
0.0557227
1.81821
18.9674
24.6034
24.1893
23.285
8.5016
21.319
0
29.4453
0
9.34319
4.70326
8.86319
8.29611
3.2897
2.31683
0.0787331
1.64416e-06
8.26302
0
3.24927e-06
9.2018
0.000214713
2.39432
7.73294
2.18132
16.9747
1.4395
2.87658
0
22.6316
51.7037
10.2737
17.9816
26.1336
1.5723
6.83606
0.00254643
15.2119
4.52641
0.797991
0.0791617
0
6.19871
0.544529
0.00277648
0.500156
3.57216e-07
0.000876537
1.64479e-05
0.316239
2.91061
0.0182347
1.14673e-06
1.42494
3.47902
8.30176
5.57774
2.56088e-08
0.000137663
5.60675
0
0.00181758
0
3.16582
0.769384
0.00431331
4.61562
6.33749
23.1334
0.012358
0.00634824
2.55994e-07
10.8472
0.00888177
0.900981
0.989042
1.62328
2.6502
0.00748653
0.855597
5.90135e-05
17.7391
0.18898
3.14968e-05
2.23343
0.00568979
1.96138e-06
1.14851
7.87125
0.987272
2.39548
37.358
6.77307
0.259344
5.86245
7.83958
4.08754
7.01021
0
0
0
0.192371
25.638
17.8482
0.129521
20.2896
0
22.1719
10.2907
4.66234
8.1043
0.0495112
0.947284
0.0686451
0
0
1.1218
0.450388
0.0657086
14.3438
4.39349
2.24747
1.04559
7.55981
2.23629
30.3888
3.59468
21.2555
23.861
0.000129114
0.473999
1.45325
7.33754
17.6373
0.0717507
0
9.92401
6.10313
0.297896
9.88169
0.307435
0.436632
3.70221
12.9977
7.84432
22.5204
5.00647
31.6868
6.69748
2.58418
4.10287
0
0.672763
0.863845
0
0
0
0
0.604967
32.249
2.69502
0.507789
0
0
10.4658
18.4995
0.0335994
4.19148
2.9768
12.1007
3.1715
21.5712
8.01095
23.8807
20.5854
5.64276
0.768468
17.8023
17.9433
0
2.88314
3.88941
5.67606
4.95786e-08
25.8218
0.326877
10.9258
82.9487
9.92073
10.7888
63.2287
7.92286
3.81977
1.0502
0
9.4708
24.6657
0.0679261
0.118728
0.496843
3.07908
47.4887
3.53388
0.557465
0.719275
0.382167
0.000537699
0.00240845
4.12504
20.1793
16.1013
2.56586
0
0
0.00335879
0.749222
17.0011
0
2.72472
17.4491
0.0242175
18.0625
0.0359433
13.4727
14.7799
7.23771
11.1555
0.0413725
4.64757
3.33552
8.54254e-07
0
0
0
0
3.31964
0.042157
0.0029584
0.312714
3.04555
10.7861
0.160675
12.2969
5.43053
5.02618
6.04062
1.98655
2.07211
1.82281
2.74852e-07
1.41715
1.12006
4.62015
4.07013
7.26208
3.82892
15.6085
0.798832
0
9.11729
0
2.75668
0
0.0510323
0.0412743
6.38979
3.92142
4.16584
21.0758
2.01707
20.3477
0
0
0.879299
56.1125
2.2971
0
0.0611168
0
0
2.13352
22.9402
1.54101
0.269491
6.23537
3.83776
6.19384
2.70775
9.10805
8.3181
14.8091
0
0
1.75503
1.80001
2.75399
1.99846
5.83832e-05
8.53986e-05
0
2.17074
5.53081
16.8949
10.8667
0
11.3314
3.38976
0.446509
0
23.7828
0.875088
0.859238
18.752
0.0408865
0.00714687
11.5494
1.39474
0
0.0641548
7.96822
0.0537879
0.00475929
0.399493
2.23766
3.48912
0
0.074044
34.9593
0
21.6527
0
2.67834
0.0370486
7.21562e-06
3.65587e-07
0.805121
8.87028
0
2.76836
4.73383
0.466685
0.746395
19.0771
0.00665683
23.5391
24.4299
5.09732
7.80509
5.66269
21.9627
4.41803
9.9968
12.9513
6.42011
7.03696
14.0437
5.02647
9.02963
6.28638
8.56368
0.452672
5.21788
2.93689
4.30316
17.4466
1.25105
3.09839
5.49074
8.88657
14.3033
2.8951
4.01683
0.0680723
0.194551
0.252537
0.0390084
0.370176
1.43476
4.28519
19.7687
17.4252
1.43686
1.14488
1.32788
6.22175
4.55563
0
33.2729
5.60042
5.37271
0
0.368356
0
4.15914
1.16459
23.3656
4.22517
0
0
15.2117
0
0
2.82396
1.05215
0.0585496
0.00167721
4.21994
4.87128
3.15309
2.35088
1.78235
3.04549
0
0
2.52729
0.595012
0.168525
8.2344
0.559098
91.5099
19.397
23.2459
0.051795
1.38392
0.176573
0
5.62565
3.04633
1.21885
15.8754
0.471562
29.1604
2.25074
0
2.04673
4.65191
0.0469171
1.19885
0.924058
1.08294
4.01257e-08
0
4.8636
0
6.80098
5.43592
0.00397423
5.28552e-07
0.00777734
0
0
17.966
19.0713
2.14172
12.6406
17.021
1.11743
0.145622
0.0622275
0.157067
1.38121
1.82314
3.84437
0.00179866
0
0.00108542
4.05969
2.48697e-07
0.129762
9.34747
1.64021
3.24394
6.2985
0.237352
0.864763
0.841169
8.08414
7.3091
10.8181
0.604158
0.682194
0.0404685
0.672895
18.2604
0
0
17.1603
3.14045
0.13543
0.0210869
13.3031
1.31216
0.995681
2.60068
0.000104082
0.904765
0.000657951
0
2.08653
20.8047
0
20.9563
0.137709
1.86763
0
12.4283
11.2486
15.167
13.8044
10.5254
5.51633
18.1906
1.17383
0
0.022607
0.649887
3.95796
10.6932
3.34882
3.82916
0.0728694
4.42996
0
16.4314
17.2612
12.9632
18.3107
4.28181
8.61132
16.054
13.5085
17.916
30.2602
0.127029
5.052
10.352
18.7105
0.00532786
0
14.4075
8.26131
2.26665
2.681
3.27513
0
10.2336
14.2187
8.17841
1.57294
2.77061
25.2283
17.317
7.98439
15.5925
5.3168
4.68225
24.6271
17.4145
0.0198587
0
1.64868
21.9235
34.9049
21.2652
19.5802
31.8996
23.6406
24.1483
32.6267
29.4028
140.64
87.3464
17.332
14.6053
11.2001
2.16678
0.931519
0.111092
0.0144
4.58579
0.424102
1.91712
0.00310549
3.32184
0.682111
0.838603
3.51786
12.8213
2.44566
2.82229
6.08035
2.57044
0.293131
1.7085
4.44921
4.19931
17.7615
3.33054
0.38142
13.9863
22.0802
11.3763
28.1495
7.37935
31.3839
0.00473792
0
0.159276
25.8603
5.66322
0.525207
0.250403
22.4152
0.0539925
0.170296
0.00637123
0
0
79.7411
6.01898e-08
48.463
0
115.025
24.6249
0
0
0
44.9777
47.1405
13.2155
15.917
0.442388
0.00760214
32.3421
35.5593
0
0
16.5177
35.8582
46.8989
0
17.4189
23.2157
4.91971
18.0876
0
0
12.818
0
0
0.934208
0
0
24.1738
0
2.81187
4.57822
11.6125
16.3977
14.4509
1.08278
18.1485
0.411732
21.7769
0
20.7409
28.3564
3.13414e-08
19.1838
2.76837
14.6483
0.560707
0.326943
0.0376554
19.7579
12.5703
3.02325
13.6746
0
31.5675
10.072
11.654
1.14245
14.7924
4.89452
30.4483
27.2438
0.0126948
0.173481
1.2776
20.9794
0.14845
15.0338
0
0
0
0.041688
19.2341
0
0
1.42717
20.2133
0.0193409
17.9309
12.7679
0.286445
18.8378
1.73916
20.2369
4.66277
18.0155
0
0.0618921
0.149034
0.0261506
0.433005
0.00566326
0.00503468
0.895867
1.8541
3.67111
0.394711
18.4747
7.92086
5.98735
15.9564
13.7559
0.86497
26.5392
20.4987
11.2324
14.1893
36.46
14.7436
47.8596
0
16.4418
32.0335
13.6916
29.947
24.6109
5.44568
28.3372
12.5591
7.23498e-08
23.3454
0.000365057
8.46258e-06
15.1958
0.00107335
0.00824203
5.50237e-06
0.837784
0.562814
0.0290008
3.40921e-06
0.0612088
7.44543
1.78117
9.67185e-05
6.72034e-07
1.10618e-07
0.0620504
0
0.735223
4.07293
0.387723
6.17804e-05
16.3688
4.61486
19.903
9.99621
4.97882
3.24857
18.1582
76.969
6.21817e-05
0
13.0834
8.81246
15.5823
34.9473
0.00257267
0.0545437
0
0.541045
14.4117
39.2162
5.25743
1.45861
0.923669
0
1.3486
0.496821
10.2061
11.3299
0
2.95078
1.26846
1.05784
0.563811
0.838146
8.79482
0
0
1.79022
15.1682
36.9916
0.390803
2.65165
22.3899
3.62522
10.4023
25.3623
3.64665
24.2187
1.11961
1.22178
0.0268187
3.78322
3.33285
1.4279
13.3766
0.218389
4.29549
0.128858
0.994235
0.588137
1.51296
0
0
1.07506
0.0526044
10.6177
43.4572
5.18651
14.2309
1.21608
11.5291
0.117978
0.365192
3.3832
0
0
0
34.185
19.1477
51.4155
25.8406
16.3069
8.08089
0.0155845
9.38296
17.7588
0
1.23063
0
1.5713
4.18083e-06
0.640611
0.985624
0
0.0434864
0.368616
0.336189
1.79057
3.5093
6.90972
6.52579
6.23152
0.520532
2.06255
0.566452
0.035964
1.92038
4.4437
0.000418871
0
6.12205
5.8735
5.87678
0.000249162
0.2173
9.58631e-05
1.90815
1.51247
0
2.35468
0.00050857
20.4645
0.0750638
2.51821
17.6148
14.8354
0.990451
0.023579
10.6298
23.7315
2.14174
9.44685
0.00801204
3.77822
0
1.27262
0.0109419
0.793365
2.59486
24.8533
5.7352
2.19808
0.414245
1.25757
0.947203
0.714534
6.97583
0.758052
0.0518055
0.00536478
0.285363
0.990819
0.188812
0.135083
7.67559
0.489981
18.1187
0.000173401
0.0361513
0.122562
1.5483
1.44695
4.38048
1.27931
1.91778
11.8167
13.1958
0.000780254
1.73616
1.01909
0.0720493
0
18.4182
13.5579
8.54163
16.228
0.754015
0
19.1995
10.6487
1.63304
0.984496
14.783
0.0190036
0
0.205286
1.10493
0
0
0.225478
10.8707
1.00007
1.44847
0
69.2153
0.527625
0
2.97676e-09
20.8668
0
1.51812e-07
104.843
0.00327535
2.42557
29.3871
1.47304
0.027752
142.339
0.0836739
0.661293
0.977299
0
1.58363e-08
0
0
0
8.45886
0.338068
1.00698
2.6676e-06
0.000777328
0.929316
11.0693
0.131615
0.6106
0.0432289
2.01601e-07
0.498451
1.29613
0
12.1653
0
4.24616
0
0.0218624
17.106
4.45006e-06
0
3.61874
9.36787
0.927746
0
12.5965
12.0471
0.432304
91.6203
23.9327
4.07978
0
0.00475082
0.13595
1.59971
0.697798
0.202231
0.653554
5.20421
3.03548e-07
11.773
13.2593
0.0296883
1.08872
0.680147
2.25853e-05
0
0.724725
6.0019
0
0
0.921466
0.0626537
4.09082
0.696366
0.526104
0
0.152162
0
0.0976833
1.98359
6.10004e-07
0.17373
2.92448e-06
0.0427311
0
0.0263174
0
0
0
0
0.756706
15.6849
8.40069e-06
1.96188
7.18772
0.0483278
0
12.9443
3.32198
3.77923
0
0.265424
1.33749e-07
0
2.9504e-06
1.36387e-06
0
0
1.7806e-05
0.657666
0.000167185
0.000674921
1.46688
0.0117591
0.0178305
21.1315
0.944463
0
21.7179
0
2.60583e-08
4.45306e-07
5.41017e-05
4.11077
3.45682e-05
3.03918e-05
0.418625
0.0237617
0
0.222985
2.00497
0
0.0122407
1.07628
0.0101812
1.62852
0
0.803182
0.135062
0.00033248
0
1.70375
8.59641e-07
9.88214
0
0.217629
0
0.336416
0.100052
0.00580018
0
0.013823
0
7.06656
0
10.3071
0.438494
11.0802
13.625
0
6.7112
0.694961
6.94068
0.180908
0.23713
3.5522
0.0386744
22.257
0.139702
0.0784629
1.77668
0
0.0880569
17.8849
15.0231
1.51985e-05
0
19.894
6.56121
8.69695
11.4875
9.92584
22.701
3.00256
26.3241
0
2.41235
7.40055
0
9.56065
9.00698
16.7507
13.9637
9.01778
2.64172
11.642
7.81283
12.491
3.84995
19.4878
8.92402
3.98692
0.000124689
5.40978
5.7628
0.00499044
0.0065962
0
0
1.18371
4.20873
6.35038
0.105961
0.438292
0.000714488
0.0956525
0.0684885
0.603501
0.287452
1.78678
2.86149
2.9184
5.72097
5.98025
9.63022
9.49477
0
0.396585
1.30774
3.01234
1.45198
2.0569
0.292971
0.123644
21.6004
1.00841
0.864514
0
0
1.49207
0.0772485
0.117522
0.00321875
0
0.0252248
2.54234
8.39178e-05
0.00148059
0.744048
0
0
0
0.0319012
0.0845074
0.65763
0.843665
0.00696923
1.82
0.25934
0
1.53773
0
3.05347
0
0
0
0
0
38.0295
0
2.03624
0
0
0
17.8173
0
0
0.874288
0
0
26.1374
0
0.0616882
1.61722
0
0
5.83989
1.55561
6.01489
0.233358
0.259134
0.230879
3.14206
6.1447
0.0597552
5.35316
6.04928
6.24402
1.51627
2.81439
2.0107
2.03459
11.162
5.56998
9.86
15.7673
0.189037
0.0511273
29.3242
13.302
22.1176
18.1036
17.0859
7.03373
1.19031
8.97125
16.7021
25.2443
3.08118
11.5541
28.9036
24.287
18.939
18.5623
0
22.2087
0
22.9909
16.7039
13.7716
27.6213
14.3426
32.0104
12.4752
7.43585
0.36043
19.19
9.9834
6.43467
7.19541
4.60691
7.74262
12.7072
3.493
5.20644
3.11487
6.72158
6.09293
0.0197968
8.19991
6.33915
4.53406
0
15.904
19.2576
2.65266
1.63953
3.6233
0
5.98713
3.08107
5.7368
3.00042
9.68446
3.32138
2.52042
0.787614
1.87784
3.14683
5.31592
7.99978
0.192602
0
2.00287
12.845
0
0.839653
0.0309401
3.17158
0.0794772
0
0
1.40972e-05
0.89245
0
7.38006
5.18344
0.866962
2.21758
2.24092
17.56
1.40308
16.0982
9.48327
1.92374
35.536
5.19822
2.10704
10.0329
18.2194
19.7894
4.75079
7.24654
4.43765
0.177066
5.79932
5.45078
11.8114
0
8.60617
0
14.6991
4.22949
0.00804258
6.8488
10.0101
19.6497
0.00593004
15.9575
0
0
11.5681
10.5723
7.38748
0.978916
1.06991
1.17463
2.22884
1.18639
4.32223
0
0.360856
18.5838
0.0124207
0
0
6.3322e-06
0
0
2.03213e-06
0.0318902
9.88864
6.60526e-07
0.00101154
0.240081
0
13.1086
24.7006
0.0904257
1.5448e-07
10.2549
9.3494
0.000331733
2.50587
0.00747134
0.0968114
0
0
3.00457
2.52994
0
31.1942
4.70606
8.20774
0.0834037
1.12255
0.0497457
0
4.55429e-07
22.0175
0.207578
0.641907
0
8.01599
0.0300623
6.44923
14.9725
18.3854
20.7778
17.1312
13.8844
0.0152651
6.97743
11.926
3.38415
0.897441
18.9246
1.87075
0
3.49868
2.80213
8.94329
0.539261
15.9275
2.48252
0.802327
0.0477429
9.59798
8.62885
2.01315
1.8528
3.66044
7.29749
2.79526
3.16722
12.775
0.818668
0.00488445
8.91942e-08
0
0.00285326
0.937948
6.41604
11.9411
21.0848
12.728
0.0800537
16.4551
7.4179
1.26434
9.65603
0.706131
3.77736
11.1406
4.74852
0.180512
124.416
55.616
1.0875
13.5107
57.3414
2.0868e-07
0.0118344
0.380119
0.0379469
1.42162
1.70853
1.09656
7.67266e-06
1.64203
10.3845
13.5262
0.549245
65.1572
0
0
1.01371
0.0189485
0.00106284
2.46559e-06
0.00187958
0
4.28745
0
0.79319
11.0489
0.00115254
11.7845
1.55009
6.07801
0
0.101367
4.27611
2.19113
2.63271e-07
0.617779
2.50932
1.25228
0.474734
35.3285
28.676
0.788023
2.45809
7.51628
0.254101
0.188057
1.34167e-05
0.00150069
0.0542847
0
66.3725
0
28.9942
11.6483
31.431
0.471776
0
0
0
0
12.2759
3.72315
18.8163
0
27.869
10.3556
8.70358
1.43575
8.49519
2.75757
10.3501
0.00483802
0.00217844
2.16714
0.00533071
1.05739e-05
16.5368
0
0
0
0
0.00205459
2.24231
0.893659
5.2396e-05
0.0293876
0
0.36638
3.81215
0
0
22.7674
0
0
0
0
0.00104949
2.608
7.44985
0
2.23003
0.031062
0
0
0.00216791
0
4.48971
3.29027
9.18741
3.71673
10.6844
3.72805
8.28928
3.10285
7.30904
35.0381
30.438
1.01939
46.2444
21.7607
56.0525
18.1713
13.6511
58.1836
37.8412
26.6694
12.7631
7.85956
11.6839
8.78841
7.55979
4.6455
4.4905
8.30083
6.83598
7.28454
7.38923
11.4186
16.1265
5.65851
9.64391
20.0385
2.41305
3.75681
0.0556666
12.7096
1.41434
0
0.0345895
0
0
14.0993
32.9623
1.71566e-05
3.41724
3.24784
4.34053
3.89663e-05
0
13.4831
0
10.4655
1.74249
0
0
1.91933
6.75425
0.583915
7.05721
6.51474
5.25998
4.69992
2.71337
10.5485
0
7.26381
12.413
8.74115
6.27962
3.22171
4.32875
1.74432
3.14476
0.831173
3.22301
16.6427
5.54324
4.22044
2.83402
5.32447
1.01432
1.2201
3.83332
18.22
10.7509
4.09769
16.0421
41.3933
31.3841
33.9162
31.3587
18.5296
13.3879
9.91832
9.40606
10.5153
15.8756
16.6323
0
6.95663e-06
1.46395
1.89358
3.37021
6.61859
11.673
8.19088
9.44116
12.3887
4.97576
4.27432
5.5659
0.690849
8.42391
6.56195
2.53446
3.0309
2.5751
0.773929
56.8755
1.06483
3.97125
0.600892
2.90884
13.1451
4.28485
2.04117
0.157042
1.40538
39.6162
1.89786
9.95869
2.53722
4.65479
6.76433
6.2019
10.8332
6.52753
3.5792
9.10587
2.34921
3.20881
0.536407
0.482361
0.268307
4.63379
6.82533
3.87719
8.66944
3.50685e-05
10.3071
27.7088
16.5265
10.2334
6.20269
14.5713
12.3715
16.8186
0
0
0
5.22893
4.63722
8.09252
2.87729
11.2299
1.48091
6.93695
0.024536
4.98921
0.018968
8.79217
37.1361
0.797317
5.03864
20.6143
19.6081
16.4277
4.50107
0.656311
12.446
2.94646
17.8772
7.48683
21.3149
24.121
16.8468
18.8579
18.8099
9.14237
11.0366
16.993
22.1629
18.4653
26.9397
16.1081
10.8463
9.43775
12.1324
2.17822
3.89948
3.55869
7.84952
5.85982
8.1927
7.80271
10.7497
8.73807
3.41381
0.17567
0
1.97392
0
0.936609
2.4662
8.66354
3.09934
4.08055
2.30521
10.4268
6.82702
7.37521
6.29872
14.898
8.88147
7.9387
11.5804
6.28123
4.29386
5.71414
4.33476
2.50608
2.09907
6.48377
10.3908
0
7.13649
1.66365
19.429
3.14665
10.4151
0.749927
2.0465
2.69029
10.798
7.82419
2.26734
0.112286
3.97658
6.4445
1.24109
5.62591
1.84603
5.89878
8.34708
25.8983
10.8165
1.57412
0.107671
23.6253
23.0319
0.558286
2.92706
4.29108
7.73809
1.08874
2.67772
7.0083
1.39743
0.477417
3.95926
0.339151
2.9972
3.50492
23.066
1.49574
4.4481
2.17753
4.20805e-06
1.06342
0.573721
0.0507459
0.980756
0.869025
1.09789
0.00108131
0.113715
1.5558
2.10082
1.31164
9.43713
2.60934
1.04614
5.80241
0.586686
7.82472
0.0199905
0.921381
0.000335358
0.0565598
4.28513e-06
0.885813
8.19023
0.000537648
5.46732
0
3.7074
0.03451
8.08216
0.136934
0.906296
21.4247
0.122465
20.7598
11.1608
19.9643
0.00199162
34.1534
0
0.0525056
0.00410972
0
4.20691
14.3574
0.789818
0
14.2762
0.31222
0
5.24424
0
3.75913
0
2.49841
0
0.337938
0.166761
0.487223
0.439283
2.59473
4.76115
0
4.84429
10.9012
0.810695
4.21986
0.140325
8.24328
9.27641
7.16113
7.14376
4.30331e-06
0
0
7.26295
2.54408
0
2.16647
0.0841693
1.25491
0
2.11621e-08
0
0.0279306
0.128265
0.841174
0.869967
0.00355009
0.109475
0
0.101509
0
0
0
0.251619
0
0
0.118693
0
0
0.250128
0
0
0
0.0245019
19.7068
14.1827
31.4563
13.8684
19.2259
5.64951
1.91339
0
0
0
1.86437
9.82769
0.322424
0.496689
0.762683
2.46815
15.5962
43.2917
26.5299
25.0848
3.72559
2.11172
14.9096
26.9463
3.87767
6.35594
7.3289
5.34295
12.6409
2.63235
2.72137
13.7421
8.49522
1.39994
7.98564
0.121192
5.59955
0.747326
7.34102
0.0506996
3.94847
5.95169
0.0123625
0.148143
1.6261
0.319635
0
4.84834
0
1.15386
3.44473e-07
0.696811
0.0197283
34.8346
0.00446466
6.31609
0.238923
5.98735
1.03065
2.10688
18.8066
8.47651
5.93076
8.22686
0
8.43466
12.086
15.6485
23.7545
28.8922
20.9269
20.773
0.0835378
119.543
0
21.6911
46.5926
27.7627
7.0494
0.577838
23.6708
21.1476
20.5795
14.4355
26.9895
23.0797
56.5496
26.4631
11.2561
10.473
11.9192
10.07
0.000799599
14.9119
17.1669
9.45476
0.68827
27.6397
0.00741199
20.3388
0.00520048
0.00195361
0.360083
0.00642784
1.79538
0.000714663
9.18933
15.8756
13.1207
10.014
4.5699
7.25854
2.3981
0.714205
0.0261892
0.549072
0.941419
2.44412
12.0141
10.7133
38.7085
7.97425
27.9035
3.42408
25.7329
16.4258
4.39933
24.4347
0
0
0
13.5729
0
3.50358
26.802
1.3056
0.00720425
0.152089
0.000177206
0.892662
0.945823
0.533078
2.50709
0
1.77069
0.971217
14.6504
0.0113115
0.870559
11.5998
5.87276
0.121584
18.1242
0.33807
3.71607
1.71581
4.07226
0.430035
0.648542
2.38569
0.126561
0
0
0.0101916
0.0987699
0.00410741
0.000477683
0
0.0120775
0
0
0
0
1.24529
2.43728
0.179977
0.866986
6.73376
2.08052
2.74562
0.000468154
2.07676
8.8593
0
0
0
0.0744067
14.057
0.215291
20.2267
9.23721
22.7971
6.80139
17.803
8.39519
23.5414
0.671631
9.92911
11.7466
1.37516
4.3224
22.8238
0.2845
0
6.71861
0
4.94822
0.654155
31.1072
5.27297
11.7729
15.6465
0.529309
40.1665
13.9276
23.9718
19.1033
0.839473
23.9148
0
30.3891
9.93237
0
19.2266
3.70995
8.49067
0.214081
0
1.71148
0.341173
0.00506303
0.0848169
1.28651
3.4541e-05
6.93752
3.39326
22.5142
23.165
11.5366
25.446
12.0965
2.2871
23.6023
21.0626
27.0512
31.6459
25.2863
2.33175
16.0921
0
5.30318
13.9176
14.2851
7.08607
4.44758
11.4447
3.7488
5.41632
3.76429
3.93203
5.00552
6.6236
10.6115
7.58147
11.2268
11.1603
10.8745
9.86537
16.9846
0
13.1332
0.420654
1.96033
5.03159
20.7874
0.19388
14.5068
12.4476
4.65147
8.29821e-07
0
18.8703
11.9567
23.181
13.5274
4.19379
22.1402
16.4946
0.81916
15.9516
18.0584
12.812
2.65687
16.1326
11.4465
20.5475
17.3203
21.3922
23.2761
20.3573
10.9119
29.269
31.6366
0.480371
29.0046
27.0206
13.1432
2.29053
19.1138
29.6209
48.9268
16.0974
0
10.323
23.8639
11.0652
0
7.61965
8.79711
3.44699
13.7408
7.07398
28.0643
21.8242
0.585325
0
1.67113
4.5707
40.6759
0.0323001
2.86761
21.6443
25.3106
24.1805
24.9918
0.0354577
26.3195
0
26.1614
31.7338
29.561
40.7282
2.46488
40.5027
64.5205
10.0444
37.3719
34.4812
5.584
33.8193
0.420291
19.8945
5.73264
9.67399
0.00492811
7.50441
3.2903
24.3675
6.43413
13.4982
8.2091
12.9102
1.59824
16.2929
17.4964
1.63041
4.58389
2.64212
0.0382249
20.6437
8.23325
0.89769
2.45906
2.94558
1.14849
6.73571
0.849485
15.3078
1.40421
8.66181
4.15351
4.98868
8.78872
0.184671
4.00325
22.634
0
1.06729
2.72346
9.27949
3.74363e-08
17.0748
5.82381
3.5373
5.88463
4.64744
6.39059
15.1079
16.6433
11.9904
6.54914
13.0067
16.6405
12.2926
15.232
2.36466
5.47526
32.169
0
10.2851
9.45811
63.6804
4.41851
5.07379
52.2012
1.34162
4.49918
4.90307
23.0003
16.1957
5.82409
26.8464
22.9988
46.0236
1.98109
1.772
17.7772
27.394
32.9799
5.62208
0.00828496
4.45862
7.71452
0.148709
12.5489
3.24477
0.443211
12.6281
0.586095
16.5216
2.12131
0.235504
11.8375
1.60459
10.4321
7.92081
5.62828
0
3.31008
3.75403
9.02357
5.68517
16.0344
1.11054
6.4684
1.47371
4.08346
16.7335
9.66653
1.9695
7.07774
4.69191
15.7377
4.49442
20.9588
10.9693
0.256808
13.0887
12.3311
3.64537
21.6765
1.18904
13.1946
0
9.941
0.0901201
1.90306
1.9781
1.36206
2.3022
6.69268
1.18701
7.42369
6.36319
7.09929
1.32245
5.67974
7.06296
1.94222
6.21303
2.55753
0.622401
1.6769
1.84551
0
8.26024
4.39281
12.3107
39.2379
40.9972
17.9604
7.40842
0.493257
3.03281
2.01085
14.3931
8.37344
4.26949e-06
6.65152
12.7475
0.0297322
4.3653
0.0195855
2.08434
8.52242
0.915406
0.98072
0.00164152
1.00555
17.3803
0.64686
0.394479
3.40294e-07
0.0111448
2.57959
18.6751
17.7799
11.3432
0
0.612753
8.94867
4.49412
6.27251
3.74085
1.42659
5.63975
6.01249
4.45347
30.6479
1.50362
0.00251939
5.29019
3.5564
2.76932
1.75835
0
2.68359
3.87481
11.3683
3.41084
3.83085
4.44292
193.211
3.37836
23.3931
6.74994
171.715
7.19851
4.32251
5.98805
2.74075
7.45841
9.35751
6.31488
24.1442
9.27645
3.42999
12.5581
4.41913
11.3395
5.6976
7.87447
0.38233
0.000210708
0.0451065
5.04508
2.89761
0.180659
0
0
0
10.7845
0.0375138
0.924418
1.0797e-06
0.404759
2.92737
0.0992572
0
6.80021
0
0.567625
4.93135
0
0
3.95372
0.670028
8.61733
0
0.13693
0.191895
0.443374
0.488024
0.442363
1.61558
0
1.59107
11.2147
6.53423
0
0
0.116258
1.33194
0
0
0
16.8274
4.35397
13.8059
0.22944
5.05728
0.0981924
25.1079
0.704009
2.31936
1.66258
4.33556
3.19581
16.9559
3.86826
0.12055
1.8465
0.819287
1.56116
0.306731
0.64706
10.334
22.535
23.5528
21.8852
10.7442
0.0492471
1.35308
0
1.95806
9.53012
7.142
2.64001
7.24777
5.01005
6.17957
24.6557
0
3.17071
14.7171
15.5969
27.9538
17.6218
15.3292
27.8461
1.18241
4.64079
20.4545
14.0291
17.0975
30.5285
6.25259
36.2811
2.97463
10.9133
40.5432
0.423398
0
0.0289409
1.03855
3.52505
0.183162
0.113335
0.331973
5.66423
8.66595
3.79115
2.68304
21.9252
1.99736
2.82292
1.94864
1.24651
0.954855
0.0336647
1.82017
1.04913
10.5244
9.88279
4.65766
13.9281
15.8581
11.7369
0.667839
0.131922
4.42026
25.1509
28.0524
5.01514
3.75961
0.796362
12.9546
5.50626
2.26215
10.4653
0.2317
9.91613
2.81527
37.9857
8.10173
4.86042
0
3.60018
25.8923
0.8914
0.0476499
0.798574
0.0248111
0
1.77013e-06
23.9266
2.01674
5.08668
0
0.0106667
0.0396994
5.03428
0.045056
6.80924
0.70427
0
6.74138
9.60883e-08
0.0123287
1.31257
3.30541
0.918525
0.565508
5.67269e-05
2.98375e-06
0.0577302
0.00128539
1.57931e-07
0.0350618
0.900859
0.00276108
0.484918
1.95981
1.1658
0.00115311
0.00130748
3.82507e-06
6.1712
1.45014
4.99813
52.6179
5.12981
1.34645
2.74584
2.75321
10.2523
6.41295
13.5401
0.00377055
0.637164
3.24183
0.105534
8.29872
19.18
6.29493
1.64446
6.49255
4.93179
2.21598
1.8392
8.84886
0
0
0.0111227
0
4.01623e-08
0.656009
0.129284
1.22427
0.0326812
0.0152513
0.951086
2.98821
0.142583
2.50891
0
0.980861
0
19.7541
0.00324938
2.66561
3.08062
31.8899
15.2088
24.2362
3.65753
9.51804
16.9844
8.47336
4.80118
11.8792
51.2635
1.77505
4.24047
12.7138
1.46461
95.858
26.4459
7.8324
18.9625
18.6645
7.77364
20.9928
0
1.9997
0
12.6577
4.17673
8.38795e-07
22.1937
25.9939
0
15.7383
5.80709
4.34165
13.2186
0.000703618
13.5276
19.6856
19.6571
9.05307
7.08889
20.8455
2.00155
6.36435
12.7487
5.5914
1.78381
0.199574
14.8979
2.21179
3.78526
4.28028
0.896479
3.06648
2.31874
5.97031
0.995256
2.0115
1.86175
0.318103
2.13573
2.74058
3.6656
1.44999
3.32644
1.79759
0.646297
0.511115
0.0625337
0.768965
0.573903
0.663622
0.0118986
0.130406
1.35194
1.80749
1.26777
2.67454
0.868819
3.99893
10.6235
0.0708597
4.39126
2.06282
0.16792
1.89354
2.34503
0
0.937246
0.848143
3.89385
0.00257938
3.80601
12.9246
13.1488
0.371408
0.0901144
24.1939
13.5777
5.02563
1.77314
10.7983
44.7852
1.49872e-06
18.5296
7.43055
0.58563
0.521897
6.12354
0.0195343
2.20603
2.73469
0
1.02333
0.192472
13.8683
0
0
0
0
12.663
0.918805
0
0
0
11.8026
24.372
28.6196
42.5128
1.47885
45.6125
20.0882
3.70321
28.6694
1.6413
19.3102
6.0894
0
0
17.8127
1.41203
0
6.53227e-05
0.551587
0.833463
0.154103
12.6529
0.0271309
1.74784
22.5776
0.121101
0.649498
0.0361689
0.940982
5.9836
14.1548
0.000947171
0.107284
0.67776
0
0
0
2.91065
0
0.138514
10.9306
1.81562e-06
0
2.79153
0
0
0
7.68045
5.76228
0.0290801
0
5.84925e-05
2.14395e-06
20.0712
0.020535
0.000312588
0
3.74299
0
0
0
1.83203
0.00316862
1.50417
1.53178
0.000127646
0
3.18346e-05
15.3053
0.414293
0.00350941
10.8039
0.95839
0.0475369
0
6.74002e-05
2.56549e-06
0
0
0
0.134051
0.768526
0.00249437
0.00307969
0
38.3006
0
0.0889987
0.0928464
0
2.9559e-06
0.978904
10.8512
0
0.0515938
0
0.853193
1.09359
2.05774
1.10666
0.821
0.354893
0
0.123856
10.4771
6.84881
0.978978
1.41508
0.179826
0.156514
26.0382
0.89081
1.71138e-05
1.08455e-05
0.966303
0
0.338117
4.59265e-06
0
2.10585
0.74014
2.02272
0.216658
3.07596
0
6.15245
1.96554
0.94821
3.33043
0.668549
1.79862
4.77729
0.235703
0.017324
1.65736
21.5638
0.0314749
0.910485
1.71192
1.06746
19.8778
2.4175
7.11317e-06
2.38856
0
0.0225172
0.489964
24.4453
0
1.09833
9.77901
0
0.00120986
1.87299
0.104037
0.0487668
0.901834
0.777089
4.00358
0.497116
1.07313
0.0006258
2.3389
3.08951
33.0278
2.14479
0.697477
0.00041616
3.27574
2.06116
0.080423
21.9538
7.07023
6.71543
0.233025
5.38951
9.02632
14.4475
11.1873
0
7.33316
25.7714
6.85866
19.3849
2.29361
0
13.1874
0.414172
24.1455
0.238062
0
13.68
0.0261894
0.897045
3.01145
0.0164892
17.0199
2.51409
1.51064
14.996
19.2221
0.0438786
12.1881
6.69168
7.85507
1.06056
2.61514e-07
28.3287
28.4606
2.42576
1.02065
24.0724
16.941
0.292659
3.26698
20.2776
11.4977
22.6723
13.1157
40.0301
7.70104
13.5031
23.6062
0.728201
24.0425
0.906771
6.31161
8.81482
7.42419
8.9394
0.903975
0.0435424
1.69224
2.39283
0.0420631
0.375603
0.521733
0.973063
0.657832
4.82313
9.78069
0
0.0117722
0.223744
0.310186
0.586955
0.828672
4.53541e-07
3.80659
34.8408
2.75482
7.73988e-06
0.495364
5.56763
0
0.153879
5.59873
7.31462
6.04295
5.43779
31.0085
0.140594
4.20828
0
1.68958
68.106
0
0.752946
27.4009
0.0842558
0
32.5263
1.58455
0.74621
0.0783781
0
40.0452
12.5981
0
13.4339
0.842515
0.0570311
25.3217
7.4557
4.66012
10.6107
3.35913
10.0953
3.48161
1.3611
1.59805
0.223552
2.37778
0.912319
0.427866
2.3873
82.8512
1.06179
30.889
8.17596
3.69811
13.1112
15.4068
17.9232
3.12488
0.000180998
0.537662
0.0262535
6.25784e-09
2.0713
0.00616908
0.881874
1.77133
0.0281361
1.5652
0
0
6.96137
5.58519
0.00217276
25.4118
2.41451
2.83522
11.4317
4.02957
2.55269
0.0519843
23.4797
6.65928
10.9042
13.0043
13.744
7.82216
10.2297
2.19103
0.243486
4.2094
3.83209
4.8637
3.95988
5.3491
6.91021
1.68666
1.76742
1.39536
0.0508209
0
0.0961855
0
3.04199
0
8.01229
0.18276
1.21764e-07
9.48522
11.3253
7.21658
13.4498
3.6247
2.72737
0
0.00173399
0.148219
5.17632e-05
0
15.751
0
0.132387
0.0434827
13.4201
12.9453
5.37956
3.21758
2.64386
2.62537
0.313916
0
2.99085
6.28686
1.68626
4.314
0.0383913
1.16979
0.00941699
0.546249
1.94739
2.59434
0.000123554
4.0592
1.45942
0.119494
1.13743
6.23104
7.94512
1.44939
0.685857
1.0194
1.24397
0.127325
3.12529
0.555353
0.799872
1.04654
21.8973
1.75177
0.106736
12.3399
1.10491
16.5189
0
0.482003
15.4309
