8.36825
2.4682
4.88467
0.84163
0.569833
9.02946
0
8.36562
16.2187
5.98849
3.88271
0.165114
0
0.886644
5.84618
0.135264
2.86975
19.5195
5.79727
2.85213
2.77977
5.37523e-05
0
0
0.270026
0.424306
1.80495
0.634048
22.4088
0.00695972
0.0345536
0
0
0.0744896
1.00834
0
0.491595
3.51193
2.06053
0.665149
2.89675
13.3954
1.38118
4.19593
0.422671
0.890204
3.22896
0.00646503
1.14934e-07
0.849568
0.000268127
0.611576
2.8141
0.104454
5.58974
0.12335
7.65617
3.00316
0.723397
0.494949
8.70231
0.00977663
10.9334
0.444052
10.2386
0
5.18924
4.20437
2.99542
1.10095
5.95642
0
0
0
0.830019
0.208483
5.37912
2.92991
1.08647
0.683404
2.01024
1.21451
9.44683e-06
0.718488
7.72618
1.04737
0.466529
0.986662
0.0147271
1.43088
8.33585
0.169594
1.2536
1.27403
2.77424
1.51816
1.16756
2.28296
0.0223812
0
1.34666
4.54676
2.36332
4.06889
3.66037
4.43107
1.15952
3.25342
0.313466
4.3527
4.40661
0.1597
1.84676
0.193546
2.84341
1.78268
1.13466
1.95177
2.65277
0.66742
0.212466
0.959575
0.395631
1.15482
0
1.65745
1.26846
0
0
0.998868
0.9237
0.30251
0.480735
0.6881
5.1914e-06
0.820119
0.647726
0.20137
0.0300468
0.868829
0.0954697
0.074852
1.0353
0
2.19222
5.13004e-05
0
0
4.6621
12.8674
0.0138686
0.00844851
0.984497
0.00118429
0.0628942
1.9053
4.34986
9.46201
5.01697
0.304508
3.19759
6.35238
5.23512e-07
0.869933
2.83792
0.0119928
0.0497239
0.595776
1.64127
1.12514
0.328516
0.234248
0.0515243
1.74894
1.04299
0.0759802
0.128349
0.777477
2.60414e-06
0.0107832
3.65111e-07
8.82634
1.77809e-07
0
6.36693
3.01078
13.8939
1.867
6.39061
28.84
10.0888
7.15131
6.45625
10.3822
0.934436
0
1.57032
2.1828
5.65751
2.31789
13.1743
14.6272
13.4199
21.6398
9.70306
1.08375
6.27397
1.21508
20.5057
18.9044
16.8413
12.6243
0.660035
9.49344
18.0789
11.4569
1.24189
18.6819
22.1704
4.31865
1.44748
4.25523
43.9434
1.29658
6.95907
9.50906
13.215
7.74558
5.46567
0.640377
2.64126
1.03716
9.81766
0.719385
0.718807
1.22817
5.11935
1.90843
1.0921
0.939676
1.43244
0.104482
0.865244
1.82008
2.14502
2.59588
0.0538294
0.00766627
0.125155
0.000194912
1.32129
0.127312
0.307309
0.57986
0.109684
0
0.745357
0.821344
0.00372979
0
1.98023e-05
0.0729961
1.141
0.878988
0.610171
0.0602459
0
0
0
0.107187
0.587107
9.02462e-06
3.59118
1.22337
0.327822
1.79527
0.0266238
0.165876
4.73747
0.965337
5.88021
0.461113
1.1119
0.0597194
0.00254176
0.219148
0.907437
0.544483
0.161144
10.747
0.000257928
0.573696
3.30513
0.713805
0.00375096
0.239806
8.6545e-06
4.49026
4.11838
0.808876
0.565968
0.310705
3.66515
3.66062
3.33464
4.88792
5.68633
1.78382
0.00586859
0.325823
0.674203
0.320818
1.97836
2.35715
2.78895
3.70408
11.1781
0.948752
3.7477
0.090175
0
1.52055
2.3584
0.451386
5.84631
1.72225
9.64008
8.08827e-07
0.0115683
0.0737487
0.126464
1.12158
0
0.629381
0.15867
1.42322
1.43867
1.60209
1.26122
0
44.3811
0.808192
7.86809
0.999063
0.0215935
1.00674
0.688252
1.32065
1.25923
0.808152
0.0082831
0.000213882
3.10866
2.84396
0.0684806
0.116659
4.2592
1.41291
0.0257004
0.129129
1.3743
4.49917
0.00345172
1.77655
0.0344986
0
0.000799659
0.0108754
0.395071
0.585031
0.0255564
0
6.16661
2.16792
1.05867
1.25475
1.20195e-06
2.81753
2.6357
2.34819
5.70738
4.16965e-05
3.9419
4.777
4.93727
4.55339
1.75133
8.28937
0.617396
1.56657
1.13812
0.823063
3.03752
4.4794
0
3.08057
6.88822
4.22409
1.3418
11.4033
3.05415
22.8834
5.42441
8.69953
13.7612
6.42982
4.86223
6.01463
3.13746
0.826029
8.56943
3.57254
2.28384
14.5312
2.01829
0.956853
42.5959
9.82188
4.41634
0.650193
1.0881
0.000290156
0.36121
1.0892
1.60528
3.30236
9.35279
2.46633
4.70841
7.3854
1.52234
2.90787
1.34507
4.01839
4.65249
6.45928
10.5754
0.188062
1.334
1.6371
1.54023
3.93767
6.05806
9.59331
10.6363
0.196213
0.0214383
0.970925
3.38423
1.46654
0.427395
1.99927
13.9039
3.89175
3.35635
2.55577
12.1082
6.29566
2.34598
2.80366
1.05568
0
0.277442
0.153572
2.54832
3.71914
2.51634
2.14843
0.79909
2.94414
1.6673
0.991041
0.912647
0
0.00301522
0.547097
0.00187328
3.64232
2.97999
1.84213
8.609
3.67865
1.20144
5.14593
6.01406
2.72194
5.1538
2.02945
2.12227
7.57654
7.17882
17.3002
6.55569
0.751772
0.0115973
1.19617
0.00156433
0
0.0216521
0.00469239
8.58822
29.2105
6.00295
5.15854
13.884
3.38794
2.0659
12.586
0
2.26812
0.325882
5.07927
2.7455
2.69622
3.07356
8.25245
9.44958
1.77113
13.4807
1.74736
1.34888
2.38598
3.23574
0
0
6.44458
0.0127501
0.208671
0.0168518
1.0376
0.227897
7.71967
1.99914
3.93738
0.171118
2.31328
0.916809
1.16521
0.622581
8.87587
0.514651
0
1.80793
9.26216
0.361659
1.05394
0.466589
0.093384
1.38121
5.39168
7.10376
6.54712
0.0435814
11.3197
0.00178236
1.04677
10.9631
5.38895
8.44942
16.8562
3.62193
2.09789
0.422471
8.22826
2.91086e-06
0
3.4403
0
0.717945
3.26964
2.36858
6.97682
0.530865
1.12143
0.933518
0.166496
0.104646
3.58097
11.2908
0.518297
0
2.36698
0.0030318
4.0973
3.1145
0.508175
7.20974
0
3.23911
1.28782
1.80759
1.73492
5.96423
0.860379
5.42396
13.3104
20.6396
1.04188
0.193691
23.8098
8.11304
7.02982
4.4977
1.55068
5.34204
4.97011
1.22346
0.150404
0.0788891
1.01151
0.0138992
0.0580721
12.7436
4.44549
2.43751
0
0.418658
0.731969
0.127198
0.44884
0.0307059
0.251812
0.00395262
0.685626
4.21479
0.00608111
0.772007
8.30299e-09
0.737178
0.00883776
0.796879
0.944172
0.464632
0.33594
11.7405
0.643946
10.5686
3.20997
0.329563
0.00263043
6.81543
1.92114
1.52727
1.60947
0
5.9043e-08
0
0.16006
11.7357
9.25505
0.539671
4.88964
0.142463
2.53497
5.3771
3.31233
12.0435
0.140444
2.00531
0.30136
0
0
0
0.0772246
0
8.56709
9.34038
18.1646
5.63358
3.32817
1.05403
5.13666
4.46415
12.7967
23.7597
0.0723372
1.97298
2.54373e-05
1.91625
4.7945
1.82313
0
8.50644
7.66087
0
3.09101
0.78271
0.119065
1.13484
1.73902
0.475624
1.90161
0.374203
3.75064
7.88694
0.80366
0.490361
0.358165
0
0
0.689608
0
0.330754
0
0
11.735
1.10881
0.826072
0.396909
0
4.66955
1.22432
1.07028
3.9938
3.1812
3.0391
4.29114
1.17716
2.61638
10.1154
3.29321
5.99744
6.08796
8.99207
15.9136
0
1.16604
17.6262
0.958247
0
0.509766
0
9.29788
28.3941
4.00196
3.75452
18.9755
1.62663
7.24619
0
0
2.49367
9.00692
0.00482371
0.00760419
1.46701
1.18593
12.7326
0.685965
0.166149
0.158691
1.03606
0.373855
0.349659
1.23183e-08
0.316221
6.67876
3.19514
0
0
0.0110604
3.38632
0.0648142
0.0318192
0.214959
4.11236
19.9786
13.7445
0.00600774
5.47993
8.08722
2.12517
6.40023
0.452507
3.19418
1.87017
1.24166
0.00957518
0
0.000235865
0
0.762147
7.2024e-07
0
5.81227e-07
1.92725
3.3326
4.15946
14.0259
7.72695
0.959863
5.41255
2.39907
0.880465
1.89564
0.620902
5.80091
0.876424
2.71772
0.761047
1.35183
6.96531
3.25973
0.205313
0
4.91075
1.89976
3.72139
2.60279e-06
0.0905382
7.05499e-09
2.90623
0.748385
1.45074
4.18218
0.722936
13.2364
1.75135
0
0.199422
0.189177
0.926283
0.016499
0.242318
0
0
0.155964
0.420567
2.82124
0.951421
2.61444
1.67352
1.59979
4.43853
0.872328
0.84832
5.70786
2.91596e-05
0.0239283
4.633
8.7716
1.17273
0.794838
0.627353
0.00211465
0
2.91743
9.77989
1.57989
11.9597
0.227164
3.10937
2.90717
1.44232
2.42291e-08
2.73592
0.556302
2.49798
3.77799
0.0771099
0
2.48748
0.299686
0.0139535
1.68239
1.30074
0.0939527
1.10149
1.97789
3.26729
5.27062
0.509959
0.883128
5.72232
0.0728315
13.5964
0.00603231
0.0169765
0.862189
0.525237
1.44422
0.0391223
1.22655
0.866268
0.0505114
3.11669
2.79417
2.63553
0.0701251
0.822458
7.99962
5.07242
2.82329
1.52351
0.513418
5.70944
0.178427
0.121921
0.737386
1.59611
5.48309
0.388733
6.34413
2.07767
2.99743
1.30797
0.809322
1.41473
0.0502116
0.618936
3.26874
1.94044
1.20898
1.73249
4.76015
4.0783
8.42637e-07
2.91499
0.303604
0.978983
0.233447
0.0824392
2.65712e-05
9.5806
1.89582
1.59939
0.646929
0.0589529
0.593748
0.258597
0.159471
3.36488
0.234701
6.33061
3.33248
0.0314465
0
1.41998e-05
4.24459e-05
10.0923
0.167927
10.0063
13.6915
0
0
4.54296
0
0
3.41291
2.94097
5.81633
0
4.09305
10.5421
0.0473887
0.899874
1.77641
3.19249
0.263063
0
8.61851
0.541723
1.29419
0.602045
2.76382
2.29561
2.14396
7.64542
0.0446631
0.335416
0.844712
0
12.7297
12.8164
0.154932
0.84321
13.0614
2.60086
5.65484
0.0172816
0.00110924
0.108452
0.00745136
0.209234
1.25032e-08
0.195371
5.52487e-06
0.00594622
4.41586
0.185748
1.63692
4.24219
0.1415
1.63684e-05
0.505942
0
0.0262361
0.020373
10.5226
1.96172
14.167
6.34831
0
2.44943
0.890492
0.987756
3.10854
0.294347
1.03067
0.00112091
0
0.489681
0.427944
0
0
1.838
0.98815
1.9
11.2376
2.56503
0.301712
1.90397
12.9459
13.5907
1.903
2.12941
0.974207
2.65495
0.618316
5.54687
0.025243
0.000932556
1.15163
0.908163
0.257096
0.00349349
2.37115
6.09028
0.105923
1.8747
0.58971
0.0254087
0.131437
0.936663
0.000171124
8.40361
0
6.39808
0.402615
7.00028
0
7.9621
7.89855
3.13705
7.54133
0.002712
2.19524
17.5114
7.96711
0.0687675
0
0.821975
4.53556
8.42289
4.81797
5.15842
1.67781
0.0537759
1.13049
6.88329
12.1357
9.84036
12.9152
0.00290968
14.624
2.24032
1.9296
57.3512
8.84434
1.21229
1.0534
1.8289
3.11052
0.574471
7.23663e-08
6.37854
4.11741
0.409253
1.91225
1.44903
0
9.79673
4.00722
3.67903
4.01492e-06
0.916948
1.34365
0.602169
1.22382
8.67905
4.1824
5.03562
3.591
2.64191
0
0
8.37984e-06
2.93475
3.09339
1.20127
3.61222
5.39779
3.41622
2.55053
6.78903
5.96821
14.9572
16.0018
5.67484
1.66924
6.77883
0.00716762
1.8591
0.0687463
0.195281
1.29367
2.08493
0.0184961
0.691409
3.00339
0.00236978
1.84568
2.31426
2.60418
4.91482
10.5988
0.124043
3.33135
4.39109
0.238126
0.61392
0.0799559
6.23057
7.60149
0.0286723
1.75061
0.361584
1.08609
4.76681
3.59753
6.9535
2.2168e-05
0.484461
0.469294
3.16626
6.79437
4.0723
0.328112
3.8899
0.355791
0.0593494
0.0914168
1.01725
0.0163182
6.9888
0.953104
3.57324
0.396316
12.9229
1.53321
1.31598
0
0.106384
2.46877
5.63699
10.7929
4.13577
0.109425
0.565132
1.77389
2.72696
0.814907
0
2.07008
5.04652
4.29165
0
1.65833
3.6636
0.551489
1.51075
0.0198351
0.0015808
0.907039
0.00142149
0
0.188109
0
0
3.99784
0
3.91949
1.07898
0.145968
1.00864
0.890315
2.16758
3.10165
0
7.66344
0.00974163
0.0372798
0.809376
0.0447604
0.569137
0.981809
1.54011
0.810898
0.0597015
0.0380369
11.9947
9.92914
2.11598
5.83313
0.0308405
1.59584
14.7381
10.7848
0.103225
0.816577
2.01251
6.24201
0.758974
0.835346
0.858409
0.980658
0.309358
0.0188795
1.9601
0
0
0.130779
0.404317
3.57859
4.35829e-06
0.811142
0.019242
1.08079
0.0671111
0.685193
2.01727
0.471406
1.06948
0.288051
1.88271
2.53367
0.813498
0.0473811
0
0.00403335
4.49531e-06
0
0
0
0.610962
13.6355
1.35475
0.108684
1.40965
3.39834
0.0800813
4.41536
4.75053
0.168901
7.32359
17.7537
9.66238
15.9039
19.3994
9.27188
19.8446
0
5.5112
31.8049
19.6438
5.15267
14.7559
0.928619
9.22035
4.15111
0
3.82556
0.741536
0.0278157
6.4549
0.278479
0.00406207
3.99187e-06
0.821695
0
0.0575189
0.000143651
0.000681565
1.28309
0.216387
1.19054
0.502329
5.88951e-06
0.00295153
0.00120165
0
9.74238e-06
0.303821
0.00234417
0.691957
1.41332
10.3256
17.5395
0.120226
0.0174214
7.21225
2.54834
0.0185235
7.27817e-07
4.45154
0
0.967497
4.39611
0.000571255
0.0416047
0
1.37047
1.71255
5.20805
0.0598664
1.83784
1.41891
0
0.00081694
0.815843
1.73358
4.06646
0
5.34248
2.52838
1.17388
0
0.00403249
9.60766
0
0.0372714
0.027115
2.00096
9.6104
1.91769
0.891182
9.04065
0.198684
13.7256
7.60904
1.09656
7.50295
0
0.150112
0.0986612
0.940104
3.39833
2.86303
6.00052
0.0259534
1.60653
0.364451
1.07503
0.775915
0
0
0.850016
0.98006
0.134871
0.356037
2.41655
0.285057
15.1436
0.0150187
2.92839
0.48554
0.703739
1.03803
0
0.0103115
0.468114
1.97033
2.64217
1.62309
7.31803
5.04562
1.03027
0.0219297
3.29525
8.15649
0
3.3816
0
0.406612
0
3.3612
7.90941
0
11.9769
0.0427225
28.9489
1.22502
1.71228
0.299989
0.517428
0.399126
0.0158149
1.26792e-08
0.0250026
0.00354088
1.85635
0.971512
0.00213802
0
2.11283
1.945
2.32688
2.09605
0.60674
1.06842
5.55197
1.9509
3.83224e-08
14.6931
0.138545
6.70205
3.73997
0.272419
16.998
10.0596
0.103463
0
9.72345
21.9696
2.17013
3.35571
0.0670351
17.1019
6.08827
3.15438
0.0840645
0.48211
2.56552
0.871522
4.13644
5.71197
4.75335
1.16749
3.83959
3.39804
20.8997
0.210863
0.00038641
4.71032e-05
0.0470236
0.5725
0.382438
0.740233
1.15653
0.0881772
11.1366
0
0.0967984
1.15414
1.25467
0.480436
4.01505
0.00157549
0.146023
6.25082
4.17892
4.12203
7.59235
1.77702
0.164938
0.00646618
4.41325
9.12994
10.0057
1.49652
0
0
2.04967
1.28183
0.431914
0
1.16652
5.77527e-06
1.4239
0.214483
0.0009362
0
0
0.00681264
1.06616
1.02105
0.799975
1.44137e-07
19.7856
0.466705
0
0.00204848
3.2877
0
5.09859
7.61474
0
2.20211
9.08967
2.35317
0.555267
13.98
0.934696
0.809541
0.653115
5.1837e-08
0
0
0
0.364287
0.031447
0.108583
2.69287
0
0.000103333
1.01455
2.13351
0.138752
2.75387e-05
0.00481121
0.000896564
0.554813
1.38727
0
9.96715
0
22.6878
5.27521e-05
0.193894
4.9215
0.120737
2.8123
1.64171
1.045
0
6.99053e-08
12.9753
1.77002
1.51319
5.66174
3.19494
1.68549
0.029475
0.0575843
0.0928165
1.16898
0.786312
0.0223642
0.828957
0.980442
0.0788758
13.3549
2.28062
0.106583
0.40278
0.112297
1.55461e-05
0
0.000247969
0.334795
0
0.00917724
1.57389
0.913857
0.101146
1.16929
0.847973
1.66944
0.846873
0.000699007
0
0.0376356
1.30738
0
0
0
0.019943
0.947841
0
0
2.20714e-05
1.43462e-05
0.0491944
2.22292
1.31097e-08
0.637813
2.25068e-08
0.0128827
4.754e-06
12.5349
0.00676051
0.713508
0
1.13787
0.239569
0
0.20392
0.0192843
0
0
0.00293146
0.000786536
0.00178257
7.22888e-05
3.28375
0.510351
2.00996e-05
1.85913
0.00074427
0.895331
2.77431
0.00263103
0.0541194
0.0380769
0
3.46359
0
1.33291e-05
1.27129
1.13717
0
0.196333
3.6627
0
0.694936
0.143018
1.9159
0
0.0187999
0.550726
0
0.934917
0.0539526
3.08928
0.648016
5.24478
3.89401e-07
0.562279
0.000255724
0.215187
0.000566714
0.0480318
0.156229
0
0.674022
8.32433
0
5.71293
4.58896
4.44641
21.1558
0.80007
3.86772
1.08448
1.94849
1.27639
0
1.25188
0.247508
7.89725
0.953155
0.721354
1.07727e-08
0
0.191035
9.36979
1.57048
0.00102513
0
6.75904
0.089217
1.87164
2.39711
0.568739
6.35769
2.44317
9.64835
0.945368
0.215344
4.03844
0
2.14884
4.40382
8.33261
18.645
0.332767
1.00676
3.48054
6.48262
14.458
17.5156
13.7185
3.73033
1.42153
0.679803
2.56564
2.85425
0.784929
0.399024
0.00134661
5.97279e-06
4.07653
4.75632
2.93165
0
1.37132
0.690429
0.0171465
2.52831
4.86208
1.88765
1.96454
0.147496
3.5797
8.01823
7.43626
3.29353
3.72087
0.0873992
1.62168
1.43833
4.2377
0.678582
0.264527
0.187625
0.00403273
0.0939797
0.0159049
0.997834
0
0
0
2.12786
0.99883
0
0.294697
0.055708
2.07549
0
0.0049023
0.685603
0.863934
0.087004
0
1.19714
0.0075412
1.06254
0.24138
1.51484
0.000574366
0.122938
0.378624
2.09991e-06
0
3.05262
0
0
0
0
0.00164502
3.52327
4.82799e-08
1.19956
0.00107899
0.736879
0
3.0437
0
0
0.21086
0
0.320962
1.3989
4.14265
0
1.04085
0
0
3.15009
0.355206
1.83173
2.77194e-06
0.292865
0.0267778
3.18407
11.5043
0.909135
6.69292
7.52519
9.49743
13.845
10.1023
16.1535
15.0332
25.3016
9.51498
9.6981
0.978309
0.000839204
0.0333462
9.34948
3.01153
6.22848
6.31035
3.08526
2.85294
2.64066
1.67496
3.84217
7.81342
4.4241
4.99601
6.85863
4.42765
8.78552
3.73124
6.01134e-06
5.62695
1.3262e-08
6.00573
11.8722
26.794
5.55987
0.122665
7.24159
3.02104
3.16858
0.366602
2.27887
3.31654
3.26042
3.66127
14.9301
8.64707
9.84076
5.26415
3.0632
2.45376
1.74932
7.04776
0.000317577
6.02563
5.00095
4.23178
0
2.76746
2.80516
0.5535
0.00467339
1.64356
0
2.07758
1.87491
3.02986
0.000493601
7.44098
3.84579e-07
0.758896
0.116281
0.000393844
0
0.334649
3.16831
1.33687
0.00421898
1.61679
1.25618
0
0
0
0.401602
1.01423
0.0187618
0
1.1929
0.739744
0.512727
3.20494
0.834411
0.716556
0.256726
0.759813
1.88929
1.52396
2.10166
19.2239
4.90017
6.75215
3.88032
3.7551
10.0173
5.28793
3.95927
1.9286
2.89308
2.41515
0
1.5034
1.5834
7.52816
0
3.85405
0
2.35507
1.78217
0.804157
1.2848
0.250415
2.23282
0.445337
4.12311
0
0
0.98523
0.142809
0.434494
2.45546e-05
0.772626
0
0.0973
0.029346
2.39221e-05
0
1.08005
1.88567
0.720662
1.78617e-05
0.0227942
0.00451066
8.32543e-05
0.000130228
0.0357517
0.800545
10.1216
0
0.683887
0.895196
0.045322
1.63221
2.48346
0.0408344
0.0257486
8.6832
8.24648
1.06284
3.09008
0.742653
0.313036
0.939031
0.551115
1.0855
0.000453556
0.712424
2.43616
1.43723
19.7041
1.97743
0.00132895
0.310469
0.331832
0.268861
6.46168
0.0112258
0.844256
0.851615
11.091
1.08793
5.59708
2.67546
2.65215
4.56766
9.06757
1.70495
1.10261
0.441558
1.54258
0.772506
0.470562
7.68391
1.51757
0.361295
0.149075
0.100205
2.8412
0.569798
4.139
3.31576
2.42815
0.246708
14.4206
1.94232
0.761413
0.0211663
0.391705
2.78873
0.458033
0.655889
10.571
0.127531
0.0961849
0.556401
0.0503916
0.66265
0.0554532
3.70222
3.17021
10.8755
10.8366
0.108102
9.86139
8.78266
3.00963
4.68359
0.0116951
59.9919
0.205996
0.774604
0.746545
12.7182
7.88749
3.02243
2.26578
9.29807
0.00822332
0.0215232
0.784465
0.00705573
0.748025
2.01021
0
2.87245e-07
1.18663
6.71307
3.70516
0
10.7677
0
0.00162389
0.00619911
0.000752373
0.0561299
0.427028
0.00684142
0.0030801
2.33218
1.67887e-05
0.000411113
2.87226
1.03301
8.81765
0.708702
1.37603
0
0
10.5319
0.983682
0
8.05288
1.00165
5.28058
0.313876
10.131
2.04119
0
2.04964
2.54844
0.570243
0
1.52473
0.0733137
0
0.197321
4.76091
0.00728965
11.8352
1.11099
13.8214
0
0.220068
0.00215082
0.0158155
0
3.78269
12.2928
11.8758
0
3.53213
4.14971
4.56026
2.61576
0.16334
0.000299782
5.56783
0
1.01549
0.0392695
0.345146
0.0014504
0.0659963
0
1.26689e-08
0.149739
0.448829
6.34751e-05
0.0384598
0
0.675454
0
0.555979
0.0844285
0.0416041
0.000148931
0
0.979715
0.661662
0.0617228
1.02808
0.831324
0.957977
5.17793
1.02215
0
2.33023
0.968816
0
0
1.27674
0
7.01441
1.33863
3.65469
1.92328
2.41442
0.216674
1.02275
0.0053966
1.652
2.02632
1.17346
0.192765
4.40472
1.66071
3.92847
2.01217
2.99974
3.54666
2.18021
5.01402
5.47339
3.83686
3.31859
5.55128
3.98776
2.18126
1.40822
2.12697
3.54937
2.55568
0.217607
0.250345
0.854046
6.18659
4.85511
1.3211
1.79371
2.28549
0.0549621
2.49066
0.763069
0
0
0.548887
0
6.51919
3.81279
0.0242646
1.84422
0.142585
1.05786
0.00642324
0
0.724187
0.00209452
8.80223
2.05086
0.558103
0.190706
8.9071
7.61585
1.03638
8.21471
1.65648
0.249921
2.65369
0.204823
4.88404
0
3.3126
2.671
0.146598
6.55036
2.62141
0.494309
2.39564
5.14657
2.6305
5.83414
14.6831
3.20589
0.950359
3.08053
0.425405
5.33102
9.20927
4.14734
9.33303
7.93526
8.38886
12.6923
19.1617
20.0314
7.1677
15.783
15.546
32.2639
37.3554
11.9242
9.082
2.95732
1.33952
0
0
0.0275267
2.54671
3.08376
3.56684
5.5359
4.93956
4.57641
7.82775
5.76547
5.22124
7.85688
2.26283
3.52259
1.04404
1.23099
1.7809
2.11662
2.22882
2.13439
0.963289
31.1359
1.83605
0.89715
2.36711
2.41973
4.43979
1.36798
4.06558
2.42174
0.694048
1.85691
2.61128
4.2476
7.53922
5.81048
10.0783
10.1422
35.7429
7.2188
6.8669
0.621995
0
2.84709
0.457152
1.68949
1.67464
3.30518
4.96059
0
4.93391
10.889
5.75459
1.44881
2.2947
2.55853
7.07704
13.4579
0
0
0
48.602
19.0417
13.7976
1.25059
29.8886
2.82321
4.85037
0.20942
0.787496
0.0375914
0.972445
2.13832
0.579293
5.22596
13.6099
22.6785
3.86843
2.68207
0
20.1705
6.08311
6.50236
2.36732
0.176062
4.0416
3.91057
2.75381
2.8449
11.1501
7.25072
8.17353
6.60728
1.57948
8.63002
10.4185
28.4234
4.15043
12.0583
4.59653
11.7311
2.78243
30.5131
3.49768
7.80307
7.6333
4.76374
12.4806
3.02924
1.47767
0
2.62156
0
3.2024
5.15334
16.823
1.99775
0.98974
2.42392
3.93846
0.829981
1.84287
3.25361
6.75189
2.17781
1.48354
4.56332
3.68233
0.313836
2.02284
5.75227
8.06983
1.90738
6.31575
2.07868
0.165151
3.82896
1.01065
8.504
0.0208842
5.5089
7.19502e-07
0.297689
0.0342165
4.34977
3.33493
2.81389
1.79239
3.32534
5.58245
0.00304861
2.80604
0
0
2.20039
1.31403
4.95545
3.41402
0.515761
1.80444
0.389893
0.664958
2.81945
2.58567
0.0185026
1.21225
0.677577
0.102207
0.627943
0.11589
3.09124e-05
2.08975
0.943488
2.48592
1.17517
2.06986
0.789722
1.05183
0.00732514
2.26003
0.151008
0.236711
1.07213
0.508362
1.52295
0.199405
0.663729
0.0564539
1.65108
0.606077
4.76947
0
0
0.399232
0.599054
2.93562
1.52079
3.54997
0.645065
0.606575
0.761927
0.186638
3.93398
1.51796e-08
1.36024
0.125592
4.19025
1.4562
7.36854
1.47094
0.139921
5.62272
1.65476
5.88494
0.486228
10.9432
0.427211
0.475882
0.00128468
0.0667981
1.18736
9.60022e-06
1.57969
4.68057
0.437509
0.800577
5.63302
0.0362486
0.524632
1.0909
0.825152
0.362507
0
0.0364326
0
1.48203
2.62971
0.654628
0.332016
15.4932
1.01448
0.137914
3.31076
7.43634
0.865311
5.50786
0.0160305
5.06505
7.37319
2.78841
0.712139
0
1.30796
0
0.97068
13.5504
0
0
1.67532
1.35013
0
0.464821
0.503408
0.0647057
1.50616e-07
1.09516e-06
0.453843
0
1.18903
0.394455
1.21628
0
0.28872
0.00438397
0.104057
0.888763
0.00143398
0.328914
0
0.143549
0
0
0
0
0.788307
4.33462
6.82202
6.81146
5.28018
5.44277
3.54214
0.0365189
9.75188e-07
0.114031
0.629503
0.023271
2.63035e-07
1.50818
1.65876
6.31431e-08
0
2.38202
6.61813
10.4531
3.84786
0.0369975
0.000307871
1.90837
0.594159
0.301657
2.31367
7.83173
1.71116
3.66092
2.22416
1.47446
5.39139
6.59387
3.82487
7.27525
23.5795
1.1747
2.40199
33.9731
0.000480313
66.6952
47.4198
1.75527
0.0259732
0
0.0342287
1.45791e-06
0.417242
0
0.00631774
0.012869
0.0749548
0.0530219
6.24093
0.346618
3.80723
0.318852
7.77408
2.1394
2.75785
5.8913
4.60217
1.11504
3.63224
0
6.53951
7.07441
4.78814
3.57546
4.20403
2.91158
4.27404
0.0102421
1.75353
0
2.24555
1.6005
7.18583
0.553461
0.0877009
3.89535
1.20535
14.1199
1.70207
3.47415
4.29449
1.65619
0.608627
1.43296
0.671894
0.998968
0.959757
0.0101478
2.27925
7.80835
0.192084
0.792513
3.15598
0.00408618
0.987402
0.163105
0.0262633
6.13482
0.0971275
12.9101
0.602591
3.12995
6.04869
8.67416
12.9425
7.83185
15.0972
1.64481
0.689217
5.95809e-08
2.10156
1.00326
0.651527
1.52282
0.113889
1.32052
2.87086
0.0658126
0.884749
4.12367
23.1029
5.88418
1.22355
0
0
0.926532
9.26396
0.0228928
1.19239
1.81854
0.235792
0.0645425
0.0853218
1.27697e-05
0.0354979
0.0881951
0.0199033
0.531246
0.0509904
0.00258459
1.4634
3.92067
11.7098
3.23991
2.77684
10.8764
0.0657
3.79098
0.223147
9.63974
1.33841
11.7567
1.22927e-05
0.41319
6.9417
0
0.00694758
0
1.98394
1.60229
0.764192
0.0245554
0.593846
0.0285753
7.50414e-06
0.000898705
0.85466
0.0407558
1.76009
0.117264
0.264656
0.195072
1.10289
3.20319
0.438757
0.0734883
1.59125
2.77315
2.4109e-05
0.988881
0
0.00466768
7.14498
0
5.04032
7.27358
4.48016
2.83985
14.7839
4.91313
11.1114
1.2717
5.19668
2.58935
0.496522
1.97392
0.797898
1.53145
0
7.74718
0
7.72208
3.31027
5.08431
1.42345
4.6011
1.8928
0.212726
7.6841
4.40251
5.20234
3.40396
0.340958
11.3024
0
3.36752
1.82176
1.80442
3.45466
5.04439
1.04476
0.0588993
0.0121458
6.546
0.416996
5.46756
8.66084
1.07269
0.000537245
29.5639
18.0915
1.29411
0.961047
1.73459
4.07357
4.98609
1.7407
6.58589
2.60042
5.29739
5.34258
12.6102
2.59765
5.22212
0
3.45165
0.970247
13.9136
7.11097
7.06729
9.79297
4.59233
3.13783
3.82867
10.637
5.85821
3.52721
12.9279
4.82865
10.1103
2.41989
1.18158
11.2703
4.91967
0
5.06792
13.0178
2.11957
2.39985
11.3655
0.368151
12.892
22.5569
0.798694
2.73632e-05
0
22.6344
4.81654
8.74555
12.3522
1.91125
6.57717
6.46498
2.74605
6.03694
7.95439
6.28453
1.84052
11.0463
16.3078
2.64633
4.52272
13.4302
4.94489
10.1536
3.74644
13.0756
14.6122
0.599887
16.9853
4.34856
4.20644
3.24669
7.33001
11.1213
26.4151
13.6096
1.72417e-05
12.3965
8.43783
8.55209
0.000122702
1.39651
7.11296
2.59911
7.46877
4.67194
6.07266
2.56014
0.328864
0
1.67935
1.19688
8.23121
0.0989431
1.54289
11.2215
2.7667
9.89892
13.7163
0.625819
10.5592
0
6.19796
5.78713
6.98973
9.2945
2.65414
7.70711
10.1632
14.4438
10.9201
4.00247
3.06277
8.94452
2.66978
7.39816
3.71285
7.55009
0.725242
2.42457
4.93821
5.10055
4.18248
2.3501
15.5927
8.17158
0.107903
2.16019
2.52023
7.46932
2.65844
3.89642
0.373455
1.25229
8.98558
2.81393
0.00853547
4.52085
3.99237e-06
1.21062
0.884269
4.38153
1.37917
4.74137
8.966
3.27651
6.70427
10.3768
0.380333
3.30899
0
0.0749384
0.464619
1.03887
0.0334133
0.649894
2.68616
0.288572
2.2033
1.54908
0.841734
7.57666
7.12784
4.2138
1.19607
3.02174
5.13426
1.0778
8.8406
1.87991
3.81834
4.45718
0
1.90746
6.68018
3.05419
6.14942
0.0393464
3.10492
0.580179
1.4937
0.357201
5.07857
5.85779
2.82527
9.23476
7.11974
6.3307
4.73881
1.60417
1.32818
6.47667
9.39992
1.26529
2.21664e-05
6.56993
5.57075
0.871436
5.38283
0.348741
0.312789
2.62615
0.118724
17.4157
4.82906
0.349902
6.2303
0.179851
7.33736
3.40287
6.6875
0
1.34879
3.85716
1.73511
6.81969
3.58546
0.138716
2.81702
0.095437
1.11006
0.371906
1.02492
3.83275
2.3755
2.22462
1.90164
0.0280972
0.942484
1.69719
0.872551
3.37359
0.0804956
4.12328
0.194402
13.3812
3.62989
0
0.770135
0
3.56189
0.00078957
0.927525
9.79309
0.0629526
0.936402
41.6083
1.21372
36.0206
1.0811
18.0202
1.92971
0.811537
8.36885
0.0176731
0.98987
0.0285025
0.0222413
0.00787978
4.45118
0.574685
0.469518
7.42807
6.92042
4.4264
3.33273
5.63392
4.05281
1.26934
1.96809
7.02992
0.0809157
20.4292
7.56651
0.73606
5.09082
0.046063
18.6666
4.11721
0.391655
8.07607
0.549987
1.22846
0.977271
0.735055
0.0102498
0.0216995
0.00328693
7.08678e-08
1.33199
8.21763
1.91011
0
1.22131
1.50279
3.8938
4.63859
1.34259
1.37043
0.528752
2.40252
2.702
6.68422
2.23743
0.995567
1.14153
1.79038
1.61963
1.11088
0.000433351
0.230963
1.79488
5.48151
4.39038
0.0692457
1.04473
21.1484
1.72106
3.97098
3.577
39.569
0.895396
1.59215
2.27523
1.78593
1.5486
1.22375
2.32333
2.29649
0.114175
0.0463218
1.39104
1.1982
2.41938
48.3794
3.13609
19.2151
0.11062
0.00268348
5.92201
15.7282
0.0923131
0
0.0385379
0
1.6267
0.0196962
0.0174205
0.207353
0.972087
1.91005
2.06326
0.004626
2.27448
0.879578
1.57607
7.51567
0
0.0384532
10.3074
1.06017
2.20121
0
0.198379
1.25625
0.00036061
1.01375
0.2571
0.150616
0.0705925
0.0260404
1.98137
1.44733
0
1.40995e-06
0.0866141
0
0
0
0
2.76352
7.37363
4.23236
0.205324
2.11912
0.92004
4.86665
3.72096
0.982949
1.41965
6.32195
3.93605
7.25208
3.28664
0.607273
1.20297
8.97162
3.88167
0.285607
0.747348
28.7307
5.43222
11.0468
13.176
4.34147
2.95592
8.87107
0
0.0183161
4.57961
7.2754
1.21086
1.08556
0.192721
0.435275
2.27062
0.805722
0.0770584
0.586708
1.14693
4.83844
2.09419
4.26509
5.25978
1.16888
0.126861
3.07409
0.889284
1.43146
2.30764
2.57495
1.84174
0.342966
1.29264
0.379418
2.3243
0
0
0.619761
0.0180605
0.672324
0.00436328
1.36085
13.5258
6.79523
6.4959
0.170865
1.61578
7.30526
15.9458
6.07498
2.96382
0.198354
0.0117296
2.50007
1.99237
0.0120745
3.19262
2.76526
1.64617
7.22356
5.62168
0.961254
5.85521e-08
1.59077
4.14171
0.952853
1.60914
1.42588
0.889085
6.54039
1.65864
0.686118
0.154736
0.0898641
0.48371
0.562617
4.37895
6.4714
0.104778
0.00100326
2.60999
7.94417
0
0.243572
0.00167732
0.755216
0.0281953
0
4.00603
0.0668172
1.07948
0.205027
0.181191
0
12.513
0.00745827
15.6734
33.5747
0
23.2078
3.9361
0.0874181
1.51726
4.05829
10.2826
0.105625
0.360043
0.988764
0.00310146
0
0.0131111
0.0079321
0.0306487
2.6247
2.43243
5.63529
4.13313
0.334852
9.09796
0.976044
8.1465
0.112407
0.714192
1.66014
0.0175044
0.745872
2.60247
6.17784
1.40704
6.80182
9.181
3.82412
4.49586
3.78724
4.20261
11.6745
5.80259
3.87409
3.09411
5.12893
9.56209
0.0242551
5.65105
6.8935
0
0
1.00545
0.0246914
0.00505122
0.819376
0
0
0.551959
1.90107
0.663682
0.000112522
0
0.34705
2.27746e-07
2.33633
0.0234554
4.78816
3.76887
5.01541
11.4579
18.1613
5.65427
3.81375
0.102469
0.000591829
1.22937
5.25325
1.52772
3.2077
8.37515
1.04342
1.7354
4.90277
0.403689
8.36914
9.87432
0.70466
3.29472
5.29722
1.28116
5.76248
0
1.38973
0
1.96697
0.719588
0.105495
4.22029
0.109257
0.00238046
10.7778
3.27798
4.31138
3.06517
0.109951
1.09261
9.70851
2.4955
3.91378
4.94708
13.507
0
0
1.34594
1.22452
2.11988
0.966161
11.3824
0.19607
3.07999
2.36715
1.64744
2.78842
0.942903
0.14083
0.678205
0.136751
0.0611096
2.25197
0.0615952
0.780468
1.22052
2.30904
0.936919
0.879731
2.0516
0.109811
0.408315
1.30253
0.355337
0.931244
0.153276
0.917359
0.0717219
1.625
0.617807
0
0
0.419072
14.7112
0.0346412
10.2812
5.9426
1.61219
3.56399
8.95395
0.000326098
0.639004
1.34573
3.07113
0.00993015
4.23405
5.46786
4.26647
0.281269
2.65861
5.63155
15.2346
12.4199
8.78307
8.54529
7.56149
0.052445
5.2914
11.5756
0.888359
0.863267
4.39818
0.0281465
0.0694196
12.9311
0
4.88938
2.00103e-05
0.408812
1.71557
2.53404e-07
0
0
0.103029
0
0.830326
0.00307331
0
8.5616
6.48685
4.8791
3.07298
0.623091
4.25844
9.50549
1.68159
7.92387
11.1259
3.98939
1.4469
0
0
2.69857
0.00120982
0.00517196
0.102573
1.81743
1.38149
0.587005
4.17012
0.225829
3.36676
7.27195
0.88855
0.996175
0.0560068
1.27985
7.00918
3.99327
0.00057032
0.0302333
0
0.177326
1.43661
0.936182
16.8699
0.0942575
7.39723
2.95816
0.023859
1.89123
1.20082
0.987569
0.13873
0.984997
9.91204
9.38132
0.00144125
0.0983953
3.09289
0.15874
0.985449
0.0376554
0.713378
0.239521
2.81812e-08
0.0234994
0
0
0.219011
0
0.245499
1.67052
1.2685
0
0.000698387
1.0501
0.987029
0.0243389
1.37838
1.11169
0.0194695
0
0
1.96038e-07
0
0
0.923994
0.0382155
6.13677e-06
9.39963e-07
0.0314298
0.502062
2.766
0.227431
0.00267017
0.0423611
0
0.464217
1.71649
1.93873
0
0.964536
0
0.0206759
1.22868
7.27126
0.150289
0.822766
3.09141
0
1.96679
2.59165
6.31861
1.34062
1.06707
4.20829
2.27666
1.51179
1.25129
0.00660296
3.78538e-06
0.204653
0.000115225
0.000749627
1.09203
0
0.447721
1.22731
1.42137
2.38984
9.04633
0.579656
5.01697
1.13001
0.653326
0.785958
0.501645
6.49231
11.9626
1.36897
1.03429
2.62682
2.62056
0.808818
0.136937
0.0444507
0.0190155
15.4984
0.624456
0.552019
4.12297
0
0.035091
1.81743
0.147484
0
1.12265
3.47948
0
0.00340359
0.396109
0.00515984
0.0191397
0.0128112
0.0342505
0.351173
0.309831
0.870871
4.23922
1.82814
6.35746e-06
5.61916
8.9945
0.0147642
4.54715e-05
2.5392
8.71302e-08
1.83955
7.27469
1.36785
1.14115
5.48336e-08
1.07633
17.7668
8.08309
12.928
3.88023e-05
5.05356
9.63033
1.80182
12.9623
0.0448227
0.533485
13.4596
1.21086
13.4592
1.33636
3.32473
5.74105
0.993124
0.985999
3.88653
0.779796
9.21687
1.22436
1.69579
7.59226
7.20414
0
4.84746
3.12152
1.48341
6.65711
0.0758123
6.71991
9.69611
0.0493286
0.776681
11.1222
3.96574
1.02055
3.94409
4.84469
6.25338
2.39476
4.90488
4.04109
2.98296
10.6097
5.60475
0.228821
4.96532
0.199387
7.96521
10.0229
6.03092
6.74278
2.5194
0.0103745
0.305502
1.30044
3.17746
1.71207
0.29202
0.0100344
0.558326
0.389102
1.24256
0.265014
0.22461
0
0.00914605
1.71069
1.01766
0.0276372
11.3023
1.40975
0.00819219
0.0353813
1.95724
11.5887
0.00680562
3.85548
28.2735
0.0110622
0.661412
8.6159
2.71606
0
2.26455
0
0
17.9405
1.21148e-07
0.541767
3.88692
3.35142
0.0167398
17.4053
2.64256
0.0435411
0.0115247
1.73428
5.60196
1.41136
0.00726559
22.817
12.3563
2.84477
5.36591
7.36799
5.16141
4.44299
2.92554
1.68025
24.6101
23.8257
21.188
34.8016
25.2282
3.65209
2.79917
0.697843
2.09031
0.980726
7.63524
5.9409
0.76037
4.45925
8.04714
8.81558
0.532189
0.0601862
0.377684
0.0133726
0
0.506332
0.00133006
0.451798
0.346546
0.521994
0.7838
0.802118
0
29.4581
22.7872
2.58385
8.1381
19.0412
12.3943
0.594996
1.62357
3.17649
0.0337968
3.04587
0.349877
0.68301
0.711128
0.0426974
8.88889
4.47178
7.12713
1.83457
12.3743
14.6264
2.75118
27.3867
11.4935
7.82576
5.25946
8.8501
0.832726
0.721512
0.00065886
0.000297384
0.982784
0
0.00194013
4.46521
3.01344e-05
1.20062e-06
1.22424
2.80647
12.3594
4.01503
3.77048
5.44341
0
0.0990601
1.81965
0.651954
0.00368049
0.952333
0.146137
1.33628
8.45257e-07
2.81928
3.3103
3.78864
1.3222
4.12604
1.36098
1.16183
1.058e-06
2.23743
0.0112532
0.543183
3.23399
0.806086
1.65214
0
0.879709
10.0328
1.13341e-07
0
1.81891
3.54865
0.212434
2.66886
3.86835
1.82072
3.51598
0.565708
0.0560338
0.00413215
0.519684
5.11549
0
0.735569
0.0302257
13.1366
2.99967
0.0212418
4.10302
0.021012
13.2244
0.837105
0
8.31057
