4.56479
3.35868
4.05849
0
2.52212
3.31907
0
7.92459
1.01534
11.5108
11.0235
0.0859089
0
0.885906
7.42533
0
4.44353
15.9763
16.0913
16.7598
6.91868
1.80171
0.0111571
0.00220021
4.34296
5.70174
6.04616
3.45961
45.8583
0.0948291
1.6947
4.73648
2.76783
0.0860452
0.0537829
0
4.78352
19.482
19.1755
17.2057
4.51023
11.6973
1.79195
9.49792
6.3512
9.02686
2.90703
0
0.0159971
0
2.38102
4.63509e-08
16.0628
4.27127
0.401031
0.329321
19.537
2.06867
0.148417
0.311744
3.52748
0.0868553
6.38282
2.84868
1.49804
8.79778e-08
0.080484
1.77078
2.9955
0
22.6486
0
0
0
0.547537
1.70432
3.17202
1.10725
1.12047
0.918394
0.582043
0.983769
0
0
34.321
1.55164
17.1678
17.0041
9.99855
8.20228
25.0061
12.4455
3.45423
10.8444
14.0436
12.9753
8.23514
19.7331
0.494508
0.142747
3.25602
4.933
13.254
16.52
10.9545
5.70965
9.34392
5.36302
2.7806
26.2269
13.6673
8.53961
10.8374
8.35837
13.058
10.7378
4.21077
4.25513
2.36974
7.00266
4.32129
0.161413
1.22034
1.58244
0
1.0513
2.95994
1.82786
0
0.52349
5.81445
0.0483797
0.819084
21.2653
0.0116322
9.85187
31.0523
0
0.000375287
4.27941
1.00625
1.34147
1.00438
0.214791
0.456463
0.000355873
0
0
22.8265
59.596
3.06537
1.44895
0
0.00203737
10.263
0.829742
5.67666
5.07233
6.97955
1.61897
18.1342
8.94731
14.9555
21.5092
0.967034
1.6698
8.50033
9.1338
3.54631
11.7485
14.5407
2.35354
11.9191
4.33861
4.128
0.000193947
0.00510875
0
0.728771
0
0
14.2059
0
0
16.1603
10.891
12.2104
6.73152
7.90804
29.7484
33.0687
22.1948
14.7143
9.75795
3.11452
0
11.9906
8.18973
17.7971
10.923
41.7
91.5399
16.1203
55.4022
20.7996
4.42526
17.4625
5.46924
40.968
12.7747
16.1149
12.6109
3.17655
14.4776
15.33
24.4625
3.61139
16.8568
15.1848
5.82988
2.14427
0.271534
16.7294
2.73151
18.3528
15.3904
27.3547
20.9839
24.0004
0.147598
0.590339
2.77093
23.7615
0.903276
2.50421
0.576857
3.16277
4.24932
1.5886
3.72032
0.0430869
1.90626
0.882829
0.573968
0.255545
1.0348
0.00562135
0
0.675977
0
0.274581
4.81809
0.0229747
0.203801
0.000328701
0
2.943e-06
0
0.717774
0.0553696
0.226961
0.0405373
1.08698
0.81637
0.611078
0.706607
0.00900512
0.872575
0.0677415
0
0.949403
0.0271794
27.8442
0.0635041
0.161487
1.9821
0.817471
0.0253938
4.53819
0
30.4709
0.661419
1.76116
0.479537
0.950798
0
0
0.439188
0.887299
3.80692
0.0573851
0.00987271
25.6825
0.330731
0.182095
0.133257
0.0315027
18.3781
10.5567
22.5311
10.6982
4.44149
3.4549
5.6151
2.62699
7.54085
2.02226
4.09591
0.00723044
0.000176142
1.28773
1.03649
2.61747
1.41965
5.60338
13.2389
34.4082
22.3888
9.467
4.53364
0
7.02245
3.37471
5.51008
10.0638
11.618
3.44914
0.0324339
2.39966e-05
0.816493
0.784995
3.50164
0
5.67664
5.13223
7.26963
10.3994
3.20038
2.76568
0.12512
22.3883
1.3678
5.07785
0.0233141
0.109506
2.17194
6.26588e-08
5.19886
3.32005
1.65233
0.468125
0.553023
16.6237
1.80679
0
0.0044965
5.06203
18.9062
0.653062
3.41698
6.23762
5.60337
0
2.44555
0
0
6.44551e-07
0.0035353
3.62477
3.12211
4.77778
0.0634264
5.38614
5.89638
3.09914
5.63445
7.87847e-07
10.9321
12.6383
9.44636
12.407
11.5385
2.25797
9.82952
6.23141
3.65485
7.28462
14.9277
11.2745
9.15784
37.2916
20.9246
14.3488
1.42996
24.1158
17.3239
14.9535
5.94452
9.16203
9.61384
4.24221
13.314
9.27389
12.5131
9.62259
10.6821
9.52808
9.75868
6.23055
4.41315
5.24099
15.536
3.46209
10.4444
9.14177
10.2379
34.6638
5.39025
16.8657
1.64099
2.45506
16.4051
27.5776
26.7637
22.3401
33.2136
3.14749
31.2545
24.5426
21.4785
29.9453
32.3634
24.1261
29.2287
21.1176
11.1055
21.7942
1.09684
20.2018
30.2103
35.1396
10.2666
6.31019
6.79147
5.07725
0
3.62555
0
7.71478
3.03812
19.6586
0.662573
3.75085
11.0785
27.8006
9.00305
12.8681
16.9866
6.75532
16.8257
8.79041
1.80361
1.4241
1.8955
9.29724
0.317275
32.9144
5.45198
1.22546
2.41292
0.913116
1.17818
0.988137
0.0233277
0.00846099
0.0323139
1.68193
2.50479
0.118382
4.25758
17.1631
3.1202
1.06581
18.1956
13.7935
5.1972
6.094
30.0985
4.02415
22.1233
31.5423
15.1694
17.2516
5.74641
1.64041
9.84015
0.998566
0
0.0664088
0.000543029
23.3371
34.7056
7.27645
7.47845
20.5322
6.03426
9.64529
5.49816
0.451793
3.04797
10.6
0.0134362
1.0926
7.25445
5.61145
6.66194
8.00247
9.71999
2.69853
0.762925
4.18524
19.9169
10.5322
0
0.145148
6.15963
0
7.32465
0
0.120747
0.0376676
0.705693
0.372578
2.11528
1.20002
4.41779
0.0833704
0
0.624948
23.4066
1.80024
0.770407
1.63877
1.86694
0.504168
11.1308
23.3266
32.0453
21.531
15.7861
13.7459
9.6839
0
31.5491
0.000162744
13.3276
9.37976
8.76526
13.4534
5.08867
3.28493
1.4077
0.0227666
16.1949
0
0.661522
12.0089
0.111363
4.77548
6.27057
5.54026
20.2135
3.06668
1.52547
2.08373
10.628
12.8515
20.1635
37.065
5.95171
4.29605
6.66085
0.847727
10.0208
9.22029
0.934308
1.31125
0.191606
5.73534
0.0307049
0.102219
0.26021
0.049335
0.656084
1.12728
1.01018
6.08311
1.60884
0.430082
3.98098
5.99631
9.77903
6.11046
0.129791
4.64614
6.20158
0.371434
0
0.0110813
1.14664
0.436102
0.0163518
8.21307
21.973
25.589
0.990554
1.54997
0.150062
10.7912
0
11.4401
10.657
0.00189696
1.35122
5.91943
0.0712913
1.61915
14.1314
1.73433
4.03439e-07
0.0406477
0.00263882
0
0.208143
6.49882
0.107879
2.53738
25.0336
7.26935
0.611749
3.74267
2.09556
16.8149
17.5702
0
0
0
0.0475678
31.0576
33.3297
0.233916
15.2637
0.118308
17.1418
39.1931
8.47911
10.6757
1.72093
0.0735924
0.992154
0
0.00181066
2.08227e-06
0.449229
4.55783e-07
6.05341
6.35928
4.77189
3.39885
6.76435
0.349234
28.7265
7.35254
16.1056
23.9192
0.489189
9.83409
0.0135932
14.4126
19.4521
0.692941
3.50964e-05
13.2954
8.77262
0.104493
7.52174
0.0353507
0.181271
6.74855
21.1388
8.54962
10.9067
12.0937
13.2311
15.3178
1.19631
5.08722
0
0.867613
1.5525
0
7.98912e-08
0
0.578463
0
20.0924
1.27284
4.68894
0.95835
0.00183032
5.08552
3.2837
0.370481
5.34533
0.833178
14.2421
2.46923
11.7265
1.97897
29.7458
15.785
7.01267
9.82237
17.1076
13.6916
0
1.68398
12.7389
6.36529
9.64313e-07
19.5453
0.0268223
25.8774
44.6033
5.04651
12.9635
57.1429
16.8335
11.3701
0.782501
0
6.80878
40.1904
0.00385764
0.122317
0.725632
0.0556168
24.5825
0.0775249
0.0203279
0.134471
0
0.277124
0.270263
15.0394
17.1843
5.31733
3.82399
0
0
0.754676
5.71312
19.6136
8.40515e-05
2.79344
26.9443
0.084572
17.7712
0.0325017
19.2115
11.4323
17.0466
24.1288
0.896057
2.80456
4.34508
0.531653
0
1.43589e-07
0
0.000930483
1.2691
0.852302
0.309406
0
6.3089
14.4208
3.97751
15.9493
5.95028
3.71324
4.4933
1.33333
0.781402
0.728126
2.40169
5.16132
0.217067
3.40916
2.63968
22.6009
4.63425
22.1661
0.802909
0
8.77167
0.178471
10.5188
0.0152934
0.0629847
0.389904
17.5563
9.6515
6.08889
34.7275
9.23875
13.3045
1.56633
0.0659332
1.41852
19.5746
2.27488
0.0582503
0
0.0934515
0.000368319
2.32898
6.49518
2.09512
1.47819
4.19348
10.495
4.76632
1.97567
8.05699
7.63601
33.6099
0.00430571
0
4.78378
7.85728
20.3846
8.27387
0.2919
0
0
10.673
9.55182
13.3553
4.83124
0.0163871
8.32296
7.40635
5.11131
0
15.0538
2.61301
1.31506
16.5681
0.0468153
0
12.5565
1.73536e-05
0
0.00270513
3.78183
0
0
0.0163767
3.71883
2.27362
0.0179305
0
13.4239
0.0350596
22.2472
0.314018
6.53267
0.272736
6.19415e-05
0.0587042
0
9.0097
0
9.06639
6.70893
7.3899
12.2195
21.7018
0
17.1676
10.3228
1.65511
2.37229
6.33079
12.9274
4.95662
16.8263
17.4428
12.2525
6.25816
6.58115
13.685
15.4692
5.3696
13.4784
0.765433
6.00947
4.12221
2.34162
10.3236
0
4.92962
5.09431
7.82882
3.8224
2.79243
5.68614
0.438211
0.105796
0.0294114
0.0490387
0.880225
3.35698
9.08604
19.256
13.8818
4.58079
0.233473
1.57035
13.7736
9.76857
0
11.2245
4.27443
10.7282
0.000325142
0.0123919
0.0994637
3.35311
1.75881
23.7862
7.43679
0
0
16.7186
0
0
6.35646
3.50071
3.29382
0.00153795
18.897
3.64626
2.03149
3.22586
3.72455
4.45726
0.425468
0.386
3.22331
1.53619
1.80314
1.93695
3.65945
12.1559
36.5846
16.7151
0.0295069
0.00204181
1.13646
1.90951e-07
25.3414
13.0793
14.0499
8.21389
4.14821
22.4445
12.328
1.87334e-08
0.0150184
4.83352
0.918154
7.72354
1.57468
10.8462
0
0.0415743
10.2611
0
15.693
7.44274
0.518072
0.738507
0.458637
0
0
8.60166
36.5663
0.927594
14.3298
30.1377
4.56353e-07
0.288602
0.92477
1.50261e-06
1.24974
1.30011
1.45816
0.0220551
0
0.403076
2.33587
0
0
12.7238
3.14172
4.13044
10.5878
0.51545
0.0326257
0
14.3906
11.2998
4.85834
0.476983
0
0.00282874
0
10.8813
0.0955481
0.043364
16.7784
3.44733
0.362692
0.00133516
22.587
2.85638
0.867273
3.29508
0
10.1636
0
0
1.01059
18.3571
1.02086e-06
40.8867
0.00336602
4.69998
0
11.1828
7.1482
6.27058
15.7881
4.63967
4.67807
35.7307
8.11459
0
0
0
23.4007
14.7633
7.50225
8.30354
1.06044
0.450181
0
23.1634
26.0129
27.2513
9.26258
15.0883
18.4097
24.5242
16.0869
12.3795
13.8058
3.62274
13.2979
22.6118
16.1949
0.805058
0
22.44
10.1378
0.158997
7.65751
3.43829
0
20.1374
10.0339
11.6613
0.0180836
76.0887
15.0293
15.9968
13.88
13.2602
3.8897
12.9842
8.94162
10.6118
0
0
0.0893212
15.7346
23.3688
14.2628
14.0535
28.1532
42.6369
33.7331
24.1895
30.176
41.4909
41.1551
25.7181
9.47321
3.90615
0
1.1841
0.73886
0.901433
5.19839
0.0110308
0.134716
0.685272
9.26993
1.54256e-07
0.491215
16.9671
6.6335
9.81004
2.14898
8.46899
6.97817
4.0943
3.58624
2.89513
4.37025
27.9131
9.44976
0.0271849
33.8316
20.5265
19.1553
23.8306
13.5991
16.5722
0.0620233
0.000725164
0.551446
17.8105
8.64904
4.46238
2.45061
16.8342
0.481955
0.00161711
0
0.460497
0.00264122
21.4392
2.02226e-05
21.7384
0
38.1958
38.8007
0
0
0.00271943
28.5053
26.236
13.1588
12.7286
0.846779
0
24.0924
22.4195
1.09072
0
6.97646
28.8931
37.1092
0.0292216
7.91332
33.6332
1.58304
18.2213
0.822321
0.104507
26.5664
0
0
0.253312
0
0
32.845
0
2.9009
8.33188
20.7932
19.192
16.0854
2.66993
20.3827
0.0226215
28.3089
0
24.4842
21.6228
0.00266459
21.1323
12.6117
17.4476
0
3.82112
1.86702
12.017
11.2641
5.57092
9.8376
0
32.8763
17.8827
9.66607
0.25806
20.1199
8.11385
19.3105
14.9588
0.555197
0.763961
0.0441161
15.4573
0.396947
20.1424
0
0
0
9.06793e-05
17.593
0.947687
3.48487e-08
1.56009
25.5141
1.52206
16.6657
22.1167
0.962786
10.4852
1.23125
14.0624
7.68478
22.4796
0
0
0
0
0
0
0
0.966094
18.3216
2.64184
0.687054
23.7381
17.9483
3.82864
18.0421
13.0315
0.396571
22.4026
10.7606
13.5836
21.1726
24.9775
18.5932
16.6574
0
14.9173
51.4351
24.5207
18.4546
32.2827
4.00063
29.651
11.8773
0.702714
19.8452
1.70483e-05
0.000547439
19.6276
0.000775147
1.57893
0.00546765
0.0606688
0.000136211
0
0
0.783764
14.9901
4.75948
0
3.28237e-07
0
1.75767
0
0
0
1.18677e-05
0
41.755
1.32748
33.9825
9.34709
0.285832
0.386068
4.12024
31.4525
0.0204462
0
19.6602
6.41315
16.0271
34.575
0.140923
2.09236
0
0.76437
19.8188
28.1188
0.472412
1.73993
0.179675
0
47.8549
18.4459
19.1529
15.425
0
2.84253
2.633
0.494179
0.00239418
0.976792
10.0145
0
0.0158319
0.951819
13.5686
54.985
4.54221
8.02955
25.825
2.04701
11.7051
14.18
0.123384
13.8839
0.306919
4.01378
0.158674
1.32809
0.80267
7.31347
8.13122
0.47788
5.83703
4.54674
1.73324
0.761202
4.55613
0
0.41637
0.333728
0
22.0412
9.82828
1.52669
8.52657
0.498053
12.3802
1.142
6.64639
0.433009
2.35554e-05
4.84794e-06
0.0376732
40.5326
31.6196
17.3019
24.1791
17.8214
15.2611
0.0125008
11.7966
17.3839
0
13.3833
0
1.40427
0.0385285
4.91702
6.26087
0.645552
1.62578
0.00531761
0.818033
4.05097
4.38128
4.11091
7.52668
12.6753
1.7048
0.980478
0
0
4.25039
9.92077
0.00469047
0
8.23482
9.28729
7.78844
2.23711
1.3345
0.939357
6.33718
1.54664
1.61226e-07
13.926
1.11612
23.9777
0.0728256
2.42208
30.1702
15.2998
1.31525
0
10.2492
15.1163
3.63464
12.2747
2.49263
3.51581
3.08907
1.99235
0.119379
5.54739
0.947288
19.1718
18.2562
8.03278
0.751515
5.74424
4.29946
4.09042
12.0837
4.39672
0.000508248
0.000822195
0.397137
2.58272
0.688554
0.413841
12.1727
2.56428
22.4645
0
0.948789
2.77632
2.44587
1.0345
7.28552
0.489415
2.31659
14.6857
12.0378
1.66968
9.73464
5.73449
1.09931e-06
1.36126
31.0313
13.6739
8.30759
10.4678
0
0
16.1856
11.948
1.54912
0
7.4992
1.81069e-06
2.23536e-05
2.21938
0.173365
0
0.0110624
0.000882386
3.4047
0.940535
1.48555
0.21996
79.7684
4.42624
0.031974
0.2577
8.54087
1.00712e-05
2.88078
43.5919
0.311068
5.96044
28.7095
3.49085
7.38314e-08
54.0849
1.90373
0.324705
1.96091
0.000520989
0.257251
0
0
0.587342
8.76219
0.967209
5.32829
0.207076
0.561399
1.62643
13.7009
1.50344
0.233489
0
0.891963
0.229713
0.237765
0
8.58352
0
7.67387
0.899189
0.0511333
24.6547
0.00146351
0
4.44391
7.45195
3.45689
0
9.66397
5.92196
1.27552
50.5463
19.2998
9.01692
0
1.36914
0
0.0611559
7.67086e-06
1.79642
0.452528
0.864366
1.0653
19.3567
11.3697
0.512096
1.43992
1.20709
0.38683
0.288528
0.0215529
4.90109
0
2.51051
1.76265
1.94329
0.512066
2.8349
0.52012
0.940644
0.481893
0
0
0.833341
1.35648
0.936449
8.1166e-07
4.58837e-08
0
0.00124173
0.310894
0
0
0.000611681
0
14.1418
1.79817e-06
2.16935
13.4795
0.0130805
1.21607e-05
26.3092
2.4414
6.80301
0
0.44465
1.27206
0
1.9887
0.460734
0
0
1.2179
0.154738
0.0701775
0.984983
5.87243
0
0.802962
22.4426
0.408986
0
27.7619
0
0
0.0290351
0.997753
1.06062
2.26111e-05
9.44414e-05
0.0230521
0.94527
0
0.215844
5.1191
0
1.02521
5.69742
0.670724
0.000101968
0.0476976
0.0303651
3.16772e-06
0
0
5.83193
1.33743
9.56721
0.58947
0
0.385315
0.000196225
6.39735e-07
0.0509669
0
0
1.02371
20.5811
0.000116723
13.2338
3.4491
13.8463
15.7809
0
9.31476
19.2849
16.5759
1.96229
0
2.88678
0.0436781
24.2831
0.374827
0.291138
5.44563
0
2.30577e-07
16.969
18.4461
0.000702502
0.000451852
12.5081
4.72173
3.11061
8.2104
6.67874
12.7841
8.40779
38.2624
0
2.95873
13.0003
0
8.64766
16.5743
18.3349
11.6647
5.15106
7.97804
7.77759
16.2959
4.55381
12.8523
13.6232
3.69516
4.32697
0.344116
6.10715
6.8061
0.649085
0.967446
0
0
7.22091
12.6473
4.33861
0
1.00239
1.20822e-06
0.131486
0.0498376
4.02428
3.68273
3.28224
2.38151
1.1926
1.27268
3.52144
5.72272
16.4287
0
0.00193068
9.18561
5.2397
1.31259
1.53128
0.0164892
0.00928004
6.03917
0.916482
0.0511004
0
0.32435
5.10348
0.945912
1.22967
0
0
0.471904
0.0563205
0.295729
0.834383
0
0
0
0
0
0.471879
0
0
0
0.872726
0.543075
0.0227657
3.22509
0.0444201
1.87232
0.0848761
0.796274
0
0
0
23.1714
0
4.73478
0
0
0
31.5455
0.409835
0
5.73181e-08
0
0
34.1826
0
0.227829
0
0
0
2.35956
0.0135994
9.16473
0.841482
0.721457
0
9.94201
6.32037
1.06601
4.41744
4.58177
6.64701
1.53993
8.23024
8.58812
5.35133
21.106
10.4869
9.08178
7.30152
0.024275
0.373761
14.7919
14.3998
11.1063
9.24127
8.63678
7.02139
5.7829
6.61095
11.2306
20.4119
8.10624
9.69935
10.8869
12.1308
24.6398
18.2071
0
22.4728
0
12.7665
15.0219
15.8325
13.238
7.71373
15.613
10.1875
8.71753
2.71222
11.4197
19.8433
14.699
11.6807
9.56038
11.1286
18.5528
10.7534
9.18241
8.95968
5.29791
8.73823
0
11.9291
7.35793
3.8502
0
8.81287
1.97788
0.265147
1.67174
2.35695
0
1.63243
0.0720461
2.27019
1.48843
8.45185
0
1.4576
0.338308
0.628459
0.54944
1.01003
24.6277
0.77944
0
0.294162
14.9319
0
0.712768
0.351513
4.91603
1.18542
0
2.55637e-05
0
4.56388
0
2.88689
2.72913
0.978807
1.33111
2.58316
12.3828
6.7509
25.2479
18.6691
7.59605
18.7366
17.5565
7.4823
15.2788
17.1986
27.367
11.54
35.7946
7.86445
0
8.90511
11.05
11.4224
0
18.7786
0
11.5978
6.663
1.229
2.64431
11.7562
9.43508
0.158216
18.1296
0
0
10.4239
7.26998
1.51886
0
1.54036
1.5579
0.582344
1.23957
5.00069
0
1.93538
21.4036
0.992103
0.00904059
6.54999e-05
0
6.52528e-07
0
0
0.0245529
15.774
0.00010062
0.04646
0.986536
0
21.3514
26.4705
0.268092
0
13.2962
3.5647
0
6.18197
0
3.58089
0
0
2.80396
1.15011
0
28.5718
1.90087
15.0386
0.139097
1.42451
0.248725
0.00433677
0
24.0729
0.216879
0.953261
0.630523
17.1666
5.65068e-05
6.85615
24.7353
38.1949
15.9226
13.6469
19.3369
2.42148
6.04479
8.51443
3.81479
2.34
14.208
0.369857
0
3.64557
3.77182
5.26815
1.52553
23.5391
1.10852
0.0307421
2.73471
26.7924
8.96047
7.26861
2.22958
5.62537
9.86214
5.89761
4.59129
5.73104
1.19507e-06
0
0.121809
0.999575
0
0.00836536
5.07851
31.5285
31.7316
15.263
2.2476
13.2644
11.255
0.710989
19.9943
2.98956
27.2331
3.25686
5.95111
1.57048
22.5755
39.0183
1.75526
14.9988
17.8773
0.970089
0.0512361
0.207784
0.0099926
1.58676
0.870257
4.66505e-08
0.000489412
7.07121
11.4566
17.136
0.163198
40.7555
0
0
0.000102094
0.000478294
5.51933e-08
0
0
0
5.57541
0
1.21281
26.189
0.518933
14.5704
5.39563
6.3828
0.00040777
0.0425221
6.66201
10.3889
2.37684
4.02277
4.91663
5.44483
0
28.9437
18.4671
0
2.95909
16.3303
0.00264621
0
1.69663
0.0400236
0
0
23.0942
1.27898e-05
68.6858
23.6856
17.2411
0
0.0259091
5.4499e-06
0
0
18.736
11.1214
28.3234
0
11.4022
13.8426
20.9123
4.88971
2.65502
6.91607
4.42531
0.00733531
0.0316725
0.0468848
0.0170482
2.77795e-05
2.41258
0
0
0
0
0
2.77562
0
0
0
0
6.45764
0.319574
0
0.277154
22.3105
0
0
0
0
3.10927e-07
2.55095
20.5251
0
2.51733
2.24771
0
0
3.29665
0
4.95284
10.777
11.2838
5.72099
9.75782
0.951471
4.25969
1.39922
6.04226
43.5335
19.2203
3.1015
43.6062
29.604
30.6941
13.3357
8.38632
14.126
17.1872
12.5964
17.3138
11.3556
16.4662
8.36484
14.5046
10.5227
8.76676
6.31226
6.10619
5.08116
8.39102
13.8534
4.56279
7.91623
5.29264
14.4865
5.47162
0.166323
0.0266108
1.20167
0.00260866
0.702819
0.37411
5.56298e-07
0.0671409
22.0053
19.7358
0.0352778
8.42574
2.42795
2.90887
0.00146181
0.000194048
8.81669
0
11.6525
3.34307
0.0304134
0.000108628
4.98063
12.4148
0.0173161
21.8317
16.0306
15.7939
15.5832
0.885623
28.7354
0
17.7664
26.7722
6.85272
30.332
14.2052
14.5326
6.65494
8.91203
4.89012
6.25235
30.2538
23.501
11.576
0.951271
15.7092
2.61117
6.00208
14.881
12.7157
16.8035
4.8351
14.7208
27.4538
16.5904
11.617
16.5843
14.8062
15.5194
14.9666
10.4195
14.5521
15.777
23.7944
0
0
0.304335
2.23728
6.72095
9.45615
9.66243
10.3383
14.6632
12.9755
10.4185
10.4353
19.2154
0.617392
21.545
11.7358
3.74116
3.54797
5.67951
4.90247
6.05132
2.56781
12.1491
6.88935
8.91652
15.4573
6.13391
7.28857
1.11563
7.09867
16.7845
6.05528
7.21369
7.58166
15.3351
11.3055
13.0826
30.1332
5.21566
9.00171
26.6832
3.12859
0.504664
0
2.55323
0
4.25109
4.89454
13.1211
11.2991
0
14.6697
14.7756
24.3264
14.7067
12.1454
13.3772
12.8917
23.7086
0
0
8.89595e-07
36.3774
30.3893
43.566
4.46554
48.4875
2.64542
8.21193
0.925133
2.4489
0
2.42199
45.3398
1.25739
11.092
67.9526
41.5781
21.1068
4.07655
0.423564
20.2034
11.3045
41.6505
8.3744
8.63235
31.6682
25.174
36.5051
30.4148
14.543
14.4965
10.6001
15.1538
12.8157
15.2736
10.1419
16.1636
9.15097
12.7452
14.5871
8.79697
25.1499
3.24911
15.2857
15.9543
11.2252
17.5554
24.8293
19.4282
17.849
0
24.2536
0
10.9145
11.1838
18.7001
8.36662
7.94603
10.2781
11.1456
6.32292
13.1366
6.07462
7.31098
5.4068
8.44838
10.9841
14.1867
9.33297
9.08691
6.63314
5.39678
7.90499
9.70984
8.68483
0
8.53161
6.34262
19.143
6.8203
11.3737
0.397351
2.70984
1.29102
12.6522
15.7501
7.66797
0.436662
19.7362
27.9198
10.5675
15.089
1.7664
10.0565
15.6486
20.4621
3.02035
1.38815
0.0272352
9.42152
16.2185
1.41889
0.101881
1.84059
3.12776
0.145571
1.49486
0.0125309
0.975367
0
5.4113
0.0802884
1.2548
0.732121
15.1982
0.0759392
1.32332
0.218814
0.0962041
0.0116794
0.844884
0
0
1.29889
0.517545
0.393315
0
0
0.00177615
1.38047
6.30831
0.84935
0.16132
5.85543
0.125842
20.1226
1.01415
0.870991
0
0.851196
0.142618
0
3.67056
0
8.17227
0
19.2019
0.0174545
19.54
0.0810527
1.40665
13.084
1.05211
19.2658
7.84031
14.8325
0
23.4401
3.66368e-08
1.45676
0.000684613
0.0715063
9.71431
13.3802
0.00824907
0.93025
17.0048
0.154171
0.664611
3.39259
0.0210689
2.53401
0
2.45148
0.981216
6.72542
1.99178
3.61639
0
13.7763
1.97364
0
4.26454
9.87386
0.0789867
13.3386
0.0146422
11.4378
12.741
15.7441
17.6831
0
0.982935
0
7.58006
9.61395
0
0.961784
1.01128
0
0
0.000187539
0.684785
4.00092e-05
0.000433091
0.874513
0.916889
0.00650041
0.56155
0
1.10164
0
1.86605
0
0.60882
9.87587e-05
0
1.82041
0
0
7.01197e-08
0
0
0
1.87767
25.6181
25.0633
36.6497
13.2532
28.4401
8.25466
4.11898
0
5.18e-06
0.000378391
0.290611
10.4126
0.765934
6.37879
0.0180436
0.098649
24.4409
34.5643
25.9698
9.18837
8.10174
4.88698
19.3471
17.5708
3.7495
1.04974
12.9359
0.983641
6.03422
6.59715
6.49112
18.379
9.69373
9.52957
11.3388
0.172995
12.0633
4.46868
17.8636
0.254939
26.2971
21.2401
0.449344
0.0179342
0.949015
1.13288
0
2.23078
0
0.956126
0
0.00814491
0
16.4102
0.0138689
11.8817
2.49756
22.2805
2.72707
3.68862
17.4576
26.204
16.2609
2.22049
0
21.8797
25.2352
20.5426
29.9149
36.0836
24.9226
31.4164
0.372002
23.0448
0.0141494
26.1449
33.6232
23.1783
11.8422
0.368229
24.2339
4.51923
36.7732
5.55186
40.1541
53.6535
10.1666
7.27752
16.9956
21.3146
19.0618
16.3007
0.0928286
5.0045
37.6827
1.68857
3.5482
36.7822
0.0030728
9.62538
0.527488
0.00623029
0.573272
0.895759
4.4074
0
30.3022
51.0463
17.2622
13.9609
5.04612
11.7009
5.39068
4.66574
0.011515
0.582244
7.60235
14.0267
13.5504
22.5951
22.5458
15.2615
24.0903
9.21153
15.0488
13.3498
9.63392
18.7552
0
0
0
14.968
0.919728
7.38689
23.9919
3.10486
0.0593354
0.502697
4.30861e-07
0.958728
0.173746
2.47999
1.45366
0
0
1.2112
23.0712
2.34378
1.73954
3.93544
5.21332
0.0271382
18.1883
0.0170501
3.50444
0.817259
2.39918
0.140069
5.1499
0.127922
0.00111488
1.40553
0.000378793
0.0473163
2.30314e-08
0
0.000256688
1.23364e-07
0.0104835
0.0104016
0.00224381
0.511283
0
1.95568
2.41633e-06
0
3.03481
10.9744
10.4726
2.60977
6.2573e-05
0.816515
6.63221
0
0
0
0.012734
15.2009
0
24.4495
8.69795
28.2759
9.44409
15.6381
3.00906
10.4313
0.683049
9.80509
15.3004
1.19741
16.5371
17.956
0.483303
0
3.32911
0
4.10779
10.1998
21.686
13.9821
19.4395
26.0638
0.112716
23.5555
7.04171
14.8766
17.5621
0.439418
15.7491
0.0355589
22.6387
14.4178
4.14394
13.8188
8.19217
6.98178
0.887305
0
4.16999
1.76885
4.70617
3.81368
5.56782
0
10.7575
8.67234
26.4144
21.6947
13.537
26.2683
10.3079
15.4039
17.6001
28.3473
33.4756
14.1063
7.88537
12.9439
26.9076
0.00493364
8.16269
7.9843
15.8322
11.6439
7.44178
9.14001
5.7184
2.25362
16.7097
12.0293
12.3822
13.5926
6.9018
10.8681
6.27423
16.1223
3.97869
11.5228
11.4561
0
9.50539
8.77594
1.46219
8.38321
12.0255
0.00263662
9.50237
11.6216
18.7812
0
0
14.8154
11.6742
12.0298
25.1198
3.65834
13.9822
14.0399
3.85849
28.0735
22.7762
11.5215
5.62718
15.9297
25.7566
31.4115
17.3971
40.5802
18.5683
28.191
18.0727
39.9751
34.0811
1.21333
29.4266
25.6248
24.3878
8.7041
25.1796
23.5242
38.0358
26.3902
0
42.5138
27.3975
34.6008
0.0141502
9.10781
20.4448
25.2913
29.6247
15.6887
29.1855
26.947
3.37908
0
3.07303
0.0283618
32.5627
0.157702
21.2874
22.0028
30.4112
20.1259
31.7142
0.000635197
24.571
0
18.9579
28.4415
30.4127
31.3664
22.5771
51.1781
38.4076
13.698
30.1001
23.1915
15.4986
27.5164
0.0663774
13.0841
8.79193
21.5016
0
5.36909
7.41342
13.3081
6.80655
4.66175
20.7757
13.8727
0.0231049
5.82374
6.96315
4.84917
9.9287
20.466
0.107068
4.53762
8.33543
3.90722
3.22599
0.324016
1.95694
1.44632
0.976972
12.1059
2.75342
11.9267
18.984
11.9847
17.9994
1.24273
5.50635
38.9383
0
0.854502
3.22271
6.16232
0
24.6499
10.5516
9.441
15.5703
8.89942
6.46326
13.6042
15.6904
18.2456
13.1506
9.66028
12.7408
15.3614
5.91015
4.39244
19.0989
49.8937
0
14.9149
5.71961
33.4661
7.3931
5.41339
14.0402
6.80456
31.618
17.6506
31.1509
22.6959
6.04093
27.939
22.2845
24.5175
8.95798
7.96418
14.5215
38.2853
41.0435
9.22911
0.61083
8.26311
31.5588
16.2811
59.6034
42.8793
21.6586
21.9423
64.4556
13.5275
12.8603
0.0290783
7.59053
4.36743
8.14519
13.9091
4.92669
0
3.41833
12.5273
18.4361
13.992
14.7648
10.3882
7.10581
1.11364
2.69969
26.4805
3.95901
12.925
13.5611
4.83339
13.7446
5.34431
14.165
3.77572
2.53446
15.1438
9.62186
11.8746
22.2929
4.5777
7.78406
0
6.66964
0.399878
7.83234
0.185759
1.90594
8.5586
0.84164
0.190845
21.1246
1.02761
14.6484
0.0325678
7.92169
1.13237
0.0481002
9.78786
0.109869
0.00973747
0
0
0
10.5283
7.09592
11.5989
19.2204
18.0849
10.9136
9.16852
4.47021
2.6355
0.730667
8.73312
6.43584
1.91787
10.8137
16.6288
0.0917201
4.84064
0.109246
4.67737
7.42624
0.0526153
1.66121
0.72918
1.31284
16.3665
0
0
0
0.022907
0
6.13818
13.1241
14.3533
0
3.51396
7.44641
14.2063
12.2009
13.3563
12.6417
7.17013
8.36496
9.16918
26.9459
7.16191
0.0018714
10.3204
11.9036
9.9333
6.70845
0.682477
8.26823
13.754
12.9629
4.79752
5.39854
4.73731
127.668
9.49601
23.6048
10.568
106.889
7.34542
5.98173
4.73998
5.24213
6.05248
3.88582
5.53065
31.8144
7.07418
8.1362
6.03733
3.25413
3.7765
27.7841
20.0974
4.8154
0.237977
0.00343904
15.8209
14.3169
1.44193
0
0
0.652853
12.5015
0.0912445
2.49292e-06
0.640068
0.558762
0.979411
0.952164
0
6.64651
0
7.00536
6.45787
1.48912e-07
0
9.11955
2.13684
14.527
0
4.80232
1.36525
0.778326
0.216241
0
0.702507
0
3.01776
20.1015
4.09759
0.36922
1.16781
4.67954
4.03099e-06
0.00352216
0
2.99761e-07
9.83353
4.78073
10.376
1.16875
5.93677
2.1706
18.522
7.22718
7.88989
5.45667
2.31555
6.49043
10.9266
4.06208
3.7564
7.32206
5.30895
4.60078
4.21479
2.1372
7.47806
33.9815
27.5774
25.6517
10.5615
2.25094
2.69734
0
0.500665
7.9855
7.95878
8.56278
3.05536
4.51989
4.12595
29.4769
0
11.0444
14.6671
17.4457
25.5586
23.0168
10.9307
16.3918
12.3849
10.7097
10.77
20.5755
19.4221
21.0217
11.3605
19.4725
0.67332
17.8855
16.7452
3.50624
0
0
1.20467
11.2639
0.730982
0.0159927
1.8613
18.4775
27.837
11.3061
9.90923
10.2085
6.92341
14.6685
6.1649
8.93425
0
0.0948466
5.05892
12.7208
61.1339
13.215
37.6848
17.1921
15.0952
8.99636
0
1.19143
2.8292
10.8275
15.3941
9.96456
8.81487
0.993822
9.58036
8.97824
2.43962
8.24207
0.177837
5.29325
0.0229162
43.9737
28.4285
8.35098
0.415477
13.3398
32.6247
0
3.56023e-06
0.000638993
0.694224
0.0494769
0.0274754
11.7021
1.78673
3.55258
0
0.214954
2.80181e-07
8.76231
1.99765e-05
11.7723
2.24164
0.692663
10.6597
1.73169
1.32229
0.91909
7.56138
4.36386
1.12523
0.115924
0
1.74534e-07
5.82622e-08
2.45307e-06
7.69038e-07
1.32242
1.13092
3.74851
5.60431
3.54379
0.570493
2.76752
0
11.1516
6.98391
7.28033
16.7229
7.3801
3.29027
4.19747
20.9952
11.4004
5.00484
17.0784
1.67112
2.06407
6.51814
0.900685
18.3849
9.25236
4.19699
5.2692
3.44317
4.36295
1.68911
4.13823
18.6431
0
0
0.0101638
0
4.36478e-08
0
0.250872
3.10949
0.0412918
1.79032e-05
0.702941
6.92441
0.260377
4.12828
0.229758
3.33848
0
21.6505
6.78599
4.97791
8.93401
26.813
20.6131
11.052
2.44028
5.90444
21.0738
11.1032
0.429535
11.0378
40.0312
1.62687
0.570971
11.4981
1.62259
36.0898
34.473
18.9832
27.9936
23.5108
9.2698
10.6567
0
3.53858
0
5.81451
2.88892
0.00306317
26.5896
20.1959
0
10.6907
11.2973
12.1561
21.7839
1.11576
15.6065
20.9704
36.4593
14.2295
30.6111
14.9751
1.50922
8.23315
14.1812
3.1269
1.35924
1.78586
3.96009
0.31869
0.651477
0.711469
0.294796
0.893588
1.21784
0.0199377
0.849862
0.817735
0.949891
0.084696
2.13759
0.782955
3.68448
0.111428
1.47874
0.172149
0.0212839
0.982966
0
0
1.30763
0.314958
0.418252
0
0
0
1.514
0.701806
0.205643
5.10098
15.2099
1.40279
4.90018
3.11175
6.06314
2.86614
2.31684
0
0.0169357
0.000437531
16.3737
3.60288e-07
0.501093
5.1934
18.6286
0.498171
4.36313
27.2601
12.6588
23.673
7.88258
6.28768
41.1898
0.536035
17.5738
12.4056
0.00837569
0.140021
10.826
2.73698e-06
1.83999
15.3473
0
2.14672
0.828334
11.9441
3.16798e-07
0
0
0
14.0966
0
0.000762125
0
0
12.3092
64.1998
36.4975
44.4502
1.88101
40.6245
20.4118
3.75987
14.5346
9.81829
18.8302
4.79509
0
0
29.5826
3.03733
0.360329
0.467016
0.624502
0.509701
0.20203
31.2265
0.00820254
1.86934
13.8878
0.0440469
0
0
0
9.69947
28.4489
1.37894e-05
0.000595796
0
1.04626e-05
0.0210086
0.0374301
15.0945
0.0764634
2.93543
7.49643
0
0
2.3463
0
0
0
13.1904
9.58972
0.000388844
0.000327999
0.00646566
0
15.6545
0
0
0
9.07071
0
0.000193243
0.000122449
0.124829
0.00553259
3.18257
0
0.357858
0.333597
7.42365e-05
16.4652
0
0
20.4914
3.57159e-06
0.00139835
0.499343
1.39867e-06
9.15875e-06
0
3.77588e-07
0
0
0
0
0
0.657094
17.0127
0.979538
1.11614
0.853167
0
0.179093
3.0342e-05
5.65206
0
0.22064
0
0.00437153
12.2711
18.972
4.70234
1.95457
0.701113
0.00384904
0.557625
6.11066
5.20185
0.982915
1.34597
1.01234
0.537181
24.6487
0.600503
0
9.43078e-05
1.03345
0.000155899
0
0.00728571
0.428394
2.39667
1.65891
1.42944
1.83595
6.91115
0
7.73248
0.494991
0.164951
5.68452
0.760079
3.94388
3.91967
3.2939
2.51962
9.06189
17.0601
0
6.17813
0.00691267
2.29148
60.371
1.762
0
7.14082
7.43552e-08
4.39857e-05
0.230285
33.1104
0
3.04624
23.5585
0
1.1986e-06
1.72338
0.0242205
0.0220992
1.94788e-05
0
0.87093
0.928669
0.966234
0.198163
0.191827
2.14031e-06
11.4284
3.28841
0.986237
0.0162743
1.11791
0.00105488
0.05505
20.3857
4.40893
1.14201
0
9.1289
10.7793
14.7202
17.3045
0
11.8701
10.9293
14.4764
8.6943
1.01395
0.600815
16.0225
0.731041
23.41
1.83143
1.52765
7.83496
0.0149489
2.90719e-06
0.000314398
0.0492806
12.9051
0.788446
0.617018
26.4032
44.243
0.0359858
27.8995
12.2943
8.59113
8.38134
2.6454
24.3968
21.0631
2.5233
3.76338
26.0304
17.8628
2.27923
7.548
27.104
21.0818
24.7189
16.1089
33.6396
11.1642
27.3851
26.4153
2.0406
23.5694
1.55406
3.2549
13.6144
9.40471
5.64441
0.455072
0.725273
0.378222
2.66458
0.281587
0.92384
0.157163
0.49741
0
1.66887
5.33602
1.97149
0.0521904
1.20415
0.158988
1.77585
0
0
13.3418
31.0418
1.09664e-05
0.000698381
0.318663
8.83302
0
1.02344
16.4219
6.46269
15.0552
4.47152
26.8567
0.306047
1.79111
0
0
21.6134
0.00238701
0.127286
13.6208
0.640134
5.36539e-05
24.7266
1.8549
0.575078
0
2.32893
18.6931
1.78267
0
11.2688
2.59583
1.56497
27.0189
11.7959
7.67784
15.4384
8.37359
13.0503
6.85652
7.9632
5.81874
4.15699
9.4248
3.8656
1.93004
2.2808
29.429
0.998483
19.5184
12.8619
0.114109
19.9064
17.2895
22.4699
8.9495
0
0
7.58349e-05
0.977754
0.851196
0
0
0.036935
0.88596
0.0161747
0
0
19.4597
11.1426
0
29.4259
1.83063
3.06454
11.8011
10.9927
7.55507
2.01334
23.3429
6.37766
12.2293
11.05
9.51447
10.1404
3.95075
10.6341
1.31943
5.70998
8.62562
39.136
10.2143
10.5169
5.45302
11.7336
2.34882
0.0901766
0
0.676083
1.2764
0.123311
3.30685
1.18552
19.3678
0
0.00841596
23.863
12.1565
11.5043
9.14791
15.0503
6.49273
0.0862043
0
0.110288
0
8.35842e-05
17.9581
0
0
0
32.7555
20.6295
5.83403
5.92033
8.7383
4.65926
0.00368612
0
1.4043
3.19524e-05
0.0712373
1.61064
0.693884
4.58124
2.14063
0
7.33856
0.00418675
0.0101898
2.68591
6.194
1.09087
6.69163
3.40953
7.66899
1.09856
0.0514524
0.365225
0.146091
1.23269
5.82935
1.70728
0.0337917
4.28526e-07
17.933
6.65675
0.284409
28.6494
1.09905
22.0104
0
0.00805517
16.525
