13.6908
2.12214
2.90222
0.192987
4.89814
3.77658
0
4.43686
2.26108
4.15245
2.737
4.52048e-08
0.000243279
0.44709
3.3184
8.9332e-08
1.58715
11.2403
8.3546
2.52168
3.4588
0
0.885536
0.165817
0.000453831
5.87313e-06
1.03629
1.019
18.6581
0.125399
0.00506948
0
0.05942
0.135841
0.93046
0
0.000254623
3.21912
1.2887
2.57746
0.310025
5.99455
0.0800855
3.95244
0.301199
1.89492
0.719186
0
0.0048149
0
0.131998
2.00355e-06
1.74147
0.171013
2.84161
0.731569
6.87183
1.17179
0.908248
0.322671
5.9544
0.000291506
2.8283
0.226989
9.79208
0
3.65666
1.3779
1.86612
0.419809
1.66658
0
0
0
4.26928e-07
0.0370274
1.64549
0.808263
0.0993176
1.11281
0.0171466
0.0466657
0
0.0251454
3.2416
2.49582
1.10524
1.11084
0.514164
1.40772
2.40713
0.273081
0.000452967
2.19619
0.0613026
0.894312
0.138073
2.65281
1.55629
0
0.71984
3.24288
1.09715
2.03883
0.445399
0.000595132
0.393192
1.27079
0.762902
2.79036
1.4988
0.381623
0.424675
0.000646423
0.975532
0.646621
2.72388
4.52057
1.37223
0.59069
1.54709
0.553092
0.505595
0.990732
0
0.409308
0.587271
0
0
4.82799e-08
0.551923
0
3.22996e-07
0.0109551
2.04569e-06
0.000729227
0.0373031
0.000260268
0
0.0597428
1.03789
0.210543
0.0447076
0.206467
3.34551
1.02361
0
0
2.26459
7.58034
0.0128967
0.0531505
0.102671
0.00434361
5.23213
2.17483
2.51689
6.29734
0.462899
0.291422
1.61824
5.92003
0
1.37703
1.31233
0
1.24128
0
0
0.0266549
0.600807
1.44694
0.00564544
0
0
0.0453502
0
0.948107
0
0.0677416
0
5.63365
0
0
2.51164
0.958197
2.66469
1.2258
2.5676
14.3046
6.01017
8.54498
4.21967
7.0561
1.44057
0
2.15357
0.393932
1.27529
0.597663
6.91183
9.28575
6.01446
6.71294
4.11678
1.66534
4.90702
0.044248
13.9881
1.51777
12.4048
11.696
0.802674
10.8452
9.08629
7.41276
0.0910603
8.52081
14.0989
0.000870107
1.07871
2.12622
9.87151
9.47949e-07
3.13637
6.69413
3.99009
7.8528
5.23633
0.012843
0.24701
3.9203
3.07222
0.0937218
7.01168
2.14251
1.47619
1.10436
0.9772
3.70061
0.975963
0.0678582
1.21514
0
0.194974
1.62965
1.62763e-05
2.87917e-05
0.587413
0.459323
0.0155459
0.769893
0.0320006
0.09808
0.00373095
0.227092
0.00338752
0.120007
0.734121
0.00246372
0.418988
0.150979
0
0
0.0323115
0.208705
0.0482888
0.452516
0
0
0.583985
0.0085091
2.92475
0
0
0.0116633
0.134678
0.69589
0.761776
5.65217e-07
1.10522
0.998252
0.678336
0.0395054
0
0
0
0
0.00364791
11.7892
0.109997
0.0875715
1.86912
0.000985209
0.0192392
3.70162e-05
0
6.39551
0.37504
0.95516
0.243218
0.399942
1.04104
2.10373
0.912416
4.90921
0.54268
0.853629
0.0537881
4.767e-06
0
1.82922e-07
2.39449
0.0220805
1.57207
0.790901
9.22161
0.252838
1.95724
1.06725
0.000547468
2.81573
0.688966
0.136139
3.02447
5.51926
3.12901
8.56463e-06
0.0937809
3.55385e-05
0.57099
0.099937
0
0.972872
0.0580305
1.77411
0.392827
2.08139
0.782988
0
10.4669
0.428651
13.7087
0.0428904
0
0.0408601
0.00290325
0.34906
0.374138
0.368969
0
5.31329e-06
8.54161
0.455953
0.00524576
0.00746153
2.6063
0.0156934
0.47739
0.00293754
0.417569
2.86266
0.348713
2.24892
0
1.29886e-07
3.1816e-05
0.0191574
0.105158
0.00609269
0.0317718
0.0175285
2.14233
0.778061
1.40735
1.62529
0
0.479416
0.025752
0.317528
4.6925
0.156609
0.0770035
2.77018
3.77393
4.12206
0.245672
4.26446
5.87355
2.60626
0.94494
0.7942
1.43433
0.156642
4.0023e-05
1.848
1.11681
0.903956
0.0706086
7.82964
2.09287
10.1668
1.39648
0.980182
2.23623
0.530906
1.49451
2.03891
0.822411
0.00359721
1.72384
0.0084138
0.811388
5.78312
1.35742
0.905723
18.3567
4.41202
1.59162
1.64522
0.0720868
0.989503
2.59162e-09
0.278601
2.80406
1.66349
5.36768
3.98441
4.03452
0.868038
0.122433
1.09502
1.53494
2.00085
6.57943
1.2418
0.640477
0.0178307
0.643031
1.18278
0.000604562
1.03952
5.15756
0.695222
3.3472
0
0.666968
0
0.682399
0
0.651955
2.96341
5.96962
1.82702
3.57981
0.286127
6.66758
2.51798
3.16414
2.42608
1.73121
0
0
0
0.952601
0.73031
2.63872
0.515996
0.539771
1.34589
0
0.833656
0
0.0194775
2.15411
0.925607
1.91082
0.884559
1.73628
2.18262
3.00796
1.68363
0.742167
2.26274
1.87393
0.7071
1.53116
2.21561
7.86174e-07
4.83351
5.66053
6.34839
0.824293
0.151751
0.067316
2.48174
0.127818
0
0.00549166
0.0153891
2.28881
17.2116
1.65948
4.47564
5.11818
2.21256
0.549404
8.91923
0
2.61199
0.647228
0.0295952
0.407246
2.29042
4.70169
5.75518
3.34855
0.493096
7.34025
2.59907
0.476675
2.54526
0.941422
0.0730499
0
6.03621
0.0147273
0.652757
0.997672
0.0162048
0.175643
6.31219
0.103634
1.09541
0.529186
2.73434
0.368943
0.0337218
0.705093
4.73434
1.49883
0
2.19663
0.809961
1.02581
0.880024
1.45056
0.377238
1.25438
1.56238
4.08783
4.70951
1.06503e-05
1.70164
1.13934e-06
2.20709
7.64641
3.37026
5.07905
5.24194
6.52098
0.993165
0.72964
1.61499
0
0.035242
1.2516
0.00471513
0.646111
2.89038
0.295956
3.51339
0.623621
0.45335
0.0204461
0.135178
1.02379
1.29732
6.35828
0.0268784
0
1.04796
0.936669
2.79004
1.84398
0.974548
0.944912
0.0258439
2.92793
0.959791
1.98224
0.692578
5.60011
1.1407
9.46786
4.16395
12.1886
0.134059
3.24048e-06
15.3488
3.89749
3.68703
2.65768
0
0.000108714
4.0405
0.0136618
0.215449
0
0.354236
0
0.000275691
6.79117
2.81547
0.253222
0
0.0173485
0.819504
0
0.417444
0.0138178
0
0.221642
0.632263
2.04592
2.29137
0.0250639
0.661587
0.0126622
0.000181707
0.0176157
0.794499
0.669115
1.81214
4.91509
0.635828
5.09049
0.604498
0.0637874
3.03671e-07
4.97703
0.726737
1.80418
0.36673
0
1.42597e-06
0
0.465675
4.29452
3.33649
0
2.07255
0.0200915
1.80821
2.96207
2.63286
3.20805
0.00102408
0.0429397
0.210982
0
1.02956
0
1.83828
0
8.94991
4.98022
13.1276
1.2597
2.34321
0.667918
3.23177
1.71382
7.4344
7.93354
0.0483089
2.19127
7.6412e-05
3.22206
2.99831
0.105757
0
1.80999
0.774694
0.000115814
1.86443
0.00349507
0.0149047
0.407901
0.00157348
0.0965165
0.912085
1.82971
3.30227
1.37065
0.161171
0.0904183
0.166671
0
0
7.95559e-08
0
1.65195e-06
0
0.321927
9.32406
0.101701
0.22228
0.812273
0
1.54115
0
0.0298588
1.21537
4.92159
2.63077
2.66101
0.921963
1.5796
3.52932
1.6785
3.28611
3.0098
2.95094
5.30201
0
0.458684
11.9588
0.849645
0
0.189182
2.62759e-08
6.47359
8.89496
3.12401
3.52174
12.2798
0.28552
1.69317
0
0
2.11204
2.52582
0.407696
0.20955
0
8.89699e-05
10.8185
0.00307112
0.00341256
0.0168565
0.0278247
0.0823934
0.800558
0.00313838
1.91293
3.1625
3.83957
2.67113e-05
0
0.376523
2.182
0.752349
1.20289
0.10814
5.02658
0.21128
4.42304
0
2.17295
7.61495
0.0202716
2.82979
0.756442
0.0583773
0.769087
1.96779e-05
0
0
0
4.79851e-05
0.824027
0.401145
0.571677
0
0.913206
1.65253
0.691383
10.4772
0.0025382
0.30538
2.11746
1.00323
0.695908
0.710375
4.10575e-07
1.72529
0.318757
3.0942
0.400395
1.00127
0.0237795
0.453919
0.0426198
0
2.6793
0.00117093
6.20602
0.00805047
0.196654
0.000318367
0.144334
4.56663
0.538426
0.928808
2.89655
8.15125
0.941247
0.165608
0.247783
1.86949
0.10632
1.33404e-07
0
0.0408303
0.000225546
0.246877
0.896127
1.22403
0.049177
1.84913
2.9093
2.62257
1.4175
1.18294
0.828043
4.62645
0.00321115
0
1.55943
6.22815
1.17111
0.0897081
0
1.02754e-07
0
0.296179
2.63695
1.00862
2.71218
0
2.87166
3.34348
0.0219435
0
0.640114
0.0364412
0.0491612
1.50696
8.33856e-06
0
1.38201
1.89592
0
0.0493431
2.75914
0.0364871
0.384839
0.0138619
6.31476
2.8974
0.00307341
0.0204752
3.77823
0
7.96664
0
0
0.0282728
0.00683525
0.801019
2.36934e-05
0.316231
1.14349e-05
0
1.88023
1.11444
0.515991
0.131963
0.271537
2.08958
0.86236
5.12325
0.939938
0.114089
0.597606
0.279483
0.696363
1.70227
1.32125
1.41715
0.0473168
3.61723
1.02252
0.501749
0.049106
7.95529e-07
0.848741
0.0216535
1.59665e-05
5.4028
0.571492
1.9782
1.61078
1.71769
3.96486
3.68452e-07
0.709573
0.856775
0.00335043
0.00266326
4.73791e-07
1.55356e-06
4.11436
0.755405
0.948514
1.16628
2.09057
0.00223727
3.90643e-06
0.130838
3.14234
0
1.92489
3.07493
0.888847
0.638629
0
1.21281e-07
6.22868
0.130128
5.28695
3.2877
0
0
16.1196
0
0
2.13229
4.51893
3.54116
0
3.62431
9.93527
3.64733e-05
6.32054
0.472661
2.53788
0
0
4.91635
0.00763137
0.419767
0.0155009
1.53625
0.0835213
1.14665
1.12318
0
1.03699
0
0
11.4769
6.6879
0.0294358
1.7813
5.79866
1.52514
4.6822
0
0.00377776
1.27321
0.0462298
0.164489
0.918155
0.0435776
0.137683
1.27689e-06
1.88319
0
1.15602
1.5425
0.000204401
0.715161
0.371963
0
0.0138367
0.977094
5.09061
1.13272
5.91598
3.12811
0.969151
0.000346436
0.0329175
0.633113
0.87947
0.748723
0.41773
0
0
0.0613359
1.992
5.54486e-07
0.000216426
0.452014
0.341388
1.46525
0.249307
0.000342445
0.00706131
0.127734
7.22298
9.15659
1.47401
0.695848
0
1.6661
0
3.1063
0.0138505
0.115434
2.28256
0.93175
0.0550576
0.00123689
0.848841
2.64543
0.882751
0.0248484
0.378405
0.0186123
0.833226
0
0.000174353
5.29323
0
2.32965
1.49604
2.52894
0.00805832
4.56362
3.42637
1.00984
5.35959
0.900319
1.68854
6.75581
2.49212
0.948558
0
0.163375
0.754747
1.57929
0.8411
0.88082
0.405827
0.230697
2.30989
3.56346
6.59341
3.52413
9.52467
0.719425
8.42125
1.65623
1.17645
19.3208
3.91841
2.30363e-05
0
1.20109
3.98431
1.91613
0
3.64275
1.14968
0
1.86823
0.948267
0
5.23588
3.62962
4.13584
0
0
0.10788
0.1867
0.0140364
5.17814
2.4006
4.56197
2.3522
2.09579
0.118611
0.00654391
0.246546
2.46448
2.23328
3.09913
1.60834
3.06863
3.61879
2.86707
3.93825
3.06269
8.72165
7.44905
1.0132
0.720227
8.05308
0
0.62199
0.543513
1.00623
0.00504492
1.81113
1.31261
0.542023
1.97865
0
0.17588
0.895318
2.82771
6.02731
3.41412
0.732182
4.15608
4.52953
0.824495
0.738563
1.36878
3.76045
4.01588
0
1.32906
0.00392232
2.27906
3.0367
3.84593
3.13327
0.0956162
0.0659877
0.80529
2.66302
4.60363
2.18543
0.0596456
6.08485
0.947409
0.543252
0
0.177993
0.862388
5.93154
0.0212765
4.54475
0
8.00792
1.02042
0
0.000207263
0.00194446
3.73367
7.4299
6.63117
1.20401
0.909458
0.669901
1.38979
2.51438
0.958749
8.52558e-07
2.10633
1.7858
2.57989
0.00072966
1.31522
3.4711
0.00278304
2.06654
0.00373054
0
0.0302403
0.0529792
0
0.103669
0
0
0.657475
0
1.77397
1.39297
2.07499
0.000424728
0.882995
0.97479
2.56825
0
5.20974
0
0.211164
0.577864
0.0084573
1.65261
0.984446
3.19035e-06
0
0.319443
0.00120816
9.63721
2.17259
1.28788
3.58646
0
1.29262
8.99053
5.72128
3.46955e-05
0.463118
2.35461
7.01004
0.557129
0.977753
1.82591
0.20178
1.44284
0.334335
0.10397
0
0
7.86648e-06
0
0.052645
0.863732
1.06204
0.376425
0.000304291
0.00012907
0.0504744
1.29321
0.0221873
1.29632
0.0024493
1.79726
2.6028
0.948663
0.100036
0
0.674974
2.3007e-07
0
0
0
4.69765e-06
8.55375
0.395832
0.281154
6.09915
1.89179
0
3.8945
6.55038
9.10613e-06
3.57745
9.08305
9.22342
8.46593
8.33286
7.41423
4.94245
0
0.0689246
10.6391
7.22745
7.37732
8.99733
0.162906
5.61133
1.65147
0
2.29003
0.0086948
0.0142132
2.02058
0
0.0120848
1.95158e-07
0.323457
8.02514e-06
0
0
3.24421e-05
11.1824
0.279268
0.0703794
5.77154e-07
0
1.15929
0
0
0.0628739
0.792451
0.00428817
3.88705
0.543776
5.68385
4.70684
9.69996e-05
0.106586
5.95721
4.25116
0.0042222
0.0166716
1.6804
5.86297e-08
0.274634
1.08015
0.411506
0.0179878
0
1.47016e-06
0.133409
5.46459
0.000359179
0.00434695
0.299891
0
1.65825e-07
0.00659953
1.70417
1.71885
0
2.37212
2.15949
1.34094
0.0901619
0.000273578
2.41384
0.00109329
0.136472
0.262692
4.4401
8.90161
0.193627
0
6.99647
0
5.14477
5.28081
0.892735
2.57914
0
0.350638
0.00336936
0.774125
2.43602
1.41113
2.66362
0
0.740582
0
0.446962
0.412456
1.17553
0.241604
0
1.27709
0
0.0527912
0.979165
0.011022
6.95792
0
1.18389
0.39466
0
0.077126
2.89598e-08
0.00156987
0
5.04914
1.11221
5.88898
9.05018
0.028639
0.908681
0
0.571894
2.63449
0
2.15941
0
0.017
0
1.6694
16.6043
0
0.767351
0.0772133
3.96857
1.38405
0.201066
1.07056
1.25902
1.15021
0.000374358
0.677225
6.7998e-07
0
0.0323883
0
0
0
0.792949
1.36273
0.181053
0.0800332
0.0823551
1.66508
0.433831
0.324488
0
5.60454
0.00524242
3.99278
0.113852
0.193278
11.1012
11.404
0.12745
0.984496
11.9702
9.38085
1.12852
4.13801
0.0240236
3.32607
5.7456
0.457847
0.00173094
3.102
2.56481
0.00582483
3.81817
7.90943
3.02162
0.792578
0.587217
1.16057
1.88619
0.372743
0
5.76937e-07
0.105596
0.00956062
0.936113
0.000203691
3.19326
0.000537309
5.87213
0
0
0.366681
0.122572
0.0446575
1.30397
0.0767213
0.0193172
2.38902
4.21683
0.135808
5.93454
1.91528
0.0942025
0.00144691
2.44886
3.90635
3.37151
2.08376
0
0
2.14957
1.59383
0.0409316
0
0.277642
0
4.90613e-06
0.000124954
0.199148
0
0
0.602016
1.15106
0
0.0826453
1.43434e-06
10.2276
0.00748424
4.55946e-06
1.81975
0.0875651
0
0.706566
8.23917
0
0.251949
5.09051
0.168505
0
5.34894
0.177043
0.104744
0.267346
0.05058
0
0
3.30634e-07
0.457769
1.31
0.0847988
0.771236
0
0
0
0.264165
0.0310199
4.08356e-05
0
0
0.278997
1.09117
0
6.38793
0.253847
7.6487
0.0129675
1.85825
0.7187
2.22289e-07
0.925462
2.25246
1.64117
9.71291e-08
0
5.36387
1.59693
0.636032
5.77658
5.92102
1.33304
2.00315
0.237328
0
0.00601823
0.000711507
0.994348
0.0178945
0
5.67411e-07
5.53172
0.891153
0
0.208626
0.142404
0
0
9.3872e-05
3.50621
3.21234e-08
0.0298564
0
1.59684e-05
0.018433
0.0270865
0.391489
0.442674
0.903902
2.42429e-07
0
0.0245371
0
0
9.54666e-07
7.82995e-07
0
0
0.0290588
0
0
0
0
0.880706
0
0.503339
5.97623e-07
0
0
9.72154
0.00291189
0.537256
0.0421158
0.0223109
6.03548e-08
0.869179
1.85934e-05
0.00344356
2.77334e-06
0.755699
0
0.000436142
0.17139
0.0615833
0.105982
0.000138885
0
3.30379
0
0.00175197
1.45528
0.613436
0.0662314
0.0844546
0.0598577
2.13989
0.0440375
1.00528
0.125202
0.00082909
0
0
1.63921
0.00698196
0.00778483
0.115714
1.96153
0
0
0.830125
0
5.2468e-05
0.0153547
1.93569
0.0122309
3.27537
0.00354986
0
0
0.649313
0.00134911
0.0224889
0
0
0.0247378
2.56859
0
0.656797
2.04656
1.35534
7.81382
0.41543
2.25365
1.87383
0.70613
0.0149185
0
1.68798
4.96827e-05
3.13602
0.191705
0.915609
0.0294328
1.0093e-06
0.000386144
1.39911
1.43763
0
0
2.89763
0.719481
1.40857
0.996714
1.12252
7.21115
0.0229429
4.76058
0
0.346137
2.04858
0
2.29352
3.4163
4.7125
9.19601
0.945138
1.33433
10.7376
1.24058
6.16219
12.8176
4.98339
3.91526
1.04678
0.0774048
4.09835
0.999491
0.938725
0.917938
0
0
2.24149
4.77854
1.20349
0
1.18049
1.85735
0.000110664
0.00852578
3.02681
2.84415
2.01425
2.61446
1.46419
2.72964
2.6623
1.31971
2.15352
0.039787
1.21584e-05
0.828783
1.85416
2.40181
0.941749
0.88161
0.575646
0.296382
0.240068
1.06347
0
1.41645
0.00929358
0.939637
0
0
0.0737478
0.4811
1.6733
0.486135
0.47117
0
0.000119797
1.92781e-07
0.880271
0.543683
0
0.443204
0.0374863
0.993093
0
7.47508e-08
1.1451e-07
0.404363
0.00437713
0.725178
0.0270177
3.47427
0.00568937
0.000198435
0
4.1906
0
1.44518
0
0
0
0.322169
0
0.6727
0
0
0
1.64119
0
0.001391
0.925724
0
0
0.238935
2.80649
0.974855
2.50306
0.109964
0
1.46364
6.35575
2.00794
7.12954
6.867
7.93501
8.97567
17.8891
14.3617
13.8549
7.42025
2.59205
4.63885
0.119647
0.000656111
0.0427
4.2918
2.77492
4.43772
3.98684
2.00605
0.574334
0.54483
2.72594
4.25224
5.58304
0.903165
2.29477
4.01503
3.08242
5.08985
1.79361
0
2.96767
0
2.58337
5.07938
6.07231
4.6768
1.44551
3.53908
3.52717
0.680216
0.0194106
1.07979
0.981103
0.253287
4.55377
7.97706
9.77284
2.52034
1.12504
6.59823
6.03679
1.8462
5.58619
0.697613
2.27903
1.39429
4.26603
0
2.42093
4.10979
0
0.600307
1.16152
0.0431521
0.298032
0.81503
1.38486
1.46395
3.57025
1.66668
1.82404
0.440233
0.0488753
0.0234884
0.825926
6.62477
1.63063
0.000398412
0.0212133
1.87972
0
0
0.00560032
0.00385909
0.143728
0
0.000939868
0.846816
0.0134515
3.35554e-05
0.279788
0.0173917
0.476465
0.0948604
0.284503
1.08005
1.31731
0.972126
13.5582
2.21379
2.07879
3.57279
0.130087
7.04056
4.29132
3.00288
2.45038
5.41213
2.18932
0
1.0791
3.11252
3.53909
0
2.6662
0
2.18955
0.197809
0.462389
2.71336
1.49544
3.52486
0.361199
2.53075
0
0
1.8586
2.64682
0.000249606
0
3.66893
0.00471804
0.173731
0.72585
0.00352389
0
0.34396
1.77316
1.25159
0.000476878
0.000108523
0
0
9.94757e-05
0.0833513
0.882659
9.53235
0
0.0197561
0
0.927019
2.57097
0.262645
0
1.25187
9.7505
3.69271
1.02052
0.703787
0.133506
1.0048e-05
0.000390647
0.0134493
0
1.18993
0.0150454
1.37194
0
9.99135
0.19197
0
0.723282
0.384261
0
6.03039
0.466615
0.0106196
1.46342
4.40686
1.2256
2.66679
2.37694
3.22961
0.50991
6.11269
2.67841
0.777681
2.33311
5.15658
0.403306
2.29013e-07
4.22218
0.266844
0.0200235
1.40654
0.000156618
1.76961
0
1.59677
1.23235
1.48396
3.76505
8.4635
0.891773
0.119851
0.688063
1.40895
4.59669
0.688557
0.208285
2.63469
0.00126813
0
0
5.49846e-08
0.00252256
1.83492
3.20313
1.46773
4.9252
4.60362
0.252234
7.99691
4.63449
1.06876
3.36722
2.41113
57.047
1.39586
0.246969
0.662226
11.5883
6.21748
1.65842
2.75398
3.07602
0.0326912
0.000251887
5.24471e-05
0.0135319
0
0.00361819
0
0
1.94729
2.29398
1.97922
0
6.45482
0
0
0
0.195326
0.046234
0.265834
0.389496
0.00288747
0.752918
3.56484e-05
0.00716192
2.97735
1.82509e-06
3.31677
0.820981
0.00597196
0.00291924
0.000294338
7.89722
1.06043
1.11753e-05
3.66021
0.94314
3.98595
1.02997e-05
4.20764
2.37726
0
1.09447
2.79234
0
0
1.02932
0.582129
0
1.36705e-08
5.87888
0
8.52528
3.00253
9.7836
4.03082e-07
0.820165
0.000504156
0.159202
6.33189e-05
1.67824
3.89954
3.35753
0
0.680222
2.30341
2.81344
2.13715
0.986498
1.37812
2.06147
0
0
0.031308
0
0
2.34142e-05
0
0
0
0
0
8.33819e-07
0
0
0
0
0.0312452
0.374777
1.51822e-07
1.00006
0.69652
0
0
0.355325
1.01876
0.248957
1.03426
0.739616
0
0.604301
0.0941094
0
0.0174848
0.50505
0.982357
1.04153
0.934512
0.591444
0.64911
0.65088
0.767605
0.823114
0.685075
0.00157439
1.46371
0.0388547
0.791679
0.773692
0.0105979
0.956695
2.80991
2.59
2.69608
3.03565
1.89582
1.79837
2.4219
4.90595
3.28516
1.26414
0.102862
0.0569394
1.9026
0.813584
0.96264
0.788796
1.85039
0.216022
0.385486
1.18493
2.13938
0.0355314
0.237639
0
1.22048
0.0132678
0
0
0
0.428119
0.411908
2.00174
1.16777
0.790833
0.949477
0
0.00204697
0.000164003
1.8971
0.0078097
3.79112
1.54212
1.18727
0.00030379
7.21474
4.28199
0.138036
5.21674
3.28359
4.58684
0.651102
0.855064
3.29311
0
0.962668
3.46196
1.03404
2.05237
1.09963
1.74799
0.709531
2.98008
1.34491
2.88121
10.3313
1.22461
0.209939
1.67961
2.04889
4.40587
1.48248
0.997917
3.29722
3.6601
5.3823
10.2059
6.70667
8.41708
8.75786
6.95727
3.73837
9.4598
8.76501
4.51969
3.58458
1.87516
3.50973
0
0
0.000315039
0
2.21909
2.75517
0.19985
0.142753
0.306026
1.00129
0.581125
1.0298
10.6737
2.79608
10.2575
2.22772
1.55029
0.0185304
9.42794e-05
0.583335
0.694269
0.389104
13.6037
1.77168
0.99629
0.0225376
0.60586
3.56894
1.12661
1.28984
1.07376
0.00599956
1.25135
1.27546
2.76804
2.26637
0.895367
3.53332
3.34861
12.9348
4.88195
5.02325
0.250047
0
1.74463
0
0.0657806
1.4363
1.22125
4.62059
0.0214665
6.92851
5.88805
1.07427
1.66835
1.08301
2.42934
4.76592
7.07208
0
0
0.000253975
20.5888
5.53316
3.96792
0.319514
8.04758
0.000455937
2.86075
0.758505
0.130806
0
2.96351
4.7635
0.99814
3.69049
5.55622
8.34932
1.31107
0.491548
0
9.68134
0.526858
1.93653
1.43244
0.907035
1.6413
2.96395
1.94139
1.03447
3.49942
2.98373
0.788093
5.58131
1.13774
4.28173
13.219
13.6392
1.68428
9.20837
0.694213
3.19765
0.195974
16.7716
2.08908
2.68511
5.03116
3.86678
7.77056
2.77203
2.22758
0
2.00843
0
0.0148351
4.10904
5.39528
1.61951
0.942199
0.36655
0.577477
1.96582
2.0158
5.77668
6.66127
3.34556
3.21249
5.7639
3.2744
1.82206
2.70479
3.85891
2.11236
2.68435
3.83505
4.70779
0
4.35725
1.2112
9.21208
0
0.620159
0
0
0
1.2503
1.81401
2.73495
2.79641
4.63492
6.07936
0.0143798
0
0.993217
0.0170807
0.65007
1.4452
0.111944
2.29249
1.84158
3.09404
0.889279
0.937243
1.61045
0.454647
0.0272885
1.60064
0.11042
1.23173
0.0647066
0
1.64209e-05
0.544568
1.35419
1.41867
1.27676
1.00618
1.88918
1.27857
0.153971
0.0673002
0
0
0.237903
1.62398
0.430826
0.625692
0.78362
0.010162
0.000501105
0.552733
1.93108
1.42012
0.0098552
1.71937
0.374869
1.733
0.640756
9.95917e-05
0.0749732
0.0121332
0.0113905
0.488935
1.67258
0.0424495
0.328039
0.0213641
1.88351
0.000282119
3.71923
0.000143034
0.44903
6.53506
1.19385
3.88479
0.222793
5.43482
0
1.44026
0.00109933
0
0.107467
0.0824009
1.7602
1.11895
0.37404
0.000930969
0.589117
0.000407762
0
0.949637
0.0138953
0.64021
0
0.0668459
1.3156
1.34429
3.71154
1.59747
0.106317
5.67199
0.384066
1.65407
2.18674
4.82616
1.29044
2.74482
0.568327
3.95913
1.95145
2.19125
0.58931
0.282151
0.830066
0.323741
1.41763
27.35
0
0
0.309033
0.614977
0
0.000113294
0.613301
0.134258
1.33011
7.33342e-05
0.0107745
0.862359
0.0138882
0
0.509719
0
0.343354
0
1.17466
0.00307139
3.34235e-05
0.945033
0.754377
0
0
0
0
0
0.72476
0.379557
1.52551
2.84771
5.56534
4.29817
0.705344
0.866139
0
0
0
0.802915
1.70023e-06
0.26099
0.0944474
0.466134
0
2.23515
4.43482
2.20091
1.93862
0.00183344
7.95715e-07
0.198079
0.146608
1.31046
2.51966
1.97076
1.00532
3.48985
0.273678
0.179056
2.21863
4.07622
2.21994
3.7782
0.461069
3.32557
0.264389
18.6135
0.822571
56.9448
26.1481
0.963607
0
0.0396728
0.11346
0
0
0
0.279746
0.0462935
0.227145
0.0157509
6.00921
0.0664332
1.46034
0.000324564
3.05093
1.17942
1.10775
2.03351
3.11992
2.1902
1.6496
2.30603e-05
6.15804
4.25253
2.32591
1.12944
7.98137
1.22148
3.31366
0.981937
1.06913
0
2.77649
1.58142
3.16184
0.121561
0
0.993133
2.31214
4.83706
0.0869913
1.3085
2.22021
0.0918946
0.0022476
1.83791
0.69673
1.22759
0
0
0
5.67761
0
0.184522
2.77605
0.649687
0.450224
1.07974
0.028849
3.16207
0.0076976
9.72992
0.469605
0.810105
2.51406
8.97189
4.1277
2.23535
6.33983
0.0336426
0.266279
0.00425289
0.0174737
0.714263
0.00300995
3.12582e-06
1.9614
1.67539
0.848555
0.389645
2.71545
4.9728
12.0874
4.39828
0.756716
0
0
0.000461398
2.27586
0
0.817602
0.778555
4.04792e-06
0
0.0685377
0.928052
0.481048
0.00894781
1.562
1.16919
0
0
0.00149287
2.22886
0.993699
1.02203
0.0789122
5.31108
0.14016
0.417579
0.042283
7.33478
0
10.0976
0.976766
0.0142637
5.14638
0
0
0
0.573602
0.742761
0.011097
0
0
0.0415103
0
0
0.0836794
0.992348
0.125333
0.562672
0.309898
0.000115516
0.0483902
1.44626
0.380018
0.669753
0.415116
1.01415
0
0
0
0.970488
6.13786
0.931005
2.57294
1.77443
3.73155
1.58687
4.57393
2.8339
8.46881
1.99464
4.64393
2.5888
0.000184464
0.353718
0.39261
0.937569
0.00449298
2.93097
0
2.69876
1.5525
2.02057
1.74266
0.0995768
1.9834
0.856021
2.33104
3.91973
4.27469
2.96196
0.159237
6.09361
0.366078
0.151042
1.64578
0.334303
1.40569
1.74994
0.0240813
0.076904
0.0339606
4.30563
0.1919
3.34874
6.33452
1.24327
0
15.6748
13.5941
0.723542
0.603632
1.51607
3.75439
3.34615
0.00801434
5.92968
0.32533
2.28994
2.25819
2.67989
1.12369
1.12929
0
1.42872
0.208866
3.48243
3.57062
2.36174
5.36181
2.73395
0.888455
3.61712
6.76341
3.86689
5.64788
3.58327
2.21813
7.03804
8.26348
2.16588
5.62765
0.681288
0
4.51718
5.5197
0.635579
2.62221
6.00728
0
9.05761
12.8651
0.109701
0
0
13.9882
3.08181
8.71098
12.6048
0.0645738
3.29732
2.68345
1.45018
2.42058
9.69517
2.81245
0.534053
3.14442
8.18155
1.26023
4.09661
8.09103
1.83943
6.10531
3.88508
6.95218
9.73001
0.146927
11.5271
5.00349
4.22231
0.000195846
4.03552
3.24528
14.0548
5.4714
0
4.17625
4.85628
1.69182
0.020899
4.3542
4.78047
0.430028
2.55517
4.46633
2.99549
1.02832
1.37042
0
1.82111
0.937333
8.35291
0.12117
0.902625
9.34654
1.16891
5.47182
6.89209
0.207283
7.56129
0
5.69647
3.52181
1.92683
2.66796
2.69292
4.62318
3.49872
11.1645
3.29727
2.77859
2.002
6.41131
0.0031094
4.19414
4.4878
6.50598
0
3.2732
3.55193
3.6197
1.74613
0
5.94226
2.21935
0.895143
0.0019469
0.019186
1.16302
1.39412
3.00386
0.682954
0.000611203
2.46619
1.27501
0.00446048
1.11334
0.718749
0.853258
0.988737
5.29868
0.0718935
0.602488
5.42731
1.51716
3.13108
4.44067
0.115001
1.46412
0
0.0335158
0.0279084
1.11277
0
0.00434087
0.980962
1.48924
2.06996
3.06446
2.10641
5.31113
1.17156
2.0342
2.01301
2.23459
1.97155
1.98229
1.92684
0.0396097
1.54027
7.62905
0.678166
0.0932799
5.44361
3.64643
4.34935
0.0184655
3.32653
0.0322459
0.580023
1.08301
3.86172
0.676478
6.57015
7.06204
10.142
2.164
2.83352
2.45914
1.87254
2.02205
2.203
0.668547
0.656107
3.53803
1.86966
1.64672
2.27816
0
0
1.33465
4.22802e-07
11.6842
4.33616
0.0418554
7.43876
0.146668
4.73472
0.158814
0.22683
0.0137295
0.254674
0.0690043
0.00457564
2.43685
0.997229
0.0275045
1.12709
0.351156
1.88426
0.898709
0.0359014
2.23482
0.00082652
0.00142597
1.11183
0.112585
1.34602
0.00114978
0
0.119104
0.46212
1.81348
1.74134
6.02095
2.10729
0
3.1241
0
0.197914
2.29994
0.366586
4.29964
1.39972
0.253036
24.6825
0.141676
10.158
0.855805
2.50174
4.85244
1.43904
3.05633
0.018752
0
0
0
0.00375403
1.52979
0.644257
1.88158
1.7973
4.27735
2.85534
2.48121
0.21242
1.01803
1.4027
1.64658
4.97028
1.01814
6.95523
24.6491
0.04372
5.44445
1.6576
1.96382
2.94182
0.643461
4.53349
1.65857
0.753765
3.58924
0.00734633
0.0963456
0.124603
0.0146358
0.910086
0.821683
2.71953
2.63553
0
0.0628413
0.918046
0.898184
0.961868
4.9523
0.12408
0.210667
0.988362
0.059511
3.52729
1.44421
0
0.785925
0.0956666
0.0435271
0.937779
0
0.283233
0.894899
6.36926
5.44871
0.835071
0.644844
12.5364
0.985082
1.80045
2.83239
21.7866
1.12326
0.300636
2.78802
0.468258
0.0618589
0.853726
0.902693
3.07815
1.45518
0.642815
0.224518
0.00892075
0.358532
21.0582
2.17548
9.13412
1.74779
0
2.19482
11.7482
0
0.0216181
4.48296e-07
0
2.70898
0
0.115944
0.0144823
2.05316
2.00722
0.770252
0.5585
2.88915
0
2.33283
3.98987
0.000329771
0
5.47766
0.346383
1.53759
5.20158e-06
0.0130752
1.65663
4.24138e-07
0.71769
0.0325322
0.0972144
0.829143
0.0187444
5.97261
0.619992
0.824745
0.943007
0.535895
0
0
0
0
0.998888
2.73229
4.62131
0.155482
1.05466
0.152504
3.04189
0.608691
4.63551
1.75868
2.25254
3.58858
3.06247
0.587604
1.25885
3.63337
2.55183
0.258183
0.10381
1.04235
9.32815
1.29764
7.8189
5.52052
3.6552
0.146228
3.86582
0
0.275939
2.88354
2.34533
0.746301
0.68085
0.523202
0.257192
1.83116
0
0.200521
1.01196
2.04824
0.304122
2.86915
1.17312
3.11281
0.119441
0.443747
0
0
6.54086e-08
1.61055
0.0543685
2.75053
0
2.74053
0.509669
1.82822
0
0
0.884257
0.587605
0.024524
0
0.353596
6.11329
4.57154
3.09996
1.08532
0.234857
3.17169
3.57602
4.77347
3.66866
8.19778e-05
0
1.30767
1.64335
0
2.48653
3.64909
7.05593e-06
2.89728
4.58573
0.0112893
0.00667111
0.0972669
5.24838
0.27534
0.586155
0.945715
0.000318368
4.72809
1.2497
1.33971
3.7164
0.473321
0.00845332
0.723224
2.78331
6.31039
4.29998e-06
0.541587
0.438978
3.76254
0
3.25849e-05
4.24097e-05
1.91157e-05
1.79274e-05
0.047845
2.22519
0
1.03038
0.982966
0
0
4.81483
0
7.71338
24.5248
0
13.3993
0.764446
0.270325
0.608877
1.48549
0.00192219
0.0153141
1.05012
0
0.0082594
8.99714e-05
0.033995
0.00535653
0.00374398
1.43387
1.31703
2.04414
1.92018
0.176418
4.68432
0.283025
3.61743
0.0686569
0.0120663
7.2186
0.999614
2.18691
2.16771
5.05638
0.634183
2.78398
5.63551
1.16469
1.66682
1.33368
0.232709
8.61419
1.09967
0.799929
0.56699
2.25977
2.26325
2.12247
0.782319
6.76719
0
0
0.00343733
4.12982e-07
0.205682
0.447443
0.0686828
0
0.0915529
0.014663
0.842042
4.39628
0.108603
0.672059
0.829973
0.991084
0
5.78421
3.74493
2.38225
6.21731
4.96951
11.7095
0.623773
5.14713e-07
6.80597e-06
0.806405
0.168761
0.569842
3.53296
4.95664
0.466573
0.101947
9.52849
0.059097
4.97336
4.75732
1.61115
6.56602
1.73155
0.653528
1.58313
0
1.41586
0
0.834458
0.275543
0.102212
0.778543
0
0.916288
4.33144
0.117913
3.87179
2.75776
1.08117
3.3784
9.69522
0.743478
4.57668
5.4193
6.80164
0.827636
0.00929358
3.1467
2.25649
2.2828
0.625901
3.09002
0.0969543
2.08666
1.40454
1.72753
0.053148
0.224324
1.59082
0.0936002
1.20912
2.25344
0.875596
0.550759
1.63014
7.32676e-07
1.72579
1.71096
1.79494
0.0763714
0
0
0.392975
1.83516
0.552857
0.825578
0.923965
0.00698091
6.71928e-08
0.805453
1.25954
0.0139555
1.78826
7.25417
0.0331466
9.38363
7.25722
1.85279
2.6733
5.6969
0
0.0483554
0
4.06324
0
0.931383
0.936712
1.51394
0.131793
1.26783
1.75592
9.64151
10.4647
0.628206
5.32161
2.26914
0.880798
3.34136
5.43684
0.213428
1.24987
3.40509
0.106354
0.667705
5.9539
0
1.37359
0
1.2598
0.80748
0
0.0300518
0
1.18046
0
0.000135079
0
0
4.20937
2.84691
4.15086
3.72079
1.54106e-05
2.81141
3.10409
1.19477
2.75098
3.83382
0.722926
0.550303
0.0989318
2.03017e-05
2.44128
0.531486
0.0169394
4.3245e-05
2.63828e-05
0.000273968
0.199596
1.61884
0.0650676
1.99719
5.234
0.0312374
0.880206
0.979211
0.442735
2.3887
1.28053
0.275139
0.507771
0
0
9.18838e-07
0.000698614
12.7274
0.040087
0.304557
1.19472
0.0653061
0.00799481
1.08654
0
2.41765e-06
0.4421
5.39121
7.17699
0.0164879
0.475421
2.75119
0.0178134
1.62588
0
0.258611
0.145649
0.81324
0.0202838
9.84524e-05
0.000710596
1.37284e-07
0.000119996
1.05478
0.0145487
0.332628
0.479059
0.254538
0.98188
0.0373499
0.0143082
0.675016
0.0813255
0.715835
0.350415
0.803915
1.08542
0
0
0
0.900837
0.927241
0.280836
1.69915
0.0502246
3.44602
0.0039339
1.07843
0.0498628
0.000473185
0.871725
0.422687
0.410894
0
0.975621
0.00145824
0.0756903
0.0214627
4.40493
0.323496
0.271642
0.909264
1.28452
0.437373
3.35929
1.398
1.31318
0.0196564
0.998091
0.316498
0.514315
0.746689
0.976238
0.0376199
0.581227
0.00108065
2.12469e-05
0.00213496
0
0.0500354
0.89455
1.83446
2.33447
1.74333
0.103542
3.60313
1.39136
0.373017
1.03729
0
3.4332
12.9595
4.37622
0.0967584
0.862003
0.554066
0
0.230746
0.0115953
0.879085
6.31194
0.568766
0.0162624
2.74184
0
2.79477e-06
0.935122
0.515324
0.000756482
0.0787898
3.97767
0
0
0.792089
0.00119154
0.167455
0
5.24028e-08
0.907089
1.41229e-05
0.0388461
4.42074
3.39093
0.0195783
1.80832
3.49461
0.00444771
0
0.0924867
0
0.0314286
3.38432
0
0.457419
3.80024e-05
0.564674
8.3292
1.30183
6.73047
0.808394
2.47319
1.99634
0.697315
8.78988
2.38743
0.00204223
4.20799
0.220819
8.19669
1.17145
3.80776
5.81591
0.243843
0.293023
0.0791633
1.01605
5.88952
0.105331
0.222999
2.25837
3.74062
1.26348
5.5325
1.33321
0
1.98749
0.562592
3.32297
4.66728
0.332114
1.12058
3.37936
1.45493
0.0699621
1.60112
5.86919
1.2249
3.56203
1.42383
3.86321
1.06369
3.77089
2.76626
0.0186567
0.886643
2.91673e-05
0.637789
1.65782
0.589689
3.67489
0.127452
0.138887
1.3698
0.0711597
0.000879549
1.05258
0.00387986
0
0
0.0898781
1.32071
1.97186
0.0700745
0
0.601423
0.272687
1.1672e-05
0.919388
0.11628
0.00510323
0.000136178
0.0672471
3.07755e-05
3.15209
0.461695
2.36895
21.01
2.4742
0.233773
3.43681
1.82211
7.65564e-05
1.88509
0.0365141
0.0456556
19.8206
0.00254431
0.254516
3.49124
0.231268
0
8.72542
1.89351
0.0223047
1.96647
0.540726
4.58938
0.0102492
0.0199905
9.06408
0.259473
0.499391
2.29552
1.50585
0.191725
2.79754
0.728293
0.0649792
25.5796
17.6901
16.2712
29.9689
19.2752
2.14982
1.66203
0
3.44886
0.000210737
4.50072
0.910027
1.05239
4.67318
1.07618
5.5275
0.848163
1.76289e-06
0.00795817
0.0411649
0
1.33287
0.279769
0.0176851
0.0228052
0.504415
0.00356572
0.131816
0
19.8481
11.4425
0.000690009
4.58318
10.0081
3.88894
0.464713
0.256061
3.78395
0.0159927
1.80073
0.142455
0.00859811
1.44978
0.78734
7.59217
1.97618
2.5212
1.15236
8.23997
9.78565
3.30748
13.4408
3.37183
7.63402
4.91111
5.10701
0.228289
1.7247
2.49465
2.12344e-05
0.798732
0
0.015657
1.8406
0.88988
0.806118
2.40622
2.91804
12.239
2.63289
1.6114
4.47048
1.17485e-07
0.000166044
0.00167498
0
0
0.195416
0
0.0109236
0.0782571
3.08613
2.26377
4.04318
1.49126
0.899653
0.349882
0.0978886
0.0195946
1.20754
0.773222
0.76912
0.000248159
0
0.982607
1.7898
0.00605467
5.86271
0
0.378846
0.683924
2.04555
0.0907051
3.50717
0.400485
0.832221
0.251119
0.463733
0.0785365
0
2.13322
6.61918
0.0158188
0.576308
0
6.88939
0.0782623
0.00149519
0.00459062
0.126895
5.33506
0
1.24081e-07
1.59675
