12.12
3.70321
8.11072
0
0.19942
10.9173
0
19.6088
0.278501
21.1575
24.098
0.139118
6.63896e-08
2.50611
20.0231
0
3.12669
42.6719
10.1267
9.72768
28.655
0.0100242
0.663059
0.262743
3.30237
4.22253
8.11284
3.39156
17.2351
0.0283345
1.83893
0.98186
0.0564994
0
1.93577
0
2.16569
14.7089
7.15558
19.2662
15.9103
19.159
6.82763
15.8641
1.5036
8.06203
4.15085
0.587128
0.160842
2.49656e-05
0.273691
0.532
24.1335
2.43594
5.15918
3.14821
28.5063
4.89309
0.447636
1.00117
17.2034
0.00456013
19.4969
7.26637
15.912
0
5.32948
6.03647
3.91044
1.07751
10.8799
0.0141302
0
0.0316106
2.43274
2.27533
7.05274
5.79436
0.987662
1.62339
0.357449
1.41478
0
0
35.3492
9.67831
11.9124
8.13174
14.2961
21.7275
13.0114
18.176
1.12488
6.73221
6.0142
11.2413
10.5384
24.8346
4.47924
0.0952146
11.0228
14.8693
15.325
13.2532
8.76014
6.3508
5.99792
3.67608
2.10607
13.3536
8.98424
5.60436
5.46064
4.57197
7.18333
9.42859
6.84667
7.32775
7.08245
3.79738
6.52757
2.16565
5.91546
6.23944
0
3.64599
10.6428
1.19459
0
1.60068e-06
9.34838
0
0
8.14231
0.977787
5.08212
6.47496
1.19246
2.69106e-09
2.93459
0.442715
2.74295
0.810474
3.08349
0.354244
0.000492087
0
0
21.4681
68.8974
1.21141
1.2776
0.00588764
2.65639
15.5369
8.42971
38.2529
9.56762
31.5535
2.89709
7.24964
25.3897
13.3621
9.28215
1.85977
0.897407
9.92688
1.04173
1.34988
3.15469
6.4765
6.47426
3.14454
0.751761
0.822687
0.347293
0.521038
0.115215
0
0.114863
0.0883124
17.4715
0.00131754
0
24.4496
12.7094
18.7087
4.0414
20.6122
55.5564
35.7613
25.4287
36.5737
35.5254
5.41219
0
11.6711
10.6874
32.8727
20.5488
59.8921
97.5108
29.2628
34.6702
16.6517
4.93208
15.2464
6.57876
49.6828
17.9724
45.5108
63.7278
6.88748
62.6418
47.4943
45.6378
6.6633
49.0201
42.8116
10.6261
3.6843
3.88106
43.4393
2.95372
32.6988
25.2043
28.9199
40.8271
47.7664
1.09216
5.52573
4.60841
15.7116
1.27547
4.65722
5.15442
10.2122
3.38846
6.46281
8.76915
5.05482
3.50049
3.5366
1.07033
0.169802
1.74486
1.51857
0.000113976
3.44993
0.176452
0.00948291
6.28135
0.497852
0.815557
0.909024
0.0882377
0.425282
0.00741533
0.913971
0.0654917
0
0
0.00296343
0.787171
0.00560032
0
0
0
0
0
5.11844
0.242141
13.8482
0.18249
0.310776
1.21013
0.127518
0.0894635
9.40971
0.036306
20.8573
0.0679188
0.00301033
0.0039448
0.0197672
1.42307
3.8896
2.09368
0.348088
16.315
0.000960758
2.23239
7.20028
0.506454
0.182674
0.774943
0.930558
27.258
16.8716
4.76646
8.6595
8.89474
10.8937
13.7366
1.62596
26.4351
14.9614
9.11956
1.01431
0.509824
0.417675
1.03762
4.52299
8.53544
28.0278
36.2763
43.0754
10.6419
12.443
8.93572
0.0115549
3.83873
9.75188
3.41229
23.962
14.9677
2.47123
0.130404
0.0440712
1.33951
0.675559
5.92565
0
9.91804
40.6104
14.4026
13.7225
9.35703
11.2418
1.69012
72.9345
5.26611
12.0627
3.24716e-08
0
3.23253
0.187084
5.60577
6.22042
5.94797
0.43068
0
35.0065
14.9325
0
0.8921
10.5096
11.783
0.118355
2.8376
3.10501
9.11239
0.00217521
3.49737
0
0
0.406313
0.123442
4.09025
1.01265
0.75871
0.0446473
19.5866
8.55488
8.10247
13.6364
0
22.0942
29.3443
31.8049
30.8434
11.6853
4.20938
12.5698
27.5695
10.617
8.22266
11.2168
11.074
15.3164
10.9748
4.44745
4.30304
12.1188
1.70942
34.7546
18.5046
22.3458
15.9096
46.7067
11.7247
40.4674
31.5499
28.3758
41.6986
21.8925
17.4803
13.3991
14.7369
6.1198
16.9089
12.7412
4.79014
13.868
8.71257
9.48397
70.0569
21.7406
23.0879
2.88233
1.95721
26.0552
12.5267
9.51204
16.3995
36.7967
17.4186
12.7322
41.2603
27.9883
25.2389
12.9203
14.0104
21.1816
22.6625
16.7562
39.439
0.460173
10.5928
7.73574
14.4229
13.109
14.9607
28.473
14.7796
1.11712
1.01587
0.0205394
9.67151
4.17952
13.1739
4.67558
46.4659
10.7274
18.0201
10.3516
31.6761
12.3882
15.2856
12.4502
5.26858
0.314415
0.0695889
0
8.57877
0.719414
17.1443
2.8168
1.16983
8.93667
0.59084
3.86949
0.988001
0.325479
0.809893
0
2.09112
7.9979
0.0736868
10.4013
18.5745
10.6818
2.78585
30.7968
23.4169
21.5981
9.19122
9.90502
2.58603
11.6024
20.1826
35.6514
20.3714
3.27028
1.65979
19.5918
0.00707568
0.437882
0.00607803
0.0842328
28.7966
46.105
25.7678
19.6781
53.8055
16.3412
4.9899
17.6863
0
5.96554
12.0315
3.4408
1.20593
13.09
17.6813
18.8896
29.358
14.0137
18.3102
9.70954
15.1484
21.8417
9.95921
0
0
25.7974
5.2575e-08
6.25677
0
1.88515
1.07718
10.1224
0.0577972
3.0736
0.421862
1.88441
3.85683
0.0488122
1.05389
17.0988
3.39919
1.86681
18.005
8.00637
1.90363
4.17271
12.5722
6.77889
11.2321
17.5678
22.9258
23.9618
0.000269262
36.993
0.913658
44.4912
40.252
34.9042
28.7269
20.5827
5.72027
0.410401
0.754162
15.5092
0
0.798095
5.13915
1.13655
6.82527
16.223
8.21458
22.2319
10.1142
5.50425
1.23942
4.4864
3.52926
34.0795
55.6711
5.23337
0.0478932
3.78786
1.62104
14.7834
12.2299
1.21987
6.43398
0.389131
11.3372
2.92945
1.02321
2.46978
7.64471
8.5475e-07
13.3764
12.9542
34.5099
7.61861
4.05308
33.9174
12.3201
15.668
10.849
4.0115
13.2645
27.921
0.00489839
1.41255
0
2.70277
0.057612
0
31.4325
10.7958
6.08914
0.0147553
0.55101
2.35884
10.898
1.15024e-07
1.98731
0.364526
1.09258
3.69381
1.45216
0.0223288
0.987904
3.37132
0.209452
0.0983457
0.180351
0.00121995
0
0.87494
16.4335
0.00377558
36.2149
4.2894
9.90899
2.0721
9.64273
4.15112
10.182
15.3426
0
0
0
2.60742
22.9006
40.3152
0.00304428
32.3373
0.924891
21.6137
29.019
21.1306
25.017
0.426181
0.237267
0.273904
0
0
0
0.0622632
0
18.5612
34.5343
25.6451
10.1188
12.6915
3.38479
15.677
17.3805
46.7893
34.9218
5.74071e-07
4.59809
0.701935
23.4282
19.1302
6.14247
6.42228e-05
27.1449
17.1658
0.0416454
16.6539
5.42892e-05
1.05885
1.01984
7.14526
5.93913
13.1084
9.46728
9.4814
15.6819
3.60173
8.01531
0
0.766415
0.927135
1.84952e-05
0
0.000178843
0.326842
0.795983
31.2942
3.57614
6.07053
2.81712
0
12.2275
8.75451
4.08236
6.95117
10.1704
9.80956
8.84251
8.78253
7.35868
19.4645
25.2796
20.3362
24.3915
42.1713
45.9566
0
3.94843
51.0989
1.32702
1.77554e-06
12.545
0.000375414
36.7886
71.9843
16.3869
20.159
18.8798
12.4778
11.5658
0
0
31.0537
39.4213
1.5134
0.0397849
0.539895
0.685558
65.5918
0.481269
0.132102
0.357336
0.000211325
0.827161
0.269962
5.17646
13.6114
11.2221
6.06993
0
0
1.84185
13.1381
11.942
0
4.44357
32.2612
0.0908337
21.5069
0.324387
20.6629
34.8455
8.92906
44.1962
1.47634
4.4225
4.73269
0.0956096
3.94959e-05
0.0316644
0
0
1.72475
0
0
0.0197785
4.40035
32.3145
4.63498
55.5522
12.6404
5.53123
10.9189
2.48247
2.38787
2.37736
0.0131724
20.5646
1.71105
8.47886
4.78472
37.6124
9.00504
34.4085
5.6317
0
3.49438
0
23.2663
0.0606215
2.2517
0.02157
21.5859
21.9625
14.6633
11.575
10.0269
29.5451
1.16965
0.0561618
1.0214
13.0437
2.53661
0.193888
2.56013
0.0385374
0.00011543
1.17708
9.54251
3.65426
0.398543
4.17422
20.1967
8.2852
5.30277
14.7265
5.4105
43.4822
0
0.866183
4.35825
26.7756
13.0815
11.0747
0.0251193
0.229567
0
4.52911
18.6149
10.0892
19.8575
0.759925
9.49929
40.3889
13.692
3.34869e-07
18.9415
5.10065
0.243126
12.3107
0.0571801
0.773076
16.2568
0
0
0.000214216
12.4197
0.0320304
0.5104
1.11568
8.5076
10.1309
0.988368
0.0240706
42.8576
0
37.3547
0
8.90329
0
2.70589e-06
0.0212667
0.0834262
1.98043
0
2.13114
15.6742
7.18475
15.3608
5.90985
0
25.076
8.65896
2.65172
1.31308
1.98854
9.15668
1.75644
12.7575
20.7801
15.8446
9.99195
6.22241
27.4964
15.2268
16.8601
18.8825
0.0772576
7.32187
2.0857
0.589791
17.5539
2.65943
3.45849
1.21758
4.22699
10.9803
1.67948
23.6558
0.0237693
0.000227121
0.735436
2.0526e-05
2.69688e-05
10.6532
0.477341
9.99231
8.10977
3.41494
0.904446
0.837849
7.60639
20.1252
0
26.0978
14.2524
9.49437
0.0150416
1.62898
0.210769
17.9823
1.39983
25.1913
20.3537
0
0
15.5562
0
0
16.4284
16.899
10.6723
0
16.3562
31.5573
1.79702
0.512676
7.48361
12.934
0
0
14.8725
0.381432
1.32888
2.816
5.2106
4.08317
15.7656
28.6807
0.0377358
0.549158
0.00796903
1.48713e-06
28.4673
15.5314
4.67715
6.03698
14.158
20.4558
15.3391
0.810437
1.1615
6.28027
0.760203
2.99109
0.519546
6.91147
0.00210498
0.0451531
38.9994
0
16.2387
5.06472
0.0512486
0
0.272352
0.093993
0.781296
9.7308
28.6329
3.36692
25.1181
26.0919
0
0.00143269
1.72723
0.217122
3.79337
1.12997
5.09098
0.000526072
0
0.142617
8.24959
0.00066372
1.4209
9.81303
1.67698
1.51108
23.8885
1.13026
0.251
0
24.598
38.5812
5.22077
1.45847
3.44269
2.08203
2.44271
15.2158
0.813879
1.4647
19.5779
4.06582
0.328349
0.0422286
24.8995
10.4374
0.244464
15.6463
0.00217416
3.60243
0.000390025
0
1.47036
51.9481
0.000582038
83.9312
0.845591
8.00245
0
20.7357
12.7335
11.1237
31.628
10.5194
4.93189
57.9724
18.1847
7.4967e-05
0
0.0357484
14.6914
36.5272
14.1508
16.5393
1.04672
4.73446
0.439308
19.1808
28.6304
32.0686
25.7412
7.84583
48.9866
8.25105
6.50923
26.3521
26.5104
2.8443
1.29111
10.7985
18.0753
0.681388
0
39.8289
25.8412
0.398544
9.16317
3.37784
0
26.8764
9.53351
16.6278
0.0755262
18.8067
5.5107
9.49197
16.5853
34.321
9.58215
33.9119
18.2817
12.6342
0.660237
0
0.0661222
21.6152
16.3693
20.2564
28.1749
25.897
19.7655
17.861
23.5562
23.1538
66.5806
58.1405
55.5375
12.135
18.4588
2.82184
0.171405
0.034106
1.72601
4.36059
2.32006
2.44274
0.113751
21.963
0.255531
2.46196
6.57989
21.0869
14.613
23.6285
8.69123
24.2411
21.3772
4.3625
0.942459
7.66316
26.069
13.6516
0
9.25727
5.50393
13.6434
23.7223
18.3588
24.1584
0.0413482
7.73375e-05
1.36532
21.2138
10.8898
2.3457
0.880747
3.62203
0.157126
0
0.00312585
0.0445152
0
41.6109
1.82892e-08
37.6981
0
12.2714
21.2477
0.987964
0
0.0013096
12.752
9.80224
54.9173
30.511
0.588748
0.0270736
19.8995
35.4364
0.814331
0.470349
20.7668
17.7724
24.3899
0.0418462
17.7117
7.17068
3.16937
16.6088
0.0315629
0.0093791
9.20423
0.00541098
0.447194
0.950164
0.00457562
0
16.4779
0
0.75036
19.1426
8.55949
15.6567
6.41427
6.26508
12.2444
1.37021e-05
20.4198
0.541446
6.18613
3.05759
3.6643e-05
5.77838
9.56963
12.2448
0.196137
2.92471
0.89974
44.5827
23.9382
10.1355
20.6343
0
15.6379
19.9836
25.2377
0.118289
16.8739
5.0798
21.4959
6.16478
0.301648
0
0.0028541
17.4396
1.0214
20.519
0.0185496
1.30925e-06
0.0011848
0.901238
11.8847
0.0285525
0.280167
0.000144964
20.7699
0
8.20299
16.9736
0.716506
15.94
2.46862
7.36465
21.4897
10.9702
0.0110536
0.556758
0.843665
0
0
0
0.358863
0.000578099
46.4499
2.92083
1.4469
14.8972
13.6583
0
18.7225
27.9494
0.107428
10.3308
39.0047
40.9086
29.2148
46.8877
40.9839
27.3524
0.384556
26.0037
50.6325
48.9528
15.8646
37.1611
4.05469
89.5085
24.7836
1.40563
24.1942
0
0
24.8813
7.61694e-08
0.0540203
0
0.805346
0
0
0
1.49541
17.915
2.52378
0.705487
0.0390307
9.1624e-07
0.428504
0.0659574
2.77006
0.647088
0.877801
0.0130509
24.0252
3.82485
48.5359
29.6144
0.353655
0.486314
10.9854
9.37557
0
1.55088e-05
21.7804
3.21863
4.9194
15.8914
0.174461
0.643798
0
0.179406
16.4526
9.02691
0.425927
0.0489279
0.663542
0
4.57571
3.6064
16.0272
9.95737
0
10.0269
4.41708
3.11722
0
0
12.5299
0
0
0.663933
22.2032
33.0444
3.48903
5.34717
39.3304
2.3069
25.9051
30.5661
4.11453
10.9247
0
2.63208
0.0152562
1.33504
2.75202
5.844
22.6345
0.15572
5.97288
0.710727
0.594218
1.23838e-05
4.9581e-08
0
0.000146599
3.01727
2.90892e-07
7.3791
22.1695
1.4835
24.2249
0.0910793
15.5009
1.08733
1.18772
3.31375
0
0.271434
0.376318
24.5827
16.3757
13.0431
26.3728
15.7201
25.8126
0.0153348
16.804
44.2068
0
7.66103
0
2.00464
0.0320436
3.22266
13.9871
0.843108
3.04954
0.163955
0.21293
4.46706
12.5455
8.63436
7.40028
8.56112
0.0223281
1.58211
0.420871
0.299959
10.3431
4.48907
0.307537
0
6.56135
9.42545
20.8793
2.78642
0.808654
0.846983
18.4697
5.34113
0
49.1806
0.00140354
33.5677
2.51846
1.76989
44.5872
32.7029
0.633343
1.25699
27.4657
34.358
10.7661
16.5839
8.17117
40.4033
8.52713
8.24438
1.01848
8.88338
6.75031
10.2391
11.5589
10.8027
6.40807
5.67592
6.10986
6.70977
26.3087
9.74839
0.00107074
4.1305e-05
0.0106101
1.43124
0.833892
1.1404
5.38634
0.781492
17.9348
0
1.6511
0.435865
3.26937
2.26534
16.0418
1.51387
2.53152
27.1844
30.0972
6.26114
26.1082
8.26266
3.60765
0.252274
24.8688
34.2345
20.2124
13.1924
3.88392e-07
0
15.7855
7.11003
0.350921
4.28123e-07
7.48849
0
0.00203038
1.07078
0.342581
0
0.162096
0.00243291
12.7564
1.081
16.0862
0.00029813
53.8473
0.193949
1.39721
2.92061
8.41565
2.76701
7.18963
5.74613
0.208876
13.9212
22.3666
4.44733
0
49.6743
0.0941623
1.59125
5.84709
0.2359
0.552771
0.0460162
8.38724e-06
0.0149814
6.94108
1.22745
3.01133
0.107631
1.69021
0.540804
17.7574
0.25865
0.644189
0
0.519876
2.42869
1.62867
0
33.7739
0
42.2495
0
1.22048
13.9152
0.299184
0.0623075
6.46638
2.68962
1.87721
9.95956e-07
33.7915
10.3826
3.80917
5.24659
3.34061
6.68539
0.000442558
0.872039
3.3418
2.63136
0.815937
0.980561
0.262961
5.7298
0.684488
100.67
7.85226
3.80816
2.28645
0.70385
8.13995e-06
0
0.482155
7.19742
0.468424
0.0820825
1.75263
0.0352703
1.80885
1.26343
1.00037
0.187577
0.262133
0.00140682
0
0.0357991
2.19781
0.485118
0
0.45348
0
0
0
0
0
0
0.611751
29.5246
7.98318e-07
3.15881
7.32362
0.0143066
0
45.2294
0.699386
17.1441
0.114075
1.66715
0.382342
0.0242455
0.546808
1.56526
0.000436532
0
0.890116
1.05226
1.13833
3.61167
17.7407
0
1.5835
10.6845
3.59833e-05
0.0258416
14.7739
0.000720633
0
4.08307e-08
0.00154666
5.15617
0.160818
0.766284
1.11832
0.684598
0
2.90141e-07
6.58334
0.583098
2.35108
3.80006
1.01522
0
0.013975
0.88521
0
0.847093
0
16.8464
0.532663
28.4996
0.12858
0.0374798
0.963387
0
0
0.0149302
0
0.0424191
0.793044
25.9457
0
21.4956
18.4279
18.4718
43.2518
0
14.5289
17.8894
31.2384
0.779563
0
3.78011
1.40261
18.2079
1.13069e-06
0.52064
1.79703
0
1.48156e-07
17.0286
11.073
0.138217
0
31.393
6.61332
7.90565
12.1341
5.98974
30.6808
13.0921
43.3373
0.00146207
3.72335
27.4378
0
33.23
25.4401
35.5315
50.7931
4.19236
16.7214
27.5301
23.5693
44.8401
50.1451
45.3856
3.00627
8.34966
0.82133
9.35273
11.21
0.0749612
0.251388
1.34821
0.203219
12.6637
10.5863
9.31235
0
3.80443
0.114406
0.00920956
2.41509
8.29536
2.31709
3.45957
1.95618
1.18851
2.74083
6.54782
6.90126
8.82975
0.942249
2.09091
5.06922
4.50102
3.69647
0.522294
1.84505
0.259449
7.0073
1.06143
1.70169
0
0
0.108207
0
0
0.0604865
0.627959
0.00981631
0
0.0415458
1.18645
0
0
0.00856256
0.000291952
0.559221
2.445e-05
0.10124
0
0
0.36262
0.0273675
0
0.211431
0
1.19387
0
0
0
0
1.45617e-06
29.5801
0
5.83693
0.00778145
0.651991
0
11.2148
0.418087
0
0
0.564644
4.39072e-05
13.2831
0
0.182935
2.73629
0
3.84138e-05
2.96667
0.673835
13.057
0.436559
0.494018
0.526551
18.4976
24.0148
1.58658
33.0496
27.0498
17.0927
13.0741
27.2349
23.8049
33.7765
45.2193
39.178
25.0241
20.335
1.47271
1.33237
27.5054
17.6463
22.0545
25.1766
13.4651
20.4414
9.65754
34.1559
25.4211
35.5542
7.93863
16.1583
25.8333
21.179
15.8954
19.3236
0
29.5615
0
21.6233
28.5575
35.0481
25.5141
9.16115
25.7529
31.3098
9.85647
1.21536
23.4513
25.2863
13.0271
22.7344
33.8141
26.9729
21.4095
30.093
17.8987
16.3278
10.9561
22.8763
0
21.6301
22.641
16.5065
0
20.8081
16.6117
1.17284
0.914312
3.44089
2.72245
3.5895
2.35225
15.3228
3.86878
19.5217
2.58935
0.875435
3.17566
0.00467781
0.19181
0.700906
11.0474
0.484527
1.62972
0.744681
10.0554
0
0.651672
1.14563
2.86082
0.989434
0
0.000619146
2.13084e-07
2.08284
0.000905159
14.187
4.84079
1.43696
1.55871
1.14441
10.1179
1.93322
15.1233
39.2731
11.9976
33.1317
25.4673
16.0266
100.817
16.5235
76.3748
36.5995
28.253
25.4135
0
20.7605
17.9044
23.4743
0
30.5105
0
3.72418
4.82621
2.81389
8.50689
10.283
25.5912
2.31701
33.4599
0
0
17.1264
5.29142
1.08704
0.00486248
8.18897
0
1.0194
4.72648
2.33145
0
3.5302
14.2954
0.597468
0
0
0
0
0.66393
0.0927986
0.366583
43.7152
0
0
0
0
22.013
9.96573
0.00371677
0.000470195
24.2313
15.7945
1.40406
10.3824
0.0152747
3.19608
0.0230077
0.860253
1.40942
3.54023
0.25939
18.6106
2.51044
47.109
1.29198
0.628231
0
0.00220852
0
34.1262
0.348146
0.0253802
0.90965
14.2652
0.0147262
12.0418
10.0582
7.76473
14.302
16.9267
18.6235
3.72304
8.02967
21.7004
5.2587
1.39891
33.2852
1.99093
0
11.7293
3.14147
13.9004
1.58629
35.7622
4.08884
2.37335
12.7312
47.6088
8.64969
3.44925
0.768378
7.3082
11.7589
9.60961
6.53984
19.4286
2.90141
0.0425246
1.65656
2.2655
1.84059
2.28583
8.47261
28.1551
13.5359
23.5309
1.30013
23.7763
23.9438
3.19485
25.7786
11.4466
84.4498
9.14839
5.03637
5.71022
47.2206
29.6712
15.5759
16.2053
6.18593
0
0.0135059
0.0507878
4.3738e-05
0.369952
0.835958
0
1.52602e-06
16.3481
33.505
29.3728
2.62877
12.3505
0
0
0.574603
0.899884
0.0529561
0.120113
0.000782949
0
12.8421
0.298828
4.21551
16.6328
1.069
25.5867
2.76125
14.8022
0
0
11.965
3.82526
1.28293e-05
9.85548
12.2821
7.93136
3.44343e-06
6.33283
3.98641
1.53199
9.09085
10.9342
1.16241e-08
0.97531
0.607891
1.58284
0.718026
0.957348
45.7888
0.0832223
24.1588
16.1254
29.7455
0
0
0
0
0
22.2858
15.0915
16.3374
0
20.0302
12.2758
24.796
1.8533
3.12033
6.3559e-06
18.919
0
0.60716
0.061579
0.00601071
1.26007e-05
0.760966
0
0
0
0
0.00309808
1.05627
0.780942
0.000702699
6.35844e-07
0
5.63118
0.904661
0
0
6.70968
0
0
0
0.176086
0.0447176
2.58476
12.469
0
5.4515
0.684221
0
0
1.37356
0
8.91572
3.23517
11.9298
1.29078
4.6773
2.22486
4.98544
2.96288
5.15558
9.04013
5.17306
2.40163
16.067
12.7081
18.7462
8.95538
14.0062
15.5133
18.91
14.9932
17.4057
10.6556
7.38919
29.5367
9.23663
12.0334
9.43109
10.5467
17.1042
10.6367
6.82089
8.12399
8.40093
15.3597
17.5417
12.3478
7.79965
1.5561
2.13042
4.3262
0.626469
0
0
0
0.0163336
61.5805
27.1666
0.000146581
2.27892
2.09622
1.17512
0.00213854
0
15.4669
6.8218e-06
22.4049
6.72668
0.791102
1.76962
12.0818
8.57723
1.31382
28.1935
19.8082
17.788
17.166
0.961472
15.1819
0
9.65204
15.9811
9.84613
25.8963
6.15676
14.6524
8.76762
4.34067
4.40116
11.5848
27.9006
22.0789
10.27
4.90062
4.74139
0.486545
34.8067
9.66295
32.7273
37.9394
20.5591
36.6683
49.9748
28.7809
30.5033
31.3316
44.1014
30.2744
27.5653
13.9614
12.9748
12.4675
17.0431
0
0
0.111799
2.47437
3.80085
7.52928
7.6772
8.59078
9.71251
11.7226
16.4843
16.8882
15.8243
2.03926
14.8519
22.3541
10.3712
4.94057
2.49225
8.43916
23.3128
8.97786
46.3038
3.65361
3.85418
8.31509
6.95168
9.7057
2.79044
8.86877
5.77051
12.1195
12.7954
9.99101
11.1539
7.36748
24.1903
26.1019
31.7245
24.6717
31.2059
12.979
9.15825
0.420788
1.12822
0.00309209
13.6124
17.0571
9.33227
13.0526
0.000111652
32.297
38.4312
19.0663
18.7114
13.3706
22.402
24.1479
38.0727
0
0
0
70.5638
69.0135
56.2804
3.93916
94.1739
1.91213
13.7504
0.044219
9.29198
0.00997649
8.75638
11.8764
1.9758
8.59162
103.323
46.7401
48.9006
13.4055
0.872299
131.627
16.3628
116.006
8.16354
7.75575
122.242
86.1735
65.4313
54.5096
18.971
31.7761
24.5908
32.3262
5.65006
20.4104
48.8171
32.7384
20.6444
34.0152
18.1463
18.0033
50.1168
39.8076
22.5235
22.24
33.0694
25.3082
37.5981
14.4145
13.2185
0
18.1165
0
11.9247
23.1569
19.6106
20.0928
13.4117
15.982
16.0512
16.6717
15.1627
23.6101
24.794
24.5104
5.62602
21.3812
22.6851
14.104
11.8182
16.6228
8.90764
9.07212
14.7609
13.029
0.00207252
14.676
3.56178
18.6165
0.8588
21.0112
4.31701e-06
1.79096
0.555737
17.2749
21.1747
38.457
1.07719
17.1228
26.1288
3.38062
5.19877
4.7842
5.44263
8.55239
28.8206
8.5708
4.06749
1.0312
23.1816
2.14487
0
0
1.37629
8.48481
0.564124
2.70375
0.169656
0.758058
0.236518
2.13258
1.51691
2.65558
1.73005
22.1718
2.11381
2.11476
1.06518
0.0198815
3.32699
0.294242
0
0.189666
3.36545
1.49475
0.000104291
0.0978091
1.54946
0.0350202
0
11.8454
2.73732
1.09657
0.87206
0.00633664
8.17474
0
0
0.000216221
0
0.638586
0
23.0511
0
5.89638
0.053289
26.6365
0.00144499
20.3398
0.000213761
4.13263e-07
18.2067
0
27.1987
10.8237
42.3069
0.0227303
9.45698
0
1.03676
0.0275485
1.05505e-06
9.98783
39.4613
2.57265
5.00219e-05
27.9689
0.0907351
0
3.76246
0.0933984
1.78942
0
0.197685
0
2.33386
15.5611
8.67435
0
16.9407
4.614
2.82624e-06
6.08114
28.4015
2.1363
18.8154
1.8992
24.5003
31.7221
25.4291
6.82371
0.969088
0.364785
0
2.5805
28.8124
0
0.382476
0.413571
1.26694
0
0.0169728
1.6856
4.6679e-07
0
0.286854
4.91717
1.78608
1.92416
0
3.82922
0
2.08016
0
1.26784
0
0.0417901
4.11347
0
0
0
0
0
0
3.56818
21.6074
7.35786
22.212
19.8305
23.3258
10.5161
15.4088
0
0.0056404
0
0.797115
5.57988
6.20011
7.76314
0
0.405425
13.4412
38.5889
41.1215
23.7259
7.80517
2.46983
12.8862
5.20546
5.12498
5.77289
14.8874
3.40492
15.7485
14.7709
3.51341
35.2806
23.3323
13.5951
28.6918
0.419117
25.6977
2.63439
49.1652
0.0109233
81.3354
123.573
5.26201
0
0.0841472
0.000373741
0.0161861
3.76883
0
0.164405
0
0
0.122794
9.49374
0
6.69167
1.28914
17.0169
7.44041
6.20905
12.8258
12.4197
11.9695
2.42386
0
11.9171
9.91195
15.6973
7.96983
16.6417
12.67
13.5876
0.086915
7.70437
0.895648
11.8846
11.3126
7.80853
2.24287
1.73453
13.0215
7.18207
38.2165
8.40674
25.4763
17.2755
2.89979
11.2913
15.1385
12.5923
4.41442
6.17975
0.276227
11.5898
34.1458
2.00773
1.29605
15.9246
0.832569
10.5758
5.31451
0.33442
5.30506
0.794616
34.3583
0.00712708
29.6666
12.6404
21.8176
33.7229
24.7864
21.0564
17.7798
9.47326
0
0.000463414
8.55542
1.58052
3.42163
6.86491
18.3926
17.6628
17.4565
15.4239
15.6285
41.4952
15.8344
11.7255
0
0.321471
0.19561
5.33246
0.17177
10.975
2.71513
1.25357
0.181477
2.77202
9.53821e-06
0.487677
0.255203
2.16684
3.55054
0.551036
0.23986
1.40283
21.0577
6.89811
5.13321
3.43311
23.0039
0.0202088
17.5684
0
19.6009
0
18.5328
0
0.67854
7.16612
0
0.00668551
0
0.00592448
0
0
0.00164249
0.0857618
1.65577
0.140869
1.85212
0.425468
1.64746
1.23815
0.296071
1.25695
2.56422
6.67254
16.686
8.28466
0
0.197869
10.6771
0.0880078
0
1.80742
0.0311311
20.8483
0
15.5377
41.194
31.3483
17.5289
49.7132
16.405
26.9254
2.05691
13.3278
5.70444
0.450411
48.1365
2.84307
3.10353
0
25.557
0
23.374
34.4533
22.3532
4.66171
13.0557
24.4506
3.63613
23.4946
23.6287
35.0264
29.4945
0
35.3033
0.136036
32.978
14.1598
1.34921
13.4076
7.66756
1.1933
0.646903
0.100882
6.87448
1.82333
6.50265
6.42499
3.41792
0.0202568
34.0813
21.5604
17.6329
2.48896
9.5418
23.7336
28.7124
3.6776
29.6616
5.27707
16.2233
19.1796
16.9508
14.4284
9.79535
0.0496711
9.07071
19.3515
33.2397
11.6637
7.83832
23.4268
10.5617
6.43158
20.8225
14.8879
5.3427
24.7254
31.1464
12.2683
33.7044
34.0521
5.97295
26.8697
23.5104
0
12.0335
16.9678
6.41253
4.73711
32.9385
0.896586
35.5925
59.055
2.28002
0
0
48.3664
26.4517
38.1963
34.183
1.96783
30.005
43.2595
3.77277
47.1952
27.6839
4.73748
7.13864
10.3676
20.1335
7.79499
20.6815
21.8073
16.1141
18.6654
26.089
23.4665
28.6119
0.0414152
32.5093
21.4942
8.49673
6.05168
15.0374
18.4148
36.7459
23.9964
0
22.7023
28.6615
24.3635
2.75518e-07
10.3672
16.1581
58.116
12.4368
19.3646
11.8237
48.1507
2.20114
0
3.13968
1.02764
31.9759
0.968861
12.0848
20.8893
46.8764
25.8368
23.0226
0.914042
21.7607
0
20.9961
21.4704
13.9187
14.9085
21.9891
32.5064
39.178
49.0036
30.4214
20.635
19.6797
35.4778
1.17523
24.2498
12.8852
25.7528
0.735914
22.7734
17.3445
24.2556
19.4964
10.4755
20.1194
29.462
0.110768
16.6976
17.4353
8.25479
21.065
13.9751
0.0109536
6.86895
16.1818
6.06035
1.01741
5.09031
0.751348
2.64568
0.00533415
36.2073
2.54516
14.2021
23.7043
13.2727
24.1227
10.5583
2.60807
74.5507
0
3.63095
8.69417
9.66269
0
12.9859
15.9577
12.334
12.3414
10.1018
16.249
31.2251
19.5467
13.1367
13.6821
10.5526
16.8818
7.17337
18.8488
12.4259
25.0309
39.0424
0
18.8699
18.0793
27.088
17.021
0.573988
12.5472
3.70449
17.029
8.19889
12.8663
64.7228
23.9025
36.4408
12.0516
11.8889
35.5961
7.80505
14.0892
13.3522
21.2246
13.3977
0.390475
14.2879
36.1881
13.0704
39.4774
1.80576
2.89111
23.8912
5.29465
32.5077
21.4019
0.193437
21.9647
1.49741
19.5068
5.36786
15.9783
0.00859543
4.04393
6.92937
8.93798
26.1852
6.82949
3.72299
4.22547
2.60197
6.89322
17.0441
4.48721
13.792
15.3383
4.04375
13.3149
6.02208
19.5619
6.23031
2.15546
20.3381
11.1601
12.0303
19.3244
18.7142
21.8982
0
9.83013
0.286964
17.9831
5.41907
0.0539987
28.4405
1.91213
2.08271
66.4231
0.275888
52.7591
0.778635
29.8251
4.95385
0.263141
30.5545
1.18233
0.00026266
0
0
0
27.667
2.67852
8.4176
19.7722
18.0942
37.8471
16.9795
1.75971
6.81944
5.11114
23.6787
37.523
1.23813
48.4943
35.6671
0.722085
19.5982
0.76541
21.1111
11.3627
1.49003
10.9173
1.43984
1.77188
11.5517
3.51229
0.0295922
0.00301952
0.0113982
1.82726
11.6041
21.7529
13.5493
0
1.29968
11.7481
9.02309
13.3453
6.57909
11.8604
7.51155
10.7165
7.78329
21.9384
8.68827
0.0233601
7.3573
6.01644
14.405
9.75369
0
6.24853
10.9765
19.0591
13.0157
7.56042
6.21419
65.3862
13.4667
16.1675
10.2693
121.878
8.90933
7.26154
6.02227
8.13428
12.1641
8.57725
7.3792
16.4339
2.84505
7.09072
8.64906
6.67694
10.0344
87.9152
21.3227
41.9899
3.72079
0.00654497
25.3557
42.0201
0.938334
0
0
0.748416
8.31174
0.739388
8.47183e-06
0.948185
3.2496
7.22936
0.580739
0.196717
12.9337
0.00658499
16.1325
31.2977
0
0
22.2449
6.50206
28.6051
0.00149516
11.7434
11.2187
5.15241e-07
0.0253198
1.75197
0.18841
0.00769854
0.859764
11.8391
9.79779
0.166743
0.740012
2.42254
0
0
0
0.0691958
13.3567
16.8066
21.9436
2.30544
13.2115
1.365
22.4443
3.55397
19.2827
12.7474
8.77624
21.6614
28.0112
9.11079
10.4785
23.87
26.0381
28.6205
11.721
5.314
29.8403
30.3992
53.7108
28.489
27.1779
6.7876
25.6281
0
1.71811
14.9251
30.4787
23.5072
13.4945
14.0217
15.1284
9.3461
0.0220408
3.423
11.3638
11.8372
18.9088
20.1744
22.3821
37.0857
9.3305
1.98582
4.67219
8.45064
7.45941
15.5812
11.6174
15.7715
3.80621
10.088
9.55797
6.61771
0
0
7.25456
7.86969
3.81028
2.74495e-05
2.35539
39.9623
28.3073
13.6648
11.8795
9.35051
21.906
57.7751
15.7447
16.7952
0.0226124
4.41757e-07
25.3025
19.2789
38.9897
24.5703
32.4727
9.62423
27.1438
17.9715
0.741558
0.0552299
1.24907
19.7573
7.89698
4.64746
4.75018
0.889184
26.8219
5.53122
1.61117
6.52057
2.7031
0.284084
0.986862
19.4331
25.4447
2.72377
0.235084
11.863
5.63639
4.00222e-06
0
0.232242
1.40466e-05
0.162267
0.8127
18.5259
5.13319
2.59704
0.00286781
0.1652
0
44.2754
0
48.7355
36.5273
0
40.8889
5.91774
0.328264
2.33987
17.8493
5.61763
1.1805
0.00527543
0.841306
6.38722e-05
0.0179484
0.029778
0.0265669
1.3529
3.65357
8.17497
11.7227
8.59065
1.68027
2.67184
0.38706
16.5168
4.70009
6.42321
16.1242
10.3778
6.06815
22.3788
55.9885
25.7003
18.5807
37.7438
7.61659
4.327
10.584
1.09799
32.8047
5.56212
6.48039
14.4329
18.6324
16.0936
1.69774
11.0509
48.2772
0
0
0.103576
1.02111
0.28103
0.918782
0.254756
0.0476744
1.3739
2.25723
5.93155
16.2955
7.88962e-06
1.28055
0.0317549
6.60494
0
25.8258
14.388
24.3456
23.6667
39.5717
33.5299
18.2496
5.28383
6.59797
9.52086
15.5189
3.08665
16.3332
11.6812
1.77475
3.68193
20.4684
0.930272
18.2618
10.6778
8.57796
15.4525
9.62295
1.44987
11.9015
0.495231
8.30656
0
11.5278
2.38297
0.19165
12.4414
23.7128
0
22.2437
6.84683
19.1915
30.8005
1.19467
13.8934
18.6703
19.4547
16.892
22.535
38.4827
4.7007
4.2403
13.7243
8.79673
2.78439
0
18.27
0.152902
2.27216
3.01648
0.538194
0.291362
2.27133
0.176098
0.89694
0.864519
1.1522
1.17861
0.108144
2.56785
7.19086
1.73586
1.90354
1.00159
2.76669
0.301938
0
0.272441
3.14029
1.31281
3.62575e-06
0.181499
1.51713
0.0182091
0
2.16582
1.03322
0.507253
42.5139
1.94145
20.6899
16.4922
2.61944
6.10654
23.3255
0
1.40613
0
27.0874
0.821714
2.69751
10.0874
22.8514
3.89817
7.32845
19.3502
56.7011
39.655
14.054
22.9783
33.0708
2.56819
27.7617
50.1148
1.31238
1.37795
22.2181
0
5.27785
21.3992
0
7.79799
0.0467138
10.5633
0.880712
0.299838
0.0478098
0.186406
8.4266
0
0.00909226
0
0
24.1628
29.2037
19.2756
12.8834
0.643276
21.1325
20.4138
4.25416
25.9357
22.3853
34.6767
8.54054
5.89575e-05
0
27.2823
0.354555
0.0191216
0.0348496
3.24052
0.893792
0.185328
12.8156
0.91233
1.17539
25.6791
0.325198
0.418733
1.86896
0.0817874
26.1617
25.256
0.057633
0
4.29421e-08
9.28593e-05
0.00832244
0
41.6079
0
4.90711
10.4394
0
0.630529
2.96067
0
0
3.55249e-08
19.9547
32.4699
0.052508
1.53668e-05
0.348102
0.0308614
11.6044
0
0
0
3.59536
0
0
0
0
0.0104542
0.204484
0.509103
0
0.826757
0
7.24452
0
0
8.74445
0
0
0
0.745812
0.448741
0.732787
0.00291174
0
0.000904141
0.500451
0.715679
0.619698
0
23.5607
0
2.15859
1.21336
0
1.05821
0.3757
9.77803
0
3.75178e-06
0
0.0316466
7.58169
28.7662
10.1718
2.75148
3.10374
0
5.88256
7.28835
13.8758
9.19487
0
3.11296
4.84347
10.6721
6.09522
0
0
8.36248
0
0.0100224
0.160864
0.0555237
1.99431
5.89535
15.2317
10.8994
20.851
1.96779e-05
25.5949
5.33031
8.00699
14.9389
0.000165358
15.4233
33.8599
7.18531
2.43548
11.7353
17.1869
0.945889
0.194179
0.100025
1.58554
75.7282
2.38276
0.205374
22.6177
0
1.05337e-05
1.3594
6.67295
0.0284559
2.25072
28.5316
0
1.42749e-07
2.6992
0.824747
0.898993
0.0191422
0
2.02123
0.775353
2.35505
3.90594
2.29218
0.0793835
10.1833
11.7492
0.072292
0.100103
0.380761
0.395073
0.283959
21.5796
7.21259
4.25358
0.776362
8.08744
59.2786
22.4207
26.2962
0.288191
13.7645
33.6795
19.0598
34.1422
0.98958
0.336522
43.8238
2.75408
53.2068
4.47309
5.55698
20.8401
1.63647
0.150341
0.688556
0.00781399
28.3204
0.587059
1.17601
15.7553
10.971
2.25501
18.3889
28.1764
2.55555
13.9984
0.375147
12.995
34.1192
0.0601421
3.51537
19.9419
14.1539
0.821658
7.12653
63.6254
18.6081
19.6514
16.168
33.3126
7.94364
29.5068
23.6618
1.25494
25.7609
0.369679
21.7544
26.5308
15.2337
10.0922
0.0413492
0.179065
0.0676173
0.30592
3.40444
0.965713
0.583907
6.65595e-06
0
5.13464
6.762
0.674866
0.0151343
0.148465
0.0209939
5.38153
0.458813
0
16.4518
15.2664
1.70263
3.87509e-08
1.7568
27.4005
0.137879
5.49499
42.3238
3.47987
9.29215
29.425
20.9674
0.216111
3.64848
0.110755
0
51.2261
0
1.06401
24.9692
2.21267
0.918874
64.6476
6.54303
0.300668
0
1.13674
34.4624
2.34581
0.207038
52.3425
15.5361
7.77637
14.3796
19.1237
20.4385
15.6058
10.3434
11.5685
23.7557
34.5238
22.7098
22.5581
36.3725
15.7599
11.9452
0.622623
11.761
0.0183425
7.54768
9.77289
0.0153891
7.77145
16.4408
24.6665
6.5881
0
0
0
0.177253
1.54018
0.897371
1.44655e-05
0.959918
0.889614
0.095779
0
0
44.1378
39.5008
0.27109
40.1345
30.1014
21.6521
9.30392
16.9929
17.6799
3.12972
21.5951
8.7676
7.2889
11.6671
12.3051
10.7298
15.2464
35.3315
8.28142
29.8109
37.2021
41.9206
21.9833
23.6635
16.4635
25.007
19.1011
1.02722
0
0
0.0677451
0
0.181026
0
17.0986
5.32896e-08
0.76689
22.6229
15.2117
24.6993
18.0457
26.3396
16.7294
1.66606
1.20033e-05
0.121413
1.01849
2.56477e-05
11.0526
0
0
0.327736
26.4917
24.5668
9.87522
7.68749
21.5315
7.2319
0.0552589
0.000200432
3.57926
0.686519
0.427669
1.74123
0.78357
5.17193
2.29534
0.118414
22.7504
0.203481
0
0.963554
3.6164
2.82414
20.5461
5.81933
4.49387
6.13373
0.198572
1.10875
1.13171
2.02506
22.0257
0.0636915
0.219749
0
44.1077
4.76245
0.406876
4.39401
0.436795
31.443
0
0.0203312
29.4411
