2.45491
3.30364
1.80555
1.39102
1.32361
6.8566
0.0143943
3.40046
1.90356
3.14111
8.30813
0.262775
0.922234
0.912527
5.18556
0
4.82047
3.87368
13.8702
44.9421
5.57463
0.20172
0
0
1.58144
1.60032
0.99178
0.883605
3.90771
5.54173e-06
1.84154
3.71746
3.3956
0.0477706
1.10619
0
0.886112
7.01283
3.28964
14.2764
10.0401
15.507
0.994235
13.5085
1.39444
7.1515
2.44278
0
0.00240395
0.00100997
1.89395
0
2.61194
1.11613
0.690015
0.950308
15.1559
2.31593
0
0.365082
2.51581
0
6.16305
9.73166
6.63323
0
4.21594
2.93004
3.90422
0.142014
15.9452
0.00276445
0
0
1.0075
1.10357
35.6484
2.06157
1.11426e-07
0.0493842
0.861331
1.82426
0.489409
1.7368e-07
23.1193
0.946908
6.99892
11.9369
17.1935
12.5128
12.1356
11.7804
2.16062
9.25676
3.20552
4.60248
6.96538
16.0426
0.0788413
1.33123
3.16637
0.856813
9.02515
6.01933
8.26838
14.0812
58.0701
12.4612
7.13533
5.77654
8.87269
10.9822
4.95802
6.81893
5.77465
7.54554
3.88324
1.77063
4.3821
2.64824
2.60162
1.47511
1.99699
3.71801
0
2.12113
6.33834
1.82645e-08
0
0.425954
7.22916
0.435773
0.00898299
11.769
0.00299931
4.89274
10.4528
1.73026
0.00269172
6.13381
1.25019e-05
0.466296
0.107791
1.62845
0.669658
0.00706344
0
0
16.3359
95.0199
0.468042
0.0752477
0
1.13198
4.06662
0.109379
4.73511
3.28518
2.59572
0.227249
56.3342
7.52738
9.65752
13.3044
0.0131477
3.8428
4.60163
8.61074
40.4298
12.8461
4.96973
2.76322
11.7939
4.52573
25.8647
0.0198847
0
0.0128082
7.75862e-06
0.636036
0.0112502
11.4375
1.15193
0
8.87291
7.59916
9.4986
2.50209
10.2714
26.4739
11.8176
19.6339
12.5685
12.6703
2.63513
0
9.7355
3.7937
8.74636
6.84447
30.9228
100.76
11.4985
46.4071
16.5625
2.98715
8.58919
2.84883
56.673
2.13829
18.1431
12.3077
0.674561
7.53213
14.6887
16.3776
3.72101
11.8926
12.7114
2.18578
3.29062
4.64451
22.5557
5.08095
15.219
8.51502
14.9334
7.35316
7.33698
0.0429914
2.41019
5.88112
6.07805
0.89559
4.12748
4.40194
6.26706
3.23389
1.34063
3.25644
2.09202
1.24183
0.829685
0.0724021
0.0572255
0.959268
0.00636103
0
2.24854
0
0.00562991
0.232058
0.00112383
0.329885
0.0176061
0
0
0
0
0
0
0
0
0
0.000788828
0.000111085
0.00451649
0.504067
0.0337279
4.16827e-05
2.19366
0.231015
37.5368
0.00162206
0.0519173
0.158124
0.341442
0.0349965
7.90248
0.0705069
18.0444
0
2.2239e-07
0.00572961
0.274224
0.0290021
0.103674
0.819007
0.394966
2.16711
6.51247e-05
0.0124728
7.40121
0
0.936947
0.0232433
0.0558636
20.4497
3.13358
7.14698
12.8957
0.371331
9.86347
10.2016
1.22374
9.87713
4.05645
1.377
0.226467
0.105024
0.0265809
0.284606
4.27929
4.569
7.80021
6.15964
11.7362
3.66809
5.74444
2.68815
0
0.220432
0.651229
9.41187e-06
8.20122
2.52683
0.0453157
0.0039123
0.00690399
0.0190744
0.016453
0.821996
0
0.627911
2.8999
5.87491
2.88524
3.27769
5.70148
1.51725
5.70532
5.56082
2.87581
0.131842
6.35258e-06
1.41744
0.930144
2.08739
3.50275
3.25622
0.722467
0
10.1893
1.50407
0
0.971737
4.65391
7.58588
0.171829
0.0946563
3.77742
0.925029
0.97531
1.98359
0.665445
1.38213e-05
0.00253969
0.00296952
4.98198
0.229067
0.500173
0.66557
10.7447
1.58639
1.78009
1.72509
1.28678e-06
4.15591
6.3187
6.09464
8.47058
5.08417
1.56268
5.47422
4.34649
8.62127
0.93226
2.25245
4.53345
0.801115
2.69481
0.0807854
0.000612197
6.535
5.25263
3.42363
3.81097
10.8196
7.04473
15.5989
4.42225
13.4475
7.47229
3.58437
3.76126
5.75694
6.737
4.59046
5.51846
2.21954
4.74038
7.81219
7.40864
3.83328
3.79608
5.17152
19.0701
10.4468
10.7144
4.50348
0.0307539
12.5257
13.4151
7.40864
8.20337
17.067
6.93098
6.67486
15.3968
14.2899
11.927
15.3368
11.1442
6.85343
14.8034
9.59011
13.5701
0.104203
11.4341
8.76511
10.5939
6.03811
9.23475
6.66808
11.0125
1.04874
1.40223
0.0563992
3.58275
2.47724
5.01945
1.82873
9.74298
2.37618
3.13546
7.79076
9.40834
5.71301
14.2645
2.28003
4.88449
1.17327
1.80467
0.0249409
2.15533
1.80581
13.3791
3.32924
0.0913133
6.86356
1.51371
3.01053
1.77202
0.0451671
0.0144545
0.447682
3.14051
0.33449
1.99687
1.10762
11.0599
0.27593
0.578226
11.6313
14.5991
12.1081
10.3537
10.6405
1.26921
12.8379
10.9104
8.38176
11.4132
0.800283
1.899
7.69813
0.89677
0
0.00123619
0.00331425
6.34317
16.4893
5.0747
2.44882
13.1369
9.69048
5.15112
4.87007
0
2.83865
8.28845
0.995163
3.36349e-06
2.50428
8.08135
5.19232
8.55199
3.80413
10.4768
1.08325
5.78404
12.6127
7.78557
0
0.000248428
6.56368
0
3.73637
0
1.11532
0.0105537
1.64537
1.87845
1.67116
1.83268
0.688214
1.75267
0.104904
1.77781
16.018
2.5554e-05
1.04599
4.25191
2.85728
1.1434
1.64177
17.1512
6.69621
16.2386
7.54831
13.5738
9.40021
0
7.30298
0.919408
4.85502
9.11045
3.61523
13.5816
6.37536
2.3841
1.03774
6.93978e-07
7.08543
0.199223
0.000406508
3.02622
7.01264e-05
2.29416
5.03984
2.13381
9.02441
1.97966
1.86797
1.45479
2.62344
2.30354
10.1581
33.8716
4.53149
0.04456
3.67785
0.00171781
11.4163
2.09136
0.0134849
2.21741
0.924751
9.58456
0.342769
1.00879
0.699698
3.48097
0.0021756
0.159273
2.12515
9.59398
0.00270583
3.94275e-08
3.66929
5.39943
7.99341
4.47699
1.10599e-06
0.000195094
4.18635
0.0028665
1.7923
0
1.38034
1.68668
0.303443
3.67199
14.9007
5.35263
0.239339
0.088884
0.213284
12.1996
0.00252135
18.8951
6.29841
3.54268
2.11934
22.3615
0.000915026
0.376061
6.68105
0.387779
0
0.297006
0
0.000843871
0.68165
6.12825
2.75476e-06
6.76211
3.97806
3.69941
0.754779
6.89364
4.16493
3.83975
8.10584
0
2.20489e-06
0
0.980812
14.908
11.0416
0.0256938
10.4824
0
5.72055
20.2829
14.322
12.8794
0.154457
0
0.321766
0
0
0.00482603
0.877578
0
4.83629
7.59201
8.06035
3.18127
8.15856
0.554517
12.5641
7.04523
17.2468
18.752
0
8.90537
0.0024511
10.8167
13.6282
0.530122
3.67961e-05
8.74055
14.9714
1.04005
6.73249
0.0893909
0.23197
12.0204
11.8137
3.13846
12.7272
9.49586
9.15323
8.89532
0.457721
0.750486
0.707362
1.25666
1.29369
0.24258
0.380714
0.580466
4.07633e-05
0
12.302
6.65816
2.87072
0.577644
0
2.21754
2.05557
0.0189116
6.80465
3.05907
12.7843
2.06791
9.65735
4.95457
13.0699
12.3921
5.23739
8.40532
11.338
7.52366
0
2.47319
11.5838
3.44816
0.116679
7.90423
0.997994
22.6993
78.3695
9.32329
7.32384
7.58107
6.07118
3.50183
1.43804
0
15.6435
17.0731
1.72521
0.135297
0
0.783005
24.1634
1.70196
0.944998
0.870368
0.738484
0
0.19846
3.40069
12.168
5.6712
2.46199
0
0
0.431657
4.15977
7.27944
0
1.55449
12.3874
0.0137945
12.7945
0.000235203
7.07834
6.70806
22.2617
9.34141
4.68059e-06
2.47324
12.6625
0.762781
0
0
0
0
4.05273
0
0
0
1.86148
9.5446
1.83245
8.7874
5.90303
4.60464
5.67714
1.34769
1.76322
0.876429
0
4.88324
0.491499
4.4361
3.40147
10.9989
4.31225
11.853
0.928751
0
11.2111
0.753294
13.867
0
0.0217299
0.371772
4.57748
11.2271
4.58761
10.599
3.60909
19.4361
0.779873
0
0.799737
4.15991
0.339429
0.110175
0.323915
0
0
1.86221
5.6674
3.70689
1.59396
4.05786
8.2954
5.66123
5.90384
4.29611
4.81922
8.07124
0
0.02001
8.45133
3.89608
12.9859
4.39512
1.7246
0
0
2.68496
11.785
19.3141
4.53675
0
3.2386
6.77004
7.33326
0.00346298
12.1286
0.281362
0.308884
7.68707
0.00057949
0.000341859
4.89146
0.785871
0
0
3.40667
2.58852e-05
1.28076
0.0878813
3.35579
2.42245
0
0.591186
12.087
0.0358128
13.9876
0.597912
3.67833
0
2.78132e-05
1.50747e-08
0.00726613
8.56499
0
8.40906
5.20225
7.14274
11.6865
8.88508
0.00785686
12.22
10.0906
0.21791
1.282
3.84063
8.64263
2.99171
6.55607
14.142
8.32976
10.6168
4.07213
9.98693
8.66232
5.50607
14.316
0
10.6094
0.566486
1.10083
4.11109
0.839922
5.07049
0.040363
8.17234
3.34241
1.21834
13.3324
0.973222
0.238029
0.160312
0.35572
0.578429
6.32732
4.94545
7.02361
8.94652
1.69296
0.128413
0.933804
10.0064
13.9781
0
12.1119
4.21952
5.85052
0
0.213933
0.946065
5.15397
0.0533539
8.04557
7.527
0
0
12.2011
0
0
10.3083
13.8438
3.58923
0.211211
2.11115
6.3652
2.0344
2.26992
1.72311
2.9513
0
0.00788485
2.43703
0.313366
2.28754
4.26343
5.39751
3.13952
20.4796
15.6479
0.005827
1.66317
0.446936
0
24.3564
5.95358
3.23782
22.197
6.97412
19.1277
10.4321
0
0.739337
1.3362
0.472825
4.18859
0.678734
1.08072
0.142636
1.83024e-07
8.71256
0.0168653
16.972
0.645193
1.45651
5.25815e-06
0.0988765
0
0.0440718
3.76664
10.1786
2.29163
13.5985
11.2473
0.753366
3.07161
0.369992
1.50434e-06
0.17072
1.21359
2.59967
0.102311
0
1.75569e-07
3.81772
0
0
1.57562
0.930035
2.56778
7.31749
0.920646
0.0990528
0
22.3702
21.944
3.06698
0
0.0774354
0.0420799
0.0549088
6.32813
1.854
0.750001
14.6011
0.205502
1.02133
0.0211024
10.4873
5.48734
0.9129
5.23887
1.51042e-07
5.15041
1.58699e-07
0
2.02741
16.9984
0
21.3266
0.609245
6.02204
0
17.5723
12.6209
7.232
11.3247
5.38841
1.17585
13.5144
2.61463
0
0
0
4.23939
8.26518
5.1876
5.20572
0.455586
0.433253
0
14.2061
12.9754
15.621
14.2125
33.4568
6.43883
6.4505
5.70263
11.2962
16.2329
6.39508
6.99157
5.63402
8.48798
0.0155157
0
12.8022
7.22771
0.0097534
2.81452
1.95727
0
15.675
7.46824
7.39953
6.72692e-08
24.6711
5.53116
10.5277
8.73445
12.386
10.3064
16.1019
9.24012
15.2813
0
0
1.72106
9.15722
11.0617
12.7831
14.2931
6.92801
11.9333
13.7974
16.2061
23.0791
59.3022
61.6837
22.7749
7.27681
10.1023
0.207579
0.0987595
0
0.000945765
1.70896
0.693257
0.631554
0.835141
9.55262
0.00459563
0.124424
6.47332
10.772
3.99859
5.56152
3.11376
9.64889
5.35078
3.25221
0.418088
3.95404
11.6498
5.61624
5.64798e-06
8.43851
13.6649
12.164
8.30748
14.7716
10.7515
0.00017196
0.0264386
1.04683
21.2371
4.38092
1.71688
0.829071
3.55878
1.11699
0
0
0
0.000723616
13.6251
0.0010748
6.16704
0.00219415
10.3982
23.5143
0.0189865
0
0.000179484
6.53591
12.9405
8.22919
9.25377
0.000404595
0
13.3943
20.9288
2.77791
0
10.7978
14.1164
15.9975
0
7.78774
4.82251
2.01656
7.56709
0
0.00755146
10.9508
0
0
0.900958
0
0
8.36857
0
2.09893
12.0458
5.74451
10.44
4.5048
2.08122
7.29684
3.2725e-07
11.4263
0
9.56979
15.5995
0
7.11311
3.75862
4.15185
0
0.903606
0.128538
16.8368
9.95784
3.05241
10.4886
0.119761
8.78222
8.74193
15.0066
5.54085e-06
5.36574
2.59131
19.4098
11.0344
0.891132
0.238355
0.0867522
11.5366
1.50669
3.25609
0
0
0
1.07225
8.01614
0.0133825
1.59591
0
9.86243
0.066608
5.74822
10.7306
0.10063
3.66853
1.71807
9.64925
8.48905
9.23749
5.26648e-05
0
0
0
0
0
0
0.0138961
3.37649
2.01845
0.499066
4.12619
6.58281
0.0903138
7.63711
4.51874
0.813564
7.78652
6.03999
7.7574
17.8067
19.5334
8.58406
9.43446
0.0344774
7.98695
20.6942
20.4967
12.4979
15.2977
1.4892
10.1137
11.8036
0.203331
9.43633
0
3.72872e-07
16.6962
0
0.111701
0.509558
0.050605
4.19054e-06
0
0
0.0163978
3.75203
2.33306
6.31782e-06
0.0195983
0.0334295
0.207638
0
0
0
2.11365e-05
0.01836
17.2289
6.02352
16.3088
7.91929
0.0399666
4.24936e-05
9.93432
6.13209
0
0.0240852
7.53884
3.58945
5.6699
14.3755
0.0704205
0.143047
0
3.74802e-08
4.63871
12.2866
0.0240643
0.980032
0.82414
0
30.3024
16.1832
6.63347
3.62144
0
0.844585
0.835161
1.39911
0
0
14.8972
0
0
0.795749
7.80122
31.0438
0.767629
0
18.394
3.45248
7.35547
13.8406
3.86711
7.82419
1.38791
0.599131
0
0.68592
6.35761
1.85433
5.23474
0
1.50752
8.07634
0
0
4.37854
0.000927186
1.89811
1.28983
0.663836
7.81408
35.4863
2.89533
21.1903
0.0918792
3.87173
1.9622
6.49369
3.05062
0.00165395
2.23439e-05
1.35302e-05
10.9456
5.82629
10.3456
8.8128
14.2333
2.07855
0
15.9702
11.0255
0
11.9494
0
2.20369
0.0254206
4.85003
3.22528
0
0.0656425
0.0168285
1.66631
1.13507
6.12067
3.64461
6.40309
6.5185
0.923949
0.0777831
0.000196897
0
2.04751
3.76587
0.00204349
0
4.44243
3.76535
6.01215
0.187671
0.216905
0.0953249
7.90845
0.761915
0
7.0436
0.000210168
7.10168
1.62208
1.76662
36.0514
18.7083
0.632569
1.4266
14.5986
36.3297
5.74805
13.3424
0.981308
1.53738
1.93504
1.45244
0.0061391
2.55764
1.13964
14.0533
14.8013
7.13003
2.11945
2.56483
4.63499
3.87023
4.79524
2.22708
0
0.00379108
0
0.150349
0.0267569
0.000715901
7.12251
0.109687
26.7338
0
0.792323
0.0229283
0.547388
0.148185
6.75852
0.728668
0.995166
15.1017
14.2253
1.98834
10.7211
1.47862
0.697779
0.0616785
13.4613
16.751
9.76005
6.22683
0
0
9.91082
1.76552
1.115
0
6.87078
0
0.00132079
0.0437703
1.49124
0
0.729323
0
7.11699
0.0369699
3.47398
0.0382302
59.0005
2.58972
4.79309e-06
0.793261
3.22212
0
5.88372
6.43961
0.619132
4.88025
30.9213
2.23336
0
78.4586
0.00123953
0.032067
4.8364
0.00786599
0
9.29521e-08
0
0.137165
12.4121
0.239374
2.52232
0.140076
0.52299
0.0358356
5.96068
0.932301
0.832118
0
0.946629
0.420202
0.0191095
0
7.26075
0
4.63887
0.293574
0.0712669
10.338
0.0709922
0.522041
4.21116
0.168895
1.44278
2.40601e-05
11.0608
4.53682
0.757153
6.56205
3.8261
6.0602
0
0.0921884
1.02863
0
0
1.83591e-08
0.00133335
0.998266
0.720168
12.4513
8.56241
0.531431
1.20541
0.672488
0.605497
1.4103
0.936263
6.91861
0
0.969351
0.00503993
0.0608103
1.22901
0.0730024
0.094502
0.0160832
0.0602882
0
0.0537812
3.31429e-06
0.0671417
0.685092
0.308331
4.43513e-06
0
0
0
0
0
0
0.15229
9.86089
0.00227331
1.5042
7.92462
0.00218122
0
19.6886
0.637458
4.0878
0
0.0575343
0.680799
0
0.0532432
2.66794
0
0
0.770954
0.646555
0.00142606
0.00615036
3.28378
0.276863
0.158338
4.28383
0.250036
0.0502258
10.7596
0.939413
0
2.82461e-06
0.000526051
5.34246
0.0636167
0
0.261739
1.35855e-05
0
0.216536
5.86685
0
0.972569
1.34911
1.60213
0.0564807
0
0
0
0
0
6.62002
0.0771443
7.32815
0
0.100401
0
0.128413
0.00285367
0.871798
0
0
0
4.58591
0
15.5662
0.282961
10.3647
9.07108
0
14.3691
4.46012
5.24728
0.527335
0
2.16151
0.00540743
17.1655
0.0825727
6.84586e-05
0.910219
0
0.0329619
14.0889
6.09673
0.000735779
0.00034042
4.96327
3.32479
2.26043
5.40246
3.9159
12.888
23.7005
17.9829
6.70783e-05
1.80743
4.99838
0
7.94494
15.272
16.8649
10.6864
6.21739
7.54359
9.44743
21.9032
9.46515
11.8974
7.67663
4.00248
2.14372
0.255616
4.55179
5.42659
0
0
0
0
5.86697
5.30128
3.20646
0
1.02161
0.00724943
3.62835e-06
0.461123
2.38864
7.26934
2.66191
7.28929
1.83362
3.1026
3.64493
3.94514
5.44205
0.609476
0.00281288
2.80711
3.57354
3.82432
1.76976
5.38426e-06
0
5.88545
0
0.136579
0
0
0.00480043
0
0.927599
0
0.158503
0.0303973
0.00198874
0
0.38845
1.42793e-06
0.121352
1.03304
0.000190045
0.271707
0.983899
0.217621
0.0147323
0.943685
0.850131
0.187319
0.0185905
2.18188
0
2.27844
0
0
0
0
0
7.19836
0
1.78142
0.0212366
0.0160282
0
8.76846
0
0
0
0
0
7.64213
0
0.0384027
1.31702
0
0
3.20408
0.774102
4.4699
0.724368
0.111324
0.0007968
5.42705
11.4401
0.00242421
8.04335
8.46304
6.88834
1.24555
8.18892
4.8899
5.93682
12.8837
9.06789
5.99835
5.78752
2.04227e-05
0.0303022
15.3849
11.1368
8.08745
11.2267
6.98667
3.76192
3.17948
7.02995
9.4165
23.4998
6.43359
13.9056
18.8622
17.4366
18.1389
11.5358
0
6.43056
0
9.56898
12.5906
14.1701
18.6468
5.01598
17.9776
10.782
4.59342
0.189312
14.2446
8.70171
9.11459
9.66376
13.6307
16.8422
29.5893
12.4618
9.39409
15.783
12.2031
10.6973
0.972358
8.13788
11.4882
7.26772
0
14.3698
5.08595
0.130544
2.10628
4.45003
0
3.73497
1.89741
0.629191
1.64899
6.61083
1.15315
0.95824
0.0906827
0.313575
0.581087
1.36971
3.52059
0.255266
0
0.447936
5.10804
0
1.10052
0.197865
0.204577
0.693429
2.37653e-07
0.00926593
0
0.454809
0
2.21537
0.875657
2.88889
1.7824
1.48641
11.9265
5.33085
14.5869
9.50932
3.31068
16.6305
6.18674
5.35137
19.746
14.1515
26.5122
16.3846
21.8475
9.6479
0
8.6932
9.5421
4.56241
1.07669e-07
21.1304
3.79121e-06
4.13002
4.39438
0.680883
8.76307
9.67032
13.5768
0.869931
11.393
0
0
9.11176
4.71347
2.8273
0
1.32863
0.284483
0.840937
1.93703
3.19048
0
0.47501
7.14545
0.0279672
0
0
0
1.57908e-05
0.00231938
0
9.85719e-07
10.6066
0
0
0
0
15.6065
9.83727
0.352914
0
7.32088
9.86507
0
4.05713
0
0.8467
0
0.82593
28.7409
1.29077
1.54171
13.0622
2.99445
12.4595
0.191519
3.46282
1.33683e-06
0.258561
0.869331
21.4221
0.729999
0.932318
0.499572
7.62013
2.1188
4.99877
5.58022
4.5153
26.7236
1.56816
11.5459
1.82362
1.63287
3.45291
0.919693
0.978022
11.8699
0.332224
0.000527625
4.56633
0.067194
3.78596
1.52033e-06
14.5275
1.72646
2.15348
2.55466
11.4375
2.33527
0.684907
2.7774
3.51572
8.53434
2.39951
1.45411
7.2099
0.630512
0
0
0.00824493
0.554109
0
5.92642
12.4548
9.74373
12.4671
0.130028
15.3715
10.4995
1.80111
12.7363
5.98712
11.7866
4.34823
1.59403
1.14888
56.6463
26.1345
1.77314
9.1933
4.50224
0.736579
0
0.0203602
0.740997
0.0120677
0
0.199427
3.16814e-05
3.95141
7.28638
16.1525
1.00715
8.3022
0
0
3.15756e-05
2.01627
0
0
0
0
3.78092
0
0.682893
6.36059
0.487889
6.6382
0.811545
4.52235
1.00338
0
1.74063
2.45667
0
5.48019
3.00523
2.46089
0.0270091
12.1114
17.8583
0.708234
3.13147
4.30524
0
0
0.122433
0.00417455
0
0
10.9048
0
28.2842
13.2576
26.8554
0
0.249273
0.000800754
0.24414
0.00711527
5.73829
7.99832
12.7761
0
4.56018
10.5284
8.70563
1.69715
3.40998
7.28978
2.7699
0.470953
0.020393
1.4675
2.498e-07
9.15835e-06
9.06877
0
0
0
0
0
1.3202
0
0
0
0
1.22751
0.000475273
0
0
7.41613
8.31677e-08
0
0
0
0
0.141912
14.612
0.84685
0.984699
2.29741
0.189927
0.033627
0.180155
0
4.66437
2.75664
10.5578
5.88384
13.0812
1.30322
2.75281
1.54344
2.91715
8.78637
5.92442
1.87945
16.9915
8.44407
13.7622
8.05346
12.6336
17.4022
14.1697
9.28004
17.0542
16.8876
15.6908
6.49304
12.9092
9.38752
14.4644
1.89717
14.0687
8.79724
17.6876
25.2152
13.2356
3.24166
4.64388
12.5626
9.92024
4.0528
1.77194
5.51962
0.0845856
0
0
0
0
14.0276
21.6747
0.29132
6.37491
0.485517
3.92945
0.00147002
0
9.62057
0
16.0249
2.41073
0.00013038
0.751967
3.2352
18.8384
0.301885
16.9371
13.9129
10.3817
12.1624
3.60632
3.82994
0
5.67484
9.81819
11.6693
6.60921
2.37713
3.4433
7.11794
6.78985
1.71527
3.67779
24.5505
7.27745
3.60955
0.172344
0.109685
1.41105
2.71099
5.1439
10.6747
6.22068
5.54684
9.88979
18.007
12.2937
5.81912
8.38494
9.67433
7.17792
3.73893
7.62249
3.56807
5.60024
8.04611
0.116995
0
0.00471386
0.965158
2.0993
2.22526
2.60757
2.23047
4.53709
7.65675
8.15161
9.03716
16.7464
2.56568
19.8707
15.3816
5.67622
1.40796
2.77485
1.63724
31.0296
4.10839
7.15335
3.40007
2.71995
5.47798
3.46625
0.621882
2.78456
2.73358
9.86419
6.08868
6.82299
4.81993
9.68949
5.31076
11.9848
18.9964
10.6803
8.29809
9.5133
1.60171
3.18121
0
0.0016102
0.911685
6.19249
2.20376
7.36825
5.3221
0.00902055
12.6835
13.6969
8.25979
5.56726
3.35155
12.5204
15.8877
28.167
0
0
0.00185693
20.7368
15.5098
13.3771
0.318607
19.2964
4.51917
5.927
1.96651
1.50864
0.154231
2.07811
10.2485
0.13294
8.42511
39.2236
40.7233
13.7443
2.50046
0.782183
19.8995
2.47013
24.7172
13.3158
2.6288
25.2245
23.3531
19.355
17.9589
12.3826
6.10075
15.9537
15.878
8.52916
22.0759
18.1061
8.22253
3.91877
12.6539
10.8491
7.67911
17.5183
7.30311
16.6475
10.5296
7.11539
21.9306
12.4372
14.5852
7.78213
0
7.45761
0
4.35529
6.37458
18.0899
9.08545
8.21132
2.71446
15.5034
13.6388
16.4428
10.9287
15.131
19.7069
5.61345
19.8865
11.5643
9.67415
11.9053
7.79923
5.75951
7.39944
8.36511
6.79546
0.000169051
3.90935
5.80735
15.7045
2.92953
13.916
0.545904
4.58282e-07
1.7662
7.58763
10.4296
6.06167
0.496645
22.2261
18.6871
3.79061
11.6816
4.91582
7.85134
3.61891
25.1625
1.48468
1.66919
0.455146
11.9825
3.20614
0.0836386
0.00410773
2.40387
2.48054
3.00302
0.0714269
0.964177
2.04771
0
2.0849
4.0263
0.0730236
0.0106294
15.2511
1.11191
2.95396
0.756095
0.167223
1.1373
0.0172466
0.032037
0
0.3301
2.61861
0.803658
0.101689
0.397839
1.57879
1.89048
4.20158
0.856182
0.108978
3.74903
1.93481
6.19618
1.90882
2.42425
4.22476e-05
0.0336458
0.025255
0.139841
5.20007
0
3.60702
0.159407
11.9361
0.980118
10.097
0.793598
0.703845
10.6745
0
5.21079
6.04843
15.5201
0.0573762
6.39508
0.864482
0.0161585
0
0.0213597
14.4171
8.05656
2.94031
0
17.6491
0.220288
0.164645
0.769989
0.1507
0.663495
0
0.0889774
0
0.187818
0.72122
0.461702
1.69913
3.48546
2.12573
0.00327967
1.76503
10.2059
2.88631
4.9031
1.27749
4.5317
7.47724
2.19707
4.909
0
0
0
0.948834
16.5412
0
0.515986
0.38181
0.0392342
9.28364e-09
0.0238835
1.62604
3.37894e-07
0
0.700747
1.5754
0.869571
0.833052
0.145409
0.795883
3.10267e-07
2.64562
0.10976
0.563813
0.242232
0.429096
1.40344
0
0
0
4.87317e-05
0
0
1.2087
7.22504
6.53498
10.1725
11.3829
12.9346
2.15522
2.33232
0
0
0.000392995
0.811209
11.2349
0.518062
4.55067
0
1.75214
14.2835
31.6478
33.5345
12.2489
3.41733
2.88793
6.79728
11.3178
0.395442
5.42018
7.70656
4.15151
10.424
4.70877
2.70858
17.0491
7.03875
5.28514
4.11164
0.0526866
10.8341
0.987576
6.33449
0.604083
11.8344
9.13739
0.157289
0.000216383
0.404385
0.0184248
9.29075e-05
2.34936
0.000102154
1.2666
0
0.135339
0
3.26973
0
1.22523
0.020654
6.44422
0.814156
2.09509
15.2494
6.9208
5.67774
5.58335
0
6.62892
7.32189
9.28282
4.97967
21.0483
5.85234
12.0667
0
3.19471
2.48559e-06
18.9475
4.39344
8.61421
1.0989
1.73559
12.3059
11.1147
9.62331
2.50347
16.0514
10.2694
2.65051
0.781193
14.6667
20.1606
4.37306
6.0584
9.06921e-06
2.10303
19.4297
3.82032
2.24697
11.8569
0.00454769
6.14465
0.34947
0.836851
0.958225
0.0564656
2.92665
0
13.2599
17.8073
10.6388
5.07401
3.19839
1.68649
4.67235
2.69
0
8.70754e-07
0.895427
4.32298
11.2698
4.89569
4.16882
6.44721
20.8137
7.85222
10.89
17.9279
1.88291
12.3836
0
0.472104
0.95461
4.05464
0.617639
5.61332
4.61279
0.601108
1.15904
0.346017
0
2.19576
0.0173613
2.05736
2.95206
0
1.01966
1.41163
9.49797
2.67969
2.21354
3.02587
8.0025
0.223407
9.71686
0.150638
3.43428
0.42622
9.46999
0.998913
1.42253
5.30895
0.225584
0.709634
3.65321e-06
0.0966654
0
0
0
0
1.0582
5.96217e-09
0.00482675
0.7189
0.015682
1.39561
9.29458e-07
0.0195173
1.21306
0.815404
3.78409
2.87228
0.000683842
1.20159
2.3124
0.59458
0
0.571003
0.615878
6.85155
0
3.99438
7.53385
12.8812
5.34535
15.3716
2.72063
7.37617
0.794562
3.61922
3.12596
0.041265
4.97918
4.15086
0.989681
0.00261912
10.8613
0.00223317
12.4742
7.00306
11.3742
6.87293
9.17269
6.32279
1.00207
20.7706
15.7089
7.89026
11.502
0.0661946
16.6295
1.3481
14.9116
6.43303
0.466369
9.30471
4.73353
2.4289
0.984685
0.000777077
0.0423215
1.42633
0.657627
3.03305
5.04157
0.82493
4.81727
2.51911
11.966
15.4041
17.9932
15.3304
15.3728
5.75173
17.5152
4.04706
25.2583
11.4124
12.3001
6.8182
4.28942
0
4.27735
5.53263
10.5374
1.95765
5.43174
8.70117
5.01261
5.46737
7.43113
7.34203
7.09791
12.5762
16.909
5.14038
7.17748
12.0078
1.1516
7.60518
12.2997
0
6.78874
8.65103
6.40343
5.51925
12.919
6.05481
8.74613
10.2864
7.85587
0
0
19.2869
12.1524
19.7848
9.25953
1.34787
16.5985
8.17958
3.9876
11.5926
30.8413
12.4837
5.83046
10.1977
14.439
12.1938
13.2942
20.7004
64.2495
15.2102
21.5324
36.09
22.7359
0.295789
17.5665
19.1752
18.7215
4.86284
8.53617
14.155
35.7888
13.0125
0
19.4922
20.1108
10.5667
0.256016
6.51842
4.39787
17.1585
10.5765
12.3994
6.00951
15.0657
0.204573
0
2.77938
1.50629
9.05408
0.0624377
13.4359
6.5155
17.9661
14.1165
11.7083
0.344675
9.82842
0
5.44921
10.8414
4.68011
5.21325
7.45044
36.8345
21.197
7.31854
14.408
12.367
17.1053
15.8237
1.14481
12.91
3.47204
19.4069
1.32201
18.7077
7.12169
12.3313
7.10352
2.71426
18.01
6.1007
0.382041
11.1647
10.611
5.76167
9.7235
13.6649
0.0325092
3.07252
3.22667
2.29766
1.75344
1.10644
0.554387
4.57592
1.70766
9.49935
2.85331
14.8231
11.1755
6.13211
11.4425
6.71493
3.84488
20.8857
0
0.660217
3.41063
8.23304
0
10.4449
8.77256
9.50838
3.40248
10.898
13.1096
5.87701
7.0053
10.5598
15.7878
8.13905
10.9506
6.36832
15.2134
5.8666
12.0024
42.7135
0
13.4116
13.7121
31.9002
3.61597
1.49201
20.8883
3.17542
4.39137
1.05315
13.7113
14.396
11.3897
12.8178
6.65492
16.2249
7.69763
6.02852
12.9894
13.3998
21.431
8.71385
0.0222042
7.72884
23.1348
7.45291
15.1093
35.092
16.6902
6.31255
17.0331
14.6168
6.21429
0.00307213
15.6588
1.11002
4.75058
5.84812
7.99635
0
3.50073
5.22664
10.7732
10.2723
14.0839
3.59684
1.85337
0.294346
4.36666
14.5062
5.10748
6.867
10.5543
1.71755
15.0342
3.98208
19.3644
2.88851
0.14599
17.0676
10.1903
4.30013
14.1892
1.78496
14.9284
0
6.4399
0.0523764
2.61498
2.23182
1.43472
6.75484
1.41621
1.00855
14.5884
2.31143
6.48426
1.97455
5.74306
7.88904
0.245396
10.4492
1.93351
0.588648
0
0
0
6.83787
27.0452
4.89227
8.68977
11.999
3.14165
9.78766
1.54973
0.790635
0.777163
6.84382
9.03404
0.618319
10.9627
15.2232
0.00459449
5.86308
0.254187
7.1579
7.0795
4.11697e-05
3.76547
1.96016
4.1882
6.36931
1.51619
0.000965178
0
0.00115408
0
9.52681
10.3899
8.20181
0
1.04431
9.15937
9.29055
8.67446
6.63344
4.99986
11.0924
12.891
9.56015
14.5431
9.67503
0.00035504
9.34163
9.32528
8.62936
9.49472
0
13.1193
9.14166
19.6725
11.7265
10.6688
5.86768
160.568
7.8897
10.5172
12.4689
115.971
10.1262
7.4946
9.10721
4.5161
8.38899
8.68084
9.73315
12.7811
4.68398
3.30496
7.02747
4.35616
8.19403
8.59694
12.7371
3.05213
0.837895
4.49171e-07
5.31888
9.13974
0.12943
0
0
0
3.57599
0.00349713
0
0.0266949
1.11162
4.98016
3.32859e-07
0
6.98603
0
4.10788
9.93868
1.62943e-08
0
5.5372
0.760367
3.65572
0
2.01358
2.38419
0.00426659
0.0449951
0
1.35285
2.42364e-05
1.18175
18.9263
1.86887
0.0242691
1.36209e-05
3.73894e-07
0.0104348
0
0
0
12.1976
3.1445
15.1538
1.41161
5.76746
0.348814
11.9138
7.41069
9.18746
5.93221
7.04249
3.62945
13.6022
0.771614
3.77817
2.90888
1.20907
3.7521
1.44939
2.11841
11.3982
16.9215
21.1421
8.77064
16.0623
0.318737
3.85705
0
2.39349
8.66944
9.23368
3.80357
3.99077
0.820513
1.9041
7.87142
0
13.9066
9.69514
5.27468
12.4379
14.4041
20.3969
17.2061
4.13124
9.69631
13.666
9.06038
13.3128
11.2378
13.1899
8.59157
0.923427
3.7278
3.59713
0.773664
0
0
2.00315
3.32137
2.75154
1.70098
2.20683
14.1577
17.7833
2.3362
5.18952
5.81641
3.81961
6.97406
2.95024
4.02218
0.0125309
0.713106
3.11857
5.67931
27.0208
6.02677
24.0238
6.21338
8.78004
13.1935
0
2.25003e-06
1.25407
11.4109
7.73386
2.55751
1.85493
4.00889
10.4259
1.16422
0.88655
1.2184
1.74169
3.27328
0.361003
14.6306
12.8213
8.10277
0.560017
1.21327
12.8306
0
2.22488e-06
0.681358
0
0
6.54066e-07
17.3657
1.52464
2.89517
0.597841
0.0264915
0.149819
5.71899
0.256957
7.20415
0.814496
1.39679
9.38193
0.057646
0.118902
8.27945e-07
7.22851
2.29092e-05
0.0180328
0
0
8.03329e-05
0
9.08988e-06
0.112449
0.00764588
0.0361808
1.17889
4.69367
3.58215
0.0120926
7.50561
0.00851275
5.12668
2.21797
3.89907
9.18476
1.42816
4.14937
2.47037
7.82882
6.30011
3.47141
6.65639
2.69369
1.75674
1.28686
3.09685
6.66807
13.265
9.54992
2.70892
3.99484
9.65323
1.18833
3.901
18.8631
0
0
0.00355974
0
2.06688e-07
0
0.171262
0.401634
0.45001
0.90669
0.0182725
5.10152
0.0340355
1.75356
0.0723436
1.46751
0.00115471
13.3166
1.76345
2.26948
10.66
20.8521
13.7508
11.9374
1.90321
0.679154
11.3694
9.96528
2.04784
13.9499
8.99634
2.14041
2.78348
12.7256
1.58504
8.96057
6.95896
5.1622
6.20449
7.14043
3.36867
17.0292
0.584539
5.29677
0
9.77067
3.38678
0.171292
10.6911
22.2418
0
8.3984
10.0357
15.2582
7.77106
0.831631
10.0885
16.534
17.8159
15.6353
25.3977
9.42557
6.64697
8.94232
10.7124
2.93711
1.43342
0.0927243
9.84734
0.131786
2.61883
3.02247
2.14189
0.0367929
0.081465
0.709472
1.62171
2.66884
1.65534
3.25421
2.44585
0.0383131
4.53362
0.962129
2.18855
0.825936
0.896061
0.0163688
0.0175867
0
0.375578
1.93868
0.568883
0.0448769
0.448734
1.18975
1.27911
0.590331
0.0747976
2.78031
10.1627
1.17093
12.7371
5.80824
4.58901
2.94763
7.65756
0
0.829909
0
7.12239
0.397524
0.0725123
3.14647
8.65699
0.0242388
0.372813
5.84787
7.75328
11.9614
7.93752
4.7178
29.5093
0.564306
14.1976
17.6235
0.0977672
0.00063999
13.9959
0.00255731
2.10213
6.75286
0.00203746
4.59731
0.118036
5.2965
0.859971
0
0
0
10.566
1.65089
0.00517398
0
0
5.04683
15.6552
15.0482
11.7578
0
18.905
9.83417
1.27415
14.9135
10.847
14.9497
3.14922
0
0
7.15966
2.39637
1.283
0
8.43027e-06
0.0197537
0.0246877
8.9151
0.00797882
2.65769
8.05095
0.628109
0
0
0
3.51378
16.7475
0
0
0
0
0
0
9.5073
0
0.559685
6.74264
0.282435
1.8701e-05
1.70261
5.0305e-05
4.95831e-07
0
20.9722
18.7701
0
8.85055e-06
1.93049e-08
0.00365193
9.36528
5.56995e-06
0.188254
0.25418
4.40262
0.0552458
0
0
0.000571823
0.0221245
1.17477
0.994888
0.518418
2.54467
3.83414e-05
5.2064
1.15721e-07
0.000109648
5.51043
0.162699
0
0
0
0
0
0
0
0
0
0
0
0.681502
16.1667
0.329656
0.0380816
0.0588773
0
0
0.332675
4.91071
0
0.0463922
0
1.10268
1.36194
5.00869
4.49151
1.55166
1.73066
0
3.26316
6.48174
5.60108
1.80209
0.855345
2.68806
3.02275
9.14784
1.09636
7.24632e-05
2.10407e-05
0.266664
0
2.83268e-08
0.73335
7.33301e-06
0.301062
1.83102
4.68809
0.458672
4.80156
0
9.39586
3.39425
1.62619
2.68351
0.443747
5.39391
5.93105
2.17911
0.640351
4.94905
13.2323
1.30326
0.151394
0.337189
3.08734
35.7279
3.87949
0.444956
5.59436
0
0.00127561
2.22171
6.03367
0
4.22903
7.03711
0
0
2.10854
0.0612466
0.0454817
0
0
2.18384
8.85702e-06
3.54742
2.13923
7.14831
1.87923
12.6631
7.26769
0.000662986
0.148733
0.0716928
0.163372
0.974649
13.0384
3.80626
3.42821
0
6.14777
12.3891
12.2168
12.9857
0
12.819
11.9723
4.67344
15.9599
2.12416
0.0352822
14.1371
1.34945
18.4242
0.313365
0.58344
11.6282
0.875594
0.211216
1.08706
2.4184e-06
7.92919
0.00178566
0.00129393
13.1699
25.8871
0.325762
14.5838
6.91138
6.05751
4.37509
0.647222
7.47684
7.72493
3.14367
0.20242
11.5923
8.63242
1.86518
1.35951
15.4676
7.72744
15.4051
6.0769
15.941
3.85018
12.5666
11.1629
0.0046882
13.5631
2.37642e-07
4.46166
16.713
10.3682
7.21118
0.539165
0.208226
3.42768
1.00472
1.61131
0.859727
0.000172673
0.32743
0
1.66879
3.52694
0.517142
0.804382
0.00139822
0.175877
1.0252
0
0
0.0970065
8.84617
0.716719
0
0.926685
9.21737
0.0463922
2.73563
7.52968
1.73982
6.55175
11.9838
13.2186
0.0461003
1.73774
0
0.849013
27.6885
0
0.697684
7.50654
5.59842
0.0134834
15.3549
0.863652
0.656095
1.6565
0.118738
8.60388
4.26114
0.0500333
10.5235
1.07398
0.834208
15.8413
6.16906
4.95965
7.55259
2.96278
5.05495
3.03873
2.64076
4.87743
3.17312
8.49109
8.1451
3.20844
2.28276
5.74725
0.0181556
3.8047
17.5605
0.00175929
5.97881
8.8608
10.9526
3.76793
0.118448
0.454191
1.62805e-06
0.0102993
0.0863556
2.52841e-06
0
0.0183179
0.892237
0.145609
0
0
13.4158
6.4026
0.223643
22.646
5.57749
10.6703
6.90901
5.49236
4.27171
0.19931
5.13363
4.68462
7.61605
3.18752
6.71844
13.1663
9.19722
10.9191
1.66741
8.14777
12.9085
23.5751
8.92552
5.95702
7.97158
9.30232
11.566
0.0236705
0.0335837
0
0.182147
0.00124464
0.55711
0.871398
20.454
4.532e-07
0.56917
12.3274
12.8966
15.471
8.39293
7.00592
3.02681
2.31482
0
0.000649724
0
0.300679
10.9456
0.0846034
0
1.2971e-06
18.2085
17.5226
5.37212
0.330442
2.48749
5.96044
0.084207
1.66147e-06
1.06753
0.271797
0.237514
2.76091
0.150963
1.70773
2.2983
0
5.76242
0.102214
0.00222434
0.796875
4.93102
2.73924
3.94866
1.54229
2.43311
3.32314
0.108722
0.359324
0.611035
1.48405
6.31976
0.00575287
0.0980793
0
6.77085
4.64876
0.932873
10.3315
0.0129532
12.558
0
2.74888e-07
15.6309
