1.20174
1.87855
0.828037
0.539399
3.89423
1.42112
0
1.98483
1.14375
1.55302
16.6358
1.19713
2.64465e-05
0.567392
4.42095
0
0.9683
10.5593
11.6847
9.95719
2.15127
0.175766
0.0102066
0.281718
0.932126
1.31946
3.1034
11.3401
61.8838
0.72168
1.26637
2.88963
0.951633
0.158457
2.47181
0
3.83041
10.2143
6.47355
19.9779
18.9202
7.72211
1.21754
12.2373
2.63642
22.4615
5.76213
0
0.864482
0.846279
1.95325
2.09105e-07
5.97774
1.77185
0.0666166
0.0655514
15.1593
0.617668
0.117801
0.895549
0.157857
0.000173519
3.09912
0.657459
4.84629
0.855625
4.97378
2.95128
1.58794
1.88449
5.154
0
0
0
0.900805
0.955428
6.62785
2.25098
0.460333
0.699564
1.08982
6.21795
1.76253
0
10.8322
1.40641
16.619
13.2413
12.4707
12.3915
7.52345
19.1056
11.5219
7.94466
135.499
13.2885
16.9181
14.6675
0.215555
2.31732
12.3154
0.642566
9.62367
13.9107
4.389
1.72421
7.71503
4.30886
6.44174
20.3626
24.2252
17.16
22.2801
28.9669
15.2646
9.13183
5.50064
3.11077
8.03431
8.4071
6.27686
3.7454
1.47655
2.06505
0
2.55771
5.39201
0.00600883
0.181779
1.08654
6.48507
0.00635375
1.00541
31.1847
0
12.596
10.9398
2.5803
1.29954e-05
1.14897
5.65397e-07
1.21303
0.0020553
4.35269
0.140234
0.449041
0.761145
0
16.8542
96.2747
1.63363
1.44276
0
5.15499e-08
0.430219
5.72724e-05
0.154036
0.974944
2.13326
0.415566
5.50288
8.81943
14.4955
21.6519
1.12213
0.378594
20.5771
0.981629
0.632167
1.07697
31.4212
4.54227
1.81683
0.0960727
1.51029
0
0.95875
0
0
0
0
12.8589
2.54336e-06
0
11.8957
20.606
10.9162
7.36896
10.9371
19.3815
10.2263
19.0833
15.8197
15.0997
0.199366
0
0.58418
2.67645
6.12352
5.83656
29.762
104.645
4.59856
20.8404
7.18945
3.54106
7.74253
1.68086
148.038
3.954
17.5515
15.06
0.780225
8.86148
16.0692
18.4175
0.67874
20.4466
11.472
0.794256
3.29004
1.84587
19.1268
0.590763
18.3859
11.3619
27.2948
20.3198
15.7963
0.649899
0.00235708
2.62636
20.3592
5.24149e-05
6.06944
5.53724
5.45225
4.21059
2.53091
4.23151
4.92036
5.01773
3.35178
0.61158
0.364189
0.00472082
0.0211872
2.08858e-06
1.30514
0.00836954
0.0241465
1.05532
0.366564
0.00167108
1.66951e-06
0
0.690839
0
0
0
0
0.0112104
0.966547
0.0474288
0
0
3.56464e-05
4.53395e-05
0
0
3.39411
0.00855179
21.5368
0.0558107
0.000178441
0
3.57596e-07
0.326735
1.29933
0.0323124
8.10007
0.000452262
0.934938
0.226818
0.919738
0
0
1.42362
0.0296513
2.13319
0.0241473
8.68401e-07
16.3437
0
2.16357
2.25407
0.670619
4.00706
1.11154
25.8268
23.1766
0.370264
9.92416
10.7757
3.25714
7.78663
2.05609
5.54172
8.88348e-05
0.0127927
0.00974964
0.778842
2.43922
3.58522
10.9245
5.81631
52.4706
100.625
5.22791
22.597
0
8.01997
0.217203
0.882877
4.11874
7.80383
0.0266855
0.00100717
0.00660074
0.03671
0.0286139
1.7391
0
2.97674
2.65124
22.2023
8.97062
2.35365
2.71933
0.557102
0.815719
6.6142
1.33787
0.10056
0.0921574
0.624143
3.09024
1.14423
0.438355
0.30331
0.000313569
0.0373364
17.5012
0.294465
0
0
1.43031
5.86498
0.083063
0.155301
6.425
1.82178
0.514553
2.99658
0
0
0
0
1.80019
3.58193
8.76711
0.964937
5.4087
6.36972
4.37124
5.0127
0
5.97188
10.0991
12.7808
24.0539
18.9377
0.929146
7.2941
3.50176
4.42784
7.46159
7.33203
1.83414
0.186176
5.0908
3.06155
1.96985
6.65897
0.149153
18.3023
12.7383
16.721
11.6524
28.5686
4.01926
34.4235
30.0668
20.0714
22.3437
20.6291
9.48258
4.54999
4.24667
10.6044
4.75111
21.2587
2.88162
11.0832
2.30678
15.603
8.53942
8.12853
14.7995
4.31601
0.0136738
6.84834
17.5849
28.7579
15.8086
55.3968
5.88787
49.8471
31.5294
21.1936
4.96216
15.5728
30.2938
10.5866
20.4735
5.68618
14.5166
0.997555
3.5379
31.9326
28.6774
14.3775
9.78862
1.97416
9.2734
0.350849
2.53206
0
2.19632
2.28898
18.4557
0.940094
3.41662
34.2612
38.4592
6.11224
22.4081
14.751
20.8762
8.41703
7.75489
1.4498
1.87511
0.974216
6.23743
0.0754293
29.0452
2.84459
0.00841372
6.65825
0.707638
2.99556
0.00658716
0.365816
1.4952
0.479422
3.62248
0.719324
1.71881
1.25694
7.26058
1.22848
1.10039
12.3839
12.1527
3.69734
4.36812
36.3166
0.0336106
29.9285
28.7911
18.8893
22.1025
0.68512
1.33134
10.0748
0.920679
0.0628146
0.00174963
0.015404
30.8591
21.2391
2.07139
11.8057
22.2765
10.0611
7.13831
0.693069
0
2.23832
0.397207
0.455832
1.75505
0.662255
3.80238
3.26903
10.4135
1.17327
5.88476
0.928653
0.417133
14.4699
10.046
0
0.00650018
4.46326
0.000486572
3.34616
0
1.68221
1.46209
0.749364
0.154578
0.347474
1.00615
3.55079
0.0731212
1.7697
1.81573
18.097
0.536236
1.76113
1.89135
0.517042
0.0356019
1.18926
20.9861
20.9237
17.6857
14.9785
2.40371
14.3325
0.169024
26.3978
0
8.64708
8.28736
5.82478
8.67154
2.26627
2.57848
0.539387
0
7.46943
0.625471
0.0256785
6.93454
0.579965
0.723152
9.17862
1.53659
14.8024
1.03822
0.576878
0.0206912
26.5847
59.8509
6.61568
16.5718
25.9396
2.61115
4.16655
0
15.6725
7.56652
0.0225251
0.546261
0.0405996
11.8117
1.05298
0.928513
0.843844
0.574471
0
0.266188
0.615685
5.15493
1.92044e-08
0.390267
1.43961
2.63451
8.67767
5.90406
1.35611e-06
0.0431422
3.20262
0.0137216
0.0453011
0.783032
1.64536
0.87099
0.0184699
3.57685
6.18616
23.796
0.956608
0.859941
0.000377359
6.1962
0.00538504
1.10032
1.05502
4.91338
2.46164
0.0193099
0.482169
0.278584
17.597
0.81321
0
2.16699
2.01601
9.05784e-08
2.88243
11.1342
1.33007e-06
6.76441
40.4982
5.90006
0.431255
8.09093
5.73705
2.15098
4.82755
0
0.0915725
0
0.0685612
25.2678
18.0923
1.40837
15.711
0
21.1777
16.6553
5.77973
4.57021
0.533295
0.260478
0.195192
0
0.70892
0.1637
0.902283
0
8.68992
12.573
0.0797234
0.365848
9.42546
1.56873
21.5961
3.01073
19.5459
29.2224
0.0187939
0.396048
1.66853
1.47517
16.1367
0.142825
1.69164e-07
8.30504
1.87689
0.0909949
14.7699
0.00246675
0.0458691
2.8648
11.5263
5.74209
18.3422
6.30037
27.5777
8.35507
1.91342
3.31815
0
1.28166
1.65229
0
0.226314
0
0.000113446
0.662802
34.2607
2.77988
1.38375
0
0.000268
7.95637
14.8096
0.124648
1.36447
1.72623
11.9416
2.09873
18.4154
3.58424
16.6904
17.596
3.66924
3.70283
11.1017
16.5926
0
0.573129
9.37374
9.02156
0.257561
15.2882
0.000393036
13.077
72.6644
7.49252
11.7808
78.2331
5.51155
5.91629
0.513009
0
15.1399
29.7265
0.0281817
0.0677646
1.62923
0
42.8378
0
2.60036e-06
0.463424
0.440536
0
0.000186259
4.63532
17.0849
11.7302
4.3836
0
0
0.011786
2.56467
17.721
0.00357134
0.84572
10.7253
0.315167
10.4341
8.10333e-05
17.4135
14.1595
14.1347
11.5533
1.00023
3.43102
1.18925
0.00108969
0
0
0
0
10.6677
0
0
0
2.19206
14.2189
1.00186
11.9072
2.46876
1.94117
2.35518
1.64316
0.401932
1.14681
1.7479e-07
2.98895
0.435778
1.74961
1.55026
5.78521
1.36467
11.5032
0.317838
0
10.8095
0
10.2332
0.00613152
0.029032
0.0116307
3.93415
6.69618
9.02086
13.9091
4.6656
23.1627
0.1579
4.59972e-07
0.240956
52.5951
1.82851
0.0679639
0
0
0
4.20103
18.3348
1.29312
0.973845
4.0763
7.88387
6.92299
1.93117
10.8766
9.12713
15.7688
0
0
2.07908
3.95008
2.94298
4.08169
0.440192
1.92717e-06
0
2.56911
7.47473
8.89783
17.1442
0
4.28551
4.79515
1.38776
5.17171e-06
11.4583
1.33187
6.54322e-06
24.2047
6.10176e-06
0
9.11688
0.00499179
0.0338554
0.376881
8.94591
1.76548
1.25232
0.102112
1.91319
2.19029
0
0
27.4977
0
20.2004
0.142933
5.34966
0.260031
6.70897e-07
0.0178759
0.945403
7.73523
0
2.76857
4.89492
2.28221
4.1365
25.7022
0.00846936
24.5453
10.8121
5.0407
7.27155
9.79285
7.58714
11.8607
13.9876
11.8819
5.6032
5.07493
21.1263
7.53945
12.1618
5.69012
13.7071
1.24381e-08
11.5476
1.2275
5.73554
12.6061
3.58744
3.8479
4.21408
7.83379
9.2834
0.0649835
4.25981
0.511598
0.00231378
0.104514
0.0274178
0.539803
1.29002
5.01543
15.4486
13.6681
1.91069
0.412176
3.71142e-05
2.42275
7.54232
0
25.1183
7.32175
7.46686
0.0588931
0.13096
0
5.13958
1.36238
12.2549
3.79163
2.07345e-07
0
20.4094
1.58283e-07
0
6.61166
1.90173
1.76743
0
5.68094
15.2657
3.28005
5.45698
2.02255
0.442695
0
0.597068
0.78884
0.710116
0.692052
7.81352
1.56223
104.371
20.3831
18.4483
0
0.299904
0.763854
1.13355e-06
7.77145
3.8708
5.24693
15.1534
0.10424
30.7019
3.59921
0.0105505
0.0271228
6.66658
0.101823
1.51124
0.0845034
1.27003
8.39581e-07
0.018852
9.21914
0.0145829
16.4021
4.69613
0
0.865195
0.00283227
0
0
20.4708
15.0525
1.97595
16.4603
12.4457
0.748928
0.654266
0.715919
0.770955
2.15945
0.720862
5.94275
0
0
0.845302
3.72215
0.0111718
0.0642571
12.2097
2.17252
4.00601
4.86381
0.000140315
0.194591
0.000231351
9.86741
7.299
5.94578
3.82293
0
0.0487085
0
18.6454
0.398644
0.617039
19.5914
1.32618
0.149905
0
12.3939
1.69648
0.344488
2.90328
0
2.76637
5.35816e-07
0
1.41818
15.7482
0
20.6988
1.28395
2.67436
0
8.48445
6.37651
15.8929
14.2464
17.3911
6.48159
19.097
1.16081
0
0
1.72991
3.11523
10.1505
4.03967
4.44045
0.00711704
2.40483
0.686306
17.3969
23.5791
7.69734
10.6919
4.21704
10.0052
15.7278
13.2255
9.91371
24.6643
0.663046
2.80696
7.43871
27.132
0.60517
0
17.1102
9.20661
0.076047
5.17254
5.28931
0.00296623
13.9532
15.7155
6.47609
8.76444e-08
5.04871
22.9133
21.8943
5.14017
13.044
7.37838
11.2227
20.5235
21.7083
0
0
1.23273
14.1142
23.8385
16.6241
17.5848
17.3607
28.2604
29.9068
32.9047
39.678
90.8053
86.5684
21.3427
18.2413
5.63905
1.43363
0.0516884
0.0874397
0.32445
4.55076
0.0102169
3.77217
0.398895
6.62845
0.166577
1.23519
4.98682
9.08222
1.31041
3.05538
8.02282
2.9443
2.62052
0.080516
5.30857
5.17139
11.2252
4.97331
0.549747
16.4368
30.1329
10.4274
30.7565
7.08841
19.1247
1.11539
0
0.0370182
22.2672
2.25645
0.0830103
0.00383044
27.4538
0.139778
1.10414
0
0.0228004
0.00408309
35.097
2.35703e-05
25.1765
0.00020217
92.9939
22.8198
0.00132177
0
0
44.7253
29.8776
12.9157
15.5428
0.743889
0
32.436
43.2468
1.52505
0
12.8178
30.0404
37.2403
0
8.28919
24.0002
0.454664
15.9429
0.0569572
0
10.5902
0
0
1.49172
0
0
26.0449
0
3.16596
8.16418
11.0633
9.86612
18.7646
0.434787
14.7806
1.99916
19.421
0
25.0821
32.9599
0
23.2171
1.04293
18.4239
0.75185
1.10839
0.0453862
18.4315
9.12765
1.11728
17.5982
0
24.721
11.6543
13.6159
1.93204
18.4073
3.25518
27.2384
25.167
1.01147
1.02182
1.8323
16.2733
0.125972
17.3223
0.88124
0.0794867
1.92707e-05
0.0561372
24.2111
0
0.000522251
0
17.9309
0.53696
26.8148
20.9088
1.78377
14.2164
1.13373
18.5779
14.6006
22.505
0.673326
0
0.0604761
0.196492
0
0
0.00739977
0.078415
6.05773
7.33842
1.6698
6.39443
16.6631
3.45111
10.2329
6.72942
2.01664
22.7757
11.5688
26.6902
8.40442
27.7095
21.0971
50.6159
0.232665
13.6276
35.6098
14.0142
21.3871
15.6299
0.957913
27.2873
14.5089
2.88424e-06
22.4112
0.00211373
0.0229707
16.1979
0.000673162
0.130614
0.0712107
0.212264
0.715891
0.00247948
0
1.71558
6.54823
0.392134
0
1.81854e-05
0
0.703037
0
0
0.0136728
0.907038
0.00588896
21.4347
7.28388
21.7324
10.977
5.17878e-05
2.3572
13.5656
69.6409
0
0
13.5878
10.5438
26.3168
33.747
0.718665
0.0449379
0
1.97812e-07
18.5338
32.4989
0.0002006
0.662187
0.365914
0.823619
2.61163
1.27685
8.44912
12.2339
0.230114
2.76488
1.72159
1.45538
0.021651
0.0570672
5.94859
0.0241268
0
1.45906
18.9167
26.7315
1.33673
1.19129
32.7296
0.333361
12.3713
28.4378
3.63298
22.0746
0.890731
0.116663
0.0157078
0.418132
6.99512
2.50616
15.4233
0.888767
4.83111
1.34777
0.869635
0.0119094
0.427935
0.737672
0
0.615085
0
6.38817
42.0151
5.15585
12.7635
0.386617
9.73114
0.18394
1.58628
3.68452
0
0.00354615
0
22.9658
22.7809
33.4306
17.9814
19.1938
3.97358
0.0754333
5.20438
11.4916
4.65608e-08
1.57965
0
1.46131
0.0016591
1.25408
1.31183
0
3.39716
0.242537
1.14558
1.29649
2.43858
4.66301
9.23489
9.30965
3.98932
0.230126
0.00571569
0.0179592
1.92068
3.40277
0.00223821
0
13.184
7.08796
7.13659
0.889726
0.959853
0.971846
1.10058
1.36155
0
4.66981
5.25686e-05
16.1848
0.0591115
1.98628
12.2767
11.2783
1.17631
4.56571e-08
12.136
23.2449
2.53429
7.44246
0.870693
4.35761
0.793221
1.13281
0.0209224
0.373239
2.83196
27.8801
3.49933
1.80747
0.697935
0.0324502
0.00257878
0.0938323
6.46724
0.353007
0
0.00340402
0.0885288
1.417
0.640822
0.00600541
8.2121
0.206001
28.7992
0
0.103047
0.184466
1.43151
1.39783
3.37732
1.08408
1.81979
23.2119
13.4007
0.303008
4.44074
1.1435
0.0189667
4.05726e-07
23.6235
12.867
10.9501
17.3253
0
0
21.1544
10.3438
2.45807
0
11.4436
0
1.08367e-06
0.798174
1.43578
0
0
0.000189234
12.1097
0.379833
2.31858
0
78.3425
1.00842
0
5.19429e-05
24.1012
0
0.0265686
93.8861
0
0.712015
43.3275
1.95343
0.835231
170.272
0.0553237
0.0166405
0.366884
0
0.291787
0
0
0.964415
7.25154
0.0570855
1.37339
0
0.00187671
0.0132465
9.10046
0.384089
4.25506e-06
0.0263245
8.04029e-09
0.405309
0.000961553
0
9.58347
0
5.14959
0.834414
0.0141622
13.8248
0.00316059
0.0212366
3.15519
7.01699
0.719591
7.08699e-06
23.0612
6.67541
1.71762
96.8463
31.0353
10.713
0
0.00161245
0
0.660033
0
0.788474
0.094471
6.17735
0.611661
16.005
11.3968
0.00113144
0.557632
0.0200989
0
0
0.561081
6.98046
0.828568
0.000121399
0
0.023994
5.42151
0
1.7053
1.49526e-05
0.467454
0
0
2.18992
0.623214
0.00834453
1.96769e-05
0.067767
0
0
0.0709486
0
0
0
0
20.6351
5.05194e-07
0.754652
7.72326
6.79677e-06
0
20.7741
2.18461
6.64789
0
1.11385e-08
0.833633
0
0.0320903
3.41077e-07
0
0
2.992e-06
0.000168664
0.000747141
0.622305
1.74904
0.262829
0.430799
23.5933
0.561826
0.927492
23.7018
0.790803
0
2.65213e-07
0.0268643
6.78568
0.00210811
2.5102e-07
0.0481471
0
0
0.995012
3.122
0
0.927525
1.13188
0.598744
0.588391
0.500756
0.627867
0
0.000544632
0
0.889585
0.320611
14.8121
1.54624e-05
0.183946
0
0.136066
0.00654144
0.00955327
0
0
0.0798759
7.44306
1.50545e-05
17.6853
0.0110319
11.1592
12.8793
0
4.9204
0.87501
5.3027
0.931916
0
1.58965
0.000402851
34.4443
1.50066
0.383192
0.556936
0
1.16845e-06
16.2471
14.3553
0.040909
0
19.2244
4.21713
10.6841
12.6807
8.21395
16.5579
4.71663
33.7636
0
2.86158
12.3427
0
8.24802
16.8363
21.8586
14.9383
8.85049
2.85177
6.15673
16.1182
3.83133
10.5643
18.2255
9.24753
2.42161
0.787032
2.216
6.43061
8.05808e-05
0.000114708
0
0
2.81007
6.67771
6.71902
0
0.267298
0.00182486
0.226312
0.331674
1.18708
0.060596
2.05432
2.95778
0.98925
0.869977
5.76718
12.4137
13.2892
0.00384784
0.0227289
1.08645
2.98381
1.15999
2.02242
0.119083
0.066979
22.2291
2.57942
1.62275
0
0
1.15657
1.44277
0.726235
0.776435
0.179969
1.23731e-06
3.01446
0
0.892068
0.0931215
0.794752
0.0795133
0
0.746531
1.05767
0.00315787
0
0
0.694197
0.544739
0.985525
1.87124
0
3.90262
0
0.0135854
0.0182788
0.00112271
0.790996
26.9048
0.00359949
2.23171
0
0
4.18971e-08
23.9575
0
0
0.919004
0
0
26.556
0
0.327711
2.1789
1.29983e-07
0
5.20314
2.99158
8.13353
0.433457
0.570362
0.0109269
2.96224
7.11689
0.447042
5.50171
6.47358
5.49799
0.39165
1.14063
2.92385
1.02777
7.70905
7.31106
7.17533
14.6835
0.461646
0.661253
26.4599
18.2789
16.9789
18.1304
20.9053
12.856
1.31224
14.8079
17.7632
27.9724
2.93341
9.79533
34.9089
23.5964
14.8799
19.6426
0
15.1577
0.0105207
11.8995
18.0895
18.6408
14.4646
17.6549
35.6126
13.0967
9.3284
1.22903
15.1819
12.9524
6.02593
5.4856
2.42718
5.467
13.4993
6.75226
2.38507
4.18846
1.01622
2.96066
0.147551
3.01169
2.87536
2.79617
0
2.94816
2.64356
10.4104
4.25047
1.97731
0
5.48684
3.86824
7.98061
6.03543
9.3191
1.37095
1.70233
1.70095
0.221715
3.65272
2.33593
9.22536
0.42325
0
0.732998
14.2135
0
1.04461
0.00411326
0.566323
0.560871
0
0.0227386
0
0.224793
0
5.43978
4.61196
4.65459
7.79551
3.81335
26.7318
1.06593
25.705
5.77938
0.89779
34.9864
4.85246
3.90127
7.50064
27.7025
19.092
10.0569
11.9429
4.90408
0
15.4668
5.02762
12.2003
0
18.5104
0
16.1144
12.4387
0.145525
10.4777
12.6033
21.4365
0.0170721
15.3285
0
0
9.1442
3.34394
2.17219
0.165676
2.75963
1.00499
0.910633
1.809
4.86289
0
0.925891
15.2119
0.932605
0
0
3.37185e-06
0
0.00679708
0.000191799
2.10413e-06
10.1835
0
0
0.0395355
4.39762e-07
12.8175
21.8111
0.512743
0.229167
11.7484
12.2464
0
2.54075
0
0.812976
0
2.9591e-06
0.55618
4.99379
0
33.5744
3.04968
12.8013
0
0.438965
0
0
7.86062e-05
27.6357
0.1933
0.00203165
0
9.65977
0.0451657
10.6114
12.0837
27.8419
14.6568
14.0203
20.7293
0.876279
3.26046
10.044
4.85598
1.99503
16.234
0.780021
4.13236e-06
1.9394
1.49181
3.91472
0.546408
17.8741
1.86663
2.44102
0.671675
9.44936
13.1082
4.83248
3.12222
2.04716
4.72818
4.04691
3.8843
11.6487
0.000200189
0.00170511
0.0322214
0.00531618
0.00396611
0.914324
8.12339
10.3523
18.2774
19.4918
0.267606
9.79419
8.62605
2.0034
10.3216
3.09657
6.97744
8.4244
6.8014
0.743968
63.5107
33.8972
0.241964
20.9474
53.332
0.957198
0.0427229
0.0417911
0.0116356
2.46181
1.91128
0.493153
1.23228e-05
3.60981
14.1879
14.9388
0.560665
60.2067
0
0
0.653609
0.00449176
0.000618926
0
0
0
5.05619
0.251344
1.21719
9.49853
1.10655
12.2189
1.53021
6.52954
0
1.37783
4.78486
2.41458
2.39096e-07
1.31771
2.80889
6.36334
0.829069
25.3073
20.9627
0.00220327
1.21714
9.30846
0.958983
0
1.00952
0.0396583
0
0
44.359
0
18.669
7.24403
34.0993
0
0
0
0
0
11.2944
2.92576
12.2652
0
19.0137
6.03624
14.423
3.0964
8.35406
1.77399
7.61751
0
0.0103969
1.39431
0.0574171
0.000254854
14.2344
0.0728643
0.00771255
0
0
0
2.32881
0
0
0
0
0.6666
3.02321
0
0
16.6264
0.991204
0.00818852
0
0
0
2.5703
9.22431
0
3.52978
2.52191e-07
0
0
0.674112
0
1.49562
2.92434
12.2486
2.91187
8.03202
3.06341
7.82794
1.93378
10.6773
27.7438
21.2103
1.45227
50.9312
32.9229
47.953
13.7338
25.3115
43.5744
27.6619
26.1925
16.1393
13.1769
15.6751
14.3487
8.97472
6.18391
1.84005
5.5641
1.65759
4.22709
10.6725
7.0919
8.29432
3.73093
11.1508
21.5468
6.37001
6.23737
2.26283e-08
8.17248
1.06368
0
0.0557627
0
0
18.0752
31.4073
0.962688
5.54075
2.35189
2.50837
0
0
7.72435
4.25398e-06
4.57231
1.98773
0.000273157
0
5.08565
5.91537
1.07778
7.12901
9.32433
3.5868
6.41437
1.96239
9.56853
0
10.778
18.3441
5.28299
6.36547
1.48046
5.54544
4.20093
3.28932
0.937665
5.38794
17.054
4.71173
2.17891
0.0237536
4.25089
1.94442
2.06049
8.94494
21.3505
18.1704
8.62496
12.744
46.4119
31.598
18.7034
28.048
14.1931
12.7666
6.0592
8.19088
7.14517
10.1878
11.2665
0
0.0322612
0.000679392
2.98751
3.64725
9.43297
11.0175
7.74841
8.23089
7.46337
3.53995
3.62105
7.46743
0.156833
8.3501
6.99561
1.50182
0.0145899
0.60266
2.95117
38.7658
1.39147
3.02384
1.75314
0.947349
4.7278
3.59368
2.21748
0.47166
2.8384
22.3434
0.910214
17.6316
2.17598
2.49069
0.424497
5.60012
8.51069
11.6421
4.36761
11.0962
6.03663
0.230259
0
0.131071
0
3.34217
3.42003
6.31662
4.11457
0
5.12156
17.9804
18.4727
13.0401
10.1283
12.2141
9.63549
14.3516
0
0
0.0046412
7.7873
5.30506
7.24094
1.6799
11.3045
1.46838
5.99615
0.00290521
4.27728
0
6.14604
29.8353
1.01952
5.57197
17.6503
21.0444
19.0401
4.04695
1.02233
16.4964
3.36773
17.4602
3.70391
18.859
20.6312
13.8207
24.0025
20.8012
10.0331
12.816
20.7849
20.2067
16.5533
18.2414
18.9707
13.0576
14.4916
11.5829
5.68401
2.46183
5.48754
8.25295
8.3741
9.38997
10.1222
7.06943
12.7987
5.06455
4.80058
0.0288237
2.9709
0.0112946
0.512029
3.35357
9.37634
7.40219
4.94685
3.3681
9.1236
8.80937
11.6937
7.47261
5.64549
5.48258
12.6053
10.3195
11.4535
6.52517
6.84881
5.24472
7.74727
4.82208
9.12279
10.4618
0
5.59882
3.93463
23.1965
6.00739
17.8085
0.144927
1.65831
5.44674
9.66679
7.06456
5.19751
0.448013
4.34657
6.46785
3.37806
6.41431
4.04184
4.18398
4.66903
29.7748
5.5901
2.28928
1.81451
14.2183
28.2151
0.612297
4.48213
4.53924
8.33045
2.68252
3.22028
0.427504
0.0412757
0.231765
0.288131
2.11251
0.113341
1.3717
16.1546
2.81922
3.85787
1.5161
0.00818501
1.07033
0.777701
0.914451
0.0972675
3.66217
1.27796
1.8145
1.03474
0.258083
2.72107
0.678766
6.27492
3.15025
2.55648
5.28325
0.167968
8.27032
1.79175
1.87668
0.813333
0.487961
0.0701929
1.84152
7.62246
0.0962073
8.79726
0.734823
3.32301
0.0126354
13.1408
0
0.117443
19.432
0.551781
13.051
10.1128
22.0053
0.868758
22.2026
0.14859
0.0529468
0
0.883325
6.53943
8.83379
1.18441e-05
0.00690636
19.2567
0.0909752
0
3.96065
0
2.74568
0
2.21352
0
0.0812407
0.039886
1.52744
0.141983
2.16861
5.77467
0
4.3351
18.061
0.972089
3.29768
0.087843
7.22848
10.7542
6.10551
3.93255
0.693763
0
0
8.11479
3.62077
0
3.42637
0.925896
1.42438
0
1.40357e-05
0.357962
0.439339
0.186761
0.00641587
1.40367
7.52699e-07
0.0138369
0.0214399
0.254853
0.313486
0.685159
5.56995e-06
0.239003
0
0
0.0939762
0
0
0.000108233
0
0
0
0.18664
16.8618
10.614
20.9993
10.2444
18.7997
8.02267
4.37923
0
0
6.08213e-06
1.05741
8.871
0.521256
1.5286
0.00415524
3.36287
26.2301
27.6935
19.7213
20.2968
5.33855
4.91205
16.6462
27.0696
2.35283
6.78913
9.24987
4.7239
11.5117
0.807247
1.28027
15.8115
7.62519
1.94502
3.16253
0.67564
11.3156
0.338413
12.0612
1.84541
6.5109
2.8993
0.869631
0.721616
1.00908
0.0902354
0
1.62684
0
0.511544
3.04117e-06
1.59975
0
27.473
0
3.42128
0.634719
7.04952
4.25957
6.21394
15.2511
5.80149
6.59129
7.43291
0
9.51366
11.1469
15.9611
17.1046
51.3728
17.1318
33.3599
0
107.487
0
17.7585
31.7161
27.913
4.40562
0.617176
22.7117
21.2738
21.7018
9.80287
31.1351
20.1393
69.3087
20.3343
14.4225
14.1706
8.52433
11.7308
0.000410467
12.6801
20.1499
9.52992
0.653009
26.8356
0.00236787
18.1696
0.353268
0.0404771
0.0987999
0.00626724
1.44546
0
14.0707
10.2433
10.9111
9.42855
10.1828
4.85043
4.55513
1.43768
0.693774
0.759137
3.3807
1.70167
12.8858
13.4401
47.9437
6.84543
27.2864
3.71988
30.3747
20.7814
3.10014
21.4813
0
0
0
24.6235
0
3.0637
36.4745
1.79959
0.0132025
1.00785
3.56265e-05
1.01279
0.112628
2.66879
0.407004
0.00340051
5.81432e-06
1.06077
17.4228
0.522233
0.439504
12.9714
7.02216
1.12273
11.7056
0.0146867
0.211516
1.13417e-05
7.78713
0.225697
0.794125
5.95736
0.0302212
1.82465
0.000243576
0.344386
0.00109548
8.21015e-07
0
0
0
0.0501556
0.00166195
0.382008
0
1.14937
0.305721
0.764005
2.06058
7.63779
1.20328
4.5231
0.0100893
0.169017
11.5851
0
0
0
0.100056
12.51
3.59305e-05
10.0366
7.99609
15.4447
6.93863
22.5527
9.44871
18.2577
1.20083
8.21445
8.32486
5.15746
3.55265
20.0115
0.0897917
6.94117e-07
2.45265
0
3.61949
4.93198
21.0608
6.21183
10.7373
24.972
0.39792
26.6996
9.99274
19.9766
18.341
3.1063
30.7617
0.390048
20.8969
12.7517
0.0379578
11.5729
4.46636
4.27835
0.873171
0
0.00366145
1.52503e-07
0.163499
0.187903
3.80617
0.00511591
9.29636
5.24753
23.2159
30.7183
6.99473
19.1507
11.338
3.71368
31.3636
24.8734
27.1454
28.4052
21.5572
3.75189
24.8192
3.89069e-06
6.35534
11.7667
13.2834
10.7689
5.06813
10.189
4.03862
1.80487
2.8262
6.12711
6.05988
11.5248
19.7434
8.28001
11.2983
10.2056
7.49907
13.5406
16.9801
9.80154e-07
9.02981
1.77774
0.538017
4.41178
21.715
0.752118
20.3742
19.4174
4.98238
0.659511
0
23.4031
11.8079
21.9422
16.8262
3.16628
21.0443
13.1882
1.91525
20.5672
19.2906
23.2073
3.33652
11.2248
10.4691
15.8602
14.9251
28.8634
16.2174
16.44
7.18481
40.1392
21.9031
0.956691
28.5968
21.0537
16.9114
3.88097
12.6207
21.9112
44.3933
10.3656
0.397462
12.2756
26.2307
11.3055
0.0110426
8.7058
10.6032
5.74029
12.1765
9.79174
13.07
26.3243
0.96728
0
2.06297
5.22814
26.0132
1.79865
2.75085
19.5841
26.4789
28.6192
12.4211
0.000536345
24.9896
0
22.1504
36.2287
36.6152
47.0417
3.9028
33.1646
37.3332
8.52256
32.9632
20.6039
8.54336
37.2885
0.86753
18.7522
4.94156
8.04036
0
5.10439
5.20992
23.2872
11.1049
13.1556
9.57003
12.9467
0.763
12.4785
17.5588
7.06404
7.89336
4.53654
3.73317e-06
24.5045
9.56209
3.69827
2.303
5.48176
1.24677
2.94666
0.775607
13.7347
0.138076
8.97498
3.9343
7.15105
9.63192
1.33786
5.6055
23.9828
0
1.89317
5.02227
8.80752
0
15.8513
9.01918
5.31345
9.26964
6.77263
9.36148
22.1074
18.0904
12.4469
9.06829
19.4623
16.9402
11.4081
14.3051
4.38171
8.33394
40.4557
0
13.7595
6.67439
48.7842
6.78344
1.50688
25.2067
1.7405
5.28867
4.52716
21.4751
19.9821
6.93599
18.3926
22.6118
39.5425
3.93104
3.82587
19.947
26.9971
25.4919
5.40029
0.00867087
6.63678
7.30653
4.36656
18.7618
5.22479
1.31575
10.4341
1.31644
16.717
2.88664
0.0513646
5.32247
0.343468
10.9378
5.52435
6.9967
0
6.22788
4.68023
4.60043
7.66682
10.0498
3.32314
3.91223
0.364419
5.3356
10.6443
6.847
3.22522
2.22014
3.87028
20.475
5.92616
11.3268
12.7759
0.00348265
9.97148
16.4532
0.980535
20.9477
4.34473
21.9755
0
10.8277
0.18199
2.67377
4.2906
1.10925
4.50657
3.15162
1.44675
9.956
4.65944
9.16661
2.07699
5.70595
4.48382
1.93295
9.15151
2.00815
1.64343
0.00423528
0.255826
0.00549495
11.5445
3.55478
14.8819
37.6525
36.3819
15.4223
8.39878
0.0467369
2.22927
1.72421
10.6258
7.13949
0.863104
9.07794
10.8124
3.21779e-06
5.46515
0.341189
0.163109
4.14326
0.147338
1.78795
1.51417e-05
4.98104
20.0816
0.557689
0.0198903
0.0166023
0.0132021
0.148986
8.89007
21.0652
11.589
0
1.79125
10.05
2.42058
4.8425
3.02235
0.646737
5.38807
3.68629
3.31962
38.2864
2.98372
0.00126026
2.59389
1.75413
3.51696
1.49423
0
2.79771
8.99744
9.69206
4.74756
2.10664
3.36763
204.396
2.78805
18.6704
3.55781
129.568
6.95338
6.89465
5.67985
3.59404
3.34574
7.92179
5.23559
28.6764
4.89422
5.03272
5.8796
5.34716
12.1137
2.09461
7.07517
2.06439
0.0726577
0
4.12015
0.983508
0.748251
0
0
0.0193952
7.4865
0.00174518
0.0319115
0
1.49527
3.73846
0.747009
0
7.38228
1.90975e-07
1.51271
3.37183
0
0
1.75152
1.33529
6.86966
0
0.272248
0.747566
0.676635
0.287597
0
2.28179
0
2.06769
8.46631
3.34912
0.04733
0.0234271
0.463392
0.180293
0
0
0
15.9782
4.53543
13.5268
1.67713
4.8811
1.0243
20.1862
1.6714
8.25527
5.07307
4.6615
0.869694
15.7238
2.26258
0.98989
0.358688
1.74725
1.17146
0.433866
0.195113
14.0023
23.5152
16.8696
27.1716
8.37984
0.71611
1.73686
0
1.92163
15.3734
6.50713
4.03914
8.58105
3.44791
2.74218
21.0238
1.45744
1.25423
12.6328
16.8233
23.4434
14.3504
9.68903
26.557
3.61593
2.42851
10.0221
10.7841
21.8843
40.331
14.27
33.2993
1.77306
5.92024
41.4139
1.97152
0
0
0.188053
3.83585
0.913008
0.020515
0.425382
6.35332
17.2728
3.42921
1.43991
26.4495
1.46114
5.9283
1.90379
0.869347
0.0850253
0.703448
0.066367
1.20663
5.87834
8.13407
5.73162
20.7057
14.8229
18.9743
0.984059
0.0230252
1.28333
12.2451
27.9838
6.46978
4.83651
0.184404
20.4866
2.0653
1.42632
6.23763
0.0323727
6.41212
0.273585
39.7846
6.78702
4.35198
0.31921
8.66392
26.5544
0.0264493
0.0118904
0.887559
0.0203943
2.10079e-07
0.711166
29.5056
2.66772
5.3967
0
0.00289786
0.039196
6.04552
0.0766945
8.75711
0.0702361
0
11.0326
0.597538
0.116019
0.70582
2.61005
0.81683
0.471412
0.454754
0.158401
0
0
2.2602e-06
0.00623747
0.342113
1.58457e-05
0.219169
2.37549
2.7527
5.37639e-05
0.0561991
0.667128
10.5275
1.54972
1.7802
28.7913
0.0457504
1.78224
4.44208
6.62614
6.64959
5.91928
10.4725
1.35638
0.0856295
4.01683
2.28734
10.4267
9.8442
9.29742
1.73414
5.34433
4.07324
0.269599
3.31858
13.3594
0
0
0.00533961
0.735701
0.00214409
0.201085
1.3282
0.223398
0.033273
0.00388526
2.30429e-07
0.663316
0.886366
1.47423
0.00563857
1.53008
0
17.4663
0.448238
2.32975
3.46768
27.8477
17.5171
19.9838
5.47047
6.24285
21.2059
10.0144
3.44225
5.08186
60.1826
0.769596
1.95135
9.42025
0.351046
96.7651
21.3121
12.5814
20.168
11.068
3.0498
15.5904
0
2.22695
0
13.0285
1.92615
0
13.7728
16.4153
0
9.56312
3.39575
3.9055
20.3513
0.00224255
15.787
23.0586
24.5364
8.2223
6.27058
27.5918
4.1897
4.74724
16.0596
6.92408
2.18593
0.994152
13.5902
0.8515
1.48637
2.04619
2.16883
0.855939
2.81819
0.26134
0.0397386
1.52059
0.800316
1.53544
0.10331
0.123674
3.40543
2.34339
3.40299
1.46529
0.760292
0.517516
0.699996
0.103435
2.789
0.949812
1.2825
0.699307
0.29046
2.13672
0.54685
2.81546
2.11671
5.32245
5.09359
0.4374
11.2434
2.36099
0.709862
0.844338
0.00752457
0
0.975872
0.128159
6.47636
0.0870522
2.71672
11.3778
9.31277
0.00896957
0.890932
26.8253
11.3955
13.7362
1.92335
10.3923
40.0656
4.80995e-07
20.9764
13.6042
0.0235827
0.0709712
4.795
0
2.74787
7.47814
0
2.01288
0.0185472
15.363
0.00105472
0
0
0
23.6303
0
0.000101911
0
0
11.5256
25.399
26.255
36.4061
0.976422
34.4326
26.8082
5.30827
20.2889
2.45039
14.1079
3.66146
0
0
23.76
2.18898
0.324702
2.26139e-05
0.886142
0.387446
0.851755
11.967
0.0210001
0.00966546
28.0906
0.00103046
0.543541
0.0629116
3.98312e-07
3.60806
8.06916
0.0993591
1.06198
0.043082
0
0
0.867095
1.13877
0.184281
0.847913
13.2844
0.0511753
0.874354
0.565257
1.65473
0.0278583
0
8.94652
5.38572
0
0.783277
3.85594e-07
0
14.7029
0
0
0
3.11174
0
0
1.41093e-06
0.0344134
0.019779
4.38979
0.938797
0.638762
1.91027
0.000107624
19.0602
0
0.409784
7.15644
1.5771e-06
0
0
0
0
0
0
0
0
0
6.15634e-07
0
0
40.123
0
0.325897
1.24745
0
0.0235437
1.10692
11.7687
0
0.561828
0
0.736947
3.09751
1.37934
3.26162
0.780845
0.265726
0
0.0630926
9.44436
5.26628
0.969325
1.2533
0.18227
0.0726189
26.4179
0.755572
8.9805e-08
0
0.706192
3.0851e-06
0.0055557
0.25816
9.62018e-05
1.22497
0.996946
1.04656
0.888364
5.89205
0
6.78062
1.77356
0.758892
1.91271
0.375123
1.36905
17.9472
0.0335736
0.178474
2.31637
13.1975
0.000621702
0.970361
0.858065
1.01253
21.8011
1.57723
0.111417
3.41655
0
0.010315
1.43234
17.9076
0
1.26574
11.8438
0
4.06551e-07
0.525434
0.153256
1.09108
0
0
2.87017
0.00127706
0.789165
1.01953
1.15696
1.65103
26.6879
1.62598
3.45035e-05
0
1.1571
0.043595
1.05498
20.2116
4.59097
5.88969
0.0617983
0.645636
7.2405
16.0464
13.6225
0
4.53334
16.8633
6.26325
27.5218
1.03499
0.0186263
14.0695
0.689613
21.8367
2.20437
0.751412
9.74496
0.00206127
2.33956e-05
1.57527
3.16772e-06
16.0825
0.955444
0.799929
20.8109
22.6739
0.050406
13.3319
4.64668
13.671
1.20247
0.548069
23.1673
18.5612
0.18875
0.0666508
16.0393
19.6374
1.03095
2.83257
19.0306
13.347
19.6238
10.3947
41.248
7.46139
12.4639
17.5672
1.66134
31.9772
0.00288334
7.44967
14.7132
3.76622
7.00543
0.000154919
0.796598
2.63141
1.95811
0.926895
1.68372
0.88974
0.120311
0
1.4744
6.13766
0.471055
0
0.560835
0
1.2222
0.932118
0.000374243
7.86695
31.6588
1.18636
8.64135e-06
2.90977e-05
7.86229
0.00270148
1.14577
8.30861
4.99956
4.45219
3.89268
27.331
0.294754
4.46652
0.957086
0.105928
37.1619
1.63021e-06
0.478593
19.8771
1.87883
0.867567
26.8397
1.82919
0.379057
0.358731
0.0749989
31.3334
7.02528
0
13.8289
0.151288
0.0254782
25.1672
6.66529
3.82844
7.09712
5.9852
13.5208
0.97757
0.993663
3.08579
0.539234
3.04348
2.06184
3.39031
1.45624
73.9707
0.266088
34.0814
5.8394
2.32925
13.1679
19.257
16.9788
3.31983
0.0801067
0.863546
0.0112717
0
0.774308
3.20286
0.00297331
2.59552
0.636578
1.76957
0
0
5.82903
3.1829
0.176922
20.0279
0.940852
4.427
14.5798
7.91076
5.66238
0.0626178
17.4897
3.73528
9.15539
12.5269
8.06196
13.8226
6.6275
4.17583
0.900634
1.62921
14.589
6.85341
6.09312
7.04176
5.09356
1.86768
2.67193
0.88778
0.760759
0.0161222
0.425683
0.637194
0.691448
0.00735285
15.221
0.0467706
0.914426
11.2632
10.8607
6.25693
8.5339
5.49249
1.63954
0
0.585693
0
0.882585
0
18.6037
0.00456339
0
0.000606206
12.7437
7.5055
5.68236
0.497939
2.12126
4.0927
0.27777
0
3.65778
1.55788
0.224524
3.68768
0.149715
7.86098
0.35129
0.383358
5.87149
0.109941
0.869402
2.02905
2.68114
0.194262
0.41027
6.02247
7.05216
2.80858
0.0611194
0.0539829
1.67754
0.162129
3.07266
0.847454
0.0565539
0.927283
21.0047
3.21016
0.000682377
9.51888
0.581839
11.873
0
0.0589478
16.4244
