9.66363
2.41962
2.31448
0.277899
2.67221
31.6076
0.0103628
23.0162
9.01752
13.8196
25.5303
0.618229
7.07705e-05
1.82492
37.4356
0.0789795
7.13421
39.0184
18.9256
9.60758
47.2666
0
0.978262
0.145867
4.53046
5.14278
16.0455
1.91582
6.27502
1.8378
0.181117
13.2468
0.84003
1.81801
3.34823
0
0.753914
22.9145
7.65503
10.0014
19.322
36.3198
4.65898
26.2348
5.73264
4.57193
6.13746
0.0431311
0.0026588
0.271864
3.04423
2.66959
11.7804
2.45509
11.6545
2.0612
37.9811
12.6207
0.523842
0.72942
97.4139
0.000240746
43.2306
1.24678
24.4918
0
8.39544
6.66842
1.46246
0.427994
21.8935
0.116873
0.00362
0.958951
2.88358
2.66681
17.713
8.4425
0.818093
0.0115581
0.702576
2.28075
0
1.06555e-06
16.2109
2.53297
5.67165
7.38582
5.25194
5.57444
19.2283
4.83262
0.905657
2.18105
5.7747
2.19624
5.86377
4.94082
7.84499
0.000785619
7.81099
41.242
10.3979
26.9616
4.28751
2.36333
5.04355
4.46164
1.91897
6.01106
9.83431
5.06745
2.94451
0.994638
2.14429
6.41904
1.60764
8.2318
6.04373
8.86059
3.81553
3.01452
5.39878
4.90963
0.333177
5.23686
5.98855
0.921663
0
0.00546653
8.16805
0.613025
0.0682495
3.36949
7.89759e-05
4.89458
4.78503
0.519811
1.13041
1.87361
0.0268225
0.314948
1.54987
2.29739
0.0096646
0.0801086
0
0.018905
19.9664
48.7404
1.22543
1.13821
1.13794
0.0291198
10.2777
9.92471
19.5513
19.3183
23.1114
5.17876
5.7444
15.695
4.01217
3.6258
3.19521
0.0249235
8.05929
26.0684
1.79584
4.30703
7.01743
5.93603
1.46598
3.47886
2.79951
0.595807
0.529549
1.39298
0.635269
1.04059
0.0162226
16.7061
0.0466617
0
18.5154
9.4111
23.0753
12.3786
25.0743
60.162
27.0849
26.853
32.6355
43.8238
4.87305
5.42219e-08
13.4667
2.05751
13.5225
7.00891
26.9707
39.9346
63.3083
42.9844
14.4099
5.48234
18.2676
6.41842
32.545
19.7783
29.7434
30.1464
1.69516
31.7205
42.8458
38.5634
10.1338
28.7171
31.8753
11.774
3.08337
15.4934
38.2338
0.0950786
33.6579
20.2883
25.5985
27.7573
21.3353
2.7403
1.42148
7.74967
23.3531
0.647315
7.18794
6.68612
11.1414
1.52005
5.76171
9.78051
2.60974
2.79136
5.76295
1.51211
2.34877
0.807813
0.38924
0.581878
1.83218
1.03107
0.911163
0.199544
2.9784
0.0120754
0.0509485
1.68008
0.0365196
1.73113
0.164851
0
0.0624855
0.584726
0.698959
2.61577
0.472176
0.0235358
1.0335e-06
0.013155
0.873078
0.0336773
5.08783
0.0898995
12.3084
0.710304
0.0129627
0.818414
2.27194
0.949258
12.4857
9.27542e-08
18.8161
0.0718747
1.57004
0.143507
0.0305
1.87526
3.60698
0.99249
0.752651
18.2936
0.121451
0.446824
1.40206
0.260662
1.00262
0.175656
1.78311
46.3046
4.09862
0.421113
13.3355
4.62094
15.141
19.9784
3.15893
23.6517
20.5273
4.68811
1.00495
0.891597
2.24089
1.49008
8.3892
2.78868
19.4291
11.802
19.2832
3.41208
8.46516
4.70615
0.646017
3.05227
1.17949
0.95954
36.693
18.1249
14.9167
0.0667977
0.00652191
0.0505635
0.103079
1.13886
0.0395526
4.25953
2.37549
12.1753
13.0888
7.43851
7.82247
0
128.845
2.84669
9.36021
0.167779
3.12252e-09
5.04227
0.818258
8.54639
5.72352
4.87825
0.992671
0.0058711
23.8119
5.25052
0.0202666
0.220844
17.8279
1.9403
0.521153
3.35041
2.76151
22.7013
0.0339043
11.5035
0.989215
2.04253e-07
3.5957
0.0424764
6.80583
0.618288
0.33371
1.16342e-07
17.7018
1.02867
3.25971
8.66019
2.42468e-05
18.2696
19.2481
17.3601
18.7811
6.295
0.0138833
12.237
50.9786
13.7471
31.6397
35.9822
2.9575
9.27344
2.53385
1.34515
1.03478
11.1516
0.401212
13.7137
18.8729
16.7536
9.97933
40
33.7272
32.5388
19.6062
24.0197
29.4091
15.6735
11.4676
18.2907
6.71028
2.22579
14.8731
7.07683
8.61429
58.7163
2.05564
6.73487
79.2358
41.3984
9.87429
4.44527
4.54391
3.82025
1.56155
5.08269
6.54483
20.7948
30.0105
5.88887
22.2238
24.5557
10.6338
5.97317
7.58625
10.4667
13.0208
23.4518
17.0553
0.602791
1.33377
6.22242
7.71209
13.3248
16.3499
42.2351
22.5455
1.42899
0.539033
1.94099e-06
5.35844
9.44092
3.00768
3.45759
66.6456
6.91285
15.8381
18.5177
43.5389
33.8859
20.7086
23.3353
2.01802
10.296
1.6132
0.0708688
2.4117
2.82181
7.04201
4.45296
0.897463
2.56672
0.28159
1.02019
1.66361
0.0114338
2.75586
0.462741
1.17929
7.79251
3.6312
6.8167
25.8453
8.2073
1.24773
21.1519
39.7004
20.2319
12.8627
5.96461
0.0342743
10.7807
23.3006
130.927
17.3912
0.795721
0.402242
21.7727
0.958195
0.0312535
1.97651
0.00352095
38.9775
77.0573
31.7351
14.8695
72.407
33.4793
4.80487
33.5791
0.00532599
30.5986
1.88345
13.2821
1.66199
20.6641
22.6208
22.6718
30.2644
4.47105
31.9425
15.3683
5.89378
13.3485
10.3851
0.893251
1.24456e-06
36.4777
0.00297308
4.89223
0.613745
1.98289
0.902233
16.7755
2.46725
2.89172
0.0083328
3.00585
1.06112
0.710217
0.764258
5.05935
4.39096
0.0377728
7.21498
31.6273
3.11307
0.527227
4.46857
2.81604
4.88551
9.38799
31.8004
23.3522
0.228659
44.4574
2.92842
29.6121
103.766
50.993
43.5422
63.681
22.2541
2.38525
1.98994
21.7161
1.13383e-05
0.278255
5.86052
0.0765838
2.29104
7.88857
7.5521
82.4441
0.382416
2.6557
1.72019
1.34731
1.23887
18.3308
42.6979
3.13438
3.77405e-06
9.68238
0.0132896
12.3868
8.1794
2.3022
28.8692
0.950901
18.2588
7.70485
2.82578
2.45726
36.5954
0.577621
16.5755
22.9307
110.568
3.91472
1.85929
52.4684
24.3777
34.3366
29.1371
1.56671
13.5597
52.02
0.717148
0.625139
0.0199519
3.99167
0.181354
0.979068
42.1357
5.33024
3.20256
1.84259
0.0347523
0.551798
3.32151
0.714089
0.720077
12.4502
4.60833
6.67746
2.76668
1.20681
3.08583
0.256518
0.715484
0.0014149
0.000278159
3.05215
0.721353
3.54596
31.999
0.0291226
35.4118
3.56708
2.8096
0.168396
16.6921
3.08353
10.5758
47.0613
0.00868263
0.0728741
0.0607493
2.1165
9.92727
35.8868
1.96227
22.2627
1.40186
14.549
14.5314
15.2975
24.0395
0.0189241
0.317515
1.02773
0.0028341
0.838313
0
0.149579
0
18.4106
44.0991
74.6324
33.8666
9.20375
2.60288
9.37903
18.9573
13.1124
29.4658
0.809386
2.39853
0.0135762
31.3256
25.4219
2.9337
0
57.7836
13.6724
1.8889
5.14842
0.746815
1.73881
1.31529
4.37728
4.22467
5.72815
10.827
13.6003
28.5356
2.70618
5.76453
1.50763e-07
0.591505
0.878623
2.74571e-05
0
0.000216593
0.0550653
1.73314
35.6551
3.56242
4.60216
2.35218
0
8.46967
2.64514
1.00193
2.00718
23.6434
5.75581
4.08785
7.50134
6.99245
7.45868
14.3249
36.7648
39.4646
38.2785
52.0878
0
4.60957
61.5029
3.54123
8.26764e-08
8.24961
4.90002
15.3066
59.1321
12.6529
26.0602
17.4592
15.817
21.5308
0.763012
7.90624e-05
16.1068
14.5617
1.05481
0.822675
1.08396
0.073244
79.7674
0.0865282
2.16938
3.41598e-06
0.493205
0.849522
0.580929
1.40639
4.07391
29.5324
8.64301
0
0.00171874
0.011211
5.01141
2.37233
0.078624
7.6445
14.7857
0.933179
40.3831
0.950606
8.45822
26.3632
2.27387
41.5345
1.90579
5.3108
1.98649
0.731005
0
0
0.0091039
0.00200244
2.25569
0.234821
0.519296
1.34932e-05
2.77405
30.4824
11.3166
57.5108
14.4544
5.03101
10.9106
2.73921
1.7262
2.10623
0
29.791
1.32462
7.29235
3.66657
11.8028
13.8956
16.6434
1.63237
9.30967e-05
9.86795
2.08259
11.9914
0.0283406
0.451374
0.48055
15.6813
15.1511
3.18294
12.1025
8.81729
37.814
1.29939
0.00287054
0.221939
4.71666
0.460244
0.000866087
0.434145
0
0
2.76227
4.98464
0.501991
2.65303
1.43057
23.3754
9.27729
4.41171
16.0551
4.51158
20.8633
0
0.638627
3.35346
52.1088
8.26786
9.63442
1.84169
0.24003
0
6.65211
30.7263
0.562262
24.8225
6.98129e-07
16.5296
11.7503
7.0239
6.41664e-05
11.1578
1.76942
1.70337
15.0508
0.166582
1.00056
12.7423
1.78921
0.498323
1.09149
4.83229
0.161827
0.490644
2.06682
7.06579
4.22989
0.873836
1.6162
21.8595
0
45.8826
0.00459939
3.11131
0.00628411
1.19211
0.00150286
0.0839126
4.88017
1.06499
2.2716
7.34362
6.43239
9.01992
3.07485
0.207861
37.8282
19.2603
1.70015
2.81694
0.451021
18.6863
0.881586
8.09956
13.1556
7.66986
13.8799
6.00602
30.0988
15.2067
15.3377
11.5652
1.31591
13.7367
2.81294
0.358348
7.91038
2.29098
10.4142
5.93556
4.58451
17.1195
0.0342481
21.386
0.29308
1.02974
0.194787
0.572798
0.625704
29.0155
5.28793
4.91545
3.11052
0.971825
1.19692
2.40863
12.2797
16.0276
1.95827e-05
16.6764
29.646
6.80339
0.0404636
3.14157
1.08749
28.1332
1.03734
19.2795
48.0567
0.275512
0.00900365
16.4085
0.0126449
0
37.3129
16.1355
28.3141
0.0756997
12.1439
53.7137
1.29817
2.84083
4.77662
33.4777
0.638079
0
45.4468
1.10878
0.663513
0.0151196
6.47263
4.67095
3.17014
14.9481
0
0.00200269
0.0104943
4.49769e-07
28.314
34.27
1.80691
4.26079
25.1753
12.1233
23.3513
0.214156
0.0243001
0.823742
0.200525
3.51316
0.838169
8.11489
0.251265
0.00172505
12.1393
0.0351122
9.23947
1.94386
1.84682
3.17217e-07
0.574392
0.0114089
0.00171687
9.51441
12.3702
4.44526
20.4855
10.5148
0
1.05478
0.79629
0.262503
8.55651
4.08465
3.80509
0
0
3.52718e-05
3.33229
2.86619e-07
0.00269276
2.19288
3.45211e-07
4.5229
26.3896
0.0547679
2.33225
0.291769
49.8616
70.2799
7.09662
1.06936
2.81155
2.11006
2.59708
10.8436
0.721495
1.37014
13.5101
4.57748
1.27137
0.111628
14.6824
15.5301
1.14763
1.4239
1.1355e-05
19.5498
0.0204063
0
2.83791
24.5252
0
22.6228
1.04965
11.348
0
37.3838
21.822
21.593
39.5986
7.05965
6.56379
47.6888
6.18198
0.257038
0
1.33802
4.58721
21.3863
9.38497
10.1536
1.55506
1.20763
5.56009
27.4472
30.5542
37.9927
33.54
0.993175
86.8899
10.1655
14.4626
52.8796
13.4643
0.0930288
2.09992
3.22298
19.5602
0.749003
0.127819
27.0531
13.4589
0.669094
7.93427
2.15908
0
46.2566
10.7559
31.9744
0.0205015
5.67604
2.65295
4.19831
11.9242
50.1983
11.0563
34.9195
32.4805
2.60194
0
0
0.799523
13.9101
18.4098
11.078
14.8606
13.9449
6.58553
7.50728
20.1534
17.4073
38.6242
32.6664
16.1864
6.13193
22.5455
2.79987
0.261436
0.00320855
0.697607
3.47031
3.71185
1.02271
1.80694
35.3367
8.85488e-08
1.33198
9.07086
12.8592
7.9275
15.173
5.04547
14.1775
30.7793
2.57878
0.888748
5.53829
10.4095
10.7611
3.63435e-08
3.31664
3.32756
6.7866
17.3872
22.0815
18.3381
1.09865
1.79481e-05
2.78638
19.1612
18.8711
7.41494
5.91559
4.41804
0.181207
0
0.959504
0.0665231
0.340429
26.2321
0.924123
19.4382
0
21.6883
2.93046
1.82365
0.104917
0.000436038
6.10752
7.95525
38.6593
15.1974
0.552678
0
10.4325
19.9917
2.62691
0.684367
22.0182
10.0745
5.34425
0
13.3264
4.8912
2.28981
8.88863
0.791908
0
7.17146
0.266695
0
1.03931
0
0.148799
10.7828
0
2.28337
6.14752
7.0493
7.91086
6.39843
3.97369
15.5037
1.02768
13.6108
0.288938
5.06753
4.61546
0.000394396
0.602841
9.41929
5.54381
0.0111839
0.709118
1.08033
34.8153
29.2325
1.27265
30.0232
0
7.17577
32.2537
32.6218
0
3.92988
5.89733
33.4629
2.44846
2.19737
2.22764
0.780137
5.56047
0.503103
4.88126
0.120737
3.15322
0.294722
2.39547
9.74067
1.04333
0.565693
0.148657
9.82262
0
3.06976
10.2219
1.28266
5.27017
4.27423
4.7639
16.2793
9.02238
0
0
0.125029
0
0
0
0.534952
0.168221
39.0046
5.38055
3.56655
5.98792
2.66271
0.0470455
4.66388
12.7549
0.349583
11.6113
12.6549
16.6893
18.5103
22.6483
10.9666
10.5609
0.17902
12.1655
29.1771
24.5554
48.5768
20.338
3.64416
16.7473
5.77905
0.0211512
11.077
0.809814
0.541693
13.3373
0.0116749
0.124551
0
0.0348209
0
0.0361195
0.0247234
0.0543538
21.2645
4.44301
1.30888
0.250358
1.94321e-05
0.442596
0.00320185
0.000215418
0.0178027
0.00151214
0.426924
6.81741
3.22934
52.4362
33.8438
1.33483
0
27.8962
16.2683
1.11585
0.724277
29.4675
4.09385e-07
2.09711
6.48425
0.153635
2.50194
0
1.60463
5.07246
7.43718
1.0832
1.66078
0.840494
4.12142e-06
0.507254
3.49652
11.4709
19.8166
0
9.65604
1.68949
3.05407
0.973006
0.103704
11.6756
0.00228746
0
0.0395084
16.3962
17.6032
4.29674
10.8094
33.4197
5.19783
47.7898
38.4527
0.853577
21.7717
0.586559
4.48485
0.336611
7.03648
21.3665
8.56358
20.7886
1.065
1.10619
0.175503
0.439263
1.14237
0.844641
2.22004
0
7.80397
0.674873
8.54978
1.23543
0.021106
33.1595
0.180225
5.63275
1.65186
0.351341
2.30358
3.10231e-07
0.0357329
0.451193
9.04228
8.34488
4.45991
24.6468
10.3462
16.1966
0.0178102
15.3083
37.3075
0.00977307
5.18157
0
4.85296
0
8.57913
11.0573
1.62305
8.92696
2.88449e-06
15.5605
6.64372
15.4071
1.46379
1.30914
2.42487
0.0156459
0.102903
0.00324173
0.0213362
3.84155
1.00603
0.000551133
1.71138e-05
5.96076
7.0732
24.3201
3.10871
2.82163
2.21846
5.85922
20.8076
0.00168667
30.4678
3.14605
17.5517
3.73394
2.565
34.3693
67.5217
0.93677
0.573627
57.0161
54.7128
11.958
12.3564
6.34372
32.712
10.279
7.03461
0.394568
5.35654
10.0492
5.88014
13.3383
24.0152
8.69561
10.7814
19.0989
11.9058
27.4169
2.15087
0
1.69234e-05
0.000943036
0.641552
0.749352
0.0205638
8.76885
0.0975194
35.699
0.748919
3.21489
2.97555
0.872585
1.00113
14.1934
0.110489
3.71228
30.452
17.2448
9.82961
37.4959
18.1626
2.17922
0.411663
12.8884
37.2688
23.2625
11.924
0
0
4.76658
5.86287
0.783936
0
11.3329
0
0.3941
2.25432
1.10123
0
1.13349
0.658733
7.54827
1.00231
6.34708
0.657618
59.1307
0.0365047
0.0312784
1.93529
2.89621
0.00551639
18.7565
11.4855
0.0390419
5.83061
18.9797
2.79313
1.03105
36.1561
2.19667
0.931812
1.22275
0.0275723
0.0430508
0
0.000213041
0.0168147
8.50868
1.30757
3.63126
0.000623691
0.561331
2.22499
11.8972
0.787236
1.79537
0.0872833
2.89576
1.40783
12.9973
6.97795e-08
30.5161
0
43.1931
0.984258
2.94824
14.4061
1.05017
2.42031
3.64781
4.27752
0.000131454
3.51056e-07
30.8745
10.5574
3.37264
11.5306
4.3665
2.8177
0.376682
2.88966
0.372295
1.69793
0.218294
1.57775
1.57651
4.66234
1.65911
37.5709
8.50574
0.587844
1.33688
1.21992
0
0
0.677224
8.13855
0.000168586
1.11693
0.00492797
0.65359
0.413592
1.07609
1.74514
0.871429
1.0035
0.0160796
0
8.66442e-08
3.74284
0.429615
0.00230605
0.845293
0.915495
0.105435
0.000947196
0
1.94645e-06
1.12642e-07
0
12.8151
3.35121e-07
5.34455
1.10784
0.875903
1.14688e-07
31.0782
2.45293
10.7299
1.05226
0.768117
0.19595
1.77162
4.50391
2.19874
0.0990552
0
4.12333
2.40609
1.50571
0.821857
9.09148
0
0.630182
8.39729
0.747934
0.000674124
13.8249
0.126136
0.706391
0.00479689
0.0518097
6.18615
0.00114498
0.0455694
2.63122
0.077887
0.000229086
0.574586
10.834
1.45637
0.127485
1.81948
2.80313
0
0.194347
0.583621
0
0.696336
0
13.9063
1.1118
19.9191
6.23996e-08
0.0344131
0.00286764
4.67114e-09
4.56833e-06
0.0158116
0.00202533
0
0.281595
13.4616
0
18.8669
20.5367
18.7808
52.7054
0.450859
19.5837
4.43826
20.802
2.60508
0
5.99854
0.016747
13.5102
0.039103
1.02153
1.73445
0.876859
0.108449
13.148
7.17434
0.00349382
0.055881
20.3541
3.28609
5.44216
6.14982
3.69935
32.9548
7.95113
25.9589
1.3136
5.21761
15.684
0.94838
23.2411
19.117
42.0159
55.1837
10.6693
16.573
34.7898
16.773
64.2715
58.8951
53.9249
6.2395
8.45297
0.517179
9.23016
7.02177
0.0499951
0.209516
0
0
11.496
21.9932
7.94298
0
6.46153
0.652572
0.809247
4.00196
1.8426
6.01606
2.83367
2.64195
10.1165
9.51187
11.8084
0.716214
5.58759
0.704608
0.226802
4.19121
11.5519
9.70167
1.53133
0.0454077
0.000543296
6.56057
0
0.283626
0
0
0.992078
3.21792
2.07259
0.200598
1.29706
0.961766
3.06654
2.61758
0.349363
0.0771495
1.88436
0.699481
0.895062
0.172663
0.55097
2.0349
0.0471515
0.211588
0.675413
0.131175
0.152906
2.74712
0.0285067
3.21203
0.0591665
1.63154
2.51179
0.765097
0.00466975
17.6903
0.0158866
19.528
1.41224e-06
1.92645e-06
0.911244
6.72489
0.0716758
1.28347
4.78293e-06
0.379382
0.114305
5.48747
0.675186
0.057226
2.76152
0
0
8.57951
1.41441
15.4593
0.959292
2.84321
0
7.58368
38.2224
0.037387
31.5281
26.1872
25.5893
29.2059
33.5328
36.1912
21.0662
66.2637
42.237
34.9592
19.2033
0.0356485
0.16312
36.1409
17.5965
33.509
42.6064
23.9758
20.1304
3.03928
17.9743
22.0847
67.203
14.161
21.0087
38.3583
27.7376
24.3489
19.855
0.0546313
20.6711
0.0493293
10.7438
30.4224
122.373
101.968
6.00702
22.9185
20.3788
20.8494
0.43492
15.0628
15.0091
15.0099
12.2932
57.8077
57.198
16.8259
23.4746
30.6611
38.4553
21.6526
44.3155
1.00052
38.9773
28.5194
22.3632
6.54097e-06
30.144
13.4556
1.59117
3.73836e-06
0.182285
0
2.95708
2.06471
6.45925
6.35751
14.4039
0.186282
2.33737
2.4315
1.64642
0.871197
0.887531
6.39228
0.53281
0
1.80294
3.85768
0
2.96622
2.48432
0.904606
1.88218
0.494651
2.25949
0.849466
5.50181
0.185105
7.28151
6.10311
3.84018
0.933672
2.13023
1.84923
16.8125
8.53952
47.3086
17.1117
27.9409
13.5352
11.8456
35.9025
21.1965
25.0929
12.0511
26.0782
20.5895
2.49361e-07
10.7387
8.3805
23.0571
0
16.231
0
2.79041
10.657
1.402
12.9331
16.5721
20.8094
2.63857
12.0427
0
0
2.56895
4.20761
4.97562
0.00506933
2.24766
0
0.925806
2.45921
0.00255445
0.0236593
0.00383775
8.4619
1.03178
0
0.00639652
5.442e-06
1.39726e-07
0.00269185
2.44011e-06
0.897577
60.9784
1.46821e-05
0.0152138
2.74673
0.618782
12.4763
2.75794
0.0243803
3.38537
26.4532
14.113
3.0034
22.6242
0.161677
2.9435
0.0397064
2.09853
1.49836
1.57338
1.79848
11.2258
3.54908
39.3888
2.64433
0.0371542
0.00533025
0.818584
0
17.897
0.761953
1.45153
1.65651
14.6237
0.0181385
11.0711
6.35814
3.52285
15.6629
11.6736
13.7312
0.166838
5.3552
10.2536
1.90587
3.22344
64.9011
2.05963
0
9.41725
0.738176
7.82554
0.948271
21.4749
4.46999
4.40968
1.86102
43.9065
3.89255
0.466926
5.22583
4.0574
14.17
33.1606
30.374
34.4612
2.12684
0.0328473
1.21177
3.38772
3.15427
0.000658225
8.64122
18.8176
36.246
29.7697
1.02167
30.9465
38.6836
3.28938
28.2572
2.69565
102.245
7.56968
2.29651
3.1451
36.3861
13.407
23.1336
31.246
5.01158
0.490595
0.134427
0.0516272
0.00149102
1.2102
1.52277
0.0705409
1.30096e-05
10.7753
14.6071
32.9672
0
7.24973
0
0
0.0182205
0.619969
0.23136
1.57186
0.176273
0.000356381
4.77583
0.0185867
2.32635
31.5329
0.482397
18.351
2.35708
11.7996
0.976037
0.0915679
12.6743
0.41361
0
21.0129
5.72735
10.6826
0.714527
5.98506
5.2097
0.730028
5.33098
20.1191
0.027384
0
1.45898
0.071663
0
0
20.2288
0
19.8297
8.29681
30.4804
0
0.0213253
0
0.903631
0.0187478
15.523
16.8825
32.0921
0
18.881
14.1603
13.9563
10.9561
3.81954
0.623752
30.5391
0.15098
0.147641
0.888866
0.0584366
0.000977905
0.0010702
0.00877006
0.0273775
0.616102
0.0166318
0.00170107
1.43585
0.893486
0
0
0
7.46737
0
1.16676e-07
0
7.35553
0
0.0533944
2.00112
0.433922
0
12.4278
7.81986
0.00155383
7.94469
4.4366
0
0
2.00214
0
16.0848
1.2914
10.5975
0.863213
14.1352
3.36953
9.77091
6.21939
5.72353
14.234
4.87764
2.69121
9.14795
8.21852
17.7734
6.79984
10.3176
8.99748
16.6562
12.2812
13.9559
17.4404
14.275
19.6485
41.454
26.8858
13.5937
4.86644
16.3356
9.45522
9.24967
7.01208
5.53407
9.284
13.1772
9.71895
3.35367
0.789751
0.881493
0.999635
2.18002e-07
0.00988209
0.000109935
0.173867
0.378778
24.3392
21.4593
1.61446
0.900035
5.2022
1.81611
0.991804
1.29836
3.87236
0.163516
34.7101
5.32977
1.0804
0.211926
31.4966
39.808
3.86469
17.4516
4.91544
5.14342
16.7561
2.30926
18.6237
0
14.6937
11.5429
13.0757
7.03931
7.79083
8.06558
11.1352
6.68522
4.71446
13.1669
32.0172
17.6954
10.9219
3.56476
3.29266
14.5792
29.7235
4.53377
69.6552
5.16494
20.8461
11.8537
20.4021
10.5386
9.99955
19.0032
21.7718
29.6909
15.492
22.0937
12.3838
14.3493
7.92917
0
0
0
0.761283
8.49549
10.0745
11.4006
10.127
12.0336
4.72907
9.1154
10.1722
13.7535
3.46989
14.6123
27.8563
7.88924
3.11016
1.82161
9.37873
1.7463
2.196
47.1018
4.71386
2.88622
8.75217
14.3736
16.7308
0.57224
5.50861
5.97266
12.1938
8.7759
15.7414
13.7325
5.31446
11.1519
20.6854
38.6902
51.361
27.4192
23.3724
16.7767
0
4.87047
0
5.3326
12.8732
5.50615
8.0967
0.00349917
23.1488
24.9169
24.9197
7.0878
14.2223
11.7289
20.307
28.1246
0
0
0.00153701
87.1388
59.3676
43.6477
7.50474
116.382
4.13693
20.1336
2.34759
4.10518
0.0697786
11.8187
7.64686
1.72396
19.2665
35.9958
46.6774
15.1482
14.4664
0.0113109
60.6993
13.0624
28.7223
7.37576
6.13582
23.8051
23.8223
13.1688
28.0177
36.4619
19.712
21.1747
26.5057
2.96644
13.6841
28.0306
74.5739
6.79294
36.5507
10.4231
16.2593
7.83831
43.988
13.4781
22.6367
41.2266
28.6513
76.7348
9.10423
9.93314
1.08955e-07
12.8203
0
10.5777
20.1752
20.4076
7.87387
12.5141
6.69783
15.0712
14.9773
9.29266
17.2982
17.7431
6.84298
6.30511
20.7277
12.53
18.9008
10.843
12.9759
10.1633
12.9862
11.885
12.2809
0.357866
14.9648
4.03697
23.5225
4.18938
18.5884
8.63403e-06
3.65648
1.80589
16.4575
11.8589
10.0451
3.18355
11.3723
22.5412
23.8688
2.90478
10.5021
11.8427
5.17709
13.0919
4.7835
6.36983
1.43082
24.0838
0.640502
0
3.95351
3.7429
4.13498
5.57972
5.32279
5.16525
4.16332
0.225904
0.179607
2.28905
1.03327
3.21635
12.6447
9.074
1.45832
2.58853
1.09018
1.38765
2.37325
2.45224e-05
0.0863031
4.177
3.07124
1.49615
0.724021
1.8498
2.31635
0.0386097
27.282
0.152406
0.834433
0.940932
0.979845
7.50139
0.885256
0.6305
0.608408
0.0331919
0.887523
0.0274812
28.156
0.956169
19.3001
1.96574
20.598
0.348486
28.4172
0.141812
0.0317632
31.9119
1.41173
44.1518
22.9539
62.2072
0.102961
10.3031
0.048681
0.325381
0
1.5111
6.72837
15.6468
4.93548
0.131081
17.9098
0.00537643
1.28781
1.28607
1.04103
1.45681
0.0912411
1.97478
1.43245
5.39162
27.6926
35.3289
0.691752
15.5678
10.2417
0.236356
9.8144
20.1227
5.47696
13.0347
1.27244
20.8498
18.605
11.6959
1.85832
1.68572
2.89778
1.0476e-05
4.08567
39.6669
0
0.71677
1.08332
2.63554
0.00117318
1.4239
2.72515
1.85817e-05
0.12184
1.64358
1.49615
2.06804e-08
0.580625
0.913294
3.6303
1.53879e-08
4.45301
0.0110226
3.17153
4.98676e-06
0
1.20974
0
0
0.805761
0
0.861542
0.023343
1.87483
11.2541
5.33051
16.1534
25.4622
24.5746
6.36628
6.71978
1.11016e-06
0.379084
0.0141379
0.0390822
0.843054
4.40877
6.70984
0.682084
0.00715851
7.67407
25.1609
24.0158
21.0042
3.15752
3.90411
3.06422
2.32448
5.74919
23.9664
14.3615
6.56723
25.675
5.76692
4.07661
30.3553
16.6082
15.2713
21.0565
0.742489
31.3141
10.5177
118.423
0.0199725
97.3624
75.4979
8.45869
1.26159e-06
2.6084
0.0747101
0
0.933031
0.00172039
1.54126
0.0632756
0.0763677
0.0135044
8.08682
0
5.6047
2.60539
34.1253
4.21872
5.46717
17.9924
6.95008
7.55534
6.0123
2.58277e-05
14.5865
15.7289
15.6375
4.78459
13.973
10.4422
13.9783
0.61183
2.70781
0.879418
17.2236
11.5488
5.03797
4.68509
0.86483
4.29426
22.2335
64.1549
4.79051
8.68471
5.10268
3.43832
3.95382
6.47869
4.651
2.78604
1.5681
0.361083
3.20759
10.045
3.72533
2.91879
4.32523
0.791404
3.52068
13.4664
4.61467
13.9074
3.07946
53.7867
0
16.081
28.298
21.4064
35.237
22.4228
21.6091
1.27186
3.08282
0.0384411
0.483795
5.17025
1.34512
0.975238
4.77111
2.54192
3.58581
8.35107
8.91763
17.807
56.1345
9.69435
12.7684
0
0
0.709742
7.06515
1.20743
12.6438
4.63216
2.76085
0.014842
0.190718
0.776397
0.474433
1.62463
10.0752
3.70756
0.00740049
0.527597
2.36989
14.6335
30.0239
14.7255
1.6397
39.0288
1.28329
3.17023
0.971105
100.168
0.740357
27.2744
0.410409
1.47174
10.9123
3.01426e-06
0.00534908
0.473952
1.13143
0.0175364
0.58342
0.908358
0.675518
4.81592
0.755022
0.201957
1.04888
0.361406
1.9788
2.03128e-07
0
2.67007
8.53549
7.55344
3.22121
0.000158661
1.22546
6.5505
0
0
0
0.0138029
29.1301
0.701343
17.0798
37.0311
19.5681
22.3061
58.1818
23.1208
49.7549
4.85955
14.2875
7.02204
1.33861
14.9846
3.87295
3.14728
0.10968
40.3734
0
26.0223
16.1571
11.325
1.60118
7.61251
12.7918
2.60844
27.6852
22.1832
11.9986
27.1909
2.66358
43.8111
0.796519
10.4624
7.28143
0.20807
17.5764
8.29698
1.24431
1.77732
0.345897
14.9395
3.1615
11.8785
10.2663
4.22434
0.119131
48.7689
41.0266
3.84106
3.30265
10.4894
8.69314
25.7288
4.41352
20.5687
2.23969
6.97226
15.5901
27.413
6.07764
13.1608
0.092397
6.63513
27.9597
70.249
27.8174
13.6312
21.6551
14.3686
13.2927
12.4095
15.2711
11.7355
33.3075
21.1233
9.43525
73.9381
23.0188
7.85656
39.2166
16.7579
0
16.7546
28.0638
13.7996
7.99983
41.803
0.150045
50.5353
67.4484
2.8883
0
1.07192
57.1553
25.6447
35.7861
31.9321
8.34129
33.7124
25.8594
6.52759
20.2946
55.5255
25.1592
3.77813
31.3789
40.5427
27.0958
18.9044
58.2457
11.7473
34.9888
26.83
41.5522
55.0361
0.260815
60.8663
24.5403
19.2307
22.9716
22.7512
38.67
58.0226
25.6874
2.15038e-05
19.9322
29.9366
21.3946
0.606052
13.1328
11.0189
6.84242
21.0668
10.6664
14.2392
13.9374
3.05714
0
2.09999
0.526648
20.9415
1.32805
6.8801
15.52
24.4637
15.6024
14.06
0.105945
14.7063
1.62688e-07
8.05868
7.37224
3.05354
3.151
12.7678
23.9632
24.5558
53.303
18.9697
6.02682
12.0068
8.44933
0.0784573
9.3624
12.1403
15.3926
0
6.98552
11.1329
18.7013
9.61279
3.79836
17.9405
15.1993
0.595489
9.7003
9.86403
9.61249
7.13054
8.1054
0.618995
3.28991
16.5408
21.5425
0.109194
5.5453
2.62945
2.17679
1.99897
25.3162
2.42022
12.199
26.4045
14.9606
21.1168
14.7607
0.74376
16.4761
3.50373e-06
2.89944
5.6495
7.40858
1.25897
7.83178
19.381
16.0743
8.69167
9.48574
12.2398
39.8256
24.1327
9.73028
9.25835
14.9852
23.9047
16.1785
20.6899
9.29366
13.1268
27.041
0
9.69143
24.2911
22.0993
4.15224
1.72248
12.661
3.26894
22.7081
12.6861
19.2425
19.0246
14.6433
33.993
13.3689
15.3333
14.3792
13.1232
9.08785
11.2255
16.242
11.513
0.605257
11.0491
5.97112
7.90413
23.6519
0.0063692
0.479527
13.6854
1.46773
65.5127
18.9607
0.117376
15.8424
0.737836
22.8025
7.35118
18.2412
1.02809
4.836
5.4765
5.22787
12.2237
7.994
6.04136
5.41203
1.4741
7.76653
14.8916
6.31422
3.90374
8.52528
8.84546
12.1113
7.14243
8.6208
7.60746
2.10217
13.1365
10.0631
5.72427
11.6104
24.5926
20.9017
0
15.5058
0.398587
11.7099
4.42451
0.9558
9.19507
2.90412
1.73864
79.3934
2.95737
79.1159
4.29158
34.8458
3.20499
2.04337
24.7196
0.452645
0.526807
0.0369252
1.66161
0.00903338
36.5545
2.06493
9.94947
10.6197
22.3625
28.6536
14.604
10.1509
27.0108
7.06717
17.4673
41.5919
1.12455
93.1103
47.4826
1.98629
27.1007
1.6492
36.4532
11.3908
1.19764
28.4303
2.53724
5.04951
9.72859
3.6333
1.28154
0.00046389
0.606013
0.0367943
10.6796
13.2564
14.2039
0
3.1358
19.4271
23.0832
12.8426
10.069
5.74471
13.2892
16.9587
7.35046
7.98001
5.595
2.10483
10.1892
7.31627
6.42542
13.7055
1.0394
14.2312
12.145
19.6882
14.3956
9.21932
8.34026
60.763
6.05134
18.059
9.3258
88.4513
8.03277
9.12499
8.80579
9.81426
11.0848
5.27294
3.3422
8.11118
7.00064
3.96511
5.45484
8.22163
7.67866
133.847
12.1599
43.8424
12.0291
0
22.3884
54.0706
2.02837
0.257437
0
1.96715
3.8238
0.74496
0.146132
0.0615259
3.68516
3.40013
0.530867
0.91093
19.5982
0.816635
6.53251
14.7471
0.0852547
0.336861
19.5337
0.264322
14.4203
0.119662
6.51363
3.26886
0.000593829
0.877347
0.164034
4.70545
0.0399461
0.574732
12.7605
9.04855
0.895393
0.926688
0.687204
0
0
0
0.0886848
8.00063
84.7323
30.061
2.40983
20.0672
3.36266
15.1239
6.29874
26.3108
18.0449
18.3453
27.4379
27.451
8.34788
11.0707
10.2116
30.1567
15.9022
6.74579
5.63025
56.7566
6.13931
25.8121
17.5386
24.8325
1.36525
52.6954
0
4.09292
37.64
14.6146
6.73671
6.11463
4.56905
5.28942
3.2652
0.0559481
2.06133
2.31653
7.0006
5.64041
13.6857
25.0183
16.7395
15.0307
0.656271
3.26055
5.47026
6.28972
11.6122
13.035
15.1613
1.12926
29.1695
0.663349
8.49166
0
0
3.42867
0.746625
1.20888
0.106724
5.27138
32.7465
30.2111
15.552
3.65265
22.2037
8.07992
22.2299
21.0573
11.5434
0.000978026
0.233933
8.12346
8.40495
3.08054
11.0304
19.7813
3.78669
17.9695
24.8204
2.94261
0.0338396
6.97364
27.263
3.94714
12.4947
13.7874
6.60533
33.5703
5.90147
0.837392
7.17059
0
1.99563
0.91063
3.30755
7.67877
2.18741
0.02853
28.2232
5.24598
0.366015
0
0.0988326
0.00133016
2.05668e-05
0.0956987
16.4086
7.25754
3.63991
0.636677
1.68768
1.24425
54.9067
1.00318
62.3153
36.2162
0
40.3021
9.8734
1.56186
1.13277
20.679
15.1474
0.187677
0.216566
1.82794
0.926244
0.113779
0.0408449
0.359841
0.29847
23.2881
15.804
22.6798
16.914
6.27543
4.23932
0.202725
22.7245
6.13781
2.88157
5.09372
13.2096
18.2316
8.00066
16.1521
6.11219
22.4047
21.8369
12.1103
4.16357
10.754
3.02219
24.9023
13.437
5.67268
40.8075
24.4104
14.2061
3.64267
7.80196
46.2227
0
0
0.00849945
0.00222495
0.621955
0.0059483
0.0879856
1.59329e-06
1.6151
1.64461
1.29043
12.1485
1.40035
2.66956
0.319546
2.73607
5.89043e-05
25.1276
17.1984
17.727
25.0159
42.5495
57.3341
17.47
6.70144
0.416519
7.01063
22.4939
3.3557
14.4034
6.53208
3.17104
1.23552
29.3086
3.79702
17.0585
7.82458
7.60648
10.7817
18.6794
2.41875
25.2426
1.52522e-07
5.60219
0
9.1553
4.10596
0.0106318
15.5447
6.92636
0.611589
41.9204
3.08086
15.3186
8.0791
0.0543122
14.2004
23.5386
4.35611
13.3448
21.4139
11.5778
8.35775
10.5196
14.7086
5.07275
5.37061
0
26.9437
2.93287
5.35886
6.18577
5.0048
1.93721
4.6796
4.93673
4.12054
2.4566
3.10747
2.73657
1.29597
1.06426
0.83251
9.034
0.966812
2.59677
1.21927
1.68266
0.000256072
0.179903
3.49401
1.9677
1.51589
1.07233
1.65613
2.14426
0.0299852
0.085921
0.623658
0.634418
46.6354
3.39572
35.1578
17.3989
9.88467
8.00948
29.2563
0.210924
1.06349
0.836116
15.5769
0.151897
9.92915
9.92443
14.0199
0.414155
3.82138
10.7181
25.4783
33.5356
9.66422
73.5732
10.3002
7.70583
19.1488
30.1844
1.5026
3.4426
33.255
0.00559752
5.22961
52.2263
0.884967
4.77073
1.35008
11.5689
2.56088
9.72776e-07
1.14572
0.0013138
1.25677
7.07617e-07
1.90716
0.0817877
0
21.5497
6.0635
38.0096
5.2045
0.97807
18.1677
11.8758
6.34561
14.2481
61.4298
22.5852
2.52613
0.317769
0
14.8848
3.42337
0.701764
0.00428651
0.981866
1.15457
1.59151
15.5282
0.701587
2.03966
37.2292
1.28376
2.91202
0.184351
0.000249966
11.8716
14.5533
0.000209757
0
0.178649
0.386895
0.121674
0.733204
54.5233
0.185987
0.17915
12.9408
0.387932
0.995597
4.94653
0
0.0200909
0.903999
41.2409
55.6426
0.00836405
0.111195
0.955669
0.259335
2.76445
0.467117
0.538287
0.0135381
0.960022
0.103765
0.0545863
0.0217597
2.09878e-06
0.00981477
0.210362
1.34902
0.458549
0.860548
0.0225334
6.10822
0.458036
0.00585527
4.9795
0
0.151569
0.675223
0.256775
0.369633
0.122475
0.948327
0.0107233
0.0433453
1.43661
0.104038
1.94874
2.71741e-06
18.6922
0.000118546
3.35847
0.618092
0
1.78541
0.684997
12.6415
0
0.036618
0
0.283178
14.55
25.1187
2.66703
2.11007
9.18855
0
8.69906
28.8926
8.21053
4.84216
1.32647
10.2647
8.82081
7.93424
3.12722
0.155784
0.000982939
3.83569
3.70296e-05
4.7107e-05
0.0454479
0.000178911
0.525856
7.45666
10.8836
12.1094
16.5067
0.844764
23.3348
7.06234
1.87327
13.0111
0.498038
14.4417
57.9395
10.018
1.61533
9.15186
9.19561
0.191493
2.17538
0.99633
2.05303
34.7046
7.96892
0.393821
14.5099
0
0.179551
5.56938
3.56994
0.589298
2.02059
11.3366
0
2.01919e-07
3.2294
0.394948
0.150342
0.105505
0.910167
1.62335
0.00380506
2.27485
10.3443
6.26273
0.487397
11.7925
36.1829
0.047107
0.639291
1.90677
0.638938
1.94281
50.4629
8.78362
2.6727
0.0926959
2.09162
146.946
25.0031
33.1786
0.0153728
12.1156
41.5676
49.5437
88.0974
2.96168
0.124909
38.4209
3.36561
90.6519
2.92177
10.1954
19.1645
4.23652
1.93144
0.0646547
0
30.476
1.41569
2.38863
14.1553
14.0313
0.216092
10.1079
15.1404
2.51951
22.5619
1.4335
7.82344
23.9999
1.34897
4.95565
25.9031
12.0038
2.85765
5.3982
14.753
7.96511
7.44304
16.3737
13.1192
9.18886
15.6566
23.4381
0.920829
18.2571
0.0103837
14.9107
13.1296
15.2489
24.156
2.45089
0.952263
1.63533
0.471865
0.232983
1.43599
0.304249
0.776716
0
4.15271
3.36353
1.53951
0.15564
0.519042
0.505984
0.985395
1.10264
0.00287967
36.1996
10.4805
0.528395
0.0828665
0.0419449
31.9478
0
6.29928
50.0403
3.5939
4.377
18.4901
18.1635
0.000514577
9.59235
0
0
39.6751
0.0189939
1.99868
29.2159
6.4231
0.808454
105.507
3.26231
0.173326
0.400203
0.26832
31.4665
5.51613
0.754136
57.299
16.9776
3.71001
21.3168
24.8688
12.9349
17.7673
9.34108
22.8789
37.1358
51.1121
64.8469
32.4497
63.1449
17.7578
5.58722
0.860088
3.52557
0.422322
6.07393
6.27731
1.02465
10.691
8.32537
33.1096
4.62337
0.163531
1.07543
0.0261293
1.60522
0.905592
1.0132
0.664302
0.990335
1.13779
0.415105
7.22878e-07
0.654805
53.2948
34.8661
0.919035
15.4197
24.7692
32.4302
13.0792
3.26959
8.60311
2.7145
7.75561
0.67837
4.73583
4.84144
3.89482
23.2937
15.4674
29.012
9.2852
19.075
45.1499
18.0457
52.0074
18.4247
30.0431
54.5196
26.2924
4.83458
0
1.65497
0.000155771
4.04247
0
0.120273
24.9199
0.955211
0.827327
19.9146
34.4235
45.3976
13.415
15.5178
5.7287
0.662782
0.0849682
0.954061
0.155272
0.059838
5.34745
2.58825e-07
0.972036
0.175124
12.3351
10.1232
30.0678
31.5827
27.7997
6.714
1.03394
0.0247092
4.21568
1.76308
0.0920424
7.24193
1.4969
5.08725
1.07836
0.0864961
18.6592
0.71984
1.42385
3.1905
13.1656
3.93835
6.96078
5.73045
4.92006
5.93503
1.35277
1.27806
0.812206
7.55917
11.7332
0.247411
1.12818
0
18.9578
1.39038
0.0161464
1.2388
1.68311
37.7045
0
1.9169e-07
52.1279
