11.2427
10.1936
5.26849
6.89936e-06
1.78629
30.795
0.359986
18.6123
2.15006
25.7133
34.5444
0.810569
3.27594e-06
3.0741
21.907
0.881527
5.55976
39.9827
34.4027
12.1783
17.3953
0.471735
0.960404
0.876991
4.43881
4.3935
11.8544
4.68896
37.4017
0.0411876
0.78238
2.75513
0.20965
0.74648
0.917934
0.346123
5.03479
20.3483
7.33507
24.4127
18.502
36.503
4.16157
17.8214
1.10783
10.0423
5.06965
0.00229269
0.247275
8.53306e-06
1.45822
0.0966193
27.3733
2.97988
7.68493
2.98611
26.7856
3.32722
1.50583
3.09332
12.9002
0.274744
13.1112
13.209
8.99166
1.44639
3.2054
3.63981
10.3993
0.909717
13.9417
0.430635
0.00467806
0.846373
2.89999
2.97537
7.43851
3.55846
0.000515018
2.4348
1.61079
0.948647
0.0161184
1.22602
32.7353
3.19265
17.356
8.48425
11.7747
12.4385
12.9471
11.9035
1.47123
11.0255
8.02685
11.2796
12.3222
14.458
3.38548
0.344925
5.16642
12.3567
6.64503
13.4165
9.49141
8.19898
11.7303
9.25285
2.76205
10.0282
17.4719
17.2144
23.8946
49.4779
33.1915
14.2806
6.78333
5.83701
5.54818
6.45133
11.147
2.96081
5.26695
4.10729
0
6.22389
7.05392
0
0
1.79857e-05
6.58826
0
7.41088e-08
10.3805
0.327573
19.1938
9.1683
4.44155
0.00404179
4.86956
0.00196503
0.0617045
0.684313
1.60105
1.08618
1.30541
0
0
28.1291
91.1668
2.34469
0.813328
0
0.0211624
13.1322
9.59271
20.7945
17.9873
26.5814
2.49461
11.6473
29.4141
10.6217
15.2571
0.00334239
1.51036
5.10317
2.61284
1.05014
0.583127
32.4016
3.71151
2.7047
0.151783
1.27616
0.0145393
0.097075
1.49135
0.0351667
0.774055
0.084047
24.0565
0.0188784
0
15.3332
12.9258
29.2847
5.55383
25.13
45.3989
34.3786
32.8024
25.6808
34.015
6.63203
0.0480044
12.359
6.4618
17.7362
13.955
46.5345
117.882
29.5986
58.7945
14.0656
5.25028
23.248
7.41196
87.9662
17.2198
35.3344
40.5303
3.00045
45.9115
37.2596
48.5946
6.3374
41.1303
40.4024
14.7977
0.646718
6.76312
39.3908
6.04304
29.1631
28.1802
27.3711
38.3784
48.0387
1.56877
3.16053
4.1245
23.4117
1.207
1.31466
3.23374
6.36671
3.9918
3.87395
5.0218
2.94615
5.7
4.19776
1.35782
1.40174
3.08569
0.39691
0.129545
0.904332
0.777556
1.1639
5.9237
1.20936
0.260987
0.151404
0.0138948
1.78373
0.0505352
0
0.000274729
0.0388191
0.138746
0.789869
0.00260832
0
0
0.000102299
6.37157e-07
0
0.000961587
4.60044
0.117461
28.5497
0.849235
0.0988581
0.247507
0.0718767
0.990453
11.2738
0.114897
21.8613
0.0667167
0.552689
0.0165921
0.84746
2.18037
4.12632
2.19451
0.325512
9.26425
0.0188703
0.294437
3.94833
0.185787
1.7004
0.518118
0.824124
33.5934
10.292
13.2466
26.5365
9.46275
5.49388
7.6079
3.07197
35.2219
10.8922
11.4979
3.75322
0.926922
5.64849
2.75838
2.35458
12.4114
18.4376
31.4678
39.8621
10.4017
15.6026
17.6561
0.136549
9.16191
4.17903
1.85028
27.9116
16.875
3.44418
0.0479952
0.654119
0.169582
0.0200385
1.82553
0
0.12643
2.64284
11.8027
7.70358
8.51281
6.15504
0.925454
41.5764
5.16305
11.2323
0.468198
3.18062e-05
0.701462
0.860349
5.61467
7.25853
5.91773
1.31948
0
28.1947
14.1548
0.00606634
0.85766
6.75466
15.592
0.0726061
2.93087
1.23953
9.87902
0.0195979
5.65077
0.756082
0.00569296
0.524435
0.150718
7.19944
1.34228
0.878251
0.301332
23.4745
4.10579
7.68145
10.4195
0
21.875
39.0315
40.6451
26.0582
13.3329
1.95453
16.872
32.4097
15.4028
10.2938
21.622
7.25751
7.0791
5.64815
9.06905
13.1036
4.02927
1.87915
36.7255
20.807
11.3533
9.36498
20.6202
10.5351
28.1876
21.4627
22.5777
38.5254
15.4824
12.1614
17.2238
13.476
8.08361
20.6895
21.8013
13.9176
19.3295
10.721
10.1456
71.2142
22.5562
22.8129
1.23427
0.991404
12.3287
8.66343
15.5115
14.6394
36.4309
22.6731
17.1392
26.1894
22.3755
41.9086
14.7037
30.076
26.4813
28.6345
17.0067
37.8491
0.724606
10.8244
14.9803
22.1863
13.0118
23.0377
13.8443
22.4727
4.64418
5.55928
0
4.86749
2.94656
13.181
4.14877
39.4886
12.3634
42.8681
16.4823
34.225
17.1992
20.8944
10.3781
8.31263
6.02302
0.00279821
1.60581e-05
5.02331
1.99542
17.0091
3.61041
0.00149174
0.531035
2.39464
2.44166
1.81659
0.221489
0.259329
1.10052
1.75071
10.3624
2.04515
9.58824
27.7491
11.2986
2.63463
19.9609
21.8789
12.7856
9.05768
6.52494
5.02155
31.4039
15.468
67.355
22.7797
3.97195
1.18917
21.503
0.00440629
0.000635765
0.834685
0.0324589
36.1379
64.8436
22.9607
20.112
46.449
18.2307
15.7182
15.4863
0.00468457
4.96942
10.9414
5.09656
0.863926
14.1344
7.48477
21.4626
32.6707
8.58799
15.9808
10.0205
6.42235
25.8161
11.2194
0
0.00502224
24.751
0.00222548
5.78554
0.611281
1.01326
0.165686
7.98168
1.65638
6.57657
1.31092
6.46057
0.198686
0.018069
2.29296
27.7405
4.22883
0.102636
9.4498
10.9514
2.10136
5.9486
13.955
8.24758
20.2291
17.9932
37.3202
29.6525
0
47.1865
0.889992
29.3207
34.8445
30.8206
21.4808
18.9459
2.73399
0.596205
0.000150942
25.3615
0.910806
0.103321
9.38232
0.31443
4.34478
11.1816
9.11252
28.5271
3.57797
4.63655
1.85367
3.71903
5.86926
28.0237
50.1862
12.2361
0.51549
6.61095
0.565418
15.3145
12.2586
1.92104
9.9513
2.52046
9.80498
6.37119
3.60988
3.65302
12.5399
0.0113668
11.8754
14.3652
46.343
1.26318
1.07683
36.3742
10.5408
16.81
12.9543
0.351564
10.1555
31.7869
1.11098
1.08408
0.162485
2.46575
0.220993
0.89298
29.5564
20.187
18.6356
1.38676
1.74764
1.22672
16.9474
0.263926
2.09614
1.36862
2.8829
1.18555
1.51639
0.0617157
0.0780139
9.01953
0.199308
0.468308
1.94105
1.40396
0
2.68352
15.6549
0.250996
17.1349
11.7631
4.05058
0.782961
5.53002
2.69222
7.79016
30.5708
0.658605
0
0
2.18469
16.8255
68.4964
0.988635
23.6087
7.96573e-06
10.796
58.7294
16.9812
21.8542
0.0648663
0.0404481
2.75317
0
0
0
1.09267
0
11.2213
19.8353
19.5262
13.3697
21.8198
0.870092
9.66807
14.4124
23.9692
39.4073
0.00238121
4.8369
1.09661
27.8347
27.0684
7.29976
0.000417422
24.084
17.8478
0.00455342
14.7479
1.10437
2.31633
2.77658
12.8535
10.9676
10.2684
14.5575
14.2623
16.0184
4.53938
9.88181
0.887486
0
0
0
2.02613e-05
0
0.010867
0.0372118
19.8718
1.91588
1.51592
7.61409
0.0245042
15.4765
11.9274
4.85251
8.09754
5.12731
9.12044
8.48527
7.97555
4.92388
19.973
34.8138
24.1702
28.3606
33.2154
39.7775
0.919696
4.43148
52.6723
4.19493
4.01034e-05
10.8692
0.013754
19.3513
127.712
15.6465
19.9022
13.6495
14.7867
9.70428
1.93095e-07
0.0231466
26.5164
31.4478
2.08413
0.75605
0.0593218
1.59518e-06
28.0878
0.000122147
0.00932513
0.0467212
4.49571e-08
0
0.429754
6.30288
12.8299
17.4797
3.97503
0
0
2.12103
16.4918
13.0316
0.0597862
2.86011
30.3169
2.57651
41.8414
1.26082
11.8216
32.2108
15.0841
36.8427
0.996605
2.35864
4.14138
0.232903
0.000158263
0.0132415
1.94132e-05
0
1.0152
0.0312268
0
0
6.54152
19.7795
7.44561
36.6944
17.5215
2.89519
11.9397
2.48909
3.06888
1.94188
0
15.3426
1.48039
8.39101
2.0269
30.6039
14.3184
36.5675
2.36506
0.0221823
12.1939
0.00319656
18.7906
0.879809
0.221377
0.0304608
23.4852
21.2357
6.23161
7.27229
16.2275
23.9846
2.93173
0.0110696
2.76129
14.1948
4.67761
0.339927
0.860535
0.233769
0.207747
0.971107
18.7802
8.79992
0.620202
6.73416
22.9585
5.72151
13.0913
14.4995
7.9136
59.7811
0.793377
0.986591
5.36797
26.4546
11.9834
9.39711
0.216027
1.34817
0
8.14303
16.1028
22.0914
19.3412
0.194469
16.3761
22.79
15.887
3.24203e-08
18.7457
2.02552
0.868236
12.4963
0.0407985
1.73269
14.0926
1.26644
2.28888e-07
0
10.9
1.00568e-05
0.679484
2.5672
12.1531
8.84393
0.00651677
0.0832357
30.2703
9.94493e-05
48.384
0.388466
5.84584
0.443514
0.0107203
0.911247
9.9597e-06
9.95543
0.0823141
3.87814
17.0148
14.3122
15.7797
8.84154
0.035417
22.5809
11.8575
3.65986
4.17249
2.6318
11.7115
2.6858
11.6197
23.1406
16.613
9.25589
20.674
29.7239
11.5442
11.3624
21.8704
1.11704
9.38945
3.8253
0.658975
10.3151
6.24736
5.1064
1.00526
3.54662
5.09348
4.60755
13.9932
2.34347
1.24001
1.28974
1.1182
1.1189
32.1554
14.2775
19.3442
14.6784
4.57715
1.97989
3.0637
21.6256
24.0838
0
29.1278
14.956
9.71151
0
0.710015
0.527297
22.0774
1.03335
25.033
12.5647
0
0
28.1322
0
0.000136565
14.2034
12.9574
11.4481
0
16.4516
20.787
2.61776
3.37333
6.05746
14.1132
0
0
16.6737
0.137099
2.93369
2.70477
5.65542
8.85225
46.6422
22.7058
0.326626
1.00523
0.0213809
8.12992e-06
41.6134
22.3848
6.91655
5.06878
18.4125
25.1203
21.6712
0.33351
0.0123633
2.84299
1.03188
7.39166
0.920494
5.60445
2.77311e-08
0
24.3217
0
20.5557
7.4915
2.29396
0.856373
0.283212
0.758637
0.394057
4.41016
31.1306
5.65772
44.6251
22.3822
0.270596
1.00245
2.87074e-07
0.912959
3.71511
2.59377
4.56576
0.0105107
0
1.28017
1.5457
0
0
13.3964
2.54501
0.587902
19.1047
3.89268
1.06672
3.09379e-06
20.3664
20.8746
1.96774
2.05501
3.41009
0.663443
3.04811
17.4554
1.29146
1.78905
21.2511
2.308
0.427566
1.51917e-07
19.5248
14.0306
0.244874
10.4903
0
11.4742
0
0
2.29312
34.2602
0
40.2576
1.33488
5.72796
0
29.3187
9.61804
9.45942
21.7665
9.72058
6.3238
74.0865
14.6284
0.0440116
0
1.22971e-08
13.4099
24.396
14.5468
16.5794
0.827671
2.02805
2.04703
23.0371
48.7614
23.0407
35.1946
6.00723
28.3025
19.4937
16.1573
36.1134
24.8854
5.07564
7.90305
16.9519
11.2071
0.425892
0.0410093
23.2116
37.811
1.57461
7.43784
5.65903
0
23.3247
20.6545
23.392
0.000686888
28.8871
16.9893
8.3747
12.0434
24.1222
14.3482
37.1295
20.2242
19.3886
0
0
0.324985
26.1432
30.523
27.1019
32.3745
23.5989
15.9873
18.5155
39.1721
36.656
121.96
98.9128
37.001
7.97089
12.5321
2.33769
2.74301
0.342349
1.46054
3.77664
3.6649
0.271083
0.856977
12.7742
0.757187
1.88343
6.8224
17.9217
23.5831
34.6134
7.67447
36.9915
17.7469
2.51282
4.43383
9.03872
21.9808
20.0592
0.00104447
18.1062
7.78353
18.514
36.0222
29.2092
32.2284
0.0230364
0
2.89211
19.6165
14.2258
4.17552
3.84119
4.14305
0.0999526
0.0245531
0.0449846
0.0046984
0.105863
17.8075
0.00377126
16.0834
5.16799e-05
11.2439
54.2381
0
0.0593087
1.19754e-05
13.1302
36.6948
26.4589
32.1038
1.48838
0.108524
40.8896
27.9864
6.29157
0.434051
19.3993
49.4993
48.5543
3.61682e-07
16.2576
26.0261
6.01655
13.5112
0.521837
0.382643
10.649
0.00123931
0.175361
1.80444
0.437564
0
28.3414
0
2.70653
19.1952
8.05358
16.1874
12.1877
4.56279
24.9564
1.56596
22.5182
0.0383776
12.0722
11.1313
7.36865e-06
15.3278
14.9415
24.8137
9.76055e-07
2.24675
0.182806
34.5109
21.832
7.7849
30.9818
0
20.5319
19.6982
35.4768
0.0215289
17.0371
2.66808
53.8917
11.0778
1.2156
2.9178
1.51077
14.3701
6.52007e-06
23.5419
0.103614
0.693394
0.133617
0.342765
24.4501
0.00677572
0.520339
1.03827
18.5844
0.000559398
11.6172
14.9365
0.248769
7.99014
0.359892
23.4977
19.0355
15.4883
0.917233
1.32704e-06
0.0234782
0.00349729
0
0
0
0.188639
20.808
8.03552
3.38488
12.6139
12.2019
2.68648
13.9453
9.41807
1.31312
15.5215
20.9985
22.5464
20.8428
26.0238
25.9912
35.2249
1.6647
22.0027
49.778
38.5378
37.917
41.9036
8.38397
35.6325
31.2686
0
17.5858
0.02816
1.02979
23.7468
1.54772
0.0375191
0.0301597
0.975619
0.106269
0
0.0518806
1.34683
17.6131
1.39085
0.733969
0.0298784
1.42691e-06
0.584576
3.42716e-07
0
0.0170958
0.766708
0.126541
4.11351
8.38775
77.7506
29.5506
0.0137318
1.47485
13.0366
26.5769
0.00809301
1.06748e-08
30.0667
3.0225
9.79707
46.3082
0.353869
0.467611
0.0635428
0.82895
17.3512
29.9997
0.00642149
0.409385
1.12967
0
1.93405
0.730376
23.7681
11.5758
0
9.92997
2.84854
1.09607
1.59572e-06
0
14.9054
0
0
0.902038
21.9454
60.1369
8.58634
6.23917
50.0098
0.902807
30.6188
41.7176
11.8393
19.0398
1.45168e-05
1.34403
0.0876202
1.93934
9.24381
8.13186
16.0658
1.22819
4.3727
0.798161
0.00227281
0
0.0178906
0.000195958
0.45183
1.85908
0.541098
16.067
20.7839
3.06438
27.3119
0.611863
8.39911
1.65246
0.764098
2.85564
1.69301e-06
1.20735
0.0388934
7.50011
6.71832
14.9197
33.5576
22.1869
18.0098
0.958552
21.7512
34.1293
0
11.5428
0
0.461323
0.141329
6.40234
14.6939
0.103382
1.03537
1.221
2.40829
8.07874
12.965
7.06848
7.57413
8.19818
0.750223
0.732873
0.416982
0.0379643
8.71545
7.48929
0.00611255
0.000254324
4.8986
6.41371
19.4151
3.42067
0.226512
3.83573
12.515
5.96957
0.00143127
27.8948
0.117594
22.7615
4.8173
4.98378
42.6781
35.0643
2.48966
0.919728
20.2365
35.349
5.17545
21.9359
4.85508
31.1754
4.17489
7.48703
0.12992
9.81034
5.25803
10.5378
16.963
6.31466
5.83272
5.45664
6.7693
6.68038
19.6889
6.56148
0.000371636
0.0623456
0.748226
1.47509
2.13466
0.860753
8.23257
0.744322
42.5194
0.659022
1.90054
0.947167
2.42954
3.93804
16.8156
1.15811
1.76797
33.5198
25.5023
10.4073
32.0959
11.6442
0.721375
2.97629
24.0125
24.0215
29.8003
9.9321
0.00384931
0.0472426
12.0992
13.662
1.44281
0.12813
12.8718
0.00274274
1.46401
1.28351
1.47836
0
0.320632
0.00356137
14.8291
0.966957
9.34462
0.00520106
69.6098
1.22621
8.40834e-08
2.7651
10.6643
0.0197607
6.74909
8.68939
0.000362425
16.2357
29.0773
5.10658
0
85.5025
0.43008
1.68594
8.54435
0.154134
0
0.0436127
1.24679e-05
1.21316
11.4479
0.308468
1.93178
0
0.00247094
6.2043
18.923
0.0846189
0.219086
0
3.13429
4.26571
1.89084
0
31.1154
0
42.4004
0.102476
1.62906
6.49131
0.994074
0.0400132
4.2781
0.985566
0.969878
9.35183e-07
29.4647
10.0567
1.31759
9.65079
5.19724
4.83083
0.908283
0.236859
0.521879
0.704641
0.185531
1.88915
1.09969
2.71927
2.24295
44.9746
12.9096
0.294541
3.88332
1.38351
0.00291355
2.49117e-06
0.343718
5.50148
0
1.6555
2.9602
1.60524
1.40226
0.292597
0.886486
1.71634
0.362872
0
0
0.090179
2.05289
0
1.1834e-05
0.87055
1.8436
0.0809069
0.093146
0.165512
0.00367544
0.000587315
2.68214
31.1591
1.82945e-06
1.9319
5.45096
0.134899
5.50407e-05
34.761
2.27548
21.9123
0.30409
2.36385
3.4584
0.937967
2.97042
3.61304
0.707684
9.68493e-07
3.68916
0.291055
1.34253
0.740106
21.7556
0.0198232
1.02107
9.84343
1.81397
0.977703
20.0163
0.0531843
4.47108e-06
0.654099
0.54619
5.63288
5.69244e-07
0.010448
1.1025
0.988988
0
0.000129612
8.27665
0
2.00616
6.0335
1.93379
3.53777e-07
0.238678
1.29027
0
2.15425e-07
0
10.6113
0.133228
20.1374
0.412932
0.349957
2.74524e-05
0.437961
1.35687
0.0688936
0
0.18436
0.00696671
13.4401
0
16.4591
14.1015
14.2001
48.745
0.674746
25.7701
15.6526
24.2742
1.61556
0.0468707
8.73058
0.231448
21.1547
0.892566
0.975931
2.53216
0
0.997718
21.0635
16.3202
0.438692
0
15.6107
7.62686
4.90349
12.2297
5.85048
25.7926
12.9657
51.2289
0.811914
2.98936
21.9236
0
22.4632
28.0434
39.0032
44.5874
8.20108
17.3093
16.6402
26.2707
35.7211
48.6226
39.2167
13.8689
8.318
2.49191
6.1374
12.3676
0.0244947
0.0208078
0
0
6.85144
9.22475
11.3353
0.374519
2.76582
0.146867
0.502973
2.61191
5.07068
4.14995
9.21064
1.63469
9.9611
6.03555
14.9774
5.60583
9.43062
0.488698
0.881915
6.28104
7.19598
7.37947
2.89249
0.00571479
0.0250821
9.25762
1.13736
1.40324
0
0
0.311545
1.07058
0.206405
1.48046
1.46548
1.11125
0.712744
0.0314098
0.0995227
0.936412
0.119307
0.947497
0.00331618
1.10169
0.000932432
0.52919
0.000442938
0
0.121039
0.642959
0.125025
1.02476
0
3.04768
0
0
0
0
0.0165427
13.3878
1.11308
7.63768
0
0
0.24213
22.2451
0
0.814137
0
0.123727
1.4259
17.3987
1.31488
0.0688692
2.22758
1.13926
0.0162502
4.78405
3.84078
14.4888
0.289902
0.237748
0
17.0205
18.2993
1.67306
23.1771
18.4881
15.9821
15.184
33.4724
29.6788
33.1639
41.4673
26.9233
34.0484
14.2853
0.0941697
0.1523
29.658
17.2956
19.7389
27.4278
21.0175
27.0607
7.94913
26.1235
28.7308
36.3558
4.91271
19.9452
30.8465
17.524
26.4492
27.0246
0
26.7405
0
27.3879
48.212
75.7792
56.596
5.19583
31.3082
24.1782
17.4218
2.25669
23.7044
28.7186
20.2757
19.0304
33.4578
35.7774
41.7846
38.1343
22.4788
25.0102
13.2594
18.7597
0.000350156
13.5971
10.5866
11.1175
0.0138312
12.5969
13.0087
1.05636
1.37559
1.50052
0
2.74842
1.06698
14.9122
3.22175
18.1125
2.84935
0.958174
4.33501
1.70274
1.78952
0.0149367
16.0472
0.241584
0
1.55343
16.9178
0
0.356737
3.79911
2.69692
1.26493
0
0.450476
0
3.0896
0
11.7843
7.71925
4.08979
2.39939
2.52893
10.7964
7.51709
17.8883
29.4705
16.2822
42.908
21.1592
24.2066
37.6999
17.0535
44.5141
22.6338
31.3443
13.8731
0
14.7708
16.4841
19.9696
0.000102577
33.6125
0
35.1885
26.5237
2.11594
26.4877
6.00857
19.7308
1.21944
21.1403
0
0
16.1114
2.98734
5.78487
0.0034577
3.93003
2.26978
1.05132
1.65714
1.23958
0
1.48599
16.2654
0.294165
0.798751
0
0
0
8.08656e-05
0
0
38.0722
1.31448e-07
0.0193134
0.337808
0.975475
24.8516
5.05082
0.952873
1.27266
27.4887
6.50902
1.41487
11.2851
0.181365
3.09229
0.851611
0.0460253
0.894386
1.63062
0.00039291
11.5091
2.02055
33.2077
0.727896
1.73264
0
0
0.00423648
20.3373
0.568138
1.0051
1.22016
14.6121
0.402851
9.79319
4.70099
21.9661
25.565
19.9641
16.3796
2.41995
8.89965
12.1448
3.06194
1.38743
36.5396
3.60196
0.0557966
11.7984
3.55751
9.06584
1.22664
35.8391
2.30352
1.22534
14.1471
29.1553
9.13569
5.48062
1.99273
3.38892
10.1409
6.79711
6.37665
29.0474
3.2528
0.000101389
0.0741954
1.03195
0.296918
0.156526
5.28887
22.2944
49.881
35.1138
0.944528
29.2081
24.5266
1.55868
35.2645
9.63798
88.5869
9.2344
6.42434
3.68047
72.4246
78.6828
15.5616
29.4091
3.35676
0.481534
0.263358
0.374122
0.0475442
0.227542
0.0367068
1.64075e-08
3.99327e-06
11.3667
27.0089
38.7112
0.783219
28.6076
0
0
0.0462983
1.27246
2.51641
0.151007
0
0
4.96798
0
3.25392
16.3643
0.341245
13.3305
3.17384
10.0108
0
0
18.9093
5.18868
0
23.4008
8.16892
9.86453
2.14533
32.6048
5.37449
0.640777
10.9531
26.1085
0.0114837
0
3.60387
0.220474
0
0
18.9747
0
53.0963
33.2127
39.8218
0
0
0
0.886377
0.00185316
18.4206
18.4958
29.2062
6.07498e-06
18.8152
28.5644
20.7222
6.27095
7.65289
0.663648
8.39856
0
0.810286
0.506989
0.0133793
0.0309091
3.75963
0
0
9.12286e-07
1.12401e-08
0.0152046
0.395555
0.819217
0
3.44473e-07
6.49326e-07
4.53592
1.90356
0.859133
1.23251e-06
9.21599
0
0.0344953
0.0886403
0.965528
0.0253296
10.3762
12.97
0
3.78353
4.08307
0
0
0.714037
0
14.8333
4.2022
9.55342
2.02684
16.1514
3.36253
9.81607
5.15078
5.3424
27.8371
11.4399
6.91019
33.1281
18.317
21.9515
16.3516
9.4783
13.8785
15.5198
16.922
26.5316
14.459
14.7413
19.8031
22.3874
11.2334
16.3939
7.82337
19.2721
12.5484
18.4287
11.0863
9.34505
19.0348
19.2048
14.3014
6.90284
2.34214
2.88696
3.96097
0.0001253
0.000799834
0
0
1.10138e-05
31.7832
29.1945
0.310447
2.71873
3.89079
4.74803
0.000478783
0.000469688
6.35928
0.0145926
24.8213
6.76126
1.44606
0.551029
15.4
14.685
1.39858
27.7316
18.6532
20.3081
15.8734
1.73646
17.5475
0
14.5353
16.4498
9.57517
25.6082
10.789
16.4921
7.41948
10.1357
7.40919
7.01775
31.6843
15.8287
7.66483
7.3989
4.94408
6.75331
24.8268
7.38858
45.6484
17.507
14.209
27.6561
17.87
24.4813
21.875
29.9492
22.4632
36.3918
31.4065
23.4648
26.1339
25.8355
15.5462
0.000115796
0
0.165049
1.86134
3.02814
5.79788
3.8009
5.19347
5.421
7.22035
12.0937
12.5143
16.1783
3.45342
19.0238
26.3345
9.87792
8.4566
8.41146
6.23298
19.6085
8.46172
52.757
2.79098
4.8782
5.37748
8.52567
8.03138
0.875117
2.75395
13.1726
9.67049
12.5812
8.36103
12.687
9.25282
15.4026
28.6235
18.0762
31.7297
40.6862
10.2915
4.82396
0.00594406
4.44298
2.89404
11.1025
22.1588
9.8745
24.226
3.25671e-08
26.5811
33.7016
21.1811
23.1036
13.7097
22.2315
23.8971
40.4278
0
0
0.0343231
69.071
67.6941
76.8991
3.63863
75.791
2.9818
21.2593
0.014955
3.7705
1.14056
5.29781
48.6465
2.15031
8.07503
102.904
48.1272
19.7787
16.8268
0.0778823
59.7079
12.9134
43.944
12.6915
10.1207
41.3818
48.6687
44.1062
39.6916
25.5909
14.7092
26.0865
27.5939
19.7994
29.3697
43.4976
45.9498
15.688
33.795
32.4023
12.1015
61.9134
33.9367
14.0935
19.0043
24.3434
19.5847
27.4314
14.726
12.7684
0
19.2111
0
7.92382
20.2149
25.415
14.2462
14.0933
13.4937
26.6513
24.1968
15.5477
24.1217
20.3778
10.5126
5.4401
21.4383
12.7192
8.71183
12.8817
13.9539
14.2719
13.063
10.7128
12.64
0.856922
12.6605
3.91022
23.352
5.4068
15.6274
0.0071818
2.08886
1.50806
12.8841
12.9305
19.9352
0.8849
18.881
44.2591
13.8636
4.81284
4.93646
11.5914
9.70463
23.0186
4.83631
4.3035
2.48502
11.4419
5.39853
0.0319048
0.719476
3.91768
3.54447
1.32259
0.00271998
0.762041
2.53974
0.00208583
6.85979
0.47331
0.809708
0.0121541
18.076
4.72414e-06
0.115853
0.976891
0.000858658
1.40923
0.0434789
0.304975
0.541662
2.14603
1.33654
0.380507
0.000230272
0.0585367
0.552291
2.23818
14.6131
1.81088
0.863005
1.26909
2.01377
12.1651
1.14745
0.286406
0
0.536705
0.937162
0.0237914
14.3903
1.07709e-06
9.98531
0.823534
25.7553
1.4752
37.7744
1.76092
0.830072
27.1462
1.91544
32.1132
22.4417
40.1341
0.148458
13.3389
0
1.54247
1.97149
1.0428
9.10665
23.751
1.25347
1.11212
25.6858
0.680163
0.584987
3.48392
3.51579e-06
2.29406
0
2.1233
0.00150262
2.20768
4.22823
4.01421
2.31611e-07
21.6444
5.47776
0.0898726
10.6363
29.9048
0.0395852
23.8611
2.54169
39.516
22.4582
26.8347
4.81194
0
0.0341972
0.689656
6.11089
12.3301
0
1.45048
0.430774
2.21853
1.13122
0.191497
1.45446
0.0522769
0.888751
0.257431
3.47265
0.349024
1.0108
0.0570227
1.31933
0
2.26985
0
1.05955
2.85514e-05
0
3.50993
1.43403e-06
0
0.0233717
0.0461613
0.590441
0
3.64646
10.3083
11.1415
21.9086
21.4205
44.5315
10.0747
5.57586
0.949783
1.28816e-05
0.0132185
0.962816
7.85012
7.23004
11.2175
0
0.826021
16.3654
60.4365
35.1342
18.8472
5.00331
9.20796
18.5791
6.96053
6.55447
8.30598
21.2465
1.76566
13.3326
16.5962
17.54
41.1659
21.5546
11.488
26.68
2.38231
30.1816
4.28876
82.6481
0.482629
102.302
89.745
1.78815
0.0288147
0.0553905
0.902239
0
0.698781
0
2.49498
0
0.0145973
0.160783
20.5556
0
15.1706
1.86375
18.2546
4.46119
3.55829
21.1191
25.8956
10.544
5.78946
0
13.1255
24.2875
19.2602
11.2874
25.8237
22.3492
24.9666
1.04591
7.18271
0.0565712
8.85856
6.87605
13.4985
2.36718
0.699111
8.39504
17.2392
24.5938
10.353
20.7432
24.8387
9.29093
6.64559
18.6835
13.5896
4.1779
9.44112
0.0181252
15.3331
36.5661
5.5661
3.10491
33.1366
0.0493803
20.3281
3.93352
0.223486
8.12677
1.00733
29.1166
0.0204166
11.7876
81.3647
32.1045
32.8066
18.2289
27.5276
9.0967
14.0917
0
0.923379
12.6054
4.09268
4.97274
5.62853
23.786
17.1869
19.0954
18.365
28.2445
49.3441
13.9224
12.0127
0
0.737226
0.000120197
9.24547
1.99424e-07
13.252
12.7413
3.27434
0.0231586
0.817049
0.68523
1.40136
0.500846
1.80246
3.40874
0.619109
1.0237
0.452885
25.4224
10.0525
3.33487
4.12914
22.9263
1.47653
16.3061
1.68184
14.5752
1.34807
10.4381
8.48305e-06
0.677125
4.68754
0.910596
0.078036
3.93568e-06
0.148865
0.00110798
0
0.0723647
0.0145215
0.403963
0.085109
1.65003
1.00191
1.38292
2.92949
0.292676
0.0508964
2.12161
8.44667
25.1546
9.49987
0.0025375
1.08434
7.8992
0
0
0.00936653
0.0667345
30.6456
0
26.4033
33.7877
45.9799
20.9048
45.9663
27.307
38.8105
1.44866
10.1822
10.2945
0.88538
12.2981
5.09127
2.08713
0
24.6259
0
21.5616
20.9447
12.7216
15.1051
19.5892
38.6866
3.16409
44.1244
17.6359
19.8655
23.8639
2.85648
25.8606
0.21739
27.4699
8.13801
0.23764
17.706
10.4851
5.1256
0.881411
0.90046
11.4184
3.17994
9.0302
17.5086
3.70646
0.0661387
32.5618
21.6756
18.1513
8.91958
21.2809
23.3141
26.6677
8.10119
19.6092
16.0367
24.9799
36.6306
16.003
14.2195
16.0838
0.0729149
13.7962
17.5379
29.2713
16.2212
16.8655
25.9205
4.78773
5.79851
19.2709
22.3103
7.36275
28.0385
26.5783
17.9536
33.9071
30.7784
3.3659
28.0253
32.2097
0
24.3184
15.6162
7.21443
6.5432
37.1404
0.379951
24.8458
40.4257
18.9142
0
0
52.6361
28.1904
28.2533
34.3682
6.02392
38.11
30.1798
3.03091
27.95
39.6323
21.0577
3.94715
27.0878
41.7604
53.4417
24.2235
72.0886
27.2368
49.6364
18.5214
61.6768
35.6303
0.779032
61.3925
41.9222
23.1553
8.69555
29.3933
48.3283
50.658
31.3951
0
33.5994
41.5123
20.6736
0.00731425
12.558
13.3488
68.1523
24.5402
11.1021
19.4485
24.5832
1.79115
0
9.15339
4.88504
16.3591
0.0841006
11.6918
19.7597
36.5203
15.9718
17.4197
2.55026
14.6179
0.0347865
12.435
8.00462
16.2626
14.6809
19.8513
33.1846
46.96
36.8056
28.0004
15.7075
15.0365
39.5308
2.32996
27.7424
11.9462
49.0385
0.361085
11.1077
13.4597
20.9154
19.7643
17.2172
25.0073
15.8866
0.000226583
12.0948
12.4566
12.5212
14.7072
15.0943
1.38816
19.1164
18.1223
8.74464
0.921673
3.18221
1.3892
2.7259
1.15356
25.7809
1.71632
25.1068
16.3614
12.5624
21.2016
11.9375
6.12503
49.153
0
5.54925
13.0359
5.04902
0
14.2686
23.21
10.1531
20.5553
13.035
23.738
38.7601
19.8634
17.4262
13.9912
29.5185
19.464
12.0582
29.4135
18.6263
33.9575
29.0376
1.64396e-06
21.7557
18.6346
39.638
19.4842
1.91367
25.8774
5.613
34.5257
11.4556
12.5698
31.7313
22.1799
30.9657
24.154
30.5448
19.9041
10.6279
13.5013
37.6254
69.2061
12.9552
4.67904
11.7492
24.7462
12.9506
51.2302
1.75884
2.49595
22.176
7.28968
38.0002
20.4666
0.204531
19.2266
0.33292
20.6141
13.255
16.2338
0.130677
9.03798
3.84067
17.0174
21.0742
19.2081
3.6522
8.46257
1.41045
8.85009
20.5682
11.8975
9.46434
15.1065
5.30305
10.1925
3.23829
23.8889
6.8609
2.41776
19.8532
9.55807
10.876
22.4909
17.2527
9.12529
0
8.13456
0.326939
22.3782
3.00666
1.9419
22.2373
2.22277
3.25504
62.4795
2.10844
51.7679
1.42919
46.2123
1.49365
1.00471
40.8046
2.94952
0.0681512
0.297243
0
0
32.6164
8.0174
13.9382
21.8622
17.7108
31.4312
19.8676
4.07391
7.76319
3.54448
19.7763
32.3911
0.113754
45.1201
33.382
2.29095
19.9058
0.0608573
15.9784
16.4413
0.745149
11.7122
0.795568
5.31077
18.0276
1.72956
0.214637
0.131629
0.166809
1.21766
9.94788
18.6776
10.8983
0
3.04709
22.0781
19.3344
16.6548
16.6458
12.4653
15.8257
13.1157
8.93696
17.2716
19.0293
1.1056
14.3188
11.6392
12.3992
12.8367
0
12.0879
10.3692
21.7628
11.2796
10.6652
9.06065
77.3563
8.18934
24.5156
13.8408
186.967
10.3999
5.6738
15.2705
14.0758
11.6515
6.18733
10.4257
18.6944
6.78164
7.61539
7.31954
6.16565
4.11847
51.5929
13.1139
33.1239
2.12144
0.00272541
30.552
40.9431
0.862253
0.0922496
0.161302
0
5.73906
2.18641
1.11624
0.913725
0.706911
5.24025
4.24182e-07
0
17.5468
1.90192e-06
13.4243
24.0259
0
0
15.2725
1.67163
21.4359
0.613849
6.13923
5.8023
0.516065
0.00948429
0.0865694
2.30066
0
1.55498
25.2688
10.8812
1.564e-05
0.000281767
0.596787
0
0
0.0746188
0.516771
24.4807
22.0977
27.1863
9.01725
18.34
0.94603
21.5679
6.70947
21.4571
10.8829
13.5835
11.1289
28.5192
9.84736
13.0097
21.8803
19.1126
17.1044
7.40395
5.47891
28.8992
24.6221
38.9898
27.0353
25.7277
0.828594
21.0376
0
1.93435
13.5095
30.0527
16.9728
5.26839
10.7226
13.9478
9.72016
4.79439e-07
7.86975
15.2071
8.9485
21.7841
19.5697
23.3323
30.8635
18.9112
4.04454
7.85421
13.7792
16.283
20.5505
28.216
12.882
1.40986
9.98632
5.24098
2.19707
0
0
4.7285
6.34117
5.22402
0.0307764
2.55989
30.1913
44.2128
13.4257
11.028
12.6129
16.675
42.8227
11.9419
23.2066
1.57883
7.47585e-05
5.30435
17.074
11.606
11.4816
40.9914
19.5055
13.9027
18.1852
0.700943
6.72686e-06
6.47092
22.3151
36.4656
9.49245
8.57817
0.129
17.7851
10.8722
1.67561
20.5135
1.77939
5.41001
2.26421
45.671
18.9566
7.15084
0.0290994
36.4499
29.9603
0.00546602
0.0445074
1.01646
0
0
0.894259
19.6511
3.11081
8.11898
0.024128
0.470638
0
20.7129
1.56424e-05
22.5195
29.6473
2.03527e-05
32.7693
6.42398
1.75377
2.26207
15.3269
4.2823
0.14139
1.23311
0.0534019
0.007395
0.558674
1.34159
0.0466886
0.397015
6.85255
12.8316
18.2572
13.326
1.31358
3.48189
0.403593
19.4495
2.16583
5.73776
15.3001
6.50459
5.44963
21.9282
30.5723
17.4302
20.4176
41.3646
2.90314
2.66825
15.3905
2.09121
29.4039
13.1428
3.99983
22.0616
14.9466
12.166
3.34429
8.46057
34.469
0
0
0.635569
0.582619
0
0.359725
0.0705439
0
3.49106
2.78764
1.9778
6.24188
0.663381
1.82865
1.72039
5.39465
0.00375635
16.3592
15.8713
23.6618
31.7458
55.4759
52.6624
20.6316
3.6699
2.30455
14.9724
17.5043
8.18018
8.52959
31.4303
8.75936
10.2428
20.319
1.25445
11.7822
19.3804
6.14457
14.2833
36.6408
2.55626
19.7354
0.495794
7.96631
0
4.93095
2.40967
0.440945
21.197
35.5047
1.50787e-06
29.0089
8.969
21.6356
27.0488
1.78658
8.97494
25.0845
4.1005
22.7346
45.1889
29.1562
4.27194
9.42768
8.05543
8.73111
4.1619
0.0283501
28.7528
0.982498
2.79523
2.37413
1.28617
0.0128961
0.0124765
1.07777
2.12447
2.17999
3.58735
0.340473
0.0254507
0.386903
10.4045
3.94914e-06
0.146024
1.07167
1.55394
0.0453566
0.533978
0.596843
1.89443
1.27239
0.485234
0.00159143
0.254107
0.770573
1.98895
1.38637
0.66553
0.852863
30.5619
1.07987
24.3345
13.4545
1.34543
6.67402
19.6323
0
1.11537
2.77111
16.5612
0.00858383
5.37601
9.22659
15.4333
3.89182
7.46358
16.9693
24.1129
39.3655
17.8686
23.7853
78.7928
1.54156
28.6687
47.419
4.11435
2.43458
22.2637
0
2.59175
27.9678
0
8.19921
0.547494
18.2999
0.0927568
0.00364179
0.242675
0.849676
7.97827
0
0.104468
2.20774e-05
0.0175127
29.57
35.5389
11.5028
40.0783
2.66098
36.941
22.458
4.60211
35.9249
24.6129
34.6367
5.69358
8.84175e-05
0
38.5574
1.21964
1.21208
0.41648
0.284151
1.01572
0.783415
18.4312
0.755747
2.83807
31.1098
1.43582
3.38947
0.0161119
0.000264717
22.5091
25.8814
0.014743
0.0114179
0.000242192
0.0385603
0.991381
0.0218607
41.2629
0.00601732
2.08458
13.4428
0.405432
1.46415e-05
4.83888
0
0.139136
0.8388
17.7918
16.6988
0.00672007
0.0194908
0.424959
3.3303e-06
15.9864
0
0
0
3.98063
0
0
0
0.00203338
0.00271121
0.366012
1.31118
0.52542
0.879777
0.0632823
12.3628
0.704807
0.0382893
17.4252
1.54913
0.0726443
0.00303176
0
2.09668e-06
1.35683e-06
0.00160929
0.820609
0.3622
0.00208993
0
0
0.0367394
27.8923
0.229316
0.814418
0.211316
0
2.84097
1.48018
6.62396
0
0.777944
0
0.00842804
7.33647
32.1033
4.65787
4.12059
2.49535
0
4.2567
11.4283
18.0913
5.19404
0.913332
3.30408
4.50728
14.1216
5.77259
0.00625144
0.00222401
3.11369
0.4355
0.549779
3.10677
0
2.82589
6.67194
16.8495
14.3745
29.3727
0
31.9044
4.49349
6.16992
12.7933
0.00451562
17.3879
21.0985
5.68093
1.08026
11.4683
18.4284
0.782125
0.977801
0.056683
0.522701
66.0621
5.81498
0.0980065
17.2778
0
0.969947
0.11753
12.8328
0.119749
4.77765
28.6456
0
6.29528e-08
4.08901
0.491575
0.877128
0.88778
0.0330016
1.97365
0.701267
2.33362
4.53289
4.75358
1.31069
20.7153
33.4028
0.191952
0.0290752
0.0173198
0.479481
0.738995
26.2046
1.65209
3.26559
9.53104e-06
6.13482
64.0457
43.6085
30.6433
0.138026
25.4395
41.7992
26.6996
43.7451
2.88939
0.804055
31.9649
0.545305
52.3848
2.1271
3.73203
30.2906
0.871739
1.56421
1.49667
0.00688544
32.1784
0.855302
2.02767
54.8198
41.2403
0.344624
24.745
20.2349
7.39532
23.4226
2.21586
15.4086
43.9903
0.0349123
3.21033
12.6508
6.48294
0.721003
6.58401
21.4463
11.7274
18.6775
12.5308
31.176
19.8255
26.5626
19.9008
0.372074
29.1365
0.545296
7.47533
23.9847
13.7262
17.2675
0.618759
0.00498786
1.69308
1.77443
1.30415
1.51511
1.29167
1.05235
0
4.74127
6.83259
0.85405
0.885207
0
0.0777379
0.869215
2.80922
0.829778
7.18741
27.6443
0.511677
0.033933
2.94105
25.7266
0
4.52019
35.2438
9.94729
18.455
23.723
27.6247
0.105284
6.27724
1.40288e-05
0
62.6856
1.1512
2.47643
29.5046
6.02244
0.0753249
70.8804
7.03867
0.516911
2.55637e-07
0.696271
30.8802
1.93088
1.17763
48.9445
11.2299
6.1383
23.6916
21.7727
12.752
16.509
12.7174
19.843
18.1404
29.9055
20.0526
18.5308
27.6506
20.8238
10.8413
1.17282
12.4713
0.408088
2.42006
13.5274
0.0719456
10.1606
17.3317
25.6775
5.0449
0.941731
1.24108
0.00905647
0
0.205093
1.67004
0.672966
0.305041
0.00420988
0.440878
7.89351e-09
4.58456e-05
31.3888
33.3116
1.19206
39.0114
16.7094
17.3161
10.544
14.8699
19.5759
1.28317
21.5014
4.84382
8.76045
8.76014
5.05757
10.2045
11.0329
28.3229
8.44029
27.8317
22.433
44.3367
23.9113
26.3848
19.3199
35.0976
18.4903
0.872741
0.0206453
0.918092
0.00172453
2.04445
0
0.891705
18.1819
0.00165359
0.13733
31.9432
22.7107
21.9002
16.4804
24.496
13.3551
0
0.340076
2.94109e-06
0.97057
0
10.918
0.806936
0.990199
0.947847
35.142
23.0398
14.4619
12.5569
22.946
4.1158
0.0580739
0.0654498
0.870382
0.469129
0.668741
3.67235
0.183727
5.13726
1.29305
4.30921e-05
17.1523
0.524512
1.51448
1.14598
8.09595
2.63397
8.55871
4.18505
1.35163
5.72456
1.53317
0.825902
0.0668813
1.38272
12.7825
0
1.21449
0
37.9108
2.45532
0.0049722
11.5572
0.24102
26.3863
0
3.55527e-06
29.1544
