18.9899
1.71445
4.28895
0
3.54095
13.2453
0
7.62918
18.3434
7.26856
9.48453
0.0233946
0
1.62485
9.96218
7.7859e-05
2.45083
27.7908
17.4069
3.40692
29.314
0
0.0687609
0.0673336
2.56132
2.32427
3.0711
1.42425
19.3083
1.12157
0.489421
0
0.00711051
1.25372
0.0482164
0
1.62996
8.21244
2.07585
6.67854
4.94494
28.4607
1.42208
8.48531
0.636527
1.83627
3.09812
0.0680828
1.49268e-06
0
0.00168251
0.355561
5.65368
1.58477
5.9136
0.0338401
9.52833
3.7181
0.359896
0.973384
19.8502
0.136734
11.8745
0.157793
13.7313
0.000170366
5.72619
1.49358
2.22011
1.86854
9.82236
0.00815799
0.00178288
0.868137
1.49712
0.773424
3.7457
1.2397
0.449396
0.409946
0.360501
1.34835
0.015597
0.00471709
8.75444
1.09254
2.98583
2.53467
1.62999
1.73147
7.58249
0.926241
2.04685
1.62668
0.713944
0.361222
1.48799
3.15284
4.43599
1.49682
3.91591
6.99981
0.0631266
11.7031
1.05883
2.01828
0.880635
0.793884
0.260436
3.55362
4.33382
0.33754
3.7438
1.34384
2.09687
0.72491
2.06465
0.173653
1.91849
2.30532
0.434575
2.24944
0.270546
2.72776
0.228743
1.84805
2.52882
3.21727e-07
0
0.442443
1.2052
0.0948251
1.01233
2.1506
1.13416
0.00367706
1.45455
0.624093
0.586462
0.0336634
1.52301
0.818722
1.15817
3.32659
2.4095
0.00332656
0
0
13.0281
18.6687
1.87119
1.63151
0.138143
0.0777769
9.7886
5.30816
5.04949
11.7822
6.92799
1.23071
2.75178
18.7619
0.134226
0.349511
0.556189
0
0.260468
0.170978
0.0698006
0.120712
0.696014
3.60376
0.0388451
0.000347686
0.777935
0.0753802
0.279323
0
0
0.134303
1.27514
14.3381
0.0211815
0
6.71745
2.75376
21.1326
0.623073
13.4306
51.2745
14.5627
11.6406
12.3955
12.3559
2.14701
0
7.42663
2.73636
8.19479
3.19511
17.8468
19.5578
15.5327
16.9781
6.65175
2.16101
7.37987
0.679295
25.0441
4.42243
29.717
17.9182
3.57601
19.536
21.5379
19.1493
4.60847
25.0649
16.4733
3.20906
2.23281
9.00851
17.5931
0.569851
5.99586
7.79355
6.32768
10.0194
10.7474
0.0100782
0.65479
8.24084
9.23017
1.46227
4.93405
1.91971
2.52978
2.56688
2.59699
2.35087
2.24968
1.09306
5.117
0.462962
2.49925
0.227292
0.00472296
0.0219468
0.747697
0.000128057
0.1517
1.80232
0.0353156
0.905037
0.250419
0.077172
1.99288
1.0393
0.342954
0.440685
0.539975
3.28621
1.16744
0.00992167
1.12689
1.61001
0.912807
0.255815
0.023659
0
3.55357
0.322025
2.47866
0.112777
1.04941
0.282316
0.128082
0.00173768
4.57863
0.904704
7.08685
0.0015143
0.925601
0.0117296
0.00254161
0.00128754
0.100206
0.821153
1.116
47.6018
0.00493312
0
8.08549
4.1373e-07
2.43816
0.351308
0
4.60159
6.31272
0.437737
1.48021
3.87057
6.76262
4.73372
2.45657
12.1502
8.20177
0.7277
1.51169
0.147324
1.55048
0.175237
3.30499
1.19987
2.47876
2.67101
12.5777
0.581188
2.93031
0.000671635
0
0.103497
3.08586
2.48317
8.39845
10.1333
4.81521
1.06099e-05
0.160436
0.0350345
0.922502
0.943069
0
2.97056
1.60314
4.72911
3.50176
2.47461
2.94908
0.813304
76.9317
1.13074
19.8314
0
0
1.05466
3.76848
2.04374
2.00651
1.5401
1.55689
0
6.5672
4.77905
0.00305657
0.397768
0.487111
0.511724
0.849957
0.699368
0.865107
18.1953
1.03388
2.38459
0
4.9893e-07
1.3586e-06
0.0102001
1.06697
0.0340819
0.181905
8.06564e-05
8.6291
1.75114
1.31691
1.3213
0.485283
3.25242
3.83437
4.67152
10.447
1.51515
1.04324
9.51354
12.6252
1.41392
2.85767
11.2944
2.11433
6.25213
2.77056
0.897847
1.69772
0.888129
1.23312
6.06772
4.5139
5.14644
5.78516
21.1138
7.73707
37.147
12.3443
10.8568
11.9663
4.99949
2.38737
12.3873
2.06306
0
5.40037
0.854878
3.65614
27.1975
2.43205
0.565046
68.4116
7.7992
8.86728
0.906957
3.18287
0
1.40546
1.54868
4.48146
3.56135
7.25636
6.94772
4.32431
4.65666
3.68965
0.890431
4.51215
6.29416
6.46027
3.75398
7.76977
0.72997
0.000173879
4.32894
2.51399
0.968097
4.05462
15.396
8.20775
0.0342601
0.590942
0.14289
1.65544
8.59581e-08
0.967949
1.67885
40.1305
3.22756
8.74468
6.09866
19.7395
8.64053
5.76939
1.87367
0.0482598
0.0319238
0.0600663
1.99143
3.35926
0.346901
3.46287
0.691914
0.319712
1.64406
0.137379
1.19091
1.46208
0.000178414
0.512395
0.683276
0.0229036
3.02842
4.87804
4.75785
31.8571
3.7205
3.03504
14.1069
8.91197
4.64057
6.67322
7.03893
1.90582
5.79221
5.35249
35.7461
5.12094
1.20747
0.0187331
4.42197
0.434572
0.000132832
0.0125802
0.00331921
12.3768
35.1843
20.0787
13.1504
22.811
6.47382
6.04623
14.1667
0
4.88567
2.74276
4.69834
3.04273
8.51484
6.92778
14.5474
12.0413
1.93816
26.8516
3.89062
1.77207
6.27578
5.66324
0
4.29593e-05
16.8339
0.00499718
0.34276
0.0358504
2.7001
1.00592
9.68347
0.0150687
4.93091
0.736004
2.35827
0.0794672
1.69019
1.33473
8.31548
3.59422
0.941335
4.9139
6.26767
2.36748
0.0222633
1.68446
0.134883
3.22145
3.40117
17.8023
12.2165
0.625182
19.8658
0.0376736
5.13473
26.828
23.5983
13.2521
15.4435
9.63176
0.241854
0.625466
23.797
1.52671e-05
0.909004
4.36195
0.30633
3.28925
1.89961
2.31628
11.553
1.26288
1.16589
1.992
0.298845
0.821755
6.40208
19.594
0.741057
0
4.52888
0.519144
4.6067
1.94963
0.701925
9.03602
0.03875
5.90918
3.42125
0.412124
2.1875
10.0258
2.23654e-06
15.9248
12.1169
46.0284
2.33912
0.752544
46.9871
12.4151
14.256
11.3667
2.75944
5.67171
12.6544
0.102944
0.964032
0.610238
0.895668
0
4.53783e-06
30.6467
5.07368
3.76348
1.21995
0.152777
0.994411
2.66022
0.781198
0.0478416
0.0171939
1.69991e-06
2.7131
2.43491
0.783151
1.11368
0.0321023
0.0309043
0.52032
2.16857
0.0900484
0
3.01977
13.9358
0.072248
14.4148
4.09606
0.530977
0.460387
10.5121
0.908797
4.13265
3.00551
0.129534
0
0
0.26941
8.81931
19.3617
0.0152665
8.73521
1.24829
4.63867
3.50285
2.0406
13.0733
0.502062
1.1302
0.00786076
0
0
0
0.997695
0.837508
7.81056
14.2528
14.5339
17.3915
5.28477
3.68623
2.66003
3.77392
13.6125
18.3584
0.0234348
0.810336
0.0187276
4.75556
5.16588
3.25389
0
16.8947
6.98255
1.44276
3.37923
0.0921947
0.427968
1.27498
1.64851
1.28094
2.98268
2.264
5.96022
8.18139
0.441228
1.76696
0
0
0
0.235262
0
0.248129
0.530434
0
12.9193
0.323399
4.36937
0.264871
0
5.33676
2.0866
1.59959
2.53195
4.08985
9.64261
4.79691
2.23237
4.00868
5.14636
4.03725
10.4848
8.27726
22.1533
44.2353
0
2.41858
107.313
2.46637
0
3.63381
0
9.31622
32.3122
7.81282
7.28845
15.8814
6.8633
8.05642
0.0335392
0
3.28428
8.58583
0.341016
0.144217
0.874424
6.5563e-05
12.7087
1.61035e-06
0.586721
0.000117411
0.0138128
0
0.893252
0.554049
3.00408
8.86251
3.57267
0
0
0.0295432
1.89055
0.119571
0.934238
3.05418
4.50714
0.0200473
13.0155
0.634504
7.73851
8.72875
1.74643
9.20353
0.171599
3.83704
1.93912
0.893039
0
0.0234634
0
0
0.826557
0
0
0
5.12772
9.51973
5.88332
34.2214
3.16689
2.56066
9.0611
0.9978
1.46932
1.18262
0.0251971
7.83523
1.3931
6.14932
2.72903
6.2898
3.05609
6.50081
2.05411
7.06437e-07
11.6053
0
0.739675
0.0456133
0.0950349
0.938077
2.64884
4.09869
0.424517
2.81091
3.24021
12.0691
1.30894
0.119755
1.03962
0.00863124
0.406718
5.91473e-07
0.738673
0
0
0.768855
0.970306
2.48963
0.0985007
1.41391
9.28225
7.82209
6.20384
5.30218
2.7582
8.61782
0
2.78012e-05
6.45263
18.9958
4.63174
2.10712
0.241958
0.148375
8.23291e-07
4.20061
17.2948
2.94652
6.40227
0.232486
4.34324
2.60415
3.35683
0.148018
7.32495
0.0660561
1.78728
6.29916
0.0427383
0
6.07666
1.74683
1.67542e-07
0.0228665
0.733697
0.869433
1.09509
2.76557
5.88069
5.66163
0.653489
0.898414
7.84245
1.54998
19.1002
0.74832
0.00230565
0
8.66815e-05
0.498578
0.858738
2.21914
0.734269
1.79321
3.7517
2.80416
0.640395
2.02783
6.02474e-08
9.7001
9.96165
0.0534881
1.20399
0.00113541
7.62487
6.12774e-05
3.33238
4.18292
3.58069
6.82806
2.27283
15.4623
2.56209
3.14191
1.96678
1.96596e-07
1.57949
1.46168
2.06837
5.20522
1.2538
6.69633
0.984737
1.665
11.2429
0
4.82646
0.0606813
0.148294
1.09436
1.00115
0.254071
14.1708
0
0.876116
0.691007
1.32134
1.61598
0.511014
1.02936
2.46122
0.00834014
7.39542
9.36468
1.43973
0
0.00442311
0.0178427
6.99974
2.72299
6.55903
14.6514
0
0
23.5841
0
0
13.801
5.86145
8.27357
1.42946
6.66756
18.5795
0.00417691
2.83301
2.35906
11.548
0.0106935
0.123837
9.69689
0.168116
1.59491
0.182918
1.6151
0.522177
3.9251
3.65216
2.78132e-05
0.395529
0.476849
0
19.8167
9.81953
4.27314e-08
2.90821
11.9464
5.02709
6.91901
1.82425
0.00195096
1.44399
0.17048
1.8131
0.125145
1.80394
0
0.933969
2.27142
0
2.59389
2.26276
0.710689
0.680273
0.642191
0.0071919
1.43794
0.146526
9.14806
1.52981
13.8647
9.62875
0.0139356
0.228677
0.881698
0.764546
2.32455
0.874103
2.52212
0
0
0.728021
2.95199
0
0
0.831917
0.116205
0.0660194
11.9754
0.460099
0.137758
0.0253243
19.3028
18.4365
5.13412
2.73368
0.0923172
0.0157468
0.0144505
8.19387
1.01028
0.436108
3.49265
2.08436
0.701262
0.0220734
2.2449
14.6023
0.146159
0.816775
0.307387
0.241755
0.0438361
0
0.459351
15.385
0
6.87775
0.124181
2.4933
0
10.1937
14.3579
2.2639
7.76348
0.894211
3.69519
24.5766
8.82357
0.518332
0
0.0325617
2.68424
11.1459
3.78783
3.84225
1.90988
0.768535
0.83877
6.26154
12.816
6.4673
17.7688
2.80695
15.784
5.31117
1.85964
58.2351
8.3282
0.92336
0.997478
2.16663
6.79013
0.803773
0
18.4271
5.43876
0.0427604
1.04678
0.98243
0.00540918
10.6456
1.45385
7.24371
0.00809335
0.000384716
2.04452
0.226451
4.34085
10.2298
2.37973
9.49348
4.66368
2.52929
0.0935683
0
2.60531
7.55143
12.1004
7.24297
3.11687
23.0913
8.36394
3.98491
10.1922
10.5522
25.3789
24.4218
8.5322
2.75187
10.7075
0.121063
0
0.330042
1.21936
0.687847
1.56068
0.184952
1.24909
8.20695
0.985614
0.527417
0.0307882
3.99909
13.2945
8.5774
1.29481
9.55835
12.8266
0.638265
0.847765
0.924768
8.90019
8.11044
0.000528087
2.21094
2.25325
0.995378
8.76962
5.3855
16.3732
0.704201
0.00178613
1.22413
7.53138
8.43925
3.28558
1.52888
5.55529
0.561679
1.63419
0
1.25381e-06
0.00649282
12.5703
0.00286828
6.53207
0
12.9365
4.70835
1.34643
0.0005411
4.06123e-06
9.28695
4.67642
9.89349
8.81935
0.407846
0.000311581
5.04833
6.97907
0.985971
0.641413
10.6031
6.31466
6.23273
0.000176965
7.98421
3.84583
1.13105
3.54015
0.830558
1.69874e-06
2.00609
0.0955734
0
2.05938
0
0
4.95071
0
3.49573
6.58799
2.42065
0.615933
0.721072
4.08734
7.21144
1.98358e-06
13.2011
0.381639
2.91865
2.09082
0
0.535359
2.61144
0.678057
0.077057
1.69486
0.215691
20.4865
8.49553
1.08351
12.5892
0.00756205
0.165827
18.1575
7.43214
0
0.718052
3.25545
16.3482
1.72538
0.00254098
0.447115
0.956689
3.42988
0.133296
1.37524
0.136462
2.70918
0.0353104
0.744714
1.14109
9.18241e-06
0.0651358
0.116263
0.860509
0.331557
0.27841
1.7512
0.03941
2.56704
0.621738
0.55636
3.75994
1.07321
0.121238
4.79241e-07
1.72592
0.961637
0.0494054
0.000236027
0
0.0405589
21.5292
1.62605
1.83471
5.6045
4.09799
0
4.57658
10.5359
0.0181076
8.06057
11.4962
8.66716
15.6029
18.7241
11.8093
11.6161
0.545863
3.66532
16.2667
24.0713
6.55011
9.32655
0.000190061
8.33612
3.90547
0
4.27002
8.49683e-05
0.0144796
3.35739
0.656917
0.0265198
0.00241433
9.8109e-05
1.07164e-07
0
0.0165427
0.0507262
11.4419
0.65166
7.69962e-07
0.739223
0.136082
2.85206e-07
0.240353
8.70255e-07
1.74755e-05
0.0331914
0.962872
2.09141
1.90624
16.8432
15.7014
0.128006
0.283536
7.76795
4.95329
0.178882
0.0719417
7.20746
0
0.59907
5.02075
0.0622907
0.331102
0.0296083
1.78988e-06
1.31408
4.56766
0.0563836
0.562626
1.18589
3.27347e-06
0.0391923
0.0373122
3.30642
6.34938
7.39472e-09
9.5307
6.7783
4.79474
0.424809
5.0547e-08
7.95996
0
0
0.215135
5.9476
13.2062
4.01147
0.891182
10.4056
0.969177
33.01
30.704
3.0904
3.29203
0.0236763
3.34065
0.0480459
3.06904
10.0989
4.01846
5.27322
0.0259533
0.871112
0
0.91384
0.0364014
0.0069815
0.434987
0.110245
1.93927
0
0.324894
5.62936
0.117525
16.4515
0.0150187
4.73779
0.427794
7.30386e-09
0.869483
0.000939342
0.0621508
0.986714
4.80281
2.5731
5.00702
16.2144
4.80238
5.35424
0.0292516
3.99041
20.3602
0
1.96249
0
1.00645
5.22115e-08
2.76342
19.3252
1.27866
9.14975
0
32.5414
6.11341
5.76654
0.257321
0.562669
0.317545
0.00533194
1.34064
0.0877227
0.0122394
2.52089
0.0285792
0.000798671
2.30295e-07
1.68513
1.34526
2.70727
5.69729
0.574919
2.97444
3.39563
1.63416
0
21.504
0.302014
7.23281
3.41436
0.8582
17.5582
18.1748
0.346042
0.0235375
18.5461
27.3724
2.4772
10.8777
2.00023
34.1404
7.84395
6.8748
0.923974
2.95551
2.98191
1.9715
11.8071
19.1189
9.92422
2.43639
2.70661
3.57053
8.99118
5.2667
0.000569807
8.66353e-07
0.101828
1.29527
0.363581
0.404381
2.93281
0.745036
10.6349
0.000935376
1.32927
1.27757
0.835222
0.0368514
7.93726
0.0555019
2.55127
6.4702
12.2273
2.57211
14.0093
4.92777
0.76918
0.532042
8.15857
8.11695
18.7794
3.73679
0.0398428
0.015113
6.78731
2.88314
1.65881
9.63255e-06
1.67043
0
0.0127976
1.48039
7.34004
0
0.216025
0.00336096
3.25403
0.530212
1.93233
0
21.2457
0.0573081
2.53543e-07
2.61589
3.21018
0
4.82915
7.19833
0
5.77018
18.539
0.803243
0.927407
13.2357
1.17356
0.913317
0.286567
0.366916
0
0.0100415
4.05633e-05
1.09233
3.61893
0.344264
3.24936
0
0.00557027
1.51769
2.90612
0.213501
1.9332e-08
0.103146
0.555498
0.0808571
0.820727
0
10.1524
0
34.4136
0.959171
1.20888
10.6055
0.217088
0.00888914
5.08058
1.03351
6.14251e-07
5.06552e-05
6.73372
3.40886
2.21916
5.34457
5.77621
2.84302
0.234009
0.259576
0.945988
0.179557
0.461695
0.021586
0.0811709
0.108367
0.097981
16.6358
3.82081
0.000702326
0.0107644
1.00366
0
0
0.525443
2.99925
0.104823
0.925716
0.878943
0.440504
0.25461
0.403611
1.16456
0.855454
2.5587
0.628433
0.329533
0
1.12755
0.050139
0
6.17009e-05
0.661353
0.287408
0.183937
0
0
0
0
2.21864
0
0.79529
0.191182
0.00884361
0
15.5536
0.171945
3.24998
0
0.100631
0.18112
0
0.168478
0.146697
0
0
1.03254
1.71237e-06
2.424e-06
0.00703643
5.00922
0
0.5797
5.07556
0.586065
0.383026
7.65252
0.996022
0.00119154
0.054769
0.0378112
3.23399
0.00124279
2.76995e-06
2.6744
0.499563
0
0
1.84276
0.845127
0.108756
1.56657
4.52797
0
0.305799
0.0325751
0.890631
0.262097
0.0230946
2.02562
0.335455
10.5015
0.0824315
0.0207454
0.0393003
0.558678
0.0185971
0.0604087
0
0
0
3.34204
0
14.9006
9.89883
11.2572
20.648
2.86001
7.05407
0.440327
4.35443
0.316997
0
0.584608
0.0477878
5.90962
0.0812387
1.98126
0.0213453
0.0202066
0.0768711
7.2562
1.16017
0.00386338
0
11.1404
1.70142
5.03631
2.23712
1.82877
6.32962
1.72301
13.6671
0
0.911941
6.09616
0
3.79797
5.68659
11.7497
61.4547
0.835005
4.7447
11.7514
6.21892
42.0164
106.445
41.8922
1.12448
1.96463
1.14299
4.72556
4.16742
0.00427573
0
0
0
5.87129
6.56399
0.367135
0.00013621
2.93687
1.37797
0.000782389
3.82418
4.95606
6.74373
1.29384
5.3382
5.54576
12.6381
10.6874
1.87377
4.46317
0.0643002
0.85429
3.22735
6.11084
7.65752
1.59739
0.0589434
0.406496
0.483866
0.3812
0.0238252
0
0
0
0.113304
1.18449
1.52744
0.200988
0.529246
0.750868
0.0383623
1.18254
0.510175
0
0.00835436
0
0.891826
0.0419824
0.112229
0.097684
0.2438
0
0.310707
0.988659
0.000169679
0.0327892
5.52027
0.00986085
0
0.0395392
0.252407
0.180259
5.71919
0.695116
2.95297
0
0.936494
0.0161412
3.47249
0
0
0.00284514
0
0
0.734768
0
0
2.71368
0
0
1.02127
1.48226
5.34871
2.04278e-05
0.555995
0.579604
4.92805
11.3909
0.946101
15.1134
13.9456
16.4663
13.8426
24.7202
25.2644
31.8977
53.736
19.7854
20.9272
6.96112
9.12738e-05
0.0292606
7.24961
7.27821
13.9444
12.4337
8.6316
5.2377
2.18336
9.94639
11.3234
10.8097
2.33
6.80723
7.3811
5.89731
15.9881
5.07414
0
12.5442
0
14.2664
14.6709
36.7342
13.7799
0.593916
5.03981
10.4454
6.66464
0.152466
2.56276
6.23984
1.64153
3.50071
20.5864
25.8005
6.66837
6.439
10.5251
12.6329
3.33345
8.4912
0.000602621
12.0376
4.83906
4.97534
0
3.79472
1.88531
0.36197
0.240579
0.919927
0
1.69217
1.75579e-05
1.67201
0.329581
12.7785
0.796264
0.369845
0.472569
0.0513898
0.805509
0.0183128
3.57804
1.25589
0
1.33129
2.42748
0
0.581587
5.61666e-07
0.38706
2.85559
0
0.000783376
0.0294845
4.05508
1.02337
8.14373
1.77288
1.70262
0.87213
1.32834
1.67418
5.16002
1.95741
33.2369
9.28474
10.038
6.55351
6.86861
20.2161
8.15893
9.79246
2.24154
8.16097
8.05297
0
3.74865
2.1591
5.98019
0
3.92481
0
0.634861
1.22139
0.51181
1.46741
3.14172
4.73587
2.81884
3.44096
0
0
2.41727
0.637733
3.30494
0.000830185
1.7135
0
0.127878
2.52647
8.6207e-05
0
1.08636
1.01293
0.641552
0
0.0191255
0.0226134
0
0.000510572
0.645147
0.515922
34.7282
0.00467454
0.939413
0
0.0772564
6.00418
3.20757
0.21142
1.16326
12.0857
6.69437
0.833107
10.0322
1.02633e-06
1.41992
1.08213e-05
0.239051
0.104261
2.59156
1.66074
5.67895
0.214757
28.2874
1.25519
0
0.944434
0.00190703
0.88793
13.0435
0.266721
0.00322358
0.970516
10.5846
6.61718e-05
6.67056
8.06492
3.41554
7.14594
11.6117
5.37236
2.02639
6.72659
5.10247
0.676974
0.00138851
12.7184
2.39131
0.00312616
0.0181858
0.0994985
2.46577
0.0767296
5.39058
1.14209
2.93541
2.53178
25.2394
1.29281
0.708696
0.12341
0.94658
3.60524
3.78803
4.94786
37.7039
1.89426
0.689488
0.598156
0.348786
0.56279
0.0503823
4.86599
8.07166
5.11777
13.4968
0.300449
11.1489
11.3788
2.04787
3.72588
0.276618
175.371
0.154213
2.24457
2.10061
16.4335
8.28819
7.60139
9.50418
9.14578
0.928556
0.011567
0.0242147
6.30813e-07
0.0125721
1.67888
0
6.91355e-07
4.60041
7.39032
3.3086
0.983734
8.65584
0
0
0.00027639
0.108451
1.15089
1.15559
0.835981
0.0032894
2.88445
0.0622481
1.62238
5.06578
0.714012
6.02946
1.24228
1.84522
0.489843
0.00211919
19.673
0.315058
0.150629
11.744
3.11634
4.9267
0.906689
5.07952
5.81218
0.0333617
3.64233
8.60641
0.587528
4.58617e-07
1.02282
0.0318755
1.02852e-05
0.75355
10.6022
0.00584935
5.77587
4.18184
14.3819
1.17514e-07
0.726721
0.000997047
0.0194418
0.819387
6.58692
8.46426
65.2181
0
5.77939
9.74649
7.03518
3.06471
1.8391
0.000375231
14.8923
1.92489
0.352857
0.0222512
0.622578
0.00855299
1.3917e-06
0
0
0.000756653
0.000287366
0.694251
0.0249541
1.5181
0.133103
0
0
0.841855
0.549381
0
0
4.46234
0.0181174
0
0.0288503
0.87697
0
1.45215
3.29745
0
1.39278
1.84878
0
0
1.0308
0
8.95078
0.24726
3.25401
1.62595
2.56962
1.60419
3.39162
1.94402
3.18043
2.24669
4.14384
3.34948
7.05294
3.64608
6.51056
0.93798
2.41096
5.4556
1.41636
6.06081
5.36663
3.90473
4.84777
9.79106
4.987
0.828163
3.67765
7.42871
6.42135
3.7431
3.48096
0.814448
1.08816
2.20124
2.98762
0.366882
0.61686
1.14712
0.0649061
3.40007
1.48748
0
1.86936e-07
0.960387
5.19383e-07
3.50707
1.47036
0.991902
0.366661
3.25701
3.268e-06
0.0622517
0.000630671
3.33761
0.00427415
8.58163
5.60611
0.758396
0.129615
14.0971
7.51223
2.20301
8.9327
5.88577
4.75497
2.50672
1.05358
5.98983
0
9.21678
5.33397
2.79348
3.76444
1.78752
1.23681
3.10133
5.33617
2.03111
8.36667
15.5418
3.44596
2.05012
4.12972
1.49563
5.43192
35.0345
9.7787
35.5037
5.90681
12.4714
8.73562
16.6104
10.4721
21.942
8.51647
9.08943
21.2314
20.1686
11.0659
8.11566
4.86641
3.647
0
0
0.031353
1.09208
3.86868
9.11342
11.2921
13.2871
14.2887
8.50975
8.17683
8.82714
12.7359
6.38142
6.78122
7.91184
5.00782
1.86095
4.01403
4.43055
7.3345
2.21888
32.3346
1.67845
1.23024
2.63867
2.51209
5.82007
3.66106
5.35082
1.18647
3.8601
5.75378
6.68532
11.6978
5.79228
2.80257
8.52842
12.8262
45.1286
10.8981
15.068
3.51241
0
0.445804
1.21282
3.76991
4.20687
2.76482
5.08408
0.0644509
9.06651
8.82943
4.60921
5.74168
5.9955
7.48812
9.41309
22.7687
0
0
0.0203671
67.9207
33.9493
23.4911
1.82488
46.778
1.19166
5.14303
0.0886574
0.741075
1.28389
8.0219
2.8463
1.05321
4.91549
38.923
67.6783
4.25338
2.47543
0.785778
28.6846
5.50723
11.9557
2.71462
1.74674
9.9635
9.75222
7.05297
6.84897
13.0789
5.78266
14.1339
4.08548
0.246695
10.7227
12.0398
32.2854
3.84515
14.5891
6.50622
6.95905
3.13206
28.9114
4.57902
7.44679
13.7097
4.55739
20.938
4.23079
1.14996
0
4.0387
0
0.138815
4.81346
7.9387
0.615074
1.49272
2.80322
3.30278
4.02552
3.30614
6.4149
4.60777
6.98689
1.59421
10.7154
3.64005
0.939679
2.53542
5.48642
2.346
3.10494
3.36009
4.73486
0.156317
3.82399
3.00902
6.86316
2.71862e-08
12.8081
7.19502e-07
0.29769
3.35139
9.4627
4.83888
2.23434
1.77866
6.21531
12.0444
0.311255
0.73712
1.46071
0.184509
2.5227
2.61408
2.30911
3.2204
0.178145
5.39512
0.0986888
1.08432
0.949305
4.78652
2.08374
0.760258
2.05021
2.69672
2.68475
0.907397
0
2.02445
0.80581
0.261307
4.40201
2.19363
2.03633
0.324366
0.0272262
1.91719
0.168963
5.61024e-05
0.0253664
0.223336
1.34531
0.0451121
1.74275
0.0528658
4.72338e-05
0.0982102
10.8259
0.000292174
0
3.06752e-08
0
2.19322
0.128117
0.010593
0.0272882
0.757718
0.47238
0.766146
12.4247
2.46393
4.7108
2.02354
11.274
1.16823
14.6285
0.54686
1.48069
5.56796
0.0599787
10.9703
9.51835
31.1103
0.116775
8.15903
0.0013315
0.048274
0.501974
0.000779493
1.36342
6.47222
2.63049
2.33447e-07
3.12231
0.184194
1.36588e-06
1.68664
0
1.08251
0
0.736338
0.934558
2.90431
12.0697
11.6806
0
14.1568
2.08219
0.54289
7.39222
17.1983
1.3185
3.84397
0.644969
5.72742
7.31123
6.0277
0.192568
0.580825
1.86319
0.0484072
4.78762
34.1827
0
4.23469e-06
0.196995
0.332847
0.757325
0.0827692
1.16221
8.29923e-05
0
0.919328
1.20813
1.39891
1.85569
0
2.78023
0
3.32958
0.0134758
0.780679
0.700995
0.0061509
1.18692
0
0.0929674
0.000710254
0
1.14879e-05
0.896366
0.975384
2.4673
5.03425
26.2263
11.4332
16.4259
3.82722
1.20865
0.00103299
0.926157
0
0.166539
1.00211
2.17234
7.01176
0.946897
0.870251
1.0704
13.1727
5.91871
5.09207
0.0740508
3.40018e-06
2.66096
1.52271
3.9975
12.7625
5.60697
3.62377
4.43735
5.99368
0.244857
10.1713
5.57149
4.12803
7.33887
0.0870492
12.4315
3.40564
118.872
0.00276055
171.917
156.29
5.94026
1.43434e-05
1.00701
0.174192
0.00936185
0.875411
0.0254701
0.262125
0.0326898
0.492682
0.579226
8.86282
0
2.33526
1.41187
10.3439
2.50515
2.68762
5.78517
5.95032
5.37286
4.24598
0
4.24967
11.2402
7.06886
3.00568
13.9395
5.6675
2.79864
0
2.44249
0
4.60662
2.3377
8.24198
1.80042
0.917199
3.26651
6.87074
31.1498
1.58388
2.93418
1.49423
0.363369
0.408126
2.93496
2.56408
3.30006
0.723903
0.00736753
1.48579
6.06465
1.07028
0.882487
0.41907
0.839655
3.48013
3.49006
3.34236
5.80871
0.589957
24.3899
0
2.14626
5.38968
6.91976
12.0678
10.5111
21.2547
0.624639
2.63084
0.00947176
1.37317
1.63036
0.938975
0.000971101
1.35506
1.42295
1.54477
5.40046
5.53292
5.60455
16.8126
5.9168
3.64718
0
0
0.0138371
5.48388
1.60533
5.81341
4.08111
0.008262
0
1.10247
0
0.85019
0.101459
2.47967
3.7581
0.289748
0.209863
0.924062
3.47128
6.97914
4.4515
4.15816
6.95706
3.20622
0.494371
0.0996724
19.5619
1.09736
15.0011
2.68973
0.195313
7.65333
0.00804866
0.523377
0.0726347
0.148884
1.4967
1.3057e-07
0.539806
0.764207
1.17221
0.144998
0.972962
0.254017
0.156643
0.0282484
0.00446955
0.988509
0.319793
1.82774
7.11827
2.06868
0.00361105
0.918453
2.58493
3.29662e-06
0
8.51276e-05
0.144177
9.17262
0.574439
6.40454
9.95082
25.218
8.32549
18.8415
5.23699
13.7312
1.45243
8.41351
4.02404
1.5534
5.58993
1.07952
2.04099
0.0811305
13.9727
0
10.4239
5.67159
6.38541
1.02644
2.59799
7.21576
0.499081
6.68314
9.78557
4.8934
5.43453
1.38521
13.997
0.564582
1.74425
3.80683
0.846203
4.42851
5.80344
0.303715
3.09327
0.267189
10.7756
0.456743
6.00668
21.4769
3.09455
0.00131017
54.7211
36.165
3.02925
1.38641
1.36395
8.00607
8.89629
0.439221
9.70833
4.03748
4.67747
5.1182
6.58387
5.00656
3.13705
0
5.46545
5.7703
22.2913
8.39233
8.83668
6.70649
12.199
7.14651
5.43718
10.4975
12.1856
8.82371
12.8572
8.00923
16.666
7.17548
3.8443
11.7025
5.47093
0
9.195
12.3221
5.52233
4.28227
14.3942
0.00189662
17.5434
22.765
9.29059e-08
0
0
18.0466
10.3791
13.2246
16.525
0.0995561
9.84315
7.60778
1.87261
12.6482
19.7564
2.68129
1.25033
8.67028
9.11871
6.74052
4.24559
13.2651
4.07338
13.7832
4.35301
17.8176
20.3064
0.121307
17.881
14.0051
8.91218
3.72194
24.4831
13.9286
22.7899
12.7726
0
7.11315
12.7746
5.81389
0.25379
4.7029
7.23215
3.42501
9.22093
3.15448
6.01006
5.2225
0.887232
0
1.29095
0.988006
7.55986
3.99449
3.43419
7.83409
6.66303
8.41164
8.96625
0.950738
14.3663
0
7.7622
5.49478
5.37892
8.64514
3.43277
15.8406
8.02714
32.6127
8.00756
9.26796
4.38587
8.48418
2.35423
7.84415
3.5893
8.01466
8.63303e-07
6.30599
5.19051
2.48964
8.32947
1.78305
5.65027
5.05615
0.152098
3.60088
2.97987
2.09673
0.916373
4.02937
1.19189
1.40584
3.65598
4.20819
0.911028
0.684019
0.0886006
0
0.923326
7.12186
0.995462
3.27992
8.51352
4.93601
6.39512
4.82779
0
7.32425
0
0.829443
2.1831
6.54081
0.440324
1.60866
6.05674
0.908224
7.54229
1.94182
4.87102
5.2714
10.4502
6.03443
2.57503
4.93982
9.26303
5.49171
4.46492
3.75952
8.01747
14.5545
0
2.43267
5.28702
11.6332
2.58822
0.199107
9.62012
1.22822
1.42972
2.69162
7.02027
2.17819
6.69254
24.0439
13.4158
5.272
5.51636
3.51325
0.36098
3.7073
16.5247
1.41611
0.71912
3.90524
11.7675
0.878453
17.5373
1.02541
0.129628
3.44178
3.405
25.3604
4.03007
0.421798
4.5589
1.72429
2.73387
1.15466
4.27294
0
2.48357
1.28829
2.89218
17.2915
1.38572
0.476445
2.8969
0.293339
1.58862
1.81797
2.31977
4.87526
3.81226
0.00454349
1.78382
0.527738
2.15972
2.16703
0.790657
4.96103
1.77778
4.97111
4.58112
23.0412
4.03516
0
4.81976
0.0304075
15.5169
2.07448
1.0502
14.191
1.95549
2.02005
58.7363
0.476436
65.9175
1.35459
20.3155
1.2199
4.30831
13.6352
1.97444
0.059065
0
0.0082742
0.0603187
7.11593
2.38662
3.64281
3.9869
8.71387
4.15204
9.42113
3.4387
4.63624
3.50477
7.89612
18.5722
0.99516
30.4307
16.1473
1.83768
16.2102
2.77817
32.3053
8.78722
1.1328
12.9503
0.0256973
2.61212
2.3036
2.61771
0.988309
1.82744
2.30173
0.973313
2.31997
5.88039
3.95993
0
0.976664
3.5159
3.31425
6.085
2.19691
2.19054
2.50463
3.32884
1.46373
9.23871
2.36582
0.000786337
2.25043
0.649134
0.921808
0.431257
0.00150133
0.862487
3.52882
8.81157
7.15348
2.07899
2.82855
23.2934
1.36301
8.75839
3.25131
46.1942
3.67709
2.26398
2.51983
4.61912
4.63134
4.26143
3.80892
4.92937
3.14113
2.11328
1.60564
2.36291
8.56625
115.486
6.59699
38.0233
9.05788
0.00369061
1.93932
74.908
0
0
0.00500136
0
4.12175
0.454884
2.87999e-06
0.907224
1.1843
3.53573
0.714262
0.225128
4.70453
0.0107303
4.27577
8.11509
0
0
9.357
0.00108419
6.45777
0
1.15063
3.55639
0.139087
0.000231632
1.98009
0.344523
0.0305814
0.0887038
2.20257
6.04174
0.157296
0.0525429
2.05067
0
0
0
0.000151298
1.66357
4.69209
10.8993
1.26637
3.63499
4.29959
5.79301
2.97649
9.40039
5.84097
10.7494
5.10308
12.0407
1.31111
4.19376
5.74742
30.2697
16.8358
3.24611
6.04732
32.4443
5.3284
10.0225
14.0585
7.96295
2.14082
16.3316
0
0.992169
17.0298
14.1589
2.24186
2.60477
1.42821
0.742509
5.06111
0.741647
1.98705
0.906672
2.94657
4.69869
2.66843
6.07227
10.0146
3.39276
0.762551
1.09217
0.98894
0.575054
1.75971
2.14156
3.30565
0.0472541
3.75851
0.615109
3.30787
0
0
2.2354
6.51137e-08
0.827131
0.00609821
2.1855
13.075
11.8559
6.41619
3.46433
7.85675
11.7659
19.243
7.17525
6.41529
0.323292
0.0404881
3.97257
2.1324
0.359396
4.58796
8.8838
1.03987
4.37217
10.4481
0.932284
0.00331013
2.05779
9.56616
1.24382
3.67043
3.75112
0.010031
13.7957
6.99911
0.873967
4.49164
0.295246
0.0249011
0.532466
5.07781
5.8179
0.010313
0.229631
9.65355
4.27541
0.105075
0.00273105
0.00597727
0.167118
0
0.152687
3.83367
0.00093775
0.560341
0.0115011
0.152967
0
34.4107
0
47.8306
63.5582
0
35.3153
2.42269
1.05743
1.00903
3.73889
6.93499
0.540124
0.643149
0.0147273
0.0019468
0.0483752
0.0627771
0.798826
0.990614
4.49334
4.5702
7.32304
6.36568
5.36501
5.70802
0.941811
11.104
0.298413
0.0686859
5.98708
2.27835
3.14088
8.48782
10.8373
6.54257
18.5899
14.3226
1.99818
3.64784
9.1384
5.03048
16.3175
8.21696
3.26538
8.16213
5.56361
7.35621
3.66084
2.60827
20.6454
0
0.00738014
0.810636
1.08896
0.0129415
0.0352521
7.08832e-06
0
1.04358
1.04435
0.3609
1.70211
0.0379691
2.75092
1.83134
1.9911
0.0139712
12.0638
5.4384
5.03947
18.0071
8.56832
42.2872
8.68027
0.0357214
0
1.6629
4.22641
0.693924
5.90031
5.84049
0.878502
1.92231
10.2972
1.11033
11.4291
8.41166
2.69224
10.6996
3.31723
2.77398
9.97895
0
3.49063
0
8.32772
2.20407
0.245365
5.53447
3.90116
5.73909e-05
15.1027
1.60136
4.16832
5.72178
0.0377527
2.83277
7.81752
2.39225
12.1005
10.6572
12.3866
1.46535
0.398217
2.47686
0.400515
3.40764
1.42771
13.4502
0.184791
2.90583
2.36789
0.440581
4.59303
1.96538
3.42697
2.54141
1.36166
1.97419
2.02657
0.947513
0.833506
0.0708529
2.81514
1.93836
0.297102
2.19703
0.165415
0.000501162
0.140215
0.071301
1.47062
0.0587549
1.90258
0.032918
3.10026e-06
0.0160803
2.77046e-05
0
1.80389e-06
23.0211
1.73054
12.3958
11.3661
3.67289
7.05641
16.1369
0
0.476837
0
4.35136
1.30992
2.31793
6.08252
5.33674
1.22976
3.03872
5.64665
17.8564
26.6208
6.40579
8.22181
7.48534
6.42304
6.16352
15.0418
2.55867
4.56788
8.49966
0.0945478
4.58526
45.6926
0.197908
2.2646
0.0116429
3.74575
0.594431
2.3645e-05
0
0.391927
0.0990373
0.932641
0.0104326
0
0
6.32344
2.47545
38.9956
2.27467
0.668707
6.47242
4.87817
3.98308
4.36893
33.7216
10.6545
0.499233
0
0
8.11187
6.00435e-05
0.000377136
1.62498e-06
0.452351
0.38661
0.838278
7.27829
0.512517
2.88022
16.4076
0.983484
2.67794
0.277026
0.0422771
10.2162
8.04867
0.00990701
1.44421
0.0986428
0
0
0
79.1296
0.00992697
0.598831
4.62197
5.06931e-05
0.00653995
0.395389
0.0793138
0.0192687
2.36583
14.5424
14.4937
0.00368299
1.03604
0.869556
0.0547125
0.947
0.621347
0.590889
1.49665
0.0374855
1.30826
0.0165154
0
0
0
8.19368e-05
1.71555
0.00247426
0.999357
0.000176459
1.02084
0.00964654
0
2.85345
0.318509
2.25518
0.867927
0
0.105827
0.00702979
0.00172604
0.601739
0.305072
0.0264644
0.527321
0.0082153
0.0320899
7.64508
0.00213783
2.23029
2.63195
0
0.625047
2.67418
6.15859
0
0.00572661
0
0.0331365
2.12113
24.8864
4.21968
0.517375
2.72264
0
4.67473
4.01796
14.8718
0.390991
0.179915
4.26217
4.68231
1.87641
0.308537
0.00724183
0.249805
0.61738
1.47492
0.00185385
9.5583e-05
0.804357
0.245053
1.94775
5.45936
5.41513
9.75581
1.73069
11.1027
0.935065
0.797042
1.26653
0
15.2967
21.1239
5.16139
0.339216
1.61777
6.19214
0.0307341
1.33567
0.573398
1.66218
35.1035
7.03037
0.0110683
12.8478
0
0.0294745
2.47343
0.191922
0
0.485512
7.34224
0
0
3.22705
0.0897245
0.0406452
0.11741
1.00277
0.444269
0.764046
1.02613
4.76703
2.42586
0
6.99995
13.8737
0.235203
1.61645e-07
3.09963
0.307741
0.436543
13.0747
0.970847
0.270464
0
6.00207
42.6815
6.97905
8.24266
0
4.13777
10.9669
11.6904
38.5772
2.30815
0.513432
19.2314
2.44975
37.8284
1.76192
5.22791
13.2693
3.1759
0.136614
2.47861
0.208368
16.0864
0.0872343
0.184553
3.19931
6.84428
0.0478636
9.95612
1.40828
1.64419
9.15968
8.14436e-06
8.05126
9.24855
0.799466
3.86097
13.4634
9.94552
0.30361
2.63521
9.08184
4.73211
4.18871
6.17614
5.91984
2.57502
14.5483
8.60211
1.57102
5.2797
0.986822
4.58535
8.71407
4.65261
7.84149
0.573906
0.125069
0.784481
0.0593632
0.177959
4.10794
0.00471108
0.0495798
0
2.59077
4.26782
3.23956
0.140879
0
1.54519
0.0223403
0.0846476
8.94665e-06
15.3214
2.67685
0.396458
7.11411e-06
0.331578
11.0107
0.0391003
5.66142
39.624
2.25503
1.05234
9.46228
10.8952
0
2.13895
0
0.49853
26.6139
0.00270676
0.202878
4.22141
5.14238
0.792604
43.5959
4.88994
0.193995
0.134239
1.13476
14.4266
0.910523
2.54513
65.8149
6.42159
4.0829
6.19861
17.28
9.04221
7.54657
5.9311
3.14001
30.9687
58.8575
43.112
36.4725
34.3626
7.57131
4.61464
0.269564
4.00219
0.00188993
6.18126
4.92294
1.09275
5.80261
6.15907
13.7834
0.594693
0.000729369
0.689296
0.00394121
0.000526889
0.506972
0.547718
0
0.0565842
1.33163
0.612325
0.00393308
0
43.6605
30.4476
1.66762
8.48328
21.9622
9.17778
3.87692
2.67121
4.84438
0.213121
4.54042
0.0113065
0.281067
3.71906
5.1943
13.4661
3.12318
15.4273
8.64297
23.0188
21.1331
8.71169
35.7939
13.8797
18.5992
33.2283
6.5438
0.803094
0.284918
2.34284
0.000270749
0.00739966
0
0.55737
5.07604
0.590958
0.847244
2.95009
5.59276
28.305
6.51597
4.79519
6.51417
0
1.00871
0.202259
0
0.442379
0.101251
0.0228906
2.28974
3.25705e-07
5.08905
5.08672
11.5999
1.82093
10.4508
1.41319
0.0451741
1.81397
3.14402
0.625673
0.0050561
2.73781
0.858387
3.43299
1.6869
0.34257
5.90655
0.485598
0.742753
0.429685
4.69593
0.411214
3.51026
4.78533
3.19118
0.986507
0.0286607
0.0591252
0.127776
0.866145
7.64361
0
0.0234539
0.00157355
11.6336
1.95361
0.134669
2.5751
0.467602
11.1546
0
0
11.268
