0.219251
3.59069
1.34754
0
0.369399
6.6597
0.0203957
11.9413
0.00994491
8.29605
15.7599
6.58027e-05
1.22299e-05
1.13391
5.14782
0
3.86357
27.0383
22.0118
17.4859
9.8879
0.265115
0.049109
0.317521
1.84895
3.12563
5.32004
4.53748
37.5043
1.39012
0.106455
4.32893
0.181999
1.8521
1.86755
0
2.81815
19.2923
22.1974
16.3475
5.71865
8.42843
0.250742
5.15695
0.368052
3.96668
0.767798
0
0.815116
0
1.70621e-08
0.0211302
8.51347
2.64766
1.72427
0.511506
19.9672
0.0523548
0.801932
2.50817
2.94172
0.526315
4.25446
4.4325
5.002
0
2.42786
1.01294
3.12769
0.0121688
15.2832
0.306285
0.000102952
0.0155686
0.145224
0.274422
3.98816
0.0896223
0.361351
3.70207
0.507903
0.586401
0.00636487
0.0708046
37.769
2.79708
18.4739
18.4869
14.5622
12.28
16.9427
19.533
6.52767
14.8807
18.3358
10.4375
7.65955
23.7138
1.40111
0.0396979
5.45255
5.15253
9.80216
19.8163
8.40729
9.91014
15.4103
3.54974
8.33201
17.1405
12.623
14.0438
18.049
30.8275
32.0375
10.5821
3.95275
2.10027
2.98937
3.81652
3.02409
11.2218
1.83869
0.245764
0
2.19646
7.98656
0.00542997
0
0.025132
6.46411
0.00273804
0.105802
27.9836
0.000178315
16.8452
13.4911
2.14652
0.0375134
4.11565
3.10865
0.451224
0.56847
2.53246
1.88322
0.783922
0
0
25.1977
73.8369
1.82702
1.84927
0.00801359
0
6.09882
1.52108
1.26902
3.41387
4.42504
0.556705
19.0127
7.4133
16.964
16.2095
0.379204
2.16811
4.72291
11.4676
4.00422
4.79522
19.9465
0.511245
7.13961
2.89935
4.83578
0
6.543e-06
0.04065
0
0.759234
0.0801112
12.867
4.32123e-07
0
11.9856
9.77897
9.06986
14.4123
6.12363
23.879
28.2186
21.9802
12.0454
9.16971
2.61229
0
10.2926
10.7326
12.6045
7.54779
31.2777
81.9533
10.0043
42.6525
23.379
4.93058
29.9618
5.63609
42.8719
6.21197
22.0663
18.0292
2.78096
17.3243
18.3669
19.7852
2.82823
16.3644
19.7172
2.87558
0.962866
1.88319
16.0808
3.00515
14.4975
12.0308
23.2183
17.7651
16.7097
0.0191314
1.49298
1.24818
18.2538
0.00125795
4.27069
3.37978
1.7338
5.26269
1.48273
2.59586
2.30357
1.41954
1.70035
0.661165
1.2506
2.99791
1.77806
0.00456102
0.895574
5.70067e-05
0.00503488
5.36331
0.000168689
0
0.126628
0.747424
0
0.00468583
0.836346
0.0872077
0.0219847
0.00693134
0.659891
1.13427
0.00557532
0.172967
0.200307
0
0.00384798
0.83395
1.00319
0.639301
27.9112
0.000538097
0.000823664
0.630408
0.107495
0.0780486
5.29822
0.0801797
20.2085
7.18413e-08
0.442082
0.00455971
0.856823
0.185319
0.7642
0.819991
0.0507567
1.93762
0.55946
0
28.0669
0
0
2.67857e-07
0.186073
16.7005
7.26615
11.1418
6.9083
0.144387
7.5662
9.39269
1.5136
7.11268
0.792101
4.48875
0.00672691
0.000248729
0.0811023
1.91409
3.29642
2.94857
5.85588
9.8957
28.505
10.4163
13.4068
6.52816
0
2.96399
1.58766
2.49785
9.6783
6.88451
0.361282
0.298904
0
0.477174
2.18564
2.92003
1.37622
6.19545
3.00048
4.39742
15.7988
3.78515
6.11924
0.0350251
17.7775
6.95445
0.385002
0.847676
0
2.36385
2.62673
4.71874
3.31637
1.68815
0.952856
0.542523
22.4634
2.0721
1.18394e-05
0.775823
3.06322
20.204
0.422216
0.238216
2.39647
0.958102
0
1.33952
0
7.53749e-07
0.00418139
0.109524
2.99169
0.693972
2.0062
0.120837
6.85739
6.8783
6.07657
9.20819
8.63275e-05
15.706
15.0696
12.5087
13.3728
13.5802
0.0857281
6.91169
5.43187
2.98431
12.4345
14.0641
10.299
1.45506
25.0969
17.2288
15.2057
5.21347
21.1474
20.8809
16.973
6.01594
7.94826
17.4724
4.34452
23.0066
11.1573
9.2722
12.062
11.5298
10.1179
6.61882
7.70354
5.63044
8.66582
15.5242
4.20278
6.22403
6.6358
7.24139
41.2419
5.79238
9.46046
0.955948
1.46504
26.0359
28.6093
25.5224
24.6969
39.3046
5.97161
32.4685
28.2862
16.0978
29.0525
36.8852
37.9135
15.9419
17.1749
12.0538
27.9333
0.746869
16.5315
24.8422
21.7616
11.9908
8.04828
7.6508
8.35653
0
2.72681
0.0709561
7.80354
5.0466
22.8159
1.30557
6.60179
16.5956
34.9395
7.09976
12.4651
15.8021
8.22141
15.2499
5.55421
1.52648
0.000129693
0.1914
9.93114
2.25918
39.3355
6.49529
0.954803
2.21677
3.22222
2.06727
0.940644
0.663372
0.938347
0.597028
0.119425
1.92051
0.000786544
4.35325
17.0086
3.05654
1.65303
14.056
7.48154
4.15716
5.74441
19.0608
0.917154
19.0714
23.4587
21.195
11.7087
6.06969
1.34941
8.78227
0
0.0170002
0.530595
0.029639
13.4553
30.2009
8.54822
13.9699
9.83999
10.2934
8.78095
7.03707
0
3.53579
8.08059
0.0359384
0.0371726
1.29089
2.75721
4.84396
14.8055
8.76817
6.01133
2.71059
7.17363
25.3062
5.44765
3.16798e-07
0.923116
7.15882
2.75216e-06
2.925
0
0.674457
0.103827
1.248
0.790193
1.87967
0.213908
3.70603
1.00938
0
0
14.0286
0.0392134
1.02051
5.26331
2.37436
0.0224051
9.47105
21.1065
27.3197
25.8275
14.1472
8.19432
11.0288
0.92034
41.7816
0
16.42
11.1333
8.76069
4.20993
7.64811
2.21576
0.384979
0
12.8768
0
0.156447
11.5848
0.829338
6.52086
7.73398
4.84947
19.624
5.66254
1.43374
5.44614
5.81519
13.8889
18.1321
41.58
3.41317
2.88098
5.61612
0
12.6238
16.4151
0.902762
2.05296
0.895366
8.53053
0.527141
0.37828
0.821696
2.3824
0.0289771
1.76687
1.21163
8.42573
1.49536
0.103234
2.05349
1.83329
3.32606
2.4657
0.017208
1.36172
5.84282
0.00253768
1.39063
0.00057539
0.625896
0.537716
0
8.47081
18.0169
29.2442
0.0949475
0.698225
1.05073
9.31784
0
9.11237
10.5409
0.193066
0.211107
3.78524
0.821853
0.0726406
12.7761
0.0116066
0.0884228
0.000440588
0.0786414
0
1.00124
8.39432
0.338429
3.97719
18.5485
10.7189
1.52354
5.76627
3.30778
20.5127
13.3025
0
0
1.70419
1.12624
23.5756
38.0758
0.021544
12.4633
0
15.1697
38.0149
11.8091
5.83331
0.0069573
0.117515
0.555078
0
0
0.372886
1.69786
0
7.15736
6.16227
3.41325
1.65266
9.61183
2.32
32.7249
6.0903
27.7561
16.6974
0.0947226
8.00942
1.50583
14.2526
21.8025
1.0966
0.00848674
9.15695
7.23037
0.00670387
5.58422
2.0447e-05
0.498502
14.0419
22.345
10.6779
13.9097
11.0675
15.5154
8.12376
3.25588
8.01433
0.804323
0
0
0.186839
0.123385
0.446695
1.02227
0.489244
17.8169
2.77581
2.43868
2.31585
0.000120363
6.07449
5.44082
0.469785
5.48577
0.00306729
8.9025
3.00285
16.4017
6.21449
21.5851
25.0103
4.63982
10.356
11.5737
13.0515
0
2.1112
13.6544
2.40117
0.458509
13.2401
0.00517759
32.8952
75.9165
7.73762
29.9396
36.8893
15.4747
7.86167
0.82397
9.88877e-08
14.0871
40.1955
0.929936
0.487716
0
1.62923e-06
20.8893
0.00012316
0.000290284
0
0.552387
2.03646e-07
0.00298825
9.45898
18.6854
5.01353
1.61376
0
0
1.02888
9.45072
15.0433
0
1.02275
35.7928
0.0530505
17.6179
1.03998
16.9263
19.1364
26.8996
17.6601
0.300224
5.25152
0.516757
0.0263171
0
0
0
0
0.252874
0.342484
0.0641981
0.987121
6.03087
14.9118
0.326341
20.6505
7.55811
2.40686
4.14259
4.02799
2.5115
4.38452
0
2.78344
3.01803
3.99545
2.40471
28.019
6.37573
19.4633
0.293468
0
6.24654
1.41619e-05
13.9151
0.00756773
0.11916
0.00531586
22.647
11.6538
4.20233
27.6062
4.86423
15.7338
1.07281
1.54542e-06
2.65136
29.6735
1.5371
0.671894
1.01807
0.0329668
6.06915e-05
3.61979
15.4061
2.57654
1.69182
3.90916
16.862
2.62144
3.60984
7.90313
6.43575
30.6912
0
0.0899334
19.06
6.03843
26.0087
7.97591
0.0333497
0
0
6.14958
11.8209
15.3223
8.50303
0
5.05512
12.3886
9.54351
0
28.7648
3.20461
0.212828
10.8315
0.0190408
0.00557448
19.6068
0
0
0
3.91662
0
0
0.527183
2.18596
2.90937
0
0
13.2331
0
16.2889
0.0116674
6.55734
0.112313
6.8088e-06
0
0.0862352
16.863
0.772933
5.03347
5.75414
5.87216
8.51887
19.4108
1.52219e-06
15.7956
14.8831
0.92686
4.16526
6.39245
14.7735
5.75706
16.9404
11.3116
6.12893
5.66113
10.869
13.0705
6.90937
13.9226
23.5263
0.0145483
7.32154
2.22971
3.11275
17.4649
0.238153
9.03848
1.92662
5.05216
3.7788
2.33906
4.58542
0.000110193
4.66518e-05
0.113684
0.00288698
0.0141158
5.82412
5.83157
23.6136
22.0283
1.55173
0.651849
0.181181
8.54717
17.691
0
10.0541
2.32998
9.30383
0.549381
0.0131625
0.265986
5.47018
0.835556
21.4178
4.64589
0.000965216
0
12.2924
0
0
8.40924
2.3975
1.88806
0.325455
9.26477
5.58673
3.31384
0.66335
4.23866
7.37717
0
0.866944
3.58058
0.755266
0.000695637
4.32618
2.19118
12.2565
32.9991
14.0942
0.00862096
0.706913
0
3.67413e-06
21.8351
7.59909
8.83717
15.1648
1.52649
20.5708
8.43421
0
0.135915
3.38919
2.74931
2.31054
0
2.92254
0.0544566
9.63091e-08
11.9539
0
10.7409
10.1979
1.14809
0.0686918
0.000153167
0
0.0812831
5.75701
20.7948
3.3927
15.7381
17.979
0
0.873329
0.909583
3.24808e-07
3.05274
0.508035
1.78574
0.0752946
0
1.11582
1.73921
0
0.0155303
9.6155
3.9855
2.38453
8.50927
1.42875
0.939037
0.444209
12.4369
15.1852
3.92225
0.171794
0.960434
0
0.558834
13.5868
0.0927852
0.000586788
20.1346
3.05241
0.539758
0
21.2919
4.73036
1.08213
10.639
0
8.74755
0
0
1.1545
24.3239
0
24.6561
1.72049
1.5374
0
15.123
8.91713
8.69942
8.68893
8.08738
0.862176
35.7839
4.51127
0
0
0.0849209
23.8842
18.7616
8.17532
8.59141
0.851102
1.91826
0.00252617
21.5793
20.1233
23.6492
17.9518
15.7983
11.9318
22.2116
24.305
10.6522
15.6239
3.33772
18.6
21.6811
9.94669
1.20789
0
19.8238
8.19474
2.20687
8.40572
5.19489
6.57318e-06
13.9992
13.1344
8.68569
2.06669e-05
41.3416
22.9328
14.4246
12.005
14.747
8.96789
18.8539
12.5142
17.0177
0.421333
0
1.48223
24.5287
20.195
15.1388
25.7569
45.8672
43.2806
39.9713
25.9031
28.4624
35.3316
32.512
25.0713
6.51379
4.72685
0.581134
1.08924e-06
0.00207477
0.0932014
3.14259
0.216265
0.976021
0.00948291
3.69739
0.66318
1.53653
7.18229
9.52118
3.74475
3.58976
7.8162
6.8873
2.91853
1.0058
4.36362
3.50485
14.7929
12.6481
0.0348174
27.3274
25.0485
19.6233
23.3704
13.319
6.5686
0.992739
0
0.653236
17.3134
9.13579
3.06307
0.844268
21.0032
0.0475028
0
4.9628e-07
0
0.000671561
31.6775
4.39091e-06
29.7256
0
56.6179
39.7247
0.218851
0.0033044
0
38.0209
44.2521
9.45941
8.55092
1.01519
0
43.1143
21.4605
2.25125
0
7.10328
41.1094
41.1984
0
15.9805
31.5211
1.81494
25.7862
0
0.00035556
17.9829
0
0
1.0821e-06
0
0
50.5349
0
0.937663
9.38244
21.8687
26.5213
21.4997
4.26661
26.5124
0.0113173
18.7856
0
23.3248
25.1624
0
14.6362
15.2684
19.1003
0
2.60718
0.748695
11.0289
13.9428
4.27047
9.92181
0
32.5175
15.8336
14.888
0.570004
27.138
10.6966
35.976
21.3247
0.00577102
0.882655
0.654496
21.7809
1.18152
22.565
0.0206142
0.975231
0.0361951
2.34284
16.498
0.00143666
0
0.678268
33.9738
0
29.4474
29.3441
0.0433478
13.8614
2.34018
14.2957
10.496
26.0534
0.0432385
0
1.21209
0.167929
0
0
1.34457
2.94148
9.02287
3.62032
1.79136
20.9078
22.4136
5.01625
17.9409
27.9294
0.00314608
18.4372
16.5579
20.1696
14.2244
17.0539
23.1482
18.5084
0.375311
23.1338
31.631
25.3643
15.6815
18.532
5.46105
21.4098
12.3283
0.0186539
22.7329
0.0085217
0.0166313
22.7458
0.000466841
1.95145
3.99009e-07
0.287664
0
8.71111e-08
0
1.08885
9.41939
1.32093
4.49405e-05
0
1.07732e-06
0.10161
0.0183824
0
0.767837
0.812566
0.29186
58.4685
5.862
31.0861
11.2186
1.47473
0.0116657
7.7789
33.7317
0.0730508
0
20.7806
7.60301
20.2699
38.5092
0.973093
0.790259
2.60379e-08
0.0040556
20.254
34.7722
1.74286
0.125908
0.349047
0.0111089
22.4668
10.7188
15.7237
10.331
0.00225607
5.70069
3.32249
2.61819
8.82747e-05
0.89257
8.11978
0.92046
0.0379303
0.120109
8.95579
39.94
4.21538
6.99981
30.1245
1.74091
9.62964
16.7647
0.0256242
16.4692
0.697328
0.969777
0
2.33027
4.15163
4.51959
17.0325
0.186297
6.27727
1.40799
0.0492286
1.22177e-06
2.33161
0.539854
0
0.0016963
0
15.2512
8.85942
3.05675
8.25622
0.69407
7.93628
2.12699
0.702059
4.10237
9.72253e-07
1.18301e-07
0.573031
36.5472
18.5137
28.7341
21.5343
14.7555
15.8373
0
9.08171
11.8033
0
9.21049
0
4.0914
0.0203262
4.31162
0.570169
1.35766e-05
2.07252
0.87619
0.0199562
4.36502
4.42947
6.51053
7.66526
4.67013
1.79056
0.0181897
0.00129809
0.024959
3.49781
14.5464
0.00253791
0
2.91949
1.70209
10.8629
0.068948
1.01539
0.464196
6.88276
0.07565
0
13.393
0.17121
17.8741
0.0303223
2.27913
18.8935
14.4526
1.41778
0.637112
12.4509
20.3082
3.00882
17.4122
2.22338
3.64257
2.5248
1.04798
1.00623
3.19332
2.77466
10.3499
12.2762
3.53416
4.06245
3.86445
6.73944
7.63521
11.7776
3.91307
3.59466e-05
4.09245e-05
0.000149677
1.20241
1.71788
0.998577
12.8359
2.32861
27.8162
0
0.578324
1.21902
1.145
1.20412
8.04022
2.79275
3.2059
14.6244
13.7737
3.54636
7.35185
4.22196
2.66366e-06
1.37827
40.0874
13.7884
7.30304
9.25191
0
0
10.4021
8.10785
0.253883
0
6.77485
2.08476e-06
0
0.602639
1.76429
0
0
1.27124
10.1755
0.373189
4.34773
4.94259e-06
43.603
3.07387
0.0108871
0.0157479
10.905
0.00413898
0.79483
44.2636
0.00340803
9.51437
28.0352
3.53512
0.000518909
54.3966
0.688602
0.00699353
2.29382
0.0380005
0.146414
0.750279
0.0285805
0.506906
5.67621
4.0254
3.89609
3.14428e-06
0.133589
0.0390971
18.1992
1.47691
1.07041
0
0
0.857578
0
0
13.5824
0.0418725
9.87963
0.859391
0.947424
16.0849
7.42153e-05
0
6.31487
2.43205
0.944274
0.158613
9.72535
8.08429
5.69603
47.7776
21.6188
10.8253
0
0.0905292
0.959627
0.00135933
3.55396e-05
1.35159
0.665827
2.58693
1.61893
15.3126
13.0334
0.309324
2.38143
1.26322
0.0859872
0.805287
0.335651
7.65216
0.336989
0.871447
1.09961
1.24644
11.6686
0.794093
0.360761
0.0129849
0.449291
0.00039425
0
0.963099
2.01085
0.0460257
3.65027e-05
0.182429
0
0
0
0
0
0
0.532864
21.3443
0.00906672
1.08263
10.4599
0.0863481
0
35.0404
2.14762
8.14515
0
0.709724
0.028992
0
0.000314909
0.000439296
0
0
7.18932e-07
1.21984
0.0838203
1.03196
5.18084
2.85757e-07
2.0502
33.9959
0.0444171
0
16.0714
0
0.0611416
0.000980878
4.87183e-06
5.79171
1.47079e-05
0
0.858562
0.251746
0
2.25221
11.2714
0
0.586538
5.56083
0.796641
0.910149
0.2399
0.843361
0
0.0231295
0.0111585
5.25898
1.64733
9.10771
0
2.04138e-08
0.906938
0
0.0497779
0.0044801
0
0
0
35.6052
0.0294944
11.4887
2.10488
10.7012
15.0868
0
12.0973
15.2671
14.2796
1.32459
0
2.30859
0.550558
24.0713
0.141592
0.0138274
5.33227
0
0.0318387
20.8919
19.187
0
0
15.186
2.24639
5.00436
9.55207
3.39421
13.4491
8.37775
27.0433
0
3.55459
17.2478
0.0467048
13.1394
12.4036
17.3324
13.2002
5.59458
8.18966
11.4691
18.583
6.31075
13.8701
12.5065
8.94638
5.76119
2.23822
5.05866
7.66518
6.49667e-07
1.35635e-07
0.0677415
0.392417
5.78186
5.51077
4.88174
0
2.12821
0.000602942
0
1.19924
1.25731
1.71894
3.86449
0.76401
3.23803
3.51075
2.93489
7.44065
13.5517
0.905276
2.20947e-05
6.52194
6.87531
4.93118
2.15662
1.74435
0.757883
6.50633
0.00102526
0
0
0
0.312473
0.767541
0.0110462
0.872624
0.00642136
0.715207
0
0.156856
0.502798
0.884435
0.0761769
0.61688
0
0
0.137751
0
0.00739861
0.000141013
1.29189
0.289966
0.00352117
0
0
2.51647
0
0
0.00849938
0.0881238
0.0720325
26.6076
0.954803
4.50313
0
0
0
41.9304
0
0
0.00308075
0.510897
0.511885
29.1452
0.169945
2.39741
0.49274
0.978674
0.0327761
5.23291
0.741885
6.64222
0.0544908
0.399484
0.752235
6.99806
6.86453
3.64057
6.18964
4.44664
2.37297
3.95127
4.83127
6.83137
3.8293
10.1316
6.29655
8.42169
12.1394
6.22794e-06
0.0018162
16.0728
8.85523
10.1031
10.0992
4.44143
5.43137
3.53543
9.71732
15.6405
22.7797
5.15284
7.76736
6.6676
9.74543
18.0262
20.8536
0.0147586
24.7457
0.000302462
9.4473
6.92664
7.22005
11.4428
3.14121
16.9421
13.8446
8.94609
2.82053
13.769
14.747
9.78233
11.3583
16.8635
12.532
21.6797
8.88806
9.70729
11.0053
8.50528
7.22877
0.0227089
6.41517
10.7061
6.29209
0
7.83281
7.40639
2.78066
1.06597
2.03699
0.157052
1.85052
1.92297
2.60778
2.34807
10.5143
0.857111
0.968184
1.92698
0.421216
0
0.14343
16.4182
0.171447
0.015119
1.13265
12.1319
0
0.119446
0.777505
5.45094
0.134513
0
0.0896661
0
2.0735
0.00221743
2.23435
3.196
1.21604
1.39342
9.6369
14.3602
2.53374
21.3515
10.7867
4.24073
25.6256
14.4028
6.73841
17.5913
13.2534
19.0753
18.8649
21.0456
17.078
0
13.1321
13.4618
9.18987
0
12.5596
0
17.1002
9.68939
0.762746
11.2623
9.01706
15.6588
0.0012995
22.5492
1.45041e-08
0.00229114
5.01188
6.15504
1.76352
0.0843226
1.6309
0.897597
2.18742
1.95607
7.83182
1.07448
1.03165
25.9756
1.72017
0
0
0
0
0.179108
0.000308479
6.11604e-07
22.0084
0
0
1.4095
0
18.0156
24.4116
0.0842711
0.0752887
11.102
5.33501
0
7.49307
0
2.2803
3.2219e-07
0
3.05085
2.89038
0.378778
33.1021
1.86074
10.3832
0.327269
1.84743
0.465436
0
5.68596e-08
18.3862
0.273065
0
0.0021095
15.6295
0.0900016
4.77765
29.2598
24.9847
17.4346
13.9258
17.8606
2.85351
5.03556
15.7779
3.63422
2.89231
8.43562
1.18051
7.01532e-07
9.96408
2.3704
3.12324
0.641486
33.8868
0.67969
1.56751
0.760349
22.7282
12.4697
7.45559
3.56333
5.1558
13.9167
4.9705
4.04425
18.2076
0.702261
0.00646275
0
0
0.00476853
0.494466
4.21044
28.0979
37.7092
18.0164
0.426245
12.1428
13.9289
1.00611
21.9071
3.17555
40.2998
3.26437
0.840682
0.80178
25.8185
31.7808
2.78955
16.04
21.5629
4.51459e-07
0.0309996
0.541572
0.0200581
0.926091
0.65472
0.00088157
7.71143e-06
8.33467
6.16024
17.5858
0.116748
42.4303
0
0.0522003
0.705967
0.892852
0.00069319
0.000159436
0.0538421
0.000145372
4.82127
0.157193
3.88453
22.5806
0.273205
7.66361
0.703444
6.66611
4.57806e-08
0.0951412
5.07958
12.5436
3.79617e-06
6.20259
2.06423
4.28218
0.0359849
35.1391
27.9146
2.60608
2.87581
15.1278
2.56071e-07
0.058875
0.303339
0.0174285
0.0136146
0
26.4972
0
66.0479
35.7054
23.1459
0.0257399
0
0
0
0
21.6694
8.41952
39.8776
0
11.8905
15.5957
18.7872
6.58938
3.89381
3.63434
4.42361
0.251374
1.44962e-06
0
0
0
8.32328
1.51317e-06
0.000297066
0.964345
0.00552937
0
1.67206
0
0
0.896674
0
1.12166
0.0320684
0
0
17.1682
0
0
0
0
0
3.85741
12.9071
0
2.61288
5.16899
0
0
1.65102
0
5.65225
11.8083
8.24937
12.777
3.01598
5.5105
3.34227
4.61577
6.71383
20.1566
21.0274
4.85036
39.7125
43.7107
37.3728
18.1558
15.076
33.5715
18.9745
9.31443
15.1467
13.2064
16.8506
9.42142
10.5108
5.65191
7.32182
5.42284
7.03932
9.999
7.41321
8.79125
9.4849
5.22628
8.29758
17.5465
9.78927
0.561677
1.85723
3.4465
0.000613718
0
0
0
0.297685
27.5829
15.1595
0.12118
11.9992
4.87267
4.45947
0.0176411
0
6.9363
0
8.22259
1.98152
0.983575
0.452392
3.67573
11.5817
1.87245
10.2716
15.9047
13.9429
15.3781
3.01262
17.2663
0
15.1816
18.2304
11.8585
29.5703
14.2071
7.82225
11.1642
8.78283
5.20691
9.76857
17.3546
23.3823
15.6253
0.55025
12.4583
2.43312
3.83212
13.6149
6.87335
18.4092
11.3433
22.6226
20.9988
33.0587
26.2355
23.4031
20.0527
20.5237
25.1497
11.7893
14.5555
22.5165
14.8
0
0
0.0314087
5.03129
3.65037
6.2609
8.5939
9.52277
12.4098
9.93753
14.1487
12.9621
12.2957
1.01599
19.6715
16.79
7.59332
3.17966
3.36326
5.45634
8.33452
4.65992
10.1595
11.2303
7.1994
7.8031
5.03001
11.4187
0.762074
12.0291
22.1618
3.48299
12.5052
9.69242
10.5141
9.93238
15.9985
27.8696
11.4665
8.86557
37.748
4.06838
0.139798
0
1.27053
0.748428
10.4201
9.87082
11.0839
14.8825
3.8093e-07
10.4436
16.4986
29.3228
27.7756
7.39976
16.006
19.8899
39.2287
0
6.07158e-07
0.404363
46.6387
35.5818
33.114
3.82034
58.3488
4.52917
7.43451
0.0168244
6.15546
0.103427
7.8404
29.0277
1.42854
8.16208
62.7757
37.1649
11.7839
11.4737
0.898808
21.5365
10.1176
30.6922
8.70483
13.9822
19.6315
18.5602
27.5387
33.0641
12.3162
12.5472
13.074
13.4188
12.6726
6.22069
14.1448
12.3023
18.2702
6.60368
16.6671
12.3754
26.7707
3.38775
12.3603
21.7358
13.1664
19.902
32.4364
19.2957
21.1875
0
15.8007
0
7.7166
13.7774
28.3561
19.2662
16.2045
5.12098
15.1378
10.2611
11.0111
12.6979
11.4502
9.40701
3.72925
16.6739
11.3148
6.97114
10.993
4.68855
2.02187
7.82362
13.2913
8.61948
0.00284034
12.8115
12.7231
18.486
6.65735
10.993
5.03652e-06
3.13204
1.47862
10.4468
14.0061
10.7081
1.84294
15.1985
20.6785
7.73365
17.9126
6.33244
7.1558
13.0906
22.8785
4.19435
1.1364
1.35804
7.79616
11.8591
0.660706
0
2.73178
2.67821
0.807104
6.46084e-06
0.000456689
0.372963
0
4.94248
2.25526
0.0370936
0.222588
6.88933
0.544357
0.736253
0.00214004
0.78763
0
0
0.00731923
0.968403
1.06419
1.34892
0.00913135
0.00707462
0
0
0.000197455
11.2178
3.64422
2.53601
4.28255
1.05697
22.9668
0.194353
0
0.0858185
0
1.18885
0
4.9736
0.693329
6.44823
0
8.56218
2.0273e-06
14.0711
2.22878e-06
9.83076e-07
15.5731
0.019845
15.4197
7.51674
8.52577
0
28.5783
0
0.754847
0.920564
0
10.581
8.39099
0.433464
2.89708e-06
15.3551
0.26868
0
5.13339
0
1.51865
0.795898
0.81296
0.00134885
2.0283
2.77371
1.60054
0
9.37799
3.55007
0
5.39373
13.3677
1.00818
11.905
0.810318
14.4488
16.7663
9.49474
13.6828
0
0
2.49313e-07
9.93686
14.5471
0
0.101575
0.960648
2.40521
0
9.32934e-07
0
0
0
0.785601
1.04114
5.23204e-05
1.68732
0
1.01789
0
2.26183
0
0.181524
0
0
1.61058
0
0
0
1.66877
0
0
1.36559
25.8249
43.2041
47.8982
14.1694
28.6797
0.928138
4.56689
0
0.0234724
0
0.160546
13.0764
1.34056
3.60465
7.91133e-07
0.0386689
26.9222
37.4899
18.411
9.23825
11.5837
3.17191
22.6887
17.2345
2.16516
2.94527
13.4773
2.66747
7.44168
10.8018
6.12005
17.6162
8.75548
6.78203
18.8532
0.364867
9.97886
1.35667
22.9795
2.05597
41.7716
18.3422
0.729436
0.037271
0.131884
1.96811
0
1.96238
0
0.488784
0
0
0
17.3383
0.033834
12.029
0.407026
14.4377
5.02682
4.98252
21.5022
18.3714
18.3409
2.80204
0.324853
14.3121
17.8111
25.1087
32.4766
38.5969
31.6039
25.5878
0.07165
23.6469
0.88532
19.1824
17.9862
29.9134
15.8147
0.0805695
26.6309
10.2525
31.3452
5.56392
37.4814
36.9008
7.54385
9.21501
22.4314
16.86
20.0772
27.1658
0.00011876
3.50038
29.8777
0.364889
3.29583
29.3294
0.160431
14.0896
0.270694
0.0889525
2.33777
0.00675387
4.39125
0
27.4195
56.5977
26.9501
7.23575
8.20677
12.1337
12.272
3.48341
0.0232875
0
5.59024
13.467
22.1797
18.847
25.9922
22.8027
22.9555
9.47996
10.7504
19.3997
7.5399
21.5761
0
0.114654
0.138537
16.9766
0.0111921
8.1632
22.6668
1.86618
0.949449
0.0483837
0
0.00628526
0.0317292
1.18384
0.128776
0
0.00496406
0.70051
19.0243
1.83634
0.0595923
8.7628
5.10642
1.76438
19.349
0.997263
3.59086
0.0239495
5.91356
0.319162
0.000305578
2.53119
0
2.05372e-06
1.86936e-07
0.781202
0.62078
0.840208
0.00217753
0.00616632
0
0.00611906
0.718601
0.0558521
0.874389
1.78199
1.13153
0.0607334
2.37689
5.79995
8.02654
7.03679
0.00460053
0.0488933
6.20536
0
0
0.229819
0.164448
17.8733
0.0189426
21.727
19.3273
31.9503
2.76785
14.6764
3.72023
12.4138
2.43301
7.04114
14.2366
2.30576
23.0858
6.631
0.958901
0.0179081
8.1169
0
9.25924
5.63719
20.5844
9.37151
20.2901
26.7139
1.15903
22.1596
5.71908
16.8501
10.6959
1.21877
10.6208
0.0222598
18.5759
4.73286
1.78476
9.13276
4.36331
4.47664
1.23429
1.94044e-07
3.02475
2.13528
2.70531
3.28436
11.7704
1.15603e-06
13.055
10.4704
32.3096
20.7568
17.1537
34.5775
14.6072
8.01926
17.1469
26.6663
26.5365
25.2847
12.5678
10.391
15.8426
0.253466
6.73842
8.25383
15.9076
14.8581
10.5668
8.8051
4.91149
7.14492
13.0046
16.9456
11.4484
12.4597
8.21064
8.39095
10.2222
20.1568
5.36848
6.70292
9.52872
0
8.05734
4.9576
2.85217
6.49601
19.1147
0
12.716
18.5736
18.984
0
0
22.6128
9.52445
14.719
19.325
6.12379
17.7667
16.1262
5.0148
14.9814
23.9085
11.5161
5.37863
19.1254
24.1857
43.2685
16.4738
27.9017
16.2622
39.5294
19.9564
25.8007
36.4583
1.54326
25.3072
23.9319
22.8563
12.4366
23.1732
29.8082
30.6215
25.4431
0
35.5936
31.7583
34.5055
1.57562
7.69332
21.6381
24.5469
36.8032
10.4191
27.2109
13.7827
2.05791
0
4.00836
0
31.8007
1.2925
26.5737
31.6085
30.1786
31.119
32.6687
0.0180515
38.3175
0
24.6413
21.4756
20.6549
17.606
14.4125
42.5494
38.4085
16.6804
34.6769
24.3444
10.8641
23.5438
0.883674
15.9181
11.2415
25.4323
0
8.8377
3.69714
9.81069
4.62057
3.55421
25.5646
10.4598
0.0638943
4.54184
5.27212
1.7099
18.7853
17.0047
0.131326
12.7536
12.6591
8.5503
5.36677
5.84906
1.78358
3.67545
0.380493
10.3428
4.24604
13.5333
22.7988
8.39336
18.6691
2.52389
5.31524
28.139
0
4.40839
9.26898
8.06106
0
26.8153
11.3054
6.87722
4.23106
10.1736
8.36616
11.4743
11.5758
13.2751
9.95613
7.64991
8.39994
21.9937
14.8293
9.20382
15.2512
32.9016
0
19.2677
12.9403
23.8165
4.92187
1.65154
15.9842
5.24513
25.1624
15.0627
18.8163
24.2197
11.7249
18.4927
16.9133
25.0383
6.15146
7.35177
14.0325
30.2237
40.9062
15.0152
0.326448
12.8686
44.4324
19.7101
36.4467
41.448
10.3952
13.8004
32.2026
7.50714
13.0384
0.0265865
11.2278
2.11072
4.20233
13.441
8.20021
0
5.27458
12.1755
11.8171
6.66373
15.717
3.20079
10.1424
0.477223
8.39991
27.6948
3.83928
9.41217
16.6175
4.30923
14.3985
6.53172
15.7639
4.21691
0.839638
10.8216
12.5914
6.63971
22.1942
3.47675
9.56681
0
3.82801
0.659976
7.79088
1.63072
1.19981
5.46748
2.50162
0.0964496
11.3454
0.0404359
7.92173
0.636068
6.34403
4.18542
1.00021
8.15489
1.12841
1.15352
1.20091e-08
0.0869965
0
9.70029
11.8677
26.2993
15.9016
14.6461
5.49642
12.2174
2.50149
2.6
2.02783
12.4453
8.79809
1.33608
9.1455
9.40499
0.0438639
5.84364
0.968619
4.42745
6.4078
0.419014
1.45761
4.99946
1.65935
24.5032
0.87895
0.835618
0.000705286
1.25607
0.842558
2.72144
9.47951
8.49394
0
2.06335
16.5292
13.5349
12.1017
12.8012
9.33552
10.8788
6.94556
8.17822
18.9896
10.8209
0.628936
14.0997
9.39635
18.3431
16.3058
0.101474
10.1062
12.0885
16.857
2.75847
5.05544
4.11111
117.97
10.1758
15.046
11.7456
99.6485
9.71526
3.5381
10.9104
6.75491
7.16784
4.6085
4.40678
37.1643
2.39886
10.203
7.56455
6.92932
7.21658
25.8577
13.7728
3.4319
0.483333
0.000334465
6.06805
13.5093
0.854893
0
0
0
7.20555
0.94614
0.314932
0
0.11087
0.537801
0
0
10.2863
0
4.32306
9.3245
1.12104e-06
0
7.18467
1.22819
8.32307
0
0.265437
0.240677
2.74704e-06
2.09457
0.00103835
4.10084
0
2.22466
16.0357
5.25721
0.478389
0.444609
1.86939
0.280612
0
0.923912
0
13.8111
5.21083
15.1533
1.35823
7.10873
0.0897969
20.3595
6.56801
7.26848
3.59339
7.08334
8.26049
9.60666
6.51592
2.19267
4.17601
3.58446
3.88985
0.215618
1.62994
8.56773
42.6425
26.7658
25.9943
17.8133
1.56891
1.32342
0.123919
1.85052
8.24278
10.5418
11.9949
4.26455
4.29022
2.30065
25.5855
0
7.96526
17.5507
23.4734
18.4368
17.2448
9.3965
14.7763
17.7411
10.4283
18.4064
20.5237
14.7182
27.5267
13.6503
16.5144
3.00093
27.4983
10.3823
1.67616
0
0
2.71172
5.8139
1.04055
0.0290372
1.44425
23.8621
34.0729
7.08084
6.9408
8.05252
7.01499
11.5209
3.99321
6.55823
0.452895
0.09564
3.92069
2.77675
33.1999
7.03245
30.585
13.9465
11.9602
13.7979
0
0.925854
4.34619
7.12509
22.4262
7.82392
7.91706
0.843717
17.6365
9.84543
0.0224789
11.1029
0.490822
8.19845
0
34.7086
28.3877
4.12881
0.564389
13.2689
27.373
0
0.892382
0.0910487
0
0.000103498
0.902839
12.6298
1.69747
3.9031
0.287286
0.840477
4.11678e-07
4.35164
2.97435e-05
6.28824
2.77369
0.733956
8.1223
0.14817
1.76596
1.41747
6.78058
1.06237
0.562246
0.000406491
2.05336e-05
0.000345616
2.58236e-06
0
0.00490678
0.384242
0.945415
3.19715
7.32611
6.28459
0.00714348
1.26245
0.682944
14.6525
3.44124
11.1317
36.1495
9.84994
3.30131
9.13364
14.8695
6.61222
9.38275
11.7869
0.129103
0.0239684
4.11815
0.204596
10.8486
3.62158
4.37934
3.33357
3.22166
1.41047
1.77655
3.41104
14.6439
0
0.00603752
0.00378693
9.42592e-05
0.00203879
0
0.330284
1.04588
0.156136
0.917317
0.0341887
5.73816
0.148127
1.11354
0.000667005
1.0756
0
26.3114
6.5594
9.57201
7.96928
28.4208
20.5035
15.7962
2.38644
6.83983
19.1294
13.5378
0
9.71464
35.2291
3.22507e-06
0
9.76179
0.788783
50.8143
19.8968
14.8985
25.8524
19.9825
6.56099
7.84945
0.277401
6.92793
0
9.15533
2.08796
0
29.3896
20.5144
0
11.1975
7.45532
12.9831
5.69794
0.692691
15.756
20.1751
44.365
18.1462
19.0419
23.0641
5.28164
6.64792
15.335
2.65864
1.92911
0.828606
9.06513
0.0405049
3.42447
2.8755
0.69405
0.101782
0.000156994
0.00188009
0.608419
3.17065
1.83189
2.438
1.8841
0.0318739
5.11249
0.584161
0.457522
0.00082909
0
0
0
0.716681
1.00063
1.72152
0.00382395
0.0533637
0
0
0
3.55901
2.48386
2.71554
10.2544
0.949726
7.02403
3.09166
2.83379
4.44854
2.14417
0
0.0822838
0
10.3532
0
2.84019
1.48571
13.6412
0.90452
2.08835
26.1289
19.6834
16.3141
8.36833
14.4457
23.5241
2.27518
16.708
20.2183
1.47861
0.239976
13.3163
0.0613886
2.08883
17.9625
0
3.28869
2.61395
33.6418
7.71602e-06
0
0
0
7.05489
0.877168
0
0
0
14.1174
50.0671
35.5474
23.9452
0.797893
27.342
21.3481
0.828408
24.6413
6.10066
17.4755
3.76527
2.9656e-06
0
33.1191
0
1.05934e-05
0.000651114
0.000787615
0.514326
1.2543
26.0565
0.0047258
2.04218
19.6498
0.0579747
0.00201692
0.757657
0.517413
9.86664
16.3121
0.262283
0
0
0
0
0
14.2089
0.0851444
0.0851291
13.681
0.00629748
0
1.63954
0
0
0
10.0852
13.3811
0.000876685
0
0
0
25.4653
4.20651e-07
1.3548e-08
1.92082e-06
11.2256
5.16864e-06
0
0
0.00607021
0.927331
0.954455
1.85647
0.104961
0.458928
0
19.0978
0
0
25.7203
0
0.000133521
3.722e-06
2.78172
0.0150328
0
8.833e-05
0.00481169
0.967944
0.0466851
0.0169874
0.450834
0
13.0921
0
0.804852
0.561633
0.742209
1.89365e-06
0.000101081
8.7401
0.0771117
0.0758819
0.189072
0.511867
5.35562
20.4128
2.99727
1.56274
0.431532
0
2.18622
9.43977
11.4591
0.9247
0.0640531
0.463571
2.13667
31.0911
1.05698
0
0.409374
3.26998
0.61452
0
0.000394817
0.0141197
0.938314
1.6005
4.23811
1.70185
6.37658
2.938e-06
8.12718
2.21544
0.623385
10.221
1.24218
4.41052
5.23742
2.14525
0.784532
5.60649
29.8946
0.0243016
3.59784
1.86257
1.43923
55.9754
1.7748
0
11.316
0
0.000298433
1.00831
33.3144
0
3.19339
13.5271
0.000356945
0.312278
1.95609
0.0207533
0.00648512
0.000711561
0
3.72801
0.511664
2.28853
0.678599
0.741819
0.0217334
17.993
6.62489
0.0455386
0.448978
0.174021
1.26133
1.60925
35.1303
8.62915
2.79325
0
10.1503
13.8572
13.8726
17.3728
0.184906
24.5473
13.8761
15.4564
10.2746
1.90855
0.00438124
6.42487
3.88605
18.2143
4.99169
1.24172
14.511
0.06292
0.965319
1.22125
3.23327e-05
18.1033
0.0206924
0.0608993
20.9067
29.4332
1.74266e-05
14.9012
10.5668
11.0361
5.13195
0.00915033
15.0857
23.4647
1.84163
2.85264
18.9508
12.2319
2.67228
4.66599
32.4034
12.858
14.1597
22.1481
20.3506
14.0178
35.8325
25.5615
0.319444
16.2339
0.646177
5.2733
11.7589
9.8051
8.90808
0.0103213
0.00960353
0.0351758
1.28905
0.648991
0.818938
0.682316
0.081765
0.0561004
1.45398
2.66235
1.11063
0.686751
0.311674
0.00222564
1.84557
0
0
19.9296
26.2405
1.97732e-05
0.657723
1.09
8.47973
0
2.42511
8.23345
10.3432
16.7138
10.1574
19.3219
0.546529
2.47876
3.89781e-07
0
29.4296
0.602165
0.46908
10.8812
0.993335
0.00309015
18.1071
3.45889
0.0784144
0.127295
1.27088
15.3623
8.10016
0.418695
13.7118
1.17333
1.00613
32.3108
8.85984
5.95178
22.7177
11.0568
7.15719
4.3953
5.86144
3.45037
2.47966
3.22389
9.38061
2.9306
4.83981
25.2943
2.21922
15.6275
10.1561
0.0385433
13.4151
16.0997
14.4425
3.96352
0
0
0
0.0855477
0.0139967
0.0746118
0.833536
0.00847516
0.741398
0.136251
8.94571e-08
0
14.0491
8.24836
1.55275e-08
49.0791
5.26273
3.83001
7.52965
7.01102
4.36879
2.78167
23.877
5.90626
12.9527
13.0066
6.7245
14.7132
7.45064
11.5962
2.04886
6.47676
10.7202
31.2454
10.4209
7.85212
2.69734
10.6058
5.16556
0.116187
0
0.950848
2.31169
0.974012
0.71569
0.968899
15.1531
0.000924759
0.00657917
40.2173
9.52153
16.4301
11.6154
10.9844
7.83697
0.452091
1.43823
0.00799358
0.555213
0
19.182
0
0.0466162
0.516771
39.2933
20.7131
3.19523
3.72236
7.12326
4.04282
0.900079
0.0152024
2.26452
1.01685
0.903457
1.81313
0.0151273
2.04796
0.274378
0
4.13938
1.30391
0.907815
0.555341
5.78549
0.340505
4.26841
3.09678
3.07141
3.94119
0.17837
2.79266
0.0907699
0.824719
3.689
0.135657
0.154502
0
18.988
1.39217
0.128976
19.606
0.02102
23.1955
0
1.54576
9.7
