11.1998
2.73834
2.79123
0.951028
1.07491
33.7585
0
10.5805
2.18421
14.297
23.5604
0.22837
0
2.0413
26.4143
0.125499
1.86862
22.7838
17.0338
10.4469
45.7043
0.168359
0.105007
0.0911067
1.58699
2.17782
5.48252
1.21331
30.1815
1.38283
0.943353
1.96639
0.959214
1.00658
0.0803941
0
0.349252
8.56039
2.78933
11.0795
8.53672
13.782
2.03304
10.6797
0.841389
2.59613
3.05353
0.0585555
0.0727171
0
1.34088
1.52734
18.7057
0.436863
6.55566
4.23829
18.3408
1.33897
0.337144
2.30793
23.608
0.00374039
23.2265
1.30136
17.1552
0
9.61345
3.24275
3.17582
1.61221
3.69252
0.829922
0
0.000842758
1.76344
1.21705
24.2367
1.84749
0
0.876109
0
0.661048
0.0313349
0
23.6828
4.17615
14.0934
17.9038
20.4284
18.8734
6.44583
13.19
1.1634
6.21794
5.4291
15.0355
5.79371
5.70353
0.2623
0.726694
6.30771
26.5499
3.15995
8.19132
5.42314
4.92297
5.48206
5.29498
0.962874
6.32559
2.64017
8.02974
2.63455
1.20436
8.92502
3.2261
5.48286
3.63336
6.40709
2.8039
3.22939
2.44208
3.8009
4.10169
0
4.21686
2.79169
0
1.67778e-07
1.01031
2.31633
0.991809
0.21693
6.09621
0.453095
1.65639
3.44129
0.713329
2.01538
0.86641
0.968472
0.770177
2.42281
1.40863
1.18272
0.607908
0
0
18.7313
39.6096
0.419496
0.481585
0.800773
0.131617
3.95376
6.24411
12.2614
8.07651
12.4832
0.820845
5.94575
27.313
0.338291
4.86523
0.264112
0.202065
3.2982
8.50902
1.55908e-05
0.0433969
0.704973
1.0098
0.111403
2.67974
0.512343
0.354757
0.0406785
0.162948
0.569282
2.51518e-07
0
22.2329
0
0
14.256
7.28724
25.4593
2.04101
21.8503
53.6411
27.3121
27.3658
27.8471
32.9256
1.6016
0
10.3164
3.08601
9.55041
11.251
20.8745
58.1178
18.3264
66.4332
21.5377
3.03365
15.409
1.07286
43.1036
5.9086
23.667
30.864
3.26025
31.9007
34.0671
27.7196
2.35663
27.1224
26.9272
10.6046
3.8391
4.30105
39.4756
2.20171
11.0047
15.3891
19.1546
21.5669
21.7872
1.34914
2.57486
6.2982
18.1951
2.17395
4.15476
2.47366
4.02632
3.37171
3.39117
4.4355
1.28983
2.0415
2.29225
2.26316
1.21037
0.992716
0.429265
0.000868342
0.607689
0.0797347
0.00154421
0.844455
1.21543
2.30672
0.917735
0.00315843
0.0721797
0.75384
0.0740418
0.875903
0.191533
0.0826544
1.56255
0.243054
0.000495345
3.48919e-05
0
0.0215306
0.980658
0.0251875
5.06587
0.0111286
5.17662
0.0989312
0.222425
0.939594
1.78138
0.0961149
3.75989
0.119649
8.55295
0.23901
0.749401
1.91451
0.0127088
1.72865
3.51519
0.267283
0.959517
22.435
9.55791e-05
0.00499743
10.0759
0.554991
0.197773
0.0652079
0.639107
16.1116
7.42116
3.94139
2.18215
0.201681
6.39255
7.10923
6.49257
28.3783
11.0963
5.3396
0.351011
1.35506
2.77907
1.59445
3.73563
2.18715
8.17367
10.669
22.3738
2.38533
6.85519
2.68296
0
2.00459
0.0144583
0.00133803
16.3468
12.095
4.26752
0.0284403
0.132328
0.104986
0.343644
2.32818
0
0.989447
1.21547
2.88852
20.7337
2.36067
6.02188
0.090676
65.8526
4.45225
10.6399
0.0411007
0.82501
0.0256609
1.18515
2.94145
2.14643
1.32291
2.62582
0
39.7519
14.4811
0.307031
1.57099
4.64043
5.07572
0.826955
0.685287
3.54428
5.95892
0.770537
1.05908
0
0.120841
0.115578
0.940016
0.546063
0.146638
0.248259
1.13743
3.40698
3.57679
3.81807
7.48431
6.13231e-06
10.9328
19.1918
21.6145
14.8947
3.65061
0.136365
8.03235
12.4144
33.8499
9.50393
22.6312
8.91331
2.6748
8.95548
5.94688
6.08084
5.16277
0.0549866
11.1246
17.3194
14.1961
22.3096
25.1507
9.50672
25.3582
23.3188
18.7037
22.099
16.6159
19.0506
22.1339
16.1847
3.91672
12.5162
3.16926
7.2021
17.8538
3.01043
2.13758
54.1813
18.5567
8.03346
2.74486
0.360214
1.06177
4.4097
2.27863
5.50388
14.7928
13.5501
8.69087
11.4048
10.5479
11.1301
7.4872
11.8941
8.30177
5.32541
12.6075
12.4902
0.541692
0.85169
2.78071
3.98894
2.35535
10.7159
13.7957
11.063
0
1.15874
0
3.53596
0.178111
6.96179
3.08826
41.8361
11.6536
28.1789
8.87749
24.0404
17.1018
10.6535
6.58879
1.82189
0.270414
1.88572
0.727881
3.78043
1.29674
8.05912
4.03494
1.90089
3.05932
0.0282395
0.0173345
1.98195
0.452034
1.20658
0.0276397
2.22801
1.96894
5.23183
1.84668
20.0431
2.88122
2.73146
9.5814
15.9641
3.2778
14.2788
8.54895
1.75855
20.9152
15.7073
31.7113
11.4827
1.40818
1.41737
20.8981
0.000249902
0.809683
0.772267
0.00666025
16.6496
31.3563
0.856688
6.84069
25.1934
14.1448
9.13613
13.709
0
6.03335
25.119
3.49169
0.0662145
0.112763
16.2573
11.192
26.2934
0.518313
18.1944
3.81965
2.88377
6.13203
7.27991
0
0
19.3446
0.561002
1.76447
0.638326
0.885114
3.74658
1.79767
0.256448
0.0169833
0.593814
5.68462
0.182226
1.87358
0.100223
11.2197
1.27341
0.709972
7.25666
19.8609
2.40841
0.719481
8.18797
2.94703
4.71948
6.37042
21.098
12.1303
0
23.9823
1.75311
26.2403
47.3095
32.4741
21.4718
24.2035
7.99031
1.80007
0.776888
21.3391
1.92014e-06
0.00369296
7.74375
0.00969463
2.21836
2.33957
6.16135
16.8203
1.3326
2.33617
0.359314
0.24688
3.97794
26.529
61.21
0.945853
0
4.04344
0.912096
6.18775
6.44621
2.78546
4.57081
1.2347
7.28467
10.1608
1.63248
3.44871
13.225
1.97892
5.70546
11.6934
47.6306
0.191921
3.30816
32.0428
20.4817
15.1441
9.67489
0.241001
6.46801
11.2881
0.000826742
0.177965
0.182869
1.19065
0
0.170233
1.6337
8.65902
6.14995
0.0081474
0.800356
0.488496
5.90928
0.653975
0.0667957
4.55611
1.83326
2.95996
0.62885
0.913544
1.62415
0.261865
0.558458
0.0999551
1.0653
0.972531
0.0298134
1.33225
20.2795
0.46394
29.4388
4.87911
4.62583
1.30554
9.07809
6.393
11.0981
11.9705
0
0.000411804
0
0.979163
22.2017
32.4963
1.03246
20.9578
0.415017
14.727
7.84231
13.8179
8.29992
0.258959
1.88111
0.161352
0.945226
0.00428617
0
0.213357
0
20.284
16.8312
17.2916
7.58858
14.7088
2.02069
7.40138
10.9792
22.0927
21.6876
0.0550116
2.23284
0.0591063
8.25149
11.2122
0.546122
0
8.75341
6.36458
3.39575
7.12544
0.267317
0.972003
2.14998
4.68479
0.504254
8.44627
5.73703
9.3163
17.6666
0.832197
3.42609
0.141514
0
0
0
0
2.21086e-08
0.0898035
0.0736113
25.2626
0.450317
2.62097
3.22793
0
9.81671
2.79399
1.78115
2.44586
3.48992
7.75615
3.63437
4.04554
5.74496
7.06345
14.352
25.3733
16.9871
23.4758
26.523
0
1.07552
44.7317
0.85792
0
3.83439
0.00348296
25.8046
50.525
11.665
33.4776
26.3924
3.67138
9.32758
0.0240153
0
13.9063
31.5905
0.336989
1.30592
0.0109258
0.934376
34.1201
0.957828
0.0871934
0.942194
0.742909
1.26257
1.51097
1.70406
4.96894
10.6451
4.31545
0.000221891
0
0.146757
8.01857
4.19545
0.344692
0.933263
32.7327
4.62867
34.7059
0.378024
7.24426
16.5395
4.07484
25.6733
0.858069
1.74856
3.22582
1.58698
0
1.03162
0
0
3.40003
3.16757e-07
1.92239e-07
0.000299183
40.3677
25.4174
0.000834558
34.1094
12.8139
5.42619
12.0631
3.19965
4.14015
2.53644
0
13.5774
1.33046
8.15782
5.61275
26.1113
10.189
7.50974
0.752221
0
7.05045
0.00775477
12.8966
0.830455
0.114044
0.865043
10.6487
12.0548
3.47088
3.46588
4.81948
14.8011
1.38154
0.576779
0.613062
3.06425
2.55323
0.0225415
1.01068
0
0
3.15217
4.04356
2.86782
0.878016
4.02763
16.7234
4.78612
6.21814
4.48152
2.22584
26.2364
0
0.945765
1.85566
23.9089
7.40094
6.94987
1.88534
1.56632
0.852954
5.4587
15.4374
1.70061
6.87132
0
5.14987
7.43197
8.67185
0.00831225
10.1051
2.53276
0.22881
12.0326
0.0263161
0.0719724
10.4816
0.417611
0.175528
1.02514
5.23851
0.113606
0.244004
0.896093
7.12372
4.00288
0.333093
0.340157
50.2158
0.619057
0.000805493
0.66237
2.43052
0.00658334
0
0.0774498
0.0847912
3.20492
0.910265
0.16173
8.89544
6.42411
5.78002
2.47054
0.36165
13.078
11.8878
2.31167
2.51487
1.68482
11.1817
1.27435
7.35332
16.843
7.79378
15.1572
7.58279
13.8444
3.29375
4.40205
5.4009
0.68878
5.64282
0.282161
0.703182
10.74
1.6458
1.55169
2.77189
8.6988
13.9589
2.06782
3.70591
0.00500349
0.124914
0.877326
0.442182
1.09375
30.3232
1.89603
2.593
8.30488
0.642997
1.81385
2.02537
5.1551
10.9764
1.99035e-05
12.1967
7.88109
3.81881
0.325754
0.865817
0.376691
14.2474
0.694892
11.2526
26.04
0
0
11.0695
0.017791
0
19.5565
7.13965
4.6831
0.810331
11.4715
34.8321
0.357295
1.4383
4.55193
17.8954
0.216319
0.0356035
9.656
0.299534
0.857919
0.0488358
2.54615
5.99247
10.2321
7.87261
0.0056183
0.834102
2.63288
1.2478e-07
18.6102
22.689
0.469721
4.44381
12.045
6.51289
10.4084
0
0.00539484
4.46486
0.0703226
1.15924
0.545048
1.06393
4.1641e-08
0
6.59447
8.8356e-07
4.28766
7.60598
1.58821
0.111339
1.61949
0
0.449217
3.30339
24.8165
3.23421
18.7618
15.1235
0.202822
2.09052
0.234406
0.856947
3.25529
0.962851
3.86313
0.00672885
0
0.0766031
1.74176
0.000943298
0.515055
6.24292
1.60813
4.79633
13.556
2.4474
0.577263
0.421119
26.7829
29.8953
3.09548
0.0156805
3.49129
1.01037
2.89453
14.6375
0.330085
0.414527
6.95474
1.56826
0.809799
0.186052
18.4776
7.61496
0.170361
1.0164
0.115866
0.181594
0.600687
0.000193243
0.29619
19.353
0.000291887
15.6211
0.68314
5.07727
0
15.2161
11.2235
10.5853
21.8141
3.71917
3.88322
30.2213
2.92086
1.05725
0
2.08274
10.0554
11.2916
12.7733
13.409
1.21893
1.84896
1.60299
9.03112
21.5344
39.2723
36.3729
0.842053
62.6814
5.72328
8.41446
28.0421
15.8819
2.29267
1.55475
2.42771
12.3515
1.30708
0
12.5392
14.3151
0.07219
5.37473
3.14589
0
11.2622
8.97351
15.2837
1.0596e-05
0.728958
4.51599
2.13843
3.45746
13.8372
5.75182
24.3653
6.19774
2.87872
0.655664
1.23817e-07
1.54366
5.00189
18.2778
9.33498
12.0584
10.7638
7.45477
7.87744
14.4825
13.9745
19.7454
23.6925
38.1498
7.28211
16.5472
0.0232586
1.51409
0.00331751
1.45622
1.95965
3.13918
0.172994
0.0620932
17.0739
0.725069
1.5011
3.00973
8.61962
6.41453
12.8043
5.20315
37.1486
16.3468
5.29047
5.22606
1.25822
14.6956
10.9306
0.000446556
5.10218
5.55701
4.76889
8.01556
6.00902
12.4777
0.902389
0
1.15061
13.3831
7.10554
1.00299
0.483619
12.1427
0.0509671
0.0961363
0.418373
1.23685
0.000146174
11.8553
4.23033e-06
11.5611
1.21914
23.0728
12.6998
1.1188
1.4321e-05
1.12982e-06
7.33141
12.1754
18.6104
15.4467
0.377642
0
14.5212
18.6407
6.36806
0
11.1348
13.1977
6.475
0.657752
8.20088
9.02764
1.9551
7.18982
0.00222248
0.000691559
3.27851
0.284865
0
0.262696
0.000685714
0.0323761
10.3081
0.0192555
1.69044
4.41934
2.2934
0.537609
4.66414
5.88081
6.45875
0.0027088
17.1157
3.19063e-05
2.82242
3.87878
0
4.37903
6.23978
1.24774
3.87539e-06
0.0948146
0.630537
43.7966
40.4838
5.3686
34.2806
0
5.65758
31.2776
21.6464
0.629901
7.76677
2.98983
26.3212
9.88587
1.486
0.0110844
0.571361
4.80487
0
2.76354
0.114963
0.8635
0.948187
0.00529453
3.56758
0.782906
0.118816
0.00589169
3.39286
0.00890582
4.9531
6.17053
0.568444
6.35469
0.0755367
4.80582
12.9508
5.97819
4.13524
0
1.20715
0
0
0
0
0
29.5477
2.85224
2.16477
3.0202
7.89423
0.770455
7.68977
14.9046
0.73881
19.8841
18.2777
24.0263
27.1298
33.6712
20.1385
25.2277
0.970525
7.25276
22.7721
17.4677
21.2245
26.6865
0.131637
28.4832
9.24532
0
6.90965
0.00578752
1.08238
13.9952
0.646435
0.0531907
0.276242
0.00435811
5.10293e-07
0.00432978
0.00846233
0.0100036
16.1864
0.415272
1.63721
1.0061
0.0141076
4.4129e-06
0.00439221
0
0.0292784
1.97208
0.0635979
8.89971
5.0813
28.3498
17.7209
0.565047
0.44545
10.3608
13.1363
0.933817
1.65115e-07
6.8056
0.906022
4.61256
14.1084
1.32584e-05
0.168803
0
1.13501
4.54812
10.2933
0.33792
1.18985
3.58589
0
0.049049
0.0166724
5.27334
5.10539
0
10.6185
6.50826
2.25281
1.48699e-06
0
7.70606
0
5.02082e-07
0.209265
9.79197
32.948
1.09327
4.45694
22.7913
2.80135
15.4674
21.7306
2.40633
6.30346
0.026277
1.07256
0
2.14453
6.08743
0.885094
5.11583
0.129823
2.87194
0
1.06715e-05
0.827829
0.19279
0.0811682
0.035223
0.834071
0.168595
2.00428
6.83746
0.0898961
12.1581
0.0750938
8.48352
1.10219
0
2.69594
0.00544719
0.141624
0.733955
6.90427
8.2815
5.07524
32.6172
7.47179
7.91021
7.9836e-07
13.55
24.6095
0.017751
3.52978
0
0.415934
0
2.21629
12.4009
0
2.53657
0.0271484
2.93667
8.90266
31.0788
3.45883
2.87257
2.61682
1.60708
0.0245992
0.112208
0.00940419
3.47497
0.28687
0.000754448
1.58791e-05
3.44477
4.61489
10.2049
0.461871
0.791318
0.371643
2.96128
2.80329
0.000142459
20.1945
0.0964833
22.0634
7.95378
0.871199
26.8441
44.3032
0.538484
0.508209
28.3534
32.2274
7.60875
4.06525
4.25774
27.1338
9.31243
7.74855
0.285473
1.99824
1.45158
8.35558
10.4991
9.54397
0.079526
2.70649
8.14649
8.40529
14.5525
3.39178
0.000987359
0.000166703
0.00285789
0.171417
0.889144
0.718463
2.18736
1.06133
14.4519
0
0.530866
2.63814
2.02129
0.147423
15.0748
1.10057
1.63085
12.6443
17.9881
3.58032
21.8336
5.94884
2.75699
0.398886
14.2236
12.251
20.2211
6.34519
0.061973
0
3.74725
7.03997
1.58231
0.915166
2.98377
0.000923635
3.87286e-05
0.295163
1.87636
0
0
0.00235362
4.18159
1.99867
3.33816
3.98532e-08
41.4353
0.150528
0.10424
0.138354
2.19896
0.0882234
6.01071
20.2552
0.00310354
2.10586
29.4402
2.90312
0.00705009
33.8866
2.06201
0.369779
1.5472
0.0090955
0
0.0134186
3.39646e-07
0.773865
1.67766
0.138092
3.85223
2.00882e-06
0.00267178
3.59289
7.1725
0.992908
0.221996
7.79903e-06
0.00667792
1.04608
0.598105
0
25.9354
0
30.3912
0.795045
3.29197
9.19954
0.97516
0.00590917
6.20778
1.10184
0
0.000242148
15.391
1.08597
1.01125
18.6335
12.3891
3.19053
0.00406899
0.77764
0.763704
0.000315946
0
0.0117443
0.146595
1.0294
1.68337
13.1519
3.95235
0.0316986
0.8422
1.98904
0.136482
0.904329
0.0435772
3.90886
0.582384
0.0667733
1.64877
1.8585
0.515221
0.551595
0.899699
2.40388
1.10493
0.944191
0.914417
0.942513
2.91759
0.143484
0
0.796527
0.17244
0
0.803779
0
0
0
1.05563
18.305
6.31518e-07
1.70647
0.990026
0.0066076
0
26.8436
1.95924
9.75964
0
0.67127
0.775156
1.79521e-08
1.11772
0.51935
0
0
0.0345133
0.648284
1.03451
0.93213
5.42922
0.0246338
0.0906197
8.00801
0.86386
2.6594
9.78949
0.505205
0.147027
0.00231035
3.88442e-08
3.55407
0.660563
0.181788
3.5245
1.19835
0
0.578304
3.35627
0
0.0116944
1.09534
3.46153
0
0.0600853
1.46495
0
5.8046e-06
0
3.89539
0.767956
22.8539
0.0503285
0.000235196
0.53258
0
0.581555
0.0118903
0
0.956781
1.00913
13.685
0
8.84462
10.8213
10.9476
48.5498
0.0566541
15.8052
2.807
13.2847
19.3669
0.455524
5.23431
0.926135
7.5116
0.797968
2.24553
0.134131
0
2.62795
13.7176
3.15961
0.166052
0
6.7098
2.73764
7.10247
9.36257
1.9238
11.6722
6.14005
25.1996
0.0313809
1.80401
15.5788
0
8.73789
6.29003
14.6486
41.8171
1.63149
4.69398
23.7667
12.9113
43.8726
44.3458
26.372
4.54694
1.84032
1.94276
8.72976
1.60665
0.190853
0.523026
0
0
5.66853
12.2688
6.55297
0.136842
1.05819
0.183986
0.861513
2.93018
2.69366
2.47542
2.26327
2.35258
1.63688
9.20295
6.15277
2.38772
2.80417
0.000495704
0.500362
1.44781
4.29617
0.551041
0.989607
0.0666881
2.29382e-05
1.39994
0.0038572
0.835009
0
0
0.0440096
3.92028
0.166034
2.51404
2.10022
0.00156757
1.34625
0.0133981
2.36968
0.342374
0.942724
0.985651
0.106179
0.145206
0.0304344
1.31038
0.0224037
0.0941939
0
0.292726
0.803192
1.36218
0.000895234
2.83856
0.0176781
0.54031
0
0
0
13.7127
0
2.46994
0.949095
0.0535727
0.304986
6.04003
0.0931762
1.7988e-05
0
0
0
6.36776
0
0.00911581
1.85821
0
0
5.23939
0.91224
5.41005
0.0185094
0.411643
0.15355
4.96368
23.9496
1.40123
16.678
16.1354
16.7883
15.4788
31.0118
31.1007
38.3013
42.1179
27.5168
28.2199
15.207
0.0458088
0.526869
15.7836
10.159
16.0604
17.7559
9.57672
3.85721
4.28806
7.85403
13.1608
24.7701
4.38165
9.56803
19.9203
12.1885
12.1553
8.73864
0
13.2946
0
11.3085
27.1563
36.9483
17.4524
2.95656
15.9976
14.196
9.15519
1.34637
12.7943
7.25234
9.85389
8.05002
39.5852
14.8083
22.0851
14.032
14.0855
12.0834
14.0338
8.90727
5.56599e-05
9.18667
7.21338
8.72793
0
7.25135
5.91723
0.843597
0.833015
1.1911
0
6.0709
2.52069
5.06671
3.9024
10.6316
1.90165
0.15148
1.01946
0
0.247941
2.30934
8.22655
0.158719
0
2.34047
9.21249
0
0.962088
0.0963288
0
1.5943
0
0.0099889
0.527149
0.311969
1.97876e-06
2.78701
3.57092
1.76785
1.06841
1.80014
4.00941
7.3934
4.9627
43.5951
12.5193
12.2667
9.75908
5.78914
26.235
5.87548
31.7223
25.3285
15.3449
6.86675
0
8.54186
5.68896
7.70248
2.64548e-06
7.29437
0
4.00121
3.36855
0.159715
6.66337
5.70912
4.9727
4.46798
2.08891
0
0
2.71227
1.51188
2.66478
0.390313
9.89825
0
0.422969
2.31466
1.2253
0
0.020922
3.79673
1.41514
0
0
1.03342e-05
0
0.162288
2.19972
0.0218092
41.0838
0.214961
0.00580942
0.294339
0.901728
19.7533
8.12643
0.0675098
1.29276
17.0968
7.0788
0.763819
7.49367
0
1.48747
0.0081657
1.37632
2.78157e-07
0.936402
0.783588
6.96463
2.73421
19.8083
1.8549
0.220198
3.68664e-07
0.67729
0.17633
21.2753
0.000193449
2.32979
1.5597
6.03928
1.63724
7.4806
4.89381
8.58228
5.15803
19.5587
8.66872
0.373777
4.2019
7.62809
2.4333
0.677022
10.4462
1.8299
0.000518208
0.970814
0.000241877
2.7295
1.53581
27.3503
2.63176
3.95708
2.7599
22.9893
5.59657
4.79652
1.57225
2.74531
7.73625
3.6106
2.37466
16.6469
1.1611
0.0131984
0.049567
0.555268
0.725802
0.0197611
3.9687
26.1886
40.0492
29.0385
0.365316
23.0118
24.0972
2.43122
11.3766
0.957543
87.4953
4.29251
2.29175
4.36649
27.0588
18.3139
9.33511
16.0136
27.0105
0
1.71596e-07
0
2.78327e-05
0.72533
0.0193781
0.838123
0.0318553
4.2501
11.0199
15.3538
0.0655978
11.0886
0
0.00582665
0.035744
0.297802
0.0967948
5.96629e-05
0.00205491
2.47204e-05
1.1131
0.276895
1.03697
16.1287
1.69684
16.2981
1.01703
1.91681
0
0.000984814
8.5401
2.92842
0
28.9434
3.30389
6.58049
0
7.63844
3.48005
0.000140062
3.87766
8.03956
0.637631
0
0.492137
0.0849657
0
0.578853
13.4457
0.385845
18.7864
3.49225
39.421
0
0
0
0.934712
0.0425627
6.33405
13.9444
20.0928
0
8.92652
13.6621
15.2669
6.78915
2.13756
0.225944
16.7158
0.992218
0.11368
0.981928
0.619603
0.00370008
0.288015
0
0
0.0026654
0.596516
0.00670533
0.296893
0
0
0.685196
0
0.0252044
0.77604
0
0
4.93719
0.781288
0.0636033
0.0119417
0.985488
0
4.16588
11.3459
0.00139505
1.34069
2.48929
0.0052596
0
2.81465
0
9.28372
1.84943
4.03808
3.04835
3.79564
2.18898
1.49486
2.79647
1.99211
9.51925
3.17268
4.71034
14.3307
9.12993
12.9138
5.87623
6.98606
6.6194
12.8083
9.19321
13.5808
10.7503
12.1751
23.189
13.5859
8.84466
17.9585
6.91043
7.83834
4.35447
2.80496
1.65243
5.87351
3.48381
6.81443
5.06708
0.547831
1.84678
0.267067
2.85463
0.949106
0
5.79343e-08
0.6125
0
13.7838
20.4299
0
0.729949
1.90504
0.676759
0.91589
0.956335
2.48801
0.0159592
9.89855
3.41289
2.30916
1.94226
18.438
12.3281
1.90859
20.5824
21.0507
8.88226
8.37089
2.74687
11.7442
0
7.76738
16.7793
6.10857
18.2135
5.34594
6.25693
9.9961
8.90737
2.71474
9.83335
31.4852
5.48859
2.23642
1.28115
3.24568
15.0563
12.4579
7.1192
22.106
18.6908
6.17461
21.6583
32.6083
32.2927
13.5767
12.0791
8.37417
20.4924
12.0339
6.61795
11.1829
10.82
7.7512
0
0
0.980286
0.765355
3.2902
4.69976
6.40807
7.49896
8.58738
9.55274
10.1972
10.3622
9.72337
7.82868
9.92455
7.93095
4.93558
3.38544
2.25564
0.598842
7.21759
2.01895
25.5455
2.46901
2.22831
6.81889
7.79299
9.70546
0.842025
6.45919
3.50227
16.7124
9.01213
12.6081
11.7772
3.589
7.74094
10.9352
25.1608
46.7742
21.7076
16.3648
3.5745
0
1.08816
1.04667e-08
5.94615
17.505
14.2886
17.9951
0.0510361
19.6391
26.6813
17.1596
14.4508
11.0476
18.2387
23.0033
25.6923
0
0
0
57.2349
60.8586
48.7837
1.63953
108.573
2.72677
9.90813
0.092717
1.56702
0.00994572
3.02884
6.38765
0.894512
11.4314
46.5775
30.815
15.3087
8.78095
0.654368
26.439
10.4188
26.1156
6.17121
3.33226
28.7981
45.7839
58.2979
16.846
11.2127
8.83732
11.7187
8.94205
4.913
14.657
21.2925
34.1101
10.0358
23.6643
15.4596
9.5048
9.55801
31.1275
4.41794
10.2331
17.7609
14.8421
21.8853
11.7099
5.96436
0
7.197
0
1.85614
12.6798
11.4129
7.45932
2.95296
11.1745
3.06058
4.77936
6.9249
13.382
14.7995
6.56127
4.18377
15.5964
7.95363
4.58647
3.03809
3.20677
8.5974
4.94377
7.78849
10.1054
9.91576e-07
7.92753
2.03523
13.6054
0.64171
8.15517
0.380365
1.51427
2.15779
10.2147
2.74667
6.54122
0.847168
6.08549
13.2104
0.237022
1.17893
0.900014
4.08744
3.55048
4.83857
1.32268
2.15077
0.495911
44.6573
3.53586
0
1.03797
3.11845
4.17988
2.24024
4.37113
1.35264
0.57017
0.00293903
4.74746
2.72637
0.708573
0.233934
8.31689
2.65701
1.03719
1.81274
0.336733
3.30237
0.731707
0.246656
1.46302
1.94277
1.25155
1.61355
0.706296
0.751886
0.179236
0
8.02028
0.0640602
0.780023
1.26201
1.78504
6.00589
0.1607
2.58917
0
0.912153
0.291484
0
7.68348
1.32095e-06
6.48531
0.000849612
9.9483
0.000525531
12.5425
3.67882e-05
4.20017e-08
11.9933
0
15.2833
12.0226
30.212
0.00332257
6.77632
0.0117022
0.053718
0.446091
0.00182878
4.29503
6.41697
3.2056
0.71289
11.0015
0.0822002
0.554092
3.03516
0
1.94538
0
0.427462
0.000210816
2.97024
6.09326
7.93011
0.545719
8.58565
3.13673
1.03251
5.90784
33.2534
1.0051
9.12718
0.287164
21.2983
14.5686
18.6349
2.83962
4.26644e-06
0.952568
0
4.8912
17.3131
0
0.144628
0.770278
0.491982
0.510929
0.00614642
0.875372
0.734837
0.00201202
1.20629
1.28391
0.294395
2.80365
3.07758e-05
2.1645
0.946521
0.387382
0.00681103
0.426427
0
0
0.700092
0
0
0
0
0
0
0.327746
11.3703
5.59184
12.0199
10.7457
11.6299
7.47016
2.19574
0
0.171087
0.00194075
0.104527
2.11806
0.9762
2.94308
0
0.817136
6.529
26.5092
18.0243
15.9301
8.10786
0.222875
5.50033
9.52701
2.29167
4.06677
13.2927
4.1929
11.1637
2.42083
0.399583
0.0987524
34.7484
12.8898
30.6219
2.92794
17.8348
1.13405
54.1406
0.0674199
86.579
89.6566
4.46811
0.00472645
0.725907
1.95503
1.55781
0.695568
8.4977e-06
0.184643
0.0156316
0
1.82665
12.4153
0
13.3275
0.200915
10.9273
3.26688
5.90593
8.13752
14.3284
5.66496
1.44496
0
7.69203
8.01544
13.1017
6.62478
14.2667
4.73219
8.81085
0.202255
8.73247
0.193268
14.8024
12.2682
6.02666
1.71211
0.324007
8.19931
7.42979
19.558
7.43919
5.67711
5.42126
5.29822
1.41978
7.90465
7.57441
1.59006
3.16534
0.00146331
3.51262
19.5107
1.38029
0.726581
6.54784
0.0834188
7.12326
3.41687
0.0844881
6.24057
0.598092
30.3221
0
39.9618
34.9489
26.9114
31.4696
19.3427
10.4947
1.60292
3.1553
2.18374e-05
0.154896
7.09939
0.106045
0.167937
2.25219
3.75605
0.512141
2.1266
8.71534
9.70218
0.171378
0.00652795
6.22975
0
0.00290579
0.0080742
4.49651
0.993861
4.50918
2.91323
0.933676
0.0116065
1.63074
0.000141331
0.9056
0.252024
4.1566
2.60294
0.0534806
1.59117
0.0293666
13.5052
16.4171
1.34343
6.2761
18.9466
1.67378
9.24568
1.10495
26.3409
0.0350371
20.8712
2.31145
2.35272
13.3704
0.475631
1.7318
0.00177405
0.649721
2.92311
1.78979
0.0712143
0.104195
1.89511
0.294018
0.222978
7.47885e-06
0.00112638
0.939743
0.546281
0.0555726
1.53371
4.16986
8.92473
2.63027
0.000217071
1.0735
7.26363
0
6.84736e-05
0.0341011
0.0330752
13.9867
0.888863
9.98368
12.8819
29.9834
10.4151
29.3274
7.30782
19.4126
0.697743
9.17781
9.68666
0.810081
4.67231
3.7424
1.5478
6.95572e-07
23.7598
0
17.8083
13.397
10.9308
2.9712
13.6182
7.58801
0.624679
9.3446
14.7092
6.52435
13.6346
1.55906
17.3782
0.0567374
19.031
10.2091
0
7.67383
3.13725
4.11119
0.57638
1.21701
10.0489
4.4156
8.40694
10.4331
1.92637
0.0176239
42.5749
25.2796
8.50457
4.40043
6.55389
4.91716
12.0614
1.90098
12.1088
4.88279
18.1486
8.21648
16.8979
7.07606
8.66741
0
7.03067
5.25173
6.63736
11.9114
13.4721
15.8673
18.3273
13.9038
22.3337
14.7482
8.67199
19.7211
14.5114
8.8901
34.6282
16.8578
10.1229
17.7451
20.0347
0
16.7354
25.7955
11.4336
8.26864
8.556
0.341791
2.44703
1.00996
4.79326
0.864436
0.00187703
0.281084
0.0099762
0.019375
5.45475e-06
2.34874
4.10413e-05
0
2.51278
0
17.7552
1.42575
0.610386
0.0163311
2.41295
27.7577
10.8347
35.9153
4.60754
18.8525
14.7363
29.8648
16.5253
0.748572
18.5496
16.3026
15.4351
2.84006
14.9703
17.2954
53.7572
24.0499
1.67143e-06
18.8778
17.8987
8.82004
0.0333596
8.65352
9.44649
9.59775
19.7419
7.79508
9.64242
19.9037
3.4341
0
2.11096
3.25946
16.0242
2.0507
7.44972
23.6175
16.4938
11.1502
12.72
0.340073
9.38217
0
12.7661
13.7573
8.09792
13.9914
8.60128
37.6184
40.9413
31.0095
21.2201
11.5525
4.71172
23.5734
0.0369862
13.605
7.54264
11.6068
1.0768
7.21054
3.67676
6.28768
9.13117
2.90354
12.7736
9.42061
0.621167
4.35823
5.21488
9.7533
7.86351
14.0382
1.00737
2.60089
16.2958
7.78398
1.41497
2.9199
1.52883
1.82851
2.03921
17.9768
3.00921
2.72275
16.9372
10.7361
11.2325
0.000325723
2.05967
69.2297
0
1.68279
2.508
6.81936
0.581926
2.82724
11.197
4.9215
4.38026
2.68597
3.97583
12.7302
11.2009
10.2964
6.79954
9.07554
10.0386
10.0904
11.4089
2.45461
16.36
15.0847
0
4.63953
13.2278
15.5857
8.80736
1.13956
11.947
1.00104
13.3179
8.2872
22.3661
13.2279
14.642
26.3591
18.9769
9.38206
12.4258
5.34556
4.87186
10.0071
12.0801
2.96941
0.505469
8.69307
13.7402
5.26619
13.9387
0.769608
0.221495
7.24885
1.77159
26.6312
11.6328
0.14321
16.3735
0
10.2322
1.16817
11.0011
0
1.66525
3.21097
6.7352
11.7269
2.95465
2.82974
5.18832
1.61506
4.06009
9.03743
5.20899
15.7641
7.59405
0.0330839
4.14827
4.27224
7.82898
1.64425
2.67043
9.37619
9.49139
19.2684
4.98099
14.3377
11.7003
0
6.06677
0.00499734
12.1978
4.0374
1.26776
35.3608
2.88154
1.40336
39.5254
0.932739
58.608
1.68658
36.4222
3.85596
2.11202
25.8795
0.669044
1.20435
0.0400218
0.505326
0
48.7039
3.66365
2.6221
8.46259
13.8157
30.1961
10.3934
4.32175
11.9067
0.911935
22.8495
31.5975
1.8436
42.729
40.914
0.776478
18.2563
0.840156
15.4742
6.65304
1.93432
6.80521
1.54471
2.46142
3.69862
0.943132
0.0399843
0.468738
0.0457177
0
3.48667
11.2057
8.50472
0
34.5916
10.2393
6.07834
9.3438
5.58622
2.7217
6.78664
3.6686
12.599
16.6833
2.59414
0.933842
1.32797
1.58823
2.55236
4.63557
0.481052
3.56517
4.96032
17.2023
7.93797
2.61619
3.06846
41.286
2.17395
10.0339
7.06039
88.8317
8.23814
2.89731
3.1081
5.85246
4.09171
5.53124
1.58441
6.95213
3.65948
5.28868
2.89664
2.12507
3.29561
80.2311
3.56356
30.9603
1.91398
0.00597688
30.2883
37.8829
0.780181
0.315684
0.00554962
0
6.23736
0.478096
0.00609073
0.0215328
1.87339
3.53605
1.09766
1.294
9.3022
1.10439
8.89367
13.7629
0
0.736893
17.057
0.66807
22.8508
0
2.95141
1.36739
0.304995
0
0
0.61624
0
0.912953
8.81372
3.60028
0.0107621
0.114815
0.0379524
0
0
1.28237e-06
1.24404
7.91279
26.2141
17.2839
2.59567
11.0436
2.03071
20.304
10.0146
16.9209
14.9081
7.99546
9.18732
10.5529
9.49167
5.30591
3.54596
8.41766
11.3816
2.24477
4.47913
34.906
8.63969
26.7766
11.8933
10.3807
5.54979
12.0162
0
0.033738
7.8815
5.59799
1.64274
4.17421
1.8072
3.20406
8.37066
0.775835
1.06707
3.2648
6.90091
6.55517
6.8213
9.81948
12.3282
3.14458
1.75315
4.01921
0.650786
8.4842
8.90022
9.69574
11.1151
2.5665
4.02084
1.01137
3.89284
0
0
5.29866
3.07312
1.60063
0.626167
2.50488
14.5856
18.9031
0.000296019
2.57944
4.88712
8.97787
49.4355
15.6462
10.0751
1.82876e-07
0
9.48651
14.619
2.62267
13.1151
6.12982
1.00425
22.0276
9.96514
0.355096
0.000328417
0.303008
10.749
3.06077
2.09275
2.7018
1.37965
15.846
4.2651
0.458243
10.8636
0.0160323
1.74365
0.342526
7.16204
7.38085
2.97825
0.59244
23.1147
6.00402
0.571836
0.00912947
0.0648864
0.000552802
7.15143e-05
0.00583693
16.5402
1.79343
3.77908
0.0132665
1.13353
0.0178192
29.7076
0.00281015
39.4019
31.4019
0.809116
49.6998
3.2503
0.794863
3.22014
11.9471
6.98798
0.000388359
0.952342
8.71398e-07
0.8992
4.51946e-05
0.0603174
0.0221993
2.25985e-05
3.19272
2.33554
6.78853
4.92378
0.0620201
0.945133
1.67634
19.0921
1.03129
3.37007
4.07324
6.29216
3.72762
19.5264
17.4257
10.1006
9.80636
35.0456
2.73461
8.89884
25.9117
1.18739
0.0128137
6.40434
5.40818
2.71714
16.8874
9.31696
0.644601
7.64482
38.4632
0
0
0.00180238
0.00637748
0
0.00283223
0.061409
0.00288305
1.56055
0.694154
0.176447
3.56075
0.551218
2.40827
1.15218
5.45189
0.0336581
30.8083
15.8498
9.09222
24.0977
26.401
31.9346
17.908
2.51587
2.41669
6.15291
4.99551
1.99649
12.3071
10.7475
3.01172
2.05594
16.8744
0.72986
19.7161
13.4284
7.03984
14.3949
12.0672
5.80394
12.2812
0.0138524
3.9258
0
5.87749
3.59668
2.02684
11.0707
10.5449
0.740811
20.5483
4.64264
12.4307
12.9746
0.83849
6.65215
15.6715
6.77239
3.75644
13.155
22.4157
1.01483
3.57667
7.04895
3.74339
2.08153
0.000232812
12.6514
0.131616
3.71576
3.00333
2.56931
2.75314
4.08481
1.04765
0.885257
2.57933
3.18564
2.08574
0.0912059
1.38754
3.43834
2.41207
1.30419
1.35073
3.46287
0.520317
0.181994
1.13994
1.43581
0.647028
1.47446
0.46638
0.699976
0.10646
0
0.087878
0.644161
0.810123
35.1005
0.671875
26.8823
17.1776
1.21401
9.36638
10.2843
0.400391
0.0491931
1.58728
22.9457
0.0086105
3.77952
12.9633
33.0594
0.096707
5.2461
11.035
17.9471
22.193
7.86572
15.1429
12.1894
4.91417
10.2836
37.3084
0.897044
0.996049
10.7101
0
3.81638
24.5106
5.80097e-08
3.15643
0.120573
4.58407
0.858089
2.91097e-06
0
0.758637
2.47918
0.483886
0.0885416
7.51232e-05
1.77316e-05
17.5202
18.698
9.22314
8.10325
1.71397
13.8891
10.2035
3.34526
14.3305
18.8741
17.8312
2.5935
0.675515
0
8.37124
1.22862
0.666501
0.579499
1.20955
1.84156
1.24494
8.07738
0.916391
2.73137
13.9372
2.36958
1.80134
0.0184459
0
6.97968
30.0946
3.64625e-06
0.0957136
0.778467
0.87697
0.149046
0.0912886
37.9032
0.0172036
0.113708
3.30227
0.026233
0.911117
1.89895
1.33609
0.417913
0.014921
21.8547
22.507
0
0.124328
2.58598
0.14771
9.42031
0.54417
0.441082
4.24205e-07
0.134418
2.11419e-07
0.00132559
0.00403604
0.261793
0.00298269
0.310209
1.15242
0.0452984
0.965401
0.00203755
4.21966
0.969601
0.843575
2.62525
0.844668
0.735925
0.1324
0
1.28953e-05
0
5.33863e-05
4.7279e-06
0.0827977
0.940214
0.968285
0.928673
0.00511716
11.3402
0.0569386
0.908912
1.15932
0
2.06669
0.497313
6.63939
0
0.681764
0
0.699138
2.66991
12.94
2.70523
0.413246
1.83984
0
2.19781
5.15264
7.46877
1.42402
0.0119541
2.36186
2.25246
1.54028
1.582
0.252146
2.17438e-05
3.12233
0
0.913908
2.53311
0
1.81094
1.15085
0.198919
0.941585
15.7853
2.63167e-05
23.3884
4.18495
1.29022
6.73926
0.815539
0.22353
36.5295
2.71219
1.86226
6.37605
11.1041
0.874575
0.130507
0.156099
0.068882
39.6421
3.00567
0.885431
9.24797
0
1.58248
1.27689
3.93761
0
1.63116
15.1184
6.21754e-08
0.106444
3.78214
0.964208
0.0722672
0.0494332
0.912428
1.9292
0.272335
3.19658
2.58282
4.26687
0.471549
6.19309
35.1536
1.12084
0
2.45021
0.00533158
1.80225
12.6201
1.39396
5.16231
0
2.48761
64.4593
17.2529
18.2265
0.00302101
14.5805
21.2176
22.2051
29.6416
2.93786
1.74663
27.6945
0.6898
36.9294
1.15589
9.8487
17.0886
1.95224
0.467872
2.19113
0.0159148
9.7428
1.53254
1.54425
13.0226
18.1054
0.0692876
13.3176
14.3292
2.46424
8.28792
1.17893
11.3545
17.6538
0.148303
3.46792
18.5868
8.88758
1.00215
0.866206
10.9318
5.8044
6.67163
12.5685
10.7228
6.85404
16.3055
10.1157
0.216445
13.8715
0.275654
7.88484
9.97318
8.28665
8.24321
0.548794
0.0827709
0.967295
0.53503
0.999007
3.37735
0.365838
0.613694
0
2.96102
2.47538
2.98628
0.904074
0.00371868
0.00270318
0.911335
1.26243
0.173693
18.0041
3.98203
3.03846
0.754436
2.08469
4.77651
0.33133
0.00902076
18.5651
6.01179
2.02748
14.5007
19.5286
0
0.978449
0.380864
0.871927
57.8106
0.150155
0.95151
11.9138
0.766574
0.16295
42.0281
4.70302
1.0632
2.12906e-08
0.01016
16.5236
1.72968
0.208856
42.0941
3.32061
2.79234
9.04916
29.0541
12.839
10.1215
3.44328
10.8819
30.4953
5.72968
10.9112
7.50108
5.76743
3.38979
10.6066
1.00715
7.87842
1.49151e-07
7.11314
5.61407
0.287432
13.5804
12.3767
11.1643
1.80639
0.0548256
2.18753
0.199629
1.60442
0.710536
1.97999
2.77307
0.396193
0.984223
1.03474
0
0
49.039
43.1364
0.000299162
13.2682
24.4993
8.35818
4.50539
3.81765
10.5341
0.208435
10.9711
0.0600268
3.76111
5.26445
3.54636
12.3806
4.36902
17.7228
7.57564
23.8615
29.3263
7.89944
39.0539
0.296301
22.4836
14.9864
15.1304
0.915112
0.0499625
1.56624
0.00079627
0.243478
0.00014645
2.03063
16.9758
0.955696
0.000292699
15.8211
15.8834
33.9697
4.60041
8.96399
0.814435
8.77546e-09
0.801546
0.000682409
7.77797e-05
0.540269
2.78716
0.636553
0.953823
0.018653
9.90275
19.0907
8.27075
11.6588
15.6024
3.28244
0.953793
0.00285395
2.49245
2.66743
0.0379964
1.4082
3.49606
4.7652
0.799268
9.06411e-05
9.91911
0.0115727
1.43926
1.09573
2.54872
0.731992
9.30793
6.56955
3.43624
4.61346
0.906407
0.432868
0.00176129
2.74879
7.18875
0.000541478
0.857324
0
20.6321
1.37375
0.19455
4.3664
0.144795
17.5288
1.35339e-05
0
18.5136
