2.91125
0.881316
1.91306
0.000544931
0.436518
17.7913
0.00584576
4.70313
3.54332e-07
7.7553
7.52492
4.97583e-07
0
0.565656
10.0877
0.00353426
3.80263
10.8979
24.1746
4.85264
3.14978
0.00678587
0.000648896
0.00327934
0.962929
1.45034
3.15214
0.301409
7.98647
0.951552
1.05639
0
6.31104e-05
0.996641
2.48291
0
1.05407
3.2202
1.8548
2.43097
2.7682
5.51299
1.45675
8.27219
0.639155
3.45592
4.70704
0.000363094
0.261599
0.255994
0.989127
0.152041
2.94157
0.868512
2.01327
0.812955
10.705
1.69147
0.0865077
1.06781
5.28536
0.00324973
6.57925
0.154948
9.60717
0.00428782
3.35769
3.09233
1.38389
3.37101
8.2685
3.28421e-05
0
0
2.29927
1.42366
0.397416
2.94887
0.0344589
0.0484167
0.931254
1.12675
7.32747e-06
0.0768145
7.71505
1.26449
2.65123
1.00464
2.19067
2.10556
7.79179
0.738643
0.0025586
0.0246715
3.06048
2.99669
3.66795
2.18282
1.60942
0.00790456
0.990871
5.0937
0.753441
5.43193
1.02582
2.77358
1.22013
1.4029
0.182836
2.00394
0.377519
1.76854
0.185562
1.73193
2.66014
2.78617
2.64046
3.51801
2.73571
0.501856
0.896045
1.42015
0.358611
2.31709
0
1.07851
0.680425
5.03978e-05
0
0.320921
2.44937
0.854776
0.014781
0.615599
3.82994e-08
1.23891e-06
0.851102
2.12178
8.96051e-06
0.955924
1.06584
0.0345333
0.673469
1.93611
0.381805
0.139654
0
2.51098e-08
28.7369
30.8397
0.00795608
0.0308834
1.40083e-05
0.0545472
2.16326
0.66128
2.1377
2.61915
2.50992
0.187719
1.65325
6.43497
1.76941
1.12725
2.20524
0.0337266
0.812517
0.000298548
5.80254
2.4907
0.593367
1.12088
1.88324
0
0.786615
1.87927e-07
0.682148
0
0
0.177096
0.000610448
6.15249
0.312571
0
2.3466
1.81096
14.0757
2.4956
13.7828
25.9411
11.1828
7.47838
4.37897
9.64242
2.7345
0
6.81252
0.88672
2.67081
2.43524
7.23178
39.398
8.07797
32.1952
11.3893
0.651563
1.43361
1.40496
47.0793
3.51064
14.0446
13.0003
1.03452
16.756
11.7848
20.4638
4.24168
14.9839
15.8647
0.795972
2.35887
4.09563
9.19076
0.19
3.44385
9.66612
7.68017
10.1566
9.00455
1.23876
1.69729
4.66336
7.60341
0.10018
5.48694
1.67035
6.09414
1.64415
2.86793
3.73625
0.81772
3.16489
1.81058
2.08369
1.0394
0.812268
0.0154082
0.201761
0.586601
1.20918
0.00643779
0.02526
0
0.120494
0.708728
1.06783
1.08422
2.29766
0.00930333
0
0
0.00650678
0.943463
1.07768
2.85193e-05
0.0238018
0.878252
0.919718
0.061106
0.817616
3.63618
0.491391
1.7708
0.0617204
0.0125627
0.646028
0.0689456
0.039654
5.73581
0.0284769
7.51647
0
0
0.00782527
0.0101665
0.0836402
0.723897
1.31502
0.000175468
5.23134
3.08092e-06
0.00130414
1.64292
0.121176
0.0456792
0
0
14.3635
4.3978
0.0229782
1.81047
2.41674
1.23441
1.32772
0.103734
12.0998
7.3858
1.00247
0.00993279
5.24988e-06
0.964775
0.0201753
2.1812
1.221
4.27958
1.69456
8.56348
0.0381376
1.54934
0.739379
0.289985
0.678468
0.653225
1.59285
3.12645
9.18651
1.8593
2.3251e-05
0.000275905
1.33212
1.10943
1.31273
0
0.0565755
0.0696055
1.58971
2.82239
1.60657
1.98145
0
43.3884
0.588438
3.09052
0.0947169
0.806863
0.185709
0.00110147
0.840541
1.32832
0.870884
0.0104686
0
7.11344
2.25049
0.00139027
0.1623
1.08228
0.0301639
0.0374528
0.187587
1.01071
9.6113
0.0173545
2.44852
0
0.00135351
0.161315
0.474447
1.1033
0.0174445
0.0023683
0.550498
8.40059
0.534226
2.22017
2.54217
0
3.05759
2.83149
3.15893
2.82402
0.235695
0.000104858
3.27295
10.0064
3.82742
0.870062
4.79162
9.21662
1.26086
2.64789
0.403612
1.58785
4.55552
0.026822
5.9038
4.68027
5.40246
5.10898
12.0499
6.99407
10.5233
3.51768
6.53619
4.14562
2.95672
2.8286
11.1637
4.70507
0
5.21133
1.72761
6.25205
4.46573
0.864722
1.07277
32.5898
8.24069
5.45736
2.55846
5.79084
0.77659
0.00623939
0.223276
1.393
6.58506
5.59151
2.18066
4.78674
4.51531
3.15872
0.139133
2.51022
5.43068
4.92005
8.44394
5.79104
0.224872
0.400325
1.02692
3.3349
1.53003
4.61531
11.5685
6.3131
0.0607311
0.00477195
0
2.49968
0.491105
2.66832
4.71453
4.77804
1.27075
9.38481
4.99028
7.4291
5.58173
3.1995
1.58495
1.02317
0.000104324
0
0.0113379
0.998875
4.98287
3.59585
2.48524
2.58533
2.53056
2.35004
1.70581
0.00125337
0.181387
0.199975
1.54858
1.79409
1.363
2.58043
1.93764
7.67406
1.24876
0.013618
4.97352
6.15759
2.72129
5.75077
2.47356
0.0837832
2.7414
5.89932
5.52403
2.92734
0.0274559
0.000305328
6.05584
0.939073
3.23765
0.0044932
0.00407056
4.04454
6.85127
6.0492
6.32099
22.1844
8.57577
2.45567
6.88784
3.1346e-05
5.90164
0.0386523
3.67983
0.017206
4.35211
3.6188
6.86958
11.9378
0.865918
11.7303
2.03646
1.21253
2.31587
2.56819
0
0.655992
6.24337
0.00420762
0.000114326
3.27173e-05
0.223869
0.0850641
7.37856
3.47076e-08
3.69309
0.554778
3.00937
1.76391
1.55402
0.0591864
4.63924
0.0462481
0
5.88655
3.66265
1.28051
0.443833
1.08039
0.384384
0.366812
2.39595
9.85851
7.93896
0.247052
4.5155
0
4.29179
7.24086
12.5758
8.05088
14.2187
2.09794
0.698662
0.225257
8.04611
1.07991e-05
0.000205042
2.55889
0.0065815
0.695436
0.758378
1.49846
4.82696
1.11735
0.38146
0.0557187
1.08117
0.421695
8.0389
10.1506
1.10678
0.0781267
2.05231
0.964891
2.28054
6.88596
0.983791
3.7881
1.16327
1.87098
1.30684
0.272311
0.0861439
9.50391
0.748294
1.44096
2.09748
18.3712
0.580335
7.74575e-07
11.1452
5.72358
4.52129
4.3007
2.34774
3.0225
9.68689
0.00616311
0.0148187
0.182953
1.33388
0
0.0112948
12.5989
2.35181
4.29073
0.908589
0.0263708
0.331389
7.13459e-06
0.787693
1.33614
2.71345e-05
1.20474
1.2736
2.09575
1.59874
1.56996
1.21532
0.138179
0.000964739
0.0788358
0.714612
0.66092
0.687179
8.84712
0.381192
10.358
2.02549
0.0211503
0.0679884
4.92466
1.14059
0.654006
2.02652
0.000473078
0.551094
0
0.101557
2.71843
11.8461
1.44798
6.13128
0.104546
3.24163
4.97223
4.41595
12.3532
0.149687
0.53506
0.0336453
0
0
0
2.84605
0
8.08201
9.90005
6.03339
5.34492
1.71235
0.714731
5.04842
1.87968
13.8783
17.7235
0.0372929
0.38206
0.0438968
4.79782
7.84905
2.22188
0
8.28253
9.74514
0.00432801
4.02455
0.10525
0.978755
0.991181
0.394971
2.07635
3.40204
2.9489
1.07519
8.31254
0.494863
0.644837
0.13986
0.845032
0.529006
0
0
0
0.0132398
0.616294
11.8714
0.429615
0.80095
0.062146
9.53256e-05
1.73107
0.145119
0.231932
1.67357
3.97871
6.72024
5.04521
2.54693
7.34313
4.51137
5.05064
9.90979
3.42026
8.44049
11.3695
0
0.40168
10.5862
1.04919
0
2.34009
3.97312e-07
12.3941
25.2806
8.62023
4.78726
23.3417
2.37521
4.59225
0
1.43157e-07
4.86362
8.86912
0.338524
0.385401
0.423195
0.197946
18.3779
0.515137
1.62571
3.95122e-05
0
0
0.802577
0
2.73789
10.038
1.48877
3.41316e-07
0
0.00681808
2.87393
1.92452
0.0794498
1.35115
4.51818
0.00475743
13.4476
0.582071
2.58585
12.8092
1.72114
10.4833
1.20244
3.69103
2.1354
0.658319
0
0
0.000198832
0
0.290923
1.89437e-05
0
0
1.96171
2.61245
0.57464
22.3424
2.30802
1.29082
9.31569
1.30636
2.06062
1.87846
4.57534e-08
3.255
1.90511
6.36743
1.82327
3.37054
3.28055
3.84078
0.284462
0
2.89074
5.01763e-05
5.27847
0.996612
0.332853
0.00234073
9.40937
5.37176
1.15141
1.8021
1.58642
10.778
0.977963
0.146602
0.0362555
5.21717e-05
0.0026163
0
0.479215
0.0331985
0.00032598
1.5799
1.63654
1.60547
0.404532
0.659235
8.69496
5.93039
2.74927
5.11875
0.824839
3.93238
0.0171578
0.0667217
2.07592
11.1567
3.09858
0.0260498
0.801712
5.24028e-08
0
1.13942
4.42695
4.31218
5.45497
0.00205721
6.11144
3.27247
4.19511
0.000684323
3.29152
0.973772
0.748573
3.39222
0.00756164
0
3.78442
1.48311
0.00215767
0.0928769
9.54264
0
0.0753964
1.76711
2.05436
5.72314
4.12339e-05
0.00457622
6.74861
0
10.8855
0
1.09546
0
0.938439
0.0374189
0.0115055
0.5444
0.0467908
0
1.22541
1.3384
2.8459
1.36178
0.404367
10.2091
2.25013
0.771876
2.65287
0.982425
0.777807
1.08957
2.43414
2.53256
2.15071
5.50589
0.773589
2.55618
2.90505
1.89439
1.41989
3.11658
2.34836
0.328434
0.000212659
1.89601
0.63844
2.90544
1.30608
4.69848
5.35247
3.17539e-06
2.81018
0
0.259733
2.26126
0.011551
9.96598e-06
16.0642
1.37225
1.67777
0.567388
0.0123908
3.77998
2.14315
0.257456
3.66631
0.828945
3.42846
3.42111
1.7191
0
0.743857
0.0262745
5.36086
0.692974
4.22261
6.33984
0
0
34.0551
0
0
11.7391
6.58253
1.96482
0
1.49379
9.63026
0.00150613
0.357129
2.08452
5.89145
0
0.412957
4.75026
0.875835
0.000363229
0.0140614
1.67697
3.59538
1.30352
5.24828
0.306002
0.0977048
0
0
11.4112
4.75666
0.0443511
0.0371522
8.41736
6.36271
11.1209
0
2.69909e-07
0.080169
0.0285173
0.815444
0.10624
0.292672
0
0.00610426
2.88292
0
3.83184
1.08119
0.0219381
0.183074
0.908343
0.141723
0.00104273
0.869564
6.01646
0.665736
7.87733
5.75699
0.233998
0.000555301
0.00171263
0.880712
0.874092
0.84238
0.981389
0.502247
0
0.994221
0.917447
0.228931
0.0106591
0.0541161
1.40781
1.9499
4.6236
0.00299659
0.428754
0.00593153
9.24028
12.2452
0.772502
1.15376
0.772513
0.264541
0.340027
3.91049
0.994548
0.150419
2.21374
0.92286
0.013521
0.000513509
3.31929
3.63768
0.0566869
1.63219
0.992105
0.107152
0.519182
0
1.18849
12.3659
0
4.58887
0.896175
4.176
0.0891592
9.98127
4.79333
2.89963
6.27751
0.950926
3.21898
11.6977
3.16147
0.686113
0
0
0.338395
10.6765
6.07758
6.39589
0.39565
0.659143
1.7029
9.63478
4.62148
3.13304
10.677
0.00405081
14.2828
0.422612
2.88849
17.8217
4.10504
0.124718
0.0154665
0.551118
5.32549
2.95081
0
5.91874
5.77931
0
1.249
0.879011
0.00024601
7.74761
1.59497
9.01793
0.141387
0.0326308
0.789324
0.888526
2.14866
10.8285
2.06929
8.57168
6.02435
1.77526
0
0
1.75965e-05
2.5019
4.7448
1.87039
5.77878
2.95536
2.98823
3.48654
5.03022
4.97059
17.77
18.961
3.87944
3.1833
7.65727
0.339271
4.47484e-07
0.228417
3.09056
0.739918
2.38653
0.0582526
1.73851
3.67877
0
0.740074
1.20495
6.68623
4.1366
13.0078
3.04445
9.92816
6.74277
1.60707
0.26942
0.0157254
6.23034
6.14485
0.52981
0.430177
1.60835
0.130169
6.74604
9.10276
6.43233
0.644737
0
0.0364208
7.6619
2.49728
0.0611826
0.123258
0.360906
0.452587
0.667561
0.331317
0.861311
2.65337
6.60054
0.795244
3.37436
0.0169849
5.41416
2.51568
0
0.532745
0
2.35103
1.28982
7.55544
4.64735
0.00975885
0.000295034
3.63987
7.41903
1.18294
0
7.12891
3.39061
4.04146
0.00181162
3.89858
0.905133
8.04721e-05
0.139872
1.85392e-05
0.352163
0.992557
0
0
0.327928
0
0
3.64278
0
4.23862
2.62615
0.792249
0.0336649
0.176929
1.41599
0.748193
0
10.0418
0.000660691
1.97053
1.01371
0
0.0043141
1.83554
0.907466
0
2.09381
1.1896
12.8724
6.18147
0.641772
5.68705
0
3.40276
6.87944
3.62435
0.0281895
3.91741
2.80137
9.42065
1.65529
1.13777
0.905706
0.0638975
3.29845
0.671524
1.66938
0.223101
0.905488
0.0190482
0
1.69647
0.406994
0.414335
0.0733067
0.967405
0
1.20357
2.2281
0.122272
0.766936
0.0407087
0.987194
2.49297
3.93644
0.00106843
0
0
0.000283479
4.72903e-07
0
0.561131
0.0251411
7.89488
2.0536
1.28047
1.26062
1.34447
0.00730169
7.87224
6.21099
1.23514e-07
2.62964
12.1592
14.1291
15.6036
17.1803
15.5652
6.12231
0.252862
1.08582
15.914
10.0126
4.13149
9.02691
0.919905
5.82608
3.5698
0.0800051
2.84205
0.0278623
0.472488
2.41371
1.74285
0.0152248
0.20961
0.0104461
0.00128229
4.92359e-05
0.00102302
2.82498e-05
6.73655
0.0529768
0.460752
0.0564642
4.86141e-06
3.24755e-05
8.28301e-05
0.0288336
0.0050998
2.10095
0.0841981
2.9921
2.21119
7.67454
10.2233
0.0317051
0
11.5349
1.94152
0.163542
0.236066
2.19693
0
1.22761
2.15449
0
0.0665847
0
3.89291
0.898632
1.68567
0.013182
0.609485
1.24607
0
0.902105
2.98622
1.85424
3.67073
0
7.52906
2.32958
1.70149
0.000281348
3.27204e-07
8.75125
0
2.51724e-07
0.448799
4.03958
11.4699
1.30848
3.56473
4.57673
0.0523162
3.48654
10.4929
2.72992
3.13885
0
1.42491
1.09368e-06
2.76701
10.1539
3.03792
0.0706668
0.103813
1.45839
2.65745
0.163777
0.642364
0.521234
0
0
1.80278
0
1.12029
2.13538
0.0391546
10.52
0.060075
2.58845
0.0251212
4.22454
0.690583
0
0.05945
1.24971e-07
5.65265
1.37821
3.073
12.017
3.36992
2.71411
0.589555
7.96602
7.8036
0
0.852718
0
0.285359
0.00059678
3.6374
3.15923
9.07635e-05
0.0222905
6.55694e-08
6.71171e-06
4.73763
2.65422
0.0546327
0.367603
0.674704
0.00110464
0.039538
0.000244074
5.94967e-05
1.3469
0.864852
0.000470513
0
1.84846
1.34387
1.64731
0.380359
0.697405
1.37057
1.89286
1.38475
0
4.85572
1.28314e-05
3.47632
1.82153
0.396327
19.6804
14.4152
0.127061
0.736767
12.777
16.2097
2.11016
3.49877
0.0398714
9.889
7.26429
2.41937
0.0700802
2.25648
1.18972
0.927715
5.14921
9.65304
5.1141
1.21853
5.10567
5.43625
5.4685
0.457134
1.63909e-05
7.67644e-08
0.563155
0.667129
0.0565566
0.00022595
2.74517
0.833185
8.94469
0.185792
0.118928
0.604483
0.998535
0.0548198
5.41802
0.0234005
0.164063
4.04404
10.1994
0.544276
8.70618
1.32123
0.180641
0.0604663
5.36048
4.71316
13.6532
5.66793
0.778908
0
2.79935
1.04379
0.0451199
0.183687
0.848211
0.183883
0.104231
0.0515575
0.00163631
0
0.122466
0.00609682
5.06932
2.0504
2.67593
0.000144384
36.7027
0.0601205
2.12521e-05
0.00962672
1.5009
0
6.59731
4.25389
1.49346e-07
1.14709
12.6365
0.597547
0.894468
29.4545
0.291532
0.859282
0.375632
1.95091e-06
0.0023945
0
0
0.396125
3.82856
1.55884
1.7221
0
0.00595362
0.91404
2.05993
0.234189
0.0061164
0.0506378
0.0233885
0.122795
0.326173
0
15.0906
0
17.8748
0.00740804
2.07624
2.19311
2.66823e-07
1.15243
2.78859
1.01313
0
4.24917e-08
7.36101
1.38297
1.6962
3.33173
0.180723
2.12483
0.1164
0.00590032
0.229556
1.27923
0.997065
0.998754
0.0198958
0.0539099
0.149293
7.39203
4.7587
0.0238756
0.788135
1.94135
0.767273
0.0500911
0.0579012
1.92024
1.14372e-07
1.61878e-05
0.725702
0.0229195
0.717199
0.916925
2.2725
0.00837308
0.486615
0.0477426
0
0
0.0603638
0
4.01613e-08
0.000229243
0.494799
0.350412
0.0174808
0
0
0
0.465525
2.71793
0
0.0510449
1.73909
8.25289e-05
0
31.1579
0.022657
2.75795
0.0154921
0.921478
0.073362
5.12541e-06
0.966141
0.600417
0.875093
0.843871
0.0464105
0.015637
0.999063
0.28893
2.05907
5.70298e-07
0
1.82103
2.66233e-05
0.707907
4.15503
0.0145829
1.42741
3.04247e-07
0.000254074
1.4829
0.00395559
0.209009
1.82827
0.0100278
0
0
2.45919
0.0980282
0.116085
0
1.19475
0
1.03578
2.66354
0
3.25252e-08
0.000612859
1.04848
0.159179
9.93985
0.105748
0.0158114
0.428651
0.83899
0.55537
0.277712
0
0.0101188
1.42783
7.25588
0
1.34738
3.32225
4.28828
16.0946
4.62719
9.61125
1.27558
5.18831
0.103415
0.206933
2.72724
0.000564252
5.9429
1.45345
1.72062
0.000286749
0.00524998
0.704026
15.2806
2.37339
0.0500245
0
8.48022
1.47555
1.92252
1.59367
0.59888
6.10322
0.635699
4.45771
0
0.0982844
2.26672
0
9.2008
4.29657
7.78565
10.8176
0.497465
2.18492
6.05756
2.12365
4.41946
9.96562
11.2964
2.79768
2.21031
0.746085
3.60681
2.83488
0
0
0
0
4.5738
5.69119
5.02755
0.0225761
1.6785
0.102913
0.000431207
1.74939
1.97261
2.18535
0.571418
1.79544
3.18413
4.59653
2.14578
0.0351928
1.52383
0.40957
0.0207339
0.154308
1.82023
4.01016
2.04724
0.0119068
0
0.307969
0.0288975
1.941
0
0
0.696417
0.4556
1.09637
0.802598
0.136586
0
0.84518
0.133659
0.0231046
0.0288488
1.41196
0.950866
3.56815e-06
2.8876e-05
1.63649e-08
0.000959386
4.44638e-07
0.311886
0
0.173163
0.61599
1.67331
0.00813056
3.53328
0.00358051
0
0
0
0.622868
4.12282
0.00178293
0.348722
8.9609e-07
0.933641
0
2.67967
0.00644189
1.73746e-08
0.893039
0.404334
0.933711
2.496
1.34512
0.00567479
1.48236
1.14008
0.108268
1.48486
0.293299
4.8564
0.000841466
0.383675
0
0.569414
10.8367
0.0760755
6.28463
8.6941
9.78896
18.6348
15.3511
12.7597
11.4758
24.8438
8.73091
10.9227
3.1211
8.87363e-07
0.000196384
5.47494
6.90197
5.8012
7.76092
4.84468
5.679
1.12844
6.086
4.5743
14.5051
2.79054
6.98328
7.45768
7.63888
6.03691
4.84464
0
5.89956
0
2.22374
12.5053
9.52433
6.18543
0.920166
4.08877
7.50833
3.86107
0.901914
2.98402
5.96295
0.807243
6.01929
20.8713
23.17
3.8165
6.71981
9.69258
7.12179
1.49171
3.7805
0.128897
6.41584
8.57814
11.3549
0
3.63417
2.7576
0.33785
0.669591
0.130652
0
3.15447
2.03571
1.80137
3.85689
10.7471
0.100843
3.91425
0.1888
0.099945
0
0.169806
3.38609
0.576695
0
3.77929
3.26566
0
0.00208102
0.378923
0.724827
0.569375
0
2.68708e-06
0.0195386
0.531084
0.103845
1.59496
1.43959
1.23669
0.248418
0.350902
0.0546406
2.97743
0.483951
23.871
4.86264
6.21869
3.61737
4.00361
8.35788
4.73773
2.75195
1.83552
6.686
6.20314
0
4.80395
4.57004
6.29682
0
4.20885
0
0.756099
3.27558
0.217888
5.30934
4.20558
5.56922
0.926336
7.65385
0
0
1.30826
0.00173312
2.63734
0
4.12399
0
0.000271132
0.941085
0.000120623
0
1.13988
3.13993
2.74973
0.0163517
0.0620936
0.00011838
0.0318414
0.61688
0.0833154
0.559592
19.5573
1.56722e-05
0.0143687
0.144692
0
3.91896
2.47679
0.0535294
3.72906
8.6771
3.28054
0.953396
1.74518
0.0466817
1.01308
0.12599
1.84203
6.55809
0.998977
0.310582
2.89237
2.4449
17.3745
2.32467
0.0730226
2.19761e-07
2.33136
0.985436
12.5556
0.36588
0.115272
0.203483
4.25215
0.0488488
5.58255
1.86716
0.714316
2.96871
5.05426
4.55704
1.87784
0.793389
1.29408
1.20797
0.501852
8.7243
0.0716251
0.90896
1.43884
1.19896
1.28624
0.725321
1.65607
1.82082
1.72134
1.55458
8.15943
0.87293
0.0717682
2.00559
1.11305
4.04802
1.00597
1.01122
5.62472
0.16276
0.00650228
0.0333864
0.250975
1.32302
0.000256341
2.6032
1.37108
9.95484
14.9285
0.600306
9.16264
14.4736
1.17529
4.77424
2.30434
53.4791
1.29201
0.153289
0.985876
12.8902
8.66831
10.8591
6.73109
6.60031
0
0.000172871
0.360262
0.000770799
1.00988
1.46401
0.69588
7.20503e-06
0.869848
6.56405
4.70724
0
1.3911
0
0
0
0.339637
1.5547
0.0655146
0.66426
0.183469
0.42439
0.00011243
1.41973
3.60951
0.017635
5.98094
2.45783
1.8658
3.3942e-05
0.0328811
6.49741
0.28515
0
13.0951
1.43706
2.31873
0.617658
5.04492
3.13962
0
0.895677
3.11708
0.000123824
0
1.19704
0.178114
0
0
4.79005
0
13.2915
4.39105
24.2915
0
0.000715373
0.988492
0.353456
0.945287
2.27227
5.77514
5.94459
0
3.94586
5.29033
3.61453
3.17868
2.20374
0.75122
3.34226
0.0206268
0.00625552
0.974665
0.0745559
0.0352043
0.00225722
0
0
3.57544e-07
9.79933e-07
0
0.199906
0.000204995
0.000510333
0.0446197
0
0.0664075
0
0
0
2.21731
6.48045e-07
0
0.033906
0.0132245
0
6.34885
3.71915
0
3.44866
0.270113
0
0
2.55461
0.255392
1.90573
0.298304
6.8411
1.32093
2.83582
1.59523
1.28492
0.651699
3.005
5.34641
1.43144
0.0451436
4.56007
1.76439
3.76337
2.78604
6.55343
3.10503
3.71749
1.49811
4.04331
2.65246
4.79003
11.3832
6.37287
5.28942
1.38776
1.29526
3.73387
3.89295
0.739803
0.354732
1.31261
2.83313
5.79233
4.59856
0.187871
0.297295
0
2.40315
0.012948
5.93111e-06
0.885431
2.32187e-08
0.704825
14.864
3.06393
0.0165825
4.09415
0.480039
0.0207468
0.00483403
0.000114881
0.809199
0.529284
7.97682
4.12735
0.502441
0.339218
12.6746
5.47563
1.09716
6.05733
6.08847
3.76038
4.06846
2.90979
5.356
0
3.59316
4.24926
2.06526
2.57173
0.619295
2.34211
2.90579
1.99886
0.355357
4.08786
15.3592
2.90594
1.34724
0.599501
0.0534905
4.313
10.5169
2.4828
10.12
11.5215
3.96407
12.9894
13.5451
17.0702
11.1731
11.7822
4.74692
10.0748
8.01727
6.42733
6.87684
5.56906
3.77177
0
0
0.00178091
0.388059
1.03193
6.28238
4.02156
3.3908
3.27019
2.72193
1.83761
1.66407
1.85132
3.50876
3.83397
4.76013
4.02673
2.48636
1.53293
0.769426
2.43585
0.105151
19.3175
0.727275
1.42666
4.93812
5.00485
1.52924
1.53932
3.80702
0.0606496
1.77533
1.08701
3.65582
5.1026
1.70158
2.86257
4.26849
11.4699
27.1094
5.01962
5.89172
4.82028
1.77089e-07
0
0
2.10583
3.91968
4.20139
1.72737
0.0147564
6.83258
7.02898
1.99776
3.54136
2.36113
4.83447
12.6269
11.6001
0
0
6.79512e-06
34.4803
27.3556
20.0026
0.0452824
15.8707
0.70053
2.24665
1.22262
0.149641
0.0620874
2.40644
1.50756
0.286285
1.95313
13.062
17.0993
5.81124
0.590439
0
13.0481
3.75169
6.33216
3.27328
1.03565
3.14992
1.7253
1.93128
6.65191
5.92989
6.92396
5.08049
9.30029
0.986279
5.25174
15.1538
14.6725
3.33108
14.4323
1.9441
9.22636
5.52201
19.6102
4.64851
6.30577
3.80777
7.70597
17.7928
2.2867
0.943542
0
1.64588
0
1.03476
5.85506
8.25599
1.58363
0.497524
3.72839
2.50487
2.84279
1.69851
6.83065
4.61767
6.68189
2.16991
11.9116
5.86696
0.315941
2.33496
3.11158
2.22157
1.07359
7.40684
5.57389
0.583489
6.73978
1.93932
5.7795
0.000524469
0.9812
0.869133
1.19076
0.562339
4.31252
1.50231
3.32652
0.0244448
2.10546
6.96467
0.124865
0.353234
1.32691
2.22857
1.86492
4.96978
2.67706
1.13381
0.605477
5.38442
2.5542
0
0.98001
4.79153
0.740955
1.12817
1.38718
2.12998
2.85487
4.10626e-07
0.000103667
0.404162
0.289963
2.47069
6.12357
0.549174
3.95576
3.11826
0.0412062
0.261813
0.0202231
0.410019
2.49245
3.03161
2.31667
0.121442
0.505418
0.342773
0.0240708
0.0191374
0.533544
0.913671
0.00242506
0.355645
1.80676
1.38004
1.08072
2.26295
0.705116
0.180895
0.199914
0.149819
6.61134
2.13968
3.20731
0.989224
3.54251
0.0466611
3.04741
4.89184e-05
0.6353
8.41594
0.570492
1.28697
6.77962
17.7569
0.0219402
5.97176
0.436367
0
0.146806
0.505596
1.239
4.91861
0.0830714
0
3.27879
0.211623
0
0.138485
4.87583e-07
0.496954
0
0.889177
0
1.48618
5.23724
6.90781
5.57891e-05
3.78535
3.36742
1.90616
2.15172
10.6136
0.713267
7.62328
0.272897
0.628233
9.19854
3.24749
1.93366
1.54099e-07
0.603506
0
2.66126e-06
72.8514
0
2.02403
0.00383935
0.91658
0.506919
0.909247
0.80014
0.000497437
0
0.0513617
1.4393
0.834472
0.328441
0.269562
0.141746
0.0323797
0.19493
1.38e-08
1.72999
0
0
0.515701
0.848843
0
0.0834819
0.0604312
0.850016
0
0.2622
2.16457
0.731786
2.79555
5.21029
10.8806
1.16263
1.43626
8.97833e-07
1.25441e-05
1.44107e-05
0.10023
0.498368
2.63034
0.890571
0.00156855
0.06841
1.46278
7.795
7.95646
8.49463
0.606716
0.0597094
1.18742
2.28815
1.51552
10.275
4.35655
2.0514
9.1458
1.31449
0.908065
5.11549
7.77754
1.75676
7.84183
0.0370588
5.58374
0.31435
13.3979
0.00207983
52.4962
47.2868
2.04199
0.335108
1.42912
0.29112
0.468477
0.11984
0.0047639
0.238114
0.120097
0.0567524
0.132451
2.54863
0
1.88935
0.0597507
3.12252
1.17421
1.22368
5.12578
5.67849
5.02174
0.966781
0
2.58724
4.17295
1.49878
1.23581
7.77192
3.9212
2.56101
0.216842
1.38422
0
5.36007
2.37568
2.16932
0.0429242
0.0304411
1.97377
5.75572
19.3285
2.04238
5.89553
3.5524
3.57148
0.851539
1.32138
1.46549
1.11549
0
0.841117
0.533907
4.29945
1.44246
0.646381
2.82144
0.226149
1.73494
0.309259
0.0317953
2.0858
0.371199
11.7321
7.19199e-08
5.81547
3.08324
5.83763
8.99585
4.40476
6.23274
1.72615
0.840389
0.000978508
0.0353219
1.31797
0
0.370649
0.449704
0.733748
1.65067
1.65736
4.77036
5.276
17.23
6.21111
1.92422
0
0.68901
0.0433083
3.88687
0.042579
3.80092
3.58917
1.00245e-06
0
1.89996
0.613516
1.09747
0.103459
0.811177
3.26169
0.114671
0.00300223
0.230401
7.69665
4.14651
1.83585
0.270187
7.8325
3.53869e-08
0.865544
0.0388246
6.5033
1.77312
11.2609
0.369015
1.03767
4.05001
0.0782761
0.00528696
2.14473e-06
1.31873
0.637737
0.861844
1.12445
0.0960937
0.000245437
0.0343715
0.968119
0.00831532
0
0.624029
0.277472
0.96008
0.602906
3.07614
0.761316
1.11393
0.0115383
0.00447583
4.87937
0
0
0.00733113
0.0224662
9.70162
0.192897
2.02428
6.4446
2.34303
3.18653
9.45592
4.84158
9.88981
0.786428
6.60153
3.4881
0.0462784
1.11352
3.0614
0.432437
0.156783
3.29038
0
5.95301
6.54921
2.89282
0.000173951
1.2481
0.747772
0.103516
5.05571
4.1015
2.6313
7.87257
0.372725
7.46318
0.371196
1.73014
4.30043
1.62139
4.52644
2.42403
0.147747
0.0828841
0.0134866
1.4004
0.754307
4.12306
6.02648
2.1633
0.458727
25.0763
15.2455
0.363511
0.80182
3.1767
3.25071
9.47878
0.667526
8.32872
3.65483
5.78656
4.66524
9.55114
1.19613
3.91706
0
2.20354
4.02686
8.11455
7.20843
3.53714
4.22122
7.17636
3.73065
4.15847
8.08315
2.93811
3.79419
8.98362
2.96731
6.1631
7.07397
9.3351
13.202
8.3475
0
4.18558
7.74174
1.73495
1.20225
10.9007
0
14.5208
26.5259
0.490867
0.282674
0.00653419
19.6851
7.11859
14.1827
8.87053
3.24616
5.31458
6.83938
2.81307
5.15517
17.3178
6.17035
1.9309
5.73996
11.564
3.99832
7.54067
11.5856
4.55396
6.33792
6.90434
12.7518
9.64254
0.799194
11.4198
8.1067
4.33048
1.59194
8.18039
7.93307
22.0464
6.9261
0
10.901
6.22373
5.70568
0
5.66948
4.48782
4.07366
5.99843
4.91603
1.89601
4.66996
0.129093
0
0.648201
1.29915
2.89699
0.102167
3.31557
6.55281
6.27383
6.46237
5.6668
0.0109492
4.57925
0
2.41898
7.76034
4.4308
7.2119
2.00109
12.2376
8.96971
21.8207
7.81456
8.61479
4.7077
7.02589
0.00291719
6.38727
8.32754
5.91035
0.186336
6.48899
3.22935
8.26757
4.67528
0.818488
7.65337
6.1632
0.00369218
0.257187
0.438229
2.07631
1.45172
1.86589
2.54186
0
6.2412
4.09787
0.0560646
0.356941
0.86883
2.16993
2.25926
6.65886
0.0209536
2.53206
13.5251
2.8119
6.02499
1.10512
0
2.0039
0
0.0500338
0.255745
2.62579
1.58772e-05
0.447581
4.00103
0.354499
3.35356
2.84368
2.61862
9.06947
4.13802
1.15974
1.74194
6.45777
2.79036
6.50154
8.84034
0.986304
2.74527
8.66224
0.797614
1.85231
8.93059
10.6299
1.29686
0.975221
5.05026
0
0.647799
0.647138
5.4795
15.3602
6.21153
14.6944
3.60145
1.32521
8.40473
1.31745
4.34471
7.28772
5.88087
0.654577
0
6.51748
3.18214
1.04171
7.57669
0
0.300663
4.64767
0.0273192
6.07532
6.22413
0.0911466
6.00891
0.761697
11.1714
0.114562
6.31451
0.0191913
0.912714
1.67373
0.0924746
3.81126
5.27232
4.5792
2.21213
0.880189
3.72837
2.59059
0.433842
4.63331
2.14217
0.775705
3.91094
1.22191
2.98493
1.13498
0.534754
1.44934
2.01936
1.19103
4.90368
8.27901
4.52626
0
4.17368
0
5.59596
1.27285
1.14122
6.63348
1.41302
0.88177
37.8084
0.0565179
25.7698
1.29146
8.18953
2.35665
1.16424
5.62904
0.242353
0
0
0.0854932
0.00574209
11.0278
0.369558
0.999641
1.48446
5.4364
2.50582
2.24578
0.243426
0.29212
0.602155
2.91212
13.549
1.08075
11.8084
6.3414
1.05691
12.573
0.235652
4.86668
3.66421
0.330348
3.6688
0.499678
1.66879
4.06718
0.0521876
0.994776
0.764956
1.11959
0.976969
2.66441
6.87589
7.31392
0
0.2646
1.45762
3.40997
3.18467
0.353188
0.778165
1.10185
2.69134
1.76786
1.68306
1.52038
0.000719921
0.870179
0.729781
1.2159
0.235979
0.329267
0.256788
0.68285
11.0632
2.13616
1.0105
1.25688
58.688
1.53067
3.92599
3.39723
62.7821
3.56424
2.53053
1.24436
0.2719
2.98553
1.7462
2.26832
2.65908
1.97822
1.1391
0.254642
1.52642
2.30278
46.6805
1.73762
23.2511
2.89791
0.000165696
5.74502
11.5864
0.245163
0
0.0058559
0.0338199
2.63485
0.999318
0.956275
0.869316
1.17427
3.91281
2.23354
0.194565
4.53794
0.947002
3.77728
10.4905
0
0.875722
8.80558
0.00166289
2.45557
0.897583
1.96682
1.9257
0.0224642
0.101074
0.921164
0.0372541
0.00256671
0.230149
6.67662
2.45951
0
0
0.630271
0
0
0.1037
0.0213725
2.85824
11.9403
6.15093
0.337977
4.79849
0.0976381
2.02283
2.97891
7.62424
6.99767
3.56139
7.90951
7.89752
2.81421
1.93674
6.74221
8.83096
5.85297
0.907715
0.711488
13.2564
1.81856
12.4326
6.19423
8.78958
0.227486
12.2561
0
0.240248
2.29348
4.79485
1.62554
0.876332
0.129026
0.608105
1.25221
0.0511166
0
1.6517
0.130655
1.11433
3.39931
3.38795
2.73408
3.25749
0.939361
0.0565894
0.0164692
3.3738
3.75969
3.02132
3.44978
0.0781934
2.87266
1.95296
4.11658
0
0.104603
0.835123
1.05045
1.22232
0.33325
0.118221
19.1667
7.13219
3.30941
0.117076
5.90811
7.5599
6.22727
3.05037
2.57266
0.0765925
0
2.73874
3.66349
0.106007
3.17523
4.5937
1.02953
3.54685
3.98444
0
5.06629e-09
1.36633
4.1451
2.38047
0.699915
1.23068
2.94552
16.1956
1.38029
1.34124
0.915976
0.128339
0.728157
0.0570203
3.63337
3.95972
1.47409
0.0557889
0.733831
4.21059
0.0677181
0.0822848
2.61277e-05
1.13768e-05
0
0.000190773
4.849
0.170327
0.436774
5.50229e-07
0.0452446
0.609692
7.74223
0.169607
8.56695
13.0849
0.0806882
13.3516
0.42776
2.53161
0.293075
1.83976
2.00664
0.125753
0
0.418227
6.95479e-08
0.220241
0.000422958
2.55818e-06
0.0442303
1.51614
2.62222
7.22182
5.19222
1.16852
4.26371
0.017802
11.8406
0.390058
1.51085e-05
2.01978
0.0234308
0.178415
3.79595
7.02927
2.89426
7.40293
7.25774
3.62284
2.6849
5.53158
0
10.5002
9.61787
3.56899
4.74538
3.46549
2.35213
0.933833
0.847438
8.82492
0
0
0.00355974
0.000241625
1.7409e-05
0.000641041
0.0563957
0.00994153
1.99381
0.56479
3.39323
2.17549
2.62213e-06
0.265184
0
2.02652
0.0710521
10.2607
6.62078
5.10923
8.43024
8.867
11.6648
8.94049
0.786942
0
4.05402
5.61497
0.202641
9.7525
1.6873
0.104561
1.35136
11.2606
0.490642
4.99796
1.31163
1.79971
3.56069
1.77788
0.355525
5.10425
0.481307
1.22817
0
2.77762
1.2451
0.857874
2.1483
1.769e-07
0
14.2146
1.50993
5.45579
3.27462
0
2.19827
7.22797
2.8674
3.50513
8.18317
12.8974
1.86522
3.17911
1.63617
8.51667
1.82371
0
10.4647
1.39761
0.536928
0.294792
1.03104
2.97663
1.54056
2.75384
3.23975
3.34468
1.44013
0.41642
1.39074
0.304953
0.0130517
0.951782
4.67825
2.71876
0.655724
0.0336016
0.886556
3.42469
2.22558
1.71262
0.113062
0.844677
0.707203
0.0404276
0.0230725
0.618678
0.000968189
0.26601
17.7639
0.53483
11.1418
5.16496
1.84713
1.74761
8.24936
0.377775
1.62256
0
5.30871
0
3.72371
6.38969
2.01373
0.0813929
2.90353
4.87139
9.09719
16.0892
2.77617
10.6147
4.68399
1.64504
2.45941
21.2837
3.18417
2.2734
6.79415
0.00661638
3.3902
14.3813
0
2.94923
7.76379e-07
0.570246
0.234184
6.69897e-06
0.0195252
0.00106652
2.33809
0.0121074
3.14682e-05
0.00888331
1.66995e-07
7.35956
2.104
4.17949
1.58284
0.137302
10.9695
3.86981
2.78808
4.72378
6.22601
6.20636
2.21755
2.18646e-06
0
1.71532
1.88685
0.354682
0.403235
0.91196
2.10555
0.498785
1.19662
0.0949289
2.30647
5.57202
1.03373
1.33849
0.00668
0.00123031
5.33918
6.91826
0.111861
0.719193
0.0885506
0.907505
0.0311485
1.23098
10.8195
0.76116
0.00560153
3.46224
0.218083
1.25449
0.0540095
0.000251849
0.0738672
3.20527
7.03625
8.32064
0.000970949
0.771052
0.236632
0.606531
0.570359
0
0.368733
1.07146
0.526278
0.966418
0.0209394
0
0.211609
3.08479e-07
0.101363
0.972017
0.430905
0.975245
0.000547734
0.0587215
0
0
0.438758
0
0
0
0.0851317
0
0.793618
0.00707938
0.0832522
0.375168
0.0441076
1.03145
0.0180582
3.72277e-05
4.8317
2.48943e-06
2.78363
0.198839
0
0.876453
0.207988
2.37171
0
1.60884
0
0
0.0259573
5.3085
1.80509
0.49592
0.882076
0
1.21605
0.965276
7.09961
0.796403
0.0305478
1.35252
1.04715
0.0947287
0.400269
3.97363e-06
9.18905e-05
1.49785
2.31752e-06
7.9836e-07
0
0.388317
0.00065825
2.68126
2.881
1.76937
4.0235
0.826674
7.89672
2.82514
0.241178
3.51565
0
7.01106
12.4455
1.528
0.560715
0.500771
3.45598
0.485716
0.145771
0.0010476
0.298572
11.6782
6.15898
1.66524e-07
3.51431
0
0.00032813
0.578808
1.0216
0.272144
0.128252
5.49545
0
5.04883e-08
0.471109
0
2.46866e-05
0.00460887
0.66084
0.22355
0.0387764
0.627555
5.23018
2.53294
0.556357
3.80973
19.2782
0.000201739
0
2.68751
0
1.38169
5.08129
1.82844
0.368934
5.15666e-07
1.14958
18.5626
7.98087
14.2813
0.00622594
2.54923
10.2906
1.74182
16.8992
1.23173
0.705143
11.3304
2.08647
10.7601
1.42992
3.11084
4.04009
0.229285
0.88289
0.916453
0
5.3103
0.335594
0.283442
4.80222
5.1762
0.259904
4.06231
2.18811
2.20923
3.2967
2.49931e-07
4.57337
5.62022
2.26907
0.22539
12.3186
1.35019
0.390956
2.69475
3.98605
2.93338
4.54195
3.69627
7.5467
1.76972
7.93539
3.20555
0.21513
3.87878
0.201393
3.15426
6.94611
4.16434
5.53574
0.164892
0.405896
0.795015
0.686519
1.60045
1.08244
2.59607
0
0
1.8128
1.3306
0.506307
0.19611
0
0.223397
0.0141227
1.03993
0.198953
9.73957
4.51725
0.684944
0.0502147
0.0010892
7.90694
0.042526
4.00065
26.7988
0.713594
0.965016
9.84223
3.77489
0
3.41993
0.929046
0.0159594
32.3976
5.24975e-08
0.850391
3.88371
0
0.148256
13.7091
1.20165
0.183382
0.451721
1.45903
8.36716
0.23769
0.699623
11.6467
3.61424
2.03594
3.34098
13.0337
4.85299
4.72156
1.31191
2.65191
25.0228
33.2612
11.5323
28.3512
14.3968
6.05387
1.24538
1.44119
2.65542
0.000935434
2.33636
4.91532
2.00007
3.1212
11.7954
3.34812
0.00118372
0.965621
0.576426
0.00932292
0.00558983
0.188728
0.125411
5.13267e-05
0.0321393
0.743313
0.0580186
0
0
29.7999
19.3904
0.578156
2.6163
9.67036
9.60035
1.48415
2.44983
2.64991
0.399343
6.35087
0.977133
0.0848962
0.860559
4.6586
3.26195
3.6589
8.42061
1.95096
11.7392
8.36954
5.18091
23.8931
4.49586
6.80983
8.24627
8.46514
0.00143318
0.293372
2.36008e-05
0.000127526
0.719836
0.0296926
0.0231192
5.21431
0.00155245
0.0155884
1.52971
6.85584
10.4671
7.26678
1.56434
8.3256
0.00183258
0
0.0209148
0.879809
0.405126
0.666999
0.841879
0.000143675
0
6.53555
4.4465
2.63526
2.32295
4.35904
0.0398767
0.826442
0
0.818284
0.310173
0.141898
0.0673108
0.0357066
3.38577
2.69862
0
1.68364
0
0.70412
0.374067
3.22497
0.184802
2.47978
2.44337
1.34211
3.77107
0.192904
0.58417
0.126496
0.754365
5.02013
0
0.167923
0.0448224
7.40223
2.21069
0.01247
0.0339317
0.125528
9.60622
0
0
7.28791
