19.8176
9.53077
10.4919
0.414
2.99226
41.2503
0
21.2625
16.9546
9.20773
22.2779
2.00087
0
1.7062
32.8084
0.14373
2.06712
39.7045
19.4875
9.34544
65.9512
2.3676e-05
0.00561421
0.0138774
2.24753
3.14532
11.5109
0.267411
1.4988
1.36548
0.0245582
0.580224
0
0.74774
2.86617
0
1.72944
19.386
9.60921
12.3888
5.85539
54.0093
3.1317
15.0868
3.86244
9.11102
6.0433
0.067769
0.81075
0.163085
0.324668
4.91998
21.0621
2.45798
14.1554
1.79705
40.797
10.1553
0.347685
2.41566
100.495
0.814844
76.156
1.14336
61.4493
0.215329
18.7962
15.9215
8.15375
2.2274
15.3278
0.0949926
0.00113239
0.848328
2.6639
4.18486
28.1923
17.8418
0.986191
1.09102
0.54488
1.48374
0.0124894
0.885652
16.8685
2.32676
5.40251
6.14496
2.34003
7.093
15.6634
2.52456
2.64529
2.35397
0.951877
7.97614
6.01518
10.7947
5.04655
1.27731
4.74559
42.0774
1.19023
12.9045
5.48866
1.10285
1.38673
0.651779
0.0726478
4.68791
3.43022
3.88916
2.85971
5.11127
3.08288
1.25845
2.68629
4.53263
4.42373
4.02607
1.69437
4.91047
8.33886
5.9292
0.962689
4.66675
3.76333
0.830644
0
0.0714184
0.552513
1.53369
0.0290247
2.08531
0.614946
0.0622236
2.13186
0.90732
1.07755
0.185041
0.689571
0.78045
3.79375
2.35343
1.43133
1.2731
0
0.0157877
9.70571
44.6468
2.76461
0.759119
0.061288
0.176599
5.4633
3.2809
11.502
27.6666
18.4667
1.92775
9.04509
32.2091
0.683958
1.54946
0.166422
1.33547
5.28
13.1321
3.58611
1.74834
1.90905
2.33458
1.02572
2.28105
1.38432
0.830739
1.05347
0.0750408
0.0305545
0.172474
0.0304432
17.5784
0
0
24.2242
8.37485
28.3329
3.49843
23.8495
55.2372
30.6302
34.2416
20.9433
30.6395
2.80295
0
4.67463
3.58772
11.1699
9.05991
24.013
45.8925
39.2071
30.2698
13.5678
3.66132
14.4792
3.01771
36.8266
10.7565
32.7872
35.4347
6.80247
33.6475
43.5068
42.3864
13.7416
43.782
43.4959
14.9731
0.282718
8.73498
51.3019
1.2898
25.489
22.6578
28.2604
14.9293
13.6495
0.969334
3.70849
8.00229
20.1496
1.09187
4.77554
3.53863
23.9688
3.1824
4.30153
13.9538
6.74074
3.83808
6.2732
3.30423
2.79646
0.496248
0.0066102
0.177628
2.01109
0
1.81924
1.67028
2.0747
2.39588
1.1366
1.05688
1.45193
1.13211
0.0903944
1.89678
1.29201
0.487191
1.42417
0.0225128
0
0.000578393
2.52693e-06
0.0344563
1.68521
0.463687
4.20842
0.138153
4.6821
1.06384
0.474792
0.491331
0.364444
0.0251991
8.41138
0.256486
18.6216
0.0415122
2.40835
0.111981
0.0547172
0.295299
0.851091
0.424214
1.45412
18.4046
0.112475
0.00659817
5.36414
0.433443
2.9012
0.176136
0.425407
25.8985
2.71898
2.94653
12.261
2.03666
8.6376
8.8208
3.22991
30.9683
25.1184
4.60307
0.126619
1.47097
1.44138
0.765457
2.16093
4.64982
11.2247
4.55914
10.08
1.02832
9.37806
1.64336
0.255683
0.612909
2.82961
4.12939
37.5111
59.2742
23.5871
0.902587
0.747475
0.217907
0.464511
3.36024
0
3.94774
0.285687
10.1176
8.06437
4.98212
11.5839
0.423031
94.1736
0.636894
19.144
0.206016
3.06106e-07
1.53294
1.91194
2.00756
4.742
5.9187
0.544424
0
9.59579
8.1196
0.0105013
1.46472
6.0042
2.57686
1.03722
0.328809
2.08215
45.1906
1.77911e-05
4.45169
0
1.04387e-05
1.88478
0.150657
2.78578
0.072218
0.238622
1.03006e-05
20.6437
1.96597
3.11604
7.03597
0.00015725
15.873
17.4044
15.7723
14.8752
3.205
0.191481
10.1527
48.9294
18.3557
30.2871
70.2442
3.11769
9.60096
2.35362
2.03469
3.86867
3.01822
1.00268
10.6457
15.2719
18.2708
10.1189
55.8904
15.4357
56.7133
21.868
20.9576
38.2033
15.3104
12.0728
15.7184
11.8527
1.32009
7.13234
1.9572
7.33807
54.9572
7.35294
4.70195
118.762
63.9745
7.90589
3.13444
4.16911
0.884013
2.91417
7.54088
5.43401
14.0178
46.0768
3.42091
23.2166
11.5199
7.94129
3.89278
6.36319
7.66404
13.4909
8.16682
12.7359
2.08893
0.0924904
4.92356
1.56606
5.10823
18.7754
21.9072
15.5741
0
0.986805
0.926742
9.26903
0.44615
2.41794
4.50888
82.7875
9.57256
15.3949
10.9073
44.515
38.4081
11.5335
4.55594
3.1696
0.632219
0.112316
0.207166
2.04475
3.50889
6.28894
2.74677
1.67975
3.36505
2.00751
0.524964
0.248635
0.335896
3.63795
0.954049
0.986401
3.63002
3.62524
6.39384
21.1169
4.50944
2.23585
12.0321
19.0087
12.7687
9.00296
3.37267
0.145603
7.75499
20.3711
96.0181
14.0951
0.372751
0.288921
30.6353
2.48622
1.13919
0.0337552
0.0230177
15.158
83.8117
26.538
12.7896
68.6272
15.1696
6.35711
31.7117
0
9.31508
5.91993
9.31834
0.57738
29.7214
16.79
18.6024
18.4127
1.92766
22.274
13.6234
6.08455
6.78908
15.7423
1.00921
0.599159
41.435
0.0378564
1.03658
0.172304
1.92674
2.34744
6.73926
0.0611159
5.1907
0.0744917
6.06086
0.38508
1.51747
1.53891
12.1477
4.34103
0.164939
9.1902
21.12
6.3722
0.879803
2.97415
2.14794
2.82469
10.7959
28.2678
23.5565
0.591138
28.6271
0.9602
24.3423
83.5086
61.9722
39.7656
53.4986
14.1408
3.50695
1.06121
16.394
0.705446
0.0143166
8.25778
0.36644
1.93906
2.14349
5.25063
39.6201
1.34629
1.96273
1.16423
2.29117
0.480094
17.6145
41.6385
1.71588
0.384993
3.38808
1.02736
8.05268
3.91833
1.95286
19.7248
0.127888
9.04947
2.6778
4.40323
0.935032
15.8805
2.09129
10.901
45.4238
107.763
0.403223
0.130791
61.886
34.9953
53.6917
39.1172
3.65057
16.758
45.7359
1.63208
1.99358
0.882397
3.26664
9.27926e-05
0.0568616
41.9807
5.18348
2.76227
1.8737
0.676097
3.43219
0.772651
1.42994
0.628406
7.51348
1.81735
0.897795
3.15276
0.392825
1.51421
0.852351
0.896462
0.285918
0.0253929
0.80897
0.0761821
3.26077
38.9101
1.01766
29.5605
4.01936
2.00664
1.20134
12.4701
3.15991
11.2537
9.48786
0.00351251
0.00106649
0
2.08088
19.827
39.007
1.6444
16.3597
1.01505
10.3761
8.6487
5.8334
15.9961
1.40711
0.065158
0.398894
0
0
0
1.84012
0.0115092
31.7247
28.1063
51.9149
22.7659
13.7514
0.208388
16.102
24.8161
28.8515
31.9186
0.136933
6.30841
7.86468e-05
15.0239
12.7294
2.85222
0
49.6115
14.9118
5.28539
6.79382
0.533931
1.50709
0.836021
2.22337
0.585602
9.26704
2.04772
9.24903
21.4716
0.930767
5.89325
0.60997
0.191804
0.0826109
0.910391
0
0.941382
0.846237
0.0869824
29.5913
3.78225
2.64439
4.13887
0
13.9196
1.66092
4.33247
3.28875
51.6906
13.1116
8.63818
5.17843
8.70912
16.1345
12.5438
33.674
38.8744
43.2082
58.3804
0
7.60028
86.6971
3.6225
0
12.31
0.857352
20.0418
78.8209
16.0869
22.5336
20.3103
6.9161
8.8329
0
0
18.3662
18.8568
0.457228
0.0986428
0.73747
0.0325849
26.861
0.00239612
1.65264
0.124021
0.816794
0.583403
0.207326
2.00707
5.44191
9.83583
5.34437
0
0
0.423396
5.76438
2.90194
0.733056
2.50517
18.824
0.687324
37.8715
0.459829
6.04682
25.1207
3.27185
20.2127
0.169121
3.88714
2.40237
0.130981
1.33815e-07
1.2331
0
0
0.430514
0.0942547
0.00481028
0.298211
8.36411
19.3488
7.35725
60.4936
19.9558
6.41838
10.4168
1.3696
1.12268
1.35841
0.0010528
32.0437
1.34976
7.03136
5.7242
13.7403
15.3113
10.6245
1.96213
0.000134805
8.75598
0.00775919
6.66212
0.00945387
0.662029
1.17641
8.57884
7.94175
1.00704
4.78286
7.20138
21.4847
1.2374
0.525406
0.841704
5.93517
2.52909
0.049671
0.968113
1.85247
0.176925
3.85086
2.89637
5.94336
1.14346
4.56777
18.1446
7.65143
9.98332
8.52764
2.32453
16.2588
1.0995
0.0437651
5.7608
52.7556
5.1355
0.761285
2.31966
0.00500348
0
4.20712
17.4745
2.89991
24.9461
0.188634
10.0861
4.92268
4.55274
0.773719
9.2365
0.821205
0.0414752
10.9196
0.0010382
0
5.78548
0.055938
0.74133
0.0349217
4.97636
0
0.355351
2.30801
13.7723
9.59159
0.018572
0.0025117
16.9474
0
49.1414
0.0612972
0.903551
0.671387
0.962876
1.99844
1.40039
1.41328
0.269817
0
7.82319
4.48414
3.50598
3.40006
0.568013
25.3054
14.4399
3.60482
3.11676
1.13852
12.1444
1.45755
4.45468
9.27829
2.05301
9.46652
2.866
21.6229
5.69643
5.97597
3.02535
3.21403
1.17279
1.35024
1.44124
7.7176
4.42301
5.33093
3.16852
8.31544
15.0505
0.32577
13.9
2.53641
0.561408
0.442433
0.451407
0.0360544
40.0836
0.968593
4.16002
5.24404
1.09669
1.38432
0.98256
2.00569
21.0499
0.000401398
19.478
18.7106
2.70429
0.0269694
0.134015
0.00631202
44.5359
0.893159
22.2996
87.1371
0
0.0567042
17.0776
0.0413925
9.12817e-06
38.1745
21.9429
18.218
0
5.91801
57.8123
0.0420999
3.97278
4.10892
30.933
0.387506
0.00144895
53.4355
0.000481616
1.03129
0.684974
8.7218
0.742856
7.73145
16.3384
8.2682e-06
1.09089
0.594568
3.76928e-07
29.0736
12.7254
1.54625
2.07611
36.7326
14.8843
14.4923
1.25066
0.285187
0.234056
0.146021
0.0930162
0.339615
2.50682
5.83624e-06
3.21827e-06
7.38276
0
8.93415
7.46792
0.383718
0.249654
0.165705
0.0354795
0.0908261
4.57186
18.5875
3.14838
22.2129
12.2282
0
0.992571
1.93925
3.86624
4.6329
4.11042
5.06055
0
0
0.0351646
3.18377
3.26043e-06
0.899762
0.00243049
1.49909
3.97286
19.1384
1.32882
0.0327438
0.724797
33.9048
54.702
4.48925
1.77322
1.68847
2.6661
0.973043
16.7971
0.636011
2.96543
4.52219
1.13728
0.238643
0.000498712
7.59979
12.8445
0.227387
2.63762
8.84687e-05
2.06574
0.0240334
0.0179081
0.54399
28.1511
0.000138407
20.5028
0.297898
10.5752
0
22.8703
13.209
12.9744
20.3985
1.00232
3.13107
62.8881
15.2082
0.983302
0
0.00235089
9.60228
14.654
9.66136
10.9164
4.17098
1.5006
1.98353
15.303
33.0205
19.2338
40.0608
0.876478
72.2855
4.76293
9.175
107.809
22.7201
1.41381
2.33348
2.86848
17.6411
1.92456
0.222226
15.0892
14.7883
0.0563784
5.92664
2.11229
0.000874715
33.8994
4.89941
40.0411
2.10949e-05
1.12279
3.9073
1.35442
2.64492
24.9581
9.49215
27.8964
15.153
7.21695
0
3.49747e-07
0.21202
5.81725
18.1065
11.0455
11.2011
12.8179
9.28748
6.19412
15.1179
20.7332
50.5127
57.4831
14.2249
6.71998
41.4277
2.36442
1.93381
0.0347951
2.39177
5.72314
4.49198
1.44339
1.9256
23.6086
0.00936895
0.881252
13.4649
10.9696
11.3966
21.8685
5.66757
28.0005
15.6586
3.93034
4.44312
4.27502
11.7184
22.2819
0.099121
2.53284
4.02854
3.71501
12.598
11.796
19.3251
1.08517
0.0589796
0.00915436
22.5822
4.82864
1.63019
1.89903
2.73833
0.876933
0.711998
0.664812
0.553414
0.040652
5.32147
0.729577
4.72047
0.0016848
7.14041
6.48377
1.56883
0.777998
0.270351
2.29742
4.20492
25.2268
15.2054
0.598553
1.33808
6.11306
19.1728
4.63906
0
13.1991
22.0455
7.16258
0.00568578
11.8708
1.93185
3.95737
2.76618
0.00166897
0
2.24043
0.444719
0.115371
0.736514
0.669383
0
4.54222
0
4.0499
5.35176
1.7333
2.6936
0.808058
6.27913
6.61323
5.43499e-06
15.1979
0.376241
4.31314
3.06863
0.099414
2.90944
5.39176
2.14694
0.661374
1.50128
2.03286
50.7288
17.7712
4.18145
15.3143
0
4.23163
22.2671
18.4605
0.129103
2.22866
4.26257
34.8955
3.11756
0.225532
3.81583
2.3766
5.4196
0.338758
2.2611
0.203584
1.60433
0.350452
2.73653
1.13831
0.00481392
0.00646514
1.11073
1.25428
0
2.20506
6.52157
0.386994
2.26641
0.573308
3.59517
9.32135
2.34751
0
8.64062e-08
0
0.12575
0
0
0.000692341
0.00040115
58.0106
2.78319
2.95797
4.73902
6.39551
1.74148
8.63656
13.206
1.70525
8.54354
22.9474
17.567
23.5271
38.3906
31.1844
18.0091
0.303647
10.3158
14.9417
18.4757
15.3591
25.1876
0.0607307
13.5179
5.34525
7.1156e-07
8.14006
0.0292628
0.566849
13.6367
0.513123
0.733316
0.948493
1.58285
1.78942
0.018282
0.00190701
0.560406
34.3055
2.47333
0.0331991
0.857309
0.0391785
0.0541515
0.0397049
0.242631
0.0171907
0.833716
0.0075753
7.26599
2.46612
35.7585
45.7152
0.783689
0.424044
17.7327
14.6687
0.676243
0
20.6141
4.03853e-08
1.82069
18.1914
0.989878
0.144307
0
3.77769
2.86771
5.11814
0.582837
2.26119
2.22908
0
0.00118584
1.08068
10.3139
9.69642
0
9.85077
3.59135
2.2904
0.146635
0
11.0872
0
0
0.214509
11.9283
13.7601
5.31179
2.67355
24.8037
2.83085
35.8886
55.8446
1.45759
16.366
0
3.74629
0.0151536
5.84885
21.2123
4.72809
11.0069
0.0778599
2.45819
0.475415
0.597146
0.586374
2.09918
2.53364
0
15.5871
0
2.37531
9.92132
0.27481
46.2027
0.049645
8.59275
1.07487
0.894202
1.77515
0
0.311577
0.920043
7.62882
7.48045
4.11068
22.482
13.9073
5.92933
0.000443682
8.76423
43.5438
0.05371
12.855
0
0.441241
0
2.63928
22.1834
0.785578
14.2101
2.18839e-07
28.9007
7.91679
10.5288
2.67452
3.67565
1.18945
1.7853
0.537992
0.00355824
0.0459181
5.69356
1.55468
0.558163
0
6.59727
7.70422
12.3972
6.32222
1.9927
2.8596
8.01699
6.74205
0
68.4871
0.00104682
15.3149
4.15886
2.63796
35.6442
59.9392
1.60796
2.37211
82.1856
57.5185
7.25398
6.28423
4.6089
64.1886
16.397
8.99228
0.627289
7.73046
22.0719
4.511
8.62831
33.1574
10.5883
6.26956
9.98038
9.20959
50.2071
2.87176
0.978527
0.000114822
0.0112544
1.20422
0.815362
0.00304744
4.6414
0.000147674
32.2317
0.256135
1.68046
1.18429
2.88008
0.133936
9.09215
1.69415
1.43413
16.6837
20.3768
6.18278
27.582
11.9171
4.03628
3.21296
5.50889
16.0305
24.0206
7.12512
0.282602
0
5.54857
4.40027
0.351408
0.901293
12.7719
0.00621545
0.588675
0.32847
0.887577
0
0
0.10069
3.91389
3.25871
4.47927
0.000144497
32.6605
0.888461
1.17301
0.954116
2.77953
0.00829662
9.55255
5.17023
3.32002e-07
1.56713
15.1951
3.98105
0
29.5596
0.869146
2.16531
1.31556
0.0327098
0.126149
0.00194234
2.37059e-07
0.0952461
7.2511
0.0441504
2.7291
0
0.000627126
1.60532
10.2949
1.11702
0.0364826
0
0.436334
1.53375
14.2499
0
22.7781
0.202275
53.1313
0.883914
3.76679
5.21781
0.930663
0.0583853
6.21106
2.36594
0
0
27.0895
4.35
4.91587
4.82475
1.9258
4.80907
0.0476646
0.889397
0.100716
0.797042
2.122
3.67319
1.99088
1.71027
0.469329
43.6675
1.85733
0.234478
1.25989
1.87213
0
1.55841e-07
1.3735
4.28897
0.180034
0.226039
0.379209
0.687537
0.0568058
0.508374
3.41087
1.70572
1.27462
0.0464388
0.000171391
0.0477252
1.6337
0
0
0.229935
0.903567
0.673975
0
0
1.13256e-05
1.96018e-06
0.00612808
7.06376
0
5.81256
0.109362
0.444519
1.15552e-06
32.0093
4.79218
5.92994
1.42174
0.841596
1.05218
1.19779
0.122551
1.37597
0.0125244
0
0.314207
0.222317
0.871277
0.114284
8.62472
2.68633e-07
1.01834
12.523
0.0321062
0.681327
11.4928
4.66435e-06
0.978443
1.23973
0.00645025
5.11695
0.101092
0.874873
3.63377
0.600013
0
0
5.63062
1.32028
1.33317
3.21944
6.723
0
0.0135774
2.22259
0.0590582
1.69295
0
5.57004
0.71835
15.3707
0.447287
0.163294
0.0773532
0.00104843
0.00986626
0.0207666
0
0.970239
0.0013489
12.6513
0
15.5025
14.608
6.47362
50.9952
0.601898
14.1693
3.35241
11.8474
1.39772
0.602427
11.881
0.00840055
8.60324
0.648369
4.90788
0.510517
0.00240536
0.021345
17.3876
3.65252
0.559138
0
13.523
3.39979
2.22602
1.09098
2.66806
17.6594
3.42682
31.4955
0.974737
5.60861
11.8745
0
20.689
12.0996
30.0424
81.8464
6.61587
9.00995
32.4824
12.728
73.9754
87.0759
59.1971
5.65999
3.7594
1.48748
15.0617
2.02586
0.0434556
0.0868854
0
0
5.56997
8.99971
7.42963
0.236448
4.1914
0.000326651
0.491022
1.41966
10.597
3.49139
9.81128
4.38569
9.52874
9.97656
10.3118
2.37224
1.85035
0.610559
0.463066
1.45771
5.80264
7.41147
2.96921
1.21608
2.59679
2.43717
0.318592
0
0
0
0
0.603174
2.38675
0.937368
1.90372
1.0897
1.67838
0.82401
2.99834
0
0.000124841
0.0255991
0.0310598
0.975111
0.0212956
0.0344394
0.0743396
0.0102085
0.00646391
0.567707
0.994293
0.79204
0.796995
7.49459
0.638486
0
0
0.0205894
0.607581
5.1492
1.27221
1.87036
0
0
0.914752
3.74772
0.398287
0.331984
0
4.78664e-06
0
3.95272
0
1.16068e-05
2.46507
0
1.19419e-07
4.23426
1.93695
8.01155
0.0859811
2.21028
0
12.5692
31.1936
2.30937
40.7208
29.8086
20.5354
40.0743
41.3266
33.3098
35.8314
63.0655
63.0639
62.9295
14.3082
0.757713
0.834546
23.1891
13.7007
31.2178
29.6879
17.1402
26.3775
4.23199
22.51
25.0847
46.6068
12.5908
17.3146
30.9734
25.3966
24.3975
12.321
0.883517
25.6037
0.846403
17.8813
34.1658
77.0616
59.1421
5.57077
13.3991
12.788
9.11567
1.86969
13.5376
12.3504
10.1524
6.69811
41.7767
27.0192
16.8846
18.1084
27.794
34.7789
9.00498
14.6739
0.140702
17.1426
15.4042
13.2838
0
6.09596
9.73482
1.39308
1.15977
1.39614
0
2.65335
2.74822
6.9691
1.54371
16.0876
1.113
0.481667
0.707682
0.528574
0
0.160808
6.87797
1.62404
0
2.80493
3.89399
0
0.666732
0.467522
0.0544117
2.25774
0
8.73393e-06
0.405302
2.94355
0
5.38624
6.46562
0.542898
1.01977
3.53111
0.0291371
15.4575
3.75074
48.4132
11.3873
13.04
3.85953
14.503
32.6801
9.03963
16.6838
9.33879
22.6794
10.1851
0
6.66573
4.15593
11.9637
0
9.32056
0
1.98554
1.70672
3.25117
8.79598
4.36432
6.57787
5.45866
9.06741
0
0
4.07683
3.97365
4.272
0.00710788
3.86421
0.0202747
1.41707
4.47684
1.9804
0
0.822184
2.93749
1.45388
0.181872
0.0142959
0
0.0639098
0.248122
0.006562
0.913807
50.9225
1.21574e-06
0.000908725
1.07862
0.000594773
12.6705
15.789
0.718995
2.43787
23.9861
14.4732
1.88737
33.5862
0.992933
1.95559
0.039286
0.00246333
2.56013
4.40346
0.141407
32.506
2.39582
41.1062
2.91923
0.700157
8.77695e-06
0.305822
0.0912268
23.1273
0.765248
0.0362823
0.563977
8.00564
1.2642
7.76157
4.30922
2.06746
8.19505
14.38
11.8773
0.373573
7.14355
7.18647
1.16072
0.00228578
43.9765
0.685456
0.632483
0
0.000165972
7.19261
1.23161
21.6169
11.6081
8.01486
4.27669
37.1212
1.06474
0.885639
2.88328
8.78629
21.7841
2.05631
1.88025
90.2205
1.46245
0.0174826
1.5045
1.92326
0.859404
0.000777601
7.335
18.3375
32.7151
25.8042
1.62666
36.9176
18.9767
9.94386
12.5737
1.432
72.2813
6.18072
3.65201
3.14329
44.3236
20.8447
39.1103
14.7459
2.37785
0.463851
0.0130753
0.327879
0.00645621
1.74772
0.101328
0.647356
6.26192e-07
6.67605
10.3251
8.85958
0.624263
1.60356
0
0.0617291
0.00267115
0.214495
0.0619485
0.256525
0.811516
0.133981
2.77005
0.195319
0.015745
21.2119
1.53558
16.6011
3.31865
6.47894
0.00679338
0.00429123
18.4225
1.0107
0.0956533
39.2732
12.4232
20.8676
0.248834
3.28906
5.34038
0.057151
7.04916
14.1103
0.0193852
0.392606
0.599192
0.265939
0.530041
0.0638089
5.7893
0.000102278
9.41012
4.30137
35.7396
0.00305454
0.253948
0.66246
1.54995
0.0151595
21.1825
22.2816
39.8639
0
18.3287
11.9725
22.8119
3.52822
2.63942
2.44301
45.5451
0
0.70688
0.358049
0.134021
0.173876
0.14655
0.769199
0.885044
0.00427567
0.735356
0.0841857
0.00257171
2.38115
0.29596
0.00858506
0.0631266
0.13762
0.721007
0.40746
0
1.04291
0.282628
0.152166
0.0271968
0.221401
1.74366
6.06752
6.94534
1.2747
8.50333
7.98414
0.000115624
0
1.03669
0
15.3379
2.84533
5.70286
1.7487
4.57735
0.178798
3.99752
0.184789
1.73975
2.76682
3.57878
2.22156
12.3192
4.16171
6.15678
9.50833
8.91107
6.04707
7.38236
16.2306
11.1928
6.87903
10.1278
16.7988
19.1744
14.5613
11.1024
10.4124
14.2984
3.34201
3.32803
2.22074
1.62512
1.94002
6.87143
7.19576
2.8723
0.893333
1.08882
1.947
0.00289681
0
0
1.06912
1.72754e-07
16.2281
16.7414
0.612382
3.58827
0.630083
0.284956
0.779821
0.00128336
2.32201
0.0354981
20.2795
6.51551
3.28615
1.86042
36.3344
28.4174
2.36935
19.5521
17.9016
9.1807
6.87531
0.899294
9.1803
0
14.4182
11.2071
6.41225
9.49432
9.24388
21.5407
11.2792
5.89737
5.98555
8.207
44.5637
11.2613
3.47287
2.42073
1.80689
13.0975
40.3127
11.1418
44.2712
17.9932
21.1099
15.4208
25.0275
22.9475
13.1925
16.995
7.7403
26.0188
16.2423
27.2437
27.5989
14.9358
10.9222
0
0
0.0782096
0.0526181
6.58073
15.9739
6.84645
6.30387
6.51298
11.9377
7.87472
7.43003
9.31585
4.73487
4.95006
6.99362
2.12375
3.14527
1.39619
5.13665
8.98927
2.45912
43.9855
3.53551
2.97151
6.45127
6.47689
5.24255
1.86293
7.36185
0.665793
31.4905
5.63744
15.8637
21.0494
12.5843
20.6939
8.73953
30.9986
41.2059
16.4437
19.0755
10.6033
0
0.690712
0
10.6609
11.8919
7.01569
12.9467
0.0384556
21.6884
31.1469
10.768
11.8155
9.14722
15.2857
23.429
26.4335
0
0
0.0525863
112.621
103.611
74.8281
3.06241
110.63
3.71965
15.6451
0.360169
2.42028
0
4.46948
15.9308
1.99607
9.43367
36.9149
51.5933
10.733
13.7299
0.103513
71.2961
10.1607
22.8034
6.4283
5.2103
13.4998
13.2756
12.0671
14.1687
16.4478
11.7785
34.0097
13.6796
4.50045
18.086
38.8489
75.4186
5.14925
25.4973
12.8962
16.2012
7.43146
59.7702
15.0373
7.03686
23.7313
14.5949
31.8319
4.3363
3.81014
0
11.4447
0
5.96763
6.73538
13.8595
6.3474
3.8549
11.245
6.6507
7.62633
6.02227
13.598
10.776
9.80883
7.34156
15.8453
6.23466
7.46188
4.03376
10.108
16.7785
8.26334
7.38716
10.2632
1.26686
15.5841
2.48046
22.2944
0.33857
14.5151
0.160203
0.893086
2.11719
6.79169
5.61826
5.25892
1.71576
10.0309
4.49324
1.58196
1.07726
4.99784
2.73615
4.64297
7.20342
9.71589
2.37319
0.272278
26.3356
1.88938
0
1.65924
6.95327
3.88426
1.68553
1.49477
3.40435
2.57144
0.0343825
0.437551
1.18846
2.90831
0.150713
13.2285
1.10716
2.42851
3.74068
0.983577
2.91945
1.2269
1.3058
1.86217
5.87934
2.61853
1.52036
0.819374
0.588212
0.000379256
0
55.7303
0.0111474
0.677357
1.19899
0.419217
4.67884
2.443
1.3627
1.44551
1.40249
1.54565
0.163972
15.7391
0.0499152
13.4471
1.65829
14.3038
2.42114
17.3153
2.83642
0.349183
14.7786
0.00147157
27.0435
16.6235
61.4671
0.00693876
4.38226
0.395202
0.692232
0.979217
1.59465
11.7738
17.763
5.71415
0.341514
22.3247
0.0674287
0.690727
5.99557
0.154155
4.31323
0
1.60692
1.04053
3.80422
21.9304
67.6473
1.1964
18.2601
4.49946
0.185975
13.1329
31.1654
2.23087
9.77158
0.638571
12.0298
14.7508
19.9814
2.29179
0.206432
0.484902
0.388461
4.62251
38.68
0
0.997977
0.0479599
4.60004
0.152635
0.767638
0.430213
1.40485
0.00603651
2.54866
2.72661
1.28342
1.13652
0.0140881
2.45891
0.966638
1.92033
0.00262925
0.351953
0
0.00766411
4.58389
0
0
0.0192682
0
0.847533
0.157174
4.76131
11.8738
2.88589
18.2219
24.8354
15.0733
5.42167
4.45034
0
0.986513
0.832264
0.132227
1.37189
4.10263
9.47733
0.629593
1.09697
6.81555
19.9992
29.2889
18.4701
0.036612
0
2.35099
3.03552
3.64436
20.5554
23.5586
5.52995
16.9158
1.98706
2.2388
20.7338
18.1723
11.8408
13.3688
0.431056
28.5474
14.9013
144.21
0.0841563
72.0244
82.1332
6.3357
0.0748024
0.746728
2.12413
0
1.03754
0
3.43543
0.1494
0.196704
1.04114
9.23886
0
3.65133
0.212385
16.5353
8.74844
5.88119
14.7332
10.0784
4.39974
4.51103
0
15.3435
9.97594
9.4948
7.29744
16.3643
4.48194
6.32344
0.841349
2.99024
0.199752
6.36198
2.32806
3.55532
0.808864
0.624118
2.82972
18.0253
112.75
5.24707
13.1961
5.61457
0.467046
0.388063
0.813866
1.48963
0.473141
2.68296
0.000103356
4.00333
11.5317
1.89712
1.68095
6.72302
1.17294
0.431859
14.8806
2.95852
17.0316
5.21478
58.3653
1.24082
14.9833
21.2768
15.7267
24.2549
27.495
40.6767
2.84139
3.64158
0.0381948
0.612234
2.68786
1.60549
1.05883
1.42586
1.91394
3.2106
6.92927
12.5008
17.9119
38.0535
9.3551
10.0373
0
5.49871e-07
0
6.91601
2.13879
8.64426
5.73713
0.00113855
0
1.76837
0.0265274
2.25138
1.13117
3.30149
3.87729
0.27471
0.0294418
1.66242
7.04894
21.069
11.2267
5.20856
62.0871
2.33175
4.92134
1.29706
115.233
1.84427
71.5542
1.66236
4.05401
26.8334
0
2.08789
0.000100268
0.101878
1.19606
0.599085
0.260421
0.283008
3.74317
0.567246
1.44536
1.72593
1.68698
2.49605
0.279903
0.0380538
1.74384
5.80659
6.50619
3.05738
0.134059
2.01328
11.3329
0
0.0078627
0.0017429
0.0349919
23.7065
1.57263
7.85271
18.0793
50.5286
12.9141
60.5857
20.9647
52.7593
6.42657
16.0005
8.95036
2.47692
7.85894
1.71736
5.68745
0.889425
57.5808
0
27.8832
11.3772
7.04115
0.0949703
9.3519
3.70079
2.54105
18.2802
20.4244
10.1403
19.9993
3.32412
23.8755
0.205788
10.0138
7.78218
1.00292
11.7454
8.90233
2.14768
1.46725
0
20.2696
5.08467
15.2645
23.1978
2.04736
4.10379e-07
66.2429
42.3976
5.16692
2.79224
3.27326
8.48479
20.7705
0.480056
13.9932
2.0873
10.1544
13.1701
14.988
11.5885
17.3091
0.0632819
4.40771
18.227
67.8208
34.7015
35.1692
18.3332
20.732
17.754
5.78509
27.8874
9.29175
35.7123
26.3535
7.66349
64.9908
29.5616
10.7365
28.2985
15.7596
0
13.7278
28.8117
13.5738
6.84541
45.1688
0.780828
37.537
40.9189
3.63722
0
0.00463915
39.8547
16.7739
20.0101
26.6791
2.15199
34.0495
18.6189
4.95777
19.8576
34.51
23.6699
7.36825
35.1579
37.795
26.0838
11.3997
61.0989
5.23599
27.7151
12.3042
44.385
48.258
0.287648
48.4785
15.5925
11.4852
1.24334
24.3644
29.2875
72.2685
37.2285
0.0929536
28.5371
23.7642
23.0838
0.354862
10.8238
11.7703
9.30403
21.0285
6.38432
24.1243
12.0355
4.13844
0
9.06378
3.1521
15.3401
0.898137
5.35626
29.4312
14.4629
21.6208
31.9314
1.18524
20.6878
0
12.9387
16.0201
8.82999
16.8191
12.7119
23.4664
25.2191
53.7345
17.7524
15.6814
17.0291
19.775
1.08954
12.6494
15.6014
15.9761
0.389981
8.50457
11.9604
10.1049
14.3365
4.19632
15.4419
10.3025
1.37737
4.49731
5.32082
16.9848
7.64777
4.90391
1.02208
0.197569
18.2482
5.14822
0.000134841
3.12391
1.06755
1.67118
4.35005
24.1011
0.383712
5.697
18.2019
10.2668
6.30513
10.31
0.638007
14.4946
2.23064e-07
2.00437
5.75612
6.86439
0.300219
1.5798
13.7292
6.79108
5.15507
3.91178
8.30775
18.8989
17.9089
9.28288
6.12044
3.23461
13.3631
15.9978
16.3993
9.92735
11.9274
21.2506
0
2.98428
10.602
19.7646
5.09774
2.77176
8.32583
4.3443
3.28022
5.28965
16.1169
12.3091
13.1919
33.553
11.9285
13.2249
10.645
7.29301
6.40717
8.58741
15.7572
4.1661
0
8.35412
6.02893
3.8176
22.6371
2.01348e-05
0.0011645
8.40887
2.17883
41.6677
7.29207
0.306901
12.0394
1.35429
17.7896
6.81959
11.5707
0.682998
3.67354
1.912
1.04769
17.027
2.79759
4.59465
13.2936
0.468979
2.89918
3.81717
3.7167
17.4676
5.52415
1.50871
7.81014
0.908148
8.62247
6.37751
2.50241
7.58453
5.04724
6.50715
7.77816
32.2238
10.9753
0
4.188
0.300726
19.4877
2.66171
1.04155
12.4068
0.726586
1.3381
91.9593
0.921991
105.046
1.46505
73.5923
6.41219
1.91813
40.2678
1.98775
0.869077
0.0168197
0
0
60.2912
2.37402
2.04637
6.17279
18.2419
11.8287
6.84269
8.36241
45.0606
13.956
10.6164
39.2517
1.49685
109.688
47.5255
0.22008
34.6149
1.05426
30.3218
12.0116
1.36717
36.1712
5.12779
0.866907
5.4495
0.878068
1.75164
1.73822
0.679462
0.697305
7.40776
14.922
11.0138
0
2.92409
3.52744
4.15633
6.12352
4.89141
2.93309
6.74077
13.3221
10.4033
5.76082
4.60371
0.77136
3.80192
1.70489
2.80638
6.72715
1.58483
2.37562
4.04851
16.3436
17.9606
3.1129
1.86338
56.2058
9.85033
10.3116
11.3767
148.829
4.14775
3.20532
4.20486
3.61198
7.99703
4.06318
2.58697
5.21452
1.95322
5.05376
2.63565
5.09882
6.92509
88.5354
6.77424
42.7566
19.1114
0.854452
12.9679
79.5675
0.943353
0.702303
0.287714
0
3.40161
0.809756
0.114544
0.0305009
0.0807064
8.32446
0.914327
0.17155
10.1335
0.499042
6.79856
13.4946
1.58498e-07
0.867012
21.0237
0.297918
11.5179
0.0250222
3.14634
2.03376
0.0350333
1.54068
2.92237
0.0273455
0.00567038
0.718557
6.13015
13.4723
0.0802467
0.184031
2.96603
0
0
0
0.193791
4.96915
48.9818
40.1423
1.47155
13.9596
1.61823
18.3861
6.08538
19.7345
15.4151
9.33336
45.7841
17.4388
6.61287
9.07904
17.889
38.2774
21.2434
1.73519
0.728261
82.0078
7.23504
16.1592
19.6002
13.2759
4.91428
24.2716
0.713106
0.0315615
70.6312
21.1889
9.47132
5.09835
8.41729
9.26598
6.98037
0.282205
1.63105
2.68555
2.2836
5.34212
4.06952
17.2729
16.2738
5.54468
1.94842
4.74253
2.64894
4.7811
7.10434
3.75691
14.9483
1.14841
20.0514
1.82111
4.62611
0
0
3.34514
0.962389
1.26926
0.846836
1.16816
27.1078
24.447
11.2221
1.53273
5.69963
10.2578
23.056
20.071
8.89273
0.00593556
8.45364e-08
4.26942
8.93691
0.0263583
13.3919
10.3166
2.36947
16.3518
30.5803
0.131809
4.91052e-08
3.77281
20.5512
1.43854
7.58778
5.67913
1.91631
20.9709
3.09776
1.58631
3.23667
1.68787
1.59106
1.78385
8.01031
13.2889
2.14481
0.838653
45.9297
3.8315
0.665343
0.175255
0.0425243
0.0102553
0.000358411
0.0561776
12.638
1.96507
1.54429
0.0149573
2.55987
0.010692
47.4318
0.000575352
51.7265
57.3257
0
47.0855
7.33766
1.33905
0.84723
26.6113
23.9238
0.319873
3.40665e-06
0.0771698
3.72602e-06
0.0880649
0.176397
0.164608
0.549011
11.1225
20.015
42.1869
29.7562
4.77732
5.54059
0.995467
35.1507
4.79709
1.67543
2.46841
2.35679
13.827
19.8182
13.3542
6.12818
63.7181
22.9668
9.95358
11.3275
32.2702
3.59444
21.6547
9.35476
5.21069
51.4455
12.3545
2.82466
6.12648
5.39393
37.3671
0
0
0.766776
0.172086
0.000794056
0.0765676
0.297037
1.85915
1.58157
0.327189
1.20594
10.8602
0.00705937
1.49192
0.309034
5.60911
0.099449
25.0541
15.0492
14.3494
21.3726
38.9593
87.8943
17.9393
4.66413
0.0142391
2.19711
14.8791
3.77234
20.5398
2.69715
1.13513
2.47369
17.6956
5.67699
6.35496
9.56616
17.7849
12.5853
8.90792
4.9589
13.8898
5.89618e-06
4.62041
0
8.41487
2.458
0.96272
18.6396
1.68971
0.110663
24.255
3.60542
12.5966
6.11508
0.45509
10.6288
27.4646
10.5592
7.45684
5.07403
26.7971
5.44778
3.10293
9.36742
3.12007
2.34517
0
27.8574
0.785073
3.33507
2.83184
2.38783
5.44058
2.00163
3.55051
2.77928
0.852771
0.576249
1.30196
1.29146
3.58978
0.921521
0.814006
1.45887
5.07036
2.80304
0.805966
1.45502
1.90093
5.11792
2.15195
1.21956
0.612964
0.832885
0.0119648
0
0.0258827
0.946787
1.27273
46.5017
3.5135
30.4155
26.4586
4.11241
12.7692
38.0192
0.926263
0.598111
0.343725
9.98767
0.699748
5.2101
10.8596
11.0259
1.09608
4.02204
15.7482
26.311
40.5914
14.5814
49.0281
15.2958
9.27565
19.4087
45.5042
1.44217
3.06118
18.7939
0
2.69078
42.2922
0.593641
6.44005
0.111941
2.11813
0.0542608
0.953948
1.15068
1.50582
0.954965
0.0135796
0.791917
0.0633598
2.22462e-06
29.396
9.39833
22.1105
14.043
1.30336
9.92618
12.9317
2.09728
11.9885
45.3768
19.4197
2.21581
0.411426
0
5.06615
0.75129
0.00111865
0.102591
3.46985
2.61274
2.42492
7.29691
1.59439
4.56136
24.9445
0.579105
1.36404
0.395032
0.000274
40.6028
17.7015
0.00597639
0.55079
0.989683
0.253149
0.11191
0.0517723
81.3474
0.0726828
0.444012
8.76165
0.0722997
2.81839
4.46485
0.917676
0.936429
0.663449
27.9369
44.8763
0.0363923
0.191702
1.1864
0.398766
4.44573
1.48865
0.13198
0.196224
0.414702
0.166943
0.0088452
3.72895e-05
3.49757e-05
0.0314752
0.917513
0.955182
1.14705
1.58188
0.684972
1.2859
0.0280333
0.000288022
2.42449
0
2.63956e-06
0
0
0.199969
0.0514326
0
0.194443
1.27594
0.687005
0.210763
1.618e-06
0.000468286
26.1202
0.0781459
1.71691
0.674027
0.013765
0.00827421
3.18229
9.55206
0.882497
0.14052
0.879743
0
4.55285
18.1713
6.33746
0.731585
6.32335
0
7.94856
22.2371
9.74675
2.86936
0.0484585
8.16232
7.36084
7.96643
2.43499
0.0435645
0.939394
4.42541
0.010372
2.63618e-06
0.989995
1.14531
1.24696
6.60355
11.1727
15.59
35.426
0.397524
29.8892
3.7614
1.02848
10.6074
0.00121659
18.0134
58.1474
2.7991
3.67683
5.76878
9.42173
0.926854
1.6688
0.788081
0.882691
37.542
10.3778
0.983333
14.8216
0
0.078576
1.15716
2.5241
0.35397
0.6501
10.0145
0
2.73819e-07
1.60811
0.984566
0.879427
1.92586
1.26327
0.199901
4.27149e-05
1.17605
3.51765
3.82146
0.117954
5.19395
40.9472
0.122782
0.171297
4.73973
0.00306078
3.34357
28.0641
9.28647
2.46901
1.50078
3.91595
97.8447
22.2857
27.4208
0.365658
6.30929
32.3149
48.4214
63.2487
0.912452
0.823099
35.8414
3.81029
78.1359
5.13858
15.1973
13.4708
0.807855
0.395764
1.91639
0.887308
21.577
0.274593
0.449768
11.4184
11.4457
0.31419
14.7972
8.01156
2.11221
16.019
0.544086
17.892
29.4034
1.19116
3.56912
21.5928
14.5295
1.88039
0.89746
14.6496
11.4698
8.1151
10.9325
13.0261
5.24331
17.712
8.46847
0.576855
7.81471
7.31585e-06
5.10175
20.9913
11.6103
15.1304
0.224031
1.05886
1.62256
0.719956
3.80821
2.62519
1.83165
0.63245
0.697397
3.61333
4.80255
3.74014
1.22809
0.257775
0.598419
1.42811
0.354803
3.22106e-06
56.0126
1.47148
1.52304
0.574967
0.671939
31.7746
0.0242293
9.53392
56.668
1.11443
0.885772
16.1285
17.0899
4.12251e-06
3.47183
0.0915724
9.27066e-06
47.3771
0.738329
3.10496
22.1226
2.23701
0.617268
96.4905
7.84869
0.421982
0.0023513
1.29257
28.3256
2.11298
0.0192506
83.9269
11.6137
2.56618
9.44385
16.4487
6.32496
9.90927
3.02614
11.3581
50.2258
49.7244
36.7904
24.6017
48.8544
15.8335
6.66754
1.89664
3.81889
4.01256e-06
2.63855
9.65327
1.03634
7.24427
12.2062
16.1358
1.06186
0.00407286
1.21234
0.0411829
4.08798
0.962487
1.37047
0.958106
0.161495
0.866917
1.00995
0.122717
0
46.3404
34.8422
0.61549
22.8146
45.1052
38.3815
7.57599
4.729
7.9237
0.951826
10.4792
2.10596e-05
4.94772
3.00728
2.37951
24.2172
7.20858
22.1924
5.91631
16.6558
36.4895
11.0256
52.8371
19.7667
40.1844
54.5399
27.5396
0.814867
3.18324e-06
2.9191
7.22193e-06
3.35627
1.96968
0.613795
21.0548
1.01735
0.129212
11.3987
15.0164
41.3775
11.4503
9.18761
7.40297
0.0314673
0.718591
0
5.10116e-05
0.0108306
1.02493
0.00750342
0.125592
0.632053
6.47198
11.5252
17.1489
10.309
16.3636
2.31159
0.0321023
0.622457
4.01983
2.10465
1.56434
5.32811
2.80804
2.5148
3.5122
0.434619
19.1469
2.07241e-06
3.09038
0.865367
5.47005
3.69709
7.63953
8.2983
4.98095
6.23271
2.23498
0.144622
0.868227
1.55526
13.9484
0.346234
1.95353
0
11.5689
3.67149
0.277925
2.54935
1.92975
32.836
0.0027088
0
25.0287
