11.8905
8.38593
5.86726
2.77188
1.10257
21.6409
0.00346538
5.86875
3.19869
7.44666
8.05488
7.26055e-07
0
1.20977
15.8478
0.00171418
2.18697
7.22186
12.5757
4.50822
24.9131
0
0.281887
0.0318053
1.12134
1.14674
2.26092
0.0469307
0.351006
2.42206
1.46374
0.206742
0.530508
2.99064
0.273442
0
0.211011
2.8919
1.67933
0.988682
1.30637
12.3455
2.11335
6.61987
0.707043
3.58102
1.72155
1.17454
0.146034
0.000181362
0.440033
2.24482
1.78279
4.93021
10.0659
0.911119
10.9369
4.40344
0.160209
0.294826
45.9691
0.00905539
16.8833
0.333674
35.0775
0.0894696
10.1337
2.80733
7.83502
4.02667
9.79955
1.00027e-05
2.12522e-05
0.0763523
0.0377515
0.891893
14.6023
4.29767
0.00648369
1.55729
1.4682
0.762712
0.663051
0
3.28033
4.35412
0.106486
1.5817
1.13133
0.308545
8.35898
1.50094
1.07603
2.92513
4.16976e-08
0.174741
2.37303
2.08398
1.39411
1.20188e-07
1.75763
5.11194
1.26106
6.09015
2.10864
3.65451
0.848456
0.765828
1.01732
2.11651
0.810048
0.0307862
0.0600361
3.81461
1.77181
1.09862
0.198427
0.623601
0.782616
1.09908
0.199055
0.414444
2.85522
2.39867
0
0.806601
0.876559
5.26376e-07
0.0787456
2.08666e-07
0.0496711
0
0.190335
0.717801
0.000209865
0.00249319
0.607469
1.90099
0.0191716
0.69724
0.00188144
1.08955
2.95464
0.00182519
2.88924
0.000156035
0
0
7.84017
13.3386
1.72773
0.137127
0.7714
0.012611
4.77449
0.40022
2.50093
10.687
4.07479
0.348532
4.99311
25.7562
1.4908
0.00667961
1.74126
1.3867e-05
0.0159658
5.81613
0
1.7569
0.497604
1.02181
0.438852
0.686354
0.173069
0.0466337
0.562747
0
0
0.0297947
8.68689e-05
12.0407
4.21678e-07
0.392475
3.43258
2.29978
9.88938
2.07095
12.0376
37.3353
7.81827
13.9836
12.1201
10.2302
1.85798
0
4.14404
2.04056
3.49071
1.98087
13.7636
20.9768
8.61024
20.8473
8.17478
2.39491
5.48931
0.17366
18.3054
1.87438
12.9364
10.7222
2.4772
19.7867
22.973
20.5292
1.04025
11.205
12.2605
5.19066
0.690323
2.30292
15.5696
0.948011
13.8694
9.54811
8.63864
6.77246
3.66983
6.89618e-08
1.40332
1.77929
7.49952
0.000169717
2.28836
4.80528
4.25028
3.4079
1.48643
3.35273
1.77243
1.13798
2.73663
0.225376
0.13571
4.39915
6.95479e-08
2.02341e-06
0.683418
0.000813181
0.0128953
0.210592
0.619135
0.301278
0.375938
0.0557461
0.0900438
0
1.13792e-06
0.444789
0.349623
1.03526
0.237549
0.152204
0.875583
0.762257
0.267449
0.00174285
0
0
1.68707
0.0636933
1.17932
0.248919
0.242993
0.0741191
1.67603
0.0373045
5.08957
0.024038
7.67366
0.0032818
0.0459314
0.0142386
0.919056
0
0
0.75801
0.0281343
27.3116
7.34434e-06
0.144289
1.06356
0.000713953
0.961389
0.000106071
1.03449
7.6741
2.83726
0.0355575
0.0666662
0.0225611
3.26721
1.74009
0.409724
4.77261
6.54876
1.11358
0.0680025
1.53002e-05
0.00948804
0.797299
0.237089
0.377
6.06209
4.52298
4.34273
0.0785418
3.45958
1.15016
0.253763
0.949141
0.789433
0.332504
9.93537
7.66889
10.4494
0.00467834
0.0041109
0.000985136
0.000145214
0.204916
2.08188e-07
0.0382635
0.0310713
1.87823
2.60196
3.03974
4.33949
0.392564
59.4862
1.98172
12.0156
0.479062
0.408885
0.827809
0.116661
1.2266
3.72808
4.06707
1.24059
0.000384216
6.91825
1.76134
0.00109733
0.916924
0.234835
0.426879
2.04101e-07
0.00211003
0.680993
7.26158
0.545657
0.820576
0.283499
0.695506
0.000947116
0.00368491
0.166469
0.389635
0.00146455
0.00434967
3.61889
0.472448
0.288506
2.1392
0
4.32901
4.23378
3.21783
6.70407
0.732826
0.528288
3.61963
12.5353
6.94933
1.42724
12.1473
0.423553
0.494718
0.979071
2.11751
2.21596
2.68803
0.542539
6.85742
5.29951
6.14512
1.37664
18.7956
4.85866
16.4218
8.71489
6.94944
11.1737
3.65806
5.82544
3.23122
2.59108
2.46231e-08
2.28415
0.825503
2.80164
24.7723
1.14692
3.67017
60.3005
17.284
2.24466
1.38236
4.27528
0
0.794794
2.25942
2.06811
1.22854
14.2454
2.17162
4.28659
2.89896
1.75484
0.174695
1.51561
5.32665
4.57911
7.55116
8.84879
0.151415
0.529522
0.890229
0.0910248
2.47509
10.0937
13.1979
3.96553
0.0322125
0.188905
0.00164456
0.522443
0.807158
1.66466
2.93154
33.5523
0.320063
3.65304
0.968176
12.0239
14.3582
6.2327
3.34327
1.33802
0
1.51245
0.275348
0.600616
3.39823
0.661717
1.40573
1.14784
1.47646
0.789809
0.11541
1.60014
0.284348
0.292995
2.45215
2.09518
0.578835
0.802169
0.840121
5.91233
0.785587
1.23971
7.84719
10.2249
4.30114
1.5318
1.69907
0.000866207
2.17256
5.92238
29.9707
5.53656
0.45616
0.649782
7.62579
0.622957
0.314497
0.0207955
0.00500292
10.5448
21.8136
6.73797
1.03639
25.0621
12.5089
4.02296
2.9026
1.47343
3.19279
0.105973
2.04218
0.752377
3.30003
5.33773
9.66693
13.1383
0.208702
13.6069
4.334
0.396551
2.31263
6.3779
0.0611111
3.58182e-07
8.5138
0.000787173
1.07227
0.163634
0.889845
1.75803
7.16228
0.834761
2.1533
1.69474
1.91851
1.30657
0.195891
0.28667
2.2797
1.94207
0
0.858932
12.2134
2.01139
0
2.2954
1.01819
0.168572
3.63837
10.7639
5.43379
0.315994
16.3101
0.000359721
4.84606
19.5529
15.1454
16.839
22.8377
4.86593
1.2008
0.659416
4.26912
3.04351e-06
0.00583849
3.21625
0.00113504
1.17652
2.07373
2.47489
13.3724
0.989904
0.351296
0.99795
0.167348
0.0776984
3.85303
9.33223
8.2329e-05
0.106134
2.02626
0.000341449
2.12106
3.32805
0.374374
4.94022
0.00741159
1.5793
1.0619
0.439059
0.761352
8.55768
1.66337
6.56553
8.63099
21.7781
0.56357
0.082154
15.2148
14.1226
25.944
17.5585
1.01627
2.0738
12.0996
0.0124933
1.57036
0.214032
0.737369
0.168933
0.551859
18.9575
1.94603
0.613593
1.92208
0.00241765
0.0403407
0.275761
0.624071
0.251455
3.61583
3.69939
1.24841
2.41027
0.952429
0.877042
1.77739e-06
0.00297562
1.04827
0.0815784
0.834936
0.724863
0.170041
14.7919
0.734296
19.971
0.643972
2.32601
0.0354862
6.45158
1.19951
1.07517
4.13612
7.43886e-08
0.00793929
6.45526e-07
1.59105
9.10851
8.38453
0.853439
7.68734
0
1.54827
2.09166
0.86458
8.22787
0.411288
1.34381
0.047438
0.983187
0.00925639
0.639908
1.16658
0
11.8665
14.0566
17.5557
9.9137
5.55167
1.19348
3.25304
7.3176
10.2983
9.28072
0.0489267
1.26289
0.157386
4.07629
8.82751
0.89679
0
6.26437
9.3928
0.000100372
3.95319
0.000242643
0.120909
1.75695
0.948019
2.05704
0.992821
0.975182
2.00109
9.24558
0.101792
1.48545
0.883888
0.160541
0.0517112
0.0126952
0
0.0537569
0.0760716
0.0536872
16.5079
0.0191471
0.922042
1.30789
0
2.45161
1.5133
1.92133
2.17739
14.21
12.169
7.01321
2.83001
2.12249
4.36782
3.6355
16.5045
10.7804
11.9821
17.0104
0
1.03324
19.5026
0.884764
0
4.02105
0
4.77436
19.7551
5.5931
2.96346
4.42724
1.53887
6.19885
0
7.6973e-05
2.6521
1.34901
0.486259
1.55149
1.21356
1.28093
26.5769
0.576979
1.89162
0.000579743
0
0.0483842
0.0095593
0.566328
1.86829
6.63362
5.24005
0
0.00198911
0.00931938
2.26298
0.0999623
0.00185666
2.28553
4.23354
0.104746
18.3248
0.02214
0.0696966
9.03382
1.84883
5.04937
0.581219
1.37666
2.61027
4.23047e-05
0.0323948
5.53892e-05
0.913908
0.0138495
3.34178
0.0241616
0.598903
2.46276e-07
1.27372
6.11625
2.94459
44.2764
4.56031
2.28521
5.38767
0.595723
1.22579
0.46125
0.0731804
4.07052
0.27642
5.2974
2.16068
4.41559
4.30989
2.43354
0.404636
0
16.4065
0.00730663
4.69022
0
0.366182
4.86873e-05
4.41615
0.687175
0.408965
2.30471
3.78365
19.5848
0.0320307
0.25867
0.112531
0.6369
0.18151
0.0017072
0.106709
0.959316
0.0924102
2.18182
3.2059
5.26625
0.238036
2.92436
2.22521
6.2639
4.22049
1.48424
0.0760824
2.46037
0.52812
0.236441
0.59685
13.1762
2.77838
0.887029
4.89859e-06
0.716429
0
1.39292
10.1285
1.77555
5.51215
0.918228
3.32442
1.87196
3.67524
0.962605
3.84829
0.0115813
0.411731
5.98729
0.0387143
0.0325198
6.1
1.76397
1.51114e-07
0.100517
3.99386
3.99643e-05
0.579097
2.21591
7.49884
7.7635
1.19042
1.05597
3.70328
0.308262
20.2143
0.886737
2.39146
0
0.7854
0.0368971
1.5081
0.625616
0
0
2.04038
1.30498
3.13215
0.0897504
0.104749
13.1798
6.00033
1.18306
1.51306
0.386459
4.51963
0.602289
1.89655
2.85625
1.53742
1.76694
1.9164
5.24652
0.391194
3.56765
1.09682
0.847325
0.0504189
3.90637
0.638062
6.06548
1.72865
3.82502
3.44198
5.96069
4.93031
0
4.3691
0.687692
0.000536029
0.0020807
5.49515e-05
1.15705e-05
22.3107
0.144002
0.0602221
0.829639
1.42367
0.0167392
0.00460304
0.238846
3.7878
0.00743955
13.0537
2.42679
0.200319
0.965044
0.306759
1.67493
15.4443
2.66261
5.38688
19.3359
0.0243841
0
21.0438
0
5.03961e-06
9.81059
7.90167
3.25659
0
1.10557
33.9268
0.00156266
1.33116
1.36455
9.54107
0.0985707
0
11.856
0.153975
4.42433
0.0734503
4.22835
3.03094e-06
1.03523
9.46103
0
1.68128
0.862178
2.53106e-07
29.8921
6.65588
0
0.698738
14.0646
3.98127
6.32998
0.0128398
0
0.320519
0.0023451
0.0205971
0.00578692
2.44024
0
5.64699e-07
1.21485
1.50139e-07
3.16732
13.1643
0
0.179327
0.0570039
0.0246687
0
0.0121974
4.31785
0.163129
6.3967
2.51126
0.00998939
0.118221
3.00722
0.0976767
2.01844
1.59046
2.67983
0
9.839e-06
0.135515
3.74237
0.177078
7.82649e-07
0.971263
1.19171
2.43047
5.15948
0.000166284
0.0170887
0.537847
10.4635
20.5608
2.48605
1.51237
0
0.70689
0
10.5696
0.0119137
0.00277403
4.29308
0.034766
0.0101611
1.39226
4.02375
5.93554
0.0752139
0.0862887
4.58041e-07
0.998548
0
0.00263829
0.677702
9.22916
0.000911369
1.24271
0.0184886
5.16455
0.922926
5.91359
10.2464
2.32015
12.8652
0.0338214
2.52852
34.1089
3.18479
0.36478
0
0.984712
2.27486
7.84508
3.51785
3.55491
0.815575
1.94349
0.920453
3.05754
9.18409
8.54723
45.1398
0.00417832
44.2781
0.694514
8.63597
100.463
9.80703
0.667334
0
0.559769
1.68598
1.10091
0
10.0555
4.88865
0.0417226
4.37923
0.968826
0.000419517
12.2687
0.758214
6.51803
0.0219751
0.0144315
0.818115
0.031455
2.03406
11.1722
3.25863
8.16312
11.851
0.793425
0
0
0.404523
2.05644
5.70332
1.37814
3.82326
5.21153
1.7889
0.670864
0.374159
0.791691
5.19874
5.70189
4.25045
0.505533
7.90185
0.0388441
1.28734
2.85878e-05
1.63926
0.801745
0.130557
1.66869
3.03978
11.5216
0.132696
3.30189
5.01638
3.19797
7.70277
3.85279
5.57751
5.41671
9.38036
0.615452
1.15361
0.200383
2.29225
5.36136
0.00335867
0
0.993211
2.44802
3.44114
5.53329
6.44246
1.68531
0
0.0391067
5.93492
4.85624
1.10423
0.82675
1.31353
9.06921e-06
0.725571
0
0.190497
0.0999802
2.24011
0.681624
3.64497
0.204195
2.85298
1.43754
0.622283
0.000283641
0.213267
1.60439
2.68235
9.27214
4.75327
0.210505
0
1.88539
7.70628
1.38359
0
4.98946
1.59734
2.56339
0.000186655
4.37511
1.3666
0.785006
0.660489
0.2818
0
1.02954
0.0302269
4.61757e-05
2.51602
4.99613e-07
0.0289747
2.145
0.0228066
3.39583
1.81982
1.09876
0.0168513
0.0846808
4.70117
0.288507
5.73234e-06
6.2336
1.16743
0.0337322
0.0209826
0.0287616
0.0262496
1.52502
0.0491652
0.79687
0.0400784
0.0110593
23.8276
10.7714
0.966965
11.479
0
0.581203
6.69958
9.42949
0.0116954
1.42199
1.82755
9.87447
0.0143361
0.146296
0.260223
2.99986
1.34136
0.881048
2.97501
0.965398
0.868678
0.910968
2.62398
0.92947
1.21202
0.819728
0.00936288
0.665646
0
1.02488
0.02318
0.0108314
1.33597
1.31835
0.815003
3.25873
1.03305
0.780413
0
0.906814
1.25826e-05
0
0
0.472788
0.072275
36.2592
2.44957
1.03889
1.7223
1.09301
0
1.48493
7.1296
4.84574e-05
1.79808
4.13721
5.89426
8.3158
15.3553
8.69109
3.877
0.908206
0.134005
14.6598
9.40036
6.13392
13.3258
0
3.72437
0.930634
0.000403824
5.21115
0.000650765
0.112716
2.57644
0.859376
0
0.00229651
0.00326871
0.00183974
0.00158998
0.343216
0.000384539
2.76115
0.412587
0.240927
0.487407
0.0425891
0.485033
0
0.00973338
0.0405874
1.88861
0.044446
0.998985
2.67432
15.1405
12.6949
0.0630208
0.0748585
5.09392
1.62199
4.19379
3.26257e-07
6.91858
0
0.678762
0.908685
0.00243514
0.122018
0
0.620468
2.57101
3.37264
0.0268141
0.0279502
0.705768
0.890848
1.7692
1.61196
1.37793
9.82635
0.687319
6.02191
5.18767
3.02014
0.00307363
0.00558355
4.05957
0.0062031
0.0655016
0.58493
3.0262
9.25524
0.364827
6.23974
8.42518
2.60338e-07
12.3597
13.823
0.789384
1.68406
0
2.23844
0.00105014
6.18279
13.0072
2.64716
8.21824
0.181673
0.115684
0.0381304
0.000144493
0.799791
0.0017193
0.991777
0.644639
3.72076
1.86581
0
0.0564731
0.160923
14.6616
0.508899
1.51395
0.314234
0.0802614
0.423278
0
0.000298893
0.289755
3.82866
0.230322
1.55417
6.33335
2.05211
3.18439
0.812518
12.011
11.2695
0
1.88508
6.41584e-07
0.618451
0
2.76475
12.5017
0.222492
2.29833
0
4.58553
0.907864
1.42855
3.27798
2.35259
1.25866
0.0208577
0.922947
0.425058
1.00785
0.881622
1.26956
0.000713299
0.000167181
1.17745
1.58273
2.02674
5.65002
0.160732
2.83697
0.19982
7.54745
0.106492
39.6876
0.000651903
5.99445
0.318721
0.354095
19.7205
20.6789
0.545699
1.41997
22.0366
34.1689
2.29015
4.91801
0.427084
14.6923
7.50576
2.4627
0.0132573
1.27486
7.34077
0.00998425
3.3025
7.74717
3.59028
0.51397
4.3407
3.93116
11.3364
1.40319
0.432027
4.08109e-07
7.02961e-07
0.288973
0.552816
0.528518
0.96554
1.35099
11.0082
0.0120896
0.699055
0.101195
0.38298
0.631284
8.0375
0.107969
3.2725
4.52064
13.0346
3.45343
14.9558
0.000145788
0.163381
2.2195
3.46868
5.14559
10.0758
3.58281
0.0329478
0
0.00589465
1.81555
0.260584
0.0266369
0.189573
0.930926
0.732445
0.763882
1.5526
0.000205626
0.0101121
0.00705392
2.47622
0.0250366
1.00484
0.00495469
8.79708
2.77218
0.96302
3.56058
0.00268037
0.0796933
5.68882
1.16875
0.0047331
0.190401
10.1863
0.609882
0.000405405
10.6757
0.0581405
0.688264
0.558507
0.257413
0
0.0396778
1.09756e-05
0.852714
0.191425
2.56825
0.00659872
5.72764e-06
0
0.00381322
0.171972
0.139383
0.0899454
9.77723e-08
0
0.437184
1.78447
0
50.1111
0.957331
16.0703
0.939276
0.153391
6.4848
0.000105154
0.64165
0.91051
1.44815
2.79903e-08
0
11.4345
5.26853
0.995653
0.739404
0.751259
2.62958
0.875223
0.138657
0.0126763
0.994557
0
0.0292631
0.0297323
0.265673
0.922632
4.44004
4.38199
0.805771
0.42844
1.21444
0
0
0.0014972
2.59314
0.00106553
0
0
8.09061e-06
0.301238
0.0756019
1.53269
0.0535484
0.899244
1.08787
0.0323713
0.0671765
0.343021
0
0
0.0148643
0.802897
0.0637926
1.5019
0
0
0.00789575
0.516517
2.37315
9.9944e-08
1.06929
0.856006
0.1121
0
19.6394
0.974403
1.35574
1.27002
0.0715556
0.0746196
0.236734
0.815493
0.00290968
0.0169959
0.0288596
3.84599e-08
0.170687
1.13898
0.554623
3.22228
0.034563
0.998321
2.61187
1.01831e-06
0.474595
2.90691
0.502205
0
0.00515892
0.869331
0.790361
9.67829e-06
0.162023
1.32141
0.660733
0.00720149
0
2.39781
0.000490214
2.90424
0.0111317
0.901839
0.600687
0.00375333
2.42815
0
5.96833e-05
0
0.0588626
0.0214858
8.51582
0.542384
0.00016042
7.89478e-05
0
0.0164572
5.29581e-07
0
0.883639
0.298806
10.1538
0
6.43256
4.52059
2.13616
13.2348
0.737616
1.81094
1.96273
1.1126
0.188479
0.310808
1.72743
0.98892
3.43931
1.63766
1.69776
4.59691e-05
0
0.235129
5.12709
0.445257
0.00851986
0.0004047
6.4472
1.66592
1.44999
0.942576
1.60146
9.10424
0.0324585
11.5439
0.371045
0.0474134
4.55727
0.0142471
3.89857
5.3692
7.70977
20.5563
0.015661
5.92488
8.40297
1.79521
32.8853
20.2307
17.3996
1.70662
4.147
0.297084
3.83571
2.85983
0.00712702
0
0
0
1.78098
3.71739
3.45479
0.312717
1.98261
0.028088
0.0203392
0.0874753
5.28572
3.07147
7.71142
3.88791
3.81249
6.74944
4.89474
2.89502
3.55305
0.0406734
1.2521e-06
1.60981
3.22773
3.27779
1.16137
0
0.0174406
1.47707e-06
1.40997
0.38088
0
0
0
1.84092
0.681893
1.40075
0.117735
0.196138
4.07102
0.416695
1.26744
0
0
0.00421603
0
0.197284
0.631248
0.999061
0.767771
0.796948
0.0845635
0.640078
0.158904
0.463179
0.164701
6.37575
0.291008
2.07946
0
0
0.707762
3.37199
0.748226
3.08162
0.0135854
0.79975
0
1.66415
0.00891473
0.0123557
0.148212
0.926553
0.0560646
0.189454
0
0
0.704994
0
0
3.44807
0.0206898
2.24655
0.475613
0.129613
0
0.804349
11.0992
2.0088
8.5638
14.3678
24.0751
23.8773
39.9226
40.6574
18.4845
48.6604
12.465
8.35547
3.00768
0.215917
0.00839694
10.1005
3.3849
12.7905
13.5779
7.17316
4.15419
2.17516
4.0997
10.795
5.59205
1.84042
3.11909
8.0397
7.52234
5.36761
0.807054
0
14.059
0
5.22422
9.05905
22.3327
15.2626
0.0383029
5.64857
7.04592
10.6053
0.0796621
0.702058
3.17163
1.90688
2.20309
14.9551
9.60342
5.49729
1.93024
8.27279
11.9938
1.5315
5.95727
0.057625
7.53881
5.82307
8.07995
0
4.92859
3.82027
0.0552646
0.789366
1.15594
0
3.33334
1.37507
0.0824615
2.00703
4.57671
0.962856
0.968931
0.00377022
0.0419533
0.733329
0.804933
2.06432
0.00019919
0
0.145421
4.17697
0
4.29112e-06
1.0364
0
1.75097
2.71095e-05
1.06185
0.530261
0.171951
1.27674e-05
2.36669
2.49486
2.61918
1.83608
0.671945
8.55187e-07
5.73912
1.19198
26.671
4.02639
4.32563
1.35895
1.5095
5.17295
3.47159
3.08115
0.142758
4.81581
1.86318
0
4.67161
0.831753
2.92147
2.19953e-05
3.63804
0
1.20294
0.795128
0.976603
1.28689
0.150021
2.3838
1.13821
1.46773
0
0
0.389852
3.3094
3.27513
0
1.91234
0
2.24364e-07
2.64297
0.221801
0
0.0401642
0.813334
0.801157
0.0843617
0.030266
0.0387398
8.59747e-08
1.72421
0.209154
0
38.4575
0.00323968
0.786308
0.240675
0.075488
3.74033
3.39418
0.989325
1.14779
6.0105
7.60759
0.988445
12.0046
0.883466
0.607556
0.4762
0.0522774
0
2.34371
0.847607
2.33254
2.40894
11.1184
0.00789847
3.4675e-07
0.367539
2.55722
0
11.5812
0
0.0830111
0.766762
1.79737
2.96916
3.36988
1.18247
1.65683
2.64425
11.7391
2.86481
0.06373
5.23894
6.34927
1.12889
0.0104128
10.4894
1.68029
0.0021119
1.45113e-05
0
1.91246
0.987633
9.08407
2.07926
5.40492
0.97011
28.2589
7.28455e-08
0.191265
0.0451041
0.932749
3.24914
8.67784
13.374
35.5861
2.0223e-07
0.000931187
0.470276
1.25634
0.826836
0.0043255
2.58109
7.01336
11.6737
12.8087
0.253219
12.5112
12.3878
1.90442
2.82335
0.921907
54.5033
4.88003
1.10777
0.837948
3.92465
1.09257
3.54939
7.09219
2.76001
0.912595
0.0316727
0.975937
0.015036
1.90672
1.05963
0.0614639
0
0.971386
2.43274
6.58632
0.136125
0.609849
0
0.0263806
0.000911688
0.286723
0.108034
0.802292
0.25076
0.577223
0.48736
0.0381909
0.171094
7.76158
0.00510216
3.95421
1.62114
1.90716
0
0.00210172
2.44063
0.273088
0.00265574
18.4833
3.85376
29.7399
0.274344
2.87049
3.35559
0
2.72728
3.47673
0.038014
0.00360492
0.968461
0.183621
0.00103115
0.2435
3.23008
0.0298564
6.38067
1.96103
8.37715
0
0
3.43379e-07
0.923154
0.00204352
3.50151
5.06121
7.02614
0.000104525
5.67102
6.97843
3.02455
3.04993
3.35627
0.243127
8.3753
0
0.55726
0.181568
1.14773
0.0364935
0.000309432
0
0
1.96121e-05
0.0277266
0.0109576
6.28157e-05
0.823797
0.151033
0
0
0.000171763
0.285423
0
0
2.36594
0.264922
0.973886
0.0151732
0.00315718
0
5.09296
0.743092
0
4.42435
0.159434
0
0
0.681896
0.0081472
5.44896
1.67665
2.63332
0.531795
2.99953
0.674324
0.667583
1.36524
2.28118
3.32434
1.16257
0.301474
7.7792
2.29032
1.87704
1.75062
2.92431
4.51201
4.12211
5.19461
3.11976
4.7581
2.49308
9.07838
1.55073
2.45001
5.21804
4.09403
4.06429
0.729174
2.37564
1.36398
2.67954
0.0133626
0.847844
3.48482
0.0225593
1.08515
0
1.05735
1.6613
1.37204
5.05162e-06
0.92482
1.65902e-06
1.98869
5.98443
1.59684
2.54099
0.201604
0
1.44316
0.00638326
1.16955
0.767945
6.21012
3.21146
0.844758
0.357591
18.6133
6.21586
5.91961
3.66529
0.861758
1.30478
3.13159
2.81057
15.3349
0
3.96413
3.9951
1.04845
1.88125
0.838057
1.67919
4.8714
3.03772
1.74262
8.89398
36.9784
3.30645
1.49074
0.672808
1.87426
5.60785
6.95229
6.36955
12.1592
7.88421
8.97746
5.74242
8.34766
6.44294
3.93811
8.8251
3.38898
22.8125
16.8455
10.6704
8.04375
4.97553
4.43104
0
0.00465026
0.150293
0.398861
4.13582
7.01206
5.22825
4.3364
5.41332
8.88482
10.9758
10.4798
9.49214
1.91902
3.90062
1.62715
1.40289
1.42238
0.691249
1.673
0.398709
1.1031
28.5075
4.62038
1.87456
0.235837
1.4624
2.42145
1.58508
1.98853
1.171
5.43305
2.15379
6.55836
8.45574
3.88228
3.18813
3.33574
13.082
43.8161
10.3177
11.1858
4.14167
0
3.75738
0.0788423
2.27428
4.40762
5.11636
10.6413
0.00405226
14.5259
14.3468
4.89565
0.425878
3.19259
5.04152
4.68013
16.2434
0
0
0.00669694
58.3522
37.4243
18.6654
0.426743
37.1095
1.05101
5.05929
0.00568123
0.808268
0
2.40288
3.91857
0.044049
3.74369
2.83763
2.95279
3.4347
2.07045
0
5.55525
3.15377
1.86059
0.751537
0.546634
1.18537
2.478
1.81819
1.98367
10.9773
0.330601
13.3214
6.73287
0.442937
6.68842
9.61266
25.9954
3.52183
10.9556
0.67095
6.03503
2.56818
21.3182
1.8354
9.39177
6.73357
4.76536
9.20476
1.58732
1.20615
0
2.14342
0
0.0889912
5.92729
1.8176
1.66918
0.403798
2.29063
6.44013
2.36037
3.51633
2.1391
5.99851
7.33345
9.42667
11.3807
4.99698
0.603109
5.55784
5.10173
3.74899
3.37286
3.03228
3.47877
0.751602
5.05535
0.650352
4.60275
0.674517
5.56049
5.03652e-06
2.09055
0.204975
1.84816
2.78232
1.82597
0.00570593
4.96386
3.1226
0.70298
0.00282767
1.45473
1.43324
1.59181
2.77792
2.65901
1.62332
0.00588157
8.36178
1.33411
0.716007
4.28753
6.46021
1.46315
0.424142
2.28416
0.163924
1.93095
0.139267
0
0.894543
1.28558
1.17675
7.62778
1.09587
2.95098
2.16647
0.849923
0.74621
0.212747
0.340705
1.60724
1.14571
2.53508
0.00406947
0.618093
0.11092
0.183831
1.55117
3.03945
0.7172
0.00861716
1.64612
0.0198322
3.66326
2.66464e-05
1.52197
0.55028
1.1679
0.126079
1.12231
2.80813
0.201481
1.86201
0.603332
5.13929
0.382171
5.14162
0.770833
1.61439
8.05133
1.23512
7.41628
3.83902
20.5306
0.00274272
1.4081
0.0277332
0.057912
0.576499
1.01557
1.31601
5.49109
0.474287
1.49751
7.42024
0.0558383
0.89065
0.447085
0.889887
0.929103
4.28652e-05
0.403013
1.05288
2.22502
3.63653
5.47621
2.50696
6.43097
3.53043
0.417715
3.21774
23.8034
3.97694
0.733796
0.578763
9.15295
6.20415
1.51338
8.03238e-05
0.810579
0
0.850686
0.399622
17.4209
0
1.01369
2.8913e-05
1.90752
1.83903e-07
0.102911
0.76774
4.30034e-05
0.000211003
1.02244
2.81565
0.418011
1.44941
0.00624633
1.66078
0.0251806
3.28834
0
0.49555
0
1.51201e-07
1.73467
0.0618643
0.201581
0.964951
0.0446498
0.059982
0
1.56392
3.20684
0.363944
5.89137
5.06383
8.29114
1.89342
5.43668
3.56976e-05
1.04222e-05
0.739387
0.809562
0.00787996
1.1615
1.87625
0
9.86882e-06
0.0590265
5.37903
2.65327
6.63807
0.0330187
4.1565e-06
0.552439
0.0193868
3.60202
10.1872
9.20762
4.29155
5.05392
0.107886
0.703402
5.85244
10.9405
2.21424
8.13977
0.367743
8.38881
1.11506
62.703
0
55.5374
43.8705
1.59279
0.0592505
1.7263
0.474145
0
0
0
0.366123
0.00565097
0.913846
0.842117
0.818067
0.472104
0.540074
1.18988
4.87458
1.08457
0.777589
10.4025
4.16984
3.68053
2.21681
0.0232592
4.26655
2.51854
3.17829
2.17451
2.83488
0.323628
0.117073
0.693548
0.360938
0.786898
2.8172
3.1241
3.42679
0.384982
0.0160634
1.19432
29.2645
36.8342
1.35444
4.53845
1.56915
5.06494e-05
0.00301656
0.218887
1.06141
2.90101
0.128667
0.172832
1.79588
2.56025
0.514119
0.4201
1.30502e-05
0.957506
1.84767
3.70783
1.12688
10.1723
0.114036
10.2471
0
3.63606
7.53545
17.5825
5.27169
15.0071
20.8549
0.0940063
0.256893
2.3159e-05
0.16929
1.95529
6.05334e-06
0.30831
1.0152
0.930072
0.107598
2.81789
5.23853
7.07796
35.8703
2.82406
5.12839
0
0.67924
0.609921
3.16844
0.0281043
6.35676
0.782569
0.0232029
8.67703e-06
0.822776
0.678821
0.670037
0.762414
1.33902
1.32214
0.0334826
0.00052842
2.13561
3.83673
12.9633
5.19836
2.89714
18.0744
2.35753
0.779544
0.081587
51.374
0.0324813
38.0142
4.40007
0.566267
11.9912
0
0.23949
3.93848e-07
0.368288
0.0246296
0.00634917
0.0031718
0
0.249464
0.17838
0.310093
0.000655766
0
0.962073
0.383489
0.841157
0.431949
2.05053
0.717344
0.0283857
0.727583
0.481398
3.90609
0
0.00104056
0.00766258
0.056057
2.48282
3.28633
0.742137
11.9656
3.30142
4.75488
17.9836
6.40653
16.5205
2.32373
5.63375
3.84626
0.642056
4.70212
0.953176
2.01924
0.0114828
12.1637
0
5.88498
6.71629
1.69092
0
0.0769731
1.17663
1.62427
5.59445
8.92611
3.06349
10.6066
0.270545
6.79703
0.604984
0.259784
2.49585
0.860835
11.2416
4.68471
1.34124
2.41728
0.561614
13.1709
0.63787
9.94427
8.89635
0.649812
3.97534e-06
51.0562
28.0108
0.835348
0.0157767
0.0616534
3.85898
7.00755
0.193735
3.06987
0.856962
1.7651
4.86564
15.8561
5.93245
0.243691
2.14105e-06
1.61524
3.87053
7.38875
3.36901
3.15512
6.42229
4.98358
2.65986
4.53723
6.58824
7.41246
6.5311
7.88233
2.80265
26.9437
8.89017
4.52092
8.43406
4.95003
6.25477e-05
5.91238
15.0465
4.43639
2.35097
9.50481
0.90662
22.9386
28.9494
0.672801
0.919385
0
36.6774
4.95885
7.75522
13.6361
1.45191
9.09679
12.5828
3.16392
4.10244
36.0666
10.1998
1.83716
13.2487
14.9294
5.02942
10.2859
22.0135
2.88464
13.2019
4.48751
13.8194
17.3563
0.00477798
11.1303
9.05884
5.20411
3.37928
8.74426
10.541
46.6749
19.4626
0.000565581
11.4528
9.73209
8.43035
0
3.05745
7.4947
2.0734
7.22964
4.65351
2.76571
4.95795
0.389704
0
7.03497
2.06687
1.68925
0.105008
3.32357
4.95171
1.95511
7.74105
4.49153
0.124666
7.06074
1.65429e-08
5.55533
4.34372
1.90677
6.1386
1.58581
17.4121
12.7399
36.7516
8.23554
1.20224
1.45045
3.56228
0.164957
6.6163
5.05217
5.13192
0.0215721
7.80058
5.71847
3.5274
5.1093
1.5725
1.96629
0.0896119
1.33454
1.00821
0.7211
4.16065
1.58632
2.06726
0.938416
0.105028
3.37554
2.47593
1.48457
0.307022
0.604267
0.696805
1.2334
9.41981
0.0294402
6.83327
4.2542
8.55036
6.15488
3.31638
0.049593
2.09283
0
0.0476405
0.450436
4.43566
0.0462772
0.925942
5.85396
0.813653
0.429452
4.66571
2.55774
5.93748
1.84239
3.40801
3.24518
0.969001
3.39518
0.842089
2.60488
1.58701
0.757081
7.28576
0.116302
1.38694
7.07205
2.37481
1.5719
0.0871241
4.80543
0.0309862
0.00783585
1.35781
8.38712
1.7563
2.90293
5.81261
1.10229
3.59718
6.65232
3.53134
3.01702
2.5066
12.5638
0.425947
0
3.03346
4.46207
1.10923
15.8046
0
0.0210439
4.66552
4.67106
13.0589
6.14663
0.463849
5.74221
0.753563
10.7223
1.03062
13.7754
0.223768
4.57892
0.070633
0.878719
1.29303
0.230967
1.64302
10.2463
1.41335
2.88841
2.61134
0.200853
4.477
1.61257
0.872346
2.20816
1.01236
3.10157
0.829643
0.983783
1.77655
1.31018
2.48306
2.67047
8.38693
4.71376
0
3.05837
0.285488
3.21652
2.57734
0.676343
3.46511
2.86249
1.67304
56.116
0.590959
41.9556
0.981694
20.7183
5.8446
1.24922
7.7578
2.3909
1.86918
0
0.0861858
4.37101e-05
7.33279
2.39254
1.1428
1.52384
8.93493
2.48364
0.820735
0.632421
3.56157
5.10278
2.71241
13.6915
2.79796
15.4387
15.256
0.0119476
11.9392
0.39872
9.72236
7.72386
0.399306
4.95507
1.30001
2.95387
2.796
1.12621e-06
1.78005
1.03655
1.84907
0.0610366
0.322349
4.5334
3.5298
0
0.507186
2.47232
1.99494
2.69331
0.768458
1.81178
1.9696
1.00665
0.840149
2.68585
1.23283
0.00511487
1.5142
1.08539
2.24486
2.06962
1.49687
2.64323
2.63075
13.2641
6.62176
1.89426
1.33782
28.3103
1.91167
4.41154
0.639306
42.0134
0.971831
2.19627
3.21123
0.943918
2.26328
1.21428
1.82841
0.67028
3.10649
0.239175
1.84397
0.118875
4.05816
60.817
3.49786
9.5172
3.91196
0.123824
1.21993
22.5661
1.0123
0
0.0195143
0
6.58439
0.223234
0.453438
0.234844
1.22831
3.03112
0.614391
0
7.54827
0.491997
3.10105
6.33955
0.00538612
0
10.1366
0.286893
3.02213
0.0414475
0.330109
2.10126
0.0663898
1.70209
1.86356
0.0373219
0.913975
0
0.749288
4.38902
0
0
0.368612
0.12385
0
0.0623242
0.00844717
0
2.25275
9.16604
1.33302
8.47927
0.674846
12.3535
3.49777
7.41107
6.87736
1.35896
7.84869
8.01306
1.99598
3.34942
4.60623
8.22356
2.70159
0.342441
1.01814
15.4501
0.794142
5.49624
8.22283
3.57288
0.791763
6.04214
0.0477701
0.0211243
10.9467
5.27417
1.67366
1.21473
0.12108
0.111746
3.7864
0.000415644
3.1907e-09
2.60126
0.639644
3.65802
3.57704
2.80131
10.7136
0.243442
0.580909
0.00673508
0.00558857
1.3655
3.21315
0.834589
4.87643
0.0251383
2.43321
0.0406886
5.68369
0
0.00281313
1.14789
0
4.83443
0.051056
0.554316
6.31335
6.74716
2.75812
1.50471
3.70932
3.5164
6.6403
3.65686
3.53842
0.000125093
0.579302
6.32873
2.90296
1.0539
3.97523
5.82522
0.0900207
7.83811
7.02571
0.0180538
0
0.0305972
2.62631
1.05449
1.91526
2.57941
0.770591
6.74584
1.22294
0.355531
2.69512
2.85415
0.471118
1.95228
2.17292
6.69471
0.0140694
0.0391968
24.1468
2.92966
0.0355923
0.000618878
0.0979297
0
0.000381717
0.00307493
4.9535
0.177264
0.0740212
9.21474e-06
0.544037
0.333194
27.5324
0.154477
36.8663
14.4501
0
22.6299
3.33408
2.48724
1.66931
7.39003
13.3969
0.217684
0
0
9.76458e-05
0.000717294
0.0273494
0.0194762
0.0134845
1.8355
2.79451
8.2684
6.74823
0.431743
5.94062
0.177791
7.57352
2.88019
1.01712
2.72956
1.63067
2.69622
3.49679
5.91957
1.31227
17.3556
10.6019
4.75589
3.18945
9.6616
2.44602
12.3566
6.34159
5.74305
6.35297
3.98678
5.75387
0.840377
2.11117
16.9071
0
0
0.267182
1.00619
0
0.0192121
0.0555158
0
1.02247
0.670688
0.930126
2.18167
1.33445e-05
2.04668
0.254512
4.01042
0.0161169
5.5316
1.93737
4.67357
18.6688
11.8901
14.6685
4.18373
0.684469
3.78691e-08
1.49956
3.01392
1.9548
2.80821
1.3127
2.73659
0.583532
12.2347
0.32866
3.04168
2.06156
0.158334
3.20466
1.43266
1.60717
2.94371
0.412856
1.62786
0
5.09948
0.732604
0.977659
13.3937
0.791298
7.21639e-06
12.12
0.162325
2.1839
2.58749
0.367362
5.50079
5.99677
2.15271
6.13932
3.92756
7.81126
1.1306
1.51953
5.11257
3.44424
2.30102
0.98916
7.98186
1.64802
4.821
3.65249
0.599419
4.4345
2.35426
0.201131
2.89131
3.20446
1.09753
1.35893
0.833082
1.69874
0.00340095
0.884635
3.5585
1.73872
0.648285
0.125805
0.738507
1.02398
0.540753
2.4932
0.0129033
0.83871
0.099307
0.174686
1.11825
0.305091
0.00220368
1.70541
21.0369
0.267111
25.2095
17.8964
2.88749
3.90007
17.9805
0
1.18729
0.0109447
1.82316
0.840885
3.87337
3.7552
0.345265
0.105873
4.74155
6.76956
14.7017
10.6307
0.787624
9.611
1.01148
0.0271893
5.20302
25.0158
0.188928
0.138587
2.10085
0.0200045
2.65015
17.1374
0
2.6862
2.72569e-07
0.903283
3.50858
0.2452
0.727196
1.48926
0
0.118963
0.00923705
2.86364e-05
0
4.51674
2.31383
4.64553
4.74439
0.360742
5.48219
6.25161
3.11203
4.22913
10.3749
4.95976
0.186604
0
0
0.6575
0.611987
0.019526
0.159824
0.535529
0.230675
0.0219036
2.85094
0.0147988
2.8759
6.26495
0.924503
2.75558
0.660106
0.766522
13.1565
4.27168
0.00298953
0.546686
0.0222592
0
0.0352385
0.992194
23.3329
0.0836067
0.923309
5.84793
1.04436
1.06788
0.683402
0.0206977
0.174433
0.43641
8.34313
14.919
0
4.46199e-07
1.72211
0.147884
0.909451
0.0446985
0.146098
0.386614
0
0.119656
0.00109791
0.00148323
0.834674
1.17774e-07
0.947182
0.0824358
0
1.35226e-08
1.1947
0.108919
0.0019543
0.686212
0.607489
0.848829
0.953608
0.0181174
5.18876e-05
3.72644e-06
0.06036
0.0246974
0.954988
0.0419468
0.257945
1.01049
1.16541
0
4.38608
0
2.24164
0.369212
0.0439817
1.35659
0.125095
1.81949
0.0715681
0.268145
0.150961
0.892356
1.71528
6.57694
0.993238
0.0676592
1.58576
3.86078e-05
2.41018
8.73078
3.45324
1.28232
0.960797
2.02325
2.46889
2.94899
1.07982
0.0374395
0.0405
0.160152
0.000161014
0.494223
0
0.0574563
0.0512715
1.62076
3.26538
0.905326
7.02548
0.026938
5.18344
1.39297
0.545424
0.322593
0
5.69466
32.9962
1.87078
0.656364
1.79671
3.43053
0.195272
0.0133271
0.00100729
0.109861
4.91425
3.58531
0
0.0909365
0
0
0.636378
1.78347
0.458968
0.69447
2.37506
0
9.68493e-07
0.892262
0.179021
0.0226761
0.947446
1.43111
0.784685
0.173794
0.904635
4.51375
2.5867
0.926899
0.95368
22.2425
0.282712
0
3.47848
0
0.968262
5.0328
2.29364
1.50936
0.84611
1.64685
51.5541
11.9263
4.32529
0
5.64838
14.5967
11.4828
10.1246
0.816056
0.00145892
13.1064
0.720125
25.1262
1.00484
6.76502
10.0063
3.01507
0.940228
1.44322
0.495785
12.2865
8.66505e-06
3.60363e-05
1.1504
3.50615
0.802445
6.00979
0.866444
1.25612
2.27378
1.22558
4.18175
7.47453
0.794475
1.60363
8.83168
7.2673
0.473469
0.132692
5.69632
2.4366
1.86761
4.99042
3.81998
0.685478
7.31468
2.70202
2.77269
1.62048
0.202179
4.8073
5.12997
5.06437
3.51244
1.84191
0.779186
1.68741
3.83097
0.820991
1.86918
1.71349
0.424547
0
0.734592
3.64724
0.100878
2.30565
0
0.946822
0.379575
1.7543e-05
0.000212752
11.0879
0.0347888
2.38857e-07
0.75077
1.32949e-05
3.97488
0.0696925
2.83559
34.4682
1.65975
0.193176
5.7761
3.86284
7.50808e-06
0.849809
1.86225e-06
0.00808652
21.7325
0.0374981
1.51677
3.51174
1.26662
3.7427e-05
25.3692
2.73395
0.20436
0.248987
1.16022
10.0027
0.326384
0.0179951
20.2533
0.447117
0.484977
1.5856
4.93873
2.6306
4.35261
3.68435
5.63726
21.272
25.0152
26.2437
26.1675
26.6048
7.71869
2.60177
0
1.61552
0.00321723
1.47026
1.57554
1.8649
1.95997
4.33903
5.88312
1.41269
0
0.0384498
0.062339
0.116825
0.274173
3.34328
1.49307
0.491232
1.26868
0.0139593
0
0.0299536
37.48
25.1857
0.081311
1.0285
25.241
11.8767
2.98074
1.90387
1.80224
0.761145
4.56743
0
1.95063
1.61663
1.01054
7.04942
2.9275
9.61576
1.87902
16.5273
16.6622
5.85822
32.0459
4.60066
6.88879
12.4189
24.5491
2.63162
1.52023
0.939649
5.09204e-06
0.139148
0
0.25835
1.77051
0.00350593
0.0434821
1.81143
7.53858
14.4759
3.38121
1.21184
3.45555
7.59492e-06
0.0632039
0.881838
4.20117e-05
0.00116498
0.0214476
0
0
1.48716e-05
2.06562
2.48634
8.74854
2.12146
0.81924
0.692999
0.395606
2.48096e-05
8.10005
1.19728
0.0633961
5.41231
3.0888
1.58249
1.23209
0.454928
7.8044
0
3.41158
0.456446
4.75209
2.26065
1.68239
2.02799
2.28272
2.51832
1.71361
0.896152
0.0438093
1.37391
4.77804
0
1.63489
0
4.88211
1.74253
0.0152336
0.03239
0.73264
11.3443
0.000277379
0
14.0692
