8.1252
2.98515
5.48553
0
1.36054
6.07295
0
6.73955
0.605048
13.9015
17.046
0.00301976
2.60366e-08
2.61889
6.13725
0.000776622
3.89723
15.3106
17.27
28.3218
10.082
2.71306
0.326661
0.0128128
4.86576
8.07142
6.47048
3.33196
7.24226
0.923146
1.68162
2.44868
0.672021
1.00523
3.60965
0
4.9819
19.1487
18.8232
15.5007
12.8851
10.9987
3.40375
14.2695
1.47971
6.70872
4.3509
0
0.000935959
0
1.42207
1.28508
28.2752
1.84199
3.41854
0.0405269
27.5709
2.35256
0.136205
2.61317
5.61168
0
17.3445
11.6161
16.1339
0
6.40248
2.11758
3.7893
0.0571024
15.4762
0
0.000765101
0.0935038
0.103309
3.41093
7.39759
1.29916
0.0411302
0.101002
0.322078
0.585996
0
0.105737
36.9742
4.86464
6.3802
11.8968
14.2164
8.46719
19.7169
12.9857
2.87641
10.2111
9.33348
10.7826
7.15012
15.4123
1.32743
0.164013
8.47671
11.7947
11.8046
25.9686
11.9538
4.51078
12.2506
7.33108
9.82315
5.77944
6.83843
5.77471
8.26454
8.17211
8.71472
9.82998
2.03046
2.56689
5.92003
2.94302
4.95735
3.26374
1.98462
2.5589
0
3.14829
7.71419
1.0265
0.00179769
0.934998
9.16431
0.192326
1.62401
9.70695
0.0500601
0.329139
10.8028
1.26095
0.21705
0.0543009
0.0363714
2.79429
2.43319
1.69012
1.19509
0.0230101
0
0
16.5754
35.7418
2.48585
0.465694
0
0.421603
10.8942
3.70298
14.8828
10.1741
14.2524
5.38021
44.0564
17.4194
23.66
14.2589
0.831699
3.22988
7.32986
16.0156
29.3539
15.9337
8.25097
4.33256
11.0383
11.3023
11.432
0.00194035
0.0322439
0.231102
0
0.977556
0.00143685
12.3957
0.0174405
0
18.4515
9.7609
15.5281
3.22259
13.2752
32.9506
19.1948
19.8835
17.1577
17.7831
2.58523
0
23.3704
4.36803
23.7883
26.0804
55.6853
69.9518
10.8444
40.7428
10.1699
4.47826
10.0312
6.62475
39.026
8.62469
21.8447
16.9214
3.228
16.4927
23.5152
17.4734
4.69616
20.3459
20.4575
6.17697
2.96185
3.58381
17.5622
5.36355
17.4456
8.91125
12.7591
24.7768
32.6546
0.0632388
2.81295
3.95612
16.5273
1.1277
3.86496
2.1195
3.77884
3.28121
3.36713
4.21523
4.66574
2.33606
3.79883
0.0196505
0.406118
0.495287
0.0620258
0.0196316
2.43883
0
0.121954
3.14525
0.980247
0.862348
0.00198437
0
0
0.220507
0.948392
0.0133785
0.341757
0.924108
0.193335
0.791408
0.340301
0.0103536
0
0.00447964
0.440999
0.0232963
2.08572
2.7168
21.7325
0.347514
0.0102654
1.29885
1.6667
0.000288532
5.92554
0.201879
22.8247
0.0858327
4.6501
0.0443049
10.201
0.978399
2.21024
0.86703
0.516383
3.09888
0.0922727
0
19.2236
0
0.0493989
0.0150489
0.803561
14.7463
7.79272
8.17582
9.39618
0.726198
10.4833
12.0726
3.46047
21.7085
8.96222
3.53684
0.0956124
0.174796
1.02263
0.844651
4.2682
11.0508
15.1545
13.402
23.7521
3.11311
23.4291
3.48373
0
2.71494
0.901271
0.136141
9.70618
4.05598
0.592159
0.00315807
0.0713603
0.0750532
0.0392732
2.62553
0
2.75223
0.395183
4.79494
3.09182
5.16529
4.44661
0.227349
27.4153
4.191
7.85812
0.102314
0
0.32873
1.23911
2.27095
3.71418
3.55588
0.92102
0.230572
12.8448
5.04211
0.801391
0.246589
3.51601
12.2766
0.0885085
1.42889
3.77946
2.60691
0
1.44695
0
0
0.21777
0.101502
2.82667
0.641255
0.374825
0.209804
4.17091
4.62342
4.48987
6.80153
0.445355
8.63886
7.18215
8.10673
14.2241
6.4369
7.49935
7.66629
8.88076
2.18253
3.83271
5.23192
3.05733
7.77617
17.8405
4.19647
6.45436
6.20916
2.0815
13.7978
6.36454
13.0131
7.34737
17.4866
8.66514
19.3641
18.3122
19.5591
23.0059
14.3207
15.7019
25.4774
8.78287
7.20136
10.5564
9.06314
4.9235
8.72917
6.52193
3.79039
36.5819
19.6865
8.38347
2.88995
0.359874
31.7621
26.6394
11.7129
14.9735
23.8688
13.9253
10.3251
27.2578
26.1393
27.9957
33.2384
19.1304
29.7808
22.0275
8.58618
28.3488
0.846177
32.9653
19.2951
18.3538
8.11989
16.1509
11.747
12.7409
0.349514
3.36116
0
2.8282
7.4839
12.4788
2.37607
16.2778
5.34575
13.1928
10.016
25.3546
21.2136
10.1938
8.6265
5.48559
3.70115
1.87494
1.50059
5.20475
1.18384
20.1114
5.20287
0.967574
2.41567
0.000110559
0.836633
0.0114605
0.025135
0.199416
0.29704
2.63757
1.76946
0.217843
3.49583
11.3735
2.78611
1.38769
19.3862
23.9774
7.45263
12.335
8.1274
3.52125
16.2997
12.324
18.6639
16.6322
1.50742
0.617898
9.68892
0.0216328
0.785871
0.709783
0.000390586
14.809
29.5911
12.2191
18.8549
38.392
11.1142
4.16202
8.94441
0
6.68778
11.155
2.18228
0.0599323
4.38568
13.9388
8.29468
16.5642
11.5834
14.9517
5.50091
6.81329
18.8104
7.60503
0
0
15.1016
0.00369892
4.53427
0
1.45093
2.65375
3.63382
0.00432989
2.09732
0.685314
1.76292
0.0183584
0.935084
0.70202
16.5593
5.83468
0.924229
4.80919
1.65466
0.321757
5.08003
12.8125
7.64053
15.2161
18.3388
18.9439
20.6211
0
39.4426
5.44607e-05
25.1417
25.9841
12.6678
22.25
9.85732
2.15981
1.2383
0.00117818
7.97172
0
1.22814
3.79405
0.090977
12.3884
8.78483
6.62105
21.8808
5.20222
3.22374
1.00492
5.22302
3.69506
34.4609
53.663
4.88254
0.533278
3.91984
0.00203806
6.62981
5.9631
5.2267
4.56181
2.17117
13.2941
1.17852
0.124306
0.229044
3.83823
0
9.79169
7.57625
27.3855
1.07624
0.101643
11.7015
7.57322
11.876
7.7557
0.0793672
7.12735
8.70942
0.0916146
2.34715
0
3.41665
1.54057
0.0034751
14.5799
3.8052
16.547
0
1.01248
0.146296
11.9892
0.663899
11.1126
21.7722
3.09017
2.44265
19.4089
0.131171
3.55163e-06
7.73093
0.695717
9.23657e-05
1.84291
0.0500713
0
0.0292675
17.7603
1.00931
10.8793
11.9325
2.13356
1.15196
6.697
3.02134
18.2431
8.46814
0
0
0
0.248757
18.1118
31.188
1.43892
12.9853
0
13.9195
40.1035
18.8608
20.7259
1.1568
0.956769
1.07464
0
0
3.55332e-07
0.291419
0
12.3505
21.789
13.2415
0.94325
8.1436
1.89385
15.7293
7.86566
15.2423
26.5511
0.059537
3.7535
0.0876903
23.1029
20.8611
1.31545
8.18816e-05
10.581
14.775
0.688736
5.09047
0.852994
2.0894
8.27566
12.9843
5.26965
17.9836
11.3377
12.6992
13.0785
1.63533
3.20828
0
0.969153
0.776906
0
0.000113475
2.90037e-07
3.998e-05
0.977745
16.4834
5.90625
2.80315
0.547782
0
4.45039
6.95533
0.0196162
12.152
3.3391
12.0533
3.71456
14.3436
7.68322
23.6421
23.5954
5.73148
9.46079
17.5913
19.9605
0
4.86355
20.4524
3.63977
0.000394387
13.6956
0.547543
41.3194
81.3167
6.72719
20.8278
13.7732
9.64323
9.61843
0
0
17.4695
30.5643
0.0266533
2.26176
1.60323
0.595167
38.8939
0.605372
0.653364
0.202611
0
0.205961
1.39465
6.86488
15.2377
9.50859
5.30167
0
0
0.282291
3.01362
12.5753
0
3.28595
41.3762
11.2598
32.0832
0.42438
11.1134
25.2777
12.3524
19.0157
1.44787
12.2629
0.816619
0.1561
0
0
0
0
0.92289
3.37531e-05
8.3595e-06
0
14.4439
22.2566
1.17466
23.8506
9.35392
2.96914
5.83641
4.29957
3.70105
3.4257
0
6.41012
1.6312
3.92621
3.15709
17.7001
7.08481
22.4863
0.671696
0
8.00224
0
15.7371
0.000190815
0.120087
0.86227
19.7737
16.2727
4.73568
14.7924
3.83387
21.2086
0.941946
2.13367e-05
3.83697
11.8165
0.533948
0.000312391
1.10959
0
0
1.67292
10.1535
4.49409
0.886827
3.52292
15.6082
8.64349
2.34497
10.87
8.07909
10.3811
0
0.0303804
17.4264
17.3528
20.3627
3.05834
0.0884953
0
0
10.3681
9.01952
11.0047
17.5222
0.000225487
14.7712
23.9163
7.61016
0
22.7579
1.57694
1.97381
6.64961
0.0343889
0.911209
15.2599
0.0743555
0
0
5.52533
0
4.98615e-07
0.731252
3.92591
3.8772
1.21203e-06
0.0136768
18.3386
0.261519
27.1452
0.0607486
4.92417
0.0668632
0.661927
0.974509
8.17241e-07
14.8367
0.000307369
0.249282
10.6949
7.06246
7.7251
11.5214
0
23.1464
10.334
4.00502
2.95587
2.91388
8.6226
2.4323
12.9232
24.2065
7.14973
12.4076
9.88374
26.4267
10.4731
8.6028
15.9637
3.86305
4.83248
3.1931
1.97598
8.22584
0.667472
9.42892
4.07046
5.924
7.99755
5.04919
7.37388
0.0906896
1.06448
0.279462
1.14868
1.40895
5.44379
7.11343
17.4438
11.0751
2.51219
1.1203
0.996133
21.2135
19.5249
0
21.195
9.70693
4.51588
0.369705
1.01523
3.41278
13.0949
0.511504
16.2467
17.7417
0
0
23.1888
0
0
11.8327
7.38636
3.62086
0
18.8766
17.4367
4.55762
2.33727
8.39028
13.5771
0
0.00251291
10.5681
0.0825535
0.168805
4.1579
9.04144
8.98255
18.6596
19.1341
0.0182321
0.504477
0.0216879
0
25.928
13.4352
6.28725
8.5941
11.8753
18.5317
9.56428
6.12887e-06
0.0690755
1.87595
0.537383
1.91945
0.0412642
5.14258
0
0
27.2697
0
24.0236
4.69331
0.00645144
0
2.34414
0.032464
0.000103512
7.24073
11.5153
1.14951
23.9905
14.4888
0.0139064
1.13916
0.855934
0.549409
3.6962
1.82007
1.62393
0.00103073
0
8.21419e-06
3.75044
0
0
3.68353
0.0594379
1.70586
20.0376
3.14422
0.327334
0.00523163
20.3487
28.693
1.77938
1.95172
2.05959
1.07421e-06
1.584
11.8118
0.224536
0.00295737
12.4839
2.23745
0.602658
1.84575e-07
15.7629
3.66277
0.409235
6.71466
0.00275399
1.07516
0
0
2.13244
24.2649
5.32447e-05
41.1951
0.557268
4.49753
0
14.8241
6.97206
8.10333
20.3973
9.47724
2.09465
29.5992
8.08871
0
5.66453e-08
0.160941
25.3203
24.799
15.2303
17.9336
0.863367
1.11474
0.0738583
8.66655
13.0891
24.6612
24.0003
9.5617
16.0888
11.3416
5.91361
16.2824
18.3958
6.03056
4.3185
11.7845
9.25539
0.0269067
0
23.6251
16.9667
1.21632
5.21126
5.30087
0
21.956
11.5353
11.2482
3.64638
67.3192
14.7458
7.64868
9.22185
15.2125
7.06197
27.1657
9.89916
14.8505
0
0
0.42244
14.8726
20.8095
13.3256
22.4755
16.6567
18.3722
19.7296
21.2737
29.7353
42.5627
40.0244
41.9467
11.2249
14.6914
0.0151716
0.13302
2.01656e-05
4.54535
2.13979
6.09857e-06
0.825828
0.393231
10.3406
0.29189
1.59448
12.0281
12.97
14.7078
8.51182
5.05791
14.4235
4.72619
4.72958
3.16249
5.1549
14.2827
10.0304
0.125241
21.9251
10.3688
19.0005
27.8515
19.0496
12.8854
0.908743
2.41947e-06
1.69647
16.9488
8.68696
1.41112
4.76753
5.45198
0.021487
3.61803e-06
0
0
0.15358
22.311
0.595705
8.26831
0.0440617
20.5924
16.7792
0.336037
0
0
7.86122
12.6626
26.1856
11.1118
1.29146
0.00532706
19.0803
30.9047
0.0694024
0
14.4966
17.9566
19.5723
0
13.71
21.0995
2.82388
10.4256
0.00133782
0.000404753
12.9025
0
0
0.0875241
0
0
21.4179
0
1.01834
9.15078
16.5209
8.02901
16.3141
5.80167
11.2113
0.00179857
15.8921
0
11.3927
12.1094
1.60035e-08
7.87449
14.9161
3.40404
0
2.8966
0.264623
25.723
16.5419
5.22526
19.81
0
18.5347
18.0589
22.7155
0
9.72074
5.71546
17.1206
12.2458
0.834966
0.0638041
0.207842
12.7491
1.1631
8.85506
0.00504195
0
0
0.162709
9.73564
0
0.86607
0.000266272
14.8212
0
11.5781
20.0282
0.302518
5.07742
0.759008
5.39147
8.86308
12.4638
0.0596367
0
0.723571
0.00667941
0
0
0.693793
0.246695
16.9299
4.9089
1.61837
8.60781
8.16715
0.305832
4.66151
7.75788
0.0516144
10.1275
12.6618
11.4112
26.0642
23.004
17.5555
13.4181
0
6.78272
24.4474
25.6133
24.5978
24.1877
4.23142
24.9033
19.4105
1.22434
15.2772
0.00168088
0.183782
27.0644
0.698794
0.37119
6.55357e-09
0.0446203
0
1.76835e-06
0.00491114
1.15248
12.0952
5.12896
0.000263106
0.0235495
0.811392
0.00136273
0.0667624
5.74649e-05
0.0612702
0.119982
0.171527
40.7009
1.08403
31.6495
16.9315
0.394723
0.77646
6.46679
8.79273
0.0073533
0
10.2569
3.06483
12.4876
23.2825
0.00272315
1.57789
3.72397e-07
4.68206
6.59315
11.3845
0.310005
0.00768061
0.469982
0.768646
8.50165
31.2022
16.9423
7.79727
0.199638
0.949059
1.56631
0.961345
0.139027
0.0216444
21.6299
0.0134948
0.015698
1.86887
13.8617
53.5389
6.49136
6.52877
17.5031
7.56773
15.3517
22.8775
5.11143
16.9019
0
0.135833
0.906638
1.28812
3.74786
2.01365
13.6799
0.190755
5.37314
13.4904
0.0505822
0
2.91937
0.637194
0.848276
1.12079
0.00580924
14.832
20.1174
3.22358
25.0496
7.04886
8.6914
4.12272
7.39674
2.25241
0.0199207
0.566468
0.967218
30.7854
15.9105
14.3405
24.4785
16.9381
5.47856
0.0106397
7.68293
17.1823
0
6.5416
0
1.48547
0.0678906
3.9383
7.20688
0.189617
0.927725
0.249319
0.739996
8.2316
8.47366
2.62817
4.85677
5.24264
0.24628
1.07317
0.018806
0
3.94226
8.7185
0.527537
0
10.6944
12.4036
10.449
1.22725
1.66097
0.0498983
7.1264
1.16362
0.0466162
29.4645
0.261281
18.3283
1.64182
1.80717
30.3496
30.7133
1.5314
0.98619
20.4302
29.6256
2.27053
11.145
2.35868
19.3835
4.37032
5.38862
0.0335772
7.52031
3.20941
18.4588
14.9929
14.1332
3.47128
13.3172
8.80348
8.71071
21.2589
0.695442
0.00835725
0.000697002
0.00150264
0.861595
0.74573
0.0389749
6.23879
0.0945565
11.8007
0
0.369703
0.819958
3.81862
0.713954
28.351
1.01617
0.421688
15.1245
22.091
1.96733
24.3929
4.75389
0.0862025
1.05063
13.4896
23.0846
14.3399
15.6693
0.00107085
3.22454e-07
9.40501
6.08537
1.08574
0
4.76755
1.32405e-05
6.87054e-06
0.717726
1.99754
0
0.605947
0
6.35102
0.00415741
11.4951
0.000206866
50.3879
4.10154
1.36065
0.898905
7.75641
1.02463
7.77288
9.60264
0.114063
12.1876
23.724
4.24179
0.00987542
48.5956
0.558824
2.2715
6.45029
1.05353
0.901031
0.0245704
0.00917504
0.851956
10.484
1.13735
2.49136
0.135896
0.165913
1.08181
8.39162
0.24621
0.135849
0.000729277
3.28255
1.88218
2.29877
0
19.1153
0
10.0689
0.966786
0.310509
6.7158
0.0519133
0.00541463
4.42836
4.6227
1.73646
6.06539e-08
8.42102
8.64765
2.06641
10.3787
6.33562
2.38621
0
1.0323
0.49993
0.0896585
0.78171
1.63037
3.02701
2.05373
1.00215
38.6982
6.04885
0.590862
1.05252
1.15253
1.03684e-06
0
1.57572
6.08283
0.00336507
1.12869
0.178796
1.07607
0.725629
1.75545
0.682018
1.11024
0.0868931
0
0
0
1.45136
0.000170473
0
0.750793
0
0
0
0
1.80971e-07
0.003676
0
15.2565
9.3279e-05
5.00587
9.54215
0.0498271
0
36.5674
2.14936
16.1894
0
0.440203
1.45139
0
0.362502
1.62549
0
0
3.91064
0.0831512
0.189707
2.04718
6.92264
0
0.106557
8.62271
1.67222
0.670215
17.4878
0
0
0.0536255
0.954987
10.2535
0.676038
0.157976
0.0874695
0.744202
0
0.724544
4.74257
0
3.55913
1.58261
1.46573
2.76963e-05
0.0329675
0.241886
0
0.962879
0
7.34767
0.380927
4.22232
0
0.0045399
0
0.0252873
0
0.00311682
9.1712e-08
0
0
2.49072
0.000243395
25.9897
4.53971
19.4453
41.4262
0.372125
22.2377
18.0462
19.3023
5.51292
0
1.56204
0.00427164
17.0047
2.59542
0
1.66241
0
0.0775005
8.94084
14.4227
0.120256
0
16.9164
6.62736
9.17944
8.84274
7.03771
21.8603
12.2104
34.7054
0
1.14736
18.71
0
15.3655
12.6143
34.7673
21.7262
5.06977
11.3189
12.5498
17.3518
16.9514
20.7516
20.58
5.82339
2.07651
1.90183
11.5391
4.5019
0.0307663
0.0409162
0.663078
0.0812794
4.04128
10.367
1.43283
0
0.0712812
0.0114578
0.706733
0.143026
6.6856
5.46704e-05
2.65894
0.016615
1.03499
0.810628
4.39169
3.31845
3.59949
0
1.41419e-06
0.961766
3.28403
1.21248
0.0146114
0.000108262
0.00678928
5.80778
0.89386
0.0679094
0
0
0.89119
0.866344
0.127182
0
0
0
0.104936
0
0
0
0
0
0
4.7531e-06
0.913557
0.406865
0
0
1.07965
0.194009
0
3.13024
0
2.86005
0
0
0
0
0.0408539
7.92537
1.98079
7.62053
0.0178581
0.00622738
0
20.2455
0
0
0.002028
0.225043
5.7219e-05
16.0537
0
0.645102
1.08153
0
0
3.53485
2.03661
8.60694
0.0187714
1.26217
0
9.27822
14.1715
0.160121
18.5648
12.3724
7.62197
2.84153
5.71247
5.72644
13.7299
21.4445
18.9978
9.94836
10.2324
0.134429
0.0891091
15.8226
10.3644
15.3886
22.1813
11.9533
5.82136
9.36852
12.2566
24.052
19.7365
6.14694
12.1826
19.121
15.0831
17.0697
12.8198
0
14.0253
0
20.4157
21.4322
22.0876
23.7954
7.2087
17.5779
10.5981
10.1409
1.21935
19.3273
14.4128
15.1539
5.37828
19.9311
26.813
33.3475
25.2004
15.3502
18.4233
9.03117
13.9618
0.488981
7.96932
15.3938
9.66697
0
15.678
10.2722
1.32626
2.60147
3.61636
0.685496
2.36285
3.60885
8.05775
3.4302
8.29698
1.0513
0.124535
1.19952
0.779414
0.636762
0.301251
16.2437
0.129039
0.808473
1.80663
4.20791
0
1.7414
1.02103
1.78958
1.22529
0
0.297756
0.0584969
2.3179
0
5.23094
5.7099
3.11731
3.74344
4.00654
7.65613
5.08262
24.5684
15.8776
7.49646
19.4562
17.3609
11.5502
61.2487
12.8034
50.8836
23.7903
32.6015
16.2534
9.20208e-06
19.7637
13.2188
14.3329
0
23.3353
0
5.49766
5.88613
0.982058
7.97544
10.7385
22.7709
0.666343
19.4408
0
0
5.87889
6.12168
4.11835
2.21108e-06
5.98988
0.0017796
1.82816
4.57812
2.35298
0
0.000133659
12.4302
0.0282121
0
0
0
0
0.0038521
0.021331
0
21.1897
0
0
0
0
20.3504
18.9853
0.284304
0.913264
17.6156
9.16229
0
11.9297
0
6.71469
0.0240926
0.684336
34.5215
3.24971
0.151601
19.8093
4.46174
12.9569
0
2.61939
0.00464518
0
1.73513e-07
24.6592
0.172216
0.447253
0.000206369
16.2449
1.09314
10.3915
15.4708
19.8519
11.0427
15.274
17.5938
0.0631316
4.82406
5.77524
1.92699
3.76993
21.2586
0.0618211
0.0120951
10.947
1.39833
9.03732
1.30995
17.6478
1.34643
3.28272
7.13513
36.139
6.71882
1.77016
4.07865
15.8923
26.2795
8.88332
4.79714
12.0908
4.91816
0.000485913
0.0175816
0.404734
0.540466
0.0543747
6.27763
12.4439
20.6354
24.4585
0.145322
18.3583
17.1904
1.54233
16.0041
5.71872
41.2098
3.16868
4.01502
1.90038
35.752
22.1881
5.33896
22.0052
17.4412
0.828771
0.354867
3.42037e-08
0.00447874
2.39051
0.826603
0
0.100038
14.7187
16.1912
19.1726
0.302782
15.8263
0
0
0.0194434
0.00122157
0.0553932
1.03133
0.776499
0
1.25813
0.137734
1.92814
11.48
1.02104
11.8343
4.76178
4.93133
0
0.0965346
12.5356
9.21816
0
5.71591
4.51937
3.50317
0.574019
16.9111
18.4543
0.196584
4.68572
9.99812
0.316823
0
2.38775
0.0262565
0
0
20.1341
2.47951e-05
53.3455
31.603
25.1172
0
0
0
0
0
20.3105
7.52648
3.51458
2.57875e-06
12.2382
13.9578
27.168
8.7902
4.35307
8.56596
4.24962
0
0.162572
0.0188594
0.222017
0.00340223
6.70983
0
0
0
0
0
1.43233
0
0
0
0
7.66913
0.710097
0
0
8.00403
1.38089
0.0845426
0.205841
0.000375585
0.000539317
4.33096
22.6968
0
2.61009
1.92376
0
0
1.96979
0
6.86459
2.33534
6.39208
6.92578
7.48133
0.381147
3.0987
0.45229
4.92644
13.418
6.73694
2.43942
11.5516
17.6971
21.9997
7.53079
12.466
17.06
19.6162
14.0474
20.5136
19.2754
12.9127
4.15448
13.4176
19.9955
18.8081
5.54431
10.8263
10.4102
27.9626
29.6151
9.91968
12.8096
12.3948
12.6468
7.60662
2.00056
3.26689
5.13996
0.143933
0
0
9.69326e-08
0.927773
20.0761
23.22
0.863149
5.27859
1.90712
4.25734
0
0
5.89364
4.88671e-05
19.6598
3.53036
0.0762467
0.654485
8.50615
22.5334
2.8935
17.3468
5.43181
5.32849
5.2338
2.99612
10.1517
0
8.09893
34.4014
14.4235
35.3403
17.8442
17.6483
21.774
8.21427
2.9652
1.39332
1.75095
16.9881
8.43365
2.13324
2.1607
3.86211
9.6484
5.55762
14.8307
13.356
8.76713
8.9864
21.108
27.1401
21.1364
12.7116
13.5127
8.25359
18.7784
13.5052
14.7676
20.0771
15.5063
0
0.000118571
0.0147475
2.5484
1.51616
4.17931
4.22683
2.25598
2.4975
19.6097
17.0214
17.5093
21.6549
3.81392
22.2978
21.5628
13.4838
7.24822
4.95238
3.17308
21.4424
1.81366
25.0712
2.95906
3.95544
4.86872
4.1272
5.85467
6.21155
4.32365
16.5189
9.24085
12.348
15.5095
21.9367
15.5207
13.887
31.0859
11.6389
10.2125
43.4212
8.06158
4.76069
0
0.784812
1.72062
4.56965
10.59
5.83447
9.49404
0
16.055
21.5673
17.9452
11.6616
6.19292
14.8453
15.8305
34.0069
0
0
0.00653194
35.0234
37.4102
50.5567
1.49439
51.7111
1.90457
13.9535
0.0480972
5.60487
0.658151
5.98856
21.0412
0.0147268
7.59827
47.5604
35.6204
24.3133
6.99387
1.03404
53.3983
9.99004
67.0267
9.44263
5.86979
64.3304
52.5831
47.0492
26.6003
15.1993
19.0026
16.7057
26.0434
3.78876
22.2191
18.8867
21.3735
7.45561
22.0045
21.3046
6.78221
35.2389
12.3758
12.223
12.468
13.3512
16.8162
25.2959
13.7026
15.1578
0
12.5836
0
13.1914
14.9474
25.8339
14.1434
10.3152
6.65866
18.4847
15.5809
12.3622
15.8618
15.7205
13.8784
11.0537
19.3474
7.78635
9.18195
12.8112
15.844
9.9107
5.67054
9.35017
10.349
0.96821
8.61815
13.1411
14.2934
11.2163
24.6276
0.901383
2.88663
0.0667693
15.861
11.8838
24.4639
0.239522
14.5482
13.0622
1.45233
10.5172
4.73219
7.45206
9.59986
22.5486
6.95977
2.53208
0.648666
20.5754
1.42403
0.00141939
0.151398
3.1303
3.60278
1.32084
2.04256
2.4485
0.598485
0
7.3199
0.854534
0.411823
0.740158
21.1827
0.191981
0.527292
0.845668
0.135092
0.101296
0
0.438405
0.0275539
1.80085
0.165624
0.995088
0.990022
0.0380782
0
0
10.405
0.75653
0.692187
0.255608
0.79901
21.045
0.094617
0.859735
0.0993369
0.0152678
0.0947696
0.000490146
7.85966
1.13971
3.73417
0.311317
14.556
3.23673e-05
21.3841
4.90528e-05
0.0477362
25.5442
0.820084
16.7617
18.2721
22.7722
0.0108924
10.2538
0
0.24561
0.675351
0
19.5993
13.7618
3.41156
0
28.092
1.54099
0
5.07886
0.00015444
2.81222
0
0.951632
0.240743
0.76519
1.25232
2.67785
0
14.9869
2.46515
0
5.15438
25.4887
0.807061
8.54023
0.0471471
15.5549
29.9033
28.7034
5.0379
0
0
0
4.13521
9.49673
0
0.00461333
0.212507
0.615941
0
0.00317453
0.64511
0.21822
0.000135573
4.48956e-08
3.80191
0.73913
3.47022
0
2.35758
0
2.29467
0
1.59991
0.000362937
0
1.36917
0
0
0.0018499
0
0
0
1.64764
14.2684
9.11253
16.9413
11.4824
15.2302
9.96238
5.04768
0
0.00286008
0.0657296
1.48809
5.75694
2.1616
8.26809
0.128226
0.0910353
25.1603
43.0037
34.391
17.2446
17.5267
0.00403777
12.8043
12.5379
2.47683
5.0353
19.1279
4.61042
13.6623
12.3506
2.76543
22.6168
21.0153
14.8742
26.4857
13.2068
18.2772
2.46285
25.4466
0.027719
41.2212
38.1485
1.21255
0.0295435
0.769624
0.0113937
0.463511
1.73951
6.58307e-05
0.929546
0
0.00131976
0
18.9061
0.000350583
3.22104
1.1433
16.3549
4.41101
3.13663
18.3319
16.9804
8.19037
2.1994
1.15786e-07
20.3775
16.5238
7.87776
9.25637
9.33526
10.8445
17.4306
0.629711
13.7636
0.0194951
27.9302
10.382
12.8861
3.03864
0.0319398
23.3092
11.2123
26.6386
3.49583
23.7873
38.3052
7.91249
5.55877
10.651
16.8983
5.1056
17.7383
0.000234805
7.85621
23.2992
1.55971
1.9011
22.3917
0.316518
20.609
2.70423
0.0469943
3.75754
0.41508
15.1818
0.000465764
20.4226
49.0039
24.8172
15.4904
10.3907
17.5895
8.55533
4.27904
0.37649
0.441855
5.69917
11.5813
17.7552
18.3338
19.8398
13.7656
15.9709
10.3268
13.9917
32.1558
5.61925
10.7524
0
0
0
8.87386
3.08461e-05
5.81093
5.09862
0.0927338
0.922183
2.35281
1.22413e-06
1.36311
1.12888
2.84134
3.14276
0.107633
0.000200597
0.802552
10.0448
1.83905
2.39369
5.68984
18.0189
0.0854303
15.1593
0.417584
5.86181
0.0826674
19.084
0.0133141
0.678815
8.03547
0.168972
0.58787
3.12601e-06
0.673575
0.207087
0.235903
0.00251237
0.599168
0.0212745
0.254405
1.69146
0.0473368
0.471926
2.96254
0.249409
1.233
3.48571
6.34618
9.23694
4.15041
0
1.44102
5.42461
0
0
0
0.00915707
13.7488
0.191703
12.9978
19.4044
5.53735
11.6471
19.3034
13.895
28.5804
1.35385
5.25897
4.41935
0.572812
21.9542
6.19566
0.810449
0.114245
6.69792
0
6.35728
13.0484
18.799
7.61242
19.7586
18.1862
0.26746
28.2984
18.912
13.2266
17.6802
0.599966
22.0612
0.954234
27.0686
10.0365
6.39238
16.4958
9.94664
3.77456
2.13216
0.0491781
3.45777
0.592709
4.35216
3.54303
11.9351
0.0297712
16.6678
10.8206
31.7047
14.0667
14.1131
22.6046
27.0938
12.0969
18.849
16.7516
26.2936
18.2116
18.5914
19.9216
10.511
0
5.68273
6.18244
16.6809
12.398
10.0422
12.3359
6.02293
5.09756
15.588
9.56479
2.10342
10.9645
9.68738
7.0555
20.8517
50.9698
13.8127
14.162
16.9198
0
8.93364
8.94723
5.55311
11.9059
28.3282
0.869225
27.8487
49.3721
22.2288
0
0
36.7008
13.0192
23.5132
29.7381
3.89
21.3084
18.1046
3.76504
25.7921
35.9791
14.5022
6.97312
25.9876
25.8358
30.1454
19.9678
26.0867
17.2242
27.9484
17.7822
30.4505
11.2967
0.401137
5.68472
2.08537
1.49034
1.81843
2.31652
0.67949
0.589277
6.91229
0.195654
8.68052
35.1882
7.16534
0.00907688
9.3654
4.97466
33.4531
5.68658
7.34686
8.8697
21.9507
1.17273
0
2.92742
1.42596
14.1348
0.394399
20.0133
19.6131
26.0131
17.2408
14.298
1.29014
12.0184
0
10.0782
16.0692
13.8017
13.6387
16.0168
31.0285
28.897
23.7054
28.163
20.2911
12.0485
17.2714
0.127944
13.6433
6.5601
29.7157
3.76772e-05
14.2139
15.54
19.354
18.1677
7.35709
26.5983
17.6063
0.164471
15.366
17.8282
11.124
16.8938
13.4613
1.54055
5.12718
9.26352
6.7839
0.189073
5.90545
3.07102
5.79223
4.17705
17.2143
0.899881
17.0791
13.833
8.96129
12.179
6.79166
11.2213
56.1562
0
2.63141
5.62757
9.08535
0
13.6895
9.03658
8.47814
8.5209
13.6701
13.1161
11.6434
8.77064
10.84
12.4571
9.48331
12.639
7.67331
20.4897
5.76596
22.8685
29.8169
0
15.5882
9.46758
27.5041
7.60044
1.66943
18.9346
2.07034
4.94634
4.95251
13.0304
17.7337
15.9766
25.5935
9.7156
17.3914
14.1587
4.98666
13.7549
24.5981
46.0516
10.7888
0
9.92244
34.1504
13.9631
76.524
3.73095
0.99684
21.636
5.43853
20.9457
17.1358
0.190476
18.7619
1.53694
10.8547
11.1165
7.26798
0
3.79641
6.34969
11.7126
13.4328
9.60217
4.01805
2.33737
1.29065
6.99703
17.7952
5.96588
5.8452
19.5287
1.41585
12.8221
3.85043
23.9283
3.13662
0.462729
19.6126
15.4866
6.61238
22.8317
9.94786
8.09355
0
7.37285
0.0283524
9.52216
0.815214
2.27108
16.6713
0.0830783
1.59315
26.7747
0.0197391
16.2966
0.0695224
8.19874
2.44817
0.414974
15.8778
0
0.896815
0.0449914
0.852927
0
16.8737
5.54347
14.1298
19.4978
20.7982
9.18569
15.111
3.72725
2.84324
2.56922
15.2223
22.0222
0.670034
14.7033
17.0473
0.72086
14.2832
0.01117
2.4434
8.70845
0.203519
5.91442
0.000657592
3.93395
11.6248
0.393457
0.314206
0.929485
0.131084
0
13.0738
15.1625
9.26709
0.00808046
8.78382
14.749
11.1512
17.7142
10.5572
5.85631
12.1736
7.0408
10.5292
19.5116
8.76188
1.81697e-08
3.74991
9.40823
9.89481
8.27646
0
4.02899
3.94217
18.9709
7.33578
10.4476
4.92953
103.413
8.75747
15.9051
11.2049
102.889
8.68885
5.1265
12.0337
5.63064
4.46121
6.8493
7.96919
17.0885
2.7161
8.03866
4.31143
4.0602
7.29082
33.4327
15.3024
10.1451
0.508082
3.56773e-06
13.1801
26.1203
1.12061
0
0
0.115091
2.50643
0.432856
1.02451
0.0165933
0.431986
0.777131
1.68638
0
9.36955
0
9.3994
12.4025
0
0
8.99729
1.32515
21.789
0
5.56513
0.678753
0.951652
1.78343
0
3.46816
0
1.65686
18.2563
5.75142
0.886884
1.3908
0.208573
2.25139e-06
0
0
0
4.7815
7.07284
17.2778
0.794494
6.28116
0.174765
14.3996
3.82869
11.8224
8.10397
9.2296
7.48096
20.0603
2.80048
2.73846
5.02068
5.64284
9.45817
3.82192
0.5927
13.4932
25.9007
28.9885
12.9995
16.974
1.4873
6.22318
0
1.21566
10.9034
14.7693
8.39976
7.74866
8.0254
8.70322
12.7182
1.06974
18.0312
16.2617
10.6129
27.4584
11.8515
14.6732
18.8977
15.498
6.84245
11.8587
8.86103
18.1164
19.8286
11.3912
10.4404
2.45157
11.0576
6.98157
1.1994
0
0
2.56336
8.64535
1.49466
0
3.8505
27.904
36.4536
6.41465
10.5494
4.18281
11.5777
23.8961
5.60759
14.1243
0.924655
1.07873
8.18755
7.6988
59.0846
14.4283
31.803
4.41155
21.5576
21.654
0.191427
1.00857
2.01664
7.14378
13.976
5.67945
5.88181
1.08168
19.172
6.1365
3.21395
4.59403
4.58342
3.39404
2.5832
22.105
49.9156
6.85883
0.195772
7.65508
16.5324
0
8.93302e-06
0.165314
0.0140559
0.00342832
0.0337925
18.551
2.42463
4.35502
0
0.113858
1.15174
11.433
0.653745
12.083
10.0436
0
18.0699
3.50282
0.724473
1.75415
8.61395
4.52016
1.30541e-05
0.323616
1.79387e-05
0.000260924
0.99991
0.00913242
0.0755559
7.66515e-09
1.86141
6.3344
6.16209
3.48026
0.0153085
9.84751
0.0197443
14.8387
3.82276
5.0927
13.6052
5.70686
9.60643
13.8252
35.4896
11.0856
6.23563
21.6287
3.93045
3.03437
6.16762
1.65288
21.6915
5.29065
5.30509
12.9033
9.80895
4.7428
3.97402
3.90784
26.7289
0
0
0.000909979
0
0
0
0.0202115
7.75454
0.336162
0.99089
2.82238
6.87451
3.73931e-05
3.9687
0
4.55999
0.0003837
29.5939
10.3528
10.7713
17.2206
22.1778
21.0439
15.7933
3.31035
8.1451
10.7192
12.2844
2.67169
7.55088
14.429
2.17447
5.15549
22.9657
4.10998
18.5878
10.1134
12.4495
12.5978
13.3133
4.84721
13.1506
0
7.55426
0.130396
10.2896
3.54751
0.192768
12.6203
26.4813
0
15.8858
6.59702
17.1634
15.3841
1.22135
14.7926
16.4324
30.7802
13.4475
13.0899
12.9885
5.03747
6.25826
14.2457
5.14835
1.79073
0
14.9142
0.618672
1.09706
1.14621
1.57402
0.719371
1.5114
2.7659
0.556851
1.99902
1.77387
0.68794
0.0398501
0.756857
4.63558
0.13848
0.673846
1.02851
0.086686
0
0.498395
0.0306629
1.46777
0.0871791
0.673328
0.860095
0.0210656
0
0
0.627029
0.652916
0.123717
19.3465
1.28545
10.5141
11.6504
5.14555
8.62545
8.9341
0
0.855141
0
11.0147
0
2.66243
3.24282
6.18827
0.99961
6.64574
14.8132
12.5743
17.0252
3.81313
13.4854
26.9259
3.88
20.3555
42.2041
1.58428e-07
1.16042
14.1414
0
4.29519
20.9232
1.6669e-05
0.0324341
0.778676
12.0796
0
0
0
0
7.49239
0.0443619
0.00822085
0.988486
0.0202251
15.1424
51.6514
24.6972
21.3527
1.51776
24.4491
20.8415
2.42757
19.2157
18.803
13.5933
1.87737
0.316216
0
20.8086
2.6106
0.00535828
0.00175085
0.355434
0.0450931
0.116023
9.56848
0.163925
3.03341
19.4009
1.28289
1.72508
0.132626
0.000683917
8.21268
23.0465
4.80514e-06
9.11927e-07
0
0
0
0
27.3249
0.0494308
9.90983
6.83315
0.572222
0.0410924
5.52315
0.438559
0.0624103
0.644262
18.2086
24.9654
0.0364705
0.0359739
0.992328
0.0331097
11.0831
0
0
0
19.3485
0
0
0
0
0.00644351
0.0262517
0.793224
0.137879
0.720825
7.02169e-06
14.9527
0.00170587
9.15412e-06
10.234
0
0
0.0495573
0.713619
0.0180577
0
0
0
0.000220849
6.98535e-07
0
0
0
15.4771
0
0.110847
0.793572
0
0.503964
0.684032
4.21659
0
1.69065
0
0.222126
7.52234
16.1916
4.93547
2.0419
0.569825
0
1.27361
11.8451
9.42463
1.55712
0.690027
1.15756
1.01683
10.8059
1.72286
1.18325e-07
0
3.57752e-05
6.2049e-05
3.59201e-05
5.18041e-05
0
0.210126
3.48476
5.17719
4.96272
8.50212
0
17.5084
2.97045
0.848715
4.21282
0.0740539
5.64702
17.302
5.18657
1.2149
4.61208
23.2556
0.727609
0.895279
0.565771
0.237948
43.2051
2.75812
0
7.26781
0
0.284308
0.0962365
7.72758
0
5.31281
33.707
0
1.91065e-07
0.000454366
0.0821031
0.584415
0.370861
0
2.08001
0.0104037
2.24711
5.06244
1.83108
0.878215
17.9783
6.375
0.00127835
0.250233
1.10078
0.518758
1.11557
17.6501
5.40407
2.36298
0.0223813
1.86131
29.1535
11.013
20.2983
0.756857
18.0808
26.2845
12.3936
24.2411
1.83917
2.9722
22.2411
0.651576
29.5091
4.36889
2.2656
17.9016
0.720459
0.00859931
1.93455
0.000814701
10.5968
0.00145399
0.0012064
14.9972
17.7866
0.667087
11.4887
15.5423
9.99043
16.2495
1.36248
12.5821
21.2375
0.0745014
3.03107
17.2849
8.37967
1.39383
6.52816
30.8081
16.7718
23.7383
10.2405
19.6821
9.65209
12.4545
15.632
0.16962
15.7603
0.0178327
3.84226
18.355
11.8225
14.3111
1.29594
2.41053
2.07469
1.45101
1.07057
2.25808
0.959421
1.06026
0.00233766
2.39832
3.70339
0.768153
0.675176
7.4614
0.168749
1.89103
0.000199325
0
4.29929
19.6323
2.01818
0.0219104
2.55011
8.19989
0
4.03539
17.5936
3.94474
19.139
9.86738
21.0644
0.0374053
0.884731
0
0.00206638
40.9214
0.203106
2.42847
19.0045
3.47467
2.05318e-07
30.6093
9.15356
0.268746
0.0260547
4.97755
15.3593
8.98545
0.161861
21.7373
5.17715
5.12141
14.9543
34.448
18.2504
13.3027
8.22244
11.4068
5.18699
8.56898
6.13055
3.10148
9.22752
6.04848
1.51232
2.15404
9.17145
0.523113
8.48787
10.9182
0.260435
12.4062
12.751
17.4986
4.10326
2.09451
1.3567
0.00121258
0.589092
0.439458
0.000764529
1.04457
0.0719986
0.520519
0.125363
0.00357259
0
16.0235
16.1034
0.829741
36.7475
7.51603
13.62
5.29883
14.6291
3.96448
2.49775
7.4771
4.35284
8.66529
3.31146
6.06983
20.412
10.2498
12.8365
3.28052
15.8555
19.3905
30.2154
18.4809
12.9872
10.8936
13.9456
10.791
0.179428
0.833325
0.344217
0.171611
0.861055
6.72255
0.60063
30.3391
1.87742e-08
0.905051
28.5186
17.8169
17.7661
13.2507
21.29
6.34903
0.385719
0.84179
0.927813
5.43505e-05
0.000305733
8.45795
2.62041e-06
0
0.142684
39.5197
36.3229
14.8138
7.16196
6.7256
1.93127
0.790156
0
2.14151
8.71554
0.355193
1.13324
1.09832
6.48354
3.38686
0
11.9301
0.436709
0.902395
2.80456
5.43399
2.49573
8.91838
5.53645
4.30183
7.47798
1.8333
1.01331
2.93081
1.55779
10.0223
5.402
1.70564
0
11.1316
8.8953
0.967262
14.4066
0.0546064
14.9545
0
0.000162343
28.8681
