0
0
0
0
0.273039
2.77514
0
0.535863
0.240135
0.834807
2.81093
2.52891e-07
0
0.022039
2.53973
1.48713e-07
0.367689
1.1021
2.24393
0.0156213
1.16491
0
0
0
0.0898272
0.0091378
1.32004
1.27095
7.53364
2.7161e-07
0.152025
0
0
0.033333
1.74564
0
0.335922
2.48849
1.9272
1.66886
2.48704
4.03004
0.208591
1.57978
0.479982
1.12457
0.556598
0
0.0238618
0
0
0
0.0391444
0.920465
0.796777
0.00614618
2.52568
0.287154
0
0.462716
0.751314
0
1.22946
0.131427
2.61978
0
1.56514
0.037655
0
0.203798
2.25734
0
0
0
0.00283359
0.00462016
1.45034
0.347929
0
0
0.00908681
0.00844822
0
0
2.45438
0.46015
0.998549
0.831805
0.326707
3.95288
2.26877
4.03154
0.471834
0.829343
14.1461
0.938549
0.914589
1.24615
0.0364013
0
1.19299
1.11423
1.99464
2.25768
3.16046
0.129092
3.43284
1.07189e-05
0.131754
4.02521
0.1503
1.623
0.0566727
0
0.660056
0.136432
1.36211
1.4591
1.39753
1.21388
2.6761
0.0957275
1.01998
1.00067
0
0.908345
7.44119e-05
0
0
0
0.416019
0
0
0.272777
0
0
0.10307
0
0.00413279
0
0
0.0114425
0.512755
0.0157198
0
0
0
0
5.34121
15.1258
0
0
1.24397e-06
0
0.0297772
0
0.00020356
0.397431
0.0188713
0.203622
0.324737
1.47865
0.0063954
1.11119
1.57087
0
5.02176
0.538018
0
0
0.0349642
0.681592
0.0694644
0
0.0458852
0.0165336
0
0
0
0.373045
0.00186955
1.11263
0
0
3.14104
3.42488
2.55874
2.03926
1.5217
4.83573
2.68563
2.20003
1.58127
3.33055
0.393507
0
0.532861
0.00015033
3.97884
2.67639
6.91435
32.8405
0.305357
5.10214
4.13316
0.243368
3.3705
0.334895
38.9504
0.0573366
3.50198
3.81307
0.836816
2.22745
3.00572
5.5175
0.38912
4.8193
2.36224
0.190232
0.0290932
0.834894
1.28867
0.0249925
4.71792
1.50429
3.10402
2.36774
2.85527
1.91216e-07
0
4.80348
2.15979
0
5.35406
0.863639
0.0915891
1.50551
0.907114
0.116393
1.51111
0.977801
1.64367
0
0
0
0
0
0.263524
0
0.0415981
0.0474627
0
0
0
0
0
6.3937e-05
1.83351e-07
0
0.00991996
0.821905
0.0324222
0.779468
0.0970944
1.19824e-08
0
1.27917e-05
0.000219598
0
0.975986
0
2.72594
0.0719587
0.000228914
0
0
0
1.17351
0
2.1914
0
0
0.00639839
0.0334248
0
0
0.570239
0
0.322224
0.014953
0.717918
1.80155
0
0
0
0
1.71451
0.00151607
0.675428
2.47258
0.000280511
0.813845
1.21561
0.427565
2.90492
2.4614
0.865376
0
0
0
0
0
0.556728
0
1.34226
9.23859
5.91377
1.51381
2.12628
0
1.15714
0.752466
1.27643
0.457646
0.00349364
0.0675754
2.34313e-06
0
2.38925e-06
0
8.78513e-06
0.00795046
5.25811e-06
0.00921426
3.73046
1.22535
0.316509
0.0311673
7.31459e-07
1.18309
0.884598
0
0
6.06603e-06
0.00866037
0
0.0645391
0.124303
0.101989
3.15609e-07
0
0.582765
0.169393
0
0
0.507901
1.52956
0
6.26273e-05
2.90398
6.90239e-08
0.787981
0.286021
0
0
0.00158879
0.247794
1.27196
0.833675
0.902136
1.65218e-05
0.941316
0.943973
0.00541005
0.000267063
0
0
1.16262e-08
0.0320385
1.48355
1.11969
0.7044
1.33445
2.25766
1.22816
0.025473
0.00714026
0.0199213
2.04965
1.11877
1.19802
1.07951
2.35988
0.236452
5.28551
1.48672
8.13141
2.35946
1.20625
1.1704
2.25785
0.894105
2.35373
1.00124
1.48519
2.89378
1.19891
1.15742
0.16451
0.783847
1.76397e-05
7.16027
0.0781304
5.64028e-06
2.27009
4.57983
2.71864
2.43081
2.73437
0.112312
1.69017
1.95869
0.233772
1.34199
3.13051
1.60649
1.29584
0.61842
1.62273
0.514744
0.216369
5.35748
1.88024
0.41117
3.05522
1.24773
1.07176e-06
0
2.94933
0.0509586
1.90744
1.43054
4.70869
0.828065
0
0.157665
0
2.65881e-07
0
0.947133
1.6046
1.65489
3.34664
2.67733
0.906365
1.45673
3.12288
1.66933
0.272742
1.56149
0.00481174
0
0
0.181899
1.83882
2.73916
0.498489
4.78626e-08
0.972129
0
0.893419
0.0562778
0.00803281
0
0
1.1153
0.510118
0
0.719153
0.760467
0.744543
0.0768846
2.57862
6.92209
2.2531
0.14868
3.12546
3.50906e-05
4.78839
2.64506
2.88102
1.12018
0.387662
1.46268e-05
0.703613
0
0
0.000874813
0.00118644
0.703874
3.64998
0.373231
2.47981
4.26908
1.44721
1.21594
1.17979
0
0.144081
0.996688
1.60086
0.00911456
3.72348e-05
2.19459
0.408494
2.27205
0.0062744
5.76556
0.0764035
0
1.92039
2.10472
0
0
2.61929
0
0.0183523
0
0.0932575
0
0.611929
0
0.274744
0
0
0.293684
0.627743
0
1.9577
0
0.177434
1.57288
0.615336
0.920104
0.00317234
1.09517
0.991143
1.75995
0.947119
3.2357
1.2183
0
2.20541
0
0.921816
4.54182
3.31412
3.77951
3.84196
0.0116412
0.5499
0
1.44724
0
0
2.84556
0
1.1141
3.04197
1.81573
1.49314
0.31475
0.711945
0.629235
0.908847
5.30229
0.42102
5.17682
6.73776
1.96341
1.02869
0
0.908053
0.877191
0
3.25496
0
1.10413
0.733828
0.0646704
0.049211
0.820522
0
0.00435343
0.125211
3.82492
0
0
1.49144
0.914604
0.163355
0.0237713
1.68215e-05
0.176503
2.24987
0.0248611
4.07347e-05
0
0.688946
0
0
1.37198
2.36503
1.82849
0.806925
0.00098761
0
0
0.347156
0
0.812725
0.121674
2.58037
0
0
0
0.206491
1.23682e-06
0
0.509998
0.179052
0
0
3.51179
2.00299e-07
2.17649
3.69761
0.837477
0
0.599261
0
0.909269
1.66234
0
0.947764
0.00619105
0.000217881
2.22661
2.62516
0
6.33428
0
5.71437
2.32938
1.13751
1.86263
0
0.241056
0
0
0
0
0.0118096
0
2.86056
1.68611
2.86288
2.6781
0.0882343
0.126732
4.38826
1.06841
4.30674
5.00898
1.36349e-06
0.00447646
0.0179059
0.500642
4.3122
0.230464
0
0.859054
1.31789
0
0.978344
0.000136767
0.110006
1.881
0.0050135
2.81419
5.11148
1.33193
5.00814
2.62881
0.266174
0
0
0
0
0
0
0
0
0
4.77901
0.00554588
0.0307335
0
0
0.216989
1.18519
1.98585e-07
0.678405
0.616926
1.43371
0.826479
2.89407
0.503357
0.685071
3.10465
2.55729
0.442626
2.96794
1.31239
0
1.13779
0.481007
0.994526
0
4.06549
0.463115
0.262866
13.9779
1.3597
2.75433
6.56706
0.945273
1.09054
0
0
5.0046
2.24659
0.000129535
0.383599
0.821057
0
7.60241
0
0
0
0
0
0
0.0281949
1.9181
1.08493
0.589676
0
0
0.00795763
1.12164
1.96091
0
1.80671e-05
1.12715
0.0973017
2.77908
0
3.2444
4.5713
0.0306204
1.30327
0.0723341
1.14851
0
0
0
0
0
0
0
0
0
0.734823
4.27083
1.10028
0.0196888
4.99503
2.25516
0.0125607
1.79766
0.0148152
0.0959598
1.72123e-07
0
1.2794
0
1.59828
0.0166319
1.30716
2.89797
1.33665
0.000736673
0
2.71433
0
3.78153
0
0.00183432
0
1.18821
1.17574
1.49256
2.37776
0.42864
8.75181
0
0
0.0560193
0.906922
0.734498
0
0
0
0
3.21013
0.503228
0
0.404722
1.60372
5.42826
2.51267
1.93327e-05
1.98831
2.35225
0.487921
0
0
0.12155
1.25303
0.119241
0.973108
3.52137e-08
0
0
1.61782
0.42216
2.26926
3.67724
0
0.0105029
1.03921
2.72722
0
3.88316
0
3.70505e-06
3.5305
0.000347123
0
2.84662
0.334881
0
0
1.47814
0
0
0.0181324
0.372151
0.817642
0
0.767926
1.5428
0
5.35357
0.042296
0.584234
0
0.328243
0
0.0679293
0
0.0223462
0.00453931
0.512496
1.70281
2.81756
0.644674
0
2.17805
1.92759
2.98153
0.280365
0.436653
1.56904
0.877604
0.741786
0.385556
0.217463
0.14643
0.471069
1.40952
1.19281
0.768381
1.70375
0
1.32143
1.14067
0.120902
3.77486
1.03648
0.384204
1.14382
1.27296
2.21252
0
2.12239
0
0.000254752
0.12921
0
0
2.69652
0.000293412
0.251077
0.0279717
5.38924e-07
0.763795
0.0788023
0.0719652
0.526785
0.478757
2.18859
1.38949
1.60458
0
0
0
1.34548
2.83239e-05
2.36999
1.80025
0
0
1.55708
0
0
1.94077
1.71578
1.01499
0
1.1663e-05
2.68321
0.000204198
0.763651
0.620127
1.6374
3.44628e-05
0
1.92026
9.45861e-05
1.49761e-05
0.111985
1.45394
11.7027
2.17232
2.09812
0
0.0366483
0.00151183
0
3.46987
0.0557638
0.543111
1.42428
1.86736
1.16365
2.34272
9.06422e-09
4.10249e-07
0.00396821
0.0203877
0.0261242
0.020899
0.284527
0
0
0.628847
0
2.46381
3.87908
0
0
0
0
0.000897021
5.24286
2.40667
1.21515
3.39537
2.54328
0
0
0.912003
0
0.0482639
0.0251218
0.0568689
0
0
9.03103e-07
3.91824
0
0.00159143
0.571475
0.151173
0.133499
0.804406
1.08937e-07
0
0
3.89349
4.45921
1.96399
0.787075
0
6.82344e-07
0
2.08395
0
0
0.392441
0
0.147272
0.463149
0.107078
0.146769
0.104012
0.961817
0.00373375
0.0234909
0.000155991
0
0
3.5108
0
1.24207
0.0740977
0.212198
0
2.07998
1.91562
1.6142
2.1834
3.25927
0.342507
4.38818
0.877957
0.000302006
0
0
2.87833
1.02165
0.822118
0.845587
7.39976e-06
0.071876
0.14725
3.22224
1.63051
2.02185
1.16442
0.943244
2.0898
0.76647
2.6614
8.15377
4.72373
1.62991e-06
0
0.725215
3.13806
0.850758
0
3.05317
1.64472
0.0429811
0.0018202
0.807079
0
0.749191
0.282014
2.97019
3.25508e-09
0.930066
0.0477776
1.08393
0.0100645
3.13727
1.21241
2.75788
6.3235
1.40511
0
0
1.0528
2.00449
4.36299
1.6338
1.92686
1.07444
1.26727
2.92333
8.53707
8.09411
16.4894
18.3666
4.93995
2.39282
2.06325
0.773397
0
4.04441e-09
0.552059
0.414681
1.80235
0.931191
0
4.41853
0
0.000219935
2.34617
2.84759
1.18901
0.335936
0.462462
0.980305
0.0354238
7.55451e-05
1.70593
0.0126468
2.92159
1.35511
1.88419
1.27561
0.08665
2.85148
1.9064
1.48392
0.280615
0
0.000943956
0.00239982
2.38311
0.481216
0.0173524
0.000988383
3.46999
0.262492
0
0
0
1.03915
2.27047
0.486159
1.49688
0
1.82787
2.60437
0
0
0
1.22693
0.72837
2.94247
1.5952
0.00866021
0
5.25231
3.58043
0
0
1.4672
2.87474
3.07353
0
5.31169
1.47815
0.918502
0.19921
0
0
0.0935173
0
0
6.14853e-05
0
0
3.32199
0
0.299694
1.22638
0.608694
1.51871
1.18732
0.00980733
1.42586
2.7155e-08
2.70553
0
1.34905
0.0358948
0
1.39687
1.00041
0.136335
1.5408e-05
0.039782
0.00518916
8.77672
2.91667
0.248303
4.5446
0
1.49639
2.48115
2.21795
0.00220632
0.489127
1.1385e-06
3.41831
1.91646
0.0874178
0.787764
0
2.89773
0.0306503
0.845885
0
0
0
0.0862434
9.30725e-08
0
0.147781
0
0.902817
0
2.40028
2.11319
0.000124525
0.0703797
0.0441009
2.47401e-07
0.192748
0.0512166
1.24925e-05
0
0
6.75434e-06
0.0133108
6.97439e-05
0
0.0590959
2.37111
0.0333513
0.148506
1.29014
1.12833
0.0898615
0.763363
2.57183
7.48435e-07
2.97329
2.27435
2.08258
3.48945
2.17804
3.61077
5.4938
0
3.90681
8.71032
2.85483
2.68288
0.554816
0.195332
1.33189
1.61419
0
0.720308
0
0.00377561
4.82348
0.000116318
0.0889373
0
1.51314e-07
0
0
0
0.00995915
1.00219
1.13482e-07
0
0
0
2.41155e-05
0
0
3.6561e-06
0.00375051
0
0.728647
1.42317
3.29583
2.66162
1.84681e-06
0.0159129
4.72767
4.32814
0
0
0.11155
0
1.51016
2.72684
9.74489e-06
0.323066
2.58856e-05
0
0.449373
0.622053
3.53815e-07
0.117443
2.21843e-05
0.87684
0.414907
0
2.94605
3.24986
0.844678
0.605554
0.0435852
0.122331
0
0
1.77115
0.227938
0.397976
0.0509225
3.89658
8.03482
0.233989
1.13497e-05
6.05345
0.844067
0.198662
6.776
0.0198986
1.91813
0
0.86339
0
0.184597
0.619858
0.125707
1.26233
0
0.173694
0
0
0
2.2449e-06
0.896226
0
0.199188
0
0.047671
4.35137
0.0994413
3.15068
0.00113405
0.00628357
0.000243414
0
0
0
0
0
6.98549
3.63372
3.7566
4.6124
2.96318
4.95986
0.0138824
3.85389
2.13051
0
0.0844754
0
0.294227
0
0.493708
0.0033261
0
0.0251599
0
0.602154
0.582887
0.722523
0.0038645
1.43796
0.502598
0.00145524
2.86083e-05
0
0.0192246
0.819562
0.837209
2.47563e-07
0
0.744028
0.189515
0.0115057
0.866947
0.0312556
0.0159005
0.369943
0.0232744
0
1.45432
0.652868
2.05036
1.24118
1.30422
7.8044
4.55808
0.86803
0
2.8492
2.79147
2.25073
0.0723579
0.564593
2.72963
0.000944664
0.314534
0.0725607
0.70733
0.00567445
3.82777
2.22666
2.44581
0.170611
0.00403729
0.179
0.819748
0.986812
5.99651e-05
0
0
0
0.0544256
0.00283594
1.83926e-05
0.640936
0
1.57761
0
3.19729e-06
3.46844e-06
0.0151905
0.163995
2.73152
0.0314885
0.0184358
0.918488
2.08391
0.284408
5.75971
0.134437
0.0285168
2.19255e-07
1.6448
1.52605
1.67474
1.78243
0
2.10876e-05
3.42005
3.01169
0.430092
3.76568e-06
1.54395
0
0
0.245095
0.954701
0
0
0.704754
2.07167
0
0.000119425
0
23.2221
0
0.0363754
0.00127795
0.847347
0.739995
0.760394
3.68493
0
0.00388504
5.03294
0.557825
0
38.8177
1.85947e-07
0.366445
0.0660115
0
6.46822e-05
0
0
0
1.51317
0.480184
1.75673e-05
0
0.0294252
0
2.31505
0.012289
0.778037
0
0
0
0.00635616
0
1.22853
0
3.37157
0.00065938
9.90306e-05
1.11462
0
0
0.0809287
0.45752
0
0
2.57947
1.67652
0
3.06862
2.36325
2.84344
0.0176749
9.14368e-05
0
0
0
7.47354e-05
1.31171e-06
0.197654
0
1.1441
1.6423
0
7.50012e-05
0
0
0
4.68157e-07
1.75289
0
0
0.00320736
2.45161e-05
0.239423
0
0.00158573
0
0.000234167
0.192856
0.0555415
3.31222e-05
0.0812987
0.000252868
3.16269e-08
0.111127
1.29858
0.0467563
0.0100242
0
3.83698e-06
0
0
0.14855
5.65092e-07
1.07763
0.910956
0
3.51611e-08
1.26088
0.00237567
1.96913
0
3.54941e-08
1.17154e-08
0
1.92864e-07
1.18884e-06
0
0.000418263
0
0.862555
0.0036319
7.04205e-05
0.00179872
0
4.45806e-07
1.3389
0
0
3.06621
0.968476
0.960789
0.066137
0.0233178
0.0671753
0.0299296
0
0.000155038
0
0
0
0.455329
0
0
0.022642
0
2.27639e-07
0
0
0
0
0
0.891485
3.08324e-05
2.46332
0
0
0
0
0
0.0111105
0
0
0.879153
0.898953
0
1.59643
0.0786097
0
3.94185
0.816186
0.614913
0.439612
0.919582
1.32078
0
0.160845
0.000466239
1.27379
0
4.74577e-06
0
0
0
0.659134
1.19951
0
0
1.03936
0.422067
2.01395
0.218964
0.0420508
3.75413
1.87314
4.14405
0
0.430814
2.89146
6.16588e-08
0.942402
5.05666
6.08981
1.11221
1.25901
0.776806
1.46967
2.28535
1.66566
0.314713
1.13979
0.0748752
1.78274
0.633447
0.968536
0.101959
0
0
0
0
0.0706931
2.48656
1.69457
0
0.178129
0.00363553
4.09215e-07
0.00132844
0
0.900927
0
0.00624434
0.846063
1.37347
1.94399
0.0869086
0.283169
0
1.22827e-07
0.00536364
0.215621
0.00824926
0.426167
0
0
4.57315
0
0
0
0
5.91576e-05
0
0.90891
0
2.30638e-06
0
0.700175
0.0449002
0.0167788
0
0
0
0
0
0
0.113715
0.00257911
0
0
0
0
0
0
0.791218
0
0
0
0
0
1.9487
0
0.0153432
0
0
0
2.31952
0
0
0
0
0
1.2234
0
0.0143662
0.000812044
0
0
0.0602084
0.000471749
1.73212
1.28379e-07
0.00927733
0
2.21267
2.33177
9.05056e-07
1.50433
2.65836
2.15342
1.50569
3.34175
0.59267
3.38322
5.1941
0.0233874
0.0574135
1.26108
0.00805349
5.26808e-05
4.4381
2.32249
4.52698
3.08916
0.73658
0.00239
0.000620729
0.131654
1.68479
4.71296
1.11456
2.39168
1.55481
2.08801
2.32597
2.31184
0
2.27931
0
2.41495
3.93552
3.34564
1.83346
4.57203
4.18993
6.43192
3.49119
0.691
2.12792
1.87709
1.36973
1.71232
3.13
4.66973
3.16918
5.10412
2.92956
2.85858
1.00832
2.90938
0
4.45031
3.56383
1.26032
0
1.28363
1.34793
0.654808
0.998919
0.0189855
0
0.0872059
0.0240377
1.45319
1.92536
1.74356
1.85632
0
1.26915
0
0
0.0550748
0.642075
0.97505
0
1.20301
3.14663
0
0.0242726
0
0
0.936993
0
0
0
0.120255
0.265255
0.0146996
1.12287
0.713933
0.0324694
0.341006
1.27073
2.45194
2.90542
4.3295
0.375552
2.69544
0.810676
0.264232
0.130476
0.915883
4.9927
1.83061
2.09284
2.17935
0
4.43579
2.6415
3.39285
0
1.35138
0
1.00309
0.249899
0.23791
1.45148
0.163729
1.48188
0.243003
1.79431
0
0
1.00368
0.700598
1.3039
3.45365e-08
1.28432
0.948605
0.000424112
0.373807
0.351844
0.0100654
0.00139487
1.43768
0.744438
0
9.54358e-08
0.00134171
0
0.000226866
0
1.96381e-06
4.93548
0
0
0
0
0.355299
3.01629
0
0
3.18388
0.815196
0.810078
0.0647879
0
0.000642557
0
0
0
1.101
0
3.57183
1.63858
2.81462
0.0861621
0
0.000232247
0
8.11621e-05
1.41166
0.0147002
0
1.15693e-05
1.41516
0
0.116155
0.832644
1.57841
4.98369
0.343515
1.85598
0
0.842659
2.87867
0.250109
1.92904e-06
0.745491
0.089401
0
1.41175
0.000379573
1.78882
0.000126139
0.571273
0.0179371
0.709567
0.696333
4.05343
0
0
0
0.357165
0.917471
0.0117946
0.197708
1.10779
0
0
0
0.00304696
0.00141042
1.73605e-07
0.0554083
1.3927
4.36048
3.95807
0.00983004
1.80149
1.42489
0.0148132
2.51115
3.28157
3.93247
1.48912
0.281826
0.147755
15.1186
8.96532
1.61407
4.64156
4.00536
0
0
0.0231108
0
0
0
0
0.000276745
0.951892
4.80239
2.69843
1.82705e-05
2.5413
0
0
6.63982e-06
8.87021e-06
0
0
0
0
0.476734
0
0
2.61881
5.33859e-05
3.72617
0.73037
0.054489
0.352938
0
0.0308004
0.807578
0
2.8299
0.799992
0
0
1.10372
4.07884
0
0.0529846
0.232672
0
0
0.00458891
0
0
0
2.13783
0
3.6723
2.64749
4.57495
0.131829
0
0.000122572
6.20402e-06
0.0738938
0.158225
1.57529
1.56203
0
2.90843
1.70164
1.36373
0.00575934
0.00866732
0.00051179
1.03914
0
0.0162622
0
0.0293368
5.33486e-05
0.601142
0
0
0
0
0
0.000201711
0
0
0
0
0
0.0389199
0
0
3.2229
0.0981447
0.0580871
0.00117864
2.33707e-06
0
0.598244
1.59473
0
0.194023
0.00722343
0
0
0
0
1.85932
0.00658606
0.601775
0.0334695
1.80449
0.818494
1.10974
0.49694
0.0899612
8.92434
3.62628
0.348768
4.43824
2.46122
3.07458
2.16648
0.590984
3.38312
2.56998
0.960413
5.46462
1.18643
1.21484
2.35257
2.26336
7.66896
2.07429
0.651974
4.54159
5.09693
1.8972
5.82027
1.89604
1.61748
3.27141
1.58133
3.26022
0.00891164
9.04169e-07
3.94658
0.3136
0
0
0
0
2.47397
1.51318
0.00753488
9.60999e-09
0.0436103
0.301592
0.0289571
0
1.53199
1.58244e-07
3.82977
0.147595
0
0
0.990043
2.8239
0.00181356
1.0208
1.38808
1.28473
0.905819
1.87569
0.392211
0
1.15512
1.08256
2.25986
2.91202
0.374334
0.901038
0.0431297
1.04993
0.109607
0.605491
8.09153
2.83279
0.850956
0.647788
0.42574
1.25089
0.178948
4.0197
0.950774
3.05016
0.731687
1.92811
3.63566
4.55282
3.33207
4.0097
3.15417
4.08298
1.84035
0.32141
1.55701
2.00267
2.71724
0
0.0043823
0
0.461974
0.331007
2.00517
4.52754
2.41401
0.923147
1.61732
0.251676
0.163174
0.769107
0.172592
1.19803
3.91531
2.24482
3.79003
0.889933
0.0442773
3.99088
0.0324613
4.51177
0.390791
0.27067
0.714157
0.0526962
0.0787768
0
0.88153
1.05078
0.07377
1.20002
0.994203
0.47878
0
2.45696
1.10506
1.81767
5.28414
0.977555
0.696216
0.41211
0
0.881013
9.06978e-06
0.108749
1.43673
0.592777
1.50913
0
2.84898
2.40205
1.79893
1.81859
0.196844
2.2961
1.34531
6.03492
0
0
1.23045e-07
3.78369
1.49614
1.60616
1.59037e-05
3.63879
2.01203
2.34482e-09
0.11978
0.087395
3.46381e-08
3.3189
1.5742
0.0650979
1.69136
5.10181
7.59741
3.0734
1.49677
0.0366627
1.29893
1.94438
1.52401
0.0972517
0.668611
1.61647
4.20021
3.90899
1.76647
1.73779
2.17421
4.91953
4.79571
2.84114e-05
5.87182
5.08399
3.81931
0.819141
4.85622
3.87445
1.96402
0.626697
7.34182
3.341
1.72151
0.207966
2.28555
6.43371
0.0748764
0.850813
0
1.88965
0
0.0506667
1.79642
6.02803
0.474731
1.36981
1.31454
1.27464
2.99272
4.12799
0.530312
3.05427
2.91138
0.824335
4.7276
4.54111
1.54993
3.30164
0.553209
0.980783
0.642327
4.01431
1.80452
0
4.31738
0.763042
1.86286
0
1.54236
1.14564
0.000105699
0.0222574
0
0.0417584
0.95132
0
2.16036
1.72004
0.018714
0.937173
0.982038
0.0132608
0.443774
1.06373
1.60701
1.36623
0.169283
4.02098
3.6743
0
0.916288
0.823612
0.428104
1.05382
2.67344
0.157178
0.988577
0
0
0.269207
0.117104
1.52058
5.88975
0.0629505
0.331871
1.42279
2.16698e-07
0.952697
0.796092
0.301886
0
0.0106818
0.989968
0.822932
0.0136075
0
0
0.0110232
1.58619
2.54582
0.0382025
3.72341
0.831892
0.863937
0
0
0.00361731
0
3.41198e-05
0
2.34061
0
0.446283
0
2.23472
1.84936e-06
1.43163
1.02239e-05
0.0121021
4.09078
0.992334
0.723915
0.754438
2.91152
0
2.98831
0
0
0
0
1.04987
1.2554
0.125411
0
5.42792
0.00256248
0
0
0
0
0.000235712
0
0
0
9.76202e-08
0.191708
0
0.536087
1.7559
0.00169301
1.74418
2.44004
1.41235
0.193106
0.000769137
1.34827
1.56329
0.0669416
2.99969e-06
0
0
0
0.0128476
0.65411
0
0.00529059
0
8.04502e-09
0
0
0
0
0
0.0865615
0.0238843
0
0.00492989
0.000232087
2.7923e-06
0.000294561
1.90618
0
2.71785e-07
0
0
0.832258
0.000313519
0
0
0
0
0
0.448605
1.32886
1.06046
1.32161
2.34589
1.3204
0.297242
4.24693
0
0
0
0.0504286
0.344179
0.769844
0.0382344
0
2.2766e-07
1.22588
10.3791
6.69669
3.50396
0
0
0.267019
1.18234
0.0573403
1.28354
0.126812
1.1983
2.56221
0.00900071
0
3.05007
0.856344
0.10387
0.0765497
0.235678
2.74199
0.088596
1.28636
0
3.57642
3.8907
0.224698
1.2031
0
0
0
0.9704
0
2.15681e-07
0
0
0.911985
1.56221
0.133506
0.379925
0.138889
2.47692
0.569294
1.09883
0.784889
1.02424
0.303228
0.953101
0.0664861
1.19528
1.38375
2.35324
3.29956
6.20648
3.22967
2.97194
0.827507
3.94592
0.0615834
3.5802
2.56499
1.08316
0.496567
0
1.3559
3.02571
1.08085
0.194349
0.774299
2.01145
8.72631
2.84868
0.655101
0.00331063
0.183028
0.0826409
0
1.69705
0.781962
0.189287
1.33836
0.756031
0.00402801
0
0.0704762
0.0019571
0.989323
0.00271372
0.455018
0
2.82668
2.2389
0.213823
0.807228
0.202035
2.19222
0.685363
0.0386357
0
2.14309e-06
0.431475
0
0.110277
0.299365
0.0615142
0.380763
1.44819
1.81902
2.91659
3.94917
3.6542e-06
3.89247
0
0
0
2.5479
0
0.683823
3.36519
0.552107
1.52235
0
4.78365e-06
0
0.0189634
0.0547724
1.20103
0
0
0.000458202
1.14229
0.511837
0.279202
1.46729
2.28262
1.27037
0.0473105
0.497565
0.960539
0
2.96546
1.44178
0.0534192
1.86879
0.210199
0
3.09003e-08
0.402069
0.373857
8.43579e-07
0.0236004
0
0.633109
0
0
1.66348e-07
0.600987
2.99268e-07
0.000268192
0
0.531655
1.22945
1.10105e-07
0.0309699
1.18777e-06
0.0713905
2.15568
0
0
0
0.0539158
2.74421
0.0140475
2.4459
0.922421
1.6457
1.40485
7.65751
0.286403
1.41349
0.58861
1.09665
3.11234
4.45751e-05
3.50767
1.14756
0.000269131
0
0.7151
0
0.695065
1.07866
3.06734
0.446237
2.01621
0.110158
0.00423704
10.8896
2.77279
3.06702
3.43681
0.00703039
1.62637
0
4.54194
1.78535
0
2.86893
1.11444
1.70655
0.741727
0
1.6522
0.0157125
0.568029
1.58379
0.670572
0
3.84931
1.72919
1.04665
0.0185
1.23463
5.01229
9.50663
4.99871e-06
3.25993
1.1469
2.57111
0.391361
2.93643
0.101056
2.41428
0.0828825
1.90513
1.89996
1.66332
2.72146
1.57146
3.48978
1.37824
0.971753
0.43282
1.82982
0.160707
0.968522
1.54634
2.07758
4.41736
0.902571
0.142548
4.10853
2.33765
0.000199453
0.397494
2.11607
0.0135899
1.51637
0.54748
0
1.74283
5.42807
0.0505079
0
0
3.75182
2.12736
1.60506
1.5394
1.38499
3.65693
5.07685
0.222135
5.57145
3.82226
6.80273
0.349778
9.49854
3.65338
2.04958
3.28633
6.97353
1.57346
4.43168
2.84104
4.28197
5.09621
0.799462
4.71155
6.16777
2.96844
0.919065
0.889419
6.30187
18.2577
6.61193
0
3.92044
5.11233
4.29911
0
1.48499
1.48358
0.548056
3.09955
3.66649
1.59557
3.15476
0.153467
0
0
1.0957
1.42784
0
0.0764945
3.36852
2.33734
2.96977
1.57226
0.00283456
3.63928
0
2.70338
2.01721
2.34912
2.74688
1.70104
2.5511
3.6552
4.45473
5.21547
2.02372
3.35152
1.83105
0.00559263
1.18172
3.76071
0.400665
0
2.53181
0.340259
4.5973
1.15438
2.00681
5.59292
1.28976
0.0150239
0.521601
0.564658
0.798978
0.344973
0.114996
0.000362137
0.238829
0.988183
0.00249688
0.000184482
1.93235
0.693529
1.79583
1.01002
3.11933
0.245742
1.31856
0.94728
3.2005
2.36418
0.345097
0
5.43432
0
1.28811
0.0645864
1.98035
0
0.378536
0.853253
1.60416
1.02244
2.65697
3.6949
1.25216
0.0724288
0.223802
3.51289
2.27451
2.0994
0.118492
4.21017
0.040779
3.85511
3.84333
0.000246284
1.79815
3.72306
10.2916
0.734243
0.379398
7.79556
0.0720065
0.581368
0.122673
2.48228
1.19265
0.49802
6.26469
3.83025
4.63724
1.87281
0.866278
2.01619
3.21119
3.48952
1.32378
6.1574e-06
3.66036
1.09981
0.79275
4.34694
0
0
4.10951
1.80726
1.93611
2.28039
0.0256216
2.25464
0.798416
1.3914
0.143623
2.69394
0
0.704588
0.854996
1.60991
0.510432
2.85596
0.816533
1.74893
0.206582
0.120288
2.07412
0.731209
0.817226
0.83516
0.000503468
1.04314
1.1313
3.1641
0.936121
0
2.1447
1.18985
1.88714
3.76872
0.970461
2.58678
0
0.0752812
0
0
1.90484
0.988118
0.927207
0.660715
0.546702
5.91881
0.055132
4.62299
0
3.29432
1.30668
1.02118
3.203
0.979997
0.00893789
0
0
0
1.77878
0.105076
1.44912
3.08688
6.44389
4.57542
0.0475563
0.0920606
0.0886678
0.00387613
0.00374102
0.833176
1.01817e-06
2.39756
5.5755
1.17339e-06
0.596022
0.205945
2.04332
1.24355
6.46516e-07
1.0596
9.70573e-07
0.821981
2.87184
8.61024e-07
0.00175296
0
4.56222e-05
0
3.49066
3.11331
1.8875
0
2.37495
1.65013
0.895279
2.72661
2.28144
0.577075
1.48137
1.93621
0.457837
2.11074
1.11083
0.811309
1.57776
2.16787
3.12639
2.77849
0
0.0165816
1.03005
3.725
0.875247
1.77872
0.24888
39.8693
0.523285
2.80595
0.421478
25.2393
3.22398
1.06476
0.034849
1.85127
1.85345
0.0776676
1.74149
3.19696
2.25967
3.2872
1.34063
0.083428
1.32074
2.37716
0.0723693
0.365482
0.000134436
0
0.520636
1.16444
0.494788
0
0
0.00173625
0.867432
0
0.678527
0
0
0.213832
0
0
2.3121
0
0.630957
2.34223
0
0
1.29849
6.18112e-08
0.00996618
0
0.0134897
0.275698
0
0.407373
0
0
0
0.145498
3.56004
1.12939
0
0
0.525409
0
0
0
0
1.13588
0.969434
6.02079
0.011964
2.18377
0.0982347
0.276872
0.103014
0.680055
0.423448
0.870009
0.00134234
4.61506
0.387256
0.143028
1.46066
0.455303
0.0220672
0.030252
0.0312988
3.11053
3.2737
1.78253
1.57171
3.53055
2.61107e-07
0.0585993
0
0.208353
0.887895
1.46696
1.52856
2.08246
0.905035
0.516922
2.63748
0
0.016087
0.661426
0.155275
0.677519
0.0535917
2.24047
5.75538
0.219535
0.0407569
0.884043
1.17632
3.00662
1.51064
1.33981
4.658
0.227241
0.398038
1.11717
0.287241
0
0
0.0236302
0.0438935
0.00323882
0
0.950058
0.607703
7.64155
8.78048e-05
0.0174287
1.57401
0.155992
2.31567
0.529177
0.487429
0
0
0.44332
0.470593
0.00730296
1.58029
2.45814
0.0492546
3.87148
4.89883
0
0.000440045
0.0292378
4.96162
1.32446
0.0138336
0.053986
0.0686877
1.82597
0.200096
0.00226931
1.28973
1.55812e-06
1.22908
0.202964
3.29441
0.030004
0.614003
0
0
1.22037
0
0
0.000568843
0
0
0
2.2482
0.244428
0.14601
0
0.0240954
0
1.53557
0
1.92773
1.12566
0
2.51813
0.0171723
0.0778363
1.84136e-07
1.12466
1.81695
0.0356964
0
0
0
0
0
4.97134e-07
0.218476
0.861076
0.115025
0.92407
0.777957
0.00109489
0
0
0.12258
0.151521
0.693105
2.35792
0.0183313
0.328397
0.249752
0.827878
0.22201
1.56609
3.77668
0.0917363
0.0311379
0.788297
0.0507763
2.28514
1.93399
1.93366
0.05736
1.27318
0.56933
0
0.814281
2.77776
0
0
0.0026698
0
0
0
0.0408643
0
0
0
0
0.981586
0
0.809939
0
0.0350263
0.0524697
2.55941
0.00707638
2.14717e-08
3.93266
7.29822
2.22071
2.3024
0.819485
0
0.0247018
0.0943613
1.46861
2.86014
2.64583
1.31988
0.418793
5.97973
0.814334
2.81209
2.67942
3.26736
5.52209
1.71491
1.04838
2.268
0
0.676021
0
2.07162
0.546894
0
1.25283
0
0
1.51161
0.4061
3.4848
0.971797
5.64419e-07
3.55302
1.97993
2.1794
0.0522544
1.57434
7.66859
0.796028
0.00821096
3.71629
1.33775
0.980535
0
5.74976
0.0283558
0.201324
0.195559
0.964955
0.414388
2.04037
0.108102
0.670785
1.57923
0.410911
0.152424
0
0.195476
0
0.0415168
0.421715
1.258
0.605083
0.718594
0.170959
0
0.0137638
0.902984
0.95047
0.00977301
0
0
0.0129164
1.5944
0.0143802
2.08225
3.30062
0.00879242
4.47392
1.47522
1.39446
1.10451
1.00459
0
0.190927
0
1.10235
0
0.224782
1.39352
1.43515
0.118356
0.682009
2.63502
3.63058
2.17636
0.916878
2.4108
8.22001
7.62284e-08
3.43732
6.73443
0.000188421
0
3.09766
1.35184e-05
0.10748
3.89656
0.0549291
0.0915984
0.101346
1.25359
0
0
0
0
3.34508
0
0
0.0738879
0.85346
1.3493
2.71001
1.63328
1.69174
0.159317
2.01758
0.413641
0.207689
2.15162
1.36274
2.19634
0.638321
0
0
0.448988
0
0.000272484
8.36101e-06
2.37683e-05
0.000559398
0
3.98848
0
0.429535
4.30069
0.000393231
0
0
0
3.09052
2.92279
0
0
0
0
0
0
0.948778
7.03578e-07
1.49727
1.79152
0.0286486
0
1.40188
0.287491
0.556932
0.520033
4.43551
3.6725
0
0.0751266
0
0.00430571
0.0311532
1.697e-05
0
0
0.0103037
0
0
0
0
4.44783e-06
0.647426
0
0.00594622
0.776615
0
1.19979
0
0
0.846629
0.000283299
0.064518
0
0
0
0
0
0
0
0
0
0
0
3.10258
0
0.00886488
0
0
5.98478e-05
0.0532365
2.90362
0
0
0
0
0.878636
1.02265
0.132618
0.133151
0
0
0
1.0431
0.729553
0
0.00679852
0
0
0.0836857
0
0.0870107
1.55242
0.0266179
0.012083
0
2.15563e-06
0
0.342451
0.0906134
0.405137
0.111397
1.86835
0
2.9482
0.487965
0.0607786
0.101595
0
0.206985
2.8209
0.554375
0.197406
0.0855246
4.85528
0.00183643
0.26197
0.0001055
0.430888
5.06272
0.17858
4.96694e-06
0.883131
0
0
0.748756
1.03772
0
0.974418
1.09524
0
0
0.0662513
0.0267479
0.0418167
0
0.0133214
0.40068
0
0.0675686
0.000567005
0.92402
0.765672
3.00547
2.53353
8.04439e-08
0
0.526417
0
0.00167721
2.95837
0.0379997
0
0
0.632576
4.28755
1.4939
4.54642
0
1.25629
3.57034
1.14467
1.73897
0.458941
0
3.7729
0
8.01722
0
4.83917e-05
5.81646
0
0
0
0
1.75125
2.17616e-05
7.99497e-05
2.08992
5.12211
0
1.87782
1.3876
0.165533
1.25904
9.18988e-07
1.13526
1.62398
5.22557e-07
0.893252
1.06383
0.683148
0.471292
1.77729e-07
2.1172
1.23746
1.26961
1.40322
4.38709
0.848174
5.60556
1.63212
3.14712e-05
2.03856
0
0.516064
2.08218
1.67272
4.29209
0
2.81909e-07
0
0.65724
0
3.12757e-08
0.000521753
0.0239873
0
0.316459
0.68062
0
0.000198156
0
0
3.25079e-05
0
0.00516881
0.505457
0.101434
1.38258e-06
0.000526472
0
2.99419
0.0232961
0.0603547
4.56669
0.470505
0.532524
1.76726
3.42308
0
0.362729
0
0
17.1987
1.35152e-06
0.0643287
1.43309
0.00827722
0
9.13268
0.0113723
0.0186039
0
0
7.193
0.0886688
0
1.43847
0.813239
0.80931
1.18816
1.3584
0.507634
0.614547
0.155852
1.84231
3.66321
3.57933
8.20858
2.92623
1.21728
0.0515508
0.796996
1.00788
2.21975
0.0698919
2.92453
1.3789
4.01742e-07
1.36662
1.21454
3.6232
0.0340292
0
0
0.0032279
0.000489017
0.839846
0
0.00464385
0
1.45501e-06
0.311212
0.00334494
0
4.7562
5.50662
0
3.05166
2.42246
2.84134
1.68296
2.24067
0.677391
0.0412592
2.76507
0.554758
1.20925
0.0602801
0.933875
4.22102
2.13962
0.914614
0.100042
2.76387
3.75809
2.21798
8.51918
0.034263
3.3862
1.20139
1.92736
0.149346
0.0115464
0.940821
0.387568
0.0718858
0
2.2774
0.89741
0
0.401707
1.84616
3.29411
1.86409
3.74559
0.129196
0.0041634
0
2.44495e-05
0.606164
0
0.00253343
0.947891
0
0
0
3.80133
1.74768
2.00988
0.024478
0.0949768
0.112668
0
0
1.39995
0.471064
1.82879e-08
1.15257
0.181281
0.895566
1.43137e-07
1.00302e-06
2.76017
0
0.747222
0.4328
0.979831
0.0195335
0.100055
1.56377
0.447769
2.52534e-05
0.057453
0.773813
0.000435514
0.0995349
1.89802
0
0.0358114
0
6.14671
0.128287
0.000108769
2.02848
0.00117422
3.32106
0
0
8.885
