5.5558
3.61686
2.49962
0
5.48817
8.62492
0
7.36728
0.00279143
7.19532
17.3691
3.90748e-07
1.09663e-06
1.4125
3.1285
9.63133e-05
4.27792
20.2174
27.4013
24.7178
8.94234
0.764117
0.0750715
0.360634
5.82526
6.58713
8.9451
2.95664
36.9516
1.58017e-06
1.48896
4.75488
1.43222
0.0755939
0.249613
0
2.72651
22.3602
8.32873
19.63
8.78042
8.9381
0.238395
9.31399
2.10233
8.73597
0.0469345
0.067962
0.0257411
0
0.000402091
0
13.451
1.73473
1.65915
0
18.0698
2.14941
1.16831
1.58648
2.74474
2.31698
8.15293
8.1894
1.63352
0
1.93749
1.12565
3.38297
0.0123434
14.619
0
0.00130744
0.849528
0.0346758
2.34355
0.739413
1.26636
0.000937991
2.64452e-07
0.761224
3.30787
0.012337
0
35.9857
3.35973
6.52725
13.4177
10.7048
12.0824
19.2331
20.5029
5.31838
9.42218
22.8329
6.53093
12.5627
26.6183
0.268821
1.37904
7.61629
2.36678
9.94059
17.3776
7.11973
5.65161
11.4083
4.06965
6.59346
11.4877
11.8772
6.83885
7.6101
7.84442
13.588
8.03444
2.72505
3.21959
4.08606
3.35903
2.49022
1.74465
1.32304
2.10065
0
2.67759
2.8895
9.65781e-07
0
0.207201
13.7846
0.193194
8.08537e-08
17.7447
0.0569914
7.04761
14.7672
1.12207
0.518036
6.11781
0.188958
0.240627
0.982055
0.899634
0.0620623
0.0199275
0
0
26.2946
51.1398
1.05158
1.25792
0
3.27783e-07
7.14061
0.404322
2.86511
5.81769
5.16653
0.564359
27.0707
7.26552
17.3769
24.2184
5.59847e-05
2.47066
5.10654
10.0551
12.2007
1.11862
13.5981
1.07939
7.16768
4.96491
3.20154
0
9.47707e-05
0
0.000835128
0
3.0731e-05
13.1967
0.0204294
0
14.2266
6.91814
10.7662
12.884
10.7138
19.276
18.724
19.9631
12.9136
9.69429
4.05518
0
6.64975
10.3754
9.76626
7.97228
21.144
81.1804
7.76085
41.7276
21.5467
3.36171
24.5343
2.7873
36.7519
6.06182
18.9848
14.4945
0.660223
17.6196
18.1662
21.1434
2.98062
20.0962
21.5367
2.45593
1.25771
3.16338
13.7139
2.84263
23.1933
11.9371
23.697
14.6573
16.1089
0.267928
1.16584
4.7968
9.78998
1.06037
5.63881
3.79415
2.0105
1.78424
0.2174
0.894207
1.6142
0.949269
0.800862
0.793898
0.106886
0.282532
1.92841
0
1.40846
0
0.00683392
1.87467
1.2066
0.948475
0.000322476
0
1.84348e-08
0.460321
0.414173
0.62614
0
1.17752e-07
7.33105e-05
0.000832216
2.29009e-07
0
0
0
0
0
1.82805
0.0910266
20.1659
0.0354844
0.101098
0.888893
0.834504
0.076201
11.3716
0.0223298
22.87
1.98334e-06
0.349385
8.89341e-06
0.00254161
0.265666
1.69338
0.0586936
0.0106074
2.30737
0.878195
0.031171
28.128
0
0.974378
0.0027259
0.76475
13.9196
14.1225
17.534
4.76887
1.63909
8.99859
8.45942
3.73083
11.5707
0.0869964
2.92034
0.0301728
0.11424
0.476671
1.05081
3.25658
4.37491
6.62326
10.2627
25.8254
9.1103
3.22401
10.1904
0
5.01721
3.15336
1.82923
8.48495
9.44855
1.90782
0.955422
0.33189
1.34054
0.227376
1.80068
0
2.77987
3.23151
5.45705
3.36892
3.59319
3.83358
1.39575
11.7953
3.98249
6.03665
0.000101594
0.428757
2.33699
0.874193
6.37715
6.4782
4.0652
1.50674
0.00261677
12.7812
3.18989
0
0.0219593
1.63184
12.9894
0
0.51164
3.86176
7.29219
0
0.965408
0
0
0.682415
1.352e-06
4.19893
1.41356
1.58847
0.562289
7.13168
5.30592
1.43677
3.22914
9.82096e-06
7.15407
11.6333
12.7922
17.1651
10.3462
0.142368
3.93146
5.09722
3.46236
6.67191
11.438
5.01216
6.76028
18.7884
21.9818
16.6097
2.57733
0.0486961
21.7658
9.05815
7.05067
3.763
10.6744
8.69878
11.4038
9.29802
10.56
13.1724
9.71254
6.19466
11.3442
6.9056
9.84905
6.45539
15.6935
6.93039
9.46756
4.95166
8.43173
26.2805
9.58078
5.8774
3.91745
0.623202
20.0111
33.047
23.2815
22.8261
18.9651
6.82955
27.4327
15.8965
12.4129
23.7048
36.1532
27.5589
26.7411
19.6524
17.6771
20.699
0.741001
19.4644
27.5001
21.8067
9.65118
9.07358
7.44848
8.59403
0
3.64869
0
6.47072
2.70513
15.0426
3.20109
7.25731
19.4726
30.2566
8.55517
9.40248
20.0994
8.82935
10.9052
13.1987
1.17084
2.01943
4.82528e-08
7.16037
1.37953
35.993
4.77301
0.9155
1.17309
0.875722
0.711569
1.05512
0
0.398356
0
1.5424
5.50188
1.72559
6.4568
21.3457
5.93033
4.89646
16.4631
11.4028
4.75147
8.36405
17.6777
4.28426
16.8244
20.9443
14.315
14.2746
3.40577
2.07717
4.5979
0.0377336
0
0.000666647
0.00672379
14.9718
30.5928
3.74338
8.67881
11.0725
6.46705
8.91506
3.06543
0
4.85594
3.30916
1.15444
0.0497882
1.55867
3.8603
4.18811
8.3148
5.92129
5.39667
1.24904
9.2257
18.101
5.97238
0
0
5.22053
0
9.99656
0
0.0263302
0.0172209
2.15887
0
2.23668
0.242746
2.46376
1.06583
0
1.26178
13.0515
1.79737
0.0337202
2.33193
1.89575
2.89753
8.91089
19.9982
19.909
22.3208
10.6753
9.1857
7.40418
0
28.8611
0
14.3682
8.70181
8.20218
7.95976
1.53933
0.0854248
0.0423975
0
16.3122
0
0.203387
8.68439
0.777572
7.84507
8.00846
4.69923
23.2544
1.59603
2.04928
1.43704
4.07818
10.6041
29.4771
36.7836
7.2078
5.39206
3.39912
0.169241
12.9954
6.23501
1.29519
1.91827
0.153918
7.56722
0
0.000195024
0.0805661
0.0805425
0.792426
0.475722
1.63177
9.08214
0.9911
0.920277
2.97484
1.68497
5.42369
5.63593
0.0204674
1.5591
4.80281
0.00631087
0.149111
0.0231807
0.165918
0.40949
0.000897559
10.1705
12.6296
25.2146
1.84547
0.0346832
0.631434
11.8038
0
11.8095
9.62634
0.353118
0.231399
0.080001
0.219
2.35338e-06
13.8928
0.782244
0.104473
0.201696
0.0587256
0
0.774986
8.52275
0.365914
3.1912
15.3293
4.45176
1.36442
1.44907
1.629
13.077
14.8081
0
1.4903e-06
0
0.00118158
23.8343
24.0681
0.570235
10.2725
0
12.1499
33.2596
9.83329
10.1933
0.104213
0.953468
1.59364
0
0
1.93451e-08
0.345299
0
8.30081
7.04753
3.246
0.0754891
13.5805
0.693098
28.4806
4.33126
15.9912
17.9361
1.36272e-06
13.1151
0.59631
5.66742
16.5486
3.57697
5.99417e-05
15.1371
13.4849
0.0151894
5.97668
0.0493568
0.416735
10.3002
16.7751
8.09884
13.3565
10.9908
9.25063
16.1938
0.530875
2.07513
8.71496e-07
0.63014
0.85872
0
0.252311
0
0.000167836
8.83498e-05
17.554
0.913364
3.059
0.999829
0.0279369
2.28134
1.29583
0.0935185
5.08377
3.24965
6.1904
1.64893
12.3945
4.32505
25.2479
15.6293
2.87272
8.67423
10.4856
11.6434
0.0686811
2.40497
9.42351
2.55628
0.938388
13.9736
0.553177
49.0071
70.1735
9.29268
14.5901
28.1617
13.4842
11.2024
0.737358
0
9.11449
31.7832
0.00059117
0.109546
0.834601
0.237964
6.77369
0.358097
0.524356
0.000220187
0.5747
0
0.875933
7.64509
23.2899
7.70732
1.16787
0
0
0.972644
4.51052
17.1421
0
1.65582
40.8258
0.903036
13.9116
0.668517
13.0783
9.75537
23.54
23.4172
0.480811
0.76319
0.325462
4.00237e-07
0
0
0
0
0.00648376
0.307856
0.0262359
0
4.90401
14.3821
2.29104
13.3306
3.1008
3.32195
2.86846
2.61317
1.98773
2.09924
0.220124
2.37374
0.989233
2.37504
2.68954
33.9904
2.44403
9.56188
0.597156
0
6.12209
0
10.2686
0.00609301
0.0164011
0.0148772
17.0655
9.72523
4.4825
18.8195
5.83234
14.0193
1.40139
0.124568
2.42894
18.0193
2.01774
1.33661
1.2612
0
0
0.8432
11.2782
2.83676
0.917275
1.26541
10.2254
6.28273
3.97881
3.86237
5.55041
23.9085
0
0
12.656
10.2369
13.217
6.96736
0.413862
0
0
5.63396
8.6621
14.0326
5.2156
0.63235
4.90944
7.18723
17.7068
0
16.4232
2.67323
0.0525345
8.10187
8.97125e-06
0.200981
6.15152
0
2.51159e-07
1.15847
4.40115
8.76276e-06
0.608809
0.0290139
3.69282
1.92382
3.83511e-06
0
16.3648
0.0253925
16.4257
0
5.076
0
9.60805e-05
0
0.103117
9.33735
0.245131
1.72692
6.81806
8.73775
11.3565
18.3758
0
9.30088
13.1538
3.94973
5.21504
4.4464
13.6235
2.59784
13.4061
13.3295
7.07433
9.0538
7.3548
10.6725
7.08467
8.00507
9.69466
0.479054
9.90117
2.86777
1.71476
12.6481
0.145256
13.7442
1.94824
5.63148
5.42521
5.39449
5.23353
0.256073
0.0938359
0.14728
0.290691
1.67982
7.98685
8.17791
15.6761
18.8549
1.65908
0.30481
0.000172372
9.8793
15.4516
0
10.2036
3.76453
7.42946
0
0.000803462
0.312943
5.97048
2.08502
23.108
7.796
0
0
23.0708
0
0
8.89298
2.79073
2.73316
0.00347189
9.55756
9.71896
2.29384
4.95148
3.6119
4.50808
0
0.880702
2.70545
0.131286
0.117677
0.350231
2.15501
17.9456
30.1836
17.7449
0.000472913
1.75209
0.582305
9.80518e-07
19.6432
8.59278
8.7841
9.10777
2.04344
13.1809
8.07221
1.16518e-08
0.0133552
1.88762
0.476989
3.26135
0.0122979
5.6785
0
6.71019e-05
13.2089
0
14.2693
9.30996
0.875827
0
1.14236
0
0
4.6791
30.4947
2.61647
21.3121
12.6026
0.527237
0
0.233157
0.00740424
0.505064
0.282597
1.03833
0.00965999
0
9.39192e-08
2.18628
0
0
4.472
2.2461
1.82779
9.3611
1.0631
0.0612552
0.0941939
12.8797
3.6988
4.71256
0.212596
1.81164
1.74023
0.899544
11.9547
0.495967
0.497007
19.123
2.04311
0.989362
0
15.6108
1.05865
1.55866
4.24142
2.99084e-06
8.74852
0
0
3.1894
11.8611
0.00132369
21.1937
0.316214
1.5961
0
10.7391
9.24784
6.8916
8.25989
6.33129
4.68311
24.5962
4.48567
0
0.0773101
0
22.1954
16.1919
8.13929
8.09158
0.0132101
0.0132592
0
12.8457
15.9503
34.9926
14.0231
7.41758
9.38281
22.6954
20.9312
9.54385
9.69399
3.03799
12.5318
13.1288
15.4577
0.000482581
0
19.1764
7.14998
1.69966
8.02654
5.09404
0
6.94727
10.6997
6.09538
0.00138828
21.996
9.86941
12.711
8.71764
17.0959
5.99728
12.032
7.1124
20.6391
0
2.56708e-05
0
19.4118
21.1399
19.9453
14.0991
24.9912
39.8072
38.8493
35.4401
33.8011
35.6717
29.4306
26.9625
7.04382
4.0139
0.196747
2.62827
0
0.0345954
3.03199
0.000257266
1.14181
0.941024
9.28985
0.839383
1.43037
9.20926
7.04583
3.90356
2.38624
9.5325
5.13012
0.698191
2.34104
0.499231
8.95947
12.7246
9.1487
0.0238987
18.491
17.3061
17.433
19.6528
8.59305
11.3112
1.77458e-07
0.609753
1.09889
14.9341
8.91133
1.69498
0.751219
25.3992
0.188176
0.0838907
0
0
0
30.5033
0.00284745
28.5459
0.000778513
45.2654
35.4838
0
0
0
29.3402
38.9814
18.3622
11.8416
0.283272
0
34.4067
20.0567
2.48644
0.265803
11.5993
37.8947
39.827
0.000547006
7.39377
38.9335
2.58582
14.9397
0.537908
0.00221959
17.3295
0
0
1.80676
0
0
25.562
0
3.25644
7.04184
17.1711
12.0799
22.3505
5.45475
25.8563
0.597942
20.106
0.37892
19.0626
18.2751
0
20.0504
17.7615
12.004
0
3.40896
2.41326
15.8686
12.8649
2.47768
12.0652
0
25.3581
18.0448
11.9401
0.00971551
15.8315
8.41058
29.2849
23.105
0.282931
0.610408
0.0172925
22.1841
1.32307
16.4917
0
1.25711e-07
0.0044685
0.632631
16.4544
2.03335
5.1939e-06
0
27.4039
0
23.8215
24.735
0.338624
7.82685
4.10679
13.1864
8.50665
22.5879
0.003031
0.0251089
0
0
0
0
0
0.937169
5.89888
2.7453
0.576399
25.2916
17.0343
6.15922
12.4756
8.83599
3.49146e-06
17.4427
18.3796
17.7122
19.5483
21.8251
11.4835
19.0308
0.352826
10.278
30.6435
24.7064
16.1879
15.4605
4.75487
20.7558
11.3747
0.0168056
25.9201
0
0
24.9903
0.00282745
0.296006
0
0.199275
0
0
0.00280399
4.76556
5.87626
5.59396
0
0
0
0.889624
0.114726
0.810822
3.67283
0.0664479
2.79832e-05
63.2915
1.80853
28.6421
8.71884
0.412063
0.383419
9.34509
37.7906
0.0238814
0
20.3291
5.69769
18.3741
39.566
0.0115231
1.59122
0
0.73793
16.6032
29.1904
0.623958
0.519564
0.198862
0
0.575984
1.25066
8.41592
10.6572
0
4.85639
3.36083
2.05066
0.538018
0.0058489
7.21943
0.282223
0.592322
0.509988
13.4514
57.3899
3.78889
0.891182
21.8083
2.7593
12.8595
11.5973
1.5283
11.8393
0.268795
1.09276
0.0679993
0.64066
2.10839
1.97518
8.03857
0.369215
5.67372
0.788374
0.0249609
0
1.50235
0
5.1451e-07
0.838737
0
16.7312
5.3571
0.944495
5.776
0.0358102
8.09924
1.58767
0.701972
0.666904
2.44275e-05
0
0
40.6919
23.4533
25.3457
15.6983
10.3867
9.7932
0.0332105
9.6022
11.61
0
14.865
0
2.95898
0.0690365
4.99012
7.03167
0.120197
4.05544
0.254501
0.0230536
5.44458
8.28251
7.52339
10.2286
9.00031
0.0147787
0.930572
0
0.000571194
3.23809
10.6699
0.0426467
0
4.41383
5.83857
4.31991
0.954412
2.10337
7.64994e-05
2.88615
1.25307
0
16.0724
1.82389
21.098
0.982338
3.72259
26.0405
14.6195
1.74371
0
18.9575
19.7288
1.70948
12.4487
2.96531
2.21136
0.312121
1.37081
0.0242849
4.95559
2.43141
14.0165
10.0253
8.07204
3.97093
7.13154
7.22912
5.41103
14.2172
5.08072
0
5.80742e-05
7.39916e-07
2.78794
0.225492
0.603598
4.71334
0.399107
22.8342
0
2.00084
0.998863
2.91323
1.69903
8.48485
0.487129
3.13966
20.4778
9.11544
1.6842
13.4952
3.59709
0.276732
0.0479452
25.5323
10.7153
9.76058
6.77912
0.108899
0
5.88255
7.7055
1.53468
0.005049
4.74485
0
0
1.20878
0
0
0.61368
0.0106836
4.87043
0.910351
4.08418
0.849533
64.8604
2.68894
0.0909485
0.480739
8.78898
0.789099
2.92726
34.126
0.380425
10.5392
25.5867
3.03877
0
51.6707
0.949888
1.12951
6.62785
0.00228034
0.664626
0.000953378
0
0.361731
9.3614
0.0996676
3.1687
0.0678348
1.75174
0.505283
10.9737
0.591148
0.135844
0
0.0709397
1.51633
0.370221
0.099409
12.5146
0.226328
3.77089
0
0.0581981
19.7772
0.0325012
0
1.24071
2.41682
1.95519
1.86737e-06
10.2629
3.59617
1.12032
41.0808
22.8305
6.67473
0
0.629833
0.415962
0.0316219
0
0.0838675
0.160865
0.662774
0.734178
20.9717
10.4286
0.174326
4.70414
1.29928
0.265735
1.52238
0.036156
6.98839
0.00951695
0.401339
0.169768
0.827435
0.667933
0.669349
0.508592
0.00481911
1.37089
0
0
0.13528
0.79608
1.78263
7.02018e-05
5.50466e-07
0
0
0
0.751897
0
0
0.111777
16.1337
0.0377842
1.59187
17.5319
0.0401304
0
35.7352
4.4495
8.36148
0
0.409787
1.14448
0
0.913375
0.689648
0
0.0431184
0.112496
0.358801
0.300089
1.08642
6.7231
0
0.776952
18.2766
1.04381
0.0666433
16.0394
0
0.416878
1.52605e-07
0
3.54725
0.000207151
0.00966802
0.416308
0.287603
0
0.00139505
2.27667
0
0.0811609
6.40004
0.101958
3.55798e-06
0.018006
0.101464
0
0.0155304
0
2.10502
7.55597e-06
7.48664
0
6.12479e-05
0
0.000248264
0.552942
0.000113687
0.000547629
0.958912
0
21.0741
0
13.2941
1.15203
8.60673
23.1746
0
17.8561
12.7823
13.5549
1.04739
0.61227
2.5908
0.127166
16.3198
2.31669e-07
0.0459945
2.84315
0
1.03067e-06
26.9432
19.7635
0
0
10.5504
7.03388
2.82531
2.63523
6.17711
11.9438
9.04862
27.6696
0
3.288
10.468
0
9.97853
18.0425
16.9982
8.37321
3.8891
5.23898
7.86121
12.3857
7.43448
9.24012
11.5535
6.27859
6.50762
1.16878
11.9116
4.5577
1.21603e-05
8.49e-07
2.09219
1.95636
5.44546
9.44185
10.8028
0.297057
0.567962
6.22288e-07
0.00500886
4.94329
3.06808
4.23998
3.61054
0.863384
2.43057
4.6513
2.8283
1.84859
17.089
0
0
5.70326
5.326
2.6269
1.49371
0.0771903
0.0208155
5.602
0.934909
0.238665
0
0
0
0.46589
0.874082
0.84269
0.00530606
0.895448
0.0253087
0.0711346
0
0.252051
0.00308486
0.0279295
3.97148e-07
0.991537
0.0017352
0.0439994
0
0
0.653276
0.565389
0.0996
0.00401605
0.494788
3.07128
0.572925
0.0229486
0
0
0
28.156
0.0337158
3.15486
0
0.280393
0
21.3058
0
0
0.241074
0
0
22.4132
0
3.52624
2.27632
0
0
2.10565
0.168439
3.03327
0.685909
1.99363
0
2.71912
7.86925
1.53743e-07
7.37593
3.95373
0.67894
1.49063
3.28344
4.25637
4.45801
11.9809
8.80189
6.32926
9.3422
0.000298119
0.0270224
6.91299
5.18626
4.05993
14.5489
10.7093
6.26021
7.76771
12.279
14.5731
21.6441
4.26114
6.33582
9.33941
7.71357
13.9426
16.3167
0
16.9065
0
9.94294
14.0536
10.3022
11.1627
4.88553
14.76
14.1826
9.62999
1.52881
16.6356
14.0772
4.07573
9.55938
13.9347
14.4437
22.9108
4.77764
5.40177
9.682
8.43132
8.55851
0
5.14703
5.95618
6.94472
0
9.42291
6.33064
1.25358
1.00664
1.5532
0.379685
0.955626
1.53604
7.47275
2.76462
6.80658
1.08199
1.12618
3.55846
0.215613
1.07117
1.0448
10.9913
0.0975314
0.783948
0.874858
12.0645
0
1.64345
1.42138
6.45909
0.0965757
0
0.128654
0
1.78386
0
1.79771
5.4166
1.15535
0.864341
3.71927
12.1947
3.52734
26.3308
7.69996
2.78754
15.1075
8.68351
8.50154
19.314
15.9101
23.8098
13.0333
29.4745
7.38264
0.00558285
10.8464
10.7206
8.95845
2.34816e-08
15.5264
1.62107e-06
9.81543
3.38442
0.0876511
2.0998
9.26082
9.86641
1.08714
14.4009
0
0
6.5632
2.96573
3.00552
0.000181383
1.06522
6.79395
0.500501
1.60243
1.94361
0
1.07402
23.8482
0.0018882
0
0
0
0
3.04452e-05
0
8.76725e-05
10.1042
0
0
1.4902
0
13.8344
34.9863
0.270442
0
10.6858
6.51733
0
3.45708
0
3.73707
0
0
8.54961
2.83845
0
32.6088
0.375882
14.3748
0
1.95548
0
0
0
21.5875
0.348253
0.00237875
0
10.1684
0.761091
5.9672
20.3889
33.269
17.7017
12.7922
14.8975
2.55582
3.08
11.3021
3.00904
4.18954
12.6673
0.0873021
7.49559e-07
9.42799
6.26794
6.39325
1.71623
22.6908
0.684611
0.824161
0.372698
21.6736
14.1906
4.75027
4.34773
5.08724
11.0581
2.86261
2.10049
8.32478
1.36611
0.878052
0.0305604
0
0
0
2.26915
27.817
30.3256
16.8234
0.305947
13.649
8.44123
0.451832
13.3735
2.16804
20.9133
1.88977
2.58841
1.8012
37.9118
21.3776
2.43654
19.1639
12.3005
0.28991
0.225713
0.0473091
7.02576e-05
0.145544
1.56225
0.00308598
0.697657
6.80963
5.74132
10.6712
1.71709
39.2267
0
0
0.0570519
4.73061e-05
0
0
0
0
4.20953
6.37013e-05
1.28131
20.4498
1.07692
4.9737
3.57881
7.00673
0
9.49599e-05
2.92917
10.1177
4.07251e-06
10.7803
5.17856
7.6028
0
28.2066
24.8629
0.000324981
3.9343
10.5851
0.612041
0.283216
0.0704192
0.202574
0.0675818
0.0300368
25.7101
0.0733083
67.5972
24.837
28.0648
0.0307703
0
0
0
0
19.2675
8.17791
22.3031
0
7.93066
16.6907
11.4121
8.47091
4.13008
2.80518
3.46399
0.0145661
0.068335
0.0078048
0.792269
0.00313124
5.81587
0
0
7.84068e-05
0.0309531
0.878024
5.66324
0.00648213
0
2.0998e-05
0.0457092
2.61419
0.674957
0
0
13.5432
0.319619
0
0
0
0
5.6493
22.8017
0.000207536
1.73038
0.822603
1.01279
0.000543102
1.70893e-05
0
4.90169
4.81656
7.87736
13.4511
6.63523
6.13478
6.01536
5.17887
7.29532
24.9291
18.7026
4.46056
42.379
26.1239
42.9566
10.8464
8.86678
14.0547
14.13
11.2105
12.9672
9.47379
11.4941
8.50121
7.51453
8.94879
9.85215
7.79497
7.56696
9.74171
8.05183
10.6373
7.6131
7.91159
11.8524
14.7152
12.8455
0.659955
0.0937491
1.31428
0.736225
0
0
0.00417715
0.127693
19.1899
18.9654
2.80928e-06
11.3262
7.91465
5.46009
0
0
4.50737
0
6.83581
4.39854
0.117677
0.066728
4.5172
6.79252
0.832265
23.5041
16.6967
19.2095
17.9544
1.9361
14.1058
0
14.9648
21.9256
7.8427
39.3482
11.0625
6.85631
4.17116
5.35535
5.59062
7.4801
19.5255
21.5331
9.42939
0.891137
11.7926
1.97076
9.66757
11.2952
13.5833
13.4681
7.78232
16.6888
18.8233
17.6953
20.7251
17.8083
11.1568
15.3453
12.156
10.0975
8.94591
19.4971
16.32
7.16754e-05
0
0
2.7608
6.66187
10.7818
17.2059
18.4023
19.527
14.8031
10.3942
10.1541
17.8032
2.74984
12.1598
15.8424
7.08579
5.48224
4.93097
3.89483
5.67159
3.16506
8.90289
3.25206
5.82792
8.19789
3.36995
4.64607
1.85574
5.02935
19.2343
7.30696
9.73177
14.3638
17.7752
7.80681
8.76422
29.1012
4.41501
6.14111
30.2578
3.84048
0.572219
0
1.38973
0
6.66915
8.95779
13.2547
13.7741
0
17.8595
16.4219
24.307
12.716
6.41503
10.7682
17.2727
31.5693
0
0
0
29.3881
24.2566
26.5329
5.73766
27.1811
2.69532
8.36201
0.0855601
0.979426
0
9.59284
33.7096
0.886963
5.20851
83.6173
50.2648
22.8235
6.22052
0.0529036
27.4411
5.39039
26.3358
8.69643
3.81159
19.4888
21.9071
21.6514
26.9364
6.70426
11.7828
12.9709
13.3382
11.602
12.6446
13.9955
12.5112
9.78354
5.17206
12.6857
5.56096
19.8242
9.94929
17.2876
13.2794
10.364
20.2093
25.8803
15.1228
12.3463
0
12.1615
0
8.83662
8.32064
17.2504
10.3277
11.7117
10.9164
10.5327
10.1893
7.29726
12.9298
12.7564
11.3022
4.50256
13.7055
9.58107
6.784
7.88358
5.27485
5.26216
4.89558
4.12008
6.23598
0.862062
3.76255
7.17519
11.0431
9.43082
12.0868
0.481454
0.297689
0.629697
8.1836
6.28451
6.86787
8.08313e-06
16.3677
15.2909
9.45334
13.9932
3.31939
8.39324
16.2218
17.9678
1.5373
2.87204
0.604595
11.0342
9.64736
0.192974
0.0232
2.93887
1.39458
0.0449221
1.85724
0.930617
0.522076
0
8.59437
0.0126252
0.0193162
0.00107945
9.82269
0.00342561
1.05822
0.797991
0.00629146
0
0
9.64616e-09
0.00866631
1.48328
1.28514
0.43798
0.203744
0.939689
0.082267
0.88483
8.25333
1.46864
0.14307
3.84917
0.170791
17.4941
0.901603
0
0.0177282
0
0.772181
0
4.38136
0
14.2179
0
7.12573
0
17.6642
0
0.685629
9.36307
0.12653
20.8885
9.45408
14.0589
0
19.1827
0
0.918915
0.208873
0
15.1757
13.0626
0.105115
0
20.2319
0.185805
0
3.61047
0.00154335
3.23248
0
5.12029
0.00196699
4.64637
1.31072
2.14422
0
9.87561
3.00761
0
4.8211
10.8589
1.29118
13.0872
0.0031142
10.9144
14.9034
14.8126
10.1128
0
0
0.1171
3.95756
10.1665
0
0.919385
0.945462
0.542929
0
0
0
0
0
0.919642
0.806391
0
1.80182
0
0.60663
0.336879
0.0171523
0.146438
0.192741
0
0.00127612
0.260111
0.087385
0.117472
0
0
0
0
0.228801
25.4947
32.5075
25.9097
17.2044
21.9723
1.55544
5.16053
0
0
0.00692287
0.47842
10.3004
3.98728
9.53552
0.35795
2.25117
26.4415
39.9022
29.9003
11.7326
11.9285
4.43944
16.9145
21.328
1.68942
5.07377
7.51699
1.40079
8.48393
10.4816
5.921
22.4917
8.06639
4.96072
9.67965
1.30826
10.0745
1.98155
14.3851
0.774177
19.9066
32.0202
0.426032
0.00570033
0.0324478
0.0212622
0
1.14549
0
3.50238
0
0
0
21.0732
1.77356
15.5028
1.25338
18.1916
2.28039
3.67722
18.0747
13.4298
17.5029
5.09576
0.30912
15.4534
20.8151
18.6194
32.0509
33.5217
23.7666
28.3439
0
14.8244
1.19953
16.0556
22.5291
24.1161
13.6242
0.051707
21.5397
8.73482
34.9607
6.52825
33.292
46.3975
12.7037
7.28423
16.8917
10.5871
15.2039
16.9267
0.00070737
1.70276
19.1831
0.134548
2.04185
35.0727
0.127815
10.4403
0.645553
0.00788762
2.02923
0.0097133
4.05619
0
27.4719
46.2143
20.0532
13.7892
7.56228
9.29876
4.26087
5.63567
0.00606827
0.193649
4.05305
14.9048
15.6211
18.3559
30.5915
16.901
25.3867
8.23455
16.1406
13.5862
4.71928
15.3077
0
0
0.00797435
15.1277
1.65896
8.19797
24.2759
1.42845
1.72913
0.000301171
0.636557
0.991629
0.00427966
2.23116
1.81131
0
0
0.619552
14.2627
1.48895
1.97222
10.4293
8.37123
1.53966
21.8001
0.0752621
3.41179
1.87245
2.22059
1.14682
0.375198
2.61038
0.978505
0.335115
0.0141476
0.000475779
0.060959
0
0.771818
0
6.43838e-06
0
0
0
0
0.0764143
1.38389
0.794906
3.59747
8.46284
5.98406
2.33215
0.000191069
2.09176
10.4457
6.68699e-07
0
2.08166e-07
0.021283
12.972
0
27.3339
16.9002
23.8662
8.69907
9.11794
4.97982
9.72268
3.31616
5.74915
11.7222
0.413196
15.6219
9.46332
0.0180946
0
4.85271
5.78671e-07
5.16649
6.92123
31.7283
5.73859
20.1753
24.4681
0.0178865
21.3574
5.17403
19.655
16.0635
0.386884
8.21344
0.0272301
15.9659
8.24823
0.0191499
14.7495
7.05915
6.49239
2.48232e-07
0
1.47868
0.201541
2.69451
1.49272
5.95643
0
10.0208
8.08803
28.1782
16.7221
17.1923
28.5639
11.7457
9.15086
7.36144
25.0981
25.3273
22.9096
12.1985
9.92112
19.4332
0.00744943
2.78985
6.18779
16.2462
10.1898
7.86881
4.56464
6.47038
2.85522
8.63773
10.1974
4.01746
9.12026
11.326
3.90942
6.98848
22.7206
11.7934
5.53777
8.78171
3.40329e-06
8.85217
4.21053
0.287844
6.81275
13.2576
0.00179369
10.6807
13.4827
12.2242
0
0
16.1594
6.64777
13.612
17.4351
7.14179
20.1762
12.5085
2.42982
18.3697
22.2303
14.3952
2.35322
10.1276
26.6956
33.0188
14.672
33.2437
25.1447
28.9841
21.0767
23.8009
19.5369
0.173357
23.4742
23.3141
19.9648
11.7577
22.6557
26.5615
49.9957
24.6851
0.0588613
38.283
25.2243
29.3618
0.0868737
5.46146
19.9411
18.0223
26.5377
9.15403
17.4543
20.9284
0.424863
0
3.66598
1.8227
20.4859
0.912002
12.9799
24.9221
25.8149
25.2798
25.5837
0.47542
30.8324
0
19.4006
17.6463
18.1852
23.7314
13.3715
45.7902
37.9954
10.2126
22.2349
22.0049
15.838
16.725
4.47812e-06
11.2569
3.39719
20.698
0.65377
10.0057
5.96718
10.4047
3.53544
2.423
19.7139
10.4873
0.871079
3.84731
3.30299
5.35356
10.3102
13.4532
4.41931e-06
5.38517
9.01698
3.60995
4.51716
2.88207
1.09035
3.50936
2.38446
12.1737
0.950947
8.3822
15.8762
11.2462
17.1994
4.47724
3.48618
24.7406
0
4.65557
6.01984
7.55376
0
25.3299
9.65235
6.54967
8.18281
7.39329
10.3803
11.6735
18.2788
16.3059
5.37501
7.74534
8.94568
23.0181
9.42646
6.53959
13.4493
28.0977
0.153481
8.46109
5.60462
30.3216
4.44105
1.44246
18.0783
8.4833
21.8341
13.0566
26.6077
16.7053
12.0833
23.6032
16.9282
21.3024
6.02418
4.35907
14.9067
30.0287
46.6235
11.6153
0.46547
3.65276
31.1471
11.5295
43.4291
1.11034
0.601813
20.4161
0.786409
11.8495
7.38216
0.137406
12.3034
0.862719
13.4127
12.4754
10.641
0
6.46229
4.70334
17.0311
5.22881
14.8575
2.75658
7.98019
8.96537e-05
3.43279
17.6592
6.50369
7.30305
12.6808
3.14059
10.2119
2.13347
14.3453
2.37418
1.49349
12.9745
11.1766
2.60393
18.5721
7.83883
7.35237
0
6.12411
0.358756
6.74339
0.762868
3.90987
7.3859
1.3461
1.94566
14.4068
1.04876
6.78129
1.835
6.84977
1.10298
1.47526
10.3824
0.833872
0.327904
0
0
0.0011192
7.26318
8.08649
27.6988
11.4138
10.7561
15.1106
15.4285
0.988736
3.08364
1.48741
12.4246
7.5264
1.31073
8.89821
10.8332
0.226757
4.77829
0.446098
4.73176
7.16698
0.755326
1.90223
0.00392242
1.73743
25.8172
0
0.1383
1.71707e-06
0.00627712
0
5.55449
7.83585
9.65461
0.00318688
2.34296
9.66436
11.4082
6.92129
8.39722
6.11531
6.90883
5.42733
4.50528
31.1486
10.2822
0.00129511
9.57429
15.664
15.2189
10.9203
0.00698563
7.65344
12.6093
15.7721
3.36683
5.82047
3.95938
95.7989
10.4911
16.011
12.4392
97.5591
8.89437
5.35021
2.99797
5.81848
6.98117
9.44319
4.20253
41.2399
3.53532
5.59927
5.63617
2.655
7.5573
17.6191
6.27932
8.47219
0.888607
3.05291e-07
15.78
11.604
0.798976
0
6.33766e-05
0.0417668
13.1554
1.0775
0.847528
6.01018e-06
0.00324062
1.15386
1.60357e-06
0
11.2741
0
3.21216
4.50822
0
0
5.45994
1.64359
13.3771
0
1.10746
0.61077
0.00029146
1.89499
0
0.976133
0.374257
1.26448
10.0621
4.99893
0.00831386
0.108423
0.562256
2.72228e-08
0
0
0
12.1827
3.6478
11.7178
0.435482
8.54874
0.219834
16.1649
3.32585
9.89464
6.95578
4.81286
4.44195
11.6664
1.85458
0.293636
2.42205
6.40981
6.50966
1.41866
2.30703
20.083
45.4903
28.9943
20.8143
9.58783
0.133082
3.90128
0.00188839
1.47307
11.3649
11.486
2.89141
6.04464
5.9037
5.9521
27.2044
0.240358
10.2351
14.5229
12.4914
25.0113
16.5934
11.9979
16.9412
16.4904
5.89341
18.0864
11.4547
17.6348
13.7031
10.0681
11.1862
1.6034
23.5335
9.97891
1.90381
0
0
2.45073
7.38479
1.63508
0.0188455
1.19481
20.6593
24.8876
5.20915
4.00915
6.12895
4.50237
13.9789
4.13548
2.40455
0.00661655
0.00576045
4.74571
4.53908
15.864
5.32665
37.1982
11.7747
7.71217
12.3143
0
0.121886
2.60207
8.06727
13.1554
3.62202
4.73027
0.942602
13.248
5.49626
2.10342
10.7989
0.67358
5.65665
0.191757
36.2872
38.2631
7.47288
0
12.1514
24.8686
0
0.0150651
0.00072197
0
0
0.916656
19.5668
0.608229
3.93973
0
0.00043399
0.768943
7.58357
1.03419
10.2477
2.26631
1.78875
11.0633
0.274349
7.13234e-07
0
4.63268
0.138348
1.58142
0.171802
0.00779089
0.00678924
4.27185e-06
1.52138e-05
0.109412
1.39302
1.12939
3.03495
4.23606
2.64663
0.196982
0.275614
0
13.4225
4.59475
8.13563
29.391
7.27838
1.66365
8.90251
12.9815
10.1549
5.55252
11.4528
0.202513
0.0554289
5.86978
0.857767
12.3746
4.54734
3.91932
7.06598
3.77883
6.32187
2.03576
6.71932
11.1192
0
0
0.00181126
0
5.01926e-06
0
0.414369
4.48754
0.0333139
0.0119906
0
6.81713
3.66775e-06
3.18352
0
5.01631
0
21.6123
10.0148
4.92902
5.56769
24.6284
17.5589
21.0229
0.619353
8.58799
16.2655
12.7971
1.43157
12.9268
31.0295
0.630001
1.76713
13.2315
0.306322
40.4122
18.4354
16.1942
25.7859
17.7758
5.95952
13.736
0
3.51968
0.265292
9.60435
0.77549
0.0107538
20.3521
23.6191
0
10.097
8.14992
16.3831
12.0427
1.53345
8.10276
10.777
58.3015
13.0651
16.5631
17.06
3.95337
7.93315
7.95154
4.84306
2.45754
0.0949393
7.63162
0.546292
2.79611
2.93304
0.0318429
0.854983
2.13291
0.860072
0.820039
1.62334
0.0741142
0
0.416523
0.00614687
6.49462
0.011697
1.3506
0.943816
0.00403959
0
6.19514e-07
0.010902
1.29438
0.805854
0.66901
0.19704
0.787154
0.0423729
0.82758
1.39551
0.206876
3.33929
7.42035
1.40115
11.5658
5.10926
1.63146
2.38721
0.208034
0
1.3091
0
11.8087
0
0.470507
6.15552
9.00637
0.379565
1.28209
25.0846
14.5419
16.0688
4.12748
7.16451
30.6029
1.09717
18.2743
16.744
0.40123
0.672983
7.03731
0
0.136681
13.2126
0
2.07243
1.45323e-07
29.8315
0.00283935
0
0
3.64148e-07
13.3776
0
0.170638
0.0153852
0.630769
13.6196
60.9435
28.8794
35.0341
1.47405
34.93
17.7887
3.17684
14.7337
5.83161
15.7856
2.70947
7.01311e-08
0.20112
29.719
0.00876528
0.0066364
0.0633402
0.00029123
0.621932
0.135811
24.1653
0.200947
1.50742
10.8802
0.155609
0
0
0
6.71966
22.7418
0.797073
0.0861927
0
0
0
0
11.6497
0
0.312957
6.27948
0.126238
0
2.36719
0.131994
0
0
12.1573
3.09737
0
0.101853
0.709705
0
23.5979
0
0
0.000498828
7.6644
0.00178895
0.000175719
0.000422137
0.475343
0.0246685
1.80602
1.2955e-08
0.348469
9.71207e-05
0
21.281
0
0
17.0644
0
0
0.000764529
0
0
0
0
0
0
0.052583
0.951598
0.0143162
0
11.6751
9.78744e-08
0.0269846
0.604003
0.0639989
9.00468e-05
0.0295424
3.36402
0.00599379
0
0.00752493
0
7.63551
25.0395
8.15867
3.63793
1.04461
0
0.860307
10.7421
6.23236
1.74232
1.31998
1.56371
0.942261
22.8767
1.90645
0
3.99142e-06
2.1325
0
0
0.0928009
0
1.48886
1.85912
3.38311
0.74878
5.34706
2.06641e-05
9.25111
0.957876
1.16983
5.22893
0.0706071
2.69943
9.3422
3.77259
5.50999
7.3895
16.7146
0.8148
0.762673
2.45151
0.939169
72.8544
0.419826
0.0115551
6.90303
0.931153
0.000147993
2.18358
20.8526
0
2.37423
14.3003
0
3.4202e-07
2.31194
2.01519
0.786546
0
0
1.76737
0.973454
4.37339
0.61671
2.19588
0.62166
12.988
7.24599
0
0.843536
1.0688
0.0052773
1.06346
29.2193
8.26158
1.5232
0.106975
3.97539
10.155
8.68326
10.1617
0
26.5248
11.918
13.1254
12.0466
0.124903
0.135429
9.36183
0.446145
13.5237
1.92202
0.0893712
12.342
0.284623
1.26362
0.371631
0.00331318
16.1733
0.170325
0.0794733
21.1666
26.0851
0.0591091
16.6298
7.10366
16.1681
4.30431
1.5371
13.73
24.1197
0.835636
1.05583
19.6445
10.4375
0.554005
7.0138
38.4302
17.8958
16.1252
23.3221
20.8088
17.0824
19.9473
16.2272
0.897713
14.2748
0.862546
2.17266
12.6656
5.95508
5.61043
0.563843
0.96764
1.08993
6.6726e-05
1.40631e-08
0.0421785
0.785818
0.472127
0.000165373
1.65359
2.33959
0
0.303424
4.14224
0
1.86166
0.000575322
0
9.05306
21.4976
0.837235
8.56738e-07
0.851631
10.8831
0
3.75949
12.9261
10.6134
16.1536
5.09415
20.3995
0.83687
1.63853
3.278e-07
0.0236153
16.916
0.401519
0.881253
14.8727
0.671946
0.501658
22.9456
2.7366
0.0500399
0
0.0496898
17.0519
0.36139
0
9.57062
1.56721
3.41942
32.577
15.8174
9.24957
18.1469
5.46302
4.21319
2.22016
4.63435
3.59691
6.6138
4.99084
6.51447
1.89141
2.94676
22.6188
0.661426
11.9404
12.3278
1.76333
16.5167
14.1919
16.4245
9.49282
0
0.0186888
0.000313254
0.317008
0.353957
0
0.173604
0.695511
3.1443e-05
0.0251347
0.531609
0
7.91309
9.62391
0
43.6337
6.56574
2.42857
8.3894
7.03858
7.97886
1.485
33.412
6.90563
2.97368
7.67355
2.56246
9.1589
2.42587
9.76177
3.36574
4.43983
12.0129
38.3891
5.83554
9.90076
2.61005
10.6457
1.82434
1.00562
0.651738
0
1.65691
1.18507e-05
10.3093
0.431935
14.6645
4.39349e-08
0
22.9689
12.9125
10.2349
5.97597
8.30397
3.14405
0
0
1.20417e-05
7.75809e-06
0.131368
11.9995
0
0
0.0205724
42.4051
16.5208
9.97149
3.50144
2.72299
2.8813
0.181677
0.169728
0.879748
2.14196
0.268334
2.48888
0.00307804
1.70035
0.412552
0
7.68193
0.0180477
0.717386
2.11749
9.27577
1.00744
3.62003
7.9521
5.75546
3.95053
0.645623
0.140166
0.554524
2.59271
6.35095
3.65296
0.816466
0.677294
22.7571
1.30595
0.0159093
19.4121
0.95912
20.2951
0
2.562
13.5999
