1.3761
0.468542
1.77759
0
0.820234
6.07956
0
3.27781
4.27897
1.53037
0.141836
0.118016
2.51039e-07
0.0498712
2.67752
1.53313
0.0931742
0.413317
4.40442
2.59466
0.528247
0
0
0
0.22853
0.299239
0.735766
0.280432
5.60904
1.10751e-06
0.528509
0
0.0422107
0.0865232
0.294661
0.848381
2.32005e-05
2.82192
1.6976
1.47529
0.623214
5.64179
0.211722
5.32673
0.133499
1.59416
0.0212984
0
0
0
0.000668215
1.16454
0.946998
0.821543
1.51869
0
1.97032
0.934235
0.14082
0.0305299
7.63469
2.47397e-08
1.49356
0.0686004
9.10491
0.547192
1.56369
0.339307
0.588706
0.295553
2.62701
2.04638e-07
0
0
0
1.8876
1.64136
0.0104294
0
0.0129829
0.036339
0
0
0.804543
1.06319
0.0364829
0
0.0754557
0.732597
0.149806
2.81993
0.66426
0.498348
0
0
0.0139737
0.789322
0.0420925
0.0577566
2.73208e-05
0.0122996
2.7658
1.23482
0.35524
0.244299
0
0.967188
0.0319103
0.286097
0.270948
1.44684e-07
0.347643
2.72171
0.131873
0.116209
0.00655909
0.0153609
0.0202008
0.795403
0.0389889
1.01085
0.0589442
0.638545
0.235512
0
0
1.14556
0
0
0
0.000249649
0
8.03233e-08
0
0
0.0226848
0.00590417
0
0.0340336
0
0
0.221558
0.299291
0
0.00330465
0.0882611
0
0
0.300373
2.1677
7.77955e-06
0
1.53158e-06
0.00082253
0.662334
4.95567e-06
0.802181
4.56662
4.7909
0.270421
2.06134
2.22374
0
0.0112312
0.208165
0
0
0.24403
0
0.0550364
1.64526
0
0
0.424237
0
0.588517
0.0521771
5.78807e-08
0.00165896
0.938586
0.00228788
1.66394
0
0
1.16685
1.85975
2.87135
0.0965079
4.06857
10.8925
4.30506
7.63196
5.4897
2.05025
0.00373834
0.307302
3.91888
0.110949
0.685964
2.00856
5.68977
4.18958
6.12825
3.5826
2.07899
0.361328
2.42063
0.0016633
8.41067
0.976089
9.32062
6.09187
0.114436
3.09077
13.6102
11.1152
0.00106567
4.43654
4.90102
1.66314
0
2.87017
5.72921
4.30653e-06
6.28598
1.14113
2.61949
1.97974
1.30803
2.02573e-06
0
2.14435
1.75433
3.11303e-07
1.54761
1.56491
0.640847
1.19201
1.8764
0.659886
0.0292593
0
0.0476162
0
0
0
0.139104
0.0055273
0.0645103
0
0.0164419
0
1.10273e-07
0
0
0
0.068996
0.00683751
0
0.000659219
0.00997511
0.0373368
4.18962e-06
0
0
0
0.0779791
0.664195
4.14007e-05
0.212388
0.444535
0.0125697
0.397635
0.0109095
0
0
0.178095
0.0621562
0.788052
0.0470002
1.03389
0.957769
0
0.130516
0.0101665
0
0
0
0.765804
6.68127
0
0.0136965
0.385859
0
5.67667e-07
0.0281418
0
1.16702
1.29326
0.000277619
1.68368e-07
0.913828
0.988095
0.73083
0
2.30205
7.75452e-07
0
0
0
0
0.055457
0
0
0
0.135946
3.87264
1.07233
2.55827
0.0832038
0
0.0239723
0.15064
0
1.6377
0.000719103
3.58604
1.21171e-06
0.0525252
0.12593
0
1.65507
0
0.0476442
0.00586364
0.320071
0.73305
0.22212
0.184347
0
25.9346
3.61964e-08
0.940068
0
8.62629e-07
0
0.00947919
1.8158
0.420942
0.344507
0.000232515
0
0.638014
0.381306
0
0.00238746
0.584895
0
0.00201888
0.000108039
0.272808
0
0
0.00105572
0
0
0.0889605
0.0123987
0.208978
0.0314033
0.052616
0
0.194236
0
0
0
0
0
0.000461418
0.030315
1.63487
0.690657
9.18012e-06
1.41665
1.65287
1.70442
0
6.62205e-06
7.37633e-06
0.208575
0.422958
0.408517
1.34474
0.613899
0.173589
0.494346
2.04413
0.763445
0.739584
10.4098
0.579291
11.5245
0.607745
2.99127
4.4594
0.465688
0.083157
2.16136
0.45404
0.895386
1.06763
0.0501061
0.441825
4.92074
0
0.129871
23.7999
2.5523
0.954458
0.823771
0.912957
0.0204584
0.008365
0.0844278
1.46769
2.3886
3.07943
0.356937
2.2517
1.71706
0.00749976
0
5.33128e-06
1.83886
1.95438
1.42943
2.90033
0.00495708
0.0900913
0.00377164
0.0363212
0.109973
0.886687
2.45505
1.78491
0
0
0
0.16659
0
0.356521
2.34681
3.36341
0.084518
1.11817
0.0076259
3.18955
1.32225
2.5053
1.8813
0.0594691
6.47653e-09
0.981468
0
0.198131
0.266665
1.71003
0.408388
0.811238
0.765199
0.725183
0.0773661
0.10876
0
0.0102096
0
0.0159335
0.704313
1.86701
0.0809647
2.83256
0.20308
0.279715
1.73998
2.48445
0.957101
0.826945
1.96745
0
3.02343
3.58124
12.1418
0.752128
0.199278
0.00210739
0.0913181
0.926029
0
0.0011569
0.000781172
0.801544
5.07109
0.141822
2.49102
3.0611
1.0277
0.0262496
6.0787
0
0.442399
0.0171849
0.281781
0.0806789
0.583225
7.61145
0.885209
3.51349
0.0169003
4.77589
1.0516
0.106157
0.331898
0.979583
0
0
0.61978
0.000446842
0
0
0.00487344
0.0391449
2.25265
0
0.100017
0.482731
0.674427
0.498714
0.0094096
0.919201
0.382169
0.184654
0
0
3.9429
0
0
0
0.137102
0.241008
0.989568
0.673037
1.92153
0
3.62285
0.80692
1.70712
1.93551
1.35165
2.01782
8.50832
2.73819
0.187252
0.0860243
2.39712
0
0
2.824
0
0.226185
0.0206665
0.00302348
0.963062
0
1.14687
0.0757276
0
0
1.17226
1.88642
0
0
0.0740366
0
0.640769
1.56161e-06
1.04187
0.721218
0.185314
0.980594
2.09718
0.0518487
0
4.13147
0.758794
5.63723
0.293584
9.76271
0.000101117
0
7.82033
3.75567
2.47644
2.99301
0.0408639
2.4095
1.79694
0.0290155
0
0
0.152529
0
0.0427785
4.05514
0.68966
0.533508
9.94425e-05
6.85016e-05
0
0
0.036529
0
0.389083
6.08368e-09
1.56392
2.21618
0.798596
0.617404
0
0.00087943
0.026198
0
0.983628
0
0.0131508
5.13729
3.35278e-07
6.07476
0.285491
0.0129238
4.31922e-07
2.56789
0.23574
0.101815
1.45646
0.00609157
0
2.19371e-07
0.504117
1.88379
2.81399
0
2.57723
0.0396462
2.43385
2.21595
0.292789
2.20736
1.81238e-07
0.00294683
0
0
0
0
0.0601698
0.724209
4.31274
1.72156
6.2848
3.3391
0.950128
0.56615
0.111712
0.396974
6.0916
7.06597
0.00392081
2.01271e-06
0
0.792245
1.33376
0.680545
0
2.01806
1.70379
0.0273254
0.0570591
0.0294045
0.711797
0
0
0.267041
2.14517
0.908929
2.84117
2.33763
0
0
0
0.902939
0.951372
0
0
0
0
0
3.08081
0.165641
0.582636
0
0
1.0283
0.667803
0.117126
0.587183
0.0100211
5.34506
1.72039
0.173502
3.72348
0.947528
2.95196
3.25732
1.75781
4.54713
2.8965
0.571252
0.0935838
1.75351
0.472067
0
0.0902784
0
2.81885
5.29489
1.04154
3.43429
2.44366
0.64321
4.53618
0
0
0.742703
0.646017
0.428256
0.0175745
0.000186888
0.0555175
5.48812
0.034842
0
0
2.18774e-05
0.838152
3.43976e-05
0.856608
1.47554
0.610745
0
0
0
0.000597064
0.980449
0.00969804
0.278293
0.628841
2.30976
0.000472292
1.26519
0
0.76692
6.43932
0.00033447
2.56929
0.0187666
0.997354
0.0552254
2.24442e-07
0.349437
0
0
0
0.27101
4.90762e-07
0
0
1.9106
0.897809
0.0262976
8.24194
2.27889
0.904481
1.13728
0.282691
0.987864
0.32347
0
2.33007
0.180681
1.15358
0.532951
2.24228
2.64522
0.962
0.322299
0.0477668
6.06625
0.0665434
2.53982
0
0.0901425
0.000102657
3.0053
0.35439
0.0902292
0.586036
0.0156598
7.51751
0
0
0.000328701
0.102039
0
0
0
0
0
0.722193
0.164248
0.541231
0.00215216
1.79498
0.85736
1.43785
2.99509
0.000404617
0.222317
1.1428
0
0.0616423
0.854028
1.58293
1.3151
0.285591
1.31395e-07
2.76321e-05
6.58457e-06
0.927284
1.47065
0.0116568
0.945874
0
0.57718
0.9
0.119485
0
1.58634
0.595443
3.7985e-05
2.71724
5.6986e-07
0
1.6664
0.850739
0
0.003528
0.195727
0
0
0.101344
0.624997
1.95923
0
0.776813
0.786659
0
5.44289
0
0.988988
0
0.0125762
0.00742545
0.285374
4.52422e-05
0
0.796995
0.882646
0.928088
0.389835
7.19053e-07
0
2.32016
0.882086
0.379607
0.186028
0
0.494633
0
0.0624799
0.068315
0.338876
0.895459
0.545403
0.247579
0.591196
1.15526e-05
1.25757
0.496557
0.0020299
0.38162
0.149767
0.0571535
0.000288459
1.47675
0.499125
0.75972
0.997329
0
0.882458
0
0.103218
0
0.00294301
1.84983e-06
8.02293
0
0
4.83902e-05
0.989227
0
5.62539e-07
0.477968
1.94889
0
0.0113126
1.24927
0.0040982
0
0
0
3.55413
0.788745
2.09841
1.31411
0.015794
0
1.96139
0
0
3.49232
4.47408
0.881924
0
2.35973
3.355
0.00415793
1.34366
2.49689
3.79702
0
0
1.80389
0
0.0008011
0.00768269
0.958582
0
0.10224
3.27146
0
0.00736839
0.0678394
0
7.25933
3.20242
0
0
4.63112
1.04644
0.0544077
0.166077
1.96671e-05
0.0481779
0.000589666
0.000218168
0.0336521
0.0688983
0
0.728359
0
0
1.07798
0.868466
0.0205463
0
1.10681e-06
0
5.96506e-05
2.29279e-07
1.32047
0.112174
3.31626
1.98617
0
0
0.038644
0
0.217311
0.0408686
0
0
0
2.7797e-05
0.0170254
0
0
0.95311
0.713022
0
1.48607
0
0
0.0082742
2.5303
6.43347
0.519165
1.50939
0
0
0
0.230095
0
0
5.75237e-05
0
0.291199
0
1.04542
2.79404
5.97477e-05
0
0.0214802
0
0.974701
0
0.381062
1.79832
0
2.6985
0.126703
1.88688
0
3.5022
2.04661
1.1974
1.81884
0.314
0.673346
9.33199
0.609508
0.88488
0
0.0227666
0.0260376
0.517644
0.228702
0.248984
0.963605
0
0
2.31346
4.97348
3.43131
17.5083
0
4.71816
0.026147
0.000203
59.635
1.88358
9.6112e-05
0
0.0736126
1.87138
0.939028
0
2.44367
3.3382
0.0012447
0.218996
0.0166273
0
1.70127
1.64017e-05
1.70135
2.16223e-07
0
0.894531
1.70449
0.000456665
3.5569
0.149883
2.56775
2.74821
4.77796e-07
0
0
4.17245e-06
0.221324
1.84831
1.54459
3.22573
2.32556
1.56436
1.49053
0.241215
0.305926
3.04452
2.72996
3.03088
0.0440084
0.765895
0
0
9.46077e-09
0.00990763
1.68087e-05
0.501369
0
0
0.959477
0
0.0917905
0.0296326
0.0928705
1.6505
2.45865
0.0798978
3.48105
1.68985
0.0489677
0.00732468
0.0388496
1.86192
4.07708
0
0.0386762
0
0.11115
0.494967
0.352726
4.40669
4.25723e-05
0.00144678
0
0.145693
4.17752
0.187111
0.0789358
1.11775
0.134369
0
0
0
0.644139
1.24385
0.02962
2.38643
1.21776e-07
2.6042
0.154731
0.102271
0
0
0.422951
1.0745
4.74118
1.22555
0
0
1.16946e-07
4.18096
0.783267
0
0.697659
0.900864
3.1179
0
1.59358
0.0710714
0.0576069
1.2263
0
0
0.00255325
0
0
0.16715
0
0
0.0933848
0
0.786612
0.0175586
0.0129187
0.633911
0
0.346209
0.0894832
0
2.93975
0
0
5.49671e-08
0
0.00279828
2.16553e-06
0.0867482
0
1.08884
0.0239923
4.71058
3.1751
0.0226125
3.37785
0
0
6.97545
1.69356
0
0.383533
1.09866
3.31028
0.383138
0.0016648
0.489498
0.0715721
1.25333
0.918179
0.725102
0.130391
1.58566
0.0104928
0
0.0278238
0.833508
0
0
0.00112796
0
0.00600773
0.752111
0.000484515
0.0332665
0.0201778
0.886599
0.9975
1.62193e-08
0.00247273
0
1.95356e-08
0
0
0
0
1.90549e-07
7.51359
2.08728
0.0657649
1.76903
0.85756
0
0.569683
1.93641
0.00912229
1.06736
3.0071
1.45303
3.34186
3.0792
3.77603
2.8686
0.347513
0.807499
4.74374
7.63085
0.89947
5.95283
0.0192735
3.37949
0.0274077
0
0.4224
0.141901
1.16378e-07
0.0537526
0
0
0
0.00076529
0.25728
0.0175701
0.00554921
0.00871176
4.13978
0.0524552
0.952112
0.011993
0
1.24823e-06
0
0
0.000537316
0.17492
4.88527e-08
0.0444088
0
2.62577
3.21341
0.0553355
0
2.00009
1.01057
0
4.07253e-07
2.36771
0.000481496
0.0887089
0.376749
0.00320126
0.0684433
0
0.730387
1.82931
1.55849
0.0211121
0
8.01568e-08
0
0.0230425
0.0117098
0.0352964
1.88471
0
0.715968
0.0826338
0.0336935
0
0
3.11852
0
0
5.36057e-07
1.82231
2.98642
0.0307366
3.56473
2.14954
0
0.290327
4.98987
0.87619
1.73655
0
1.25595
0
1.89713
2.34385
0.174184
1.19952
0.103813
0.00241693
0
0
0.858675
0
0
0
0.00157911
0.00832161
0
0.0941879
0.000666816
3.12554
0.060075
0.568446
3.703e-05
0
0.0628012
0
0.00898578
0
1.46728
0.804404
1.16849
2.00612
3.50372
0.044532
0
2.69789
4.16607
0
0.000329267
1.79479e-06
7.85421e-06
0
0.168456
0.697068
0.552705
3.37206
0.0297677
8.96008
1.94504
1.32852
0.112937
6.20198e-05
3.00846e-06
6.97944e-05
0.0489124
2.34151e-06
0.0216364
0.752117
0
0
0
0.386268
0.702703
0.073618
0.221791
6.74945e-06
0.0294617
0.00717856
1.91467
0.033982
2.4974
5.32912e-06
1.43078
1.92345
0.145348
2.05839
1.79491
0.0554546
1.79609
6.36066
8.84678
0.737278
5.31963
1.26321
6.51847
4.26792
0.248899
0.000145585
2.41354
1.86873
0.0356562
1.74526
2.03858
0.887137
0.736842
1.05621
1.07324
0.895949
1.1276
0.000718963
0
0
0.000307707
0.0299079
0.0348612
0.000829971
0
2.32326
0.410153
0.000503876
0.0106742
0.022594
0.00339706
1.10617
0.00549887
0.0901948
1.57892
6.91077
0.169734
0.997213
0.807028
0
0
1.25674
1.86571
3.9561
1.27844
0
0
0.636956
1.1025
0
0
0
5.64082e-06
0.719298
0.000527947
0.000568502
0.000430204
0
0.00017625
0.162773
0
0.925777
0.00315012
5.98132
0.00891398
0
0.941699
0
0
0.529084
0.663525
0.000569947
0.400967
4.33664
0.0607414
0
3.3753
0.00186956
0.00265052
0.0421633
0.0550315
0
0
7.28257e-07
0
0.00082638
0.0334629
0.990349
0
0
0
0.345352
0.130514
0
0
0
0.00633332
0.093535
0
4.90345
0
5.46025
0.0399326
0.0329997
1.1395
0
0.231696
0.742944
0.218554
2.85556e-05
0
0.517647
0.0427493
0
0.748943
1.84129
0.0299509
0
0.00108153
0
0.0757792
0
0.0177908
0.000408521
0
0.19126
1.77081
1.01597
0
6.59067e-08
0.214563
0
0
0
0.0972957
0
0
0.912273
0.0731806
3.83406e-07
0
1.65119
0.00131168
0.0721171
0.899046
0.0282623
1.57398e-07
0
0
2.89101e-06
0
0
0.00367901
0
0.0487378
0
0.00506551
7.36159e-05
0
2.41267e-07
1.05014e-05
0
0
0
2.33181
0.00123025
0.15756
0
0.0456418
1.30991
0
0.618101
0.0051376
0
0
0
0
3.28193e-07
0.000111919
0.741313
0
3.0645e-07
2.19517
3.00905e-06
0
1.60913
0
0
3.60216e-07
0
0.975011
0
0
0
0
0
0
0.00482453
0
6.90512e-05
0.0233518
1.72995
0
0
0.281574
0.700632
0.896792
0
0.0402746
0.000340694
2.53987
3.33544e-06
0.378184
0
0.385308
0
0.00141177
0
0
0.00103525
2.53568
0
1.11158
3.3261
3.02615
2.06062
0
0.652116
3.83389e-08
0.980902
0.0395648
0
0.620406
0.0594047
0.0509856
3.21644e-05
1.0207e-06
0
1.32878e-06
0
4.09736
0.0292625
0
0
2.4942
0.998669
0.0174988
0.982038
0.768174
1.79361
0.0549199
2.68109
0.000127818
4.74075e-06
1.40647
0.00796658
2.37888
4.29193
1.77111
2.39461
1.10722e-06
0.974673
0.43482
0.907732
3.69652
1.69752
2.81239
0.0737882
0.889538
0.00442849
3.55806
0.212515
0.922755
0.8533
0
0
0.301157
1.56693
2.5454
0
1.01921
0
0.501983
0.0546466
1.53964
1.37835
0.319239
0.518381
0.934956
2.11792
4.13631
0.150602
0.179685
0
0
0
0
0
0
0.207191
0.966463
4.63852e-07
0.0465554
0
0
0
0.957259
0
1.69485e-05
0.518929
0.00518094
0.0379251
0
0.980919
0.00669325
0
2.25988e-05
0
0
0
0
0.00244843
0.122572
0.115526
0
0
0
0.0122466
0.721602
1.91587
0.868137
0.0626522
0
0
0
2.43492
0
0
0
0
0
0.155921
0
0
0
0
0
0
0
0
0.0222914
0
0
2.13837
0.434925
0.000871177
6.91843e-05
1.36918e-06
0
0.608391
0.68722
0.00883701
0.686217
2.78225
6.134
6.86554
8.38723
12.892
9.01929
8.71866
1.75092
4.50137
0.38329
0
0
1.72623
1.98621
2.21345
1.58997
1.41186
0.480207
0.974856
0.474608
1.76317
2.52805
0.135752
2.27783
0.640737
2.33113
2.60269
2.88869
1.04817e-07
3.22303
0
2.32734
7.94315
11.7059
2.4667
0
0.907196
1.80527
0.810698
0.0374347
0.961203
0.340905
0.0044983
0.418298
1.8707
0.732962
2.46695
0.684477
3.28431
1.27246
1.16895
2.67173
0.0489
1.40934
2.02819
0.705081
0
1.03741
1.20509
0.0583206
0.400391
0
0
0.205309
1.12054
0
0.00183258
0.597955
3.48722e-06
0
0
0
0
0
0.194447
0.601901
0
0
1.44857
0
0
0.766685
0
0.695807
0
0.617354
0.0134782
0.00361049
0.335343
0.177246
0.0020478
0.359486
0.0180753
0
0.72195
0.685338
0.903147
5.94121
1.02921
2.18696
0.0379667
0
1.66495
0.316068
1.28389
1.24155
3.50495
2.09972
0
0.0540912
0.000184175
0.0244922
0
0.787298
0
0.00144965
3.3925e-08
0
0
2.33767
1.00124
0
0.00177115
0
0
0.030523
0.000425158
0.905087
0
1.09226
0
0.00432513
0.609642
4.76402e-07
0
0.201506
1.2107e-06
0.776344
0
0.00462073
4.43804e-05
5.9712e-06
1.8645e-05
0
0.0421878
9.19524
0
0
0
0
0.0767775
0.135187
0
2.90571e-06
4.57882
4.11712
0
2.42958
0
0.171382
0
0
0
0.00141953
2.81233e-06
0.283637
1.52836
4.28803
0.0648339
0
0
0
0
4.77545
0.0179592
0
0.540425
3.55684
0
0.706756
0.43583
0.0151457
0.672428
1.99341
1.34402
0.00703801
0.00401148
0.605436
0.040118
0
1.12562
5.42225e-06
4.88665e-05
0.672569
2.78392e-06
0.749743
0
1.36206
0.215129
0.764339
0.222472
1.95255
0
0
0.366736
0.212323
0.461429
0.367198
0.160025
8.15426
0.226031
8.8666e-06
0.000164503
0.172597
0.511584
3.96069e-05
2.246
2.17318
6.23985
3.29365
3.51268e-06
3.16999
3.16635
0.426208
1.34328
0
17.6933
0.0073819
0.0527997
0.0216834
3.04277
0.594111
0.356775
2.98297
2.78212
0
0
0
0.000250853
0.808691
0.000452123
0
0
0.00182809
1.18044
0.264205
0
2.4315
0
0
0
0.161217
0
0.39139
0.00565735
0.197686
0.483237
0
0.190175
0.777674
0.00701304
0.0039218
0.0294807
1.06317
0.000643344
0
3.89591
0
2.98186e-06
4.38345
0.623059
8.01793
0.00884304
0.411356
0.0469107
0
0.000703533
0.17542
0.217359
0
0
0
0
0
1.82754
0
1.61833
0.738307
4.96533
0.574011
2.62739e-07
9.79413e-07
0
0
0.305339
2.35601
2.06036
0
0.125831
0.933004
1.4037
1.54048
0
0
3.24501
0
7.70351e-05
0.00551665
1.06725e-05
0.00357628
8.8703e-06
0
0
0.0260614
0.87893
0.00143667
0
0
0.0333006
0
0
0
0
0
0
6.80219e-05
0
0
0
1.52399e-06
0
1.28617
0.738568
0
1.75051
0
0
0
0.998623
0
0.350697
0.85549
0.435697
2.48431e-06
0.357288
1.02167
0
0.437669
0.00745827
9.08353e-05
0.00650604
0.171214
1.08029
0.762815
1.62079
0
0.347229
2.58569
1.19103
1.90466
2.19845
1.17693
0.0828011
2.53493
0.829539
0.247047
1.27601
0.0180539
0.942137
0.0491683
0.874038
0.0118683
3.56806e-07
0.068392
0.697532
0.911387
0.1642
0.178235
0
0.899906
1.3586e-06
0
0
0
0.00160367
0.208251
1.49628
0
0.000322719
0.0918898
0.0424204
3.47179e-05
0
3.10236e-07
0
2.58149
0.00121823
0.942041
0
7.4265
1.84141
0.188508
3.30754
0.206239
0.0839089
1.80411
0.89802
2.44224
0
1.19936
0.754432
0.00604779
0.588978
0.576744
0.838549
0.636798
0.244321
1.05541
0.815016
4.44765
0.374751
0.395144
0.0214858
0.00510835
2.51749
2.05344
0.043279
0.919963
0.923496
2.70915
2.75503
3.62135
4.21508
2.44079
2.84712
2.90695
7.46023
6.81893
1.8061
2.14658
1.84525
1.74949
0
0
0
0.434768
0.013875
1.67432
0.0647114
0.101465
0.348943
1.93249
1.24637
1.2138
1.45292
0.915594
1.86541
0.974695
0.247452
0.832883
0.0763931
2.29979e-08
0.553434
0
5.94306
0.538564
1.42079
0.980766
0.401316
0.567835
0.191347
0.00106285
0.825926
0.328223
0.65053
2.08845
1.99171
1.20924
0.057364
0.000210913
1.60532
13.253
3.6912
5.67054
0.0856708
0
1.69247
0.5747
0.0617459
0.434598
0.477181
0.573184
0.0121162
1.58815
1.96697
1.08765
0.0254733
0.0524779
0.918763
0.568123
2.8903
0
0
0.0214802
23.4147
6.92394
2.83014
0.231305
16.796
0.0808873
1.88475
0
0.0225352
0.166181
1.24531
0.194762
0
0.493118
1.89235
1.09301
0.59392
0.392116
0
3.0912
0.88133
1.83249
0.0431165
4.50372e-09
0.65503
1.09318
1.22313
0.5897
3.36645
0.992282
3.67049
1.63431
0.856961
1.92121
2.70041
10.8181
2.1785
5.08545
0.914619
1.7311
0.0610637
14.4153
2.20617
5.93064
2.64467
1.66417
3.48271
1.68956
1.2792
0
1.10373
0
0.239367
1.90534
1.0583
1.1347
2.57076
0.150569
1.9868
0.10589
0.55353
0.891324
1.38294
1.04998
0.181349
0.89339
1.02574
1.3828
1.05667
0.153561
3.8975
1.16241
0.0835418
1.18901
0
2.43334
0.586471
5.30009
0.0489772
1.10888
2.87801e-06
1.19076
0
2.99498
2.02386
0.533863
0.0121544
2.18881
1.15716
0
2.88725e-06
0.00302464
0.00108849
0.00513665
1.7427
0.991567
2.00836
0.271762
1.46164
0.12907
0
0
2.44177
0.253159
2.61322
0.0119669
0.875903
0.106396
0
0
1.53985
6.56774e-05
0.0993445
0.472762
1.32747
0.705674
0.598
2.505e-07
1.16205
1.35632
1.47274
0.0565303
0.732125
0.806297
0.0109718
0
0
0.124269
0.479129
0.930512
0.645548
0
0.64181
0.130099
0.0699877
0.419314
2.02214
0.000161063
0.0329159
0.000347863
2.3766e-05
0.826963
0
2.17015
0.327119
0.934596
1.34688
0.153397
1.26865
0.0597443
2.36835
4.66658e-05
5.6665
0.0964383
5.27135
0
0.00183556
0
0
0
2.70453e-06
0.152569
0.108542
0.128504
0
0.682276
0.00575935
0
3.9977e-08
1.1152e-07
0
1.798e-05
0
0
0
0.000494056
0.136703
0
1.05298
0.11071
0
1.82842
3.41309
1.11037e-07
0.669762
0.704647
0.757198
0.650118
0.975832
4.71965e-09
0
0.000909605
0.977201
0.287453
21.5849
0
1.91068e-05
0.0175069
0.650306
0
0.0102272
2.39877
9.05467e-05
0
0
0.00863919
0.861311
0.424528
0
0.00267152
0
0.405339
0
0.154314
0
0
0
0
0
0.0173576
0
0.679363
0
0
0.819108
0.0101895
1.43129
4.71449
1.94872
0.252173
0.000670846
1.54734e-07
5.11628e-05
0
0
5.42652e-06
0.255017
0.145101
0
1.13332e-06
0.50319
2.0117
0.0484186
0.000879418
0.9131
0
1.05478e-06
0.198084
0.0515479
1.00954
2.71511
1.00399
2.41664
0.250621
0
0.792267
2.78848
1.06101
1.90814
0.00704836
2.69021
0.155408
8.97677
0
21.7787
19.2362
0.829295
0
0.0217972
0
0
0
0
0.0178776
0
0.000114063
0.0708949
0.59604
0
0.121131
0.00140877
0.78423
0.517058
0.777534
0.33899
1.19492
0.0563283
0.519502
0
2.20774
1.24922
0.915983
0.0562672
2.85481
0.344582
0.312298
0.000248478
1.58775
0
0.703928
0.601319
1.58504
0.000282504
0.0947169
0.847545
2.7033
1.40214
0.648503
0.734042
0.0407414
0
2.67268e-07
0.00685981
0.328956
0.00127681
0
0.103091
0.139719
0.00747905
0.0061296
0.0202938
0
0.000294922
0.0365543
4.66702
0.10318
1.7673
0.00467126
6.12512
0
2.80501
3.06747
7.45588
1.29959
4.14575
16.3472
0
0.0686622
9.60293e-08
0.53352
0.0823622
0.00823088
0
0.115013
0.63776
0.00141678
2.80251
0.00162748
2.42542
12.1037
0.0657463
1.96945
0
0
0.0231526
0.0653939
0
0
0.196202
0
0
0.97755
1.48683e-07
0
0
0.0129982
0.381029
0
0
0.0203927
0.600607
4.68007
0.929444
1.36396
3.12971
1.46243
0
1.49433e-06
7.30656
0
10.0281
1.16111
0.396609
2.14423
0
0
0.165968
0.0603188
0.936962
0
0
0
0.199648
0.869984
0.0337977
5.61431e-08
0.077092
0.00336431
0.0231115
3.15373e-06
0.0868067
0.85902
8.32321e-06
0
4.48929e-05
0.289504
0.67701
0
0
0
0.000477953
0.297994
0.00434855
0.363759
1.622
0.919815
0.0204568
6.27832
1.85372
4.53429
0.0245318
1.71592
4.55195
0.0280213
0.00125354
0.997079
1.35805
0
2.14346
0
2.68227
0.00558817
1.04821
0
0.000285149
1.26211
0.840037
4.82624
2.21487
0.388901
0.16781
3.10296e-07
1.07509
0.0032705
5.3927
0.809508
0.232755
0.719938
2.8479
0.131225
0.0435975
0
5.54482
4.87956e-08
2.34639
14.9061
0.5571
0
29.4377
15.5036
0.966058
0
0.00870762
1.15463
0.0679274
0
1.53768
0.459195
1.5959
1.94736
1.23082
0.351763
0.605577
0
0.55114
1.561
3.55039
4.68982
0.166116
4.78513
0.00720832
0.112828
3.17525
5.97677
1.37032
1.12605
2.50784
1.03319
1.23297
1.82971
1.12859
1.04717
4.92409
0
2.85924
7.75779
0.522931
3.90944e-05
3.27005
0
7.49508
7.81459
0
0
0
12.0605
1.45748
4.85219
6.40148
0.358061
1.61464
1.14096
0.513807
1.00551
4.78633
1.8659
0.278661
5.20337
4.1977
2.24438
0.804205
2.77485
0.876107
3.10679
1.12396
4.16691
2.49206
0.0874292
4.45776
3.51371
0.676957
0.260345
2.83972
4.40911
5.83172
5.16418
0
1.25445
3.00379
0.510466
0
1.69036
0.612204
0.0928867
3.01154
0.900177
2.14008
0.13121
1.36619e-06
0
0.246301
0
1.62968
0.809789
1.3929
2.84917
0.458389
10.1813
5.27205
1.98136e-06
5.04187
0
2.06189
1.20441
0.974414
1.97577
0.890128
3.4115
3.27113
8.25689
5.54836
2.23787
1.76838
0.377046
0.15039
0.635215
3.12439
0.092496
0.0460329
0.992831
0.250678
0.862984
0.0171025
0.0621924
1.22166
1.03535
0
0.205866
0.200201
3.64487
0.92509
1.30668
0
0.605141
0.27342
0.287333
0.0237854
0.0530266
0.458508
0.00111566
1.27428
1.42093
0.095632
2.16411
4.88239
0.127001
4.47452
0.579425
7.31666e-09
2.36453
0
0
0
0.231513
0
0.0215043
0.133817
1.10533
1.05791e-07
0.484152
0.0772821
2.58859
0.291916
0.587092
0.613905
1.17612
0.727227
1.22892
0.930065
0
1.03065
2.20667
0
1.45985
3.54885
1.16533
0.00484236
1.02328e-07
0.757022
0.159103
0.762824
0.14594
3.23054
0.292463
1.15849
2.18904
0.34972
0.144781
0.0509167
0.936158
0.748613
0.883943
2.09974
2.06517
0
0.0849243
1.27353
0.898596
1.77866
0.0189319
0
2.41126
2.68333
10.2564
2.86614
1.11461e-05
1.48223
0
2.66336
0.759744
8.56711
0
2.55847
1.8379
0.200043
0.862957
0.858198
0.0409755
0.935588
0
0.045452
0.0207292
0.135494
0.963759
0.00259229
0
0.599322
0.00930963
1.01968
0
0.144572
0.740982
0.825416
1.17863
0.793683
1.8292
2.7597
0
0.0675
0
0.838265
0.000323628
0.0198745
2.97682
1.59269
0.921853
14.864
1.05073
16.5038
1.37603
4.27375
0.767515
0.879923
2.0839
0
0
0
0
0
2.19932
0
2.74935e-05
1.55844
0.979465
1.60234
0.527389
0.306218
0.649371
1.46879
1.34508
2.27616
7.25437e-06
5.65792
1.8481
0
3.73259
3.92401e-05
5.35178
2.09011
0.2926
2.74198
0.165082
0.631943
1.51268
0.0111444
0.869705
0
0.240097
0
0
2.05409
0.171533
0
0.195921
0.97123
0.0629348
0.882375
0.0439751
0.0173072
0.262617
0.851576
0.624824
1.55222
0.00166724
0.00310032
0.662307
0.00208389
0.692571
0.359483
0
0.000266276
3.13076e-05
0.82912
0.801458
0.452358
0.142465
5.51253
0.00367963
1.6272
0.854537
14.7551
3.61614
0.0984714
1.46769e-05
0.4922
0.240628
0.138895
0.684189
1.01223
2.11086
1.44658
0.214021
0.64788
0.841282
17.7575
1.92155
5.00268
0.383904
0.00453264
0.411081
3.90998
9.73112e-06
0
0.0352981
0
1.64511
0
0.588649
7.34096e-05
1.87572e-05
1.2378
0.515412
0.955997
0.808301
0.0239363
0.000100695
0.635856
0
0
1.63828
0
1.65744
0
0.575775
1.16564
0
0.0504146
0
0
0
0.17389
0.0672125
0.354979
0
0
0
0
0
0
0
0.461358
0.581877
1.15593
0.0339506
2.02484
0.121524
0.684514
1.30558
2.90347
2.94875
0.480637
3.82865
4.56482
0.0453858
0.00962204
0.370187
1.7978
1.42649
1.90564
0.290616
9.87978
1.50964
2.93429
1.85798
4.04689
0.428102
1.31554
0
0.118523
2.15467
1.50408
0
0.00012397
1.19873
1.46143
2.39853
0
0
0.0703976
0.666723
1.65864
0
0.700489
2.35423
0
0
0
0.928791
2.28115
0.635293
0.0124219
1.95779
0
1.57937
0
1.56273
0
0
0.549821
0
0.00413244
0
0.128042
6.09735
1.72572
0.0149746
0
0.0195681
3.18758
4.41726
2.00639
1.04233
0.00842054
0
0.0442951
1.03078
0
0.0863403
1.5396
0.0880926
0.0500552
0.115869
0
0
0.000648491
1.78867
0.052708
0.308139
0.581359
0
3.23418
0.246102
0.527091
0.00015141
0.153892
4.43129e-07
0.0201059
1.77606
0.468808
0.00804384
0.000339089
1.54756
0.345757
0
0
2.18228e-05
0.00030434
1.84449e-06
0
1.96537
0
0
0.182286
0.100145
0.940535
4.1494
0.430931
6.16762
15.5759
0
3.57253
0.00457887
0
0.0265193
0.293449
9.69425
0.124922
0
0
0.0577094
0.000288394
8.95935e-06
0.000364313
0.548973
0.472189
0.425812
1.50052
0.924684
0.688824
5.43326
0
1.14275
0.00814085
0.895619
0.954389
0.880594
0.06638
1.1532
0.277654
0.591872
4.85811
3.68804
0.993033
0.721813
0.868368
0.155458
3.13689
2.097
1.14919
0.48115
1.63422
3.34662
0.363283
4.25513
4.03651
0
0
0.00269731
0
0
0
2.06896e-06
0
0.00216273
0.013765
0.793541
0.985768
0.462724
3.57834e-06
0.0293603
0.810709
0
1.59608
1.98136
0.621478
4.04919
2.04299
6.08478
2.64039
0
0.0264413
3.30091e-06
0
0.0963736
2.26597
2.18596
0.594146
0.118513
2.93566
0.000795008
2.05887
2.53309
1.34155
1.81722
1.99184
0.0131018
3.85256
0
0.82495
0
0.58271
5.5617e-06
0.639608
1.66467
0
0
7.29104
0.000139896
2.03507
1.44993
0
0.895861
5.69862
0.000262958
5.44047
1.80927
4.64626
0
8.6211e-05
0.814464
0.0826531
1.51707
0
1.54855
0.195772
0.796475
0.666927
3.60478
0.281579
0.0211541
0.974701
0.0966489
0.571745
0.0460045
1.90526
0.022063
0.000614774
0
1.41384
1.1905
0.940233
0.983064
1.0838
1.57053
0.0401802
0.330078
0.532341
0.00840603
0
0
0.227396
0.56358
0.801892
0
0.818149
4.98987
0.0132695
5.1952
3.99318
0.0319113
1.87066
2.02865
0
0
0.968119
0.783429
0.0224262
0.544799
3.20993
1.47464
0.00612202
0.0285837
1.36867
4.82074
3.14449
0.652594
1.98082
0.759982
0
0.777182
5.00798
0.0121603
0.356648
1.37998
0.0488888
0.0692164
4.85496
9.15537e-09
0.273006
5.15502e-07
7.70005e-05
0.797773
0
0
0
0.0573017
0.665935
0.180078
0
0
0.677918
1.91073
0.963289
0.044326
0.753055
2.6622
2.19678
0.682742
1.42136
3.53334
0.307686
0.0570888
0
0
1.33632
0.0161392
5.11241e-07
0.935733
0.0282461
0
0
2.49352
0
1.02187
2.15479
2.08057
0.0476011
2.21777e-05
0
2.55717
0.490981
0.142551
0
0
0
0
0.000223321
3.80451
0.0390974
0.000279652
2.21017
0.736399
0
4.84884e-06
0
0
0
1.73911
4.94323
0
0
0
0.0221248
5.29696e-07
0.00319776
0.00116082
0.0110011
0.807863
0.0104907
0.00456069
0
0.000117743
3.51787e-06
0.58037
1.59995e-07
0.0362086
0
6.12979e-05
0.0218932
0.918362
0.0743081
0.086098
0
0
4.83884e-05
0.841169
0.142315
0
0.0160518
1.29566
0.303443
0
0.00484635
0.00373437
0.0649577
2.19928
0.239533
0.635768
0.716554
0
0.00894858
1.79603
2.65849
0
0.00344826
0
0
1.25345e-08
0.0156967
0.0821014
0.0527588
0.270151
0
0.750445
2.00135
5.12434
0.0323649
0
0.723797
0.915334
0.424737
0.0271418
4.48247e-05
0.01835
0.280722
0.955997
0
0.00131598
0
0
1.23565
0.240775
0.252865
0.885367
0.951258
2.30617
0.233761
0.140558
1.64369e-06
0
1.57025
4.67928
0.0667837
0.00373109
0.898824
1.62315
0
3.27857e-05
0
0.98186
2.51185
0.269849
0
0.502775
0.229987
0.0532604
0.0297366
0.283078
0
0.834775
1.18604
0
0
0.97259
5.88054e-06
0
0.0559403
0.627734
0
0.00165843
0.202555
0.10121
0.891551
0
0.0235004
6.28787
9.46276e-07
0
0.371809
0
0.759849
1.44937
0.0814544
0.0399497
0
0.910368
2.00154
2.96812
1.40018
0
1.44909
2.33551
0.220851
5.50338
0.0275036
0.00113841
2.41652
0
6.9799
0
5.24997
1.22474
0.750824
0.00859017
1.76898
0.15815
0.0863192
0
0
1.62212
2.28291
0
2.58561
0.488418
0.70058
0.761931
0.362647
1.56931
2.37667
0.0249581
1.14896
4.83444
1.55325
0.000770203
3.30122
4.18368
0.0765506
0.0382925
0.334738
3.0031
0.325608
2.59944
0.118307
0.570002
0.476491
0.000349981
0.563851
0.144078
0.26892
1.99097
0.253338
0.829133
0.00175628
0.00102875
0.0184424
1.71383
1.01892
0.945916
0
0.14138
1.88886
0.186707
0.0280754
0
0
8.98537e-07
0.906122
0.779045
3.23956
0.231499
0.0576188
0.800515
0
0.42215
0
0.647567
10.0099
0.0314603
0.789505
1.5661
1.47829
0.001033
0.00688262
0
0.307502
8.00305
0.00018697
0.312856
0.315065
0.049142
0
5.17077
1.67044
2.73649e-05
0.000367695
0.443006
0.929429
0.373267
1.28151
2.71068
0.293645
0.0502071
0.756343
3.2607
2.97137
2.68333
0.033942
2.61117
16.5485
14.9226
10.0653
8.89565
12.4686
1.15506
0.854892
0
0.951538
5.70313e-06
0.531444
0.0863837
0.334186
0.530018
2.89779
0.596353
0
0
0.000216676
0.000275174
0
0.935971
0.096241
1.41047e-05
0.00985837
0
0.00161338
0.00540375
0
6.65784
6.13411
0
0.0159731
8.22812
1.8785
5.81222e-05
0.919225
1.68095
0
0.649707
0
0.0126429
0.0107022
0.073375
1.44214
0.847724
0.356489
0.938724
3.01006
1.10796
1.61687
16.8635
0.498741
2.92248
3.87815
1.97862
0.0708288
0.602178
0.985702
5.9738e-07
0.000512199
0
1.42941
1.15952
0.00212969
3.40519e-08
1.03005
0.0204755
5.64205
1.63305
1.17126
0.913321
0
0.000206293
0
0.825484
0
2.26713
0
0.0971469
2.6279e-06
2.8366
4.75717
0.849057
0.158777
0.293684
0.0234128
0.00545894
0
2.79968
0.172163
0.0231241
0.970733
0.224707
1.54236
0.00180587
0
1.84946
0
0.699678
1.21519
0.746847
0.188119
0.0292413
0.0278986
0.489485
1.55759
0.0557191
0.00230229
0
0.267797
0.755234
0
0.0629623
0
1.81204
0.434479
0.0254937
0
0.18776
8.11766
0
3.68731e-06
2.51946
