0.709106
1.7396
0.883179
0.97466
3.39531
7.60513
0
6.64406
0.324626
4.59402
16.3715
0.0202278
0.62832
0.643798
6.03577
0.978683
6.46512
9.17263
20.0567
10.6857
6.16963
0.04774
0.0172994
0.00266759
2.07401
3.20488
3.45507
7.34191
28.2625
0.037569
2.14616
3.75495
1.20424
1.39226
2.05529
0
1.62192
7.29541
16.1168
10.3353
7.81794
9.61409
1.19596
12.7982
1.02165
4.43638
1.74857
0
0.0569461
0
1.14331
0
17.7838
1.58254
1.68727
1.90776
11.6707
1.32894
0.262468
0.49914
3.31123
0.000390138
5.17023
2.22028
2.93704
0
2.16167
0.613097
1.50355
0.00780395
17.6733
0
0
0
0.218917
0.981533
2.91593
0.555533
1.62017e-07
0.576398
1.00142
1.99837
0
0.0380958
24.1359
2.40949
5.27163
11.7872
11.3591
10.5932
16.6052
21.4704
1.8077
6.84577
6.43302
11.1888
16.6324
14.5221
1.87165
1.13006
5.80186
5.6934
8.9326
12.2991
13.4877
4.97038
12.3712
7.1649
5.71817
11.6801
19.6843
6.97305
14.5743
18.8183
19.2194
14.5506
5.28723
2.13778
0.359424
1.07752
4.33159
1.31933
0.881282
1.70001
0.00321595
0.873633
3.24518
0.0528406
0
0
8.07563
0.0488231
0
22.9703
0.298875
12.1333
18.2713
2.47271
0.455005
5.4181
0.132279
1.1038
0.811694
2.04417
1.83388
0.0164304
8.15128e-08
0.375356
20.182
52.6424
0.138062
0.304702
0.0173566
0.185148
8.93357
0.0653537
6.35752
1.86993
4.06736
2.06006
8.47633
9.18563
16.0276
23.3376
0
2.56805
7.42675
5.78263
14.8544
2.23512
28.1211
2.26056
2.18381
0.872181
4.7757
0.116736
0.571295
1.00893
7.99059e-07
0
0
16.791
0.000331225
0
9.63734
7.73719
9.41132
3.65536
10.8185
13.0862
21.1387
16.7399
10.1104
5.91827
3.32169
0
11.5222
7.84336
11.9783
10.3795
26.1001
66.0918
10.3159
26.1293
23.3734
2.8491
15.6619
5.30507
44.27
8.53184
26.0166
22.801
3.00208
19.3472
14.2373
19.9418
2.9185
16.9108
7.53995
1.73062
9.78187
1.06524
13.9091
3.16769
12.2347
11.5754
17.8845
26.186
34.9316
0.952807
0.882654
3.8007
18.1034
2.43833
3.7399
1.1091
1.34063
1.22472
1.16757
1.94625
2.17666
3.25374
1.05875
1.31713
1.64605
1.71173
0.00112813
4.92042e-05
1.14336
0
0
2.47511
0.107281
0.712888
0
0
0.00625636
0.0360074
0.0169392
1.01247
0.0512329
0.778957
0.118475
0
0
0
0
0
0.00869919
0.937513
3.79346
1.06074e-05
25.4318
0.228485
0.261344
0.04812
0.000107647
0.00564448
2.80472
0.0610923
22.4314
0.120314
1.56138
0.0265095
0.434015
0.058135
0.638968
0
1.39346
1.73511
0.0493081
0.005018
18.4691
0
0.0123591
6.26295e-06
0.383342
12.0097
11.9091
18.3908
9.72511
0.933651
9.63013
11.2454
0.856846
3.33256
1.36481
1.96293
0.176296
1.44405
0.329418
2.01172
4.88665
4.25803
5.70905
5.9366
13.7038
5.97814
12.6513
3.35406
0
0.320143
0.491861
2.45239
6.8043
2.85653
2.13435
0.0509966
1.94184
0.0773538
0.132025
1.21176
0
2.18627
3.5599
2.83161
4.15044
4.06057
2.47971
4.12814
13.0837
2.81654
0.643046
0.168866
0.81284
1.87312
0.00465991
0.732214
0.785443
1.6334
0.586296
0
19.2464
1.37813
0
0
3.57882
8.63022
0.552929
0.167539
1.91774
1.86937
0
2.719
0
0
0
0
5.62613
1.50495
0.219003
0.0573531
4.2444
3.72601
2.64963
2.82086
6.87321e-06
5.43672
8.1677
7.78107
6.82934
7.6933
1.55537
9.30158
7.07603
3.34189
4.44411
10.3411
9.34215
3.73079
13.1499
7.15297
11.8648
6.59308
1.31892
17.572
11.7097
7.42513
3.14672
17.3331
5.34819
15.6608
13.5203
10.1934
7.24299
4.82405
5.00991
12.7558
3.55772
6.8724
3.02087
21.9902
6.11365
11.4171
3.98134
7.81736
29.0236
8.78807
7.6095
2.65977
1.92337
14.4418
27.489
16.6619
20.5228
29.5205
7.38928
24.817
20.9845
14.2659
18.1734
32.3356
38.5566
34.0646
21.9201
6.15196
25.9926
0.521082
21.0347
28.7643
24.3154
12.1076
5.61719
4.72292
9.57182
0.830141
3.52343
0.284438
2.85094
1.73997
14.4538
2.054
12.6855
14.3888
23.3309
5.64169
10.1891
10.1026
6.91568
7.7916
8.26673
1.85495
0.0605109
7.25804e-07
8.60566
2.44284
35.5013
5.98399
1.65862
1.91599
0.398856
2.40469
0.03553
0.00286767
0.853402
0.154561
0.27539
1.75955
1.00464
5.67559
12.7291
3.60416
3.96265
15.8802
5.48747
3.49187
5.80039
13.8218
1.89676
10.4884
8.38173
15.6531
13.0363
3.20912
0.753823
8.28835
1.05939
0
0.00116667
0.0515774
17.9393
31.2023
4.0851
8.52316
15.8455
10.2039
4.97912
5.05599
0
2.22437
9.25066
4.74564
0.0194271
3.51572
4.00745
2.33705
7.42313
4.61614
9.82535
0.325522
6.61406
25.8983
4.49217
0
0
5.50657
0
2.74579
0.779127
0.224767
0.314483
1.90256
1.4679
2.42236
1.21337
0.565655
0.400266
0.0719452
0.000135958
26.7669
0.424623
0
3.5921
2.85492
0.0971262
4.79299
24.8701
19.1316
24.8991
15.4064
11.8172
10.2924
0
19.5705
0.000486572
12.9185
8.3611
3.74224
5.24985
3.09559
1.73089
1.84437
0
11.3069
0
5.05084e-06
7.38257
5.43584e-07
7.29058
14.4733
1.9562
13.5498
1.28164
1.97568
1.90837
5.89574
7.28028
22.43
33.8624
6.94115
2.49486
2.30446
1.47941
10.5602
12.6654
1.25957
2.27531
1.23663
10.7222
3.12974
0.086466
1.2904
2.99042
0
1.22363
3.20069
6.53601
1.54123
0.414907
4.33204
2.47045
4.91879
4.3152
0.10673
1.99478
6.61152
0
0.239019
0.064168
0.472139
0.645467
0
4.96191
12.7468
30.5499
0.0145398
0.0894596
1.50634
8.95696
0.455885
2.50868
5.50008
1.62193
3.30144
2.34478
0.470499
0.981188
16.3432
0.207115
0.00419778
0.12752
0.946049
0.054848
0.0271662
4.37001
0.00958497
6.34019
13.3738
0.496795
0.825659
4.47287
1.97113
10.9168
11.0056
0
0
0
2.37482
18.6894
28.6852
0
12.8621
0
14.5916
27.4543
11.0973
15.4079
0.0464447
2.22773
1.10936
0.0215306
1.09232e-06
0
0.352918
0
10.0789
10.8798
3.3124
3.19004
7.41585
0.413668
21.0596
5.84265
17.4699
16.3524
2.42015e-06
2.67472
0.266605
11.9804
18.1731
0.388727
0.0628214
8.34084
6.74602
0.0023319
4.16277
0.010837
0.712922
6.86869
14.6131
15.5566
12.7738
9.42082
21.3832
11.8236
0.421598
2.20177
0.86988
0
0
0.485991
2.84135e-07
0.568037
0.0413834
0
8.77193
1.56925
2.12183
0.35615
0.954765
4.10048
6.11068
1.3454
5.30176
1.46803
7.29119
1.82456
6.0411
4.32241
15.4974
20.4217
6.09365
6.67678
15.0257
12.231
0
2.08155
6.24672
2.28299
9.52394e-06
10.4495
0.421732
21.0675
62.4745
6.44719
15.0796
19.1671
11.2238
6.06765
0.000165322
0
9.67284
45.5158
2.43548
0.00297219
1.0579
0.140671
15.6411
0.0332011
0.336824
8.73436e-07
0.886987
0
0.529564
7.47891
24.7315
11.2257
1.9585
0
0
0.034487
3.21043
13.7616
0.00271756
2.91259
26.3178
0.52043
12.2975
1.10978
16.515
11.7563
21.4366
11.1841
0.592456
2.89121
2.07535
0.110998
0
0
0
0
0.250574
0
0
0
4.59127
10.941
2.51695
10.8994
2.5715
3.27964
3.51741
1.7764
1.01915
1.35418
0
6.21121
0.688815
3.17904
2.7123
29.8281
1.92885
6.93121
0.999642
0
3.2875
1.84693e-05
12.9284
0
0.348322
0.00805495
12.8657
8.42487
3.40126
17.787
5.11506
10.124
2.49625
0.928016
1.20895
21.3165
1.09614
0.0202428
0.52378
0.908095
0.093829
0.648735
21.4486
1.13301
0.414785
2.37389
12.2203
4.72515
2.41969
4.95548
4.44327
13.5155
0.299907
0.25669
6.72005
10.366
18.0772
9.56605
2.3885
0
0
2.8791
4.54836
13.9697
7.27512
0
9.75751
12.6442
12.7305
0
13.1034
3.47649
0.147136
5.21437
2.25325e-05
1.38229e-05
8.459
0.891611
0
0
2.87095
0
0
0.128934
2.66319
2.37418
0
0.101971
13.6608
0
24.4055
0.0114116
6.93332
0
0.00369423
0.24774
1.75894
12.0579
0
0.78893
4.94582
5.58736
7.91576
18.1489
0.0268216
17.8996
10.2343
1.64981
4.30516
4.3153
9.95944
3.02504
3.51771
16.7924
8.57747
6.40699
5.0173
10.4809
8.13094
9.57153
21.0252
0
10.9023
1.32368
1.18353
8.88163
1.62492
7.22187
3.35571
3.25541
2.12422
1.41324
3.98691
1.58655
0.00118792
0.795281
0.000737191
6.87368e-06
7.33788
6.9449
15.5257
19.1211
0.00486531
0.586954
0.428894
17.2705
18.1705
0
12.6166
2.78918
8.72642
0
0
0
7.36685
1.01443
19.1978
5.83367
0
0
16.642
0
8.04241e-06
6.65969
1.61241
2.20454
0.285801
6.26132
6.77117
4.91417
3.10556
1.18403
4.24808
2.36219e-05
0.149224
2.85816
0.879722
0.103286
5.38868
4.83443
6.01556
45.584
13.9811
0.258459
0.804681
1.44896
1.08779e-06
18.9143
6.18845
3.57399
12.1168
5.28125
19.0097
9.64081
0.0251509
0.355195
3.89807
0.0756257
3.68914
1.01919
2.83203
8.78478e-06
0.00740799
16.6268
0
16.1159
6.59641
1.84347
0.0230198
0.254397
0
0
7.71284
17.8379
0.94314
16.1554
14.9794
1.8352e-08
2.21461
0.268678
0.846614
2.25036
1.66453
3.45087
0.0339945
0
0.657769
1.08597
0
0
15.2821
1.58973
3.40615
4.10275
1.91577
0.00256826
0
6.68453
8.23937
2.24277
0.4557
0.642324
0.953197
0.258509
5.40903
0.0376047
0.000233907
22.2875
2.36769
0.0984189
0.00013428
13.8803
3.32624
0.296321
5.42358
0
8.03849
0
0
0.113809
17.3304
0.0375412
32.2203
0
2.68986
0
10.6738
5.51532
7.49264
6.58865
5.29982
2.21664
28.939
2.71509
0
0
0.00199797
15.4644
15.5677
8.08739
10.25
0.270768
0.295014
0
25.7713
27.3392
21.2246
14.6235
12.0292
6.97884
26.856
9.06614
7.02766
16.6535
3.79087
7.68077
10.9253
12.7374
0.933648
0
20.8691
6.49404
2.14402
3.81342
2.72557
0
2.68985
16.5812
11.2423
3.46704e-05
17.8945
16.1651
19.8122
16.6737
12.9236
5.39801
6.14398
12.7819
21.0486
2.50907
0
1.45602
25.0374
20.2557
9.02472
19.423
31.025
40.7658
35.5143
29.8803
34.4314
32.8346
29.7804
21.3699
5.14231
7.75272
0.627154
1.24842
0.137768
1.49736
3.19461
0.914202
1.3131
0.0713996
3.77135
0.0818298
2.06817
13.2482
9.41411
4.68716
2.24452
5.43132
4.52565
1.2805
5.00832
2.30515
1.84884
15.1142
6.78154
0.000137674
16.4173
20.3799
14.5636
12.874
12.6147
15.4816
0.0426728
0
0.316033
8.36669
13.2421
1.36267
3.52788
8.91682
0
0.726273
0
0
0
28.6049
0.000606115
16.4731
2.61026e-06
36.1363
53.8938
0.0195979
0
0
26.7371
23.8264
16.9289
9.75756
1.92903
0
42.7644
26.4433
7.27185
0
5.54529
34.3422
43.6985
0.0130877
12.9545
27.1463
2.34138
25.342
0
0.0103883
19.565
0
0
0.0185959
0
0
34.6564
0.825797
1.04899
8.10238
15.7329
14.3518
17.8177
4.52322
26.8491
3.58885e-08
13.9567
0
19.0124
32.4338
0
18.4709
17.4567
16.4425
0
2.92076
1.7172
12.4617
8.94819
1.04611
13.2503
0
24.4145
11.9334
10.9334
5.71405
17.636
3.37921
22.8074
30.8519
0.39355
1.34156
0.695649
27.0323
0.53382
19.374
0
0
0
1.0962
24.6348
0.0318878
0.812141
2.83861e-05
27.5145
1.09763
23.5775
23.1831
0.382006
19.1851
1.13104
19.0217
4.94001
32.1727
0.698196
0
0.150224
0
0
0
0
0.0548515
7.50193
4.42996
2.46609
18.8672
13.5465
4.28318
12.424
16.8318
0.0115375
10.6459
10.2947
9.84815
13.7656
15.9588
19.7205
13.0441
1.23559
20.7013
15.3884
15.0192
19.3706
31.7919
2.69952
27.4569
16.6403
8.87884e-07
19.7257
0.112543
0.0119588
18.8824
0
1.22622
0
0.585499
0.000452278
3.54777e-07
0
2.0649
6.74636
3.9164
0.510088
0.0182901
0
0.00160467
0.000996308
0.00707383
0.979002
0.0059139
0
26.7341
1.13346
27.5649
6.43012
0.000202797
1.48714
5.36427
36.6811
0.0029569
0
15.7985
10.2167
17.1921
31.8406
0.00802377
0.0914077
0
0
18.7199
22.6484
0.000208754
1.18734
2.50754
0
11.019
4.25211
13.6431
16.9391
0
2.62169
0.762976
1.12032
3.28067e-05
0
12.0863
0
0
0.43529
14.0805
38.3076
5.40238
5.34709
19.7322
2.31624
7.72673
12.5129
0.494979
9.13368
0.00130394
0.655005
0
0.844843
1.96396
5.12852
5.59876
0.15572
3.93238
2.87404
1.64428e-06
0.00264357
0.882299
0.937067
0
0.370481
0
12.4215
7.27365
3.29396
7.5698
0.236648
4.38969
3.60745
2.19009
0.901691
0.781727
0.010556
0.0383416
22.9323
21.0536
23.0469
27.8164
11.3139
15.3948
0.00859959
11.2821
16.2146
0
3.15412
0
0.764984
0.572509
6.69741
0.541717
0.5858
1.6922
0.174564
0.29356
3.33272
4.35757
3.56065
3.56681
4.9577
4.04424
0.308898
0.0145294
0.0662142
1.736
8.87709
0.000688299
0
2.01724
0.987648
3.04182
0.00586655
1.78449
0.016656
4.61906
1.07609
0
6.91339
1.58433e-05
15.3466
0.197726
3.27936
24.2705
11.3476
1.32303
0.0391947
6.56527
13.1038
2.76329
15.3016
0.293313
5.12685
1.97129
1.31005
0.872022
0.0703084
4.01036
15.601
10.0088
4.71484
3.69435
4.74464
4.26538
5.15191
6.62291
4.44282
0.000996443
0.000728622
0.00997211
1.34878
1.8547
0.966468
6.98723
0.29918
23.464
0
1.68863
0.752156
0.468218
1.83923
7.19325
1.5409
1.25394
16.4443
13.7038
0.778403
4.60566
4.45478
0.00572941
0.877367
22.1725
8.06218
9.3839
9.30413
0
0
10.7644
9.41482
0.300445
0
7.53801
0
0
1.23716
2.97607
0
0.0941066
0.339035
9.20418
1.47771
0.693953
0.00279423
60.9617
5.81572
0.831553
0.0858321
11.4529
0
4.04021
22.2912
0.00124269
7.69732
26.7695
2.82453
0.583155
32.2648
0.547128
0.0232376
1.00384
4.05039e-05
0.776023
1.467e-05
0
0.384431
15.9014
0.242446
3.05724
4.31249e-07
0.462504
0.162796
14.7402
1.19799
0.0387628
0.130507
2.15453
0.0321726
0.814138
0
9.57969
0
6.34148
0.000100993
0.0696428
5.06812
0.876592
0
4.17417
1.84976
0.0891269
3.64685e-05
11.8785
6.98502
1.1997
23.0848
8.70244
10.6474
0.0205993
0.387095
0.461708
0.90903
0
1.09049
0.956989
2.44026
2.01355
19.6698
10.5422
0.457891
2.45464
2.24752
0.135914
0.72664
0.32828
9.29246
0.267814
1.17427e-06
2.3249
0.0184123
0.650782
0.0672981
1.46406
2.47902
4.76024e-05
0
0
2.86825
1.11888
0
0.901715
1.9253e-06
0
0
0.0362107
0
0
0
0.851771
23.5709
6.11964e-07
0.425398
10.3815
0.00308438
0
24.8803
0.145092
7.17206
0
2.5602
0.924432
0
2.63813
1.41231
0
0
3.03489
0.053531
0.260503
0.0573555
4.62778
4.03847e-09
1.25441
14.0682
2.31092e-06
0.392574
12.3937
0
5.24598e-05
0
2.25564e-07
2.91673
0
0
1.09211
0.00506562
0
0
4.18927
0
1.62957
4.93162
0.229131
4.70709e-07
0.0138305
0.316367
0
0
0
3.98334
0.923954
6.58881
0
0.00102752
9.19058e-06
3.75054e-05
0.010424
0.00610337
0
0
0.0880657
19.6145
0
15.8506
1.18238
10.1213
19.0149
0.967418
3.91164
3.97679
14.123
2.09023
0
4.25973
0.252347
20.9608
0.444418
1.27694
0.343845
0
0.614936
13.6835
21.6617
0.010894
0
11.0269
2.07066
1.978
6.96234
7.06445
17.0525
10.4119
38.9451
0.579842
3.05459
9.1302
0
18.6066
24.7878
17.7663
10.3491
4.17568
13.2128
13.4482
17.308
12.4628
6.21468
13.0059
9.27521
3.12954
0.453067
1.12721
4.70789
0.0784061
0.0250793
0
0
6.32869
7.50594
2.02856
0
1.63622
0.0191227
0.614967
0.649995
0.974
1.62031
1.84287
1.77005
1.67007
3.35778
6.28382
4.55652
11.9469
0.000508064
1.16647
6.19872
4.51731
4.78851
0.0138866
0.0218915
0.457361
7.05375
0.32093
0
0
0
3.31693
0.273133
1.07434
1.49591
0.506392
0.889783
1.46031
0.00521375
0.822887
0
0
0
0.000345679
0
0
0
0.817248
0.00422045
0.996849
0.24215
0.332455
1.23784
0
3.45008
0
0
1.01738e-06
2.51018e-06
0
15.8617
0
0.752472
0
0
0
28.198
0
0
0
0
0
19.3648
0
0.687129
1.45439
0
0
4.65286
0.995057
5.89585
1.15998e-05
1.44655
0.726229
5.87993
6.4074
0.979997
5.01871
6.36483
7.60937
2.61751
6.56474
3.05249
2.58967
11.9392
10.4683
6.32245
7.65447
0.415236
0.870282
8.73531
7.54493
5.68274
10.651
10.7823
9.74549
5.8143
7.95523
13.1432
21.5958
3.82256
8.82411
6.42496
7.56775
21.3796
15.6966
2.52608e-07
15.3727
0
14.745
8.63828
10.8086
19.5243
7.08807
12.6065
12.917
4.76239
0.299611
10.2916
13.9109
12.3256
11.9024
11.9528
16.3045
15.0788
8.26577
7.30574
9.62585
4.70881
9.41794
0
5.86828
7.03282
8.1854
0
7.08232
6.5742
4.88074
1.44475
1.89271
0
2.19927
0.919098
0.948466
3.23405
9.45743
0.434399
4.14996
0.593199
0.121498
0.182455
1.21232
25.658
0
0
0.547442
11.3589
0
0.0282996
1.19895
0.810876
0.694292
0
1.76017
0
2.85582
0
3.30888
1.98125
0.398774
2.55428
2.62826
20.3783
4.05649
26.2012
12.2761
4.04203
11.2646
8.36234
8.20563
15.803
12.9404
21.6378
16.9297
24.6644
10.131
0
11.9611
15.1066
5.45241
0
20.3408
0
12.1916
6.92971
0.820169
5.71103
7.15372
9.13664
0.00374101
13.9026
0
0
5.80718
6.00499
0.361772
1.92914e-05
1.27238
0.0591658
0.70517
2.36106
4.85259
0
3.34424
25.8374
0.624983
0.027095
0
0.00607814
0
2.25983e-07
1.47328e-05
0.0984285
9.6928
0
0
0.482881
0
17.4157
13.9797
0.0934129
0
5.75556
5.80656
0
2.23083
0
2.301
0.0256957
1.20931
14.4395
1.76529
1.91693
23.622
0.0591245
14.3394
0.61557
1.57499
0
0.331832
0.00034583
17.6032
0.520908
0.655394
0
8.91307
0.705987
8.93203
16.2768
26.0016
12.4101
12.2215
20.1382
4.43389
5.44019
8.99663
3.58023
0.621664
9.96125
0.945511
0.00878961
9.21687
2.99698
3.97721
0.12768
23.8467
0.368659
1.10414
5.85851
15.2618
10.5071
7.77542
2.05072
6.76204
11.9897
6.87091
5.15454
9.23641
1.0145
0.00351903
0.0104045
0.00210173
0.0109055
0.893874
3.42257
22.0139
21.7711
11.5175
0.0911834
11.9049
7.31968
0.390038
7.37292
4.25175
15.1436
4.64571
1.83428
2.35281
15.5805
26.8063
1.37682
11.2693
14.4197
0.431233
0
0.060929
0.0275089
0.0188343
0.239213
4.57209e-07
1.90891e-05
7.45421
6.45676
12.6221
6.54043
21.7818
0
0
0.0328218
1.78338
1.88517e-05
0.00478255
0
0
2.79303
0.0775787
0.862463
3.91698
1.00398
8.83744
3.0996
2.90639
0
0.0096577
2.56674
15.5823
0
7.23353
1.62844
6.05577
0.548383
23.9556
11.1454
0
1.57952
12.1852
0.0195949
0
2.01298
0.864455
0
0
24.0526
0
43.2933
31.0527
13.2997
3.2149e-07
1.70594
0.00266796
0
9.97418e-08
12.7555
7.20519
26.7762
0
8.30389
13.8691
10.4446
2.12784
2.38845
1.62666
6.70497
0.0607457
0.222127
0.484345
1.03645
0.0583681
5.85223
0
0
0
0
0
0.911363
2.86897e-06
0
0
0.184711
1.24588
1.95605
0
0
6.84737
0.294696
0.00148142
0.00794743
9.67829e-06
0
2.10957
18.531
0
1.2658
0.355588
0
0
0.00867816
0
4.54385
5.1653
7.44041
4.83296
8.89105
3.85013
4.1813
1.98905
5.02784
20.4038
17.5664
1.40529
53.8205
25.2749
38.8367
15.7672
17.5502
29.9987
19.0238
14.992
18.0506
8.17195
16.7999
6.99222
9.65825
10.4381
5.73401
5.3704
9.83288
16.7811
10.9938
14.1835
7.58792
10.3058
13.1247
25.575
8.20715
1.12151
5.07096
3.6677
0.0428893
0
0
0
0.000476184
24.3335
18.2538
6.53857e-05
4.80832
2.78356
3.73381
0.0588233
0.542862
7.52992
0.00740606
9.61287
2.80345
0.00676982
0
1.64854
15.46
1.93351
13.2375
11.8089
15.7948
6.71872
0.0626757
7.41137
0
15.2501
19.2785
15.1684
27.9726
7.59291
6.80239
2.71666
5.08267
5.12865
5.5173
23.6948
24.5971
4.52055
1.61735
7.53005
1.9421
5.10458
8.99855
5.80226
11.4288
13.7488
15.4869
16.8155
19.0105
12.8298
14.1945
9.20546
14.4069
10.119
14.7561
14.0153
16.3321
14.2653
0
0
0.0324397
0.587521
2.75191
5.82314
3.65267
2.19838
2.83965
5.57099
10.3685
9.82738
9.86924
4.03834
11.7526
14.9294
6.66491
5.42376
5.59393
6.26193
8.85496
3.97181
10.0656
4.63944
3.71077
6.64676
4.87106
5.69097
0.184332
2.87659
18.6669
5.96738
14.4882
7.58808
10.3744
10.2223
10.85
17.6612
6.4977
10.4263
29.8069
3.18415
1.88007
0
0.637166
0.941052
8.98685
10.2055
6.99166
14.9385
0.000528324
14.1449
24.6184
16.3987
17.2426
12.4866
12.2396
14.3614
27.4066
0
0
0.698929
29.0635
23.8511
28.3888
2.66299
32.2155
3.36675
6.60038
0.284946
3.74987
0.497565
4.52697
33.9241
0.749496
4.72261
71.5281
35.3328
13.7071
7.50961
0
24.1035
8.55485
37.146
8.73179
10.2568
31.7214
19.3663
39.2728
32.5913
2.7116
10.2205
7.99629
19.3026
16.0714
15.9735
14.7872
7.38544
9.80621
12.8892
12.496
8.62665
24.0516
5.15405
13.1054
16.5797
9.4456
22.042
23.0901
16.0297
17.5618
0
13.0136
0
5.61441
13.0175
24.5095
13.3249
16.7489
7.75922
11.6883
9.11479
10.0656
13.1612
16.816
9.53633
1.97935
12.5516
8.6223
7.85744
10.5518
7.22836
10.8069
5.53197
5.20664
12.9829
1.03317e-07
6.73236
10.6246
16.962
7.03456
14.4546
4.31701e-06
1.78613
0.0248574
9.40593
14.7974
12.4446
0.0741256
11.8144
16.7474
7.50331
10.238
4.36086
5.37336
17.157
15.5911
4.5596
0.605659
0
8.21188
9.50303
2.47279
1.08964
3.4631
2.08763
1.41003
0.0663985
0.654367
0.832758
0
2.44952
0.953748
0
0
11.0896
0.127622
1.53154
0.795202
0.852967
0
0
0
0.0425164
2.21951
0.229196
0.0668703
0.842248
0.0607307
0
0
7.14305
0.158596
1.23959
3.66109
0.254496
21.5079
0
0
0.660004
0
0
0
3.79836
0
8.73017
0.000836724
7.20487
0.0870845
8.36931
0.13297
0.0155354
9.77242
0
17.0911
9.3209
12.6871
9.14255e-07
10.6136
0.269259
0.170466
0.0107996
1.35703
5.91682
15.7515
1.46296
0.196576
24.4406
0.030747
0
0.380193
0
0.892298
0
1.30425
0
1.02905
1.88005
1.0422
1.1771
7.932
2.70737
0
3.62173
12.463
1.8289
6.18181
2.5856
10.0478
17.3858
18.6841
8.55591
0
0
0
5.3529
9.08512
0
0
1.19383
0.960282
0
0
0
0
0
0
4.1109
0
0.0226922
0
0.337523
0
0.194473
0
1.56081
0
0
0.872184
0
0
0
0
0
0
1.12433
16.1227
19.9554
33.135
11.437
20.2125
3.07054
5.73897
0
0
0
0.942389
11.5498
1.05865
5.79104
2.91529e-07
1.36338
21.6684
53.5521
25.2728
12.9061
7.90927
8.80991
24.8753
26.9552
3.03319
4.45023
10.2059
2.08031
11.3888
8.21456
9.75676
11.3347
12.2254
3.96899
12.783
0.243377
12.3876
0.501952
13.4605
0.673885
14.3471
40.2711
0.133219
4.00437e-06
0.079407
0.0450661
0
1.89921
0
7.58263e-06
0
0
0
4.83369
0
7.22458
1.02126
15.6502
1.34897
1.15304
18.6417
12.7277
11.6806
3.06884
5.22071e-07
14.4773
14.2989
14.1545
14.5397
26.1933
23.925
24.8246
1.62275
11.8504
0
16.1864
13.9401
11.8956
3.97029
0.0780847
15.5741
5.10704
18.5748
6.28022
24.7311
27.943
5.57637
3.20757
14.5918
11.4718
5.80356
22.2973
1.41768
5.86386
25.5978
1.50994
0.228517
36.8568
0.299162
9.82473
0.15201
0.597938
2.21192
0.627226
3.56332
0
26.2969
49.6158
7.96303
6.79918
8.01866
10.0075
6.90627
5.1109
0.000177662
0.960519
4.43445
8.55369
16.9043
14.9352
24.038
17.484
15.8562
11.0344
18.0231
9.49282
4.33541
19.0835
0
0
0.000386057
12.691
1.39488
10.5858
16.5754
0.41701
0.269283
1.02407
0
1.19545
0.165419
2.67932
1.52173
0.267997
0.421577
6.19821e-06
13.4781
2.48705
1.39022
2.94447
8.71547
1.47171
13.8136
0.0188921
3.93099
1.2117e-05
3.45566
0.680379
1.30667
2.6696
0
0
5.63094e-05
1.09582e-05
0
0
0
0
0.798434
0
0.00718836
1.2039
0
3.2712
0.280211
0.000943107
0.982345
3.03746
7.30802
3.01103
4.57106e-05
0.334975
4.39929
0
0
0
0.0480513
10.7026
0.0580979
19.8557
11.5358
24.9203
6.07975
11.2872
4.97608
11.9711
2.51908
2.76052
10.6208
0.487388
14.4376
10.9483
1.1175
0
10.0821
0
10.4539
12.419
20.4567
3.62375
16.4153
24.1355
2.33784
19.0006
9.19935
13.6872
8.80982
0.0243887
13.6261
0.16069
20.639
7.99146
6.57512
5.06486
11.5563
3.65809
3.13401
0.0041033
0.888651
1.28961
2.0664
0.430478
9.19675
0.00807754
11.0677
6.53388
24.1521
29.6491
18.1497
28.462
13.7445
8.28814
18.2097
28.1125
22.3728
24.7845
11.1773
8.75552
14.3641
0
7.14871
9.25302
9.55483
10.9819
5.90863
12.3012
1.86976
3.59751
13.95
8.83468
7.3693
13.3281
10.6613
9.42636
9.80225
18.7132
6.473
11.6929
9.13276
0.0620098
1.91348
7.12384
4.60638
5.26537
16.4585
0
5.62733
11.6373
7.26917
0
1.97479e-05
11.6468
10.2478
13.4427
19.6445
1.20362
13.4299
11.55
1.14842
9.84074
20.0959
11.755
1.30602
15.5602
17.757
37.5727
16.1666
38.6213
14.0965
28.6551
22.5661
33.916
20.1353
0.117418
18.3854
23.0733
20.7951
6.66108
18.9721
14.536
34.1685
27.7246
0
41.878
33.6619
44.3259
0
12.9731
16.229
25.0464
15.4416
8.12862
21.4595
14.7833
0.885109
0
1.64491
1.45465
21.3799
1.25365
19.2482
18.5966
32.5331
19.2233
21.1781
1.7408
24.5487
0
17.4045
19.5528
23.2921
21.4812
14.1391
25.7986
46.4339
9.16092
28.1928
21.309
15.5319
15.5825
1.41972
15.4529
8.7525
21.8235
0.708124
7.77112
7.24351
13.1819
10.4136
5.11651
24.1065
11.3489
0.76237
1.53853
2.33457
9.86438
14.4348
16.6353
0.0290464
7.20958
6.54194
3.88763
1.41757
0.890988
2.80021
4.16011
2.43957
15.3705
3.63526
11.6292
6.14277
6.63615
19.9957
1.47926
6.75604
41.9421
0
1.94119
2.84211
6.51494
1.11103e-07
19.6397
10.26
7.28049
5.70762
9.12997
10.3635
8.35313
7.06616
10.491
9.88825
12.14
10.6185
11.7664
12.9154
2.65111
16.5376
17.0541
0
20.0079
5.01638
29.7594
1.87975
1.11525
14.9894
7.33725
34.885
13.362
10.9751
24.7366
12.3858
17.703
15.0005
10.1153
13.5527
4.83196
26.0264
18.2616
26.4017
16.989
0.0257027
4.69816
15.564
16.5467
49.4141
13.1386
10.9111
15.5249
9.57424
10.5648
13.6971
0.00259048
15.2617
2.32184
9.1122
11.4113
3.16577
0
2.84256
9.67456
13.7536
9.08265
16.6855
7.05403
7.34373
0.203663
4.68512
20.3402
7.80088
3.98779
13.834
6.1769
13.7712
1.77825
20.9705
5.05353
0.50118
21.996
13.2102
7.6723
20.7592
3.22418
6.21107
0
4.75932
0.12195
5.71469
1.62931
0.225501
6.01035
2.31287
0.429286
15.5992
1.69074
12.5862
0.0660044
4.45069
2.18439
0.0528691
3.35633
0.988838
0.0173124
0.0447418
0.0279804
0.247667
7.68076
5.71838
24.5362
22.6469
14.94
12.6389
8.68008
1.31395
3.95679
2.97235
11.2285
7.52499
0.43853
12.487
15.4791
0.0100379
9.62244
0.980437
3.72942
6.94474
0.400906
3.58922
4.25675
0.273777
17.8144
0.675215
0.274793
1.79473
1.02141
0
13.0499
13.8869
8.56611
8.26102e-06
2.72464
16.2456
7.00839
11.2585
9.40217
10.5415
12.5832
7.61333
8.89314
21.9611
10.868
0.00311093
10.6674
14.8152
10.5553
5.45149
0.191932
8.35163
5.92747
12.1411
4.36796
5.19083
11.6893
85.029
11.0612
13.3706
7.8007
125.764
9.54909
2.56465
6.5234
4.30583
7.89676
8.36147
5.89842
31.0111
10.2793
11.1072
6.67409
3.60535
6.84115
15.8617
16.8533
4.4721
0.782641
0.00654032
12.7904
11.8934
0.877408
6.07165e-08
0
0
6.94894
1.75911
0.0777155
2.81124e-08
0.910425
0.260552
0.364563
0
9.7059
0
6.68402
11.7348
0
0.0684801
7.29919
1.70187
14.8428
0
2.45739
1.27817
0.228341
0.635775
0
5.73344
0
1.93632
17.4872
4.40301
0.0210717
0.0622049
1.01268
3.798e-08
0
0
0
15.914
4.10485
7.11086
0.255262
4.33204
1.72828
13.0044
5.52086
7.49763
5.68728
2.08812
9.81041
9.97273
2.49693
1.84322
1.29813
3.30135
3.72395
4.15028
1.1318
10.9283
31.464
23.6607
18.3272
6.89797
0.109021
1.97567
0
2.85379
9.73746
9.64462
5.63847
5.6311
4.1765
4.45706
17.2019
0.0516476
5.28883
14.0169
24.9381
24.2165
13.0923
7.39273
21.4518
10.3522
4.94969
14.2228
14.9989
14.5424
22.5291
11.6812
21.7692
3.2113
11.156
7.87567
1.70261
0
0
1.95382
8.69291
3.11802
0
2.58961
24.3677
33.6648
2.44063
5.10183
5.03817
5.46191
11.5849
4.30993
3.64586
0.911003
0
3.63613
8.88446
12.851
5.27537
40.7111
12.9248
8.60087
10.399
0.0838836
0.00487375
3.00538
11.1106
30.7159
4.98013
4.93615
0
12.6852
3.45636
1.47098
13.7657
0.663024
2.7588
0.00806637
42.531
26.3967
6.90039
0.0414393
14.2672
25.5287
0
2.49023e-07
0.0174972
0
0
6.69991e-05
12.8616
5.50085
6.16987
0
0.0301725
0.258797
6.67622
0.0438398
8.07412
4.02266
0.911923
7.12264
2.10092
0.728796
1.4157
5.94379
2.71349
0.915824
0.0962462
0.515512
0.896508
0.0105668
1.0722e-06
0.0168913
0.44161
0.306704
2.41936
4.30175
3.33722
0.476019
2.62881
0.325024
13.1234
5.30846
8.9698
21.4339
2.75057
1.83856
9.63241
17.5394
10.7437
5.3012
15.0066
3.63463
2.9592
9.56354
3.01804
13.0535
5.70881
3.65024
2.12508
6.14939
3.26724
0.510693
2.65925
13.5977
0.544286
0.0402747
0.00356073
0.681089
2.33818e-07
0.0759399
0.257516
3.08541
0.128686
0.0138851
0.449217
3.62272
6.29348e-07
3.35355
0
3.56093
0.00683978
28.2945
4.68166
2.00976
10.061
19.2063
15.8345
18.8566
3.39603
13.3102
24.0187
12.9804
0.352287
10.033
25.024
0.433823
0.0269237
9.64425
0.836991
33.1139
12.7616
8.33604
17.9601
8.53363
2.40227
10.2428
0
2.9371
0
8.13513
2.66813
0.61255
20.2711
18.9029
0
13.5923
8.80543
9.08079
19.2273
0.525279
9.3869
18.1502
20.8492
16.7431
17.5794
15.9379
4.27832
4.08465
9.37534
2.07595
0.920409
2.51893
8.64755
1.7062
0.88515
0.803618
1.50207
0.101806
0.137713
0.838883
0.72163
0.0700759
0.711286
1.33128
0.0444051
0
7.63491
0.126053
1.30904
0.548262
0
0
0
0.0290759
1.74929
0.130216
0.0692726
0.922949
0.0419068
0
0
0.0373959
1.51253
3.47567
8.92793
1.19884
11.0529
5.42375
0.648289
5.38109
4.5573
0
0.776049
0
10.36
0
2.43376
6.76986
7.60281
2.77368
5.53516
17.7168
15.1584
21.4418
5.07176
8.53477
35.9524
0.0232672
22.9593
14.8205
1.32922
1.90557
11.3469
0
2.25415
13.0781
0
1.44371
1.68498
27.8567
0.995686
0
0
0.0999404
10.2559
0
0
0
0
9.36812
43.3808
16.7728
30.1704
1.79753
25.0435
5.80131
1.83907
11.1851
10.7342
15.6481
6.68934
0.309436
0
24.5911
1.49185
0.0319794
0.717915
1.36072
1.15786
1.38471
17.9516
0.101005
2.59653
10.6766
0.558935
0.0180853
0.998844
0.0141643
8.59462
22.5902
0.106397
0.722379
0
0
0
0
12.4825
0
0.935149
6.28181
0.0263375
0
0.78709
0.934202
0.038628
0.748264
5.40852
6.93528
0
0
0
0
22.9215
0.0320467
0.000262946
0
6.38838
0
0
0.0136816
0.833181
0.0609656
2.3631
2.15899
0
1.70767
0
15.7322
0
0
12.795
0.000296037
0.146226
0.714507
4.17719e-07
0
0
0
0
0
0
0
0
0.688535
15.675
0.147695
0.994383
0.361391
0
0.00619241
0.0736434
8.79151
0
0.0329085
0
0.228803
7.14407
16.6811
3.76196
0.875017
2.27807
0
1.92827
6.8137
8.75469
0.102144
0.476292
2.57516
2.23996
17.4542
0.0984309
0.0575267
0.00116686
2.74312
0.00873883
0
0.627652
0.000523347
0.554407
3.06541
5.55814
0.70575
1.61902
0
3.2895
1.64868
0.614115
6.4169
1.32008e-07
4.09843
8.36652
4.79575
2.11833
7.61912
13.8391
0.431295
0.571864
2.95165
0.00275259
51.4191
3.04903
3.84768e-07
4.80512
0
0.0915828
1.46543
21.4084
0
1.93149
27.9046
0
0
0.901841
1.96002
1.95942
0
0
1.40223
1.94957
3.58477
6.58409
0.891577
0.118117
16.3806
7.82528
0.0082218
0
0.120648
0
0.00206443
19.5742
8.56063
2.48014
0.441054
3.74321
6.4134
12.8029
16.2024
0
14.8966
7.19825
11.65
7.44185
0.95017
0.911368
5.44496
1.05851
17.5353
1.79806
1.28352
8.46704
0.155321
0.0568357
1.59284
0.224608
14.4674
0.345817
0.730065
22.6914
13.5569
1.36668
20.8388
19.3062
9.12988
7.87615
1.67151
15.1773
18.4969
0.0813475
5.49665
9.2105
7.66673
0.639618
5.15093
42.973
18.1558
23.1339
16.7182
23.0686
9.8682
16.9741
19.8329
0.406867
21.05
1.50513
5.45544
18.8169
10.9246
9.51446
0.865804
3.04371
1.82684
3.32146
0.576146
0.0649985
0.0550936
0.223861
0
1.4561
2.20297
0.790849
0.962797
2.55427
0.0801019
1.92794
0.615524
0
9.67593
29.7676
0.599889
0
2.04074
8.46408
0
1.71911
12.1446
9.17678
15.8664
12.0736
21.7379
0.802106
3.5409
0
0.555558
23.1105
0
0.505216
16.2657
4.095
0
16.2221
3.04067
0.081422
0
4.91298
15.4884
2.26961
0.983915
10.4473
2.93958
2.11177
21.5984
16.8991
9.32754
12.6748
7.88939
14.021
5.09461
1.36772
3.72295
1.74333
3.73978
6.54138
3.21381
2.73151
19.5152
0.00269083
12.4837
10.2737
2.47924
7.67129
18.443
16.2138
4.33562
0.9065
0.0109723
0.296639
0.299577
1.62372
0.153207
0.107881
0.209335
1.11894e-06
1.13993
0
0
16.5064
7.1422
4.11245e-05
39.5953
5.10837
6.22725
11.6367
8.03699
9.31055
1.06916
17.8515
12.0087
13.771
16.8008
4.5881
7.81173
2.6108
8.88783
0.935317
4.81253
4.49006
41.4246
10.7642
5.64914
3.93629
5.35508
7.81042
0.0850518
1.16271
3.09008e-06
0.390895
0.435151
2.68575
0.0644514
18.4745
0.10652
1.75145e-07
24.4038
9.16355
8.84196
8.45396
6.49685
5.60008
0
0
0
0
0
22.2607
1.02168e-06
0
0
35.1263
18.6858
4.03667
4.7812
3.98976
1.1882
0
0
1.48137
1.79344
0.812725
0.367148
1.55281
0.205076
2.67718e-05
0
12.1837
0
2.13895
0.279712
7.40839
2.66511
2.34706
3.20153
3.48293
0.0654087
0.907738
0.800936
1.51694
0.16621
5.26378
2.09074
0.797129
0
11.2107
2.5715
0.000483756
14.3528
0.360086
14.7323
0
0.202226
7.75352
