0.00147266
0.775012
0.206645
0
0.532898
1.36117
0
1.32803
4.45105e-07
0.185872
8.53229
0.0192889
0
0.623016
4.49915
7.61177e-07
1.14078
5.05884
10.6252
5.10119
0.498679
0
0
0
0.0032156
0.000261612
1.95439
8.61982
41.2502
2.57261e-05
2.34075
1.24333
0.15987
0
1.11572
0.114607
1.24603
2.25664
2.33428
6.77502
9.09795
5.33858
1.60394
7.65775
1.23116
3.09061
1.67676
0
0
0
0.77547
0.00434249
3.28421
1.82342
1.51467
0.0120269
7.79238
0.0721428
0
1.75845
1.86352
0
3.54731
0.742227
3.24609
7.69608e-06
3.71294
1.59428
0.971867
0.918805
5.74377
0.466333
0
0
1.12713
0.00854095
1.19663
0.36714
0.0148224
0.00172574
1.46511
3.92696
0
0
3.43438
0.121487
2.48273
3.48326
1.37303
6.06461
5.72025
13.3369
5.66313
5.61939
68.0423
5.59994
4.1619
4.47759
0.0628401
1.0872
5.11417
0.780193
5.55863
3.78783
4.04595
2.9065
5.57168
0.648174
1.04016
15.4605
2.78734
4.9811
5.87532
9.32594
2.46506
5.68338
3.99452
0.864577
1.43051
2.75179
5.15757
1.43141
0.890683
0.804118
0
1.82306
1.59989
0.53696
0
0.0145762
0.519328
0
0.000205426
5.26272
0.207526
3.04233
2.70197
2.6339
0.00306468
0.9036
0.0141841
2.07665
0.0242957
1.53572
0.015248
8.97518e-05
0
0
8.23129
43.5721
0.994909
0.12495
0
0
0.97932
0.897556
0.830056
0.525701
0.198059
0.143566
2.88643
3.13663
1.27801
3.6492
0.0604312
0
8.25191
0
0.825422
0.143017
7.34777
1.82844
0.0519446
0
0.0984839
0
0
0
0.00365193
0
0
9.63909
0
0
10.9739
11.5878
5.70533
2.09705
4.1155
5.70281
5.28829
8.17346
6.44469
5.51246
0.63732
0
2.77051
0.0499679
2.18953
6.61715
26.5714
117.884
3.24814
12.9561
6.09452
1.09524
3.49349
0.254039
149.171
1.63892
17.4146
14.3321
0.784756
8.05819
9.26915
7.14082
1.52608
14.3269
8.39535
1.39251
0.1072
0.808697
10.3324
1.26789
9.677
11.6857
12.5305
7.42954
5.85802
0.503991
0.409098
1.54901
12.1517
3.85123e-05
4.33432
3.03093
3.12673
0.248912
2.83594
2.19403
1.82508
0.187647
2.82936
0.687666
0.2648
1.57516
0.863893
0
1.04094
0
0.170122
2.36767
0.246546
0.436559
0
0
0.00332296
0.476795
1.33641
0.00194903
0
0.000105212
0
0
1.06555
1.34751
0.137794
0.891433
0.00580855
0
1.28424
0.00753799
6.98002
0
9.20641e-08
0.0211968
0.558148
0
0.561957
6.98359e-05
6.06519
0.000140001
0.00381997
0.00325828
0.309582
0
0
1.49748
0
2.1098
1.44111e-05
0
10.8896
0
0
0.0028767
0.00677428
9.42166
0.0536653
3.66287
13.7199
2.47334
4.9359
5.35995
0.112988
6.48436
1.24139
0.63979
0.18944
0.039264
1.25561e-05
2.91696e-07
0.910145
4.1934
9.49354
2.44208
30.7367
61.1654
2.73582
13.101
0
7.84168
1.66359
0.670051
2.30586
0.960202
0.731018
0.433028
8.02168e-06
0.208421
0.00256423
0.00017573
0
0.039894
1.45093
9.41586
3.26137
1.92638
0.342872
0
1.01415
4.9802
0.000687684
0
0
0.34298
1.78479
0.403591
1.96861
2.26045
0.943872
3.81618e-08
6.33039
0.0828113
0
0
0.00027209
0.945826
0.240411
0.00364025
3.89169
0.342602
0.0122942
2.63623
0
0
0
0
2.45855
2.21015
4.24177
2.09879
2.62347
3.22497
3.17498
1.43024
0
1.96329
2.31766
3.8312
14.8233
4.8349
0.571119
5.10446
2.49217
2.36108
3.04091
6.89152
0.811431
0.971809
1.82549
1.13216
4.26513
5.99617
0.122625
12.1258
8.62105
8.25787
5.86553
13.4351
2.1915
20.352
6.6997
8.67524
6.55008
8.36628
5.59804
4.13474
3.71143
2.34206
3.04766
7.25614
7.96785
1.38336
0.273676
6.79161
7.20805
4.16651
3.66141
5.52639
1.6539
2.34485
5.43065
4.42436
2.89957
16.9874
3.88427
13.52
15.4549
7.20817
2.72454
3.9844
5.8344
7.25666
12.5885
5.41133
10.6298
0.0206735
2.5212
8.11833
7.95886
7.56447
4.09135
9.56332
11.263
0
0.861531
0
1.35014
2.1167
6.01347
3.84728
4.33828
28.5235
20.6367
2.41832
10.81
4.43017
6.38483
3.69436
4.41962
0.0131549
0.000215838
0.00843881
0.20256
1.68165
8.90598
0.211259
0.432293
3.50458
0
0.0845804
0.0609501
0
0.295575
0
5.59876
0.528167
0.0125356
1.46795
6.3325
1.38211
0
15.1918
19.8626
5.32613
6.00874
19.8001
0.000136951
25.6966
11.0262
9.48726
5.93586
0.871602
1.62183
2.52282
0.00758594
0
0.00233284
0.00314332
11.2418
11.6843
2.99664
2.71325
16.7056
4.38073
3.42045
0.886953
0.491137
1.36843
0.897185
0.0461246
0.00626419
0.173299
3.33753
0.889647
3.05295
2.07716
3.52198
0.274586
0.802018
5.24485
8.38892
0
0
5.73173
4.48359e-08
0.0716885
0
0.127183
0.0179728
0.48909
0
0.123066
0.211878
0.906935
0.064617
0.0627485
0
10.1836
0.776017
1.64571
0.517356
0.425687
2.82249e-08
0.629925
5.08891
2.47274
11.7585
8.48811
3.25156
7.75204
0
15.6657
0
6.61576
12.2188
6.91468
6.42126
6.46091
0.525115
0.0322811
0
4.20628
0
0
4.15507
0
0.907876
3.79835
4.92535
8.73644
0.782605
0.455717
0.0379827
11.0934
35.8557
3.03228
7.55766
15.9189
2.92182
4.48796
0
8.32703
4.12969
0.0743883
0.927732
1.52811e-07
4.04597
0.389733
0.780539
0.0444293
1.32932
0.737225
0.999438
0.951223
1.76893
0.00618698
2.01028e-07
0.681507
2.35955
1.80153
0.772367
0.00790616
0.888009
2.58807
0.108213
0.342917
0
1.17642
0.0141834
0
0.75395
2.79137
8.51939
0.0894092
0.00662886
0
3.90125
0.139084
0.0283408
0
2.65556
0
0.00214448
0.325481
0.0617127
3.92716
0.757027
0.00200297
0.383748
0
0
0.0263722
7.7562
6.73098e-07
5.75899
20.8047
2.64729
1.06353e-07
1.92799
1.73539
0.227059
5.09682
0
0
0
1.9601e-07
19.6446
7.03242
0.860696
9.48093
0.000571862
14.39
3.37688
5.87361
2.17008
0
3.25524e-05
0
0
0
0.0428899
0.0200843
0
6.75505
3.57081
0.521324
0.987119
0.774565
1.84156
7.26502
3.6681
8.82225
20.8759
1.38226e-05
0.281578
0.0175917
5.16176
8.83541
0.0731424
2.25139e-06
4.93426
1.91586
0.0021173
4.54593
0.275343
0.275653
0.497163
1.36701
2.51925
12.4782
7.26935
19.4814
6.63543
1.13993
1.50564
0
0
0
0
0
0
0.0222624
0
22.6715
0.318373
0.32232
0.506085
0.00169011
3.40953
8.68064
0.00030033
1.83732
0.13477
2.69017
0.927302
11.7408
1.35954
7.20676
9.09952
4.81464
2.11411
9.1081
10.6648
0.24111
3.0386
2.75502
2.10355
0
10.6533
1.85641
5.85788
74.6203
3.10587
9.26878
75.9672
4.17542
1.55414
0
0
10.7918
6.52833
0.0574449
3.10556e-05
3.43184e-07
0
27.7629
0
0
0
0
0
0.000757246
2.1658
5.7333
6.80923
0.817822
0
0
0.93611
2.17224
4.73073
0
0.714889
11.8168
0.294228
12.099
0
6.48012
9.72841
7.71546
15.0608
0.0191727
3.37035
0.867061
0.0009374
0
0
0
0
0.0465781
0
0
0
0.012221
6.63058
0.245212
8.19703
5.24318
4.90054
5.81684
1.78275
2.27022
1.78883
0.883446
1.00673
1.12805
5.46864
4.06278
5.00642
3.23269
7.72686
1.82201
0
8.79199
0
4.26429
0
0.0059203
0.0012392
4.20019
2.25018
4.26729
6.27528
0.701196
11.3151
0
0.00263354
1.42582
7.13351
0.376223
0
0
0
0
0.85429
3.84113
0.951347
0.187963
1.40267
7.476
7.64731
0.0740187
3.16553
4.63011
7.28273
0
0
0.961138
2.08791
3.79462
3.35999
2.55133e-05
0
0
2.31206
3.32043
8.14444
2.26336
0.0409901
3.59978
4.09905
4.25494
0
16.0611
0
0.0295742
14.0888
1.57573e-06
2.28576e-08
6.37681
0.886699
0.0024126
1.54788
3.69463
0
0
0.039408
0.116147
1.01649
0
0
14.0034
0
11.4079
0.867841
2.60175
3.30298e-05
0.000143774
0.0608679
0.0143799
0.918961
1.78123e-07
0.045876
4.65575
2.95893
2.80977
6.44509
0
6.70379
7.01438
4.21785
2.13822
3.36626
7.31161
2.33641
2.99328
3.66404
1.61379
6.44054
3.13081
5.78957
4.60861
1.66025
2.53485
0
4.09636
3.0857
1.64742
12.7292
1.65745
1.19255
2.05808
6.50401
4.11642
2.76701e-08
5.69587
0.033144
0.144673
0.14993
0.853101
1.83599
1.4974
0.429457
4.01668
6.84392
2.21351
0.659293
2.1195e-06
1.55699
4.531
0
6.32778
3.29932
7.17911
0
0
0
3.75914
0.589766
3.46186
4.21697
0
0
13.8192
0
0
2.76841
4.19805
1.97018
0
1.89321
7.08403
0.193625
1.20125
0.920694
3.58125
0.116623
0
2.88626
0.000271243
1.97353
5.69541
3.68606
53.6935
4.18859
7.93217
0.842727
0.192404
0.0386337
0
2.53952
0.802326
3.3331
2.20791
2.9716
2.34884
6.25017
0
0.00272032
4.51085
0.0902063
0.0475027
3.36447e-05
1.55725
0
0
4.86056
0.00802455
7.01391
3.39191
0.609289
0.0740577
3.43173e-05
0
0
6.93095
11.6301
0.524273
11.7782
6.44391
0
0.532106
0
1.05173
0.710476
1.23326
1.07892
0.439283
0
0.0300735
4.76
0
0
5.91931
3.15909
3.73107
5.75234
3.11464e-05
0.669881
0.967363
11.4128
10.0833
4.47966
0.476688
0
0.840416
0
11.2428
0.000631015
1.87628e-07
12.1925
0.00241953
0.346943
0.0905527
4.86987
0.54181
0.0327776
0.164934
3.58804e-06
1.301
0.0131207
0
0.157711
5.53675
0.000207205
8.99077
0.128659
0.888417
0
15.6893
5.33293
3.90038
20.3382
8.22555
2.73541
13.0847
0.78553
0.00377389
1.49653
0
2.05187
6.01535
1.06366
1.38499
0
0.358869
0.648939
13.9726
12.0224
12.5256
5.65848
1.11196
1.69095
1.81471
5.90843
7.98721
19.2642
1.22439
2.96823
6.03291
12.0881
0
0
20.1073
5.64826
0.269476
1.81327
2.69607
0
8.17078
3.72515
2.61862
0.00628045
4.16318
1.02731
4.03243
3.45258
14.2995
5.24282
8.54412
7.6915
12.1993
0
0
0.0113584
5.98718
20.8199
9.12094
11.0955
14.7095
10.9983
9.8033
23.5427
20.1084
82.1073
55.8495
10.6361
3.2155
6.62123
0.145447
0.710552
0.0354719
0.0585068
3.45355
0.728909
0.27219
0.00144958
11.0712
0
0.586016
2.75404
13.0773
1.18922
0.996
4.01758
3.50933
0.695114
0.0274942
7.11145
1.15826
5.56927
4.91242
0.000468883
4.40243
3.8896
4.19165
13.5761
14.5888
12.536
4.51675e-06
0
2.12302e-07
10.795
2.85639
0.0569024
0.127122
9.27784
0.134013
0
0
0
1.04992e-05
29.1112
0.00242796
12.8389
0.000667188
38.6131
4.64137
0
0
0
16.2473
12.4149
5.01722
6.08917
0.00417506
0
9.79817
19.1664
0.837759
0.0481757
11.6969
9.9308
12.1151
0.0297835
6.79175
5.35379
2.24983
4.87089
0
0.496902
3.10841
0
0
0.999983
0
0
4.02903
0
2.27514
10.0541
2.7788
0.559382
7.08028
0.341954
3.48085
1.41608
3.1643
0
7.49293
4.98411
0
3.34662
0.436129
3.09629
0
0.762812
0.726578
11.5567
5.94509
0.314181
8.11151
0
5.3285
6.85046
7.77088
6.7221e-05
7.61648
0.0707515
16.7901
9.24636
0.0352263
0
0.38273
7.32677
0.171157
5.56689
0
0
0.139406
0.576777
7.82985
0.00762317
0
0.113129
10.0851
0
5.72332
8.98222
0.789891
4.89798
0.923301
8.63292
0.870965
9.82116
0.282012
0
0.429104
0
0.0767403
1.82695
0
0.136214
5.01131
2.68709
0.119561
5.16985
5.82042
1.76281
10.1651
4.15708
0.00701745
14.1973
7.75113
19.6298
7.8573
22.4868
8.33856
40.2043
0
3.51159
21.4661
13.9979
8.05346
8.70705
1.823
13.9947
6.84187
0.000110549
15.9195
0
0.764979
14.3427
0.00176491
0.0058711
0.00396006
0
0.00102822
0
0
1.44063
3.80372
0.151361
0.971709
0.103391
0
0
0
1.02457e-05
0.243171
0.9997
0.697097
8.01877
2.21998
9.96103
8.41856
0.146564
0.104281
6.2552
40.4878
0.010449
0.0223344
8.6917
1.59592
4.76161
9.88437
3.19125e-06
0.0417915
0.000541503
0
4.92255
10.9638
0.12334
0.903922
0.34379
0
0.0758287
0.449065
11.2629
7.30535
0
0.012014
2.31105
1.64285
7.60684e-06
0
2.8415
0
0
1.07853
13.6893
12.3817
0.802793
0.540665
26.298
0.459375
5.35051
19.2181
1.66074
8.72919
0
0.0717909
0.616065
1.29734
2.91415
2.17493
9.69597
0.903575
0.617549
0.0454241
0.00304696
0.7114
5.61316e-05
0.184791
0.993236
0.0182329
0.137954
4.53633
31.6285
3.77015
12.1777
0.102704
3.77855
7.90894e-05
0.0280947
1.72933
0
1.51531e-07
0.000975888
8.76682
9.77072
14.5264
11.4113
7.5396
3.34957
0
3.95969
9.75566
0
0.976908
0
0.83315
0.00864121
1.37231
8.73637e-05
0
0.0235326
0.035685
8.22143e-06
0.893154
0
3.28821
1.62879
3.83583
0.303559
0.783481
1.18285e-05
1.99605e-07
1.73542
0.307483
0.000403232
0
4.70409
5.70234
2.36198
0.0112495
0.00339389
0.365932
0.0613736
0.0120444
0
4.02162
0.000285685
9.77956
0.0380331
1.11223
12.3278
13.1811
0.418324
0
12.2574
18.374
5.10973
2.53574
0.00134632
3.49285
0.879704
1.39211
1.02711
0.0282208
0.0169205
11.5319
0.855654
0.990754
0.951082
1.12276
1.32554
2.12949
2.02746
0.013137
0
0.000197503
0.000136054
0.433254
0.00202194
0.0215915
3.73955
0.933404
12.4731
0
1.27581
0.0419695
0.736621
0.594577
5.63773
0.604719
0.00153161
12.4317
3.71179
1.02479
3.19713
0.625008
0.0683811
0.109104
5.16691
10.5832
4.15741
10.1826
0.0377276
0.000500369
6.36228
6.68391
0.0583754
0
10.7172
0
0
0.113005
0.187787
0
0
1.01721
2.92601
0.995299
0.168101
0
76.8922
0.650056
0
4.67108e-07
3.7207
0
0.891244
31.7548
0.00408386
5.9622
14.0719
0.813104
0.0157132
171.609
0.0114986
0.00131361
0.368671
0
0.448215
0
0
1.14153e-05
5.90564
0.142167
0.0132765
2.89084e-06
0
6.60532e-05
2.49801
0.0069678
0.944399
0.0537155
0
0.0101773
0.00371799
0
3.536
0.320644
2.57225
0.0122166
5.55265e-05
9.17431
0.000735612
0.668522
0.0417395
2.252
0
0
11.6919
2.57139
0.434463
28.655
7.5671
1.14723
0
0.000273417
0
0.916275
0
0.969839
0.0141541
0.0613417
1.21175e-05
6.72531
6.4437
2.84734e-05
0.659646
0.00146204
0.238267
0.0029814
0
1.86167
0
8.73219e-09
0
3.56373e-07
0.830016
0.0621841
0.615297
0.975204
0.00439414
0.0138492
0.0996186
0.00364317
1.83645e-07
0.0353531
3.21467e-08
2.68202e-07
1.33613e-08
0
0.000582365
0.868815
0.000186636
0
0
10.4932
6.80413e-07
0.892762
6.28638
0
3.24779e-06
5.86593
0.0122117
3.59132
0
0.0533254
0.0231924
0
1.59093e-06
1.02952e-06
0
0
3.11083e-07
0.741507
0.0205505
0.00141337
0.173845
0.0114488
6.7946e-06
13.622
1.65305
0
5.57254
0.0449747
0
2.31374e-07
2.54259e-07
3.25365
0
4.37911e-07
0.991172
0.0258634
0
0
3.77785
0
1.03537
1.97508
0.953961
0.369903
0
0.112776
0
0.00466494
0
8.61136e-05
0.223114
10.7761
0.0274351
0.880486
0
0.00612099
0
0.0077117
0
0.809481
0.000188875
4.24143
0
5.93253
1.45047
3.72891
8.65694
0
2.87238
1.10993
5.1596
1.9265e-05
0.325022
0.0152889
0
9.2713
2.93164e-05
3.34916e-06
0.560296
0
6.89618e-08
6.78645
4.03901
0
4.52419e-07
9.49469
2.91601
1.35147
4.56493
0.170874
6.32595
7.04737
9.95019
0
2.748
4.7261
0
5.49878
5.1703
9.14529
7.47498
7.15696
2.2288
2.91718
1.59799
5.03216
2.66307
11.2069
2.44928
0.837991
1.81054
1.55533
0.164399
0.00057949
0
0
0
1.81996
2.63383
1.38073
0.0604697
0.500612
0.000556938
0.276453
0.248795
0.208884
1.0968
0.67153
0.855185
1.16799
0.605342
0.270363
1.24689
5.5736
0
0.987455
1.08073
4.26739
2.43758
0.390786
0
4.52444e-05
10.8303
2.03687e-07
0
0
0
0.103336
0
9.35233e-05
0
0
0.102448
1.55912
0.822506
0.106576
0
0
0
0
0
0
0
0
0
0.000538657
0.000110507
0
0.603882
0.0394822
0.0687621
0.0766576
0.823735
0
0
0
11.4365
0
2.24187
0
0
0
3.3304
0.770647
0
2.17159e-06
0
0
3.47331
0
0.00822926
0.879062
0
0
0.868155
1.25123
2.90241
2.65204e-07
0.0175838
0
4.46084
4.92046
2.92835e-05
8.69812
7.01221
3.79769
1.22236
5.78317
6.88959
2.95822
4.23902
4.84991
4.22181
6.59731
0
0
17.1447
7.72787
14.2957
13.9922
7.03884
4.562
1.52668
7.26394
14.2247
16.4835
4.94466
4.48564
17.2004
13.3063
9.32614
9.2506
0
6.69272
0
8.39875
8.01864
12.5588
14.2163
9.17554
20.7526
9.42511
4.55192
0.882396
5.36063
10.2361
7.77332
5.04111
12.7378
11.6335
11.3094
7.89387
8.38962
9.5596
3.78163
5.54462
0.00264701
7.20188
15.4626
5.04836
0
8.35468
5.84206
2.483
0.676724
2.6975
0
3.38978
0.0243942
1.987
0.73117
5.38205
0.000248305
2.79161
1.06708
0.00587895
0.0403319
2.4377
0.783258
0.438902
0
1.52079
4.69759
0
0.000699153
0.0488209
0.761709
0.119623
5.23036e-06
8.64044e-06
0
0.709375
0
3.70432
2.60144
0.206666
0.188426
0.70339
8.39385
2.38014
8.43643
6.72167
2.7239
15.65
5.19274
0.380287
2.26209
9.57276
8.57628
5.12812
13.903
12.5961
1.7109
6.59838
5.24473
6.03734
0
9.6492
0
4.94344
3.28041
1.77977e-06
1.76078
7.73939
11.5705
0
8.11608
0
0
4.46366
5.18478
0.135268
0
0.97229
0.264408
0.226514
2.87355
2.30085
0
0.00245971
5.03456
0
0
0
0
0
0.158864
0.738632
0.936786
7.60383
0
0
0.871958
0
2.84784
6.28986
0.00206902
0.751162
3.98338
2.63696
0.841262
0.685736
0.188028
0.00338361
0.952775
0.104886
0.559556
1.16555
0.83941
9.89266
1.84568
8.88556
0
0
0.672252
0
6.73393e-05
21.2707
0.0576948
0
0
2.50407
1.21119
2.68129
3.99608
4.13057
10.355
4.77649
5.15083
0.0339573
2.89612
6.83116
1.01994
0.473252
7.55476
0.482461
0.000169964
1.99037
1.39813
5.8333
4.83712e-05
6.63701
0.968515
1.94333
0.0854744
7.15066
1.214
2.26847
1.01698
0.153431
1.18954
2.94233
2.29655
2.62682
0.456973
0.0235117
0
0
0.00383754
0.00895592
3.34913
4.66125
13.7654
12.0869
1.60537e-06
10.3886
6.57514
0.949224
0.77741
1.44094
3.97054
4.29664
3.18361
0.426143
75.8898
28.1248
0.0472636
10.2528
36.28
0.994088
1.45795
0.0292218
0.00103064
0.478574
0.826381
0
1.08826e-07
1.10677
4.09975
6.30247
0
26.4871
0
0
2.29718e-05
0.0342847
5.80671e-07
0
0
2.97058e-08
0.431398
0
0.0749829
3.99621
7.25892e-05
4.83225
1.78468
2.2344
4.81086e-05
0.00242786
1.47466
0.572338
0.0235883
1.39502
1.3884
0.556323
0.0145161
11.6716
11.4631
0.000805201
2.02708
3.73385
0
0.637811
6.85916e-06
2.19131e-05
0.767043
0.000316623
23.5826
0.00317348
5.77219
1.88035
14.2472
0
0
0
0
0
6.43985
3.25894
10.6348
0
14.9642
5.25255
4.60743
0.777574
2.43861
0.0399636
4.31866
0
0
0.00200193
0
0
8.74244
0
0
0
0
0
0.709466
0
0.0854344
0
0
0.000108065
0.168757
0
0
8.39607
1.32628
0.0068502
0
0
0
3.97439
4.28671
0
1.07452
0.0923091
0
0
0.925625
0
4.43547
0.0556776
4.74744
1.10428
2.49387
1.06525
1.69137
1.16389
2.66073
20.693
16.0377
0.420589
24.9592
12.1856
15.0519
4.10928
6.04867
15.3196
14.165
17.0598
11.647
7.42224
12.4496
10.2158
10.8624
9.98565
6.27058
5.79108
8.09715
9.96846
4.93416
4.49794
6.66654
3.3574
0.703938
6.11926
2.60434
4.64399
0.162844
3.75313
1.06508
0.238316
0
0.729383
5.04861e-05
9.42667
11.5807
0.810078
0.907086
0.299282
2.21521
0.00110573
0.0463922
3.4039
0.00118869
4.13448
1.21571
0.345658
0
4.0182
12.2711
1.26826
2.1253
4.2006
3.5987
1.78209
3.52112
3.33333
0
2.7503
4.65525
3.89179
4.34754
0.128907
3.36454
1.5506
0.154967
0.565738
3.59579
11.7277
2.43422
2.10925
0.578043
0.839114
1.73581
2.50075
4.87207
15.7769
8.39138
1.92652
10.9659
27.4167
26.6492
14.7919
24.1695
9.42448
8.87346
5.37114
4.72483
5.67028
3.57342
1.87184
0
0
0.108235
0.783787
2.97543
9.6217
5.96209
5.81291
7.24701
8.81904
4.09461
3.06903
2.77894
1.044
6.07819
7.49143
0.657276
2.24149
1.23866
2.97457
33.9232
0.332267
8.05281
1.66204
1.59606
9.58978
3.39248
1.68574
0.000785703
0.0288608
3.22247
0.309468
6.80674
1.65107
3.03841
1.01874
3.62408
0.992356
7.43878
7.0187
2.66558
3.54438
1.05746
0
0.0327638
0.6606
3.6416
0.404317
2.70972
2.61371
0
11.7575
11.6437
6.69739
6.1122
1.66826
8.3495
5.80973
8.4068
0
0
0.00190053
5.3885
3.73731
4.30848
0.0538002
3.05422
1.22268
2.09114
0.867594
1.32382
0.0964861
1.06733
12.3364
0.485201
7.78856
8.21617
8.54825
5.60694
3.91176
1.00731
5.32557
4.7608
7.56132
3.50119
1.71399
6.85167
6.94066
9.00814
9.31757
5.97791
6.97677
8.2555
6.66401
6.23294
9.07133
10.5847
9.88402
2.65543
5.071
5.3873
2.64888
3.88896
8.08346
4.66944
5.29149
5.65355
4.68826
9.57245
7.88182
2.12878
0
1.87829
0
0.713802
6.0602
5.27097
6.65335
2.47448
2.74778
0.557026
5.81953
11.4297
6.73018
5.60485
7.27618
4.38889
9.07219
3.78312
3.72374
3.99163
3.59391
2.95045
2.91962
6.34391
3.83424
0
8.48652
2.89157
14.3213
2.29956
6.41075
0.607468
0.807605
0.687765
4.02404
5.64231
4.25499
1.03733e-08
2.37804
5.51481
1.22768
7.67637
1.11667
2.00072
3.68205
11.7356
2.83654
1.0315
0.106205
6.89121
17.4292
0.0273841
1.59957
0.0691617
1.49726
0.98259
0.0615844
1.19405
3.43354
0
1.73516e-06
0.309943
0.695934
0.080487
8.82885
1.29729
1.55972
1.87273
0.0192142
0.951746
0.0620757
0
0.00786326
1.79046
0.196052
0.0542298
1.06754
0.877538
2.09815
0.96267
5.3787
3.31462
0.265797
0.9147
0.0149802
4.5884
0
0
0.00203634
0.0559484
0.102089
0.917755
2.11996
0
1.19046
0.0503941
2.46593
0.00149351
6.87516
0.000229609
1.30471e-06
10.5769
0.00127797
5.95645
3.49669
17.14
0
8.72926
0
0.0341167
0
0
1.93024
12.7536
0.000174124
0
14.6794
0.0315896
0
0.169136
0
0.0126967
0
0.0589453
0
0.689381
1.84752
1.11828
0
2.07751
2.36286
0
2.89321
5.52205
1.81389
0.260923
0.0678882
3.34131
4.72035
3.70955
0.093677
0
0.0733977
0
1.10889
1.76848
0
0.666162
0.435766
0.324464
0
0
0
0
0
0
0.00879704
0
0.378202
0
0.193965
0
0.000935634
0
0.975707
0
0
0.000187071
0
0.154915
0
0
0
0
9.77776e-06
11.0525
9.09041
13.0542
6.3575
3.17716
5.09061
2.10232
0
0
0
1.06633
5.41493
0.365566
0.00494635
0
1.81485
8.84853
28.5009
19.7068
9.69169
1.9343
2.73204
2.47523
7.75517
1.52045
5.15717
3.93126
1.71728
6.7568
6.2221
1.21525
12.7726
6.22265
0.96715
3.15575
0.698189
4.36826
1.52156
2.5542
0.0248024
3.24167
1.48514
8.34475e-05
2.12412e-05
2.36486
0.235706
9.10101e-06
0
0.720994
0
5.00166e-07
0.729917
0
18.429
0
1.36902
0.0478993
3.16308
0.491907
0.677718
6.15508
4.85107
0.692489
3.13703
0
1.74203
3.04945
6.47021
7.71695
26.6215
8.23348
12.8752
1.15951e-05
52.3188
0.000424019
12.2214
15.7421
12.5364
1.20827
0.0699433
10.7221
13.9803
7.09391
7.78192
11.8471
5.59643
37.8928
9.8328
0.0772198
1.3565
2.33314
3.88376
0
10.6714
10.0627
2.89737
0.341571
5.87972
0.0199577
1.0452
0.00235272
0.0314113
1.79541
0.0157256
0.469524
0
11.1382
10.527
9.73489
3.17469
2.8612
5.62548
0.160077
0.293913
2.78457e-05
0
0.414473
0.560727
2.27582
2.26171
2.65067
3.47968
6.3726
3.92938
10.9756
8.17068
0.0125766
8.6029
0
9.85141e-07
0
10.7296
9.84244e-09
3.26743
6.30222
0.0140852
1.38756e-06
0
0
0.286705
0.0284135
0.785409
0.278361
0.0181093
5.16633e-06
0.708001
9.76799
0.729867
0.0884026
6.67724
3.43451
1.11571
2.39059
0.000904851
2.67229
4.38411e-06
5.26432
0.778698
0.179192
4.32128
0.194966
0.724904
0.14811
0
0.019931
0.0263857
0
0
0
0
0
0
0
1.03336
0.542428
0.00717623
0.487381
4.24641
1.53114
3.35306
1.08654
0.297946
8.25393
0
0
0
0.00189082
4.83218
1.83794
6.46781
3.88912
10.1541
6.41066
18.2586
5.26403
14.3478
1.45699
5.11957
6.604
0.557616
5.02049
9.75937
4.21131e-07
0
2.52943
0
1.82267
1.90602
9.63063
1.60044
5.57971
7.13961
2.21957e-05
32.9877
9.51632
7.20482
9.43389
0
17.6554
0.263695
19.6592
1.91658
0.430584
8.60257
5.34187
2.97875
1.20135
0.00180756
0.0198002
0
0.241098
1.17469
2.88287
0
6.51435
3.77124
3.23508
3.72368
6.54343
7.7072
17.2581
0.0071924
15.489
7.48213
19.6412
5.07842
8.00629
1.01901
10.3618
0.601029
4.82577
5.55731
9.7463
4.57458
3.53133
8.30917
2.00428
2.66707
1.81169
5.15217
3.02009
9.08761
7.39869
5.95119
7.8392
5.04695
4.87605
4.60095
10.7072
0
5.99795
3.40159
0.207377
5.20288
11.2609
0
11.7186
18.2168
2.79481
0
0
9.98644
6.79688
7.22717
8.13293
2.73717
6.74836
6.12019
0.0703667
12.3062
14.9428
13.0912
1.03203
10.722
6.65263
10.1905
9.42383
16.4196
8.48974
9.93359
4.34852
27.6797
12.9664
0.0225432
20.507
23.3358
15.5892
1.78827
3.63582
12.6013
38.2218
16.2432
1.30424e-05
15.841
10.1786
6.00734
0
3.24361
4.87551
3.97043
6.91373
2.78771
13.2256
7.19716
0.0184376
0
0.765945
2.88274
24.0485
0.0899029
3.59888
12.5086
10.5467
14.9352
13.7055
0.0299559
18.5445
0
13.8448
16.9729
16.2174
27.7607
1.53571
20.715
19.3287
5.84413
21.6431
21.1417
4.29149
16.4872
0
5.18861
6.55799
5.48959
0
6.43808
3.74659
6.96358
6.43695
10.19
4.52891
6.33313
1.38205e-07
10.1302
8.79858
2.56133
5.43353
7.32038
0.00156404
10.0925
4.22439
0.807354
3.61718
4.24502
0.0340708
2.40824
0.00524529
9.31883
0.413269
0.519831
2.03568
8.43777
5.68453
3.01951
0.523392
10.282
0.0266627
0.961612
1.175
1.79765
0
6.70275
6.29438
2.65817
3.45568
3.23858
5.48195
7.66739
4.11736
3.36846
9.45161
10.4899
7.4993
3.36424
5.60031
0.984067
6.78377
13.6114
0
2.10002
8.63997
38.4901
3.25301
1.983
38.6543
2.4699
2.2189
1.24851
11.3092
9.35873
6.47961
10.0628
15.5517
13.7228
2.34234
2.15456
6.54046
14.2711
15.1295
2.14304
0
5.90991
3.36222
1.73761
13.55
1.24646
0.0378235
7.05078
0.821031
3.91588
4.98075
0.0447168
5.61149
0.775942
8.45104
2.26205
1.88256
0
0.557712
1.93689
3.79743
3.48675
6.55982
2.92408
0.972019
0.0162197
2.12613
7.71516
7.54794
4.69314
11.2273
0.943575
12.2064
2.22443
12.7925
4.80073
1.98173
9.99722
4.54559
1.17495
2.48221
1.33642
15.1444
0
2.978
0
3.76227
1.14936
0.0642929
3.28183
0.917413
2.01648
11.18
0.781189
4.27552
1.0427
4.67901
6.10852
1.27666
5.36062
8.37504e-08
2.89927
0.926984
1.02402
0
10.2797
2.74968
0.508793
13.1211
20.416
6.45757
5.78758
0.05317
0.244552
0.003456
5.16366
4.47593
2.0229
4.03995
6.02958
2.7956e-07
3.84812
0.061246
3.27508
3.75842
0
1.20414
0.820158
0.467425
12.4081
0.035707
0.000446775
0.395765
0.0232457
0
10.1401
10.916
12.476
0
0.000240045
2.42616
3.32609
5.81358
3.74698
3.25786
3.41015
7.11529
2.76641
12.8577
5.70583
0
2.22835
1.62658
2.33669
3.92988
0.00702609
6.00838
7.10832
10.013
0.858746
1.87744
4.58255
135.544
4.17404
7.3656
2.859
124.581
3.35712
0.618401
5.30197
4.89104
4.41702
4.67141
2.19337
10.8001
2.50829
5.7717
6.44853
2.12547
3.80382
1.42759
6.14514
0.0767665
1.19359e-05
0
2.54604
4.22723
0.800071
0
0
0.512131
1.48932
1.88095e-08
0
0
4.54326e-06
0.145837
0
0
3.30101
0
0.539268
1.56834
0
0
1.15782
0.0675365
3.73189
0
0.460246
0.313412
0
2.10326
0
0.0989966
0
0.514032
24.8264
2.78745
0
0
0.117542
0.0796795
0
0
0.101912
4.75289
0.64887
8.61297
0.261016
3.72749
0.0315326
6.22677
0.366679
7.75542
3.3873
1.33654
0.854892
19.3737
1.43054
0.852941
0.513156
1.84778
1.69381
0.834589
0.606324
8.7409
8.63574
10.3949
7.23296
5.69597
1.53816e-06
0.00324932
0.62131
0.404315
6.75288
3.67773
2.02148
4.61361
1.70716
3.11634
13.9489
0.454917
0.14889
2.16373
3.75282
6.90612
6.03451
3.86801
9.63405
1.0116
0.712543
5.863
0.532463
8.21017
12.2875
8.49409
22.3027
0.1948
3.13982
22.8678
0.914875
0
0
0.383265
0.180321
0.38116
0
0.33154
5.87619
4.4564
0.0133199
1.60642
19.5039
0.458422
3.68208
1.07997
0.59946
0
0
0.0653746
0.0880095
2.11101
5.78213
1.47956
2.11737
10.4483
16.0325
0.759107
9.84244e-09
1.07991
13.7273
4.01427
0.516406
0.210277
0.172775
8.74142
0.891128
0.0218083
5.30224
0
2.27578
0.303417
12.6708
6.07402
2.40791
0.17327
0.344947
10.4848
0
1.8324
5.70369e-05
0
0
0
7.57534
0.0523084
1.516
0
0
0
7.28496
0
9.51164
0.54509
0.00552422
8.19134
0.0101739
0.0209303
0.895672
3.35377
0.0111408
0.000160744
2.13354e-08
0.294242
0
0
0
5.88878e-08
0.000464957
2.2467e-07
0.0177465
0.470527
0.93688
0.0143393
0.000347983
0
4.62809
0.0241516
0.923648
16.4508
2.05982
1.59954
2.91453
2.98748
2.69392
1.02254
4.82939
2.36939e-08
0.0182966
5.14663
0
4.58415
8.52883
3.78666
1.59974
2.34216
1.47969
1.50947
0.287113
5.30097
0
0
0.00711948
0
3.28464e-07
0
0.0958711
0.000646071
0.000412758
0
0
1.59293
0.00800987
0.707409
0.64318
0.084395
0
8.14626
2.12574
1.65587
6.1469
26.3837
17.3473
13.9646
0.0270906
0.166949
7.15158
5.53923
3.42085
15.3065
21.9503
1.22142
0.982305
12.8084
0.261921
32.617
11.151
2.46599
2.85076
6.98594
0.744221
10.3103
1.16075e-05
1.32538
0
3.49638
0.911324
0.000196572
10.8708
6.52714
0
10.778
4.53299
8.67208
7.56544
5.61538e-07
4.89227
14.756
5.60954
2.41987
5.34467
23.2107
1.23278
1.47649
5.12348
2.41922
0.886549
0.0174537
8.09128
1.53755
0.608638
0.887447
0.854002
0.786769
0.0681642
0.917776
2.41014
3.22642
1.57451
0.175072
0.010267
0.924849
1.13122
1.06017
1.2265
1.26974
0.796552
0.0333891
0
0
1.5201
0.0988832
0.0653891
0.868429
0.7369
2.12957
0.647457
1.72657
0.389269
0.486677
6.24365
0.020906
9.1944
2.24334
0.599009
0.776941
1.2132
0
0.00589132
0.635979
4.19585
0.581435
0.719141
5.49552
10.174
0.754611
1.01507
10.4683
12.1844
4.79083
2.60028
4.87396
19.5805
1.8142
12.3955
8.50648
0
0.410431
13.0521
0.000240369
1.81603
1.72738
0
0.934186
0.011598
0.968069
0
0
0
0
8.14706
0
0
0
0
6.28
7.4769
8.24113
11.2927
1.16372
12.6264
8.97603
2.27466
15.6885
0.758878
12.8046
2.57129
0
0
8.29047
0.754624
0.0260379
0
0.00118636
0.689411
0.136377
4.02408
0.0453637
2.28798e-07
18.5098
2.04644e-06
0
0
0
1.61152
7.17955
2.56482e-07
0
0
0
0
0.0583403
4.35861
0.961546
0.971574
7.47324
0
2.61885
0.48123
1.45409
0
0
10.6427
8.20886
0
0
0
0
6.47952
0
0
0
4.29819
0
0.000101911
5.8585e-05
5.37869e-07
0.027518
0.131672
0.917938
0
0.00260889
0
6.41606
0
0
8.21665
0.89528
0.0420485
0.0116167
0
3.48905e-08
0
0
0
0
0
0
0
0
7.82086
1.41283e-07
1.03489
0.0963252
0.0326495
0
0.0429529
9.66585
0.745985
0.0018746
0.887431
1.62936
0.94584
0.599442
0.964213
0.672531
0.0585226
0
1.03169e-06
7.06802
4.61779
8.59987e-05
0.0281948
0.0570326
2.49868e-05
4.59263
0.00120059
6.84569e-05
0.00116177
0.334423
0.216198
0
0.0100787
0
0.117838
0.0606345
0.0668421
1.02467
1.78935
0
6.50185
1.14568
0.129182
0.885062
0
0.0774298
7.68413
0.0650605
0.271571
0.000798799
13.0781
0.0177333
0.212588
0.00150254
0.00459606
7.72884
1.57591
0
1.18448
0.522046
1.14217
0.158035
1.82202
0
1.85444
1.76226
0
0
0.52909
0.0307463
0.753098
0
0.02287
2.0166
0.0584355
0.000907785
1.10032
0.0126915
1.04298
10.3098
1.71853
0.53448
0.000147426
0.998745
0.0272949
0.0825902
5.63821
0.249018
1.07097
0.0708612
1.01762
4.47323
9.10693
10.8815
0.639768
3.63073
14.122
1.05403
13.8499
1.9849
0
7.41224
0.186583
12.542
0.826551
0.805113
6.71784
0.0167429
3.58454e-06
0.000807867
0.027348
8.39915
0.3317
0.912603
2.89262
7.41377
0
6.52016
2.97838
6.59189
1.96113
0
10.3613
8.61977
0.00406542
0.0386142
8.98021
7.043
0.399073
0.0938181
13.84
3.11365
7.47876
3.74619
13.0024
3.3166
10.7627
4.41845
0.996177
12.0944
0.247751
4.49243
9.9829
4.51158
7.02376
0.331508
0.12469
2.65808
4.20715e-09
0.0544077
0.971782
0.349789
1.23059
0.358871
1.01611
4.55609
0.938702
1.02307
0
0.205004
0.0094351
0.814118
0.0072797
0.41878
10.3302
1.59129
0
0.000332821
3.54334
0
1.37958
6.76816
1.55362
1.09792
1.5489
17.5842
0
2.29084
0
0
63.3985
0
8.17184e-05
7.08115
0
0
16.419
1.35517
0.166179
0
0.167317
23.4394
4.1712
0.0151579
7.51312
0.189616
0.153594
14.8873
5.70434
3.96058
3.9226
0.959834
8.14916
1.60682
1.41681
1.62142
0.0687071
0.107609
0.979456
0.116747
0.905004
41.2479
0.0102273
16.1606
3.83529
0
7.45842
6.80107
13.6508
0
0
0
1.85866
0.00421198
0.937213
1.07809
0
0
0.0526019
0.893777
2.4157e-07
0.00657138
6.70299
5.65456
0.0307113
13.1178
1.13458
8.79347
2.69151
1.25281
0.0122117
0.0275657
11.6781
2.80025
3.72381
3.01639
3.74345
9.85816
8.12338
0.793366
0.934792
3.52025
6.13046
1.58897
6.86173
1.34906
7.29773
4.58811
3.53623
0.535818
0
0
0.0581547
0.0909877
0.00478665
5.76119e-05
8.30479
0
0
6.46966
7.2231
7.25079
7.30591
1.60373
0.049127
0.0865202
0
0.330908
0
0.000209643
5.78127
2.62089e-07
0
2.04187e-06
6.80827
2.40328
5.04993
1.57864
0.819759
2.50668
0.339757
0.0180253
0.155073
0.523311
2.67999e-06
1.64228
0
0.262603
1.67243
0
1.00357
0.0382205
0
0.675684
2.1611
0.894528
0.929654
5.50371
4.56394
0.00383772
6.72851e-05
0.00678531
0.000863226
0.0376607
1.54363
0
0.000130958
0
10.804
2.04976
0.508014
4.74278
0.321656
12.0764
0
6.96697e-07
23.1211
