4.72241
5.85967
6.46943
0.902956
2.23712
8.30277
0
8.57672
0.941493
12.2595
15.2323
0.403421
6.7699e-07
1.51392
5.82996
0
2.86204
9.80472
17.6108
40.3887
6.86532
1.89973
7.63357e-08
2.26033e-06
2.14948
3.28005
2.69754
2.78452
22.3424
0.0247569
0.870675
0.923983
0.209824
0.867938
1.21846
0.00372978
3.92325
11.2972
12.4867
20.1394
7.81428
8.93789
4.15926
8.39849
2.16354
7.92435
3.58993
0
0.000637592
0.129769
1.47813
0.795836
11.0564
2.79876
2.28993
0.303689
17.8626
0.562386
0
2.85473
2.24183
2.5824e-05
5.5235
5.88653
7.65346
0
3.65432
1.91524
7.95717
0
18.7287
0
0
0
3.36229
1.07775
1.4494
0.937913
0.857366
1.33873
0.0519411
1.44146
0.27518
0
27.2322
5.83403
14.9544
10.1106
9.07579
6.99191
17.9337
11.3503
6.28813
13.4042
9.83236
8.45242
11.8919
21.5427
1.46462
1.03398
6.33765
1.62388
8.46051
11.8242
9.22691
3.41189
5.86651
6.98335
7.46182
12.4778
7.38525
9.89636
8.86631
14.0661
8.23299
8.02541
2.24566
2.02365
1.24585
1.2068
3.33523
3.31752
3.44236
3.43979
0
1.75799
2.70898
7.3327e-07
0
0.0605308
3.31991
0.217024
1.12343e-07
16.9705
0.925414
4.52374
20.4532
0.411704
0
3.52428
0.000145938
0
0.620148
1.75216
0.887711
1.42616
0
0
24.6197
60.789
0.380032
0.0546011
2.37273e-07
1.53775
9.09579
0.903999
6.08543
9.19956
6.69268
1.22898
43.5453
8.17675
20.9818
13.9116
0.00220735
2.7862
7.39562
14.6637
0.641735
0.291982
10.3646
2.13578
15.4236
11.1553
0.785551
0
0.00441074
0.715141
0.000520843
1.36627e-06
3.36164e-05
6.06563
0.046893
0
9.95695
6.24482
11.4807
5.38712
7.91972
22.7572
16.2671
14.6106
8.97574
6.5984
1.09101
0.0996934
7.16178
9.64683
8.24883
10.5574
28.6592
89.4489
8.147
32.5967
12.8715
7.05056
14.614
8.82235
45.523
4.28369
13.2641
16.4215
2.03609
12.7566
10.5495
22.5194
5.18664
15.0108
11.2714
6.24981
0.368678
3.23183
12.8301
2.93692
19.6256
13.0397
23.8843
15.9046
18.8627
0.39699
3.10948
3.65366
18.218
0.612552
3.03238
0.411932
3.1492
2.67259
2.78684
1.60744
0.421134
2.61786
1.83983
0.613203
0.199973
0.0837921
0.0472726
0.0135481
1.51958
0
0.913716
2.22159
0.00541298
0.630917
0.0133705
0
1.85874e-05
0
0
0
0
0
0
0.0221213
0.502725
0.0241744
0
0
0
0
2.4846
0.290649
22.2912
0.0557528
0.0048177
0.914043
0.126579
5.74672e-05
4.83066
0.0473384
23.3197
0.00283259
0
0.000943672
0.524964
0.00903132
0.240946
0.0794979
0
3.60404
0.0696794
0.0959383
0.107784
7.31056e-05
0.0386663
0
0.799699
19.4607
4.24913
17.3225
9.54238
0.791953
7.57284
8.87301
1.00283
8.73915
2.44242
4.00884
0.516426
0.348335
0.234804
2.42443
1.41262
3.71099
5.14793
8.73181
26.1588
5.89563
5.83737
5.14805
0
2.5275
0.633051
2.21726
7.15027
1.14612
0.0376686
1.0613
0.00315062
0.172093
3.97214e-06
1.46259
0
2.71878
2.38058
4.61627
1.96173
4.16491
8.48384
0.132362
20.2826
2.59121
4.67841
0.0903349
1.21289e-06
1.38622
0.121053
3.74237
5.07502
4.49349
0.0136609
0
17.4216
2.49529
0.278037
0
3.08129
0.259222
0
2.26758
4.74102
3.05405
0.0171163
2.19279
0.098214
0
0
0
2.60091
0.382332
1.78329
1.72559
7.01575
2.04047
0.310619
0.0950584
0.17456
1.52398
6.95225
10.6704
14.1841
7.5537
0.236378
4.82679
7.82877
6.35683
9.54944
12.3856
4.24426
6.41695
14.8951
4.2046
9.07306
2.66238
1.5924
15.0711
11.3462
6.81451
4.35821
9.20513
5.90827
10.5897
9.95723
8.36801
8.62988
12.2635
5.36358
6.51432
3.68776
9.03524
2.2375
12.1916
4.65969
5.56152
3.23547
4.27218
38.6531
8.80262
10.4089
2.97222
1.01944
1.85613e-06
13.7602
37.7376
25.5548
23.779
5.82041
21.8987
24.1782
15.4593
1.35752
25.6851
44.1071
25.489
18.5333
15.2452
34.0449
0.488128
21.5634
19.8048
14.7782
6.13873
9.15569
2.69447
10.2815
0.225915
3.17041
0
2.79294
11.4462
8.3661
1.70516
7.55877
9.1294
13.8461
7.07015
16.8834
8.18813
9.55209
3.6312
10.1919
0.222237
0.0807251
0
6.93829
0.858921
24.3244
5.27259
0.711195
1.31288
0.972267
0.0448181
0.0658301
0.0144934
0.264564
0.660761
2.97565
2.78595
1.60496
6.13453
11.1827
3.68468
0.784845
25.0902
13.5114
6.36878
8.96385
21.4376
0.142111
11.9007
17.7874
20.7076
16.339
1.0311
5.80773
5.39512
3.82141e-08
0.0115167
0.0305906
0.0016765
13.7236
26.7083
4.32835
8.84054
13.731
5.30017
6.91976
4.07328
0
3.64047
9.6375
0.754673
0
4.05314
4.42507
8.15172
8.16863
13.2491
5.06291
0.56377
8.79166
11.435
10.6832
0.949962
4.886e-08
10.5447
0
8.58715
0.00388122
0.122127
0.752278
1.83583
0
2.99831
0
1.13075
0
0
0
25.4789
0.935001
0.928136
3.93713
0.408958
0.906373
0.342395
18.414
19.9794
18.4522
12.6764
10.5599
9.04887
0
16.6365
0
14.6815
8.15566
12.0256
9.15092
2.05111
2.2116
0.468573
0.0443891
11.944
0
0.000403131
5.62695
0.011109
13.3051
8.36655
3.50874
12.9337
2.87434
2.02513
0.205878
5.01629
10.346
13.5056
34.1302
5.9466
1.04663
4.34304
0.0640837
7.67825
6.90367
2.62035
1.8151
1.66518
9.37388
0.683218
1.03529
0.0767623
2.71373
0
0.0867196
0.98006
7.24024
0.83214
0.270554
1.81268
4.159
4.74057
2.54323
0.00638534
0.966982
6.87369
0.823209
0.602285
0.991009
0.996339
0.00767102
0
7.22007
12.9094
25.808
0.846284
0.109155
1.22216
10.2502
0.450274
21.5126
13.4364
1.82271
1.73719
0.380707
0.917629
0.773285
14.4511
0.00966758
2.69744e-06
1.65936
0.917634
9.26477e-05
0.14038
6.90394
0.0301919
4.93278
25.5628
2.00651
0.983378
6.87251
1.24626
7.49103
7.30753
1.35434e-05
8.46069e-08
0
1.60201
29.2714
26.1122
0.0588974
9.47295
0.252156
10.3811
2.49957
7.12358
13.4485
0.367686
1.14458
0.00462052
0
0
0
0.570123
0
5.42589
8.45755
2.08367
0.81997
11.9213
0.824261
9.87304
3.69191
10.9972
20.5698
0
10.9641
1.01862
6.19963
15.1634
0.493978
2.46951e-05
9.00168
11.1213
0.0451727
6.94055
0.520791
0.74096
0.237105
24.2326
3.62729
11.8474
13.5716
16.7071
9.53275
0.0628447
0.678655
0.364727
0.948261
0.960189
0
0.000636803
0
0
0.555368
15.4963
1.20499
2.78694
2.08254
0.0239441
5.02271
4.2642
0.00288506
6.0081
1.67983
6.38772
1.16273
6.38195
3.56318
11.9413
15.6008
5.662
7.3385
10.6028
11.0128
0.00492697
4.73941
11.1269
5.16162
0.000699741
12.0345
0.0230126
24.958
49.6885
5.41863
38.8014
27.4498
10.4467
11.5008
1.9064
0
9.30152
16.1786
2.0952
0.0244077
0.580299
0
19.9178
0
0
0
0.0362476
0.0410637
1.07581
5.37189
17.6504
5.49624
1.37451
0
0
0.00830941
3.59812
11.2333
0.0229918
2.85318
33.0611
0.108984
16.231
0.0178678
11.8528
13.7957
15.9171
13.6357
2.27162e-05
3.02306
1.55673
1.1397
0
0
0
0
0
0.0335974
0.00458229
0.867681
4.07416
9.36521
1.40551
8.56204
8.08781
3.22037
6.31917
3.0128
3.19628
3.27898
0
2.97011
2.95894
4.87677
2.18174
21.2437
5.1628
9.16086
0.789637
0.893123
5.39074
0
12.8702
0
0.0543057
0.0635034
17.2445
12.8112
3.99238
2.61403
2.04146
13.6174
0.0580017
0.000755561
0.250414
11.0092
0.123855
0.405984
0.934208
0
0
0.76993
9.76539
9.02915
3.99496
3.56715
14.3376
4.45305
2.71399
4.26252
3.95508
11.5289
0
0
6.29163
2.16025
14.6301
1.63309
0.86051
0
0
2.55063
3.66759
11.1389
11.1747
8.24355e-08
9.85351
9.51419
8.72252
0
11.7337
0.0261645
0.835336
6.39071
0.0828911
0
6.55284
0.00450719
0
0.0443469
2.86147
0
0
0.962719
1.23992
1.05056
0
0
8.95813
0
23.8756
0
3.73013
1.18527
1.66041e-05
0.0337667
0.0208063
0.0836968
0
0.000346627
4.19751
5.67477
9.80428
25.3016
0.00112995
11.3739
8.27236
2.72296
3.62124
2.94397
7.02079
1.83363
10.7705
11.7251
5.29088
9.49357
1.70141
8.37841
7.89202
6.51055
10.4111
0.183131
5.93799
5.67835
3.43235
7.98224
0.00406157
4.98024
3.00664
2.70136
1.9912
2.71488
7.1289
0.412518
0.443589
0.00143998
0.393443
2.21975e-05
7.69502
8.75343
13.0204
16.3264
2.95781
0.00101791
0.509135
3.69216
15.676
0
12.8125
4.47049
4.80278
0.000608827
0.774432
0.0321249
5.51649
1.02724
10.4958
5.12061
0
0
17.1318
0
0
8.80008
2.04145
3.38763
0.0167314
9.4756
4.33951
3.32336
3.8484
4.46402
6.93014
0.717428
0.149953
4.33672
0
0.27907
1.19656
1.99445
9.16378
46.0895
18.5036
1.87293
0.00841773
0
0
26.7471
13.8644
0.00027666
10.6749
2.90748
18.1988
8.50709
0.419085
0.811718
3.7702
0.107436
0.601683
0.829283
2.80805
0
1.416e-05
17.5276
0.802017
6.83249
3.71274
1.25799
0
1.07495
0
0.002541
7.66605
21.106
2.09829
22.1169
11.9398
0.427712
0
0.500126
0.043026
2.71327
1.32569
1.05127
1.04718
0
0.440575
1.6273
0
0.00347536
9.13172
1.93512
1.17458
17.2427
2.82685
0.03112
0.00186739
12.3763
7.85618
3.17323
0.011489
0.30114
0.121565
0.0704532
6.88183
0
0
17.2464
1.40786
0.592981
0.00429488
11.347
4.55384
0.268424
8.25832
1.37189e-06
6.72918
0
0
1.28673
16.2609
0.000569686
28.4779
0.270749
5.64357
0
15.8417
8.37662
9.28084
14.6685
6.75448
1.58993
18.3689
5.40776
0
0
0
8.97952
15.5304
9.12198
9.83585
0.202857
0.273922
0
14.9355
16.7787
17.3943
11.4527
6.18587
8.87258
14.8195
13.9832
10.2517
14.009
2.77916
7.1196e-07
22.5998
12.1388
0.0296331
0
30.8212
8.67247
2.50324
0.616328
2.8655
0
9.39878
7.87398
6.42856
0.158338
30.781
12.3291
9.70536
16.9124
10.4002
6.24576
12.2562
4.4567
15.3739
0
0
0.437305
11.8234
22.1465
16.3344
11.7179
21.8119
30.9071
24.5929
15.0325
21.3062
31.4239
36.0073
22.54
4.81093
5.97278
0.229223
0
0.112876
2.15137
2.18857
0.014798
0.0832268
0.377677
8.90964
0.481823
1.0407e-05
7.506
5.27086
8.65659
7.04114
5.92132
5.72015
5.98471
7.98478
2.29507
9.9853
11.6302
8.97239
2.66877e-08
11.6279
19.6112
13.6555
20.2017
21.2334
17.737
0.0849123
0.670077
0.123206
13.5923
8.6852
3.49475
3.01546
11.9422
0.0351506
0
0.160016
0
0.00542432
30.1668
0.000519127
13.0273
0
26.4791
46.7624
0.437015
1.89382e-06
0
19.7902
27.1248
13.1737
9.69317
0.224659
2.22099e-06
46.0893
20.6755
2.48954
0
7.24694
26.3432
27.7494
0.0196943
7.60811
20.4762
2.51739
23.7357
0
0.872656
17.6498
0
0
0.079984
0
0
31.0626
0
1.44802
7.51513
16.6625
11.628
15.7567
5.64359
13.2957
0.0537272
17.9315
0
21.6283
14.8234
0
14.8547
8.86185
20.0896
0
2.22975
1.04292
15.8586
12.4077
3.37758
9.99017
0
29.5855
15.7602
16.0956
9.02628e-09
7.02587
4.79675
22.8188
16.3482
0.425534
9.91218e-07
0.340129
14.437
0.0873342
13.1449
1.82376e-05
0.00974021
8.12616e-06
0.718513
13.8592
0
0.742357
1.27343
18.126
0.0140163
17.1202
22.0033
0.0545072
12.3479
2.36469
8.1701
7.66325
12.8142
0
0
0
0
0
0
1.16164
9.0889e-06
6.80144
2.72697
2.42601
10.2248
11.6496
3.47044
12.5423
9.01237
0.873791
11.7789
11.8007
11.5963
16.8408
18.8346
19.8535
13.7268
2.7903e-08
19.1099
21.8458
20.1773
14.4099
21.3
3.26496
26.3748
17.0699
5.8466e-06
16.6292
0
7.69522e-08
17.3907
0
1.71007
0
0
0
0
0
0.437583
6.45865
3.4864
3.14686e-06
8.38939e-08
0.523929
0.00757675
6.29669e-08
0
0.839187
0.00493358
0
1.22288
3.05038
20.0531
7.87829
0.993528
0.19977
5.06664
15.456
0.511147
0
14.8985
2.86123
15.6854
30.8127
0.615067
0.767447
0
0.0817527
12.4094
29.3794
1.08923
0.156754
0.580616
0
0.830755
0.33753
15.885
15.2121
0
1.79148
1.835
1.2313
0
0
10.8404
0
0
0.302669
8.8834
2.45902
3.43487
4.6423
15.4806
5.78727
5.12111
13.5003
1.55598
9.81404
1.6189
1.26475
0.392685
0.632563
2.06205
3.66123
6.72057
0.137651
1.34669
0.168916
0.407637
0
3.24374
0
0
0.37277
0.0669397
22.1971
11.0136
0.901971
10.6
0.198853
7.56405
1.89376
0.246515
1.43186
7.14365e-07
0.0641242
0.000274076
1.22117
33.2627
29.439
21.3435
12.0529
10.9324
0.0151734
11.989
10.77
0
11.4769
0
3.19155
0.0270194
2.94225
3.55963
0.812735
0.75386
0.0127374
1.20407
4.40829
7.50091
6.44974
13.2724
8.55802
1.34338
0.000373455
0.00402784
0
2.83545
9.55639
0.0378872
0.00573453
5.07017
3.81848
3.47249
1.2943
1.93492
0.0208729
5.81446
0.247761
0.196297
10.8709
0.984876
14.1944
0.248952
2.07315
32.272
11.4861
1.20422
0
15.0226
25.6692
1.88
7.94422
1.042
3.26102
4.94928
3.27565
0.464165
10.1602
2.50835
12.4776
9.51622
12.0678
2.55977
5.97355
4.15468
3.01774
12.2434
1.7301
0
0.0894757
0.027714
0.648052
0.167186
0.0261959
6.91178
0.42711
20.4634
0
0.266571
2.10833
0.674602
0.760076
9.41728
0.315958
3.17045
10.5558
12.3955
1.57532
9.36194
3.60801
0.228279
0.969955
6.20098
10.7487
9.89852
5.04796
0
0
12.1464
4.59658
1.34834
0
4.57037
0
0
0.469257
1.29627
0
0.314616
0.410419
5.3597
0.9641
2.84564
0.00786545
71.845
2.43036
0.0121861
0.232182
5.80307
0.927436
1.48756
36.352
0.341839
11.1193
15.1684
4.46547
0
57.4189
1.45357
0.923641
2.99701
0.000342649
0
0.00247273
0
0.0157395
13.0929
0.176947
0.736944
0.334732
0.887952
0.207729
15.6685
0.468226
0.0739947
0
0.764769
0.993248
0.153664
0
11.3141
0
2.23086
0.823771
0.0491843
6.26483
0.242065
0.00897304
4.63532
4.26682
0.00587262
0
11.4132
5.52875
3.32209
39.5548
13.6939
14.1017
0
0.00775638
0.417621
0.470525
0.501422
1.04296
1.58617
1.17857
1.94618
21.6112
9.09969
1.12036
0.770244
2.02357
1.3921
2.25512
0.0591288
7.28286
0.0382787
0.788538
0.00706203
0.0970904
1.20631
0.634922
0.601064
0
0.000415985
0
0
3.1772e-06
1.9754
0.0532048
6.11381e-06
0.15454
0.750657
0
0.0211302
0
1.20989e-05
2.0562e-06
0
17.0407
6.00531e-05
1.99316
9.35381
0.124516
1.42029e-06
23.3992
1.11093
10.9323
0
0.920078
3.23894
0
0.286812
0.626686
0
0
1.71417
0.13656
0.705026
0.724301
1.70491
0.0251214
0.0407672
18.8833
0.0376115
0
12.8935
0.0116061
0
0.183487
0.643964
3.15751
0
2.60443e-05
0.200495
0.0412602
0
0
5.95733
0
0.269091
2.91251
0.601745
1.25542e-07
0.0525617
0.748033
0
0.984367
0
3.90649
0.0855174
7.04192
0
0.113197
2.10491e-07
0
0.316026
0
0
0
0
16.2597
9.15537e-09
14.8478
1.99348
11.2179
21.4779
0
14.3787
11.1718
35.6498
1.57827
0
3.05154
0.0363224
19.5904
0.30384
0.0755017
0.882534
0
0.521512
14.0014
21.0032
0
0
10.0692
2.6411
3.81716
4.39849
4.24554
14.3254
6.53271
30.2238
0
1.80908
10.643
0
12.9301
10.0199
23.1078
10.2076
4.10591
7.69355
12.7207
12.1199
7.77615
12.3227
11.6458
3.0681
2.97358
1.93148
10.6584
4.3871
0.00712559
0.0165882
0.00368637
2.36627e-05
4.43069
7.50505
6.05791
0
1.94749
0.0016977
0.0931322
0.126745
7.2087
2.64247
4.35316
3.62448
1.20376
2.40332
4.56771
4.07106
15.9551
5.51739e-05
0.00509088
2.70393
3.52912
1.15074
0.924363
0
0
4.98615
0
0
0
0
0.0013374
0.00202056
1.03344
3.16695e-05
0.0565104
0.254064
1.62617
0.0086212
0.845564
0.743444
0.15024
3.18063e-06
4.59551e-06
0.21221
5.12172e-07
0
0
0
0.000250655
0.207519
0.708198
0.963072
0
2.17996
0
0
0
0
0
11.8214
0
2.50664
2.16186e-07
0
0
31.9649
0
0
0.0397309
0.778124
6.6408e-07
24.4996
0.687044
0
0
0
0
2.57856
1.53497
5.90494
0.086699
1.56569
2.25751e-07
7.13443
5.28908
0.717796
9.34996
8.68053
6.94505
2.55448
4.75096
3.72399
6.96676
14.8574
12.2477
6.5097
9.22372
0.117197
0.0264508
8.8875
8.39496
8.87076
6.67919
6.8181
5.66146
10.7232
10.2862
5.91425
17.2107
9.32749
8.46533
15.0233
8.22064
12.8811
12.5179
0
14.2265
0
10.6831
14.1873
12.1684
11.6575
6.34787
13.6714
17.5758
10.4929
2.15888
8.40276
15.0618
5.34529
6.27051
14.0981
14.2536
16.1747
14.4879
4.83654
12.1339
12.3666
7.25083
0.468963
6.95476
4.81717
4.78355
0
11.6785
9.05421
1.23936
2.6453
1.09959
0
0.0787305
1.52775
8.37871
2.69779
7.03671
1.00267
0.588743
1.67364
0.0241268
0.0535977
0.868272
13.5943
0.0355039
0.00937122
0.00977307
14.1576
0.179213
0.830826
1.24396
2.14605
1.14263
0
0.00210787
0.528282
1.74774
0
1.81518
3.1954
2.1668
1.67223
4.08078
11.7261
5.74191
13.4866
9.27533
2.99775
13.7935
9.45947
4.79074
15.82
9.00037
31.6362
19.5843
27.5072
10.2208
0
8.63144
12.4277
8.87186
0
13.8528
0
6.6821
3.24345
1.56258
5.35386
9.10354
9.72499
0.114874
13.5789
0
0
8.9768
3.86188
0.670979
0.165682
0.904152
1.01931
1.04152
1.79362
6.17729
0
1.74106
21.6342
0.0601982
0
0
0
5.20065e-07
0
8.82906e-06
0.000196859
7.93775
0
0
1.39403
0
13.094
1.60623
0.341885
1.72918e-06
10.0491
6.56743
0
1.9073
0
2.49995
0
0
0.738995
0.626152
3.41792e-07
0.83571
2.84038
9.99706
0
3.01819
0.0109824
0.0013682
2.40019e-06
17.0283
0.220916
0.000161419
0
11.1329
0.0477378
7.5418
22.9773
25.2303
18.0957
10.0399
11.0871
4.28861
2.45484
8.49845
2.4065
1.02563
10.8242
0.613349
0.783072
3.83447
2.29659
6.42204
0.589253
19.1013
1.30221
3.04684
2.61398
16.6804
2.68301
3.07643
1.13474
6.32204
15.7484
5.53563
6.19531
7.53688
0.673613
0.0100027
9.85243e-08
5.10667e-06
0.0100029
0.0170577
5.73466
25.1571
22.2272
10.9885
0.116999
16.0976
7.41496
1.63632
13.1507
5.88393
17.8148
2.07228
1.32614
1.65028
27.7888
30.7514
4.09241
13.6911
14.3783
0.36815
0.694667
4.3673e-05
0.00191199
2.82652
0.254081
2.74689e-08
4.78108e-05
8.01865
7.89648
9.91304
0.192951
31.3123
0
0
0.0407531
2.10505
0
0
0
0
4.31674
0.50656
2.93859
11.6097
0.273366
5.22103
4.24947
4.22227
0
0
4.90012
9.81545
0
6.64452
7.47079
1.69932
0.00625406
33.5206
23.4346
1.5688e-06
4.16798
8.95893
2.55083e-05
0
0.283993
0.0101531
0
0.00115181
25.536
0.0100112
5.9784
4.24719
25.8594
0.0848024
0.0815889
1.45225e-05
0
0
18.4619
5.18281
19.8949
0
10.2199
16.559
10.168
6.80616
5.90097
5.0013
4.13092
0.0416349
0.00574373
0
0.00739677
1.52821e-05
6.34208
0
0
0
0
0
1.02826
0
0
0
0
6.53237
0.187824
0
0
10.2454
0
0
0
0
0
4.1043
24.5958
0.889424
2.45113
2.13251
1.7615e-07
0
0.177198
0
5.08071
9.50747
4.45474
9.19153
8.09452
1.73618
6.13244
1.18909
3.08702
15.8847
14.7624
2.50689
37.4794
27.7095
21.6602
9.29217
11.3416
14.6835
11.7482
6.81451
13.8987
11.0348
9.98934
7.31196
8.283
12.015
11.7282
2.37786
7.7776
7.0151
6.55261
10.0113
5.30633
8.03577
6.69029
7.06525
4.78442
0.00349927
2.90197
2.75818
2.7973e-06
0
0
0.0104131
0
21.8645
15.415
0.0652911
11.0952
0.374341
6.53934
0.000716178
0.493205
10.3491
0.961528
7.1177
2.87356
0.81108
0
1.88348
12.7284
0.852701
10.8275
10.8706
9.62964
9.41242
0
8.45275
0
13.3609
27.6857
11.5229
23.8862
7.82679
9.53806
7.39507
4.69981
5.56464
9.97485
30.4816
21.7997
11.0191
1.01229
10.5622
0.844019
8.55926
14.0409
9.42856
16.8988
5.63702
10.531
19.3484
17.6771
11.675
12.2509
10.8906
7.15129
13.3258
10.017
9.84023
11.2961
10.847
0
0
0.0101465
1.09435
0.0284639
0.00416457
0.359379
0.686313
1.78874
12.4879
13.0767
14.7757
19.1549
1.92712
24.8009
15.8966
6.46487
4.45842
3.92534
2.38855
12.2017
1.58264
8.5649
3.12552
1.45033
4.3776
3.82864
3.54124
4.28733
5.62578
15.2734
8.87803
7.93927
16.2715
25.9304
15.155
13.3202
21.6048
6.8152
4.5547
38.7357
6.24385
0.198603
0
0.104988
0.0823682
8.22255
11.1631
10.9661
10.6638
0.0122066
14.8272
18.8955
10.7336
7.56167
5.3268
13.8615
10.3158
21.7224
0
0
0
38.6322
30.9281
35.681
0.151482
35.0457
0.281932
7.19166
2.37677e-05
2.78375
0.462756
6.41221
37.7031
0.262036
11.8696
49.3397
26.2849
13.2513
12.0512
0.885704
24.7964
7.50435
27.2955
12.5519
4.77795
31.3237
22.7463
24.3388
24.9601
13.3775
16.2514
6.8004
23.5743
6.78808
11.3431
13.0538
15.0906
12.0312
9.69351
8.65756
5.50234
16.6671
8.4697
15.894
15.3045
7.29022
17.0013
19.5106
15.6372
8.14486
0
23.1019
0
12.4262
13.3388
18.1255
5.52784
9.00841
6.85477
9.0103
7.12611
7.30274
7.62038
9.53413
7.80622
4.73841
7.58795
11.0212
10.4357
8.79643
6.46789
6.95737
6.81024
9.88765
5.12326
0
8.58304
9.92322
16.0493
2.94916
12.8473
0.372944
2.17365
0.0108405
9.62885
11.9776
10.4597
0
10.4924
18.0281
7.15982
12.8802
1.97036
4.81381
14.8019
23.6101
2.49311
1.44279
0.637017
11.3233
10.8375
0.00690744
0.969724
2.57997
3.03199
0.386534
1.69362
0.58993
0.221008
0
4.14596
1.27245
0.878348
0.00528236
11.2883
0.448346
2.13703
0.988325
0.708206
0.00913447
0
0
0.156669
1.63875
0.927272
0
0.049615
0.805564
0.220194
1.58096
5.67831
2.33809
0.0418582
1.27197
1.93244
16.9581
0.0296837
0
1.01955
0
9.74804e-05
0
7.21498
0.104601
11.6375
0.0294784
9.39467
1.41417
11.3768
1.67375
0.938852
12.9776
0.00233077
12.9889
10.9737
16.8264
0.00469785
18.9237
0.105817
0.0922054
0.00610369
0.93456
13.8619
12.1522
0.16408
0.0116806
20.4376
1.33661
0.138806
0.65715
0.200327
0.144318
0
0.15125
0
0.0880147
0.116222
2.57011
0.89096
5.81085
2.35291
0
5.18466
13.2731
0.866876
5.39972
1.71315
7.78165
15.1319
11.1634
0.00138988
0
0.835307
0
3.08149
7.28646
0
0
0
1.02163
0
0
0
0
0
0.109331
2.81329
1.04265
0.778524
0
0.553202
0.134846
1.48763
0.376439
0.729441
1.7496e-06
0
2.55472
0
0
0
0
0
0
2.58456
11.4218
28.0638
28.0153
10.0696
23.2326
3.18623
2.78762
0
0
7.77952e-05
0.326798
10.4604
0.448372
7.53911
2.06033e-08
2.33987
21.8652
38.3281
26.7124
13.388
11.7406
2.90172
14.2026
20.375
2.01434
2.62273
4.4056
1.63578
10.257
11.2515
3.72896
14.3082
9.31029
3.83337
11.2855
0.0956326
9.4447
0.872727
16.6666
0.040453
19.4307
28.4199
0.215085
1.16624e-06
0.845049
0.984203
0
0.964847
0
1.2648
0
0
0
12.9063
0
8.41787
0.321173
15.1546
2.55027
3.33915
12.7777
16.0698
15.8414
3.64841
0
8.88307
15.1502
8.69948
18.6915
31.8502
17.2884
22.2714
0
27.6646
0.0227013
19.9888
26.1589
15.3005
8.08031
0.802017
24.0081
6.31897
22.7964
7.36535
24.0379
23.8006
7.91651
3.60084
22.4551
14.6223
11.3536
13.9154
7.46069e-06
5.73255
24.5219
4.11375
4.72587
28.4838
0.804542
13.6059
0.0959041
0.0103734
2.48198
0.0251598
2.92499
5.41e-08
26.0974
42.8175
13.6886
8.47671
7.26116
15.1772
10.1936
8.10344
0
8.4047e-06
4.41665
5.14507e-08
9.53445
21.9233
16.8715
15.5209
14.7719
8.38271
12.2002
11.3756
4.65512
15.64
0
0
0
11.3083
0.752745
6.2089
23.4333
1.74654
0.06865
0
0
0.3723
0.000116939
1.06618
2.09715
0.129651
0.219144
0.365146
16.4641
0.18245
0.776826
1.26736
8.35984
2.48048
17.1345
0
3.24697
0.161657
10.1672
1.62893e-05
0
3.4092
0.498299
0.00133552
1.60683e-07
0.924213
0.0103185
1.35094e-06
5.9738e-07
0.326058
2.88754e-06
0.151115
0.482022
0.842717
0.0140508
0.135023
0.235448
0
1.2234
2.63916
4.32211
1.06274
0.0115502
0.424498
2.98023
0
0
0
6.94956e-05
13.1663
0
12.3181
14.3816
18.7963
5.63075
11.8297
2.62173
9.86337
0.438753
9.81266
5.78773
1.81773
13.5672
5.34431
0.882033
0.0319838
4.94388
2.8413e-06
6.94474
6.73594
3.88481
0.00138554
18.0969
31.14
1.57069
14.3602
5.16354
13.2611
8.82616
0.695124
16.3734
0.688262
23.5763
5.05796
0
5.45807
3.1
3.6553
1.76067
0
2.41233
1.47527
3.04208
1.92178
8.467
0.907127
6.54549
5.4775
6.74116
18.2744
16.9127
24.9149
14.5058
0.0071514
15.1609
27.378
19.1084
14.3874
10.276
11.4189
14.5113
0.562918
3.52736
6.57372
10.3118
6.85416
7.56445
11.0764
3.26671
3.30748
11.1521
10.3126
7.0178
13.9932
9.53301
4.60522
7.87585
18.4702
6.51699
14.7884
8.01928
0
2.59729
5.33418
1.14708
3.47226
13.8781
1.1213
12.8216
13.6251
7.03266
0
0
15.5655
7.73392
8.24066
12.473
4.7767
9.96235
9.87854
1.2083
13.646
16.0022
9.17892
3.47861
18.5316
17.121
24.1995
14.2087
21.915
11.7251
21.1577
19.3846
30.0626
22.0324
3.11638
18.7227
19.1121
17.5297
4.37844
17.4526
20.6202
39.3232
18.1548
0
46.7563
28.8156
31.0102
0
4.87842
21.8913
19.0236
25.5055
12.0149
23.5741
14.4177
0.417351
0
4.99448
1.79223
31.626
0.048155
16.2984
39.7758
26.5247
23.7175
30.5499
0.00628808
39.0423
3.93457e-05
21.4854
23.0666
22.33
19.074
26.3608
42.4467
39.0029
7.72499
35.173
16.9338
17.1248
28.0697
0.421759
21.7727
9.08167
37.9501
0
7.61943
6.39959
21.6541
8.04045
5.88625
20.6316
16.1072
0.2477
7.03436
8.03027
7.2431
7.61613
17.2741
0.23323
6.99274
3.45235
5.06528
5.52521
1.45727
1.65478
1.26544
0.810638
10.2412
5.38832
9.02435
13.0679
13.765
16.6359
3.34571
5.80095
29.6346
0
0.484985
1.99343
5.13972
0
18.8892
3.85295
12.4844
6.00214
9.06458
7.19918
9.12636
9.78878
10.2829
7.23218
5.27086
8.73539
11.423
13.4945
2.18671
12.7479
36.1747
0
10.587
6.58557
17.4497
2.65165
3.82863
12.8934
3.67967
15.1434
7.78456
15.5803
22.2329
8.75901
20.5948
9.89928
17.6383
10.455
7.8424
8.14842
21.7135
32.3478
9.49993
0.0444207
9.80255
27.3768
9.84512
46.5261
0.20872
0.262022
15.8101
1.18016
11.1356
15.2303
0.242784
10.4639
0.538723
11.2329
11.3523
7.95786
0
3.45207
10.2236
6.81534
9.06765
17.8037
6.03819
4.66798
0.0904523
5.70089
14.5241
11.7796
3.3385
12.6786
8.13898
11.9137
3.98554
11.1664
7.19951
2.30866
17.1203
10.5307
3.86294
17.5389
6.4556
6.6376
0
4.47378
0.0128134
5.18366
0.868832
2.19568
5.1114
2.13666
1.55661
11.4072
1.84666
7.38008
1.13415
6.3579
0.00254384
3.1734e-06
8.24427
0
6.27891e-05
0
0
0
8.17433
0.68185
17.1782
16.4017
20.63
10.1182
12.5448
0.784507
2.85251
2.02978
13.5536
5.79896
0.695913
14.0257
14.5397
0.946173
9.04679
1.14192
3.78354
4.52271
0.0163932
3.50923
0.91452
2.52307
11.1392
0.157024
8.38258e-08
0.379871
0.0668407
0
11.064
7.67438
7.91007
0.110025
2.45143
10.6646
10.6482
13.2444
7.05004
6.6733
6.16797
6.28813
3.5716
2.86211
11.6152
6.22097e-05
9.02805
6.42836
11.0698
11.0051
0.00271726
7.47805
6.58392
7.90477
3.69687
7.70909
6.24128
123.373
6.83112
12.2655
8.80908
125.417
4.35503
4.69572
4.26345
3.06037
7.03555
6.33652
4.72169
21.1799
6.08129
5.09087
6.92827
2.50911
3.94331
23.9204
14.5528
9.7953
0.45885
2.78059e-07
6.90763
11.9505
0
0
0
0
7.89056
0.113803
0.00839112
0.00031998
1.37214
0.934253
0.954869
0
9.75296
0
5.06053
13.907
0
0
5.41366
0.685684
15.1552
0
0.951358
0.545702
0.0140237
2.79095
0
1.24203
0.721039
1.50497
23.9181
2.72597
2.06811e-07
2.12063e-05
1.39052
0
0
0
0
5.57341
2.80149
7.52081
0.856192
6.95993
0.422686
12.1912
8.72667
5.57172
4.09672
4.38801
7.67108
13.2651
1.29614
2.77974
4.62485
6.41507
5.68392
0.896411
0.357747
11.5049
7.59779
20.3321
16.6449
11.3838
0.908863
3.02598
0
1.6316
4.75638
10.5568
4.31799
4.44173
4.79309
6.98877
1.33926
0
0.138261
13.5673
24.0371
20.9459
12.4137
11.4248
9.59549
14.0677
2.46915e-06
14.0818
14.3053
9.23826
14.3779
12.089
11.3543
0.808584
12.923
9.10607
2.49484
0
0
1.52302
1.87661e-06
4.56632
0.852943
1.67535
21.4876
21.4864
3.71525
5.31694
7.01551
6.17461
10.66
6.25886
3.69281
0
0
10.0698
8.29133
12.8368
6.60278
29.5293
23.4539
8.01373
15.618
0.0217622
0.00011991
2.14112
13.2541
12.8454
8.49729
8.43527
3.28296e-05
13.1863
6.38407
1.95431
10.0068
2.78809
5.8758
0.308901
31.0675
38.8678
3.91944
0
6.51516
30.3557
0.198076
0
0.932378
0
0
0.000278804
11.1853
2.57327
5.25936
0
0
0
5.26402
0
7.04974
2.30566
2.1915
6.90751
0.64826
0.204564
0.636041
4.20671
2.39186e-06
0.161651
0.0444707
0.433166
2.52914e-06
0.0292552
0.735733
0.16433
0.254424
0.526759
3.2245
3.35504
1.49588
0.00133342
0.173474
0.291522
11.8523
2.06453
1.90451
28.7387
3.3535
2.14368
6.52013
19.3837
10.9329
4.26519
14.3329
1.00215
0.438456
3.6784
1.77291
10.6792
3.0128
4.83891
3.84259
4.26736
1.44975
7.11362
1.46531
16.0582
0
0
0.10519
0
0.00521508
0
0.918214
0.369486
1.06749
0.886126
0.791401
8.28546
7.59522e-05
0.714322
0
3.73581
0
16.1266
6.39651
6.85934
10.5101
23.2346
19.7879
10.4857
2.20758
7.39546
11.6645
8.95454
2.58122
6.43755
31.5808
1.59726
2.20467
11.5952
2.91427
27.2587
22.6197
3.1228
17.1267
18.993
4.96893
12.063
0
6.18851
0
5.52046
0.98865
0
18.6724
19.036
0
5.35248
11.2801
10.7722
15.1486
0.991268
8.68153
18.2257
1.52458
9.85072
21.7247
23.9402
2.12327
5.44316
8.62916
3.15192
1.08113
0.0031803
5.42101
0.440504
1.77903
1.63602
0.298037
0.104267
1.63422
0.695569
0.177985
0
0.31681
1.20859
0.10473
0.637333
3.52602
0.630398
1.87244
0.900433
0.00544899
0
0
0.197936
1.35402
0.692188
0
0.083579
0.854522
0.242448
1.1963
2.34966
0.0243421
1.47856
9.69829
1.35528
7.89552
6.93299
10.9817
1.37186
3.78246
0
0.934041
1.01296
12.7392
0.0485959
2.01673
4.06399
9.80032
0.939162
2.51606
2.40566
6.37682
12.6574
7.93356
4.1619
20.6392
1.7518
21.5312
11.0563
0.0376047
0.00860452
12.8595
0
1.76659
10.2493
0.00424439
2.06619
0.0230682
14.7536
0.468272
0
0
0
7.02959
0
0
0
0
5.17615
4.36253
25.1083
44.6412
1.16432
29.7098
13.7014
1.21819
14.5078
7.22946
12.5133
6.57085
0
0
27.5468
1.29189
0.0843243
1.50882e-06
0.000171824
0.556932
0.317683
24.8135
0.543115
2.74477
13.6477
0.0442671
7.33113e-06
0
0
7.8513
18.3191
0
0
0.298203
0.546494
0
0
13.295
0.00502609
0.0389714
4.58763
1.05223
0
1.63002
0
0
0
10.6668
6.94201
0
5.31304e-07
0
0
16.2345
0
0
0
0.00794327
0
0
0
0.000154683
0.10278
1.21792
6.27557e-07
0.0126143
1.64042e-06
2.58434e-07
21.1962
0.0361155
1.99539
20.9547
0
0.00312694
0.233276
0
0
0
0
0
0
5.94402e-06
0.595246
0.0261173
0.902071
12.1924
0.868869
0.568526
0.00431587
0
0.00102447
0.509813
1.4553
0
0.688966
0
0.875016
5.35109
17.6871
5.0827
1.9489
0.949503
0
0.754172
5.49708
5.69313
2.70957
0.250765
1.55201
0.783294
35.5328
2.10533
0.00344109
0.00456018
1.35744
2.24906e-06
3.4071e-06
0.58773
0.000236202
0.10845
2.73352
2.70702
3.74261
5.28703
0.000671309
8.36506
0.946256
1.17566
6.97705
0
2.70385
4.06834
3.8156
2.5602
5.0822
13.6325
0.0120236
4.28595
0.588294
1.41012
45.0192
0.676037
0.49088
3.88335
8.7091e-08
0.359174
0.0819862
20.3971
0
4.12982
18.3827
0
0.0346303
2.05648
0.0745388
0.201762
0.148171
0
0.855032
0.0104163
1.79166
1.7262
4.08563
0.00252243
12.784
8.47062
0.000972515
0.000296769
0.0717828
0.000171432
1.5129
12.6227
5.7844
1.31534
0.0414197
10.6474
8.58407
7.13333
15.5358
0
11.8266
13.0056
11.1562
15.4576
0.257624
1.16592
13.1619
3.31245
17.0762
2.5288
4.03471
8.68851
0.48089
0.00171548
1.77307
9.15971e-07
9.66882
0.507163
0.981586
26.0847
32.4568
0
12.9007
8.34763
8.15547
4.40973
0.599538
12.4613
21.0247
0.0886807
3.11293
20.2228
7.83444
5.1551
3.37784
33.2508
19.4609
16.7654
15.2991
28.5797
9.78848
23.3888
19.9321
1.30094
16.6083
0.0334752
6.69866
9.19335
7.32056
7.51249
0.634721
1.14598
2.22875
0.00330083
0.0898286
1.25457
0.652465
0.0847277
0
1.95693
2.83901
0.00454848
0.00129375
0.0254902
0.136727
2.22753
0
0
2.54251
13.9452
0.79862
8.52284e-08
2.33202
8.10732
0.0369626
4.10082
10.3142
7.40984
2.61857
11.9675
26.0939
0.0188155
2.95924
0
0
20.8997
0
1.35154
15.9792
2.20807
0
15.7313
0.861905
0.106846
0.637879
6.90382e-05
25.4402
4.88404
0.972455
9.70239
1.2773
0.2564
4.15039
8.23551
4.46711
12.4759
4.71075
7.26442
4.3607
4.39077
5.24674
4.56563
4.29406
5.01116
5.4131
0.0770666
19.3222
1.68211e-06
6.81439
14.556
0.00135567
9.13633
16.2125
18.0152
7.46733
0
0.002062
0.269712
6.18712e-05
0.0287816
0.142632
1.19988e-05
0.295834
0.0465694
0.101576
0.934389
0
11.3175
11.6013
0.653345
26.9422
8.96952
5.10348
4.63263
4.91731
6.75502
1.50513
14.122
7.84586
3.62343
10.4461
4.83063
4.73284
7.01022
4.67805
1.81182
7.7798
10.7657
32.8111
9.8906
6.9801
9.38043
8.67266
2.8469
0.918369
0
0
1.78757
0
0.080567
0.0412982
14.0957
0
5.43345e-08
17.5362
8.03954
6.64459
7.97548
11.6214
5.58225
0
0
0.974615
0.57907
0.000301207
9.56959
0
0.00202951
0
4.41235
18.8471
7.45679
2.56682
3.98526
0.555594
0
0
1.71734
0.140566
0
0.598401
0.813665
3.44692
1.21594
0
2.84657
0.000196996
0.238653
2.72173
4.25514
2.8795
2.6143
2.8449
1.14115
2.36677
0.794213
0.502936
0.658194
0.999831
4.14536
1.28988e-06
0.713005
0
10.2936
3.92615
0.599697
12.3183
0.855647
15.9548
0
0.0313917
14.5544
