10.4376
0.578717
1.8126
0.29267
1.02633
9.12475
0.234096
6.35457
25.1971
0.961591
2.78771
1.92925e-06
0
0.38356
2.80454
4.73791e-07
1.84649
6.75114
4.5497
0.970986
4.88412
0.876927
0
0
0.711197
1.07396
3.11689
0.587369
7.28427
0
0.211297
1.39221e-07
0.700591
0.0081788
0
0
0.0902527
2.1801
1.83533
2.9567
2.79352
4.90271
0.070782
5.39691
0.161671
0.0827362
1.33555
0.844963
0.000211247
0.54129
0.178954
0.118085
0.225198
0.26383
5.45685
0.0369362
11.6217
1.89775
0.174832
0.0160161
5.57087
0.0240754
5.30936
0.00299748
11.4702
0
4.36624
1.12527
0.364974
0.44982
1.8257
0
7.22028e-05
0.0338684
0.0770833
0.864112
0.430974
2.09785
0
0.0288553
0.680571
0.93349
0.0200607
4.1897e-06
4.90122
0.0172295
0.930069
0.0511873
1.70525
0.166854
2.98183
0.0520099
0.0140204
0.782693
1.61809
1.27158
3.4754
1.07805
0.0192452
0.0187242
1.97904
3.34157
0.133824
1.55691
2.71391
2.40256
0.205651
0.0669065
0.225981
1.79423
1.13628
0.899602
1.62087
0.939756
0.106996
0.0210743
0.122208
0.1782
2.90226
0.343262
0
2.20876
0.514946
0.534174
0
1.5844
1.47336
0
0
3.5238e-09
0.466618
0
0
0.464969
0.839396
0.640334
0
1.9221
0.901513
0
0.0516089
0.368852
0.979016
0.286218
1.97528
0.0200484
0
0
2.69172
7.71316
0.204117
0.180894
0.948142
0.0172379
3.34979
1.88523
1.61602
6.56761
5.02966
0.622528
0.989817
3.26981
0.368227
1.11354
0.864252
1.03611
0.101568
0
0.0010228
0.129446
0.184942
0.11148
0.789497
0.0096773
0
0.79856
0
0.0279955
0.255503
0.0352382
3.31489e-05
3.42954
0.00111834
0
0.874785
1.32048
5.34121
0.356328
5.52539
21.8501
2.89049
4.56522
6.77295
5.37331
0.90371
0
4.17119
1.54261
4.69067
1.22247
4.91809
10.6034
3.79735
9.94908
2.52416
0.0832187
2.40998
0.675249
4.95822
1.61735
8.80754
3.67541
1.48432
5.72054
11.5085
7.22531
1.49609
5.63168
7.99685
2.65013
1.12859
3.46521
6.87366
0.191119
3.56328
3.7727
2.70261
3.66849
3.09229
2.92134e-05
0.25729
3.62067
4.11374
0.295895
2.96568
0.129248
1.40383
0.0819102
0.986447
1.90268
1.05439
0.999009
0.015373
0.942603
0.00690963
0.45781
0.495814
0
0.253159
0.0126249
0.0185371
0.0476099
0.130294
0.967998
0.0273036
0.00787623
0.227633
0.0823455
0.785091
0.00413732
0.0121496
0.563464
0.73152
0.978766
0
0
0
1.46822e-06
0.000898339
0
1.42477
8.7307e-07
0.027965
0.0564593
0.000152048
0.675797
0.229181
0.994305
0.544334
1.30225
2.25111
4.30415e-06
0.751375
0.0463824
9.55421e-07
0
0
1.26973
0
8.26184
0
0.411637
1.3444
0.142365
0.0618696
1.02052
0.0481999
1.5632
2.17539
0.51189
1.28894
1.04353
0.584591
0.876415
1.56839
2.27836
2.99078
0.0235781
0.936928
1.02923
0.0516647
0.537535
1.26474
0.742852
2.84341
1.76238
4.92487
0.112111
3.39989
1.51998e-07
0
0.0999377
0.844608
1.98757
2.74529
2.25557
4.61001
0.472034
0.562466
4.89089e-06
0.0166314
0.0513923
1.67377e-06
2.91216
0.825743
1.24862
1.57226
0.143919
1.61356
0
38.356
0
9.62043
0
0.0806329
0.176354
0.0507521
0.21585
0.7955
1.10304
0.0135586
0
1.24792
0.824169
0.755099
0.00332668
0.890718
0.0366616
0.0270643
0.0145706
0.0317491
1.98362
0.0333733
0.947363
0.471488
0.537649
4.76008e-07
0.173146
0.246689
0.00505964
0.0412948
0.0928559
1.60828
0.466442
0.517966
0.931285
0.711328
0.308186
0.228875
1.07068
5.16052
0
0.473789
1.37414
2.55412
4.01
1.24972
2.72382
0.961334
0.486211
0.940028
0.936559
1.27202
1.38838
0.170434
1.67121
0.737353
3.23769
2.23468
6.55556
4.94092
4.60312
0.653724
4.89829
5.04136
1.31239
0.698025
1.76266
2.00325
0.0163055
4.02635
1.47535
3.15004
9.38855
0.351235
0.564357
28.1055
3.18302
1.62122
0.144008
0.947558
0
0.0481092
1.42615
0.55347
3.70114
3.32285
2.45637
1.70633
1.86546
0.432113
0.38499
2.85301
0.41984
1.66759
4.33492
3.40499
0.071753
0
0
1.10209
1.59301
6.06139
1.42855
4.00768
0.850941
0.805028
0
2.62973
0.293457
1.02779
4.46998e-07
8.44634
2.29179
4.59943
0.18608
6.92535
4.87999
2.01555
3.57088
0.183392
8.1364e-07
0.0620292
0
0.205729
0
0.962915
1.00628
0.912687
0.869149
0.944561
0.362299
1.84058
3.1955e-06
1.13844
0.0340024
2.01141
0.753325
0.777088
1.47325
1.21746
0.795977
1.53004
2.03875
2.77159
1.91146
0.533137
1.46713
0.591115
6.58667
9.82904
6.96037
4.15153
0.0166877
0.052802
2.27571
0.00370177
0.793219
0.881323
0
3.22995
8.73677
1.06962
2.89513
9.12236
2.85185
0.970405
8.02418
0
3.58958
0.810284
1.12404
0.525617
2.60552
2.96959
8.31544
4.61411
2.08399
8.54978
1.33312
1.6942
0.968027
3.52157
0
0
6.71651
3.41211e-06
0.328151
0
0.0565638
0.995527
8.98978
0.455713
0.308637
0.0330908
0.762909
1.69875
0.711712
0.63908
1.1826
0.7961
0
0.08759
6.62759
0.166999
6.78435e-05
0.352034
0.520764
1.28508
1.51235
5.43798
2.85984
0
2.47338
0
6.57065
6.77721
4.47976
2.13494
15.5537
3.02145
1.8467
0.0941196
1.36907
0.979684
0
1.3548
0
0.412427
1.0646
4.12706
4.19864
0
0.383314
0.204599
0.204506
0.0139694
5.84889
4.06937
1.42099
0
1.9521
0.000900517
0.00302827
1.1342
0.108162
2.67526
0.00307789
0.952458
0.749081
0.0255577
0.997534
2.89484
0
4.80043
3.20025
10.0092
0.20304
0
9.67857
4.97428
6.16248
5.37721
1.03158
5.61276
2.48669
0.0109011
0
0
1.52814
0.0029216
0.0736431
9.71045
0.772077
1.27609
0.000599505
0.0194982
0
0.447256
4.93218e-05
0.345701
0
0.238457
2.90096
4.08651
0.593012
2.44811
0.35137
0.130017
0.111657
0.287007
0
0.861713
0.000460516
8.50198
0.50285
10.4858
3.50662
0.0762499
1.84514e-08
3.95742
0.551408
0.975681
4.15313
2.63167e-05
0.778757
0
0.44896
2.39957
2.64702
0.9022
6.43191
0.00040251
1.00283
3.41768
0.957957
5.39191
0.00247278
0.307911
7.89433e-05
0
0.00496149
0
1.04629
0
9.91684
3.85703
6.77832
1.63826
2.3302
0.000655933
2.45484
2.06213
7.62087
12.3696
0.00223299
1.85911
0.00367399
3.59534
3.69939
0.932501
0
2.38759
0.903028
3.15718e-05
0.474845
1.58906
0.244099
0.753692
0.0388545
0.0406051
4.00855
0.138159
0.699223
4.58831
0.140769
0.146999
0
0
0
0
0
0
0.0143597
0
4.50467
1.25303
1.24712
1.25058
0
3.56835
0
1.0952
1.42453
3.0312
0.664873
0.178838
0.636884
0.302642
3.84996
4.65093
3.31637
2.93641
7.41807
6.94277
0
0.488626
5.22613
0.09064
0
1.80503
0
2.40079
7.4395
2.79704
1.36116
15.4848
2.63951
3.5404
0
0.124486
2.96293
0.0686647
0.142181
0.000450309
0.00111197
0.957044
11.4701
0.572192
0.952157
0.0225382
0.036152
0
1.04272
0
1.63663
6.04109
1.28847
0
0
0.933381
0.868568
0.573314
0.000534566
1.03192
1.52855
0.0232021
4.76154
0.000267944
1.92055
5.66167
0.430506
5.17903
0.684418
1.0168
2.17527
0.0239393
0
0
0.967726
0.00583045
0.428909
0
0
6.78975e-07
4.42447
1.19638
1.3436
16.4002
4.67915
0.969524
2.54857
0.956455
1.03646
1.24898
0
3.97047
0.982798
2.41973
0.825518
1.19922
4.18688
4.44539
0.321519
7.80788e-07
4.10673
0.0213435
1.3572
0
0.746557
0
0.408101
2.22115
0
1.16085
2.50355
6.21482
0.0678517
0
0.124635
1.98385
0.392028
0.00838845
0
0
0
0.934584
0.184045
0.285118
0.318026
0.795567
2.25578
1.00677
2.67262
1.20792
0.355646
1.92129
0
0
0.725594
6.99964
1.24574
0.0449201
0.00257365
0
0
0.547141
2.57896
2.00269
1.73708
0
2.46665
0.0104342
0.731953
0.814932
3.23767
0.978411
3.91717e-06
1.41562
6.52756e-07
0
4.2268
0
0.0636532
0.452347
3.54561
0
0
0.338532
3.08829
0.238802
2.87555e-05
0.644122
0.376713
0.000510392
10.5577
0.0336849
0.000859597
0.0202447
6.79862e-05
0
0
2.38237e-07
0.0166465
0.723999
1.4022
0.758475
0.198988
0.0114981
1.1838
5.19449
1.14593
1.21878
0.00719308
0
1.21527
0
0.419744
1.42596
0.439583
0.604688
0.703505
7.65772
0
3.61942
1.33865
0
0.0109253
0.285532
0.0010243
1.84411
0.0703169
1.92397
0.91457
2.89865
4.68238
0.112976
2.10956
1.14556
1.83904
0.0303174
0.0815423
0.00127295
10.2657
0.100861
0.152545
1.38684
0.0100453
0.0841499
0.927543
0.240935
0.0302583
0.00849151
2.08823
1.48424
0.0206773
0
0
0
3.63447
0.886394
3.8777
5.45128
0.226971
0.959775
2.94943
0.908981
0
7.81904
2.35704
1.13913
0
2.29901
5.13384
0.015995
1.98773
0.31833
3.81624
0
0
4.8104
0.0254458
3.72847e-06
0
0.806682
1.56494
1.27764
8.77187
0.00841432
0.0989412
0.0190401
1.92046e-07
10.6773
8.71984
0
8.51868e-05
3.60118
2.4317
0.238104
1.03502
0
0.0116116
0.171463
1.04654
0.518627
1.24235
9.00117e-06
0.0087008
1.41517
0.285238
1.42134
3.63995
0.948542
0
0.52143
8.48624e-07
2.11139e-06
0.122373
3.83278
0.162358
6.6719
3.78083
0
0.218384
1.44033
0
2.03935
2.29962
0.735176
0.0962943
0
0.00221907
0.97399
0.000458053
0.000677175
0.0781702
0.36513
0.805375
6.15735
0.666857
0.913646
3.9273e-09
8.22242
9.57732
1.61723
0
0
1.57844
0
1.37345
0.00644608
6.01634e-06
1.21119
1.95714
0.0114369
1.00114
1.29073
7.86004
0.0590157
0
0.681689
0.486314
0.0468441
0
1.14108
6.02415
0
0.315117
0.221347
4.46632
0
4.10924
3.46783
1.798
6.09363
0.81636
0.192954
11.7675
1.29089
0.489651
0
0.00673634
1.36421
3.11176
2.36595
2.54111
0.862471
0
0.808515
7.79735
5.15505
7.24983
11.5446
0.902934
13.6018
1.15888
2.69218
63.9193
0.369218
0.344079
1.12026
0.422269
0.822455
0.00641438
0
2.13283
2.77225
0.0128687
0.884899
0.054643
0
12.599
0.813661
2.92018
0
0.0887367
2.81857
0.450418
1.0122
6.57624
1.43784
1.30615
4.68711
0.615107
0
0.0014395
0.202479
0.786046
1.77403
1.49583
4.9991
1.68039
1.0683
1.10164
2.24098
2.32707
4.76412
5.81285
3.49521
1.67317
3.0971
0.00661965
0.0692177
1.54627e-07
0.958388
1.60175
0.373912
1.16702
1.04708
5.81433
0.39329
0.0471643
1.37187
1.0309
4.54046
4.32118
0.994253
6.7837
4.90573
0.3901
0.0584052
0.0374485
3.66702
3.6931
0.00342381
0.122959
0.183951
2.40826
7.1542
2.36661
4.85789
0
0
5.23943e-05
3.25497
0.933828
1.35521
0.405429
0.671638
3.05094e-05
3.92139e-07
0.169229
0.760912
0
2.60096
8.84754e-07
2.72176
0
4.32488
2.27667
0.995218
0
9.83841e-05
1.66756
3.22052
5.56837
1.54657
0.0296117
0
3.22505
3.19956
0.520896
0
1.65208
1.88794
2.14248
0
2.7766
0.716337
0.657831
0.550179
1.40664e-06
0.000568497
0
0
0
0.044565
0
0
1.25514
0
3.16437
0.999876
0.061549
0.0676701
0.0321557
0.00338206
2.05277
4.41863
5.98895
0.596777
0.00548131
6.69096e-05
0.000305861
0.658933
0.851884
0.0460423
0
3.01545
0.0703448
21.3699
1.87034
0.132265
2.7976
0
0.656502
7.03197
3.46367
0.102761
0.579029
2.14981
5.56645
0.05413
0
1.94452e-07
0.000774769
1.46377
0.936653
1.10831
0.121772
0
0
1.67712
0.920301
0.0690766
0.396833
0.978775
0.234588
7.71459e-05
0.0160343
0.805398
0.125778
0.00517037
0.715496
0.196122
1.06012
0.982243
0
0
0.043531
0
0
0
0
0.317848
13.9633
1.34345
1.17954
4.02013
0.42717
0.541155
0.970356
1.6248
2.22235e-07
3.15659
4.67758
3.65318
5.49497
5.75264
4.40142
8.12518
0
0.971293
6.27516
6.52168
3.94586
3.81164
0.0744325
1.52296
1.90499
0
3.41786
0.0369401
0.00441916
1.83222
0.000875305
0.071618
0
2.01877
0
0
0.000324433
3.88281e-08
1.47075
0.0105097
1.42839e-06
2.69583e-06
1.12767e-06
0.0180057
0.122151
0
7.70507e-05
0.108977
0.106282
1.13601
0
3.14938
4.67426
0.000162307
0.837942
3.50629
2.70092
1.04283
0
1.08591
3.4883e-07
0.0165043
1.39933
0.00121994
0.0204353
5.13539e-08
0
1.01162
2.27698
0.000605681
0.000461257
0.571009
5.66876e-07
0.620432
0.0399268
0.610339
4.75332
0
5.02246
0.543108
0.272025
0
0
1.26692
0
0
8.66388e-05
2.03734
9.777
0.147381
0.372164
5.8169
0.409042
6.15728
3.22478
0.377398
1.9437
0
0.00817999
0.0840855
0.849463
4.75264
0.550839
2.06896
7.6204
1.5808
0.0590003
1.34016e-06
0.470349
0.969688
0.000165762
0
0.876609
0
0.184509
0.127325
0.0310312
9.79069
0
1.09634
0
0.286516
1.38256
0
1.64468e-06
0.0267174
0.839341
0.300458
3.37364
3.30111
2.13934
2.81152
0.720755
4.83854
6.53914
0.960735
2.57083
0
0.563575
7.99547e-05
2.06535
10.4403
0.601235
16.9405
0.0129404
50.8043
2.48518
2.87771
0.363057
1.89555
0.381175
0.00151667
0.0074766
0
0
2.93665
1.29122
0.00493036
0
1.43893
1.73982
0.975023
4.61033
0.0200235
2.46347
2.08853
2.01376
0
6.57123
0.0684905
2.90405
0.276001
0.19987
7.71433
7.63544
0.479093
0
3.48397
14.646
0.48203
3.18638
0.133181
6.83064
4.78086
4.11963
0.850755
0.465037
1.09192
0.000101129
1.24824
1.3564
0.749547
1.66749
0.986542
1.06478
5.87777
0.618925
0
0
0
1.27865
0.0303634
5.90746e-06
0.0466193
1.34377
6.33468
0.0814569
0.166028
0.00297607
0.154802
0.00873406
2.53371
2.4133e-05
0.993315
3.19691
6.44034
0.619615
6.03159
0.0428417
0.0940158
9.5034e-08
4.50109
1.76967
6.49055
1.13251
0.0203856
3.41322e-08
0.983796
1.70751
2.39473
0.174766
1.75738
0
9.39478e-06
0.00014663
1.10876
0
0.0237087
0.00020062
0.0977008
0.502931
0.75156
9.35715e-09
14.2835
0.00889556
0
0.106186
0.915993
0
0.68662
4.98145
0
0.900166
9.38977
0.223277
0
16.9125
0.0135765
0.00699808
0.0258174
6.15418e-05
6.23753e-09
0
0
0.0166965
0.906614
0.003342
0.214908
0
0
0.0780734
0.716978
1.02577
0.242413
0
0.496772
1.13504
0.274574
0
8.4156
0
11.6489
0
2.588
2.15177
0.812555
0.538007
0.0239306
1.10922
0
2.06532e-06
1.3912
0.618149
1.10935
4.28043
0.946591
0.396865
0.618696
0.000147429
0
1.89141
0
0.871786
0.0233067
0.0228528
0.586835
3.06375
2.62913
0
0
0.0273502
0.124008
0.25502
0
2.35682
0
1.59078e-08
0.00925659
0
0
0.866585
1.35154
0.110084
0.435085
0.681059
0.900431
0.0860168
0.168089
0
0.0333862
0.920291
0.0300898
0
0
0
0
0
0.00120058
0.638711
0
0.563922
6.80702e-06
0.00209941
0
7.50794
0.150967
0.69307
0
0
7.88315e-05
0
0
0.02144
0
0
0.931345
0.67529
0.0962946
1.21372
2.01269
0
0.00461494
0.843759
0.000682475
0.0262738
0.39143
0.0220929
7.05742e-06
0.0198054
0
1.20138
0
9.67509e-06
0.839767
0.0158893
0
0
2.70972
0.38177
0.599063
0.31203
1.39869
0
0.000122665
1.07364
0
0
0
1.25176
0.000656361
4.80935
1.99677e-07
7.24539e-09
0.168661
0
0.00454784
4.21821e-06
0
0.679482
0.890365
3.94937
0.307628
1.70649
3.61056
1.38124
6.92701
0.855247
2.3835
0.610082
2.08408
0.367639
0.211946
0.520015
1.6281e-05
1.60107
0.414423
1.87581
0.0211335
0
0.0160635
9.37704
0.0435468
0.342242
0
2.76771
0.875973
7.79533e-05
0.044965
0.818993
0.7892
1.5457
4.95758
0
0.269682
0.810395
0.0111682
1.27343
4.65219
5.50379
4.6169
0.602879
1.13708
4.17732
2.66369
7.47113
4.74418
5.5031
0.757215
1.93206
0.0369097
1.37
1.80701
2.59217e-05
0
0
0
2.17085
1.79817
2.51281
0.384697
0.0396855
0.00486783
0.0512376
0.112542
1.59834
0.103883
0.882664
1.06426
0.427495
4.09574
1.39146
2.1223
1.45119
0.00399608
0
1.18956
1.8419
1.2903
0
0
0
0.648505
0
0
0
1.92529
0.00107346
0.169483
0.0168969
0
0.282237
8.51614e-05
0.153593
0.29848
0.546869
0.00485835
0.11046
0.33512
0
0.948301
0
0.291744
1.06874
0.0912228
6.79832e-05
3.34235e-05
0
0.443748
0.0202434
1.51158
0.0421277
0.928636
0
0
0.0682959
2.21884
0.934708
1.94073
0.022915
0.433644
0
0.813322
0
0
0
0
0
0.275216
0.0507873
0
0.243646
0.00312397
0.195254
0.142229
0.00328016
1.17765
0.0524271
0.0633174
0
0.819219
6.68363
0.257699
6.10436
5.33485
5.74561
7.23479
13.0831
12.6198
6.22453
17.1797
3.77855
1.69451
1.20258
0.855377
0.162844
2.95864
1.34802
5.9628
5.18994
3.41823
2.31734
0.0805215
2.60549
3.65501
3.75901
1.1621
4.27995
3.02766
2.21254
4.52015
3.44779
0
4.18523
0
0.548073
6.31534
12.7523
6.81151
0.0763098
2.20894
4.15918
3.09434
0.0382704
0.574859
1.70515
0.80508
2.40253
12.1239
6.82422
4.75827
1.69244
4.84807
4.73596
3.70522
5.14166
0.683757
3.45768
0.73632
1.8329
0
1.19695
0.635216
0.00129561
0
0.86098
0
3.65671
0.159853
0.485631
1.23464
2.11865
0.20898
0.0399956
0.047073
0.0332365
0.394078
0.392563
0.885304
0.000856871
0
0.489738
4.6588
0
1.26178e-05
0.0336198
0.000542072
1.01442
0
0.787533
1.06593
0.0895877
0.0477378
1.72529
0.681081
0.76612
0.180256
0.411915
1.0328
2.44111
1.29555
11.9332
1.53477
1.18208
0.637374
0.145526
0.0132732
0.194865
0.957432
0.131541
2.45312
0.106589
0
0.271119
0
3.57233
0
3.79713
0
9.23086e-06
0.00650556
0.504084
1.18264
0.991919
2.33989
0.0473489
1.93649
0
0
0.267293
0.440241
2.52865
0
1.55288
0
0
1.01862
0
1.26501e-06
4.70149e-05
0.114699
0.0028853
0
0.00257146
0
0.000434219
0.00127193
0
0
16.4246
0
0
0.151609
0
1.39349
2.56972
0.00100151
1.50316
0.748866
1.26174
1.09984
3.51319
0.0115575
0.762173
7.08382e-06
0.0624472
0.000157047
2.4174
2.21671
0.533465
0.644315
6.75114
0.0164403
0.788542
0
0
0
1.71398
0.133773
0.00379071
0.928518
4.76179
0.987669
1.07832
1.5702
0.496401
1.32676
4.16884
1.1227
0.034972
0.564385
1.06036
0.0988497
0.0194675
2.06293
0.427318
0
0.408766
3.4993e-05
1.77314
0.105089
2.70366
0.822516
2.30856
0.038509
6.91381
1.22072
0.62649
0.0105922
0.128209
0.931043
0.0671174
0.0817337
16.9738
0.355272
0.00882835
0.0360876
0.15869
0.555612
0.67029
3.36818
2.16015
5.20997
6.1246
0.420068
1.56239
4.68775
0.576855
3.35166
0.698296
35.0831
0.0603508
0.00729833
0.24954
2.08091
1.21344
5.93613
5.31535
7.28483
0.601748
1.159e-06
0.63137
0.0264246
1.61926
0.0198224
0.0265623
0.295022
1.52737
1.07511
1.36658
0
3.62006
0
0
2.91008e-06
0.0523596
0.0880222
0.0271559
0.847931
0.0146736
0.969411
0
1.49362
2.08542
1.31095e-05
5.52022
1.06135
2.18664
0.0191881
0
4.07642
0.690968
0
6.87406
1.81223
5.13743
1.48777e-05
1.48253
0.592342
0
0.245436
3.52345
9.71106e-09
0
0.897465
0.070357
0
0
2.56059
0
4.42333
1.46276
4.64296
1.75348e-06
0.964339
0.000873604
2.62579
0.087211
1.83196
2.5544
3.07428
0
3.05871
6.90533
1.80077
2.24631
1.00666
0.152584
5.08878
0
0.00090456
0.439289
0.000154617
0.0522396
0
0
0
0.0178411
2.71944e-05
0
0
0
0
0
0
0.29058
0.640788
2.15637e-08
0.97717
0.583366
0
0
0.0407434
0.000160059
0
0.671429
2.57883
0
0.824168
1.02864e-07
0
0
3.13392
0
2.16089
0.133465
2.96517
1.78435
0.887227
1.58353
0.548383
1.02333
0.196853
1.52573
1.2099
2.37742
1.06261
1.32359
0.594779
1.05299
0.456893
1.68265
1.75416
1.03193
3.8691
4.08518
1.13902
5.23506
1.48411
0.195059
0.618002
0.697022
0.533901
0.00410152
0
0
0
0.338716
2.17098
1.79538
0.87586
0.0535782
0.0469341
1.958
0.790234
0
0
0
0
1.49539
1.14999
0.00516246
2.01785
0.0535991
0.979097
0.0383404
0
0.476851
0
2.49956
2.43512
4.62545e-06
9.05004e-05
8.08313
1.97273
2.13802
4.81823
1.18586
2.42825
3.83078
0.945838
4.07198
0
1.47562
2.02314
1.24437
1.65108
1.35253
0.262766
1.95449
1.78901
0.132182
0.671818
12.4685
3.63096
0.142945
2.97954
0.0065981
1.77546
5.26635
0.227012
2.15977
2.9637
2.86919
3.80252
4.82906
6.93695
7.35616
3.90326
7.16927
10.7146
11.2227
3.02272
4.37146
5.32135
2.73528
0
0
3.22021e-07
0.629083
2.89334
1.06819
1.9832
2.01981
2.15013
2.05802
6.45689
6.90932
5.09273
1.84505
3.96243
4.0065
1.28895
0.553441
0.331353
2.31908
0.00881964
0.568015
22.2004
0.660536
1.55872
0.819845
1.38182
0.0765063
0.764765
0.303021
0.384649
2.38205
1.25371
3.58485
4.78617
1.49463
5.78234
2.63487
8.63619
18.2427
4.66029
6.67236
2.05392
0
1.1333
0
1.10618
5.32712
0.308089
4.44575
0.014406
5.03566
4.55044
1.7211
1.10566
1.60833
2.1583
3.63625
6.40818
0
0
1.68973e-07
30.6896
12.6758
7.06487
0.0663567
23.9192
1.66541
1.43645
0.132094
0.408703
0
1.55867
2.11683
0.0218884
1.71845
4.36968
3.81066
0.676002
0.0189897
0
2.12617
0.912103
0.521649
4.03782
0.945395
0.995993
0.562419
1.86049
2.06662
7.20384
0.488404
5.75983
2.65419
0.139473
7.40779
7.42911
11.5145
0.97449
6.43372
0.470579
3.45486
1.2059
13.03
2.05524
7.75528
1.50191
1.39262
9.6558
1.49814
0.301302
0
0.746743
0
0.162478
2.16668
5.64612
0.233073
1.33783
2.65528
2.15804
3.66331
2.68672
3.32812
3.56541
2.24122
0.307442
4.62685
2.81624
0.866282
1.53749
1.00904
1.15278
0.0699549
1.46739
1.39212
1.51571e-07
4.06096
1.72938
3.72051
0
1.29273
0.412317
0.112656
0.910525
1.39084
3.49132
0.0275356
0.866841
6.02408
9.18816
0.763074
1.49219
0.141653
1.87759
0
0.27407
2.05066
1.94438
0.170707
3.34468
1.12431
0.0194248
0.122184
1.66947
0.00512912
1.16368
2.03183
1.29221
0.302585
0
0.133727
2.2876
0.982544
0.451201
4.46976
0.954394
1.22416
1.96142
0
0.128828
3.19131e-08
0.00273931
0.87029
1.20128
0.083717
1.26369
0.247153
6.1135e-08
0
0
5.75961
0.00210612
0.563321
2.24684
0.880051
0.956783
1.44655
2.26533
0.00302294
0
0.522343
0.255295
3.26884
0.643003
0.284401
0.285628
1.48368
0.597575
2.68595
0.455084
0.37241
4.82162
1.21349
3.29146
0.256021
14.6
0.000684111
0.0192242
0.000455715
0
0.5116
5.38862e-07
1.27825
4.22484
0.102442
3.26655e-07
2.49725
0.0918036
3.16498e-06
0.0122517
5.85184e-08
0.0112879
0
0.0144499
0
1.14081
2.37098
0.225912
0.157844
6.6155
0.122022
0.283728
3.68568
4.63856
1.45002
0.128546
0.234472
3.15102
4.07706
0.294441
0
0
0.0538463
0.275064
1.75749
18.6307
0
0.0825769
0
0.233413
0
0.00270648
0.434751
0
0
3.9876e-07
1.00605
0.491492
1.45015
2.45488e-06
1.01435
0.00890911
1.88874
0.000149935
0.985983
0
0
0.989707
0
0
0.316869
0
0.525838
0
0.744802
1.9721
0.389931
1.61867
1.10791
2.76185
0.182528
1.06001
1.80535
0.54529
0.0119519
2.94983e-06
0
1.10025
5.99116
0
0.0323236
1.4532
3.06559
2.15547
4.60264
0
2.58828e-06
1.2015
0.0523112
0.797957
3.73312
3.05101
1.49035
3.57373
0.781362
0.138378
1.95724
1.49098
2.41332
0.820884
0.0344123
3.57291
0.727453
20.2831
0.00246638
38.7474
46.7397
5.34196
0.000250248
0.62166
0.88682
0.347921
0.482714
0
0.964307
0
0.184807
0
4.62581
0
0.180477
0.00338052
1.726
0.819602
0.471464
5.18629
3.15402
3.27464
1.19293
0
0.690217
3.18189
2.34196
1.48844
0.935074
0.355552
0.049125
0.0484591
6.91831
0
1.58344
1.6535
0.651087
0.0164164
7.08129e-05
2.41785
4.75803
5.70338
3.40045
2.00333
0.0880393
1.23961
0.114666
2.52411
1.07655
0.0139198
0.899684
0
0
1.60816
0.122523
0.0357746
0.941378
0.00201422
0.970083
0.217194
0.990298
5.48307
0.264491
17.7711
8.43707e-09
2.95482
4.30763
6.3423
3.22456
5.83469
15.0364
0
0.167866
0
0
0.919555
0.0245276
0.241199
0.00767962
0.662053
0.664509
1.08762
0.559323
0.573562
13.2141
1.48242
2.01064
0
0
0
2.79925
0.615774
5.45442
1.594
0.0076349
0
0.565675
1.63358e-08
0.106877
0.603411
2.63294
2.58606
0.0198409
0.59347
1.82768
1.23473
8.98905
2.11698
0.27359
3.21614
0.400493
2.03531
0.969203
6.32693
0.0373058
11.1891
0.00645984
0.9408
5.30772
3.13514e-07
0.377962
0.71022
0.0182579
0
0
0.000984252
0.0115263
1.58815
2.03176e-06
0.00021713
0.612091
2.23792e-06
1.50287
0.00649113
1.1148e-06
0.239272
1.40253
2.42832
0.0739577
0.00151286
0.667955
2.0803
0
0
0
0.0126208
2.68413
0.306655
0.800094
1.67302
2.31477
1.95572
10.3513
4.03809
6.43624
0.131633
2.55539
2.47339
0.124926
1.14133
0.129504
1.32307
0.00910792
6.0812
0
6.07446
1.91512
1.63971
0
0.688395
1.84616
0.768735
4.08442
4.37901
1.75993
4.37278
0.68969
4.00976
0.00257032
0.361262
1.29145
0.700634
2.44928
0.84771
1.36066
1.53366
1.19998e-05
8.40917
1.01215e-08
6.05808
14.666
1.56435
0.118788
30.8242
18.5029
0.788498
5.55892e-06
0.410972
1.01475
3.92553
7.84657e-05
4.7852
1.63563
2.67515
4.24701
3.0586
2.85417
2.75876
0
0.584668
2.15535
2.77521
6.61476
3.88885
3.41873
1.18322
1.07009
2.90063
4.04515
2.8881
5.72468
3.82468
1.01565
4.05554
6.39023
4.22114
4.65371
3.20999
0
2.54332
6.99195
0.583754
0.941245
3.57971
0
7.37237
17.2163
0.593804
1.80799e-08
2.91673e-05
12.6708
2.61757
8.97734
9.98354
0.68577
3.27286
4.52216
1.52918
3.72832
9.43211
5.50192
0.276251
17.4275
10.8907
2.19474
4.15575
10.0517
1.33239
5.78522
1.60126
12.6663
8.58512
0.4638
5.86849
7.65704
1.76532
0.00996065
5.7636
7.60796
17.6617
7.17399
0
8.30027
2.91444
6.68807
0
1.22824
0.383275
0.849554
4.40531
2.69158
0.902419
0.573419
0.528643
0
0.698303
0.44105
3.13991
0.00123125
0.86517
5.88282
1.96881
5.37713
3.14351
0.362627
6.18339
0
1.59439
2.77518
3.07348
2.35158
0.835055
5.88065
4.25624
15.4471
3.43722
2.4125
1.61656
4.87493
0.0145486
2.1639
3.40719
3.82098
0.291986
1.71621
1.22137
2.70006
1.27432
0.0204169
5.17699
0.242969
0.0355197
0.100545
0.0265563
0.606597
0.260998
1.66604
0.219868
0.0224369
1.37883
1.84919
0.11747
0.0120122
1.0802
9.80476e-08
0.0215419
6.09508
0.157532
2.20625
6.88914
4.51183
6.98429
6.28309
0
1.89747
0
0.00132785
0.00450832
2.8093
0.000390306
0.558081
1.36343
1.97571
0.0885535
1.9293
3.82413
2.34679
2.05392
1.32923
2.66768
0.645791
1.62563
3.24981
2.32639
0.0267059
0.443556
3.96166
0
1.2524
1.83492
2.64127
1.85713
0.00816492
2.66922
0.722234
0.116728
0.0902078
2.60826
1.10208
4.14711
5.54286
2.09391
1.91664
2.97444
0.0690478
1.31334
1.04884
3.42624
1.25496
2.80087e-06
1.06042
0.450631
0.310376
2.98858
0.0463533
0.152339
0.8321
2.01274
4.02379
2.4582
0.00557619
3.06018
0.00449054
2.99689
1.41888
2.42495
0
0.331628
1.01319
0.20778
3.91334
2.26612
0.923221
2.3303
0
1.10092
0.111922
0.925614
0.662823
0.438677
1.96913
2.01197
0.241118
2.06554
0.333534
0
2.02099
0.351369
3.4438
2.01209
10.5565
2.43677
0
0.902829
0
1.35225
0.229168
0
3.35336
0.000116553
0.00786973
28.4072
0.902294
21.8252
1.62993
7.38426
1.28962
0.919212
2.22988
0.840567
1.64439
0
0
0
6.73156
0.0192286
0.00496269
2.03566
4.09318
1.53389
1.90325
0.783662
1.09021
0.682232
0.251304
7.10877
2.09946e-05
6.47644
10.4633
2.80766e-06
14.0191
0.097765
11.9705
2.79825
0.349358
5.76707
1.00343
1.03595
1.09403
1.68134
4.02806e-06
0
0.905428
0
1.94516
7.24768
0.623789
0
1.14886
1.17518
1.38683
0.00866333
0.899066
0.920549
0.281026
1.65533
1.29848
4.30347
1.61158
0
1.82924
0.216836
1.87816
0.778896
0.000253835
0.0521956
0.479523
5.58842
6.01903
6.76309e-06
0.745638
13.7649
0.233464
0.311644
0.75371
10.8662
0.870122
0.801034
1.5079
1.8805
0.227689
0.992645
1.15788
1.36119
0.0439499
0.988481
0.0270478
0.00606967
1.02846
35.5149
3.86931
15.3386
1.11033
7.02848e-07
0.076333
8.50664
1.49129
0
0.0100493
0
2.43361
0.00281341
0
0
0.0400188
0.998522
1.43334
0
2.15697
1.10806e-06
1.73621
5.59158
2.05897e-06
0.515194
5.05852
0.00936383
0.0822923
0
1.1315
0.428018
1.93029e-07
0.0045583
0.60018
0.0348536
0
0.173866
0.0542245
1.84875
0
0
1.04293
0
0
0
0
0.823143
1.9421
4.18779
0.9377
0.84105
0.283674
0.783197
1.56762
4.26022
2.95802
3.29778
4.12248
5.22823
0.912806
3.35187
4.57571
5.3065
2.64923
0.524133
1.1906
5.86064
0.564878
5.79245
2.7088
6.26065
1.25975
4.37538
0
0.137675
6.50239
3.90324
0.882561
2.46141
0.207561
0.0348896
1.5494
0
0.0709535
0.180411
0.714881
0.210362
0.123028
1.81287
3.6625
0.999925
0.452124
1.07572
0.0546142
0.714821
0.941495
0.882633
0.927813
0.0259687
2.13581
0.628209
1.17208
0
0
1.23017
0
0.856582
0.0616327
0.150842
9.41525
3.02149
2.52137
0.045815
0.924663
2.67624
5.80531
2.81308
2.7719
0
0
0.554451
1.559
0.0468638
0.797125
1.53454
0.113853
1.13758
4.23278
0.0643935
0
0.0152883
1.03228
0.00135072
0.267503
0.222165
2.96417
4.23591
0.110966
0.292948
1.79229
0.0279794
0.538021
0.961015
0.80327
3.28835
0.0250195
0.00155622
2.7835
0.662408
0.323191
0.00523923
2.14237e-05
0
0
0
1.83823
0
0.127696
8.14019e-05
0.121008
0.0807493
7.61376
0.037811
10.4435
23.7263
0.0663433
14.6587
0.131926
0.0267112
0.239839
2.04896
8.36061
2.9119e-06
2.33744e-08
2.4979e-08
1.03388
0.000977848
0.00596856
1.6402e-05
0
1.77823
5.08364
5.15696
3.88912
0.0942864
9.17375
1.73294
7.23189
0.631665
0.132618
3.79814
0.0392012
1.00311
5.72144
1.62567
2.42737
12.5877
5.42768
1.44707
0.160194
2.31394
2.82696
7.6751
3.99684
3.08844
1.86505
1.24117
1.50891
0.370703
0.699834
9.54084
0
0
1.22447
0.482261
0
0
0.0344545
0
1.12644
1.25016
0.939613
1.15885
0.010537
2.60275
4.94256e-07
1.83302
0.00251568
8.337
2.28694
3.55399
4.75662
5.66651
8.59826
2.0281
2.70911e-06
0
0.563302
2.50993
0.319655
3.01593
3.0877
1.89942
0.162564
3.01648
0.801149
3.12257
1.52076
0.595789
1.86632
0.759743
0.923178
1.16338
0
1.32192
1.58762e-07
2.27658
1.2754
0.889128
2.60891
0.892035
0
5.80249
0.200859
2.38324
1.28176
3.18509e-06
3.22372
3.65173
1.82914
3.64271
8.00915
9.77178
0.163411
1.80014
2.84195
2.63423
2.18224
0.0257149
3.92144
1.158
1.90333
1.47821
1.49326
1.28758
2.64756
1.23537
0.314504
0.724694
0.735021
2.45321
0.066672
0.858198
0.00153803
1.03103
1.40552
1.88573
0.0804657
1.7716e-06
0
0.759206
0.793345
0.196669
1.44798
0.158423
0
0
1.83092e-08
0.00581956
0.937038
2.26473
7.7378
0.0887168
7.1723
4.22213
1.9031
2.10929
6.50202
0.0563321
0.305757
0.102527
1.42919
0.0161841
2.62642
1.31156
0.885672
0.309086
0.973987
1.91025
2.28129
2.50888
1.40854
3.35797
1.16087
5.30031e-07
3.87419
6.48206
1.8426
5.06468e-05
1.02508
0
1.26775
5.52548
0.0830168
3.24205
0.0175603
0.0181989
0.42075
0
0
0
0.0598157
0.0113138
0
0
3.77317e-07
1.86914
2.42726
0.678538
2.24269
0.221103
1.02154
1.86013
0.412469
3.17428
8.33503
1.39172
0.650956
0
0
2.71241
0.271174
0
0.625566
0.622365
0.692358
0.00966844
0.366354
0.00032251
1.28732
2.5796
1.46844
0.46522
0.000236561
9.77549e-05
6.10766
1.58259
0
8.77828e-08
0.428801
0.469525
1.11632
0.765215
8.86317
0.00942767
0.405652
1.59426
0.00274958
0.183702
1.40328
0
0.0577309
0.963471
5.87186
7.02037
0.0178825
0.323117
0.0158917
0.987695
1.82461
0.170784
0.0142453
0
6.99413e-07
0
4.13299e-05
0.930469
0.478994
0.0609985
1.3542
0.941971
0.597426
6.89689e-07
9.85701e-05
0.028277
8.51113e-08
0
0.879095
0
0
0
0.00179275
0.572993
0.85693
0.0156828
0.902668
0.0117191
8.25115e-05
0.000119597
0.0485251
0.326243
2.30731
0.188563
0.346077
0.0232088
0
0
3.02768
1.56446
0
0.276583
0
0.437688
0.17659
2.80916
1.7907
0.280265
0.764837
0.648395
0.477395
1.54754
3.24373
1.24152
0.503461
1.18967
0.691567
2.02835
1.47323
5.78642e-07
0.000107606
1.95368
0.000209807
0.0138528
0.404836
0.0459954
0.354718
0.490919
2.27757
1.41551
2.02673
0.904596
2.05243
2.51136
0.186092
0.98103
0
3.6972
4.92606
2.16968
0.721197
0.000133775
3.60888
0
0.591227
0.00108686
1.19027
7.42473
2.10104
0.00764386
5.1021
0
0.0674387
7.04926e-06
1.06087
0
3.74021
1.98084
0
0
1.97675
0.00266534
0.0703924
0.0333597
0.00107763
0
0
0.0130145
0.179662
0.843589
0.914651
1.29728
9.43071
0
0.000897745
1.12114
6.96201e-08
0.862857
5.05709
0.0278784
0.838054
0
1.90317
9.56841
4.41648
6.23927
0.00678867
1.67378
2.73698
1.91602
5.08595
0.363123
0.00961543
4.51595
1.00371
4.50419
0.742767
5.26573
4.95989
0.866982
0.0675934
1.01832
0.0218487
3.51153
3.71325e-06
1.14626e-05
2.20099
1.36795
1.4141e-07
1.53437
1.86864
0.13072
3.22053
0
2.41995
4.43059
0.0410275
1.29277
5.20718
1.387
0.662562
1.22643
2.72222
0.263095
3.11492
2.15407
2.90255
0.841434
2.36117
0.741821
0.350564
2.0516
0
1.78442
7.05903
2.10377
2.81182
2.03998
0.0634589
0.00665475
0.250559
0.0727286
0.233059
0.270314
0
0
1.77963
0.0589168
0.41584
2.19495
0
0.959564
0.151625
0
0.150553
6.04422
0.702808
0.711628
3.79814e-05
0.942536
2.14341
0.0650158
0.681528
17.8637
1.53624
2.11526
6.40203
2.08869
0
0.463738
1.74443e-06
0.02436
10.9019
2.9835e-07
0.0609909
3.79227
1.4144
0.454697
7.70165
1.16331
3.8011e-05
1.40701
0.958796
3.99745
0.321673
0
6.76059
5.06568
0.180688
2.34188
2.38245
2.10003
2.18187
1.82087
2.98036
17.8054
19.4123
13.2826
26.3396
12.1463
3.58649
0.0730822
0.268869
2.91936
0.0404048
0.792084
1.53292
1.7644
4.07706
3.47172
1.43339
0.630003
0
0.0003261
0.00174398
0
0.994919
1.43712
1.77508
0.517737
1.5857
0.015802
0
0
18.1421
11.6707
0
2.3117
9.91241
2.46027
0.387912
0.0668119
1.72853
0.000427393
2.53282
0.0443639
1.61507
3.68723e-08
0.00338591
1.17365
0.818289
5.29114
1.56705
6.01443
9.98222
1.29896
17.8469
3.85488
4.9007
4.67126
4.88083
0.11351
0
1.19083
0.000188074
0.855732
0
0.086909
1.1382
0.986974
1.3285e-06
3.59473
0.570125
5.37228
2.3474
1.36612
1.24307
0
2.60022e-05
0.0180707
4.19222e-05
3.46369e-07
1.09579
0
0
0.0152855
4.08453
0.435514
1.47086
0.121905
4.67582
2.06528
0.61388
0
1.86077
0.044396
2.95222
0.0621749
1.54717
0.207992
2.18082e-05
0
3.91649
8.19454e-08
2.17137
0.47584
2.26164
0.62473
1.07674
0.927909
1.72769
0.435114
0.00721635
0.00021168
8.61679e-06
0.0628498
3.36806
0
0.00484029
0
5.64631
0.542571
0.000992648
0.952457
0.1342
5.38505
0
0
3.68992
