2.4395
5.80026
4.20231
0
0.826727
2.76244
0
10.1109
0.863766
10.4926
20.9441
0.442673
6.81222e-08
1.57807
3.86829
0.0833813
6.18332
14.8656
21.3885
27.1961
8.91829
1.55985
0.326889
0.925293
1.7324
1.66857
3.43853
2.99332
43.6909
0.446798
0.845629
3.67065
1.95072
0.756984
2.62573
0
5.66133
15.5196
22.5975
12.8779
10.3702
12.3496
3.45933
10.9704
2.03715
6.1527
4.4003
0.00967165
0.0644381
0
3.72166e-05
0
7.88852
5.87803
1.19743
1.909
16.1095
1.299
0.217612
0.820666
1.85132
0.00335133
6.09485
3.72387
4.91222
0
1.39104
0.226536
6.64372
0.00332086
13.3735
0
0.00584373
0.970096
0.400668
0.818301
6.11578
0.508691
0.496311
0.0233367
0.66463
0.985155
0.00582478
2.35486e-07
35.3542
3.1774
15.0853
6.20797
8.06278
19.0517
13.8236
12.652
5.17978
17.349
12.6391
9.52021
14.6138
20.4889
3.10089
0.641195
5.26474
5.52908
7.8985
17.9673
11.6999
5.85745
10.4929
6.45008
8.48264
13.6722
7.45243
8.23206
11.0039
20.1856
15.0034
12.3314
0.101568
0.101052
3.81255
7.43132
3.29375
3.64647
3.2104
2.94644
0
3.62326
5.53653
0.546821
0
0.0292719
10.1281
0.74482
0.695091
19.5906
4.04478e-06
6.36086
11.6558
0.0388055
0.542033
2.25377
1.61021
0.684781
0.0163756
1.35885
0.564551
0.00941782
0
0
23.4467
51.349
5.39444
1.33645
0
0.177665
11.1172
2.55828
8.00145
7.09336
12.5548
1.2215
24.156
6.5953
18.9323
23.1202
1.42635
5.15631
2.63283
14.4802
1.56199
0.0851857
12.0032
1.16729
7.64263
4.27794
2.44258
0
0.00342405
0.0253478
0
0.499346
1.32825
12.7493
0.162687
0
7.09487
8.08412
15.9356
6.77414
11.5526
17.8621
20.2839
22.309
13.6119
9.93672
1.84851
0
11.7917
7.96852
11.0384
16.401
56.4872
124.396
12.8472
67.4929
19.7621
5.02887
27.1866
5.08819
44.599
8.31251
26.9673
19.8896
0.978072
19.6901
20.4497
19.1375
3.07321
21.7343
16.4952
3.35622
2.07303
4.92749
12.8905
1.83539
19.3319
10.4526
22.5492
19.83
22.3019
1.85496
2.12262
2.38795
15.9118
0.566519
0.860665
0.778107
0.48608
1.76788
2.49512
1.1862
1.48777
1.34393
0.625469
0.936927
0.720442
1.69682
0.00189743
0
1.24395
0
0.424824
3.32439
0.0664537
0.800515
0.00175331
0
0
0.758252
0.712585
0.0147145
0.98015
0.662728
1.00589
0.00297224
0.000177947
0
0
0
0
0.000403993
2.58796
0.34571
33.6501
8.56111e-06
0.0267126
0.212177
0.0783628
0.208367
9.12361
0.0939301
14.4749
0
1.04119
0.0175683
0.905937
0.000612767
0.131431
0.583794
1.05143
1.76157
0.121695
0.00654987
23.7629
0
0.959295
0
0.0829136
24.3283
2.74448
12.86
10.1021
2.09165
10.9799
15.1814
2.31331
10.2256
0.923981
4.51061
2.27517
1.57394
0.647527
1.85751
0.689701
2.05173
2.24959
7.13373
33.2064
18.346
12.9273
5.17758
0
2.25347
0.368376
2.29059
3.03899
4.08517
1.34864
1.79023
0.0115901
0.277399
1.46555
0.155769
0
2.9666
3.19629
4.21541
5.83545
1.64369
7.92653
0.528997
24.5119
3.37507
2.58668
0.00945435
5.63386e-07
2.92488
0.376747
3.78536
3.42642
2.72586
2.22827
0.863955
20.155
1.58685
0
1.00177
4.29468
13.95
0
1.84898
4.34359
3.55792
2.92824e-05
2.41959
0.036084
0
0
0
4.40844
0.942696
5.27189
3.45815
13.5878
4.51512
4.82413
4.98952
0.411242
6.89538
10.7272
12.82
11.6418
11.6998
0.484986
9.30056
5.56677
4.95808
8.75088
8.64446
6.52936
5.67314
10.2818
12.0627
10.8261
1.99647
2.20837
18.3326
13.098
11.9469
6.01248
16.9794
5.06655
11.2235
7.58879
8.83837
11.9103
12.5531
8.9027
11.3785
7.37056
5.21834
8.31937
13.1553
4.19914
9.29928
7.11707
7.84687
38.7332
6.02623
14.5869
3.9492
1.95109
18.5088
24.0476
23.5204
25.7696
24.9822
4.70244
24.3184
23.8648
12.4162
23.0543
30.5741
33.5446
21.1827
16.9354
11.0169
26.075
1.08654
36.0159
41.0703
27.8534
10.5484
7.52856
5.91856
10.2821
0.134914
5.17861
0.754703
7.92739
3.51467
11.2585
2.91837
11.4674
8.94746
22.4835
4.11759
12.8512
13.3686
10.999
11.0086
12
2.72129
0.790527
0.658881
6.1451
1.5769
30.6551
4.20366
2.17538
4.21995
1.10254
2.47004
6.35284e-05
0.136559
0.431438
0.120145
1.55405
2.85257
3.20993
6.13233
23.0581
3.35333
2.80645
11.2768
12.884
5.62255
6.10582
17.8343
1.93612
13.2163
15.868
12.2693
10.9858
1.97719
5.79608
12.8575
0.000786195
7.39286e-07
0.00193205
0.00234352
17.3063
25.5491
4.11983
10.1071
15.2514
8.79334
5.13848
6.17968
0
3.18264
6.25473
1.12466
0.777996
3.26368
1.60001
5.95267
12.5903
12.1876
6.62336
1.22615
0.912391
13.4699
5.29525
0
0
10.054
0.00816455
7.99162
0
2.66252
0.809806
3.50555
0.0291547
1.07549
2.35044
5.46928
0
0.810863
0.178282
18.7538
1.77263
1.11181
2.90384
1.48607
1.11622
8.81826
27.2179
16.7096
20.42
9.74844
13.3034
16.9323
0
30.0119
0
17.5224
8.06197
9.19868
17.6534
4.05435
0.743376
0.349455
0
19.9565
0
0.215795
9.94852
0.136566
6.77799
10.9095
2.22035
20.9199
2.36037
2.85423
0.673215
5.41298
8.47042
36.4657
56.6637
5.16406
5.37638
4.06988
3.52665e-08
10.6796
6.66151
1.54328
2.7799
1.99208
15.0465
0.0511299
0.25438
0.641316
0.331175
0.0740946
1.7735
0.943303
3.3638
1.95995
0.414758
3.70982
5.34936
4.27464
2.72529
0.00702555
1.01781
5.32965
0.412769
4.17063e-08
2.23964e-05
3.76034
0.397049
0
8.10131
17.8786
22.0761
0.855452
0.35242
1.10948
13.3741
0
12.0106
13.6638
0.879824
2.07749
0.669261
0
0.0924628
17.0619
0.823412
1.36024e-06
0.419532
9.29348e-05
0
0.713698
6.58075
1.58815
5.56999
13.1981
4.00487
2.92648
6.06782
5.04532
16.3945
15.2943
0
0
0
1.31499
35.1838
29.4326
1.25235
14.1677
0
20.0393
24.8456
12.3822
11.4431
0.689259
0
1.91443
0
0
1.61776e-07
0.697292
0
5.72427
6.53674
6.03202
1.98144
6.60788
0.178509
23.8759
4.20088
18.2887
13.7711
1.23953e-07
12.7362
0.320841
13.6622
20.6025
2.27848
8.12931e-05
13.8466
14.1292
0.117257
3.84059
0.844034
0.27137
6.94847
19.9898
7.39569
13.1026
10.2133
13.1204
16.4422
0.914886
4.79157
0.0382579
0.140064
0.2376
0.637433
0.396646
0.361658
0.000451108
0.021844
15.4283
2.33529
3.14145
2.60138
0.020114
5.92564
4.20092
0.210689
6.5546
1.02262
6.56758
4.12386
9.64784
15.8986
15.3431
18.489
3.83336
3.01741
16.4364
9.31103
0
3.2354
13.6698
2.96482
0.978946
18.7349
0.310226
19.6562
63.9168
7.00792
21.8473
28.7567
10.4068
9.04466
0
0
11.8176
30.2798
1.41107
0.51686
0.000246186
1.9376
16.373
2.22452
8.60965e-07
0.65839
0.884324
0
0.185713
6.70927
16.878
9.12108
2.34902
0
0
0.953352
9.83154
20.2331
0
0.181276
47.4584
0.760283
18.0777
0.58243
8.22507
16.5869
19.0753
11.282
0.672769
1.17717
2.05575
0.0170585
1.42792e-08
0
0
0
1.40649
6.84076e-08
0
0.382938
4.82281
15.8678
1.18308
20.5083
5.90552
1.33281
5.34917
2.51709
2.0544
2.20027
0
3.57957
1.19468
3.2979
1.60976
16.4143
4.30615
13.2532
0.102952
0
14.055
0.871218
14.0767
0
0.0839371
0.00338627
19.4845
12.925
3.9782
22.816
3.28548
16.111
0.632988
0.00172066
0.502413
31.652
0.061983
0.79468
1.8006
0.221547
1.46978
1.57087
12.2059
6.05419
1.92805
2.22658
11.3504
6.99312
5.58255
9.25522
3.77919
24.3094
0.300464
0
12.4261
8.66712
28.4722
4.45907
1.97336
0
0
12.428
11.8179
11.0344
5.3084
0.000958192
7.20142
20.006
6.71279
0.00379053
17.4103
3.5498
0.813232
13.9896
0.0210492
0
12.6921
0.117357
9.7987e-08
0
4.36375
0
0
0.0428722
6.28554
4.17424
0
0.442031
10.4607
0
19.5611
0.0215838
7.18626
0.141484
9.2318e-06
1.09351
0.590959
13.2512
0
0.997095
6.87762
5.26635
8.44347
19.4965
0.0183787
19.6781
8.68634
1.70394
5.71708
5.24629
6.78084
4.40781
10.052
15.6798
7.97094
6.26125
6.1734
13.2644
10.3479
3.76283
17.0655
0.304668
14.5101
3.36916
3.02154
11.9977
0.600316
5.65741
3.58169
4.48292
3.23597
1.34585
6.12428
0
0.980551
0.174252
0.0780418
0.00153947
2.5146
5.33663
21.6773
25.0395
0.87417
0.233268
0.558669
10.1629
11.7255
0
13.7529
3.93832
8.91573
0.00483037
0.225613
0.734812
4.67499
2.077
19.8679
7.02061
0
0
26.8501
0
0.0478521
8.12087
3.89362
1.61616
0.348871
16.0022
6.44615
2.5176
0.938159
4.71614
4.86892
1.90321e-07
0.291881
5.32114
0.0305019
0.976982
4.44111
0.983482
10.5565
33.3789
14.1447
0.0130182
1.26193
0.869657
2.25933e-05
31.1702
12.818
7.28441
16.3992
2.76051
15.7349
8.21065
0
0.622243
2.62702
1.20313
3.32749
0.916432
6.10279
0.011348
6.23626e-06
15.5376
0
16.1595
5.50332
0.642063
0
0.078165
2.32402e-06
0.300537
2.33746
20.2114
1.47847
14.8383
18.0235
0.000257194
1.21038
0.852048
0.000140338
2.50571
1.13017
6.79122
0.00616843
0
9.14263e-05
4.59246
0
0
10.8062
1.84303
2.93864
12.8876
1.9793
0.130766
1.87954e-06
9.40709
6.52758
6.02795
2.27821
0.13861
0.694979
0.018703
9.07536
0.0682419
0.0326783
17.2585
0.836995
0.415477
3.09562e-07
30.2502
5.5998
1.13166
3.30769
0.11049
11.2644
0.222081
0
0.22859
21.4932
0
26.8312
0.543641
1.90661
0
18.8203
9.43739
8.74018
14.957
10.4244
2.35864
36.3272
6.39246
0.156585
0
0.861736
19.45
14.1404
9.17949
9.4217
0.476445
0.22054
0
22.931
11.3621
29.7981
18.2447
13.5598
9.33998
14.0914
14.2311
10.3005
11.7103
2.20947
11.4638
21.669
12.5298
0.879024
0
15.3843
7.39132
1.11899
7.03286
3.19593
0
16.0244
10.6809
16.566
0.205973
66.2463
13.488
19.3519
12.9705
20.6558
4.41466
7.18304
9.791
13.3155
0
0
2.87722
11.6497
18.2181
13.4927
15.1507
21.3109
33.3309
31.3571
48.0602
48.0537
31.7769
32.1242
31.6517
5.21241
5.38652
0.845185
0.45751
0.996894
0.108067
4.72604
0.0258039
0.0436994
1.1229
10.0554
0.970079
2.02354
9.44081
10.2968
10.2794
8.00874
7.54012
11.0003
2.85682
1.77325
3.83257
6.18686
17.0863
10.0331
1.55531e-05
23.0294
20.6623
17.0409
24.9227
11.8158
13.6265
0.148713
0
0.000524644
13.5204
9.73022
2.09854
10.4235
22.6887
0.000128275
4.34874e-06
0
0
0.000112675
31.9585
0
22.3555
0
39.4668
37.5369
0
0
0
20.3842
30.1384
10.5887
10.4514
1.04754
0.000195333
35.6626
23.3883
0.263341
0
11.1753
23.0872
31.6217
0
13.9901
31.7481
2.30273
13.4361
0.14198
0.00130086
14.3121
0
0.342063
2.33562
0.00429604
0
23.8804
0
1.31679
10.661
11.3913
15.3117
14.8085
2.47123
14.8891
0.0143184
19.6208
0.106973
20.5248
23.7053
0
13.803
14.8466
15.859
0
0.213287
0.840159
17.5263
11.4305
3.6643
14.1841
0.0364105
18.8853
20.6188
16.0631
0.00146966
12.0137
5.05628
22.8931
17.507
0.00703928
0.579479
0.405602
17.3322
0.219396
15.8835
0.000630447
2.06271e-05
0
0.611429
15.6795
1.38637e-07
0.895386
0.986381
17.4757
0.731616
15.4557
19.4868
0.30516
11.6352
3.10041
11.3729
12.9563
22.3238
0
0
0.0606472
0
0
0.0642346
0
0.502435
16.5972
2.60757
1.43935
14.6888
12.8807
1.58888
11.9482
11.3128
0.460799
18.3828
13.2434
13.2789
19.7128
13.8829
13.4059
18.5158
0.464009
13.381
29.0818
18.1413
22.2254
25.5283
6.50442
27.18
12.2507
0.260377
12.7287
0.298171
0.00179262
19.6447
0.00145639
0.185069
0
0.656484
0
0.0322137
0
0.277947
13.5252
1.05796
0.0142381
0.954487
0.0368419
1.59327
0.275906
0.564316
0.0352485
0.182525
0.000417267
34.3789
2.67548
23.9958
10.1132
1.46826
0.314658
5.27202
31.3731
0.915309
3.59186e-07
20.311
6.4763
12.6345
26.334
1.46154
0.695532
0
0.518194
15.7728
33.95
1.55053
0.752292
1.85292
0
3.90627
0.0222514
10.7993
18.1599
0
5.09413
1.64745
0.278
0.0297934
0.271777
11.5424
0
0.00502917
1.37319
16.2507
55.1555
4.47157
10.3455
21.7891
3.35851
6.40581
7.17896
2.98964
15.5817
1.23856e-06
2.249
0
2.14421
1.20834
3.27664
8.99713
0.28944
5.37315
2.40143e-07
0.323994
0.883262
1.57451
0.885691
0
0.242127
0
12.0392
12.9441
2.60346
10.6355
1.10903
6.28084
1.63263
0
3.12867
1.19349e-05
0.660964
0.903256
19.8665
18.6801
20.1081
20.516
10.7989
8.53674
0.00392241
10.6917
16.2061
0
19.0641
0
3.97005
0.104169
7.10807
2.58504
0.0869161
1.45893
0.358075
0.685585
3.98606
7.27182
7.26725
7.13879
7.32763
0.697839
0.192692
2.82407e-08
0.00118339
1.54084
13.8364
0.00213307
0
1.90879
1.67614
9.87109
0.217678
3.30957
0.0661753
6.0373
1.44001
0
15.2207
0.155995
24.8676
1.14561
2.92137
19.6251
13.4595
1.35751
0.873185
15.1187
21.4192
0.761001
34.9256
3.50685
1.09659
1.05058
4.8998
0.908367
5.32055
4.34119
18.4908
15.0172
6.17566
3.6783
9.38015
6.56615
5.47365
10.8019
3.13526
0.00159304
0.00323327
0.855539
2.27196
0.923004
1.4924
8.22308
0.78747
34.8277
0
2.62977
1.58523
2.56577
1.56626
9.73669
0.777284
10.7054
16.5539
15.5045
1.81994
8.73413
4.41303
0.135561
1.01608
35.39
14.8259
12.2839
8.235
0
5.55745e-07
8.2992
5.5787
2.52307
0.911028
8.42525
0.00759527
0
1.59144
4.68028
0
0.38473
0.00192867
4.86705
0.921786
3.5591
0.588112
64.5673
4.32031
0.834744
0.00629134
8.62666
0.0448938
0.313714
32.2714
0.0298821
5.01353
28.4364
3.56707
0
45.4517
1.37457
0.914212
2.33294
4.92655e-07
8.88443e-05
0.057309
0
0.479182
11.6177
1.05269
3.86985
0.000266786
3.7764
0.978987
11.7533
0.573213
2.28727
0
2.1343
1.52386
0.0197872
0
12.3446
0
5.63419
0.0761419
0.0991955
11.9345
1.59765
0
4.254
3.42748
0.0264948
0.00387656
6.66067
5.11626
1.84012
34.323
25.2988
7.23581
0.00272215
0.95666
1.64858
0.425916
0.493587
0.91201
0.782704
3.23795
1.78973
26.2247
9.98539
0.938073
1.5958
1.6083
0.116923
0.915532
0.958071
8.73191
0
0.992386
1.03943
1.71381
0.252577
0.241821
0.00687673
1.52745e-06
0.939756
0
0
0.000244432
0.621325
0.0964929
3.14994e-07
1.61403e-07
0
0
0
0
9.17759e-07
0.00232182
0.854656
22.8359
0.00224878
3.35573
16.1155
0.140968
4.00791e-05
21.3367
2.76787
7.33409
0
0.0515134
0.0724167
0
0.195992
2.76045
0
0
1.70544
2.18556
1.00068
1.21133
6.71934
0
1.40538
16.1626
0.00194535
0.558734
13.1285
9.49234e-06
0
0
0
4.51534
3.17666e-06
3.19553e-06
0.739468
0.754338
0
0
3.84523
0.272134
1.39677
5.46317
0.112831
1.59081e-05
0.000239561
1.5966
0
5.26773e-08
0
6.0019
0.235342
10.5752
0.956996
0.0721465
0
0.174417
0.00522762
0.0869698
0
0
1.44399
19.5553
1.19879e-07
21.0573
2.22611
14.2679
15.3845
0.000945819
20.7153
15.6253
22.7168
0.195119
0
3.07409
0.972679
19.9344
0.0114646
1.93243
2.66179
0
0.148155
15.5991
17.8291
0
0
6.07152
1.09603
1.3312
4.26367
2.90884
12.5614
15.3205
26.9135
0
4.91979
16.9626
0
7.96492
17.9899
17.4026
11.0098
8.17187
9.15866
11.6096
18.8549
11.5648
12.8477
9.33264
4.70827
1.34526
0.689378
12.9341
6.17246
0
0
0
0
2.37928
14.5737
3.80002
0
3.26054
0.258661
0.0869885
2.5399
4.59594
1.84127
4.77935
0.0846538
1.57504
4.21897
5.17084
2.59055
14.5026
0.0217423
1.8679e-07
6.70544
3.6487
5.27593
0
0
0
5.18957
0
0
0
0
2.1601
0.00465215
0.00638739
1.03876
1.01284
0.000807166
0.0479762
0.709439
0.00121479
0.772752
0.0661195
0
0
0.168151
0.0153765
2.43925
0.364713
5.6388e-07
1.73553
0.162563
2.88921e-07
0.00110158
0
2.04185
0
0
0
0
0.169389
20.246
0.791726
0.979418
0
0.982849
0
22.3834
0
0
0
0
0
19.2189
3.43157e-05
2.48057
0.49412
0
0
2.25931
0.853752
8.60159
1.3202
2.85294
0
7.21111
6.28921
0.187333
8.56275
6.98748
6.13833
6.95465
6.91812
1.78428
3.57875
10.2987
13.5359
11.7963
7.00229
0.988337
0.393133
16.5908
5.28328
12.1253
10.6797
15.7896
5.60219
5.33472
8.50688
16.1699
17.4457
6.06024
8.92772
9.02043
16.8103
22.427
20.7202
1.46863e-06
17.3229
0
16.0467
10.8232
20.3761
14.7091
2.69175
21.5367
11.6994
5.31594
0.631659
18.7834
14.7678
8.4685
15.9564
10.1311
22.409
12.3642
15.8809
10.1731
12.1746
9.32857
6.06995
0
8.14566
6.08833
5.4167
0
14.4949
6.41899
2.67501
1.65932
0.278591
0
0.735967
1.81371
6.34425
1.56425
7.52535
1.01139
0.0225931
1.53218
0.891415
0.924897
0.495143
8.42684
0
0
0.767458
12.8348
0
0.203186
2.17809
6.47203
0.904629
0
0.0224502
0.00650567
2.40106
0.0827169
2.96792
1.49691
1.21332
1.86865
2.8711
18.8203
3.96121
21.5199
19.6923
7.09987
22.5718
6.79918
7.74873
11.4953
14.2511
30.4597
16.3294
23.8097
12.5167
0
16.2177
12.5735
7.50412
0
23.9452
0
7.35402
3.46581
1.46562
3.48351
11.6714
13.7636
0.998967
22.9483
0
0.0651977
5.40752
7.26488
2.4256
0.0637292
2.01757
1.27951
1.15514
1.87512
4.37413
0
1.46704
19.6491
0.504462
0.112737
0.0113751
0
0
0.0159631
0.687022
0.59119
18.1542
0
0
0.105735
0
16.1879
20.0798
0.0313649
0.00643546
8.84091
5.82747
0
6.49579
0
1.2381
0.0188889
0.966733
0.896693
2.66276
1.00365
23.7608
1.29319
15.0197
0.694817
3.10528
0
0
0.00092301
18.598
1.60472
0
0.00211853
14.6616
0.959181
7.39449
18.8301
32.4252
14.7108
12.4742
13.6367
2.04139
5.68166
9.35879
4.00477
1.22229
13.0513
1.19293
0.0128272
3.72059
3.22117
5.81659
0.888423
22.6167
0.13013
0.499502
3.18398
20.2144
17.1165
6.17116
1.08021
10.0944
14.2963
9.63558
7.60307
10.9451
0.89768
4.46813e-07
0
3.4899e-08
0.623656
1.79481e-05
6.47596
27.9624
30.2
14.7322
1.02582
11.3779
10.7279
0.185575
14.0407
1.34146
42.3486
1.05918
0.415723
2.54262
30.8129
26.0082
1.20749
19.241
17.2723
0
0
0.015256
0.00329761
0.969375
0.741411
1.48605e-08
7.97599e-06
6.45992
10.9296
25.0527
0.980153
28.5946
0
0
0.0963709
0.894788
0.290653
1.37905
0.455312
0.0067433
3.93825
0
0.941985
18.5943
0.354426
6.0209
3.10382
3.22117
0
0.52427
4.46855
18.4408
0
2.33721
3.38693
3.17603
0
29.5733
15.8128
0.164815
4.30711
19.3674
0.978719
0.0362051
0.39831
0.00365087
0.0545613
0
33.4212
0
58.9668
21.6923
19.8175
0.303612
0
0
8.87021e-06
0.0433234
15.0382
14.1676
24.9232
0
6.7117
21.5662
14.0724
4.51747
0.456712
2.43619
8.39178
0.751075
9.84415e-06
0.24843
0.00064045
0
4.50862
0
0
0
0
0
1.013
0
0
0
0
3.37792
0.429829
0
0
15.0741
0
0
0.70551
0.699976
0
2.5453
18.2413
0
1.66548
0.765875
0
0
0.813331
0
4.81571
4.88459
8.39568
11.3364
7.63507
1.44179
2.46018
1.7486
6.00997
23.2627
17.8247
4.92566
39.8844
22.1045
32.5964
6.87085
16.3551
30.5907
9.12397
5.83263
13.1817
8.88282
18.3018
10.2362
11.9995
4.6059
10.6329
6.23567
7.26005
10.4411
6.65052
13.7624
8.28857
9.26864
7.91978
11.0246
10.5143
1.59356
0.588065
2.68236
0.00368296
0
0
0
0.0100979
19.2351
18.0224
0.450583
9.70793
2.683
2.23849
0.000458818
0
8.25778
0.000202513
8.80315
0.978568
0.717088
0.656426
2.22423
11.0152
0.588384
19.9649
23.2933
23.0816
14.8032
0.615032
11.4041
0
13.3298
24.3424
10.798
38.0177
7.80556
7.72009
6.80923
9.77824
5.97073
18.8951
27.0583
22.8494
14.5444
1.08813
13.8522
0.891091
3.38586
8.04054
14.5226
16.2172
6.50187
12.2088
14.7945
21.7859
14.1242
14.9554
11.4806
14.273
7.89931
10.7405
11.3382
15.5067
17.0474
0
0
0.166412
4.93162
6.68889
8.31426
4.24644
6.94538
9.54635
11.1385
10.6741
10.4429
18.0493
3.56388
16.9733
17.0013
5.81558
4.37314
4.3638
4.37477
8.23103
4.60245
28.7628
2.53287
4.80557
12.9535
5.17214
4.17595
3.07726
5.30405
20.9106
7.71297
11.0238
12.7715
13.1794
4.45308
16.4551
30.2538
2.25549
5.65827
31.0771
4.40282
0.937715
0
0.123066
0.648638
9.3429
14.8751
4.85574
12.2566
0.0590447
13.5449
15.5223
16.777
15.5548
12.5136
14.7693
16.3917
25.8146
0
0
0.00128998
41.4128
34.7889
41.8688
3.50664
33.6572
3.90385
6.04529
0.0315846
7.16351
2.48099
4.48657
30.2235
1.49497
9.6731
67.8127
31.8475
13.4953
9.60068
0.884852
26.8711
13.2202
27.5121
8.35645
9.12035
26.6144
32.6415
33.1045
29.0074
14.3477
14.4553
12.7804
14.4847
9.11909
26.8029
11.7841
7.35031
7.4613
4.12298
16.679
7.46812
32.3397
6.64819
21.5021
14.3938
7.50547
29.2809
18.9163
22.9941
22.7071
0
27.4096
0
8.51325
24.5378
29.3271
17.3774
12.0867
14.6822
22.2631
16.9416
18.4692
8.94619
13.2299
12.9931
4.8448
15.7876
11.2157
7.20936
8.57458
8.76629
5.81084
7.86076
5.917
3.63436
0.0613047
7.13887
6.96409
17.487
7.07119
20.5533
7.91452e-06
4.27333
0.934634
14.116
13.9851
18.1352
1.29536e-07
25.8494
28.6925
11.7011
12.0416
4.23571
11.863
16.0565
28.6013
1.34614
2.1736
0.885317
10.3838
17.9372
2.45242
0.0767617
2.25048
0.118993
1.22102
0.127199
0.753897
0.0388797
0
2.53288
1.41597
1.33062
1.61744
21.1039
1.2208
0.820383
0.146664
0.26096
0
0
4.26901
3.41625
0.0549777
0.921679
0.050447
0.0532989
0.905373
0.0127353
0
8.33081
2.39953
0.460347
1.94034
0.322721
13.2883
0
0
0.103777
0
0.278827
0
4.13179
0.152491
14.1425
0.789978
8.0933
0.641426
15.6543
0.545129
1.33007
14.8625
0.590944
17.6956
7.77667
12.1364
0.0270518
23.2383
0.903933
2.71995
2.31476
0.0469992
7.76344
18.0135
0.170995
0.0444804
33.3473
0.65125
0.128644
2.59208
2.13154e-05
2.25393
0
1.39883
0
0.612181
0.672615
3.2001
0
6.49875
2.94085
7.75202e-09
5.23115
16.9426
0.375391
9.50945
1.57805
12.0159
17.9701
9.00216
9.53145
0
0
0
5.95058
10.5364
0
0.607304
0.484186
0.676269
0
4.72278e-06
0.00320593
1.23878
0.227628
1.05375
1.78941
7.78616e-06
3.91537
0
1.2142
1.1082e-05
0.0483041
0.58723
0.396905
0.753585
0.0876575
2.84543
0
0
0
0
0
0
2.62343
18.9396
19.0974
24.1433
13.6336
23.5999
3.07378
5.16672
0
0
0.358274
1.60367
11.9091
2.15071
5.08498
0.0228458
0.809185
21.3695
53.7698
37.3241
9.87529
16.58
2.16043
26.1949
17.2123
3.42363
0.602521
9.07091
2.27125
10.3907
4.66822
5.42985
15.0674
9.83587
3.56387
19.6987
1.46607
7.40445
1.1428
28.6465
0.44128
44.903
38.818
0.120951
0.0133585
0.45477
0.976778
0.03576
0.587144
0
0.508393
0
0
0
14.5245
0.000796228
12.5481
1.94976
15.8276
3.26333
4.08622
18.461
24.3363
16.2657
3.9385
0
19.0866
16.832
12.7058
27.9735
45.7843
19.426
24.6602
0.309629
16.5955
0
16.48
15.0533
19.1003
8.67711
0.153596
17.2148
10.043
24.5709
5.83971
26.9648
35.6856
8.41029
4.5095
15.2348
13.3215
13.8275
24.2068
0.0521736
5.78404
29.5376
1.10995
4.8612
36.003
0.0125846
15.6125
0.238331
0.0307279
1.37074
0.297757
6.2787
0
24.7117
50.758
22.3648
9.66458
6.21886
12.9563
3.23637
6.8257
1.03647
1.72548
6.61895
16.9561
17.3768
11.6411
27.667
14.7328
23.1581
6.78423
18.4616
25.2827
2.63648
14.2092
0
0
0
16.1384
0.0267665
11.8689
13.256
1.20014
2.65108
0.590506
3.26181e-05
0.4636
0.00198945
1.32727
0.541234
0.157539
0.00732922
0.626844
16.8302
1.12543
1.58902
7.40921
5.39089
0.0172741
17.8448
0.647941
2.25152
1.18764
6.76323
0.0644569
0.294562
2.08034
0
0.0130117
5.31369e-07
0.0149704
5.61273e-05
0
0
5.80552e-09
2.73866e-08
0.0105073
0.463864
0.000922493
0.565858
1.27489
0.138791
0.394929
3.76295
5.98731
4.86612
4.2433
0.000584093
3.13452
7.90712
0.00231532
0
1.35692e-05
0.0231654
13.0657
1.73152
15.9573
15.2752
23.9503
9.57471
9.08382
3.45552
10.4857
2.92191
14.6094
13.6794
0.230726
11.3109
9.05604
1.00397
0.00771646
5.80654
0.00386888
4.45264
6.02864
23.9643
9.71838
14.5294
22.5641
1.75949
20.1908
5.23511
13.6411
9.43816
5.8789e-07
9.11734
0
16.2328
6.15432
1.28858
13.814
10.7391
6.16088
2.95246
0.00917726
1.11346
0.790662
1.17101
1.06301
6.06808
0.00593609
6.70417
4.0011
27.1409
20.4914
26.7696
26.5703
12.1652
14.4538
23.4283
19.7173
27.1023
23.6076
9.62184
10.4449
16.6835
0.00036249
7.33612
6.61839
21.6473
9.67367
7.8941
7.38392
7.11959
4.08625
12.1645
11.0533
4.29457
15.8974
8.28436
9.75048
13.1554
21.6742
7.58413
8.95196
11.8821
0
6.63648
6.38367
1.85973
10.115
14.2085
0
6.66803
13.7309
9.42689
0
0
29.0286
14.2717
13.3869
14.5585
8.19074
20.6303
23.8659
2.0227
16.267
17.6941
14.1325
6.38013
20.7739
32.0031
35.9236
16.2215
50.2383
17.6752
25.3177
29.0652
32.027
28.0364
1.35514
21.1929
17.1398
16.4095
13.6198
23.9039
49.6053
38.6093
30.945
0.0865331
26.0828
32.2088
32.9641
0
3.68622
18.5204
35.169
26.7387
10.8068
17.0679
17.7828
2.42001
0
5.35256
0.433476
20.8087
0.0912633
26.4263
25.4813
29.4496
22.9771
30.0415
0.31184
24.1335
0
21.6491
25.8784
24.7555
15.2941
27.253
58.3466
33.8256
18.6144
23.9221
25.1908
20.4626
15.581
0.622931
8.20599
7.15992
17.7648
0.0318751
12.1344
8.44131
11.1761
4.77617
6.34841
29.0255
10.2404
0.0685554
8.18099
8.51831
6.05281
19.2654
19.5674
1.35759
6.06211
10.7476
3.04866
1.71473
0.772379
0.850689
0.742312
0.396603
9.65969
0.429756
21.6433
13.1568
8.3023
15.3517
3.53003
5.31116
35.8837
0.886067
2.79712
3.91666
7.79143
0.00802415
15.4061
8.27007
6.80016
10.3538
8.60047
15.1125
12.7952
10.8945
9.17134
14.9349
15.3537
12.7323
22.264
10.8805
5.60015
19.0849
38.9487
0
17.5787
6.23062
28.298
6.03381
6.03531
15.8783
7.90881
35.0275
15.2209
26.4276
21.7717
9.90141
18.0581
12.3567
16.8715
6.39211
6.85539
11.8401
32.3344
36.7796
12.59
0.0996934
4.76966
27.531
21.2284
39.1975
4.04207
2.03024
25.2884
2.55574
17.3851
22.9751
0.05379
13.0551
0.398059
10.6478
9.94386
9.45895
0
2.55632
8.04291
16.8719
13.057
24.2821
10.5788
6.26927
0.28158
6.14573
14.6972
3.13839
7.31461
14.0165
2.49306
8.14766
9.10043
16.5729
5.26507
0.00013161
19.1931
11.0258
9.61386
12.335
3.77255
12.2829
0
3.70548
0.783273
3.88513
1.21984
1.30051
9.89482
0.549595
0.264526
21.9889
0.851594
12.9305
0.0481323
12.8513
1.46295
1.72142
12.3382
0.0379034
0.0996873
8.4864e-07
0
0
16.3293
6.04304
17.9814
17.4949
17.8371
8.9064
11.6037
2.80691
5.22426
4.84095
12.3448
10.8618
0.701929
18.1577
12.8828
0.000592765
8.38813
0.000938806
3.80525
9.82531
0.828769
4.72736
4.56909e-07
1.37144
24.888
0.346352
5.64739e-05
0.0013898
0.143707
0.53734
9.4427
14.2638
9.42107
4.6234e-06
0.674593
11.4755
5.83387
8.95528
10.783
10.4025
6.73837
7.21432
10.4913
21.7691
13.4915
0
8.69452
7.40362
8.7763
7.83105
0.79239
8.35579
13.4748
15.9284
2.13111
8.31916
14.1071
131.143
10.538
11.5074
9.33514
101.494
5.73196
8.21014
10.4416
7.91149
6.68013
8.021
6.12956
30.5393
9.9594
11.8762
6.39432
2.17239
5.98078
33.3275
16.2752
4.61187
0.00278137
0.00905342
14.5125
15.8376
0.0152032
8.63401e-09
0
0.000327958
13.2206
0.644043
7.57347e-06
2.19813
0.936594
2.86717
0.0115656
0
6.71187
0
2.56673
6.30519
0
0
7.34069
2.44585
10.8461
0
0.960658
1.4238
0.148591
1.91436
0
3.16648
0.00772881
2.74231
25.0467
5.52005
0.430797
1.93795
1.7459
3.05913e-07
0
0
0
13.9775
3.89913
10.7675
2.1713
5.29257
1.43683
17.5287
5.3638
6.20199
5.32025
7.53893
6.85804
15.2928
4.43854
3.60174
3.00513
2.63239
2.61742
1.42819
3.5381
14.3758
37.2031
21.9488
15.6239
5.06725
2.37928
2.68491
0
3.80997
4.74647
16.7541
7.68213
4.5299
5.38476
5.62194
20.7405
0
12.6885
8.65725
13.9536
17.375
14.5729
9.7293
13.9738
14.8773
9.41609
20.2299
13.9277
16.7692
17.7948
17.0671
18.7016
1.2396
23.0142
12.2518
1.72814
0
0
1.54539
5.57469
2.04942
0.826321
2.03302
18.0777
31.2336
3.47988
8.27283
5.00826
8.76149
11.0761
3.76144
4.73931
0
0.00372084
2.41304
12.2563
47.2766
12.9544
45.9315
15.1158
14.8345
11.9068
0
0.605838
1.18622
11.326
23.9235
5.44263
4.71956
0.82926
14.229
9.34879
1.29747
18.6164
1.03936
7.39397
0.735461
35.6416
23.9041
2.51655
0.000238105
12.9294
31.064
0
0.0618451
7.80982e-05
0
0
0.491264
19.7076
1.87852
5.77601
0.000180193
0.0126918
0.0387186
5.65476
0.0319477
5.91864
0.940194
0.724245
10.3011
0.650169
0.000444157
0
4.44115
0.112998
2.09435
0.842029
0.000632318
0
4.02299e-05
0
0.000175512
1.98295
1.73406
3.24522
7.20364
5.44922
0.588592
1.32956
0.0223225
9.99219
4.18009
7.36209
19.4759
5.40078
2.89698
9.6259
20.6798
8.91193
5.25175
21.9252
2.04581
0.147654
3.16292
1.17452
10.0592
2.5755
2.01898
3.48246
2.29699
3.53301
0.629204
5.43896
14.6222
0
0
0.00537421
5.14109e-07
0.00826511
0
0.731153
1.21271
1.28469
0.110976
0.493138
6.50531
0
0.300684
0.0120492
4.26868
0
23.3458
7.07615
10.9123
8.5632
28.1727
13.8093
17.2768
3.11465
4.3266
22.9312
13.6252
0.741335
16.9606
30.4911
0.25206
0.958517
16.3184
6.36867
43.5164
15.5044
18.4412
30.7436
21.1918
12.9678
11.7268
0
5.40255
0
8.24021
0.435346
1.56909e-05
22.3297
30.2659
0
11.8702
8.68669
14.5376
19.0527
1.31842
13.7954
18.4984
37.2739
34.1947
26.0942
18.7031
4.26252
10.0901
13.0857
3.14302
2.5292
2.36566
14.6728
0.352225
0.973121
1.35742
1.20157
0.076374
0.121699
0.454697
0.0820051
0.869396
0.00805545
1.45906
0.781657
1.45362
5.57259
1.09279
0.688507
0.0794115
0
0
3.89245
2.93341
0.0422277
0.556282
0.058494
0.0750236
0.835922
0.00753202
0
1.61744
0.344035
1.69078
22.0008
0.588289
12.8727
6.90986
4.54562
2.25915
7.29193
0
0.0362513
0
12.071
0
0.901602
3.35779
13.9583
2.75729
3.96557
20.719
13.4109
16.1933
6.74765
10.2935
24.6135
0.545704
24.0219
14.56
0.0475523
0.0659206
9.15937
0
3.08144
19.604
0.000126919
2.26489
0.435252
19.203
0.478804
0.737996
0
0
6.17424
0.674615
0
0
0
17.343
54.7702
24.2228
31.8736
2.47861
29.0643
22.8699
1.45188
19.8009
6.35329
9.3773
4.21007
0
0
23.574
0.00173585
2.5533e-06
0.0005401
0.000175043
0.818473
0.202122
20.9056
0.00771508
1.91705
19.5827
0.86423
0.488803
0.00208625
3.45209e-06
9.96378
30.868
0
1.10781e-06
0
0
0
0.00879756
15.3173
0.909799
0.97015
11.5431
0.116659
5.87608e-07
3.71144
0
4.71348e-06
0.00530909
8.28869
5.33573
0
0.0339724
0.631774
0.0172687
25.7892
0.00705587
0.000835593
0
12.825
0
0
0
0
0.213321
1.08013
0.954867
0
0
0
17.662
0
0
21.7997
0
0.0374198
0.94975
0
0.00447069
0
0
0
0
0
1.22964e-05
0
0
14.7052
0
0.0399123
0.0157545
0
1.07412
1.05541
4.97266
0
0.41726
0
0.0247019
4.50683
19.0898
2.04312
1.73527
3.07198
0
4.95228
7.64154
6.5981
2.27207
1.09229
3.25734
4.66032
22.6008
2.30677
0.0029549
5.35268e-06
2.60346
0.00682742
0
0.112594
1.73139e-05
0.0309704
2.44586
3.02802
0.849065
9.11424
0.890848
9.9318
1.77969
1.11189
9.03858
9.37679e-05
5.18755
6.06259
1.51104
0.116597
1.83181
18.5394
1.40378e-07
2.92718
0.507108
1.22363
54.7453
0.236274
0
4.54363
0
0.0454383
4.28707
17.6133
0
2.45224
18.5985
0
3.34056e-07
1.93658
0.0499328
0.0300846
0.0424376
0
1.98307
1.29392
2.01384
2.76047
2.80373
0.0521973
12.9967
2.79269
0.139831
0.025997
0.145313
0.157327
0.583714
22.061
6.02076
3.9778
1.35876
9.13125
14.9452
10.5975
18.8215
0.853502
21.0508
8.43399
15.1331
12.8363
0.000373598
0.0669283
12.3952
0.809268
23.4146
2.65064
1.46398
13.9052
0.0739449
3.62004e-05
1.71194
0
14.0981
2.77263
3.1157
26.5673
21.6932
0
14.9664
14.8979
9.44256
5.25437
2.26644
19.2928
25.5477
0.927321
2.29852
22.5703
14.1204
2.34863
2.78423
28.1476
10.6813
16.75
23.156
16.8452
11.3205
32.2753
17.6667
1.73065
16.8875
0.960853
4.98296
10.1912
8.83196
15.5633
0.245428
0.135762
2.7255
2.63497
0.185706
1.313
1.69262
0.327369
0.000779974
0.895261
1.25164
0
0.00079686
2.89277
0.10681
1.61219
0.214739
0.0107588
9.82739
29.2753
0.856427
0
1.86755
17.8888
0.00565254
2.45967
18.1169
9.6109
10.7016
5.81073
20.9592
0.681502
1.94752
0
0.00257347
38.1418
0
0.383494
13.8072
2.02434
0
17.0403
2.55562
0.00038919
0
1.7511
14.1826
7.31522
6.89061
12.0722
1.46206
0.951968
28.3277
15.2064
10.2739
17.4669
9.77575
6.72221
6.50782
5.01478
5.77994
4.72
6.25213
8.23333
4.92762
2.95874
24.4213
0.985939
7.92427
14.6224
0.705901
16.9852
17.2202
14.1743
9.19414
1.06081
0.147352
0.000101642
0.0304585
0.0366503
0
0
0.0438596
0.7471
0.0735595
0
0
18.1356
7.86952
0
34.5156
4.82653
5.98478
8.72305
7.03434
5.45802
1.53479
23.4729
4.66207
7.61104
12.8624
4.27841
9.13006
5.54488
10.7662
3.10604
5.07905
8.93267
44.4944
8.99506
9.01572
3.68899
11.3916
2.0791
0.376038
0
0.21396
1.47277
0.0529849
0.895984
1.25178
21.2594
0.00112501
8.58077e-07
26.3962
18.4631
8.26603
9.52297
14.7669
5.28211
0.977595
0.00752006
0.000146934
0
0
18.0222
0.0427577
0.00549327
6.01234e-07
27.5632
25.5131
10.148
3.98255
6.7042
4.43718
0.562815
0
0.251166
0.0368214
0.249233
1.25584
1.11
2.0841
0.755297
0
7.13573
0.23837
0.55035
4.74524
8.00653
1.1156
3.25547
4.24252
7.11335
0.92146
0.211443
1.58009
0.916111
1.45361
4.49165
4.22165
0.27818
0
12.4423
4.27082
0.207735
16.4883
0.771278
24.0903
0
2.23535
14.9262
