6.32635
2.55205
6.24484
0
0.082973
3.60865
0
2.48988
0.0209486
2.84965
9.22625
1.44577e-07
0
1.16021
2.28943
1.37773e-07
5.31888
5.26459
12.3294
33.9376
2.11844
0.172196
0
0
1.39084
1.36956
0.365569
1.42921
6.35425
6.21611e-07
0.0729043
0.338543
1.64985
0.983728
0.92627
0
2.45495
7.72779
2.40876
5.15041
5.83894
12.4472
0.238265
6.52247
0.245666
2.92441
4.10719
0
0
4.32983e-06
6.24103
0.939125
2.88055
0.149696
0.576815
1.00591
10.3831
0.0441306
0.0267973
0.784509
3.10715
0.0118264
6.01385
6.80477
6.65582
0
1.2871
1.8564
2.79561
0.135343
15.1073
0
3.58271e-08
0
0.000102357
0.812955
3.01597
0.999882
0.000693567
4.91629e-09
0.015482
3.11906
0.0083476
0
17.6954
2.39908
4.10478
8.6691
19.7267
12.2629
15.5001
10.0791
1.53001
9.53578
5.94703
4.84147
8.32424
17.8711
0.0252604
0.590839
4.93795
2.50749
4.07355
8.52168
3.9959
5.09093
9.13554
4.71835
1.40002
6.18592
4.32377
8.74039
6.98552
5.90851
5.63304
4.49245
3.5461
3.17528
3.22406
3.79219
3.11097
2.18507
2.54042
1.97644
0
0.820505
3.35013
0.0211937
0
0
7.76061
0.397164
0
9.60804
3.67817e-05
4.64819
4.49447
0.498275
0.728138
1.94698
0.0542691
0.444561
0.00947043
0.943101
0.146361
9.28495e-06
0
0
7.96609
72.2425
0.270647
0.0230466
0
0.000226044
5.45638
0.00708383
0.336167
2.47662
2.1119
0.390734
53.8293
4.93678
18.518
13.8983
0.96093
1.7081
13.6155
6.40396
1.49018
12.6408
5.11357
0.479419
4.5536
5.50072
1.14409
0.000773457
0
0
0
0.0182129
0.00683749
6.19819
0.0579438
0
10.2878
5.68202
9.43649
1.45047
10.5047
15.9109
10.9603
11.7482
3.12527
5.97796
0.818035
0
8.39385
2.27839
3.24538
7.3584
25.9093
66.5708
4.60234
31.403
11.4169
4.70457
10.371
1.82264
52.7403
0.9147
26.8539
21.8038
0.120209
6.49735
13.4432
19.4634
1.17069
7.92436
12.7508
1.42774
1.32236
4.03025
10.6013
2.34655
20.0831
9.60547
13.5629
7.92677
13.4775
1.38327
0.344886
4.88445
7.10527
0.820174
1.91401
2.22209
2.33701
2.81889
4.55149
2.89723
2.228
3.65705
3.89545
0.414478
0.455917
1.10385
0.443753
0.00364025
2.10351
0.000147426
0.0216419
1.73744
0.207119
0
0
1.16334e-05
0.00179085
0.159683
0
0
0
0.423149
0.35704
0.0836083
0.220885
0.00448569
0
0.00121524
0.177318
0
5.13652
0.272486
12.4283
0.0226006
0.0411367
2.02791
0.0992162
0.0627041
13.4396
0.918572
19.7869
0
0
0.00602867
0
0.167821
0.545402
1.26969
4.02543
1.54015
0.8769
14.6533
4.31243
0
1.43154
1.30897
1.90597
11.7896
1.684
2.84169
4.67224
1.36567
9.7477
9.42137
0.873186
2.72256
2.19219
2.42308
0.0528667
0.828267
0.0134965
0.0397279
0.593124
2.95878
8.57114
9.88825
12.0101
3.55166
2.36928
2.49118
0
0.993217
3.29101
0.851015
2.43976
0.717982
0.971792
0.021126
0.000493771
0.0654465
0.015638
2.10987
0
0.354216
1.40036
4.37027
5.6961
3.36619
1.06141
0.0629489
5.56251
3.41193
5.72281
0
0.0108247
0.468045
0.0347038
1.65257
2.85292
2.28249
9.70579e-06
0
10.1767
1.23143
0
0.609496
0.78947
7.64007
0.873281
0.730951
2.27702
1.8086
0
1.14441
0
0
0.110708
0.0149324
1.87791
0.172822
0.105076
0
5.99627
1.85333
3.578
2.57782
1.2165e-06
1.37014
3.22248
5.51217
8.90926
5.85803
0.174887
2.45717
3.08191
4.28543
2.1732
2.57915
2.61347
1.94738
7.7732
1.89551
1.75688
3.94123
1.61075
7.64428
6.91759
10.9167
4.8348
11.3651
3.59247
17.2365
5.84354
7.6416
6.96725
7.42307
6.69342
5.08231
2.12552
1.86639
6.05713
8.85787
7.35826
2.02184
1.08871
1.94768
9.52439
12.1173
6.22516
3.01712
0.395875
19.0665
8.81474
5.38161
9.39658
12.6847
8.75521
5.96814
14.8953
8.72026
11.5602
5.12685
10.1454
4.78869
11.3426
10.4107
18.3679
0.328304
17.9311
7.74343
3.90298
12.4064
7.66658
11.1293
11.5027
0.00164682
0.906535
0
2.07675
1.18769
8.69209
3.73912
4.14877
0.226828
5.51644
3.38794
10.4937
7.97544
5.2166
6.99955
4.65512
0.693257
0.0142277
0
3.3267
0.5397
9.04306
2.94853
2.77361
2.26046
0.116312
2.19847
0.00560688
2.11144e-07
2.30231
0.0231137
3.00905
0.265397
1.99364
1.09833
5.25416
0.387161
3.40715
12.0151
11.8647
9.80952
10.7433
2.06649
0.703238
10.2732
6.55553
12.0663
9.74306
0.641659
0.36842
2.1033
0
0.0325531
0.812991
0.00173476
7.25949
17.3458
2.40273
7.63685
21.9786
8.03706
5.85731
0.491101
0
1.41721
9.12061
1.11377
0.0416207
3.09466
2.26777
3.62862
11.5403
0.883462
3.77126
0.949768
0.394683
5.09523
5.28729
0
0.0191523
6.97751
0
1.08483
0
1.9927
0.0712635
0.649295
0.8638
1.17825
1.56721
7.00364
2.5576
0
2.26845
3.80727
2.76951
0
0.765783
2.05907
0.734554
3.24928
7.65243
10.6495
10.5945
9.24568
14.6109
11.0478
0.00863819
10.9753
0.00717143
3.32092
14.7273
6.81794
4.59521
4.76481
1.55905
0.43997
0.000461937
3.99605
0
0
5.85157
0
3.2073
4.01044
1.98597
5.02918
2.16466
1.61543
0.387397
1.57258
3.39551
9.79236
18.1587
5.34436
0.535158
0.734137
0.0055846
10.8225
7.47097
1.68473
3.40323
0.948061
7.86594
0.00375579
0.845316
0.868749
2.06257
5.96912e-08
0.833106
1.7479
4.53619
0.255181
0.00718364
1.79164
1.43458
4.31704
4.0486
0.209327
0.0202143
3.03056
0.0122758
1.45867
1.97049
1.8166
3.05069
0.0254789
4.42542
6.27132
5.02958
0.838277
0.0290751
0
4.55095
1.67191
7.24366
6.06766
1.6398
3.73464
15.9013
0.985728
0.0229525
8.50745
0.0315619
0.00143724
1.4593
0.323206
0
0.911065
6.5288
2.92153e-07
5.4915
2.33369
2.64947
0.0515077
4.31481
2.32055
2.60242
7.33845
0
0.000178589
0
0.303882
10.3374
6.1859
0.0221791
8.67307
0
4.96623
14.3962
9.52481
11.4654
0.180605
2.49503
0.0215198
0
0
1.58578e-06
1.01422
0
8.13167
8.67528
1.86797
6.0247
7.00438
1.02249
9.48362
2.86481
9.59101
16.9405
6.25947e-05
4.30175
0.287924
9.85393
18.9539
0.278525
3.83157e-05
9.51209
19.3447
0.00411515
1.90504
0.885022
0.000167147
4.61901
4.34139
12.0198
16.9868
5.54448
10.8839
10.6266
1.79901
0.970361
0
0.037155
0.0239441
0
0.721584
0
0.031629
0
13.8452
0.864368
1.85914
0.0434031
0
3.44327
3.23825
0.0595539
7.93616
1.01145
16.4443
1.00438
9.59133
2.832
7.79626
7.17467
2.1056
2.15282
5.33708
5.57496
0
0.0854085
10.4722
2.13142
0.474055
13.3031
9.59365e-07
30.8613
65.7374
4.73195
18.3058
11.5769
9.99507
5.34996
0.888091
0
10.8617
17.9262
0.036134
0.00356169
4.7597e-06
0.827556
15.1558
1.29126
1.49613
9.06227e-05
0.0908042
0
0.655529
3.49823
7.28247
10.1827
3.28485
0
0
0.107019
6.10747
9.73767
0.112407
1.72422
13.8949
0.803312
8.64151
0.000108996
4.80875
10.858
5.55117
7.13617
0.0122436
1.49049
0.843683
3.72163e-05
0
0.68966
0.0291172
7.9001e-05
0.149182
0.681157
0.425512
0.0260495
1.05245
5.67718
0.297088
9.23885
2.788
2.39145
3.92846
2.06923
0.69562
1.23588
0
2.07074
0.425751
2.64569
1.40471
7.01016
2.26481
8.72819
2.35531
0
8.40189
0
9.92781
0.150405
0.0412809
0.00196388
4.06419
10.7888
6.15887
7.08968
2.30465
19.6424
0.000938283
0
0.0733404
9.63406
0.0177947
0.000532671
0.206598
0
0
4.31736
7.46669
2.69197
1.86362
2.28751
7.11072
3.28243
4.27895
5.49038
1.76483
2.94985
0
0.991139
6.82248
7.39009
16.7655
9.17225
1.14801
4.07473e-06
0
0.42022
6.82727
8.73799
9.41906
3.94277e-07
3.6828
9.19965
14.4173
1.34274e-05
8.21437
0.239537
0.442842
3.87944
0.0411671
0.0766014
6.83508
0.0346256
0.00129033
1.57032
4.49417
2.83164e-06
0.857674
0.101643
1.77226
1.01374
0.000819201
0.0009233
7.48137
0.984017
15.4645
0
0.652525
0.125916
0
0
0
3.93015
0
0.566622
7.15257
5.20398
6.93697
3.2589
0
6.35501
6.58851
2.98064
1.3182
1.67761
5.02457
1.25943
6.50681
5.50113
4.83298
10.5551
2.92099
10.1989
12.6468
3.03787
7.74559
0.00887001
8.76187
0.0570261
1.60247
3.01716
2.26861
6.78422
0.00169916
5.90822
6.34389
0.00785213
10.5088
0.49455
1.05836
0.172573
1.40829
1.13747
3.45463
2.19873
9.14215
10.1934
1.82458
0.764545
0.00676009
12.7128
10.7331
0
14.7484
5.2202
4.88518
0
0
0
7.23436
0.00117809
6.25319
7.05766
0
0
10.6003
0
0
4.29327
4.63833
3.73065
0.0412778
4.50326
2.56037
0.988472
0.26283
1.04693
3.06268
0
0.721832
3.90749
0.572178
0.0202086
0.40465
2.44401
5.26393
12.6765
6.74304
0.575509
0.332295
0
0
7.91756
1.75759
3.32174
9.29564
2.45045
10.5921
11.9919
0
0.486132
1.66913
0.394649
6.98232
0
1.49095
0
3.88571e-07
10.7375
0
23.5186
1.01655
0.00914944
0.913514
0.420418
0
0.136248
13.597
3.08452
0.651888
15.1265
10.3086
5.41464e-05
0.906747
0.00598452
0.0316221
2.30032
2.95359
5.48814
0.447927
0
6.37394e-08
1.722
0
0
7.45512
0.288594
3.57035
4.08512
0.00117078
3.06901e-06
0.513743
11.541
16.5602
3.30622
0.698249
0.7794
0.924363
0.492699
4.53826
0.00913236
0.0774745
17.1054
1.24478
0.406727
3.30322e-06
14.6905
9.26129
0.121958
5.7087
0.347082
2.58576
0.00333286
0
1.0644
13.8016
0
10.9896
0.000405794
2.76262
0
9.39062
16.6614
2.42622
14.2515
2.59857
1.02016
10.6003
0.741382
0.978076
0
0.28395
2.72322
4.32771
2.00015
2.69017
0.485466
0
2.39837e-07
10.284
9.59503
7.93337
6.03683
4.82488
5.42647
4.47996
2.98929
5.41955
13.5205
2.10879
4.53513
5.77041
12.7446
0.891069
0
15.7955
6.46654
0.788293
2.4558
3.63857
0.0016929
12.9094
13.904
8.10038
4.81037e-08
35.7153
6.20856
8.82259
5.33312
12.9419
2.08934
10.6867
9.27693
11.0197
0.00603654
0
0.62875
4.02824
12.7448
5.56888
8.61409
6.98722
9.45879
9.28843
12.954
11.756
45.7627
41.3464
12.6706
6.00222
9.75664
0.085136
1.24903
0.0573166
2.00658
3.07969
1.08582
1.16347
0.01421
7.78659
0.661368
0.988814
7.31297
6.54423
1.09105
1.68186
2.29917
6.32618
1.36128
0.471163
1.56125
2.05572
9.42522
4.68452
0
7.22777
7.37339
3.12158
10.2783
13.4635
9.70341
0
0
0.302466
14.1765
7.00454
0.705881
0.929853
2.0416
0.0260712
0
0
0
0.00017295
16.1015
0
10.379
0
10.3587
15.1153
0
0
0.936084
6.26902
7.84919
13.7709
10.1538
0.0264961
0.0539917
11.0905
30.3837
0
0
10.3058
4.2336
3.62564
0
8.21556
5.32313
1.21536
11.9478
0
0.556758
5.29111
0.0431375
0.419488
0.944291
0.00412324
0
10.5779
0
0.801877
6.69746
4.80246
5.44931
5.1433
1.29067
5.1325
0.912191
10.1895
0
4.0358
5.73038
0.616051
3.52453
4.24175
16.6931
0.165608
0.145904
2.19581
21.4595
10.4845
1.27725
8.42655
0
11.7839
6.53453
7.84123
0.855725
10.236
2.51393
13.8738
8.85472
0.930542
0.752457
0.815842
9.74396
1.34988
20.5181
1.0961
0.429494
0.439656
1.18537
9.48144
9.07839
0.346422
1.63578
9.13004
0
4.76376
10.5299
0.0993467
4.33901
0.877888
7.35416
4.60206
8.83733
2.45992e-06
0
0.476956
0
0
0
0
9.37104e-08
9.91137
1.64988
1.45138
3.53548
3.55408
0.315171
5.77255
9.6786
5.28327e-06
6.94586
10.1933
12.1738
10.6154
15.8097
13.7787
4.56186
0
9.77406
23.8026
24.7799
8.96442
14.9828
1.60842
14.3607
12.0811
0
10.3743
0
5.17917e-05
21.5751
0.000610241
0.394776
0
0.0289827
0
7.53545e-08
0
0.00398928
4.99848
1.2536
0.425376
0.0342684
0
0
0
0
0.479961
3.49164
0.0403881
20.0916
0.763299
6.99035
8.00476
0.0696384
0
6.86961
4.67265
2.18228e-05
0
5.17809
2.83141
3.22256
2.58826
0.107786
0.268049
0
0.0280487
15.3221
6.26158
0.0292257
1.01468
0.50043
0
3.18708e-06
17.9675
14.0927
6.13028
0
2.52938
1.29933
0.809601
0
0
19.1383
0
0
0.292205
9.97883
23.4019
0.47074
0.0619204
11.0317
1.2401
8.51465
10.7872
4.09672
4.85888
0.635762
2.60625
0.00230237
2.56362
8.08252
2.4192
5.38577
0.476443
0.783974
2.50721
0.0199791
0.365519
8.43648
1.24405e-08
0
0.834609
0.0269728
6.14767
10.1223
0.283246
13.3349
0
4.33638
0.423353
2.16947
0.342342
0
3.97072e-06
0
21.4408
7.5768
12.0645
12.7794
8.61601
5.89819
2.71845e-06
8.2641
6.06615
0
4.69482
0
1.27656
0.0467756
5.65722
5.28205
0.0261152
0.202516
0
0.00629546
5.27144
1.98801
2.34422
5.86877
1.82972
0.909266
0
0
0
2.21401
1.68976
0.000770048
7.60129e-08
3.11121
1.70672
8.00733
0.924814
0.99818
0.385399
3.35993
1.57961
0
5.29053
0.030562
8.26195
0.081693
0.883783
10.6529
14.0633
0.607403
0
11.1222
18.6474
2.52161
9.23096
1.72667
4.39762
3.16834
1.134
0.000232605
9.74063
1.19954
10.9881
5.16748
3.36221
0.822856
4.11241
3.00214
2.94496
5.43771
1.72701
0
2.99299e-05
0.0529496
1.17375
0.0412454
9.60392e-07
1.21226
0
14.0306
0
0.0144643
0.210832
1.31674
0.144354
9.75498
0.0676191
0.839209
11.4577
5.68727
5.4198
3.34046
2.17322
0.019842
0.944425
20.8542
15.1458
10.9051
6.22641
0
0
8.5592
2.20466
0.172543
0
5.18678
0
0.1188
0.0672847
1.80975
0
0
0.00216631
6.26099
0.283348
0.514122
0.0244007
41.0614
1.85452
0.228861
0
2.92675
1.35434
1.93192
5.47792
0.485277
4.02508
20.8541
2.96027
0
56.8922
0.113602
1.25258
3.17833
0
0.961827
0
0
1.06216
13.0583
0.0477369
1.14546
0.176857
0.0651905
0.0184752
8.28983
0.011877
0.608809
0
0.599727
1.6412
1.36227
0
2.97794
0
4.34326
0.0786297
0.243928
9.07049
0.661599
0.176456
1.84541
0.0514108
0
2.35887e-08
13.5387
8.29963
0.716099
4.40175
1.95662
0.98848
0
0.423379
0.0365991
0.193633
0
2.43249e-07
0.564127
0.0648881
0.0603629
10.0545
7.4802
0
2.55292
0.632795
0.440432
0.011109
0.00481165
7.29448
0
0.42147
5.83543e-06
0.271103
1.15018
2.22612
0.759283
0
0.000508054
0.841106
0.122935
0.277085
0.40225
0
0
0.0663902
0.62269
0.00470876
0.0271818
0
0
0
0
11.0995
7.48305e-07
1.4596
4.8698
0.00271207
0
29.3787
0.621019
2.75446
0
0.133986
0.286697
0
0.997955
0.219474
0
0
0.601755
0.81874
0.0025892
0.00614466
2.09248
0
0.596683
9.35177
1.53268
0
9.92903
0
0
9.02609e-06
0.000294696
5.30685
0.0730056
2.05947e-05
0.824231
0
0
0
1.5251
0.743444
2.99845
1.99379
1.01938
9.71693e-05
0
0.20378
0
1.23416
0
1.47566
0.0161127
8.40969
4.78804e-06
0.122303
0
0.0142519
7.43777e-06
0.00549251
0
0
0
3.08123
0
10.8214
1.85201
9.88637
7.42304
0
11.8357
2.81071
7.02426
0.0212038
0
0.203293
2.92234e-06
11.7938
1.15324
1.63849
6.30628e-05
0
7.17616e-07
4.90464
12.7146
0.00188991
0
8.2646
4.68446
2.43919
1.44504
4.43605
10.7472
5.0104
18.4492
0.0106252
1.31149
11.6446
0
15.5176
28.8137
14.2664
9.09303
2.75143
5.63978
4.57079
19.5982
3.9886
10.1824
5.9903
3.58093
3.7559
0.301598
7.05422
9.10344
0
0
0
0
2.06936
7.01043
2.07787
0
1.85334
1.76517e-05
0.0262862
1.21076
6.00477
2.59003
2.2107
2.5529
1.32806
1.94894
0.791061
5.99838
2.47168
0.999493
0
0.434847
2.45806
0.962068
0.65729
0
0
12.15
0
0.0744758
0
0
0
0
0
0
9.62519e-07
0.0344251
0.444789
1.93265
0.254534
0
0
0.0836587
0.762674
0.854998
0
0.0746359
7.27772e-08
1.15278e-06
2.9788
1.27873
1.58761
6.2262
0
3.1081
0
0
0
0
0.832092
10.2474
0.0908939
2.69367
0
0
1.32635e-06
7.85965
0
0
0
0
0
12.4467
0
0.0984717
3.525
0
0
0.996056
0.0107241
7.42921
3.27214e-07
0.767477
0
4.92739
2.56709
3.02014e-06
8.3296
8.40057
6.92427
2.53854
2.25941
7.00984
7.26112
10.5042
11.612
6.00813
8.3473
2.90065e-07
0.000190363
15.7736
6.62325
17.6741
9.58179
8.66459
4.46588
2.61448
5.0428
8.88926
13.1994
5.40457
7.05937
9.12571
8.93507
10.3753
9.08038
0
10.8769
0
5.76942
11.3821
7.7744
13.3988
11.6656
7.6249
6.09998
8.64957
0.372713
9.6449
6.94138
8.98855
9.55147
11.704
11.8745
21.9478
13.4009
11.0184
11.2935
6.6648
5.76189
0
10.7894
9.87578
10.3826
0
9.65077
9.88992
1.50077
1.00485
4.26905
0
2.16367
3.04059
7.23946
2.70927
4.02196
3.28158
0.0496569
1.89857
0.0718985
0.893039
0.578886
2.47293
0.0762834
0
0.994746
9.967
0
0.0982526
1.79965
1.23895
0.0350225
0
0.00184618
0
0.0406945
0
2.84203
2.80271
0.583877
0.370388
0.596514
7.59551
0.951916
12.0143
6.50229
1.76393
9.62928
5.92296
3.4473
9.85006
12.6412
21.0157
10.4497
13.9128
10.944
0
19.5527
10.6091
10.6145
0
21.7422
0
4.71323
6.84314
0
9.78258
9.89444
19.6298
0.122785
9.88235
0
0
4.39631
4.71343
2.72428
6.30441e-08
3.80993
0.0386202
0.131018
2.17947
1.07405
0
1.64857
17.1212
1.08341
0
0
0
0
0.00132683
0.00803991
6.92059e-05
8.83747
0
0
0.00387075
0
6.24494
6.36423
1.34837
1.42332e-05
7.76694
4.2076
0.0234092
0.679487
0.000678077
0.905273
0
0
2.71582
2.18931
0.0147533
9.34436
1.27368
11.8175
0.924629
1.60604
0.00102009
0.747717
0
21.4228
0.187907
0.788025
0.935647
4.96724
0.675727
4.58582
2.1328
4.11917
10.2437
2.13597
13.653
2.89282
2.37656
5.1348
1.19031
0.413558
9.25534
0.826369
0.0634209
6.19946
0.707524
5.84683
0.721596
5.27125
1.45765
0.580506
2.23427
15.2842
1.83393
1.60113
0.978022
0.705524
3.25388
1.91213
0.840603
5.08032
0.0231276
0.0199493
0
0
0.828755
0.557551
3.52911
4.93754
12.7782
13.4412
0.0250424
13.1704
10.8832
1.58697
7.06462
3.86075
8.93021
6.00387
1.89495
0.731964
35.1203
20.6955
1.08596
12.0704
5.39769
1.29466
0.00734949
0.746676
0.0503316
1.57472
1.58242
0
1.37283e-06
6.17737
10.0409
4.11521
0.0651704
9.73384
0
0
0.00508862
0.0191576
0.0191794
0.00757544
0.00180457
0
1.10581
0
3.04402
8.21861
0.0892478
4.88929
1.47114
4.40666
0
0
4.00155
2.77381
0
2.78327
2.75145
6.20258
2.58019e-07
4.76654
2.59756
9.17966e-05
4.21691
4.00323
0
0
0.000131865
8.89652e-06
0
0
11.4856
0
15.8707
9.57136
15.1323
0.830061
1.19011e-05
0
1.34819
0.00990223
10.2794
4.46287
11.453
0
6.10298
5.61593
10.0759
5.03382
6.5528
11.5278
2.58546
0.0896756
0.0213019
0.917906
1.6204e-06
0.000842694
4.83404
0
0
0
0
0
0.925003
0
0
0
0
1.17611
0
0
0
6.09933
0
0
0
0
0.229971
2.88613
10.5501
0
1.0857
0.0976833
0
0
2.61251
0
1.8794
3.59699
13.944
5.09778
3.25409
1.92594
1.13518
1.24533
3.9169
15.1042
21.6994
0.405584
27.7041
10.8761
20.1944
9.53817
2.03281
10.5528
19.0018
12.7885
12.0865
9.96229
10.1308
7.65735
9.36854
13.1648
7.82797
4.03043
16.8074
7.00678
13.6633
14.8563
8.40542
6.45407
4.05557
6.76695
5.68999
0.577368
3.53568e-07
2.0794
0.486698
0
0
0
0
15.2942
12.3561
0
6.3576
1.68503
3.92755
0.00155302
0
3.87343
0
5.60887
2.31921
1.22126e-06
0.864886
2.07115
13.5972
1.19973
3.96092
4.17724
2.58658
5.26852
1.02794
2.47667
0
3.56845
8.79035
6.9421
6.16645
3.15199
5.3692
4.26115
2.52947
1.64628
7.42642
19.4702
4.16007
1.118
0.0312159
0.701457
3.76124
4.73372
3.30747
7.02731
8.46283
5.68761
15.8375
12.0936
13.8225
12.1333
7.47864
16.5959
13.6435
9.2427
5.73413
7.11389
3.4843
3.82748
0
0
0.433956
1.22197
3.09115
4.28997
6.87227
6.66133
7.24924
5.89757
5.78538
6.11123
9.23764
0.36785
6.46273
4.94621
1.78567
1.39843
2.62823
1.79242
7.80237
0.116039
6.26311
1.36709
2.33036
6.73761
5.40666
1.82731
2.21141
1.2006
9.80594
3.13823
7.86996
4.60008
8.40807
3.52005
3.39044
20.7735
4.45254
3.23887
8.8077
2.14974
4.25756
0
0.718017
0
3.21288
8.14263
2.32244
6.15085
1.03098
15.2564
11.178
5.44113
6.60079
8.73459
13.1647
5.26579
20.6218
0
0
0
8.16822
7.30492
10.0295
1.37052
9.57995
1.17111
7.1121
0.0383487
1.37779
0
4.6002
7.84342
0.0137209
11.8902
50.5575
21.6252
10.3641
3.50486
0
15.2422
7.70259
13.4306
5.8989
5.70335
12.3173
15.2537
13.6255
20.7552
8.31454
13.9499
12.0284
12.6842
5.32957
12.5873
14.8474
10.7793
4.3582
13.8182
14.0837
5.87389
24.4235
10.2561
15.6826
10.1981
3.80364
12.3825
11.2079
18.3269
10.0743
0
8.73028
0
0.0882807
10.098
11.8514
14.3898
8.19189
2.85024
11.3285
12.1887
11.4657
15.1094
9.60997
12.2709
2.54614
12.4606
9.866
5.51418
11.1023
12.7123
15.0168
5.37681
11.8812
7.66434
0.00617397
8.62472
6.13921
16.2279
3.39281
10.9425
0.925236
0.0618907
2.0591
9.68484
6.36116
7.45933
0.827402
11.1578
11.3867
2.40313
13.0139
6.3674
4.41572
10.457
12.3504
4.71981
1.12625
0.0014012
8.00257
3.49365
0.736253
0.730588
3.87211
2.52957
1.94038
2.12015
4.0177
0.498713
0.00278305
0.013515
0.572525
1.02603
1.14288
12.5681
1.38897
1.51144
4.9373
0.913928
1.214
0.0121667
0
0.0180339
2.01331
1.67846
1.01031
1.12233
0.80306
0.00353057
0.122466
5.63847
1.33543
0.0120558
2.18375
1.14167
4.81921
1.27032
0.0375523
0.586956
9.02885e-05
4.07065e-06
2.50096e-05
3.95896
0
2.87444
0.0933254
4.28646
0.981511
7.64221
0.795277
1.3475
6.5539
0.0376878
4.9301
9.59534
16.0182
0
4.4325
0.00103952
0
0.708269
2.99906e-05
16.8989
8.02682
1.17915
0
11.9024
0.788109
0.0211419
0.349078
0.538348
0.0625542
0
0.00532486
0.285525
0.00136965
0.896927
0.679409
0
2.14601
3.87584
1.67835
2.00686
7.28124
0.524112
1.75842
0.0462179
2.25343
5.29119
2.99198
2.75152
0
0
0
0.329768
4.33032
0
0.802333
1.2566
1.39814
0.00263121
0.945007
0.00757568
0
0
0.0141832
0.871034
0.410828
0.0214461
0.679482
0.0589192
0
0.187915
0
0.00240629
0
0
3.20048e-08
0
0
0
0
0
0
0
3.55761
1.86389
7.35468
12.5841
10.9994
7.69215
2.56343
0
0
3.41542e-05
0.211235
8.75679
0.150748
2.18266
0
0.802899
11.9742
25.1489
26.9346
12.755
4.62588
1.05149
8.5924
8.62939
1.40054
5.1337
6.75019
2.08438
13.0691
3.8759
2.66863
14.2108
10.5585
4.20641
2.06639
0.999874
5.7042
0.731636
1.65638
0.0143933
7.29733
13.7685
1.47926
0
0.401318
0.610448
0
2.26508
0
0.076919
0.424752
0.000160655
7.94939e-07
1.62696
0
0.19085
0.112547
4.15109
2.41809
2.69084
6.25184
4.67499
3.55568
1.50581
0
1.54524
7.58384
9.28484
3.69643
16.5325
4.50563
5.92552
3.75547e-05
1.1792
1.90485
9.70842
4.22763
5.21845
0.759518
0.746022
3.97774
9.22552
6.55991
3.30786
6.87882
5.24207
4.01477
0.58137
8.78035
14.8341
2.2298
3.98939
0
2.97396
21.6325
2.851
0.798913
9.08352
0.00438569
11.173
0.0157019
0.330527
0.885674
0.0124112
2.88277
0.197493
8.21496
10.4542
9.47958
6.67596
5.77217
2.33471
3.98997
1.15565
0
0
1.73612
1.304
3.89632
3.1411
8.10909
11.3872
7.41933
7.56286
11.155
9.11904
1.922
13.0491
0
0
0
5.86432
0.516582
4.41613
5.98978
3.59885
1.09091
1.61272
1.96637e-05
0.354335
0.0642011
3.00733
0.888593
0
2.06795e-06
0.0477996
6.56114
1.75667
0.0551665
5.72299
10.4959
0.0547728
10.1907
0.00875939
3.21107
2.86087e-05
8.4032
2.74507
0.0264956
1.7154
0.0577425
0.00863803
9.05275e-08
0
0
0.0106864
3.5142e-05
0
0.000769807
0
0
0
3.09869e-06
1.52669
1.19591
1.0236
0.502654
2.82428
2.02022
3.231
0.00160921
0.10386
1.44941
0
0
0
1.88276
2.79256
0
3.1463
6.28447
9.0426
2.56539
13.8363
4.11494
10.6303
0.266221
8.3595
5.49946
0.806981
5.00485
2.36441
0.780613
0
4.2269
0
3.11181
2.75292
9.05852
3.32319
4.20463
11.7433
0.269248
24.0677
7.83501
7.95822
11.2434
0
13.1979
0.962464
16.2803
1.6321
3.20964
7.24665
5.30205
2.99688
2.21855
0
2.16299
0.613454
2.45409
1.97238
6.02851
0.559112
2.64419
1.48766
10.5696
4.92367
5.59083
11.6411
16.9557
1.36869
13.4728
4.81951
16.1742
7.61989
7.1401
6.0697
7.09482
0
2.3781
3.17217
14.9066
0.799169
4.22928
8.68654
4.94567
1.86443
4.82074
4.4665
3.49887
6.74638
8.95803
2.87826
9.34525
6.27485
3.49315
6.95324
7.65493
0
1.75513
6.12434
0.322515
3.07197
8.57426
0
10.6924
10.2354
8.46825
0
0
10.0979
8.67741
14.4947
7.72111
2.2158
14.9859
10.4919
2.13544
11.8787
22.4551
15.3027
3.25021
16.4758
11.8739
11.3474
17.6671
16.6171
14.4006
9.6033
10.6679
18.1587
11.5039
2.55774
12.4269
12.5074
10.2679
0.352972
5.51191
10.2269
29.4567
10.0575
0
17.5684
20.111
11.406
0
5.65358
4.71013
23.3202
9.37727
8.49274
9.88722
10.5027
0.0587545
0
2.08451
0.355728
6.29928
2.82014
15.4996
6.36559
19.1208
7.10211
4.89221
0
5.19776
0
6.17112
5.86685
4.83574
5.54272
9.35129
35.3068
43.6597
9.28358
14.3844
13.9918
15.8065
17.3747
0.753505
6.8592
7.78767
21.8829
0
9.54667
12.1994
8.57129
11.1245
3.08764
11.4864
11.2676
3.03567e-07
5.65879
5.63476
12.6072
15.0458
16.5443
0.874479
1.01519
3.16878
5.4943
0.111491
8.50121
0.252668
2.43984
0.870265
7.93738
1.02879
10.6284
3.96895
8.32084
11.0955
1.11516
10.9404
12.0228
0
0.870031
2.02961
6.52866
0.938891
7.29698
8.45173
5.47677
6.04936
11.0735
12.118
9.43138
3.10839
5.42042
10.1359
4.81085
8.47703
6.4636
10.662
1.31895
14.4534
19.1083
0
7.90502
8.47661
19.0302
1.3143
2.78474
12.0475
2.36696
1.66531
0.96672
7.4687
14.9169
14.3732
21.7356
4.59673
9.48786
4.46865
5.34348
5.60654
6.95948
10.2625
6.83322
0.191223
10.7807
9.83073
9.31204
16.6015
0.139378
0
8.10613
0.0312481
11.6634
9.38312
0.615419
8.52638
0.261016
4.0918
2.5908
8.53559
0
1.42666
4.69191
5.96532
2.27003
4.19141
1.69332
1.47728
0
2.01881
16.1366
2.56398
3.92703
10.379
0.0973684
7.69344
1.03288
19.3229
2.47953
0.208299
10.6729
12.3364
0.981916
12.2271
2.5112
18.8653
0
10.1938
0.0366339
8.56082
0.155706
0
4.74092
0
2.12566
9.6991
0.236272
6.53751
1.56975
1.94546
5.25576
0.0345592
3.25995
2.365
1.56524
0
0
0
6.29241
5.7627
3.76191
14.4433
8.97745
6.34026
6.68031
0.795101
1.36749
0.655701
2.67996
7.37034
0.062165
11.6943
8.88509
0.641108
3.48764
1.36652
2.61031
3.93858
0.135604
3.69636
0.000204576
0.760848
11.6164
4.07211e-05
0.0134724
0.000178874
0.00899014
0.218073
6.16865
7.62318
6.86762
0
0.0494748
10.488
6.47951
10.5821
11.8846
5.62868
7.15429
7.72574
6.8061
9.36261
6.32382
0
13.9209
9.40932
4.9787
8.86243
0.956781
5.42088
6.681
12.1464
2.22137
9.05969
10.4353
99.185
8.38615
10.6729
9.31701
99.8809
3.87338
4.19231
4.14757
7.21426
6.32273
4.71858
4.5312
8.53086
6.1916
4.94674
7.57193
6.09919
5.84973
9.9345
6.66602
0.963106
0.0906013
0
1.41982
6.23957
0.431199
0
0
0.0320335
2.26414
0.00208612
2.40014e-06
0.835753
0.080829
3.16832
3.80882e-06
0
5.83297
0
1.00005
4.28435
0
0
1.67728
0.315925
2.38509
0
1.125
0.785062
0.39146
0.636404
0.00557894
0.451282
0
0.862352
27.5009
2.11845
0
0
0.571354
7.42019e-06
0
0
0
7.61734
7.97329
11.0688
1.02901
2.95349
0.511859
6.26026
1.1653
3.9496
4.64876
2.56274
3.23848
8.04239
0.979645
0.965019
1.15906
2.11361
4.11234
2.32657
0.390877
8.25202
15.2454
18.5332
8.84145
15.6798
0.145955
2.99208
0
1.22815
5.93728
4.73852
6.75665
5.10805
1.88173
2.40767
3.11888
0.254761
3.00208
4.182
10.0703
6.7928
8.79151
12.6299
8.66133
3.68184
3.49241
2.10983
6.27801
17.0467
13.9934
7.40728
15.4952
1.25581
6.408
3.26401
2.08525
0
0
1.16913
5.01007
1.39663
0
0.264194
7.56021
16.8663
3.4286
4.60898
4.1172
3.5306
8.16497
1.76279
1.40781
0
0
3.40294
4.48484
31.8415
6.92794
39.9583
16.7768
10.8805
18.297
1.157
2.91747e-06
1.47723
7.24613
5.7065
0.868633
0.945773
0.928752
10.5686
2.53724
1.28983
2.07021
0.267079
3.18089
0.535844
3.01472
12.7256
2.48864
0.77979
8.33814
3.65517
0
0.015588
0.203572
0
0
0
9.04742
0.495221
3.25342
5.74127e-08
0.0113586
0.805408
5.20103
0.520336
6.40931
0.805096
0.0214856
12.8673
0.0395455
0.91695
0.410458
2.70217
0.412524
0.129704
0
0.535897
4.20144e-08
0.0326224
0.0117615
0.0264529
0.0445716
0.101723
1.2634
3.63767
2.80283
0.0132615
4.89267
2.306
4.98803
1.34695
3.36493
14.9341
2.58809
1.37259
5.13314
1.84692
3.49973
3.40548
7.93983
2.77399
0.149186
2.23945
0.338659
5.3968
4.00568
5.21859
1.43613
2.90869
2.45371
1.09048
2.26434
8.68393
0
0
0.00355974
0
2.5927e-06
0
0.219363
2.32891
1.22323
0.492023
0.153968
4.39007
0
1.08132
9.10115e-06
1.4777
0
8.45154
1.21039
4.57071
3.98238
12.8656
8.67818
15.085
1.06758
3.30728
6.45811
15.4105
0.75274
12.9657
6.72798
0.926652
3.01279
11.7756
1.32571
9.13205
5.82516
7.49409
5.14734
5.21235
2.81219
12.948
0
1.22437
0
7.34153
1.51355
0
6.81044
11.0668
0
12.0849
4.42137
10.5694
6.75584
0.569337
7.86121
17.6947
12.9492
9.83119
10.7977
5.43807
6.09756
3.77889
7.81714
3.82602
0.908221
0.959295
4.15574
0.220023
1.22697
1.53489
1.56959
1.42232
1.79201
3.00427
0.313493
0.451861
0.931285
0.368271
0.948983
0.820784
1.44789
1.21492
1.21807
4.37746
0.807725
0.00521391
0
0.0231179
1.62766
1.35042
0.792471
0.890093
0.599738
0.00172375
0.132483
0.759895
0.00864314
1.6264
7.25067
1.16485
7.6662
2.7714
4.65038
2.90889
0.649333
0
0.0764274
0.895532
3.30504
0.0205962
1.84819
5.70021
4.32015
0.130915
0.976261
6.79431
6.25738
3.8058
2.37374
3.16269
15.6739
0.141956
11.439
10.4064
3.03938
0.030621
6.51671
0
2.4115
2.82232
0.000214155
2.17757
0.111848
3.89203
4.65643e-06
0.993974
0
0
6.69193
1.10964e-07
0
0
0
5.69104
10.7469
4.6189
6.3555
5.94752e-05
8.10659
9.7499
0.536902
16.1269
6.30267
13.7873
1.8193
0.000298527
0
13.3363
5.20607
0.109309
0.0398961
0.695571
0.238616
0.943046
4.43351
0.00255817
1.72448
8.12838
0.0289668
0.075459
0.870135
0.954012
2.58816
8.51758
0
0
0
0
0
0.00828958
5.90986
0.89415
0.0805061
7.13647
0.67685
0.357702
0.538924
0
0
0
11.8115
15.1354
0
1.60483e-05
0.0152836
0.678426
12.7354
0.0248122
0.00084529
4.78014e-05
4.07071
1.58912e-06
0
0
0.00177319
3.97029e-07
0.643426
1.91386
0.57412
0.77526
0.300442
4.30465
0
0
5.15474
6.62831e-08
0
0
0
0.15642
0.00374545
0
0
0
0
0
0
0
13.2879
0
0.0361617
0.931823
0
0.779557
0.0164336
4.47884
0
0.620427
0
0.0310337
3.22919
5.77641
2.33939
1.06658
0.556382
0
1.01087
8.01966
2.65832
0.844417
0.145106
0.575864
0.949924
5.27845
1.41511
0.000168233
3.95506e-05
2.29343
0
1.47312e-07
0.819752
0
0.0100898
0.70246
3.36059
3.17266
2.13391
0
2.9957
0.823921
0.322042
1.65365
3.80639e-07
5.02714
3.05148
0.956217
0.0837661
1.67056
6.44484
0.0157957
0.51863
0.026167
0.180089
32.5862
4.13316
0
4.37902
0.0149076
0.0501763
2.7732
14.367
0
6.11684
11.533
0
5.52421e-07
2.19283
0.00174158
0.00173226
0.037399
0.0383586
1.12655
0
1.49299
3.29603
2.27947
0.937956
10.651
3.73896
0.936306
0.289486
1.63221
0.00422944
0.836209
12.0287
0.252385
1.56856
0.370366
2.74324
8.60769
8.18805
14.4936
1.76755e-05
8.11427
15.1222
3.04431
17.1908
1.14949
0.938884
9.15386
0.304931
16.6599
1.22727
1.52574
9.90614
1.03354
1.06995
0.365057
0
12.6907
0.650848
0.738763
9.55285
20.351
0.00346112
6.66536
13.0183
1.49479
12.5748
0.750281
7.85655
4.76774
1.05495
2.44781
12.3568
1.9159
1.51566
1.24532
20.3486
8.49102
7.55954
5.92452
18.1244
5.97906
10.1762
10.537
3.26286e-05
15.5501
0
3.15611
14.4292
8.77119
10.6793
1.18378
0.852363
0.166144
0.992447
1.60294
1.94696
0.0258685
2.03897e-07
1.63048e-05
2.56235
0.658761
2.53341
2.58207
1.48784
1.25143
0.510005
0.70853
0.0156115
0.44535
5.07843
0.000804176
1.24402e-08
0.000393101
7.59017
0
0.578591
7.19881
2.44349
6.00329
3.67026
12.5383
0
1.39053
0
0
21.5621
0.163503
0.71277
12.3988
1.57799
1.77111
16.0879
1.26335
0.22939
0
2.12538
9.66052
2.3405
0
8.92712
0.482195
0.520317
8.14945
6.17722
2.78016
7.49506
5.78774
11.7085
3.24261
4.68375
4.42903
1.30785
0.448554
4.24468
2.41286
3.4802
3.2511
0
1.56399
9.5291
0.484838
6.61207
5.84337
9.75516
2.02639
0.0504259
0.488215
0.000862948
0.0619863
4.75894e-08
0.0391422
0.623806
0.0245639
0.00270619
0.0393129
0
0
5.98943
6.4385
0
20.1881
3.69497
4.45058
4.06494
6.5157
8.6328
0.108483
8.21429
6.01063
1.9015
4.11144
3.6204
13.0084
13.7734
1.16322
1.0532
11.4286
6.40431
37.7423
8.81695
4.09926
7.18101
11.8898
5.49471
0.0316627
0.00128194
2.75527e-07
0.00130923
0
2.65408
0
11.6381
0.755494
0.437772
12.2447
7.00794
12.0208
5.45424
2.33178
1.63302
0
0
0.805645
0.622306
0.00387538
11.3429
0
0.0087292
3.12299e-07
19.008
17.6543
5.53867
1.31962
2.99367
2.01129
2.26743
0
2.07987
0.861607
1.23006e-06
2.85908
0.188073
3.26658
3.02147
0.159682
2.41666
0.0100793
0
0.000979027
6.27666
1.18113
1.79353
2.24516
4.35525
2.34204
0.157197
0.123052
0.0181627
0.539401
4.38417
0.88826
0.145429
0
10.6887
0.950269
0.0313472
4.95889
0.0238273
11.9581
0
1.74488e-06
14.722
