6.14761
3.21784
8.29125
0
1.56696
4.20248
0
11.375
0.732446
13.3248
30.6424
0.00495521
0
0.737767
4.7427
0.159246
5.12932
17.28
23.5591
28.2856
11.5247
3.92195
1.28674e-05
2.53007e-05
4.98147
7.14334
10.4105
5.70173
43.3059
1.40984e-07
1.04057
2.33283
1.45087
0.2496
0.621631
0
1.55845
18.7747
15.442
20.3703
11.0978
9.06456
0.943581
6.089
1.66358
4.31782
0.222265
0
0.0162679
0
0.111462
0.766727
10.8974
3.49168
0.197978
0.735555
25.3137
1.29807
0.0174529
0.485521
4.27414
0.861516
8.76531
3.22193
4.94273
0
1.55783
1.53632
4.11923
1.0692
13.5918
0
0
0
0.172734
0.891987
6.73756
1.79382
0.0350694
0
0.461384
0.650758
0.8777
0
34.0417
1.6738
12.5954
13.5799
13.8016
14.4501
15.8015
16.7708
4.07168
9.57275
13.4748
10.1887
13.6663
17.6896
0.140948
1.62152
7.44422
5.43463
11.3762
18.1417
5.53584
6.51951
7.21822
9.5615
14.4104
10.4216
10.8562
10.4147
8.94958
14.5102
12.2134
10.6468
4.54742
5.80606
0.782254
1.70675
4.67099
2.93402
1.01891
3.05475
0
3.10514
4.49407
0.890737
0
0.0412275
7.02021
0.56575
0
25.9616
0.0560583
4.79628
15.2272
0.561427
0.515417
5.62836
0.0063425
0.0245613
0
1.05017
1.26939
0.0141846
0
0
30.0016
60.9275
3.22415
1.30694
0
0.0287194
6.25117
3.77857
4.8943
0.731744
4.38064
0.707442
39.917
9.16388
15.1921
25.6677
0.00359093
1.98019
4.42534
8.20757
0.948216
0.730565
15.7559
1.80079
8.67376
1.55896
1.86381
0.205994
0
0.166201
0
0.109919
0.0152709
16.3679
0.822125
0
9.60743
9.94446
11.0719
5.7411
12.0029
29.668
29.1951
17.3843
15.031
8.39063
3.19659
0
11.5208
10.3642
23.8966
13.0832
55.6754
126.089
15.5364
36.7246
24.2872
6.51232
29.0975
7.56955
40.0542
11.2756
25.841
18.337
2.75057
19.3821
14.6053
21.0504
3.01261
17.6354
15.3938
6.15232
0.274603
2.52365
17.1426
2.73235
18.7208
18.6624
29.0488
21.8737
21.263
0.610261
1.61757
5.10646
15.6666
2.72246
3.74805
0.232511
2.13091
0.853324
0.238135
2.34749
1.86962
1.84971
1.68126
0.990091
0.262568
1.56963
0.00416754
0
1.22289
0
0.21053
3.20118
0.01692
0.0274097
0.946393
0.0407372
0
0
0
0.0287015
7.18679e-05
0.000384591
0.0152216
0.983882
0.138407
0.906825
0.0677415
0
0
0
3.76329
0.0589699
31.017
0.0299226
0.291884
0.825471
0.402868
0
10.1223
0.827435
22.8049
0.120147
0.0523251
0.00147004
0.961569
1.4014
0.431718
0.505036
0
1.38276
0.167941
0.00254398
36.6239
0
0.395039
0.042055
1.05722
26.7104
11.5134
16.2346
10.2798
1.27473
11.8687
11.1713
2.68322
12.1668
0.876105
3.88041
0.0807382
1.16618
1.11628
1.91637
2.22595
4.92571
17.1293
18.813
32.2584
14.6235
16.8079
7.86264
0
2.60089
3.95325
3.69131
8.24508
2.04578
0.949762
0.966674
0
0.308216
0.0213907
2.08244
0
1.57715
1.93688
5.64484
5.40066
6.5831
6.30013
0.0597372
21.3577
2.52896
6.00187
0.254975
0
0.928272
0.00177073
5.31465
5.08629
3.09017
2.52341
0.784797
20.7106
3.92609
0
0.117094
7.04862
14.6075
0.136585
2.01422
6.94927
0.441136
0
4.55825
0.0694616
0
0
3.11796e-06
1.73597
2.35148
3.1769
1.80006
4.6606
3.42927
2.77734
5.89542
6.11561e-05
13.6897
14.9734
10.6544
16.2243
15.2959
0.72687
4.7582
6.9098
5.93296
7.71275
8.67849
7.15058
4.75466
21.1165
23.836
11.5646
5.17855
11.7702
19.67
15.0308
11.8385
3.35927
10.4785
6.8644
16.1235
10.1064
9.40012
7.25862
5.01519
5.74471
11.1149
7.7946
5.50815
7.17859
13.9774
1.23183
10.222
4.01535
10.2392
50.0844
13.5202
10.8998
3.83384
1.81002
14.6372
27.3663
28.0199
26.2954
20.809
9.54478
30.9605
19.7383
16.622
28.5035
42.3567
42.4396
30.2992
20.2441
7.85505
27.0158
0.420513
24.6607
27.3043
15.769
11.5927
8.40723
8.42435
9.70473
0.0110401
2.60304
0.0248392
3.12523
5.27684
16.143
3.41662
15.485
13.9745
26.9404
8.45443
14.7125
17.8392
8.74845
17.6862
4.88319
2.8271
1.0299
1.85887e-07
12.3597
2.03534
48.0917
3.9287
1.47695
1.21047
0
1.92622
0
0.0305753
0.044616
0.186377
2.74409
2.70493
1.92715
5.99863
20.3847
5.42664
4.74419
11.3687
11.9872
9.32122
4.75549
31.3758
2.5498
25.9112
23.0903
15.5652
17.1102
3.82375
3.86869
10.2558
0.584863
0
0.0253847
0.918883
19.8953
34.6532
6.41339
9.35243
20.8899
7.37466
7.46702
4.84439
0
5.04968
9.21979
0.0832349
1.10427
3.83242
3.19321
12.6984
13.8014
12.4296
6.2582
0.111331
6.86565
29.2887
8.21296
0
0
5.70108
0
9.82797
0
1.02648
3.28367e-05
2.1808
0.0817102
2.3711
2.54963
4.44497
2.24498
0.931061
0.284984
13.8118
2.09941
1.01568
3.84733
2.55781
0.845129
8.28725
28.4009
11.7187
21.9475
13.9438
9.73656
12.9198
0
26.7002
1.64479e-05
21.3721
13.506
8.59066
17.96
3.50596
2.60575
0.271453
0.816641
15.8387
0
0.0143522
7.90012
0.0379944
2.45148
9.52531
4.22923
32.7164
1.44474
1.39897
1.11486
7.49511
13.8083
24.7009
50.4008
5.71205
2.83874
4.49971
0.0881739
12.951
2.81315
0.67385
1.73695
2.67781
10.8905
0.0490763
0.913633
1.68764
3.27082
0
1.50908
1.23525
6.70218
2.49651
0.601155
2.06911
3.83776
9.23746
6.68185
0.00136762
0.323968
5.81924
0.14873
0.876151
0
1.17471
0.000182351
0.0122796
2.43039
12.2698
21.435
0
1.89363
0.423871
11.0305
3.00511e-05
13.768
5.66526
1.67695
3.21421
1.89369
0.0386774
0.793746
14.524
0.740843
0.02164
1.67617
0.188901
0.00378272
0
7.18767
0
6.70078
11.5219
3.81537
2.24398
6.57118
6.83502
18.8393
17.7599
0
0
0
0.707229
42.4699
34.0558
0.872821
8.67859
0
16.5769
32.2114
12.9916
11.3432
0.00274143
0.987496
2.85794
0
0
1.70148e-08
0.0189751
0.0604947
11.326
3.90593
2.33813
2.66065
8.58357
2.07414
18.0011
6.7955
22.7251
20.755
0.00023534
8.20771
0.770672
8.36403
29.2634
0.646297
0.0763992
12.087
17.6289
0.84178
7.45177
0.162399
0.172329
13.1786
21.591
16.0117
15.5717
11.0591
17.3292
13.4724
1.74309
5.69765
0
0.0474879
0.107109
0.0187005
7.02525e-06
0
0.0792414
0.970371
21.4259
0.943604
1.2318
1.84396
0.876298
2.97026
5.81185
0.113659
7.71246
2.76934
5.74533
0.408437
14.9941
5.09703
16.0279
22.4407
5.0797
8.55539
14.5983
14.4684
0
2.29881
12.2259
3.59436
0.138123
17.8188
0.00706261
55.1091
63.038
5.49488
40.6317
40.7003
13.1628
9.07797
0
0
19.7124
35.9082
0.158952
0.0667363
0.384697
1.16529
22.7465
1.33595
0.00759944
1.21608e-08
0.103514
0.943159
0.397364
7.22842
15.5859
3.83354
2.71163
0
0
0.711023
5.88259
26.8301
0
1.08889
44.3815
0.0303404
22.8814
1.09277
16.1557
13.7021
21.373
17.2409
0.0123499
1.94988
1.00081
1.1544e-06
0
0
0
0
1.37659
0
0
0
4.81896
22.9119
4.27484
13.299
10.8868
0.446225
2.42665
1.02826
0.817374
0.909678
0
4.45057
0.551436
1.8133
0.457629
33.0515
6.30179
25.0752
0.489566
0
12.5113
0
17.9237
0.0123225
0.0306128
0.813583
16.8103
13.9236
10.4198
29.4623
5.56146
7.51482
1.9886
0.153953
3.46861
24.7569
1.39474
0.00225331
0.130748
0
0
0.258656
14.2109
4.9897
2.17294
2.43737
11.4164
2.28715
2.78726
6.81741
6.14813
30.9977
0
0
14.581
9.99232
16.8773
7.67128
1.77336
0
0
3.88213
10.4605
9.3817
10.2283
0
5.75587
15.194
9.29925
0
25.0209
2.61556
1.37765
16.8629
0.0637235
2.01681
21.0707
0.0556979
0
0
8.11712
0
0
0.0187425
3.30479
0.536694
2.93282e-05
0.00813189
27.0612
0
26.0332
0
8.87536
0.021678
0.000904912
1.20045e-06
1.33911
16.6351
0.172093
17.3556
15.6152
3.31494
4.5944
26.071
3.17519e-08
20.2714
14.0949
0.209908
5.51719
0.841867
11.6985
1.13466
20.3824
18.7224
15.2272
4.57543
6.66918
19.0847
9.74295
9.92188
16.6638
0.130084
13.9834
2.68879
2.50884
16.4556
0.793107
5.48925
1.97424
5.5984
1.58081
0.298183
9.45604
0
0.0689115
0.539282
0.161444
0.832641
3.95007
8.72083
18.7371
17.1732
0.569456
1.75139
0.211317
18.162
15.4506
0
9.02356
7.37175
7.7941
0.0231986
1.69278
1.00918
7.91706
0.217863
26.1106
9.45882
0
0
19.8553
0
0
6.60641
0.863815
2.70161
0.499683
14.1889
9.12725
1.38587
2.00215
3.77532
9.96794
0
1.75038
1.46723
0
0.0310979
3.98409
0.415785
10.7989
35.4939
13.9462
0
0.418692
0.937633
3.12454e-06
14.0521
6.98158
10.2845
12.3661
2.09664
21.502
7.65945
0.832263
0.831588
1.62745
0.393095
3.83361
1.05139
5.43832
0
0.553892
18.0428
0.518116
11.7819
7.34141
0.763586
0
0.177043
0
0.00935249
5.01109
25.5441
1.86745
17.1601
14.081
0.959865
0.894465
0.0100575
0.196634
0.645563
0.626749
3.53057
0
0
6.25063e-07
2.60302
0
0
8.02701
3.52853
3.14733
14.0578
0.0830807
0.469001
4.29023e-09
10.2175
10.8836
4.30834
0.1992
0.639619
1.29655
0.798389
8.93117
1.09047
0.5716
24.5836
3.88218
0.340031
0.00350371
18.5316
9.1106
0.0857801
2.81041
0
10.1252
0
0.000105163
0.2573
17.2228
1.57721e-06
19.3853
0.345107
2.30371
0
20.005
10.4328
6.24747
14.7346
10.5276
3.82692
29.8274
6.57723
7.03637e-05
0
0.000860931
20.4815
16.6814
7.99022
8.76032
0.653391
1.87924
0
21.2631
14.8928
43.9381
20.7836
21.7228
16.4981
21.0362
16.3441
10.624
14.1805
3.38569
8.1402
23.0902
18.3569
0.026992
0
14.2777
12.8784
0.0170966
6.04642
0.959146
0
14.0496
6.06158
8.94539
1.06417
71.7214
21.3957
17.4735
13.5965
12.9691
5.05474
14.2588
5.39851
17.4838
0.057675
0
0.953438
28.2528
29.3669
18.0697
20.4383
43.5984
54.7158
48.9354
38.7729
41.9027
35.5979
37.0203
25.3335
12.7344
8.13275
1.58988
0
0
1.75835
3.77376
0.0262392
0.899998
1.10424
6.67096
0.0214986
0.798654
4.08498
10.2165
10.2637
13.8765
5.49694
9.64937
6.26166
4.90275
4.3375
5.17702
11.9569
12.7283
0
34.6436
25.1907
17.4041
17.1155
13.7148
14.3528
0
0.00543524
0.135247
10.177
9.20199
3.37386
3.00045
27.4956
0.822669
0.0339412
0
0
0
34.2512
0.00193768
30.2835
0
49.8436
48.0666
5.52271e-08
0
0
28.6902
42.6802
15.9553
4.80211
0.384605
9.4319e-06
50.3363
33.3013
5.86221e-06
0
3.04352
37.3833
43.7614
0.0760506
14.8665
30.6702
2.74064
22.7553
0
0
21.9679
0
0
0.631305
0.0158783
0.000118639
27.243
0
0.894114
10.775
29.9974
20.4811
21.2729
5.26182
22.7091
3.49217
20.9814
0
27.4325
17.3698
0
14.9056
10.4827
11.9442
0
8.44855
1.71477
16.6685
12.2587
4.94804
19.5115
0
29.1154
23.3722
20.1559
0
17.3492
6.98827
20.774
12.6781
0.0168864
0
0
16.719
0.924341
18.9709
0
0.0769533
0.00128364
0.510356
16.9376
0.738738
0
0
24.0968
0.966131
18.7415
30.3773
1.9403
9.4411
1.52569
12.218
10.6152
25.5873
0
0
0
0.194087
0
0
0.00815567
0.552681
10.7464
3.38026
0.389962
23.3138
35.2489
2.99186
14.1806
21.5073
0.0253935
12.6597
19.3287
14.5472
30.3165
24.8817
17.7289
25.2969
0.305364
14.8948
48.4856
50.3293
25.8694
29.9076
4.12487
29.0265
15.0346
0.0327408
27.8288
0.000283774
0.0270903
20.8398
1.32878e-06
0.344035
0.000267891
0.367371
0
0
0
0.654484
7.56296
4.09005
0.00795046
0
7.61242e-08
0.903916
0
1.9951e-05
0.0785683
0.144378
0.0170446
57.6515
3.27737
33.3178
8.50043
1.0918
0.297374
7.97443
36.6834
0
0
30.5613
9.69086
16.6997
37.3762
0.379684
1.20102
0
0.269754
17.0025
37.1348
0.946025
0.761307
0.844836
4.33471e-06
31.2395
0.508343
12.794
12.6012
1.0557e-08
2.40411
1.10643
1.21858
0.301012
0.811356
8.5834
0
0.0107156
0.58868
12.6055
52.6472
3.0427
5.52086
28.8906
2.8918
10.8457
17.8657
1.66203
12.7124
0
1.35646
0.512003
7.82121
0.948162
4.68753
14.6845
5.0448
2.12986
0.47746
0.00946717
0.131368
5.71815
0.00282745
0
0.799029
0.00463031
17.5755
11.5159
2.30218
17.9743
0.514116
7.35158
1.49428
0.767815
5.14751
0
0.000400046
0.29714
45.5658
22.0534
23.6744
37.2035
10.0523
7.82975
0.343893
9.14793
13.7073
0
11.7853
0
2.07364
2.47544
5.36302
5.44678
0.000259187
0.914334
0.581099
1.01273
7.58791
5.07789
8.76635
12.7979
6.79259
1.99098
0.916151
0
0.0471831
2.9536
10.12
0.00143783
0
1.76469
2.27789
6.6416
1.69685
1.79744
0.972033
5.44663
3.30364
0
14.7325
0.0291942
23.8517
0.166486
1.71336
27.0527
13.2273
1.07349
0.51003
11.9424
22.8768
4.12145
20.6813
3.89178
2.56755
3.49525
3.30798
0.0200709
2.46152
3.44705
30.1882
20.0699
9.98321
2.60177
9.16842
7.86667
7.8162
12.764
6.36147
0.000549709
0.00234676
0
1.68252
0.323263
0.079085
6.83727
1.95577
29.4656
0
1.1781
1.65766
2.39973
2.20234
10.6638
2.81541
1.87743
17.7181
14.5663
4.41307
10.4184
4.97359
0.211909
0.776067
48.0321
15.1325
12.2487
9.79486
0.167235
0
11.609
14.0366
0.119668
0
7.87509
4.18725e-05
2.08461e-06
0.684822
3.85074
0
0.0222845
0.942702
7.07663
0.300573
3.84482
0.0841057
75.048
2.34431
0.132643
0.731529
20.7833
2.43513
2.46803
38.4796
0.814205
6.85507
31.432
6.80833
0.00293806
48.5044
1.46142
0.77159
3.05316
0.00678679
0.0694442
0
0
0.166732
7.26388
0.00757028
2.29354
0.265662
0.0334101
1.07738
9.72037
0.26089
0.000128028
6.03405e-05
1.21903e-06
1.83499
0.0481917
0
13.6659
0
2.85841
0
0.0651404
14.3512
0.858677
0.843909
2.66339
1.60124
0.00673035
0
9.7951
7.31
1.27843
48.0244
31.6262
8.25248
0.0576184
0.962424
0.0146201
0.00739836
1.57147e-07
1.01739
1.67547
1.76764
1.23982
23.4473
11.0233
0.19053
0.858251
1.65062
0
0
1.25256
3.51632
1.4065
0.198825
0.768051
0.58299
0.704251
1.24584
0.0567488
0.766396
0.200962
0.802669
0.141061
0.0141098
0.767181
0.192449
0
0
0
0.24766
0
0
0
0
0.0178927
20.4821
3.79954e-07
1.15571
14.6361
1.14962
0
37.287
5.04944
14.8052
0
0.117034
0.0894643
0
1.76954
0.48032
0
0
5.9019e-05
0.00117795
0.257602
1.31951
5.87549
0
0.490149
19.804
0.462512
0.0285816
23.9225
0
0
1.17151
0.0522326
4.2092
0.000726513
0.441733
0.779633
0.178545
0
1.24194
3.80363
0
1.14994
8.64861
0.0289547
3.54296e-06
0.0187214
0.949941
0.218177
0
0
7.04604
2.63174e-06
10.1722
3.09295e-08
0
0
0.014222
0.031645
0.0482571
0
0.673861
0.539854
18.7964
0
19.9699
2.92854
18.4547
22.6926
2.94003e-08
13.5278
6.03082
33.6428
0.414831
0.657634
4.19474
0.0283055
20.6576
0.0191369
0.0883532
2.9625
0
1.98269e-06
19.6893
22.7256
0.0046462
0
17.2896
3.36786
4.06957
13.2502
3.12206
28.1617
12.9559
38.9547
0
4.98631
18.7189
0
13.7797
16.5238
21.7167
15.6203
7.32302
6.41906
16.3908
18.3654
16.4468
12.3512
14.3149
6.43252
9.62226
0.333374
7.98396
5.90035
0.102851
0.348406
0
0
5.47985
4.97169
3.75921
0.0964499
1.36804
6.73534e-06
0.251227
1.10105
9.5121
0.0152127
2.57101
0.843921
3.36094
3.31092
3.08302
5.43871
11.3782
0.788336
0
2.71966
4.17151
2.61437
1.58825
0.0838131
0.109518
6.13438
0.819007
0.00345766
0
0
1.38381
1.75977
0.384753
0.384727
0
0
2.01621
0.00111796
2.07355e-06
1.89953e-06
0.354166
0.572799
0.846342
0.102868
0.02398
3.59052e-06
0.0235237
1.26507
0.000389586
8.47766e-06
0
0.403616
0.00507252
0.731659
0.00546472
0.000225898
0
0
0
30.0225
0
2.20021
0
0
0
22.2269
0
0
0.000382422
0
0
25.1891
0.786249
0.609462
2.79635
0
0
2.69704
0.0147334
9.23513
0.878647
0.87951
0.325162
7.8176
5.17071
0
6.48436
6.09529
5.25384
1.9881
4.32376
5.79798
11.5405
11.3769
12.4278
9.32394
8.34481
0.0296371
0.00182812
9.32731
10.0555
8.55653
15.002
8.23203
4.61348
7.75026
9.65443
10.1854
25.8941
3.98305
9.28827
7.98297
7.63448
18.4633
19.145
0
23.294
0
12.2469
15.7648
17.5248
17.6204
3.70764
16.7707
7.58538
8.81904
1.42332
16.6212
17.3389
6.75148
6.64097
11.856
16.5662
21.2953
9.5306
7.25566
17.8408
4.94699
10.2589
0
7.33616
8.46106
4.86331
0
9.30159
4.63741
1.52483
1.61006
0.450876
0
2.35808
0.719991
4.8504
4.26309
14.892
0.268922
0.181037
2.09446
0.860525
0.144259
0.907282
13.8329
2.30072
0
1.53328
22.8176
0
1.44115
2.75273
2.25703
2.62354
0
0.0510274
0
4.03649
0
2.00924
2.48836
0.629252
0.756101
2.49479
9.88944
4.82613
20.0697
10.6601
3.80582
14.7901
15.6642
14.9154
17.9168
25.7392
26.0365
12.0709
28.7931
17.3535
3.72602e-07
11.8573
12.3386
10.7947
0
22.5257
0
7.6398
9.18752
0.0567172
12.2438
6.20233
11.7689
0.933527
21.4455
0
0
2.87276
5.91909
1.4108
0.00188194
3.21959
0.39656
0.499685
1.5268
2.70255
0
1.16034
23.3219
0.000782156
0
0
0
5.90507e-06
0.000738501
0.00201621
0.780828
12.2534
0
0
0.783029
0
17.122
33.0456
8.63126e-05
4.24402e-06
10.2752
5.44628
0
7.6526
0
5.58401
0
0
0.669263
0.148843
0.000615877
32.268
0.855093
18.4629
0.0136816
1.3411
0.719333
0.0991001
0.000248206
19.0148
1.93132
0.0223215
2.06675e-06
13.4774
1.55186
6.87893
23.8648
26.721
28.1584
17.0354
10.7902
2.38884
4.66695
12.1056
1.91846
3.77537
8.73915
0.849037
0
9.30189
3.59022
11.4277
1.29631
27.8834
1.07838
0.646301
0.756682
23.9825
17.8339
5.22266
6.71408
1.5587
5.23537
7.73697
7.25742
16.6545
0.374129
0.0459498
0.000512015
0.000937981
4.52995e-06
0.886388
6.11671
32.152
32.5124
21.3753
2.47562
17.6796
11.0749
0.859126
13.1332
5.19855
27.3126
2.29833
4.33783
1.27892
34.4624
15.3413
1.74056
19.0054
14.3091
0
0.975871
1.39608e-07
5.04083e-07
0.00355691
0.00391366
0.0476708
0.533989
6.11443
15.7455
24.69
0.105767
48.083
0
0.00567038
4.98867e-05
0.108351
0.0629274
0
0
0.000323186
8.74379
0.449872
1.42318
23.8777
0.486977
5.73683
5.93172
3.02229
0
0.0797937
3.79319
9.77404
0
4.20644
4.61292
2.22671
0
43.9427
20.4618
0.0987655
3.09738
18.4198
5.5851e-06
0.671594
0.0502473
0.290457
1.3481
0
32.3253
7.37727e-06
88.099
22.1158
33.8586
0
0
0
0.404561
0.00144007
21.3626
5.34028
29.0488
0
11.3506
27.1506
19.7333
3.99344
5.25178
10.5439
8.52624
0.685723
0.149566
0.165859
0.0164156
0.00118909
2.65076
0
0
0
0
0.000422081
3.73498
0.381341
0
0
0
6.20868
0.419547
0
0
9.42998
0
0
0
0
6.90225e-06
6.40398
9.43758
0
1.90749
1.88407
0
0
1.01463
0
7.12128
9.60048
14.9418
5.99433
6.65672
1.78761
10.2773
4.03188
8.15102
27.3931
28.0287
5.77451
45.9398
37.2672
38.7887
17.6145
13.5896
20.7486
22.6511
15.9845
23.6405
8.61979
17.7258
11.2258
13.1023
15.1363
14.2573
10.6198
12.1762
11.9086
12.7
6.68799
4.66721
7.26184
10.2808
18.9949
4.47274
1.99092
1.00654
5.35699
1.21605
0
0
4.53654e-07
0.71049
25.7045
20.8551
0.0681786
7.94886
0.906516
3.31703
0
0
8.90123
0
11.9598
3.76543
9.18498e-05
0.557297
4.05155
26.2304
1.0175
15.2949
15.954
20.4822
16.2997
0.453622
18.9944
0
12.6913
23.5011
9.93431
32.4374
11.7934
14.2817
6.87362
6.46735
5.57278
10.7064
18.5991
19.447
7.17066
0.948695
9.64904
1.36396
5.48269
12.9141
11.6264
33.8784
5.24994
19.9783
22.4524
19.6776
20.3874
16.8232
15.4349
18.3105
12.1253
9.11729
14.2844
13.7312
14.3884
0
0
0.0382328
7.81023
7.25486
15.4007
10.5577
8.48963
9.16353
14.3675
10.2081
10.1356
17.8251
4.20065
17.5182
21.6569
6.53334
7.55188
9.0348
8.58694
11.6469
7.41973
7.93278
5.99922
3.73697
5.24243
2.70931
8.28943
2.33179
7.81071
23.0789
9.02857
16.7841
7.5142
8.88915
7.98102
13.623
24.0513
7.43675
5.01475
33.3642
2.40341
0.736817
0
0.596305
0.482616
15.2736
11.561
9.81766
19.3081
0
19.6908
18.3671
18.2686
14.7645
22.8279
28.507
11.8578
28.8286
0
0
9.42208e-06
48.4598
39.4543
35.215
1.66191
42.2884
3.18545
7.89892
1.29112
2.06997
0.058365
12.2586
49.2477
0.5505
15.7335
64.4768
40.6215
19.61
9.63236
0.682816
29.4353
8.92905
22.5746
9.83394
7.99179
25.2665
24.5254
24.7616
26.1694
11.1514
20.9609
8.65417
26.1031
10.7763
9.90697
18.9349
15.4389
13.279
7.9366
17.2346
12.0041
22.362
5.19812
19.7923
9.71697
6.16528
27.3037
27.0071
17.3751
16.152
0
15.3277
0
12.1091
17.4061
20.6091
17.7692
16.5672
19.2227
20.8106
12.4176
10.5261
11.4526
8.54203
10.8865
6.26847
16.7835
12.0673
8.92474
14.8711
8.57364
9.3186
10.8348
7.06081
10.8766
0.105917
9.14271
13.3654
17.5983
6.10676
18.5265
0.684083
1.93034
0
18.014
18.0938
15.1256
0.284815
13.9019
25.9337
10.3174
16.6126
4.95081
8.97915
17.9281
21.821
1.77305
2.94756
0.543716
17.4962
12.5475
1.75375
2.80284
1.55896
0.866797
0.787863
2.65689
0.987621
2.42223
0
0.676812
2.13579
0.20085
0.0101951
14.2313
0.080773
0.115244
0.923455
0.228995
0.887523
0.006305
0.234201
1.44601
0.0433548
0.386536
0.215476
1.14388
0.179116
0
2.86096e-08
10.4342
0.760662
0.14835
4.1676
0.260574
22.1524
1.58886
0.106028
0
0
0.86988
0
6.4952
0
9.95193
0
10.9514
0
17.4851
0
0.874425
12.667
0.516144
24.6799
7.98672
17.8661
0
18.9375
0
0.210484
0.175943
0
19.2816
14.0178
0.0107444
0
19.7413
0.459511
0
2.62869
0
1.75922
0
2.48848
0
2.79991
2.60588
1.49108
0.00660081
10.028
0.681118
0.0144595
7.66559
12.2267
0.473628
14.5516
0.178479
16.5093
15.6857
11.6478
15.3797
0
0.0483915
0
8.85592
7.5812
0
0.458813
0.000828738
0.0815939
0
0.00072208
0.449422
0.451085
3.57982e-05
0.751854
2.32722
0.82818
0.301769
0
3.29646
0
0.0218875
0
0.000419117
0.00116905
2.24013e-07
0.000119212
0
0
0
0
0
0
2.12989e-05
25.3255
31.6184
43.4891
19.1525
19.4383
1.5791
1.17427
0
0
0
1.20004
20.3965
2.785
6.03886
0.889407
2.37633
30.8927
46.9052
36.0758
10.7298
8.60648
5.10867
26.5716
11.3494
2.30111
2.96816
11.6117
4.42926
7.02453
7.57605
8.03553
14.7381
16.0967
3.97435
23.5114
0.224973
11.6805
3.27895
20.5633
1.06024
27.2329
30.5236
0.204423
0.00720427
1.0852
1.6506
0
0.386592
0.249654
0.171242
0
0
0
21.8945
0.00549495
18.386
0.453943
22.9117
2.28917
2.79251
24.4264
25.8146
22.8867
0.523007
0
13.0575
16.5787
24.1788
20.8927
22.7111
26.3962
29.0826
0.0236976
19.6072
0.0477052
21.4897
24.1002
31.4711
5.22975
0.0614195
26.4126
10.6333
39.7167
8.13192
37.8726
39.6711
7.47207
6.54769
26.3188
23.6727
10.3161
18.5289
0
5.84354
38.6532
1.76374
1.25606
49.0003
0.0070882
23.0846
0.00730216
0.0951269
0.228402
0.00816562
10.8694
5.72695e-07
32.9595
62.994
28.9685
14.5961
11.0097
12.8293
3.08307
5.08438
0.0798206
0
4.42968
15.261
21.5473
27.3164
32.7189
18.6607
25.939
9.75273
29.1323
21.5072
7.52058
22.7082
0
0
0
17.5769
0.700702
7.80312
21.1586
4.34663
1.69676
0.442584
0.369112
0
0.0528155
2.89295
1.86142
4.34191e-07
0
0.186613
13.5844
2.24388
1.19285
6.38223
11.3523
6.14847e-09
22.5078
1.94294e-06
4.04092
0
6.90313
0.269165
0
2.15551
0.0100953
0.0244094
0.0113109
9.4929e-05
0.0221242
0
0.000820477
0.0106058
0.885896
8.62301e-09
0.00909022
0.964827
0
1.41179
0.241429
0.434558
4.49149
8.97443
8.2713
1.98946
3.18816e-06
0.775987
11.1621
0
3.46357e-05
0
0.000165534
22.5903
0.771818
26.6938
14.724
30.3082
9.59655
12.5052
4.85423
18.0721
2.80564
4.9648
9.13448
1.05903
14.6046
12.2799
1.18374
0
8.47595
0
7.36379
9.54628
28.0028
19.1793
24.1637
31.2289
0.491909
25.7139
9.21817
22.7811
16.2748
2.64572
13.9436
0.340793
15.7729
9.05367
1.6681
14.9794
4.46038
7.22529
4.81654
0
0.717815
1.46088
3.97997
1.24992
12.3194
0.159045
12.7898
8.64943
30.1533
15.8967
13.6676
36.9202
10.4722
15.0212
19.9633
18.1549
23.9301
19.6583
10.8991
15.5888
17.3273
0.347171
4.70293
9.75222
15.877
13.475
9.85083
11.4089
8.97699
8.86337
11.3932
14.1102
9.15145
17.1861
13.2559
5.50853
7.7025
33.1263
10.2996
13.5031
18.1168
0
7.53673
10.0807
2.75697
5.66492
15.0311
0.662486
13.1883
10.3046
20.4238
0
0
22.705
12.2851
20.845
24.9984
8.62925
14.1031
21.1714
4.28418
21.7152
29.3846
15.6714
4.84148
19.1347
36.1908
50.2365
27.5058
40.1138
22.1845
35.7187
26.1807
36.65
24.3775
0.408881
30.7842
16.5171
23.0727
8.92399
24.4719
37.1715
33.16
25.9948
0
28.1205
37.7206
30.5492
0.0138294
10.0216
19.0314
23.1138
33.0348
10.9789
17.7722
23.4466
0.519066
0
2.43986
1.08808
35.4006
0.100058
16.7638
17.1797
20.985
32.3947
25.6109
0.00469604
37.3915
0
21.5362
23.4351
27.4885
31.9429
17.0168
66.3191
52.448
12.5878
27.5149
24.1999
18.3894
24.0619
0.112182
20.1889
8.64497
27.6399
0
12.4664
7.93681
14.6218
9.85195
4.7263
17.8148
18.3457
0
7.15062
6.09778
8.41871
17.9926
17.025
0.00289162
11.5701
6.05379
2.89634
1.28043
0.111153
0.608155
5.44709
2.14283
12.9803
0.552978
20.564
24.2635
9.18881
8.7716
2.85395
8.78697
27.2196
0
1.99208
3.46294
12.0427
0.0017394
19.4901
5.07567
9.27801
9.35357
13.735
12.3146
20.2247
13.2931
17.984
9.36733
11.6641
14.061
25.7171
5.70017
4.31202
19.1876
35.3296
0
16.1802
12.1081
32.5662
5.33955
3.17374
17.2173
10.5394
39.0298
17.7996
22.8583
19.9678
12.9968
31.8645
15.4261
20.6086
10.1484
9.15738
16.7182
22.606
43.6241
15.8775
0.0778094
5.6637
31.0451
16.1738
63.3009
36.288
27.9774
24.4468
35.4995
12.2593
18.4667
0.181346
8.83064
1.38573
11.6358
15.0378
10.6577
0
5.97278
8.17128
17.1065
12.3955
15.1308
5.4319
7.13915
3.01301
4.78885
23.8426
4.63289
8.73331
9.61699
6.54355
12.0105
5.15326
18.839
6.33992
0.000165288
9.60815
17.3731
7.0682
26.1408
4.81012
9.72487
0
1.83007
0.123986
6.41505
0.183483
3.76574
6.83449
3.59955
0.128438
11.8383
0.845935
7.95492
0.444144
10.1875
1.03102
0.847097
14.8229
0
2.43424e-07
0.158252
0.778991
0
12.4242
7.5161
15.8402
18.1567
18.1333
19.5516
13.698
1.41577
3.53021
3.23331
7.36424
13.1253
0.0313597
5.39432
14.0529
6.98841e-06
7.50334
0.021665
4.06849
1.8423
1.47905e-06
2.33932
0.0641217
1.02744
15.1613
5.34618e-07
0
0
1.0527
0.908903
8.93883
15.0995
13.3304
0
0.945376
9.31863
9.99766
15.6078
10.2654
13.196
10.6472
10.9702
8.34125
26.1741
10.4595
0.0622727
10.1514
12.8226
8.71847
10.4995
0.00847133
7.8684
12.789
17.2301
2.8306
3.48617
7.76971
117.939
10.5503
23.1858
8.88509
114.677
7.43989
12.9546
3.3584
4.18421
11.1188
8.2332
7.64046
44.3767
5.281
7.25183
6.50531
2.50016
10.6029
25.1459
18.7829
10.0732
1.19533
0.00348248
12.9719
12.7765
1.18414
0
0
0
8.89028
1.79105
0.0577721
0
5.92375e-05
0.718291
1.4587e-06
0
10.6611
0
6.81517
10.0733
0
0
6.74531
1.01678
10.0863
0
3.31141
3.77467
0.0183218
0.0406979
0
2.99437
0
1.79783
26.5049
4.64314
0.0152429
0.0126533
2.23337
1.53473e-07
0
0
0
16.8891
4.43521
9.97959
0.134373
6.43337
0.215063
21.8854
7.15293
11.4465
7.69577
4.99918
10.5445
14.078
2.90076
0.983666
3.60786
2.89057
7.22122
3.21378
2.03196
12.7488
49.5966
31.2581
31.0573
14.8801
0.932989
7.38188
0
2.81856
10.6059
10.6083
6.29919
5.09123
11.8753
9.089
26.7953
0.0691273
13.0162
19.6582
21.5104
22.5328
16.6101
9.78586
12.8846
18.793
8.25911
21.4988
19.5819
18.2131
24.7237
13.237
20.4053
2.71296
20.7216
13.4964
1.48645
0
0
5.0974
7.35312
1.1149
0.613675
3.43089
18.2607
28.6548
5.95204
6.10333
7.62352
9.74589
16.2529
4.16916
6.24243
0.832664
0.00709889
8.23179
7.56619
38.7691
3.07963
35.1871
12.0537
5.99064
18.3374
0.0286139
0.0957812
2.422
5.28839
23.9659
3.23128
3.62828
3.24092
17.6068
6.68752
2.1517
15.808
1.39638
5.32607
1.74981
39.9008
34.3998
3.36955
0.000807711
17.533
35.2608
1.52333e-06
0.958651
1.82775
0.325476
0.0204536
0.00117866
17.2869
3.78443
3.16995
3.52937e-08
0.0122711
0.138575
5.34099
0.201366
6.94547
1.70242
0
11.7002
0.890432
0.41024
0.235168
7.50512
1.74981
0.994526
0
8.36114e-05
0
0
0.00377026
4.96431e-05
0.487369
0.455035
3.05576
3.73498
3.26265
0.743887
2.52358
0.0182183
19.5722
4.83669
15.7542
28.3576
6.45945
2.29267
5.45307
29.8991
25.1692
8.32808
16.2197
1.61027
0.242807
4.79405
1.31988
18.0758
10.7836
3.46129
6.48603
4.58436
6.6454
3.61048
6.97043
17.5221
0
0
0.0596543
6.87416e-05
0.0292368
0.000229546
0.257466
0.962509
0.988548
1.00771
0.792939
8.25996
9.22005e-08
0.323257
1.52051e-07
0.892111
0
21.2172
4.67032
11.1252
12.6095
37.7971
24.6388
16.7414
3.62396
11.5563
20.402
15.5272
2.39857
11.6625
39.2205
1.21047
2.62254
15.8115
1.127
49.7341
19.7776
11.2013
27.2831
24.3118
10.8169
12.2455
0
6.85721
0
14.0348
2.71101
0.00140999
26.4648
21.3604
0
16.0023
9.63678
13.3203
13.5182
0.125697
10.9754
17.753
33.989
22.8638
27.5753
23.4829
5.21542
6.90003
11.0604
7.6318
1.78728
1.46304
13.317
0.303446
0.0610648
0.0583416
0.572287
1.72632
2.11753
1.21361
2.05665
0.447125
0.950101
2.09901
2.34136
0.0978282
5.99995
0.317023
0.253447
0.77108
0.560991
0.00254681
0.23728
1.12378
0.0351385
0.717756
0.147503
0.82602
0.105366
0
0
0.256077
0.258704
3.76527
13.9254
0.450749
11.2739
5.30661
3.61698
2.47005
3.17678
0
0.922789
0.205113
10.3377
0.0323672
0.142052
3.70022
14.2891
1.91054
2.42133
23.3492
11.2171
14.5513
8.01054
10.909
22.5818
0.425031
15.3322
12.2148
0.0482659
0.726254
10.6078
0.000707211
0.376273
23.8446
0
3.61007
0.00243042
21.7812
0
1.12333e-05
0
0.0209826
10.7252
0.195585
0
0
0
10.7825
51.2026
29.5116
47.2508
0.480576
36.123
17.6373
2.9586
13.5316
11.3608
9.06641
10.3995
0
0
38.1722
0.482831
2.47605e-07
0
0.000314209
0.674503
0.0682819
38.5476
0.0387399
0.392133
11.8209
1.58284
0.28486
0
0
13.188
29.2056
0.000515048
0.0163566
1.3869e-08
0
0
0
12.5984
0
0.335341
7.89166
0.997226
1.0091
1.16475
0
0
0
8.71176
9.83371
0.918133
2.4456e-07
0
0.712866
20.5825
0.19729
1.19582
0.435987
14.22
0.0785275
0.564791
0.16381
0
0.0353169
2.49294
0.206156
0.633728
0.144798
1.28263e-07
20.1749
0
0
26.5318
0
3.5166e-05
0.149296
0
0
0
0
0
0
0
0
0
0
15.1338
0
0.935015
0.126977
0
6.45393e-07
1.70149
3.0926
0
0.0397491
0
0.75744
12.0322
23.9548
7.83467
2.45306
1.56532
0
2.67841
10.2529
8.93982
1.91164
1.52274
1.52182
3.12237
28.9477
2.19821
0.00740717
0.924578
1.51102
0.437572
0
0.705124
0
0.633842
2.41668
5.11006
2.10561
7.36756
0
11.5344
1.91009
0.582756
10.0965
0.812138
6.37499
8.70421
3.49331
2.27057
10.6415
23.2219
0.648282
1.29104
1.43504
0.0388081
55.8427
0.808069
0.738026
13.3244
0
0.0849649
3.02754
14.0084
0
2.15672
18.7642
0
4.55046e-07
1.62569
0.174446
0.148319
0.167274
0
1.07896
0.234957
3.64613
0.973742
1.9251
0.143297
9.57425
4.60701
0.0165886
0.00965746
1.45197
0.452769
2.76776
28.5085
5.70141
6.67495
0.00525484
5.80464
14.23
16.5709
15.5276
6.23931e-05
22.8681
12.4619
16.3877
20.6611
1.44201
0.227418
7.76581
1.54081
15.5445
0.863398
1.07325
12.5316
0.00649238
9.21269e-07
0.710486
0
10.9914
1.27338
1.76253
29.0972
29.9881
0
15.1439
8.51599
3.62251
13.9844
1.02608
19.8207
15.3421
2.68744
2.99395
26.0469
13.3897
1.91546
14.6798
27.105
15.9064
14.6706
22.8219
25.9954
22.9219
29.9077
21.9749
0.18114
25.1038
0.777441
6.92602
16.8942
11.6869
11.7398
2.36036
1.73027
0.331498
0.63142
2.40802e-06
0.840526
0.352829
0.0054627
0.0227656
1.43225
3.17952
0.166201
1.01944
1.40798
0
1.47578
0
0
15.7581
21.8336
2.35866
0.000112305
0.0289974
11.3944
0
1.65478
9.98068
13.9425
9.18522
8.76553
29.0226
0.0319724
5.9095
0
0.0267237
25.6969
0
1.1891
9.70721
1.87965
0
10.8766
1.67951
0.104117
0
2.42133
21.5165
4.24272
0.0111281
16.4366
4.23725
2.45782
28.6756
17.3697
13.1713
18.9454
7.5012
3.87528
5.6513
7.4839
8.19519
2.91502
4.68637
5.06933
6.18919
3.49837
19.2312
0.978031
10.0565
8.8944
1.63118
21.3577
22.1943
15.8128
10.3479
0
0
0.00755459
0.000395561
0.234868
0.979543
0.826851
0.526253
0.0547133
1.4757
0.0170083
0
11.795
12.4917
0
50.3608
3.64288
7.43165
8.34218
9.09768
6.81226
0.47855
30.4924
7.56431
10.875
8.12598
7.13999
6.38911
1.30846
12.9194
2.6852
11.0928
17.0003
35.4093
5.34105
9.20219
6.14247
10.7225
2.81501
1.95695
0
0.0779973
1.75819
0.28183
0.665772
0.270031
30.2846
0
1.5865e-06
34.1768
17.3859
13.8284
10.8349
16.0341
10.1862
0.111873
0.533551
0.0439636
0.000424327
2.04657e-07
19.5044
0.0423992
0.0221036
0
37.1605
24.1599
13.7504
5.95747
4.81006
1.53823
0.0805012
0.000229052
0.0723807
0
0.913833
0.0783514
4.31044e-07
3.46935
0.00100285
0
6.91978
0.357631
0.163077
1.84138
5.33943
0.487866
7.01715
10.5745
6.58438
3.879
0.656006
0.0969646
0.475283
3.48166
6.09131
1.54142
0.569687
4.41662e-08
26.1675
7.29217
0.883028
36.2547
1.06145
29.9926
6.71444e-06
2.77004
15.8617
