12.Location IDs included.: 2402, 2654, 422, 2627, 3868, 3198, 1145, 689, 2772, 2625, 742, 2624,
                          2630, 3190, 546, 2746, 2633, 2688, 3572, 1205, 1214, 1203, 133, 925,
                          3533, 2653, 1080, 3519, 1212, 421, 3197, 1204, 431, 1211, 974, 688,
                          1193, 2635, 3211, 3032, 423, 3530, 614, 299, 2655, 1146, 3452, 2501,
                          1081, 1073, 2621, 2773, 3609, 3199, 888, 3189, 882, 1207, 1096, 136,
                          2779, 1225, 2777, 2745, 2620, 1190, 3033, 547, 762, 3515, 1075, 357,
                          545, 3476, 1792, 2618, 3191, 1229, 430, 1379, 1199, 163, 926, 2747,
                          3827, 654, 3464, 924, 450, 1179, 1786, 1904, 1353, 1216, 2814, 1097,
                          1169, 1988, 432, 1794, 2094, 1238, 272, 3231, 1095, 1185, 966, 2616,
                          3463, 1332, 3720, 1944, 3228, 1184, 771, 3249, 1686, 2613, 3173,
                          3831, 1250, 162, 1327, 2323, 2558, 2095, 2552, 1486, 487, 1606, 1236,
                          3465, 1188, 3872, 439, 755, 3744, 2547, 1232, 2612, 1989, 2081, 424,
                          1985, 1147, 2405, 2657, 2774, 2280, 2988, 2559, 2986, 3074, 2780,
                          3200, 3711, 754, 3254, 548, 1392, 1174, 690, 2993, 2985, 729, 440,
                          2744, 820, 930, 2981, 2556, 1247, 1333, 2055, 2611, 2996, 3192, 2927,
                          1391, 701, 1098, 2656, 2749, 1249, 438, 3347, 1554, 1173, 2082, 3761,
                          2973, 1326, 1314, 433, 1340, 427, 827, 1256, 2920, 3296, 637, 3000,
                          2970, 3343, 3375, 1393, 1325, 1243, 2335, 2964, 2553, 1166, 2609,
                          411, 1959, 2963, 3003, 1780, 3342, 1254, 3791, 3723, 1164, 3467,
                          2344, 1572, 3758, 292, 2042, 2092, 409, 1252, 1168, 1990, 441, 2663,
                          3792, 3187, 1679, 3760, 3352, 2198, 2282, 2834, 1282, 1515, 2667,
                          1536, 3434, 3004, 2959, 2607, 769, 1559, 3790, 3724, 1158, 489, 3006,
                          2670, 363, 1973, 2606, 1560, 3439, 1902, 1251, 2958, 2219, 2411, 628,
                          814, 977, 1148, 425, 2775, 3684, 2039, 2406, 2605, 2781, 2658, 1394,
                          2201, 549, 3457, 3681, 1273, 3686, 3201, 691, 1603, 11, 671, 3034
  Coordinates...........: (3.16259e+08,4.03477e+08)
  Semiminor axis........: 16973.04
  Semimajor axis........: 84865.22
  Angle (degrees).......: -60.00
  Shape.................: 5.00
  Time frame............: 2011-10-8_22 to 2011-10-9_0
  Number of cases.......: 8565
  Expected cases........: 19670.38
  Observed / expected...: 0.44
  Test statistic........: 3987.318230
