10.Location IDs included.: 3198, 2627, 689, 2654, 2625, 2402, 2624, 3190, 422, 2746, 3868, 2688,
                          1145, 431, 2772, 2621, 742, 2620, 3533, 1204, 2630, 1203, 1193, 1205,
                          3452, 688, 3197, 3032, 3572, 1080, 1073, 1207, 2618, 2653, 3189,
                          1214, 546, 3519, 1190, 2745, 1081, 133, 2655, 3199, 136, 3530, 421,
                          3476, 357, 3033, 423, 3464, 1212, 1075, 2633, 974, 299, 430, 1199,
                          3191, 1211, 1146, 3211, 654, 1179, 2747, 1988, 2773, 614, 925, 2501,
                          1353, 1786, 1169, 888, 3609, 2616, 432, 882, 2094, 2779, 2635, 1185,
                          966, 1225, 2777, 547, 3463, 2613, 1184, 1096, 3249, 545, 3515, 3720,
                          1792, 3173, 2323, 487, 1327, 762, 3831, 1229, 926, 1486, 1379, 1188,
                          3465, 2095, 2612, 1794, 450, 3827, 3744, 924, 163, 2081, 1989, 1097,
                          1392, 1216, 3074, 2814, 1904, 1174, 3254, 3231, 2744, 1095, 1238,
                          2611, 1333, 2055, 272, 1332, 1391, 3228, 3872, 1944, 2082, 3347,
                          1173, 2657, 2986, 2405, 3200, 424, 690, 1686, 771, 1985, 1314, 2985,
                          162, 1147, 1250, 2981, 427, 637, 2774, 3296, 3192, 2988, 2552, 2749,
                          2558, 3375, 1606, 2780, 1236, 2973, 1393, 1166, 548, 729, 2609, 433,
                          1554, 755, 2993, 1959, 439, 2547, 2970, 1232, 1780, 1164, 930, 3758,
                          701, 2964, 2559, 2042, 292, 2996, 2280, 2963, 754, 2092, 3711, 1168,
                          1679, 1098, 440, 3467, 3760, 3187, 2556, 3352, 1247, 820, 3761, 1990,
                          1515, 2927, 2607, 769, 3434, 1340, 438, 2834, 1559, 3723, 1249, 2656,
                          1158, 3000, 1326, 2959, 2606, 1973, 3439, 1560, 2920, 1256, 827,
                          2553, 489, 3343, 814, 2605, 2039, 1325, 3003, 2958, 1243, 2335, 411,
                          1572, 1394, 671, 2038, 3355, 3342, 1254, 3791, 2344, 441, 2957, 3354,
                          409, 2604, 1252, 1116, 2096, 2282, 3792, 2663, 2784, 2658, 2406,
                          1117, 425, 3681, 977, 2198, 3201, 1148, 3004, 691, 2537, 1981, 1282,
                          2775, 3034, 1114, 3684, 3679, 1536, 2781, 3193, 2889, 2667, 2887,
                          2536, 549, 3006, 2751, 2954, 1115, 3790, 3686, 2885, 2603, 3678,
                          3724, 3100, 2883, 1603, 434, 363, 3763, 2219, 1113, 2882, 2670, 3677,
                          3680, 466, 2474, 1902, 2880, 1112, 2602, 3250, 1251, 1111
  Coordinates...........: (3.16255e+08,4.03484e+08)
  Semiminor axis........: 17749.80
  Semimajor axis........: 88748.98
  Angle (degrees).......: -60.00
  Shape.................: 5.00
  Time frame............: 2011-10-1_1 to 2011-10-1_3
  Number of cases.......: 4096
  Expected cases........: 14419.19
  Observed / expected...: 0.28
  Test statistic........: 5170.885994
