6.Location IDs included.: 3032, 1073, 688, 3189, 3197, 1080, 2745, 357, 2653, 430, 3519, 654,
                          421, 3720, 1353, 974, 3831, 1794, 689, 2625, 3198, 2624, 2094, 2627,
                          3190, 3211, 2095, 2654, 2746, 2402, 3872, 2688, 3463, 2501, 1554,
                          422, 431, 3173, 2621, 3868, 882, 729, 2620, 1145, 1486, 2777, 2618,
                          701, 2772, 3723, 3744, 545, 3464, 742, 3074, 2630, 1988, 1379, 546,
                          2616, 2744, 924, 2613, 2633, 1193, 1204, 3452, 1391, 3533, 1207,
                          1203, 1190, 2814, 1205, 3476, 487, 3572, 925, 1199, 1314, 136, 3033,
                          3199, 1214, 1179, 1081, 1075, 2655, 1095, 3191, 2612, 3530, 133,
                          1169, 2889, 2747, 2635, 423, 1786, 2887, 1212, 1185, 3375, 299, 432,
                          2885, 3228, 1392, 1211, 1184, 1146, 1096, 966, 2883, 2773, 3249,
                          1959, 614, 2323, 2611, 2882, 162, 888, 1327, 762, 3609, 1188, 2779,
                          2880, 292, 3465, 2082, 1225, 2081, 163, 1606, 547, 2879, 1989, 1174,
                          3515, 3187, 637, 1792, 648, 3254, 1904, 2547, 2055, 1229, 926, 1333,
                          2877, 3434, 2609, 1173, 272, 3827, 450, 3347, 2876, 754, 3235, 3758,
                          1973, 3296, 1216, 427, 1097, 2875, 771, 2556, 1166, 1393, 3231, 1238,
                          1679, 2874, 814, 3200, 690, 2986, 2985, 2042, 2657, 2558, 2981, 2405,
                          3192, 1780, 438, 424, 1332, 1164, 1944, 2749, 2872, 3064, 1985, 2607,
                          2973, 1147, 671, 433, 3760, 439, 2092, 1686, 1168, 2774, 2970, 2870,
                          1250, 2920, 2988, 2964, 2606, 769, 3352, 2780, 2963, 3354, 2552,
                          1515, 2280, 2869, 1236, 548, 3467, 1325, 2605, 2993, 1559, 3439,
                          1158, 1990, 755, 2867, 2784, 1232, 820, 930, 2834, 3342, 1560, 2039,
                          2559, 3355, 2864, 2996, 2959, 3711, 2656, 2536, 1098, 489, 409, 440,
                          736, 2038, 2604, 1247, 2958, 3761, 827, 3680, 2927, 2198, 1627, 1394,
                          1340, 1249, 2537, 2335, 2067, 1116, 2957, 3000, 1326, 2858, 1256,
                          3790, 1294, 2603, 1289, 2096, 3361, 1117, 2553, 1288, 3791, 457,
                          3343, 1114, 3174, 3365, 1243, 1981, 1286, 1296, 3003, 1902, 2602,
                          1115, 3870, 691, 3201, 3681, 411, 2658, 3034, 3100, 2406, 3679, 37,
                          2663, 1284, 2856, 2954, 425, 3193, 1572, 977, 1254, 2751, 1113, 1148,
                          1283, 3678, 466, 2601, 2775, 3457, 434, 3763, 2344, 1112, 1111, 3865,
                          3684, 441, 3677, 2854, 2667, 1252, 732, 2781, 3250, 1280, 549, 2538,
                          1274, 719, 38, 2282, 3792, 627, 3686, 3378, 1110, 1665, 3468, 731,
                          2670, 1282, 2950, 1603, 1609, 1279, 1991, 3004, 720, 2446, 2474,
                          1536, 181, 855, 1278, 2851, 2947
  Coordinates...........: (3.16247e+08,4.03486e+08)
  Semiminor axis........: 24046.72
  Semimajor axis........: 96186.87
  Angle (degrees).......: -60.00
  Shape.................: 4.00
  Time frame............: 2011-10-15_1 to 2011-10-15_3
  Number of cases.......: 5966
  Expected cases........: 18699.59
  Observed / expected...: 0.32
  Test statistic........: 5922.023773
