46.Location IDs included.: 101, 3265, 1810, 525, 2207, 1809, 2639, 603, 2640, 1811, 1808, 712,
                          1807, 3277, 1812, 2638, 2684, 54, 604, 1813, 57, 2881, 2637, 602,
                          3267, 3798, 3290, 426, 939, 1953, 543, 788, 2683, 601, 3269, 3780,
                          2636, 3289, 417, 2686, 634, 98, 3288, 2037, 3797, 326, 801, 1814,
                          789, 1906, 665, 796, 600, 2634, 289, 942, 1399, 62, 1711, 1704, 1710,
                          672, 3287, 216, 324, 799, 3044, 3499, 723, 724, 1265, 384, 3276,
                          3741, 790, 1120, 2743, 2960, 1709, 3779, 3796, 219, 727, 722, 1905,
                          3417, 14, 3721, 3112, 2742, 605, 3042, 3128, 452, 3627, 3549, 5, 721,
                          1815, 3638, 2740, 798, 803, 514, 2077, 791, 923, 2517, 2800, 1450,
                          793, 3131, 3127, 3306, 797, 794, 2690, 1449, 60, 599, 792, 1816, 556,
                          3212, 3286, 753, 2288, 3270, 994, 1431
  Coordinates...........: (3.16186e+08,4.03665e+08)
  Semiminor axis........: 9640.57
  Semimajor axis........: 38562.27
  Angle (degrees).......: -75.00
  Shape.................: 4.00
  Time frame............: 2011-10-6_22 to 2011-10-7_4
  Number of cases.......: 13072
  Expected cases........: 6193.64
  Observed / expected...: 2.11
  Test statistic........: 2886.988964
