33.Location IDs included.: 1166, 1393, 1780, 3296, 1164, 427, 2092, 1173, 1168, 2042, 3347,
                          3352, 3760, 2055, 1515, 1333, 769, 1559, 1174, 1158, 3758, 1679,
                          2609, 3254, 2607, 3439, 2834, 1560, 2959, 1990, 637, 2606, 489, 2081,
                          3467, 2082, 1989, 2958, 2039, 2605, 2963, 1188, 1394, 2611, 2964,
                          3355, 3465, 2038, 2957, 1392, 2970, 2604, 2323, 2096, 1327, 2612,
                          433, 2537, 1116, 1184, 1981, 487, 3249, 3354, 671, 2973, 2784, 1117,
                          2603, 814, 2536, 3677, 3250, 1114, 719, 1973, 3680, 434, 2954, 1185,
                          3468, 3678, 2613, 3434, 2749, 2067, 966, 1991, 2602, 2751, 1115, 457,
                          3187, 3100, 3763, 181, 3193, 1169, 2616, 3192, 292, 37, 1113, 3674,
                          2601, 432, 3679, 466, 1274, 1112, 1111, 490, 1959, 732, 3034, 1179,
                          1988, 2981, 38, 1786, 2538, 3673, 3375, 691
  Coordinates...........: (3.16235e+08,4.03532e+08)
  Semiminor axis........: 9905.09
  Semimajor axis........: 49525.46
  Angle (degrees).......: -48.00
  Shape.................: 5.00
  Time frame............: 2011-10-28_21 to 2011-10-29_3
  Number of cases.......: 11273
  Expected cases........: 22476.52
  Observed / expected...: 0.50
  Test statistic........: 3427.716593
