20.Location IDs included.: 742, 2630, 2772, 546, 1145, 3868, 2633, 422, 925, 2635, 2402, 2654,
                          1096, 2627, 762, 3198, 163, 614, 1211, 3609, 689, 1904, 1212, 1225,
                          133, 2501, 882, 3211, 3515, 2777, 974, 1214, 545, 1229, 421, 2625,
                          272, 3572, 2779, 1379, 3827, 3519, 547, 888, 2773, 1792, 924, 1146,
                          1205, 2653, 926, 1216, 2624, 299, 450, 2814, 771, 1080, 1203, 423,
                          1238, 1097, 1095, 3197, 3530, 3533, 3190, 3231, 1944, 2558, 3228,
                          2655, 688, 1332, 1204, 1250, 2746, 162, 1081, 1686, 3032, 439, 1193,
                          1236, 3199, 1606, 2552, 1073, 2688, 3452, 2280, 136, 1232, 2547,
                          3189, 755, 1207, 431, 3033, 820, 3711, 1794, 2559, 2745, 754, 1190,
                          1075, 2621, 440, 1247, 2556, 2656, 357, 3476, 3191, 2927, 1249, 2620,
                          438, 430, 827, 1199, 2747
  Coordinates...........: (3.16266e+08,4.03464e+08)
  Semiminor axis........: 9993.46
  Semimajor axis........: 49967.30
  Angle (degrees).......: -60.00
  Shape.................: 5.00
  Time frame............: 2011-10-28_23 to 2011-10-29_5
  Number of cases.......: 2605
  Expected cases........: 10410.27
  Observed / expected...: 0.25
  Test statistic........: 4197.981535
